0 0.0407444 -30.842 0 
1e+06 0.0138178 -66.3007 0.425552 
2e+06 0.0343472 -58.2573 0.848902 
3e+06 0.0378052 -30.4685 1.27246 
4e+06 0.0371921 -21.086 1.6963 
5e+06 0.046081 -18.33 2.12135 
6e+06 0.096284 -59.686 2.54622 
7e+06 0.0257615 -77.4464 2.9709 
8e+06 0.0363111 -132.735 3.39462 
9e+06 0.0568653 -87.0612 3.82108 
1e+07 0.0249215 -46.826 4.24658 
1.1e+07 0.0395649 -92.5412 4.67235 
1.2e+07 0.0276925 20.4033 5.09776 
1.3e+07 0.0260571 -81.1277 5.52379 
1.4e+07 0.0334683 -47.8916 5.94937 
1.5e+07 0.0289075 -51.767 6.37504 
1.6e+07 0.0167313 -6.40611 6.80083 
1.7e+07 0.0426302 -59.1827 7.22636 
1.8e+07 0.0256661 -57.1923 7.65207 
1.9e+07 0.0755173 -47.6813 8.07739 
2e+07 0.0113288 -17.8265 8.501 
2.1e+07 0.0592869 -60.3849 8.92356 
2.2e+07 0.0834671 -74.2233 9.34757 
2.3e+07 0.0885956 -69.2408 9.77148 
2.4e+07 0.0516869 -12.0422 10.1941 
2.5e+07 0.0598833 -82.5943 10.6185 
2.6e+07 0.0264407 -36.5242 11.0418 
2.7e+07 0.0423706 -56.8653 11.4661 
2.8e+07 0.0400258 -57.1846 11.8911 
2.9e+07 0.0695938 -67.655 12.3146 
3e+07 0.0244154 -26.3012 12.7374 
3.1e+07 0.0525545 -83.1091 13.1609 
3.2e+07 0.0295954 -27.3145 13.5867 
3.3e+07 0.0241291 -53.6378 14.0118 
3.4e+07 0.0108043 -49.4855 14.4347 
3.5e+07 0.041956 -75.0035 14.8573 
3.6e+07 0.0354505 -49.178 15.2796 
3.7e+07 0.0178463 -61.7409 15.702 
3.8e+07 0.0126617 -39.0814 16.1242 
3.9e+07 0.0245947 -24.3806 16.5465 
4e+07 0.024838 -83.9552 16.9689 
4.1e+07 0.0684065 -41.5904 17.3915 
4.2e+07 0.0746071 -32.9606 17.8142 
4.3e+07 0.0586611 -71.1365 18.2367 
4.4e+07 0.0713384 -10.8702 18.6592 
4.5e+07 0.0270352 -38.053 19.0816 
4.6e+07 0.017057 -34.1627 19.5044 
4.7e+07 0.0273979 -54.574 19.9271 
4.8e+07 0.0389208 -44.7535 20.3506 
4.9e+07 0.0230926 -53.1508 20.7751 
5e+07 0.0431965 -37.7211 21.1986 
5.1e+07 0.0353852 -0.901532 21.6223 
5.2e+07 0.0428579 -71.3619 22.0458 
5.3e+07 0.0654778 -28.6143 22.4699 
5.4e+07 0.0784417 -29.6471 22.8942 
5.5e+07 0.0345167 -1.67712 23.3183 
5.6e+07 0.0495134 -7.444 23.7411 
5.7e+07 0.0247965 -58.1355 24.1635 
5.8e+07 0.0287807 -29.4591 24.586 
5.9e+07 0.05387 -2.26066 25.0085 
6e+07 0.0306553 -24.9692 25.4311 
6.1e+07 0.0509579 -42.2584 25.8538 
6.2e+07 0.052744 -8.45948 26.2765 
6.3e+07 0.0311419 -36.7037 26.7004 
6.4e+07 0.0407256 -50.1939 27.1231 
6.5e+07 0.042945 -22.6189 27.5463 
6.6e+07 0.0621238 -51.7482 27.9705 
6.7e+07 0.0278417 -58.3121 28.394 
6.8e+07 0.0512668 -59.9058 28.818 
6.9e+07 0.0370663 -74.9632 29.2417 
7e+07 0.071136 -52.5079 29.6654 
7.1e+07 0.0427568 -53.2896 30.0907 
7.2e+07 0.063529 -86.4118 30.5164 
7.3e+07 0.0546475 -29.8018 30.9414 
7.4e+07 0.0673759 -14.2784 31.3671 
7.5e+07 0.0362652 -22.9814 31.7924 
7.6e+07 0.0449827 -17.4799 32.2179 
7.7e+07 0.0366535 -49.1673 32.6435 
7.8e+07 0.0586401 -55.3814 33.0687 
7.9e+07 0.0418486 -51.0836 33.4929 
8e+07 0.026407 -6.8685 33.9154 
8.1e+07 0.053883 -73.585 34.3383 
8.2e+07 0.0578447 -96.3517 34.7607 
8.3e+07 0.0520792 -69.0231 35.1839 
8.4e+07 0.00464416 -26.9038 35.6075 
8.5e+07 0.0844899 -50.0821 36.0315 
8.6e+07 0.0201265 -75.0534 36.4554 
8.7e+07 0.0714983 -66.3257 36.8792 
8.8e+07 0.0651942 -112.051 37.3032 
8.9e+07 0.0411394 -55.9784 37.7269 
9e+07 0.0504798 -58.944 38.1507 
9.1e+07 0.0482551 -23.2081 38.5734 
9.2e+07 0.0481225 -23.3419 38.9958 
9.3e+07 0.0479811 -20.5771 39.4209 
9.4e+07 0.0193623 -28.5964 39.8466 
9.5e+07 0.0275451 -65.6429 40.272 
9.6e+07 0.0724655 -73.7378 40.6959 
9.7e+07 0.0713671 -29.7856 41.1181 
9.8e+07 0.0152962 -32.6064 41.5405 
9.9e+07 0.0588199 -88.67 41.9629 
1e+08 0.030118 -21.0881 42.3855 
1.01e+08 0.0651688 -74.6841 42.8081 
1.02e+08 0.0387388 -43.9799 43.2303 
1.03e+08 0.0254327 -15.043 43.6528 
1.04e+08 0.04743 -41.9131 44.075 
1.05e+08 0.0308582 -76.6691 44.4976 
1.06e+08 0.0713229 -34.6825 44.92 
1.07e+08 0.0470293 -24.0297 45.3433 
1.08e+08 0.0536319 -61.1938 45.7672 
1.09e+08 0.091057 -70.3132 46.1905 
1.1e+08 0.0355808 -27.7574 46.6141 
1.11e+08 0.0537233 -60.4738 47.0377 
1.12e+08 0.0527564 -38.6161 47.4617 
1.13e+08 0.0767444 -44.7509 47.8858 
1.14e+08 0.0530567 -75.499 48.3099 
1.15e+08 0.0440668 -40.8377 48.7327 
1.16e+08 0.0476907 -56.7282 49.1552 
1.17e+08 0.0155101 -61.6085 49.5781 
1.18e+08 0.0608051 -47.6962 50.0006 
1.19e+08 0.0431795 -43.2401 50.4231 
1.2e+08 0.0471732 -63.4486 50.8477 
1.21e+08 0.0302695 -54.1768 51.2703 
1.22e+08 0.0531063 8.86851 51.6929 
1.23e+08 0.060548 -82.027 52.1153 
1.24e+08 0.0624097 -85.4183 52.5379 
1.25e+08 0.0379639 -73.6998 52.9605 
1.26e+08 0.0643602 -27.1114 53.3845 
1.27e+08 0.0371724 -41.8186 53.8077 
1.28e+08 0.0179123 -58.5403 54.2319 
1.29e+08 0.0496075 -48.1219 54.6556 
1.3e+08 0.0242328 -68.6015 55.0795 
1.31e+08 0.0289414 -82.1186 55.5034 
1.32e+08 0.0686482 -34.4686 55.9267 
1.33e+08 0.0427564 -47.4093 56.3492 
1.34e+08 0.0928307 -69.6765 56.7733 
1.35e+08 0.0344891 -50.3203 57.199 
1.36e+08 0.0491118 -79.5963 57.6247 
1.37e+08 0.0473748 -61.5819 58.0512 
1.38e+08 0.0380413 -63.8168 58.4771 
1.39e+08 0.0690758 -53.5095 58.9025 
1.4e+08 0.0663189 -50.8347 59.3278 
1.41e+08 0.0828557 -43.5123 59.7535 
1.42e+08 0.028408 -80.1043 60.1789 
1.43e+08 0.0459764 -58.9666 60.6041 
1.44e+08 0.0632825 -55.2066 61.0291 
1.45e+08 0.0436577 -15.5319 61.4513 
1.46e+08 0.036881 -64.9117 61.8738 
1.47e+08 0.0519505 -35.5664 62.2963 
1.48e+08 0.0402835 -27.7728 62.719 
1.49e+08 0.0426103 -48.6593 63.1427 
1.5e+08 0.0284162 -45.9575 63.5662 
1.51e+08 0.0527161 -31.1472 63.9898 
1.52e+08 0.0487513 -69.742 64.4138 
1.53e+08 0.0228982 -28.3964 64.8374 
1.54e+08 0.0557303 -41.0402 65.2613 
1.55e+08 0.0458418 -32.0559 65.6852 
1.56e+08 0.0282848 -31.796 66.1084 
1.57e+08 0.0559665 -72.6765 66.531 
1.58e+08 0.0642302 -39.5551 66.9534 
1.59e+08 0.059876 -86.9678 67.3758 
1.6e+08 0.0300863 -73.2139 67.7984 
1.61e+08 0.0333125 -13.4174 68.2218 
1.62e+08 0.0544253 -66.1161 68.6444 
1.63e+08 0.0131248 -32.7919 69.0668 
1.64e+08 0.0259814 -51.869 69.4891 
1.65e+08 0.0356927 -12.3025 69.9115 
1.66e+08 0.0499462 -13.1857 70.334 
1.67e+08 0.0552783 -96.0991 70.7564 
1.68e+08 0.0534508 -70.4768 71.1791 
1.69e+08 0.0588165 -50.917 71.6027 
1.7e+08 0.0801281 -43.2189 72.0271 
1.71e+08 0.0266299 -78.7541 72.451 
1.72e+08 0.0402503 -3.5745 72.8745 
1.73e+08 0.0226166 -35.885 73.2984 
1.74e+08 0.078926 -80.5669 73.7226 
1.75e+08 0.0377626 -49.7379 74.1463 
1.76e+08 0.0332888 -64.2514 74.572 
1.77e+08 0.0641944 -85.6728 74.9947 
1.78e+08 0.0262913 -23.4011 75.4174 
1.79e+08 0.0496163 -53.7292 75.8405 
1.8e+08 0.0172633 -39.0153 76.2657 
1.81e+08 0.0340147 -36.5853 76.6884 
1.82e+08 0.0333454 -73.3232 77.1106 
1.83e+08 0.0400867 -61.6144 77.5333 
1.84e+08 0.05232 -59.9182 77.9558 
1.85e+08 0.0263344 -57.482 78.3783 
1.86e+08 0.0693428 -72.7904 78.8008 
1.87e+08 0.0291695 -49.9744 79.223 
1.88e+08 0.0643383 -43.847 79.6457 
1.89e+08 0.0408439 -28.989 80.068 
1.9e+08 0.0294724 10.4725 80.492 
1.91e+08 0.0638831 -43.1164 80.9178 
1.92e+08 0.027471 -48.9692 81.3418 
1.93e+08 0.0567472 -83.4455 81.7652 
1.94e+08 0.0256926 -67.1669 82.189 
1.95e+08 0.0353405 -60.7907 82.6125 
1.96e+08 0.059274 -65.663 83.0364 
1.97e+08 0.0600294 -45.0024 83.4605 
1.98e+08 0.0434421 -57.4037 83.8853 
1.99e+08 0.0427146 -47.7422 84.3091 
2e+08 0.0500289 -56.5762 84.7318 
2.01e+08 0.0500235 -39.7879 85.1543 
2.02e+08 0.0236972 -54.9382 85.5769 
2.03e+08 0.0582422 -41.6387 85.9998 
2.04e+08 0.0367906 -69.5742 86.4237 
2.05e+08 0.0624127 -92.9879 86.8461 
2.06e+08 0.0603229 -80.7833 87.269 
2.07e+08 0.0501589 -81.896 87.693 
2.08e+08 0.0879701 -64.5788 88.1163 
2.09e+08 0.0639826 -43.2501 88.5405 
2.1e+08 0.0325623 -57.6462 88.964 
2.11e+08 0.0453637 -20.6909 89.388 
2.12e+08 0.0483334 -58.7669 89.8121 
2.13e+08 0.0406732 -86.2977 90.2356 
2.14e+08 0.0573273 -53.5813 90.6591 
2.15e+08 0.0496195 -54.0214 91.0817 
2.16e+08 0.041226 -84.3293 91.5043 
2.17e+08 0.058863 -82.4473 91.9268 
2.18e+08 0.0534883 -56.1192 92.3497 
2.19e+08 0.0629042 -18.6379 92.7734 
2.2e+08 0.047619 -43.5701 93.196 
2.21e+08 0.0367555 -58.9081 93.6186 
2.22e+08 0.0508114 -47.1783 94.0413 
2.23e+08 0.0391866 -38.5637 94.4648 
2.24e+08 0.0410208 -41.0254 94.8882 
2.25e+08 0.0406673 -57.2451 95.3121 
2.26e+08 0.0763543 -81.737 95.7357 
2.27e+08 0.0469785 -47.9832 96.1598 
2.28e+08 0.0406686 -55.8196 96.5835 
2.29e+08 0.0462019 -67.7211 97.0072 
2.3e+08 0.0269125 -42.3865 97.4307 
2.31e+08 0.0822766 -39.4306 97.8563 
2.32e+08 0.0316434 -90.7696 98.2806 
2.33e+08 0.0704281 -45.7626 98.703 
2.34e+08 0.0347714 -77.1858 99.1254 
2.35e+08 0.109399 -77.1073 99.5478 
2.36e+08 0.0580559 -70.724 99.9702 
2.37e+08 0.0453147 37.5568 100.393 
2.38e+08 0.060914 -62.4891 100.815 
2.39e+08 0.0524107 -74.9811 101.238 
2.4e+08 0.0441456 3.86891 101.66 
2.41e+08 0.0611871 -33.064 102.083 
2.42e+08 0.0464186 -55.7518 102.505 
2.43e+08 0.0281724 -77.0198 102.928 
2.44e+08 0.0354506 -83.0917 103.35 
2.45e+08 0.0432492 -55.6626 103.773 
2.46e+08 0.0586757 -32.2089 104.199 
2.47e+08 0.0481925 -55.3113 104.624 
2.48e+08 0.076 -48.1295 105.049 
2.49e+08 0.0283057 -44.6198 105.472 
2.5e+08 0.0318132 -57.4816 105.896 
2.51e+08 0.100398 -105.694 106.319 
2.52e+08 0.0507196 -29.4407 106.743 
2.53e+08 0.0481993 -45.2177 107.166 
2.54e+08 0.0886336 -49.9659 107.591 
2.55e+08 0.041462 -59.0368 108.014 
2.56e+08 0.0482902 -89.1549 108.439 
2.57e+08 0.0630282 -79.6591 108.863 
2.58e+08 0.060358 -17.6307 109.288 
2.59e+08 0.0358281 -66.6346 109.711 
2.6e+08 0.0408646 -32.524 110.134 
2.61e+08 0.0514785 -43.1555 110.556 
2.62e+08 0.086992 -73.4135 110.979 
2.63e+08 0.0213958 -6.41887 111.401 
2.64e+08 0.071389 -46.1597 111.823 
2.65e+08 0.0420235 -42.2944 112.246 
2.66e+08 0.0453451 -48.5508 112.668 
2.67e+08 0.0318133 -54.6005 113.09 
2.68e+08 0.0411201 -53.3583 113.513 
2.69e+08 0.0670335 -56.5717 113.935 
2.7e+08 0.036136 -30.4227 114.359 
2.71e+08 0.0360004 -75.3976 114.783 
2.72e+08 0.0378563 -12.1866 115.209 
2.73e+08 0.0531334 -82.104 115.634 
2.74e+08 0.0414142 -21.1654 116.057 
2.75e+08 0.0474156 -23.0179 116.481 
2.76e+08 0.0584788 -79.7152 116.905 
2.77e+08 0.0456137 -24.3938 117.329 
2.78e+08 0.0697476 -92.423 117.753 
2.79e+08 0.0859076 -61.0568 118.177 
2.8e+08 0.0646169 -71.699 118.601 
2.81e+08 0.0301086 -7.37118 119.025 
2.82e+08 0.0403163 -40.7562 119.449 
2.83e+08 0.0483199 -100.46 119.873 
2.84e+08 0.051399 -61.707 120.297 
2.85e+08 0.0851732 -99.7701 120.72 
2.86e+08 0.0418836 -33.3694 121.142 
2.87e+08 0.0523486 -81.2505 121.564 
2.88e+08 0.0556267 -57.1826 121.987 
2.89e+08 0.0758638 -64.1494 122.409 
2.9e+08 0.0333618 -40.7969 122.831 
2.91e+08 0.0486537 -75.8621 123.255 
2.92e+08 0.0422378 -62.8733 123.681 
2.93e+08 0.027023 -18.0159 124.104 
2.94e+08 0.102685 -26.3189 124.526 
2.95e+08 0.0528588 -67.3806 124.949 
2.96e+08 0.0757956 -74.0669 125.373 
2.97e+08 0.0283243 -39.7764 125.796 
2.98e+08 0.0334116 -15.1381 126.222 
2.99e+08 0.0341953 -43.672 126.647 
3e+08 0.0368329 -76.369 127.072 
3.01e+08 0.0338742 -67.2918 127.497 
3.02e+08 0.0302203 -2.38109 127.92 
3.03e+08 0.0709184 -50.9528 128.344 
3.04e+08 0.0180881 -60.4203 128.768 
3.05e+08 0.0282375 -94.2324 129.192 
3.06e+08 0.0476706 -65.3187 129.615 
3.07e+08 0.0244108 -54.7546 130.039 
3.08e+08 0.0530679 -30.6513 130.463 
3.09e+08 0.00585211 -40.6083 130.886 
3.1e+08 0.0601854 -66.9114 131.31 
3.11e+08 0.0475478 -21.8553 131.737 
3.12e+08 0.062896 -32.8218 132.162 
3.13e+08 0.0294935 -59.6552 132.586 
3.14e+08 0.0559969 -16.7796 133.008 
3.15e+08 0.0216194 -52.8318 133.431 
3.16e+08 0.0419285 -60.0351 133.853 
3.17e+08 0.0301552 -52.4992 134.276 
3.18e+08 0.0623154 -55.6325 134.698 
3.19e+08 0.0681474 -9.07001 135.121 
3.2e+08 0.0215979 -54.7754 135.543 
3.21e+08 0.0339427 -10.654 135.966 
3.22e+08 0.0295616 -99.885 136.389 
3.23e+08 0.0721743 -65.7259 136.815 
3.24e+08 0.0171927 -23.023 137.24 
3.25e+08 0.0408756 -33.5732 137.666 
3.26e+08 0.0631341 -62.0429 138.088 
3.27e+08 0.0686819 -47.7993 138.511 
3.28e+08 0.0518849 -101.046 138.935 
3.29e+08 0.029487 -24.9048 139.358 
3.3e+08 0.04609 -54.4254 139.782 
3.31e+08 0.0285791 -88.4029 140.206 
3.32e+08 0.0527452 -68.5425 140.63 
3.33e+08 0.0327711 -65.1396 141.054 
3.34e+08 0.0335376 -99.6697 141.477 
3.35e+08 0.0480809 -64.9768 141.9 
3.36e+08 0.0237441 -39.301 142.326 
3.37e+08 0.0285287 -66.182 142.751 
3.38e+08 0.0677202 -42.4101 143.177 
3.39e+08 0.0553592 -56.4837 143.602 
3.4e+08 0.0212219 -35.6961 144.025 
3.41e+08 0.0581056 -24.4522 144.448 
3.42e+08 0.0805001 -66.4025 144.87 
3.43e+08 0.0496335 -34.3363 145.293 
3.44e+08 0.0262303 -45.0449 145.715 
3.45e+08 0.051787 -56.2501 146.138 
3.46e+08 0.0542665 -66.7322 146.56 
3.47e+08 0.0303034 -81.3424 146.983 
3.48e+08 0.0749566 -66.302 147.405 
3.49e+08 0.0556143 -64.5155 147.829 
3.5e+08 0.0830297 -53.1451 148.255 
3.51e+08 0.0587977 -46.5257 148.677 
3.52e+08 0.0192427 -88.2729 149.099 
3.53e+08 0.0359089 -43.062 149.522 
3.54e+08 0.0443946 -47.9725 149.944 
3.55e+08 0.0380771 -57.5845 150.369 
3.56e+08 0.00763486 -75.8371 150.792 
3.57e+08 0.0485922 -41.0199 151.216 
3.58e+08 0.041466 -78.4604 151.64 
3.59e+08 0.0730933 -51.3169 152.064 
3.6e+08 0.0826157 -71.188 152.488 
3.61e+08 0.0360438 -91.2241 152.911 
3.62e+08 0.0292236 -50.7703 153.336 
3.63e+08 0.0698628 -40.4092 153.758 
3.64e+08 0.0423538 -69.3158 154.181 
3.65e+08 0.0529665 -80.7554 154.604 
3.66e+08 0.0629666 -88.0406 155.026 
3.67e+08 0.0531357 -63.456 155.45 
3.68e+08 0.0616043 -95.7009 155.873 
3.69e+08 0.00971465 -72.5085 156.295 
3.7e+08 0.0425709 -51.2294 156.718 
3.71e+08 0.0451915 -45.8731 157.14 
3.72e+08 0.0822813 -57.7536 157.563 
3.73e+08 0.0603769 -40.1533 157.985 
3.74e+08 0.042447 -58.7298 158.407 
3.75e+08 0.0690015 -85.1885 158.831 
3.76e+08 0.0594908 -72.1404 159.254 
3.77e+08 0.0561044 -48.5178 159.678 
3.78e+08 0.0619725 -84.6885 160.102 
3.79e+08 0.0430898 -54.6216 160.526 
3.8e+08 0.0549473 -42.7254 160.95 
3.81e+08 0.0693378 -28.3318 161.374 
3.82e+08 0.0431369 -36.2767 161.798 
3.83e+08 0.0355113 -64.2338 162.22 
3.84e+08 0.0686763 -14.7034 162.644 
3.85e+08 0.0318943 -55.0743 163.066 
3.86e+08 0.0672452 -55.0658 163.489 
3.87e+08 0.051868 -73.2575 163.911 
3.88e+08 0.0808324 -36.2337 164.334 
3.89e+08 0.055283 -36.1805 164.756 
3.9e+08 0.0716489 -56.1411 165.182 
3.91e+08 0.0428683 -25.9963 165.606 
3.92e+08 0.0367714 -56.0123 166.029 
3.93e+08 0.0458256 -29.2517 166.453 
3.94e+08 0.0365262 -90.938 166.877 
3.95e+08 0.0147888 -50.8919 167.302 
3.96e+08 0.0939641 -81.2048 167.726 
3.97e+08 0.0632443 -38.9198 168.15 
3.98e+08 0.0452018 -31.8226 168.573 
3.99e+08 0.0730967 -46.4402 168.997 
4e+08 0.0589425 -43.392 169.42 
4.01e+08 0.0578174 -46.495 169.845 
4.02e+08 0.0799417 -35.4023 170.268 
4.03e+08 0.0759009 -67.5373 170.692 
4.04e+08 0.0281173 -77.0113 171.116 
4.05e+08 0.0560354 -47.3076 171.541 
4.06e+08 0.0182314 -24.961 171.963 
4.07e+08 0.0268227 -67.1534 172.386 
4.08e+08 0.0361686 -46.4135 172.809 
4.09e+08 0.0412721 -53.8576 173.231 
4.1e+08 0.0445011 -69.7152 173.655 
4.11e+08 0.0243272 -72.1664 174.081 
4.12e+08 0.0586186 -10.0549 174.504 
4.13e+08 0.0487998 -31.6022 174.927 
4.14e+08 0.0543888 -76.1221 175.349 
4.15e+08 0.0437392 -27.1255 175.772 
4.16e+08 0.0277103 -79.3718 176.196 
4.17e+08 0.0658905 -75.7884 176.619 
4.18e+08 0.0233922 3.9686 177.044 
4.19e+08 0.05756 -96.1907 177.468 
4.2e+08 0.0230035 -33.6547 177.892 
4.21e+08 0.0368539 -59.4517 178.316 
4.22e+08 0.0560197 -59.0988 178.74 
4.23e+08 0.0530778 -25.411 179.164 
4.24e+08 0.0787449 -43.2868 179.588 
4.25e+08 0.047861 -44.851 180.011 
4.26e+08 0.0267384 -33.3369 180.434 
4.27e+08 0.0188777 -11.9796 180.858 
4.28e+08 0.0412584 -16.529 181.28 
4.29e+08 0.054279 -89.3703 181.702 
4.3e+08 0.00947201 -85.6871 182.125 
4.31e+08 0.0423225 -81.4351 182.548 
4.32e+08 0.0633398 -102.954 182.97 
4.33e+08 0.0679233 -65.6797 183.396 
4.34e+08 0.0573758 -69.0989 183.822 
4.35e+08 0.0455204 -37.1362 184.245 
4.36e+08 0.0659637 -24.0207 184.669 
4.37e+08 0.0615433 -53.2179 185.092 
4.38e+08 0.0280055 -81.5114 185.516 
4.39e+08 0.0520251 -50.9261 185.94 
4.4e+08 0.0463944 -3.77286 186.364 
4.41e+08 0.0905352 -16.0107 186.789 
4.42e+08 0.0496417 -31.2851 187.212 
4.43e+08 0.0992041 -83.4855 187.638 
4.44e+08 0.0372618 -36.979 188.061 
4.45e+08 0.0479342 -29.2796 188.483 
4.46e+08 0.0496838 -67.3115 188.907 
4.47e+08 0.0180865 -45.884 189.33 
4.48e+08 0.0667864 -77.9021 189.752 
4.49e+08 0.0579733 -50.4859 190.175 
4.5e+08 0.0354679 -63.7135 190.597 
4.51e+08 0.0520958 -31.3505 191.02 
4.52e+08 0.0598744 -41.2975 191.445 
4.53e+08 0.0483396 -63.1963 191.869 
4.54e+08 0.0687915 -65.7769 192.291 
4.55e+08 0.0303904 -66.9054 192.714 
4.56e+08 0.0223305 -62.9124 193.137 
4.57e+08 0.0528958 -51.6133 193.559 
4.58e+08 0.0406664 -109.674 193.982 
4.59e+08 0.0280484 -51.4995 194.404 
4.6e+08 0.0627809 -37.9211 194.826 
4.61e+08 0.0579945 -26.2047 195.249 
4.62e+08 0.0510292 -99.873 195.671 
4.63e+08 0.0483028 -67.0444 196.093 
4.64e+08 0.0413155 -61.4239 196.517 
4.65e+08 0.0584973 -100.279 196.941 
4.66e+08 0.0221768 -38.4317 197.366 
4.67e+08 0.0560614 -23.2545 197.79 
4.68e+08 0.0350614 -33.2366 198.214 
4.69e+08 0.0686237 -67.5214 198.638 
4.7e+08 0.0435309 -37.2982 199.062 
4.71e+08 0.0741066 -79.3246 199.486 
4.72e+08 0.0567274 -80.505 199.91 
4.73e+08 0.0508006 -21.6769 200.332 
4.74e+08 0.0260993 -35.0005 200.755 
4.75e+08 0.0341808 -53.4981 201.177 
4.76e+08 0.0485966 -96.6623 201.602 
4.77e+08 0.0354715 -13.9087 202.026 
4.78e+08 0.0915917 -66.4754 202.448 
4.79e+08 0.0811562 -37.5951 202.87 
4.8e+08 0.0644767 -0.20451 203.293 
4.81e+08 0.038146 -45.4726 203.715 
4.82e+08 0.0634854 -78.5297 204.138 
4.83e+08 0.0664242 -76.8447 204.561 
4.84e+08 0.0599384 -61.886 204.985 
4.85e+08 0.0250831 -47.5853 205.409 
4.86e+08 0.0636802 -22.505 205.832 
4.87e+08 0.0633449 -64.6458 206.256 
4.88e+08 0.0660551 -71.9563 206.68 
4.89e+08 0.0449471 -37.0987 207.104 
4.9e+08 0.0500824 -99.9519 207.528 
4.91e+08 0.0157012 -96.526 207.951 
4.92e+08 0.0222743 -67.0993 208.374 
4.93e+08 0.0387295 -30.7074 208.797 
4.94e+08 0.0713579 -42.3645 209.222 
4.95e+08 0.0396792 -19.61 209.647 
4.96e+08 0.0815841 -27.4756 210.072 
4.97e+08 0.0162306 -45.8879 210.498 
4.98e+08 0.0780881 -58.4752 210.924 
4.99e+08 0.0327098 -17.8977 211.35 
5e+08 0.0288864 -21.4184 211.775 
5.01e+08 0.00979361 -87.9788 212.201 
5.02e+08 0.0650534 -69.5914 212.624 
5.03e+08 0.0258135 -36.4618 213.047 
5.04e+08 0.0454391 -70.5481 213.47 
5.05e+08 0.0359307 -61.3552 213.893 
5.06e+08 0.0426599 -20.2576 214.316 
5.07e+08 0.0369941 -73.9877 214.739 
5.08e+08 0.0250665 -56.5742 215.164 
5.09e+08 0.0802502 -19.7958 215.588 
5.1e+08 0.0337718 -90.5234 216.012 
5.11e+08 0.0573686 -41.7647 216.436 
5.12e+08 0.052217 -95.0529 216.86 
5.13e+08 0.0422745 -61.4765 217.284 
5.14e+08 0.0357724 -90.3462 217.707 
5.15e+08 0.0467139 -46.284 218.13 
5.16e+08 0.0287294 -37.0672 218.553 
5.17e+08 0.0492009 -69.565 218.975 
5.18e+08 0.0946348 -51.196 219.398 
5.19e+08 0.0202326 -84.419 219.821 
5.2e+08 0.0426706 -74.1265 220.244 
5.21e+08 0.0594318 -53.6062 220.669 
5.22e+08 0.0674398 -44.9165 221.092 
5.23e+08 0.0318638 -32.7991 221.514 
5.24e+08 0.0534454 -67.502 221.936 
5.25e+08 0.0749484 -64.7729 222.359 
5.26e+08 0.0637038 -46.9897 222.781 
5.27e+08 0.0123421 -60.6278 223.205 
5.28e+08 0.071209 -83.054 223.629 
5.29e+08 0.00235941 -36.7695 224.052 
5.3e+08 0.0105242 -2.79327 224.476 
5.31e+08 0.0579099 -57.5501 224.9 
5.32e+08 0.0543688 -105.461 225.324 
5.33e+08 0.0514035 -70.5446 225.748 
5.34e+08 0.0868177 -70.1327 226.174 
5.35e+08 0.0478252 -76.2131 226.598 
5.36e+08 0.0331309 -35.1246 227.021 
5.37e+08 0.0368179 -62.0356 227.443 
5.38e+08 0.0535747 -108.694 227.866 
5.39e+08 0.0318976 -71.4382 228.288 
5.4e+08 0.0601544 -33.9549 228.71 
5.41e+08 0.0608256 -60.8617 229.133 
5.42e+08 0.026726 -28.6971 229.556 
5.43e+08 0.037522 -54.5164 229.978 
5.44e+08 0.0276626 -13.1687 230.401 
5.45e+08 0.0569335 -43.6657 230.823 
5.46e+08 0.0387052 -79.6724 231.245 
5.47e+08 0.0459855 -3.61388 231.668 
5.48e+08 0.0580428 -32.7613 232.09 
5.49e+08 0.0964357 -46.6092 232.513 
5.5e+08 0.0191824 -55.9901 232.935 
5.51e+08 0.0296846 -39.2701 233.357 
5.52e+08 0.0132815 -37.0471 233.781 
5.53e+08 0.0196407 -62.1204 234.206 
5.54e+08 0.0201299 -47.4385 234.632 
5.55e+08 0.0180591 -32.8513 235.056 
5.56e+08 0.0148768 -22.9135 235.479 
5.57e+08 0.0623731 -68.8276 235.903 
5.58e+08 0.0424616 -79.8831 236.327 
5.59e+08 0.0185754 -65.5663 236.751 
5.6e+08 0.040587 -19.0942 237.175 
5.61e+08 0.0251425 -60.9254 237.599 
5.62e+08 0.0516965 -50.0606 238.023 
5.63e+08 0.0442777 -25.6745 238.447 
5.64e+08 0.0408424 -59.166 238.872 
5.65e+08 0.0538391 -68.676 239.298 
5.66e+08 0.0328954 -62.2041 239.723 
5.67e+08 0.0531081 -57.8598 240.147 
5.68e+08 0.0347596 -60.3174 240.569 
5.69e+08 0.0683142 -42.0113 240.991 
5.7e+08 0.0469167 -31.7451 241.414 
5.71e+08 0.0730589 -70.3924 241.837 
5.72e+08 0.0943652 -64.746 242.259 
5.73e+08 0.0537784 -41.6316 242.682 
5.74e+08 0.0276223 -80.4084 243.104 
5.75e+08 0.05039 -55.1147 243.528 
5.76e+08 0.0726096 -73.1977 243.953 
5.77e+08 0.0460287 -61.9953 244.376 
5.78e+08 0.0736603 -84.775 244.798 
5.79e+08 0.0534704 -11.0145 245.221 
5.8e+08 0.0296446 -70.2105 245.643 
5.81e+08 0.0212443 -54.0105 246.065 
5.82e+08 0.0333047 -48.7601 246.488 
5.83e+08 0.00769595 -41.3881 246.913 
5.84e+08 0.0423689 -32.4588 247.337 
5.85e+08 0.074729 -60.2189 247.76 
5.86e+08 0.0354773 -58.0801 248.184 
5.87e+08 0.0376122 -86.5552 248.608 
5.88e+08 0.0597336 -68.7412 249.033 
5.89e+08 0.0400341 -43.8993 249.458 
5.9e+08 0.0588926 -41.6488 249.882 
5.91e+08 0.0534997 -85.2493 250.306 
5.92e+08 0.0473368 -63.6981 250.729 
5.93e+08 0.0769177 -56.497 251.152 
5.94e+08 0.018464 10.5716 251.575 
5.95e+08 0.0810668 -56.6228 251.998 
5.96e+08 0.039473 -63.8778 252.42 
5.97e+08 0.0974334 -57.8686 252.845 
5.98e+08 0.061911 -85.7677 253.271 
5.99e+08 0.0257896 -21.845 253.697 
6e+08 0.0439783 -43.4685 254.123 
6.01e+08 0.0513538 -44.9489 254.547 
6.02e+08 0.0516376 -58.4827 254.973 
6.03e+08 0.0689753 -43.2217 255.398 
6.04e+08 0.0436474 -68.0385 255.821 
6.05e+08 0.0641623 -57.6777 256.243 
6.06e+08 0.0430042 -96.4267 256.666 
6.07e+08 0.0699266 -75.0491 257.089 
6.08e+08 0.0410165 -63.0741 257.513 
6.09e+08 0.034259 -46.8448 257.938 
6.1e+08 0.0254006 -49.6828 258.362 
6.11e+08 0.0361044 -108.573 258.786 
6.12e+08 0.0779104 -60.3247 259.21 
6.13e+08 0.0610846 -27.9841 259.634 
6.14e+08 0.0297294 -11.3584 260.058 
6.15e+08 0.0592554 -61.4278 260.484 
6.16e+08 0.0259986 -26.3499 260.906 
6.17e+08 0.0405416 -85.064 261.33 
6.18e+08 0.0318919 -75.8577 261.754 
6.19e+08 0.026417 -22.3989 262.18 
6.2e+08 0.0577639 8.3111 262.604 
6.21e+08 0.0623581 -30.0343 263.027 
6.22e+08 0.0490415 -68.9674 263.449 
6.23e+08 0.0505073 -27.5964 263.871 
6.24e+08 0.0635323 -44.2635 264.294 
6.25e+08 0.0556743 -47.302 264.717 
6.26e+08 0.0477486 -37.3703 265.14 
6.27e+08 0.0515579 -10.3025 265.561 
6.28e+08 0.00937884 -63.9492 265.953 
6.29e+08 0.0760982 -61.4172 266.345 
6.3e+08 0.0646453 -45.0617 266.76 
6.31e+08 0.00711141 -19.1636 267.156 
6.32e+08 0.0634977 -33.6594 267.553 
6.33e+08 0.0599732 -66.8499 267.948 
6.34e+08 0.02756 -82.6594 268.34 
6.35e+08 0.0114996 -80.9943 268.743 
6.36e+08 0.0698905 -28.3477 269.153 
6.37e+08 0.0569914 -22.6324 269.549 
6.38e+08 0.0434559 -73.1183 269.941 
6.39e+08 0.0475484 -52.5101 270.333 
6.4e+08 0.029894 -71.2052 270.726 
6.41e+08 0.0247102 -68.0274 271.117 
6.42e+08 0.079976 -84.5 271.509 
6.43e+08 0.0194738 -61.2955 271.903 
6.44e+08 0.0389618 -47.099 272.297 
6.45e+08 0.0838825 -48.9095 272.691 
6.46e+08 0.0648296 -35.8167 273.085 
6.47e+08 0.0546967 -40.1177 273.48 
6.48e+08 0.0659354 -24.8864 273.874 
6.49e+08 0.0547723 -57.7117 274.268 
6.5e+08 0.0702078 -47.6572 274.666 
6.51e+08 0.0459669 -21.9095 275.06 
6.52e+08 0.034886 -43.8882 275.454 
6.53e+08 0.0240447 -60.223 275.845 
6.54e+08 0.0686962 -64.7278 276.237 
6.55e+08 0.0300008 -51.8194 276.629 
6.56e+08 0.0575348 -63.0509 277.021 
6.57e+08 0.0669852 -26.7814 277.415 
6.58e+08 0.0339185 -0.501157 277.809 
6.59e+08 0.0576919 -92.7544 278.201 
6.6e+08 0.0582032 -20.322 278.593 
6.61e+08 0.0746654 -5.65259 278.985 
6.62e+08 0.0715744 6.82087 279.378 
6.63e+08 0.057494 -59.1938 279.77 
6.64e+08 0.0205488 -84.4454 280.163 
6.65e+08 0.0390042 -46.0107 280.555 
6.66e+08 0.0428092 -38.7943 280.975 
6.67e+08 0.0297394 -35.9943 281.369 
6.68e+08 0.0303405 -27.5937 281.765 
6.69e+08 0.0769161 -50.2325 282.159 
6.7e+08 0.0191962 -90.197 282.55 
6.71e+08 0.0847574 -49.3481 282.946 
6.72e+08 0.0587618 -83.9036 283.339 
6.73e+08 0.0600145 -74.1311 283.73 
6.74e+08 0.0795538 -8.83556 284.122 
6.75e+08 0.0447366 -70.8084 284.517 
6.76e+08 0.0193695 -5.78794 284.922 
6.77e+08 0.0342788 -51.1974 285.318 
6.78e+08 0.0484414 -76.861 285.715 
6.79e+08 0.0841214 -65.328 286.111 
6.8e+08 0.0609993 -61.1296 286.506 
6.81e+08 0.0664086 -63.1639 286.898 
6.82e+08 0.0765105 -57.2105 287.29 
6.83e+08 0.032517 -55.8153 287.683 
6.84e+08 0.0466173 -40.2666 288.076 
6.85e+08 0.0515119 -76.9745 288.468 
6.86e+08 0.0450988 -62.676 288.864 
6.87e+08 0.0306822 -11.4675 289.257 
6.88e+08 0.0819316 -77.3567 289.651 
6.89e+08 0.0221267 -21.4737 290.045 
6.9e+08 0.0537788 -83.1145 290.438 
6.91e+08 0.02682 -86.9739 290.83 
6.92e+08 0.0283087 -0.20402 291.223 
6.93e+08 0.0420275 -29.8621 291.619 
6.94e+08 0.0304142 -34.9136 292.011 
6.95e+08 0.062498 -20.4579 292.403 
6.96e+08 0.050647 -52.9154 292.795 
6.97e+08 0.0463709 -51.8754 293.187 
6.98e+08 0.0389095 -55.212 293.582 
6.99e+08 0.0361798 -56.6869 293.975 
7e+08 0.0856349 -119.274 294.367 
7.01e+08 0.0549626 -67.9346 294.761 
7.02e+08 0.0458523 -56.8865 295.152 
7.03e+08 0.0177367 -17.1994 295.544 
7.04e+08 0.0194591 26.3273 295.938 
7.05e+08 0.0574463 -49.5545 296.331 
7.06e+08 0.0352354 -62.9399 296.735 
7.07e+08 0.0390032 -42.432 297.147 
7.08e+08 0.024349 -53.5008 297.548 
7.09e+08 0.0686869 -33.0214 297.94 
7.1e+08 0.0582275 -97.9982 298.334 
7.11e+08 0.0634495 -45.1928 298.729 
7.12e+08 0.0351652 -28.5021 299.123 
7.13e+08 0.0486791 -59.6766 299.516 
7.14e+08 0.0661626 -61.1575 299.908 
7.15e+08 0.0152932 -54.7201 300.3 
7.16e+08 0.0549086 -67.1381 300.693 
7.17e+08 0.0473352 -39.7384 301.097 
7.18e+08 0.0152706 -57.3757 301.492 
7.19e+08 0.0435169 -59.1419 301.885 
7.2e+08 0.0354701 -34.8407 302.277 
7.21e+08 0.0536633 -67.9352 302.671 
7.22e+08 0.0569261 -54.3037 303.066 
7.23e+08 0.0375401 -65.9549 303.459 
7.24e+08 0.040633 -68.4289 303.861 
7.25e+08 0.0421005 -45.3444 304.259 
7.26e+08 0.0427342 -98.7792 304.652 
7.27e+08 0.072562 -62.912 305.045 
7.28e+08 0.0547716 -23.0428 305.445 
7.29e+08 0.0601967 -42.8093 305.841 
7.3e+08 0.0278626 -39.348 306.236 
7.31e+08 0.0339591 -78.9175 306.633 
7.32e+08 0.0391382 -34.1776 307.026 
7.33e+08 0.0404719 -35.427 307.418 
7.34e+08 0.0491087 -42.4869 307.81 
7.35e+08 0.0279708 -39.2443 308.202 
7.36e+08 0.0555551 -35.7891 308.593 
7.37e+08 0.0531212 -51.6894 308.986 
7.38e+08 0.0218333 -25.3687 309.38 
7.39e+08 0.0190424 -54.6417 309.774 
7.4e+08 0.0433398 -63.5606 310.169 
7.41e+08 0.0882157 -5.49406 310.563 
7.42e+08 0.0326156 -102.379 310.964 
7.43e+08 0.057481 -50.8861 311.366 
7.44e+08 0.0729329 -79.0983 311.78 
7.45e+08 0.0757893 -9.76519 312.179 
7.46e+08 0.0363532 -69.3554 312.572 
7.47e+08 0.0463355 -68.764 312.963 
7.48e+08 0.0673206 -35.8391 313.355 
7.49e+08 0.0368404 -52.6581 313.747 
7.5e+08 0.0543312 -66.6755 314.138 
7.51e+08 0.0313392 -74.1173 314.531 
7.52e+08 0.0462956 -23.9463 314.923 
7.53e+08 0.0817475 -88.8272 315.315 
7.54e+08 0.0263066 -32.7345 315.706 
7.55e+08 0.0295217 -19.182 316.098 
7.56e+08 0.0379822 -71.5989 316.489 
7.57e+08 0.0463776 -29.8068 316.88 
7.58e+08 0.0220678 -42.85 317.271 
7.59e+08 0.0556139 -82.5473 317.666 
7.6e+08 0.0508028 -44.3448 318.058 
7.61e+08 0.0496781 -62.415 318.449 
7.62e+08 0.0432882 -85.7344 318.841 
7.63e+08 0.0757623 -49.5752 319.231 
7.64e+08 0.0469062 -51.1397 319.625 
7.65e+08 0.0835724 -95.3326 320.032 
7.66e+08 0.033015 -38.8093 320.422 
7.67e+08 0.051319 -82.1269 320.812 
7.68e+08 0.0330301 -45.1586 321.203 
7.69e+08 0.0633318 -84.1298 321.599 
7.7e+08 0.0365577 -97.0428 321.991 
7.71e+08 0.0298112 -48.4534 322.383 
7.72e+08 0.0411521 -94.572 322.776 
7.73e+08 0.059841 -43.87 323.167 
7.74e+08 0.0490643 -89.8632 323.563 
7.75e+08 0.0595268 -89.7503 323.963 
7.76e+08 0.0492058 -61.0961 324.355 
7.77e+08 0.0828338 -34.5886 324.746 
7.78e+08 0.0997321 -68.2666 325.139 
7.79e+08 0.0582471 -56.9012 325.535 
7.8e+08 0.0263075 -63.4635 325.928 
7.81e+08 0.0316522 -73.2355 326.32 
7.82e+08 0.0685827 -66.1346 326.712 
7.83e+08 0.0677401 -50.3215 327.103 
7.84e+08 0.00984722 -72.2524 327.494 
7.85e+08 0.0419236 -21.818 327.895 
7.86e+08 0.0436129 -67.8433 328.293 
7.87e+08 0.0609757 -65.6741 328.69 
7.88e+08 0.048938 -67.1375 329.088 
7.89e+08 0.0295445 -28.8109 329.485 
7.9e+08 0.078363 -86.8618 329.9 
7.91e+08 0.032291 -85.7155 330.302 
7.92e+08 0.055801 -50.7803 330.693 
7.93e+08 0.0252393 -59.2261 331.085 
7.94e+08 0.0365333 -50.2022 331.476 
7.95e+08 0.00928434 -35.2316 331.875 
7.96e+08 0.0562703 -67.9934 332.266 
7.97e+08 0.0427928 -44.4521 332.659 
7.98e+08 0.0324822 -46.6792 333.051 
7.99e+08 0.0677631 -56.2408 333.442 
8e+08 0.0402132 -40.627 333.839 
8.01e+08 0.0685491 -79.7702 334.23 
8.02e+08 0.0514711 -8.42616 334.629 
8.03e+08 0.0398012 -44.0597 335.02 
8.04e+08 0.0456101 -50.0376 335.411 
8.05e+08 0.0599596 -40.1544 335.802 
8.06e+08 0.0877547 -20.507 336.193 
8.07e+08 0.0410502 -27.4917 336.585 
8.08e+08 0.0395145 -41.2444 336.98 
8.09e+08 0.0258632 -34.4538 337.376 
8.1e+08 0.0153423 -92.4492 337.776 
8.11e+08 0.0206608 -92.1308 338.176 
8.12e+08 0.0314493 -22.6056 338.568 
8.13e+08 0.0619497 -71.2323 338.96 
8.14e+08 0.0579754 -56.3862 339.352 
8.15e+08 0.0752105 -77.2329 339.743 
8.16e+08 0.0631459 -9.04822 340.136 
8.17e+08 0.0891129 -66.037 340.528 
8.18e+08 0.0295151 -48.3482 340.918 
8.19e+08 0.0342242 -12.7879 341.309 
8.2e+08 0.0612939 -56.5686 341.707 
8.21e+08 0.066844 -56.8147 342.098 
8.22e+08 0.0398957 -52.7571 342.489 
8.23e+08 0.0578796 -76.0945 342.882 
8.24e+08 0.0566003 -59.4002 343.272 
8.25e+08 0.0515104 -53.2551 343.663 
8.26e+08 0.039414 -84.2716 344.057 
8.27e+08 0.0534342 -61.542 344.451 
8.28e+08 0.0366161 -50.2145 344.843 
8.29e+08 0.0207329 -16.1465 345.234 
8.3e+08 0.0491568 -51.4663 345.637 
8.31e+08 0.0477295 -77.5794 346.043 
8.32e+08 0.040005 -37.5852 346.433 
8.33e+08 0.0407421 -28.4093 346.837 
8.34e+08 0.0429032 -17.0559 347.232 
8.35e+08 0.0677685 -62.5803 347.625 
8.36e+08 0.0405557 -42.377 348.017 
8.37e+08 0.0633583 -48.7785 348.409 
8.38e+08 0.048699 -63.7654 348.8 
8.39e+08 0.0331058 -55.7636 349.193 
8.4e+08 0.0949911 -97.1618 349.59 
8.41e+08 0.0429789 -22.8026 349.982 
8.42e+08 0.0688954 -63.4575 350.373 
8.43e+08 0.0906373 -53.5756 350.766 
8.44e+08 0.0291811 6.63772 351.156 
8.45e+08 0.0400523 -56.6743 351.547 
8.46e+08 0.0515753 -60.4707 351.938 
8.47e+08 0.0671177 -104.879 352.33 
8.48e+08 0.0233664 -39.1405 352.721 
8.49e+08 0.00724 -25.3394 353.113 
8.5e+08 0.0378027 -68.4205 353.509 
8.51e+08 0.0180569 -40.9947 353.902 
8.52e+08 0.0394866 -45.6715 354.294 
8.53e+08 0.0257572 -64.4408 354.686 
8.54e+08 0.0446526 -68.0594 355.078 
8.55e+08 0.0308148 -104.962 355.47 
8.56e+08 0.0392024 -42.8798 355.862 
8.57e+08 0.0361281 -44.6287 356.253 
8.58e+08 0.0451137 -51.6037 356.644 
8.59e+08 0.0410624 -50.1689 357.034 
8.6e+08 0.0560429 -56.3183 357.425 
8.61e+08 0.0479004 -28.8847 357.818 
8.62e+08 0.0359835 -5.69841 358.21 
8.63e+08 0.034028 -39.0325 358.601 
8.64e+08 0.0686415 -62.2831 358.996 
8.65e+08 0.0571729 -52.5355 359.387 
8.66e+08 0.052809 -15.5241 359.78 
8.67e+08 0.0254797 -67.0031 360.175 
8.68e+08 0.0305576 -43.6071 360.568 
8.69e+08 0.0206065 -33.0558 360.973 
8.7e+08 0.0710179 -53.0866 361.367 
8.71e+08 0.0420157 -36.708 361.774 
8.72e+08 0.069949 -67.0035 362.186 
8.73e+08 0.0197505 -57.2998 362.581 
8.74e+08 0.0478474 -61.6891 362.972 
8.75e+08 0.0361092 -30.367 363.364 
8.76e+08 0.0621546 -70.3145 363.756 
8.77e+08 0.0344345 -7.83959 364.149 
8.78e+08 0.0532213 -22.0082 364.541 
8.79e+08 0.0500715 -58.7718 364.934 
8.8e+08 0.0599777 -36.7862 365.328 
8.81e+08 0.0428649 -49.3514 365.723 
8.82e+08 0.0190389 -47.5563 366.116 
8.83e+08 0.0592746 -47.0216 366.51 
8.84e+08 0.0352055 -48.0052 366.906 
8.85e+08 0.035547 -43.8603 367.303 
8.86e+08 0.0567694 -38.7205 367.695 
8.87e+08 0.067426 -27.6281 368.088 
8.88e+08 0.0163604 -54.0283 368.481 
8.89e+08 0.0308596 -38.7111 368.873 
8.9e+08 0.0580282 -43.1946 369.265 
8.91e+08 0.0263501 -31.804 369.656 
8.92e+08 0.0384383 -46.6049 370.048 
8.93e+08 0.00908875 -45.8906 370.439 
8.94e+08 0.0205598 -12.601 370.83 
8.95e+08 0.0510725 -54.0246 371.234 
8.96e+08 0.0229661 -24.8603 371.626 
8.97e+08 0.0520239 -54.1948 372.019 
8.98e+08 0.0253425 -65.3903 372.411 
8.99e+08 0.0201051 -48.6956 372.803 
9e+08 0.0147311 -29.1227 373.194 
9.01e+08 0.03603 -16.2712 373.587 
9.02e+08 0.051228 -78.8201 373.977 
9.03e+08 0.0250158 -24.6698 374.368 
9.04e+08 0.05109 -49.1181 374.76 
9.05e+08 0.0314458 -23.9878 375.152 
9.06e+08 0.0649989 -56.7038 375.548 
9.07e+08 0.0577375 -88.903 375.956 
9.08e+08 0.0440727 -70.8359 376.349 
9.09e+08 0.0389855 -53.4768 376.741 
9.1e+08 0.085218 -102.628 377.133 
9.11e+08 0.0627854 -50.0994 377.526 
9.12e+08 0.054288 -45.1741 377.919 
9.13e+08 0.0690718 -17.5026 378.311 
9.14e+08 0.0390236 -40.0303 378.708 
9.15e+08 0.0338546 -54.5784 379.104 
9.16e+08 0.0206152 -21.04 379.497 
9.17e+08 0.0733584 -50.6724 379.888 
9.18e+08 0.0405394 -38.2646 380.28 
9.19e+08 0.0340628 -63.72 380.671 
9.2e+08 0.045117 -19.9498 381.063 
9.21e+08 0.0341086 -24.2721 381.459 
9.22e+08 0.0298599 4.41994 381.853 
9.23e+08 0.0565662 -22.5324 382.243 
9.24e+08 0.0702858 -54.024 382.635 
9.25e+08 0.062636 -32.5541 383.025 
9.26e+08 0.0565057 -47.8164 383.416 
9.27e+08 0.0662523 -26.9917 383.806 
9.28e+08 0.06657 -23.6383 384.198 
9.29e+08 0.0741811 -63.156 384.589 
9.3e+08 0.0269045 -46.9616 384.982 
9.31e+08 0.00999974 -37.5981 385.373 
9.32e+08 0.0309094 -57.0897 385.768 
9.33e+08 0.0628826 -49.6602 386.159 
9.34e+08 0.0571135 -75.3096 386.551 
9.35e+08 0.0652442 -39.6123 386.942 
9.36e+08 0.0136707 -46.0799 387.334 
9.37e+08 0.0554457 -89.3983 387.724 
9.38e+08 0.0235339 -67.8042 388.117 
9.39e+08 0.05657 -13.5931 388.508 
9.4e+08 0.0496482 -59.8284 388.898 
9.41e+08 0.0385891 -50.2393 389.289 
9.42e+08 0.0592644 -75.332 389.681 
9.43e+08 0.0725468 -52.0153 390.072 
9.44e+08 0.0409386 -43.2277 390.462 
9.45e+08 0.075797 -38.4118 390.853 
9.46e+08 0.0677949 -103.807 391.246 
9.47e+08 0.0680322 -67.8103 391.637 
9.48e+08 0.0193863 -89.1929 392.029 
9.49e+08 0.0563228 -80.0199 392.423 
9.5e+08 0.0663834 -71.3646 392.817 
9.51e+08 0.031395 -75.0927 393.21 
9.52e+08 0.0612675 -24.6115 393.607 
9.53e+08 0.0741973 -62.1771 393.999 
9.54e+08 0.0366056 -34.7965 394.391 
9.55e+08 0.0723819 -43.0874 394.782 
9.56e+08 0.0558803 -67.6815 395.174 
9.57e+08 0.0649792 -40.7491 395.565 
9.58e+08 0.0522575 -34.2367 395.989 
9.59e+08 0.0460094 -53.4355 396.413 
9.6e+08 0.0388045 -78.8417 396.816 
9.61e+08 0.0496231 -45.4357 397.208 
9.62e+08 0.030593 -83.0749 397.602 
9.63e+08 0.0264704 -56.8849 397.994 
9.64e+08 0.0592263 -75.2176 398.384 
9.65e+08 0.0312826 -46.1435 398.775 
9.66e+08 0.061582 -43.3391 399.165 
9.67e+08 0.03982 -90.3551 399.555 
9.68e+08 0.0819063 -48.8954 399.946 
9.69e+08 0.0322008 -78.4774 400.338 
9.7e+08 0.0294988 -111.379 400.729 
9.71e+08 0.0590609 -48.5718 401.119 
9.72e+08 0.0519721 -5.44704 401.513 
9.73e+08 0.0424568 -47.5703 401.903 
9.74e+08 0.0269169 -57.0532 402.294 
9.75e+08 0.0222632 -27.6784 402.685 
9.76e+08 0.0966653 -100.452 403.076 
9.77e+08 0.012967 -104.185 403.466 
9.78e+08 0.0539348 -93.1361 403.857 
9.79e+08 0.0174039 -55.1658 404.251 
9.8e+08 0.0727942 -58.2342 404.643 
9.81e+08 0.0150599 -46.0478 405.036 
9.82e+08 0.0278577 -42.1665 405.428 
9.83e+08 0.0467 -67.6932 405.82 
9.84e+08 0.0360501 -72.6767 406.211 
9.85e+08 0.0414679 -63.7257 406.603 
9.86e+08 0.0314478 -63.8185 406.994 
9.87e+08 0.0352382 -78.043 407.386 
9.88e+08 0.0764887 -50.9601 407.778 
9.89e+08 0.0374398 -44.4474 408.171 
9.9e+08 0.0184255 -74.3651 408.561 
9.91e+08 0.0542336 -7.40419 408.951 
9.92e+08 0.0468027 -51.3276 409.345 
9.93e+08 0.0246441 -49.5255 409.744 
9.94e+08 0.0434326 -20.1226 410.138 
9.95e+08 0.0275099 -27.0064 410.531 
9.96e+08 0.0166189 -56.6797 410.922 
9.97e+08 0.0661642 -15.5892 411.315 
9.98e+08 0.0301064 -14.543 411.707 
9.99e+08 0.0235025 -36.9271 412.098 
1e+09 0.0256304 -42.3354 412.491 
