0 0.0448877 17.5281 0 
1e+06 0.0421441 -38.3228 0.42405 
2e+06 0.0547132 -68.768 0.848261 
3e+06 0.0537125 -65.974 1.27229 
4e+06 0.0269643 -16.6949 1.69645 
5e+06 0.0123706 -10.8742 2.12039 
6e+06 0.0731099 -10.0902 2.54426 
7e+06 0.0463234 -37.3536 2.96806 
8e+06 0.0287838 -85.496 3.39162 
9e+06 0.0310346 -68.1994 3.81527 
1e+07 0.0325086 -49.8565 4.23913 
1.1e+07 0.0270893 -38.5262 4.66252 
1.2e+07 0.0413299 -19.1558 5.08677 
1.3e+07 0.0599168 -7.68793 5.51133 
1.4e+07 0.0590433 -96.1029 5.93479 
1.5e+07 0.0308255 -24.1376 6.35858 
1.6e+07 0.0410443 -33.5078 6.78226 
1.7e+07 0.0418214 -50.6019 7.20574 
1.8e+07 0.023245 -105.535 7.63002 
1.9e+07 0.0398115 -27.4493 8.05387 
2e+07 0.0595968 -76.0296 8.47795 
2.1e+07 0.0783359 -69.7137 8.90144 
2.2e+07 0.0945621 -58.5426 9.32564 
2.3e+07 0.054857 -16.3411 9.74989 
2.4e+07 0.0316914 -74.9717 10.1743 
2.5e+07 0.0625074 -65.2936 10.5979 
2.6e+07 0.0395237 -36.4324 11.0227 
2.7e+07 0.0755456 -53.4433 11.4474 
2.8e+07 0.0503481 -75.4254 11.8708 
2.9e+07 0.0327926 -64.4829 12.2949 
3e+07 0.0306792 -56.2832 12.719 
3.1e+07 0.0544546 -60.4597 13.1429 
3.2e+07 0.0412031 14.5095 13.5664 
3.3e+07 0.0509634 -36.4132 13.9895 
3.4e+07 0.0199174 -46.0184 14.4128 
3.5e+07 0.0257631 -49.1919 14.8356 
3.6e+07 0.0557704 -30.7314 15.2586 
3.7e+07 0.0251038 -42.958 15.6824 
3.8e+07 0.0637013 -19.069 16.1052 
3.9e+07 0.0443727 -31.5568 16.528 
4e+07 0.0636419 -59.7092 16.9505 
4.1e+07 0.0506213 -69.0188 17.3738 
4.2e+07 0.0330219 -58.3372 17.7973 
4.3e+07 0.0192708 -51.1908 18.2205 
4.4e+07 0.0478604 -24.3976 18.6436 
4.5e+07 0.00780333 -7.38181 19.0667 
4.6e+07 0.0276161 -64.4547 19.4902 
4.7e+07 0.055913 -63.5116 19.9132 
4.8e+07 0.024544 -61.131 20.3367 
4.9e+07 0.0408032 -55.2483 20.7604 
5e+07 0.0191459 -42.2929 21.1832 
5.1e+07 0.0392373 -103.666 21.6061 
5.2e+07 0.0520512 -89.4658 22.0302 
5.3e+07 0.0506402 -48.9672 22.4528 
5.4e+07 0.0296661 -53.0203 22.8771 
5.5e+07 0.0690399 -85.7593 23.3 
5.6e+07 0.00765957 -39.7058 23.724 
5.7e+07 0.0226916 -28.6119 24.1476 
5.8e+07 0.0373656 -50.1433 24.5703 
5.9e+07 0.0277578 -20.1086 24.9934 
6e+07 0.0411074 -56.9285 25.4173 
6.1e+07 0.0150103 -40.161 25.8401 
6.2e+07 0.0379605 -17.3924 26.2628 
6.3e+07 0.0247423 -23.5118 26.6862 
6.4e+07 0.0525065 -41.9672 27.1096 
6.5e+07 0.0417995 -112.598 27.5329 
6.6e+07 0.0164287 -34.0217 27.9568 
6.7e+07 0.0374846 -60.4515 28.3807 
6.8e+07 0.0485164 -22.4207 28.8045 
6.9e+07 0.053669 -98.7841 29.2289 
7e+07 0.0192696 -74.1321 29.6529 
7.1e+07 0.0624633 -7.4796 30.0764 
7.2e+07 0.0253898 -39.9521 30.5 
7.3e+07 0.0355163 -56.3198 30.9235 
7.4e+07 0.0509429 -38.9426 31.3474 
7.5e+07 0.0794065 -44.6659 31.7714 
7.6e+07 0.0279185 -15.3031 32.1951 
7.7e+07 0.0515 -65.3191 32.6186 
7.8e+07 0.0125333 -49.4339 33.0427 
7.9e+07 0.0386465 -66.2455 33.4666 
8e+07 0.0596297 -69.9633 33.8902 
8.1e+07 0.0293253 -17.2739 34.3142 
8.2e+07 0.0282491 -32.6811 34.7383 
8.3e+07 0.0789938 -56.8148 35.1624 
8.4e+07 0.0882007 -69.6047 35.5859 
8.5e+07 0.0413697 -39.0448 36.0101 
8.6e+07 0.0136601 -36.1912 36.4342 
8.7e+07 0.0276761 -47.519 36.8583 
8.8e+07 0.0438577 -46.492 37.2822 
8.9e+07 0.0626439 -45.2681 37.7061 
9e+07 0.0334791 -74.7326 38.1293 
9.1e+07 0.07387 -52.1764 38.5527 
9.2e+07 0.0478596 -67.154 38.977 
9.3e+07 0.0562554 -25.1705 39.401 
9.4e+07 0.0289872 -57.7507 39.8249 
9.5e+07 0.0575206 -42.7137 40.2491 
9.6e+07 0.0547476 -55.5152 40.6727 
9.7e+07 0.0366175 -21.692 41.0967 
9.8e+07 0.0613353 -47.6741 41.5203 
9.9e+07 0.0291739 -54.9282 41.9442 
1e+08 0.0661087 -32.9233 42.3683 
1.01e+08 0.0443441 -68.8896 42.792 
1.02e+08 0.0345397 -40.3816 43.2161 
1.03e+08 0.0389276 -42.4877 43.6402 
1.04e+08 0.0603245 -38.7635 44.0647 
1.05e+08 0.0926896 -24.2048 44.4884 
1.06e+08 0.0497432 -99.5432 44.9127 
1.07e+08 0.0806257 -82.7639 45.3368 
1.08e+08 0.0114766 -57.3615 45.7613 
1.09e+08 0.0537917 -37.1858 46.1856 
1.1e+08 0.0469325 -55.5947 46.6094 
1.11e+08 0.0209606 -48.2503 47.0328 
1.12e+08 0.0214502 -70.1558 47.4568 
1.13e+08 0.0588956 -72.2236 47.88 
1.14e+08 0.0241762 -51.5462 48.3037 
1.15e+08 0.0373072 -45.4811 48.7272 
1.16e+08 0.0739364 -26.3412 49.1505 
1.17e+08 0.0519911 -45.1623 49.5746 
1.18e+08 0.0457802 -22.749 49.9981 
1.19e+08 0.0142572 -17.4089 50.4216 
1.2e+08 0.0382734 -33.7454 50.8449 
1.21e+08 0.0223787 -29.0245 51.2685 
1.22e+08 0.0446292 -28.7551 51.692 
1.23e+08 0.0738277 -51.3464 52.1153 
1.24e+08 0.0459929 -70.8142 52.539 
1.25e+08 0.0523226 10.777 52.9626 
1.26e+08 0.0154397 -59.8711 53.3864 
1.27e+08 0.0353035 -76.5246 53.81 
1.28e+08 0.0571412 -29.295 54.2337 
1.29e+08 0.0155689 -41.4446 54.6574 
1.3e+08 0.0462249 -42.0818 55.0809 
1.31e+08 0.0306528 -77.404 55.5046 
1.32e+08 0.0206333 -44.221 55.9283 
1.33e+08 0.0126023 -63.6375 56.3521 
1.34e+08 0.0524437 -49.8279 56.7762 
1.35e+08 0.0524396 -43.5938 57.1999 
1.36e+08 0.0525124 -69.192 57.6235 
1.37e+08 0.027077 -24.6577 58.0473 
1.38e+08 0.0280863 -30.9012 58.472 
1.39e+08 0.0482443 -55.6154 58.8958 
1.4e+08 0.0423669 -79.7856 59.3193 
1.41e+08 0.0420557 -43.977 59.7432 
1.42e+08 0.0472119 -59.5005 60.1671 
1.43e+08 0.0517839 -96.8719 60.5911 
1.44e+08 0.0529472 -70.2768 61.0147 
1.45e+08 0.045251 -28.8114 61.4384 
1.46e+08 0.0478948 -18.5185 61.8618 
1.47e+08 0.0283063 -5.8432 62.2855 
1.48e+08 0.0614213 -15.0692 62.7092 
1.49e+08 0.0419218 -48.9687 63.1331 
1.5e+08 0.0415046 -39.2796 63.5571 
1.51e+08 0.0532089 -72.297 63.9811 
1.52e+08 0.0204779 -8.47836 64.4049 
1.53e+08 0.0572729 -27.9896 64.8286 
1.54e+08 0.0412802 -19.8616 65.2522 
1.55e+08 0.0650064 -28.9246 65.6757 
1.56e+08 0.0631789 -78.836 66.0996 
1.57e+08 0.0284073 -39.9582 66.5233 
1.58e+08 0.0383418 -10.0515 66.9467 
1.59e+08 0.0281712 -20.275 67.3703 
1.6e+08 0.0312547 -79.8512 67.7935 
1.61e+08 0.0381615 -92.4365 68.2171 
1.62e+08 0.0683182 -62.0579 68.6408 
1.63e+08 0.00843989 -5.35485 69.0641 
1.64e+08 0.0592322 -72.0997 69.4876 
1.65e+08 0.0831261 -84.8991 69.9115 
1.66e+08 0.0321729 -55.9651 70.335 
1.67e+08 0.057576 -3.96393 70.7587 
1.68e+08 0.00607336 -58.8571 71.1823 
1.69e+08 0.0669957 -78.7387 71.6069 
1.7e+08 0.0353516 -64.9794 72.0308 
1.71e+08 0.0513618 -60.8952 72.4537 
1.72e+08 0.0608169 -54.2013 72.8774 
1.73e+08 0.0701736 -39.1726 73.3003 
1.74e+08 0.0520462 -43.7209 73.7235 
1.75e+08 0.0621561 -39.1813 74.1473 
1.76e+08 0.0247757 -50.665 74.5715 
1.77e+08 0.0422871 -69.4409 74.9953 
1.78e+08 0.0478141 -59.27 75.4197 
1.79e+08 0.05289 -85.8787 75.8434 
1.8e+08 0.0409995 -53.3723 76.2676 
1.81e+08 0.051431 -34.8409 76.6917 
1.82e+08 0.0277123 -20.6624 77.1159 
1.83e+08 0.0650841 -15.6368 77.5397 
1.84e+08 0.0643484 -53.4294 77.9641 
1.85e+08 0.0166793 -69.5175 78.3882 
1.86e+08 0.0293993 -46.7297 78.8123 
1.87e+08 0.0284273 -39.2093 79.2364 
1.88e+08 0.0697881 -55.9758 79.6608 
1.89e+08 0.0507029 -57.1855 80.0854 
1.9e+08 0.0460413 -64.701 80.509 
1.91e+08 0.0351619 -62.8412 80.9341 
1.92e+08 0.064467 -50.962 81.3579 
1.93e+08 0.0292478 -54.4666 81.7812 
1.94e+08 0.0291537 -48.4263 82.2057 
1.95e+08 0.0493249 -31.7495 82.63 
1.96e+08 0.0702955 -79.272 83.0538 
1.97e+08 0.0420495 -100.408 83.4781 
1.98e+08 0.0795781 -44.0167 83.9011 
1.99e+08 0.0425171 -60.966 84.3249 
2e+08 0.0562932 -50.4774 84.7487 
2.01e+08 0.0338277 -52.2814 85.1725 
2.02e+08 0.0347168 -76.4008 85.5961 
2.03e+08 0.0999988 -71.8314 86.0204 
2.04e+08 0.0591744 -83.2774 86.4445 
2.05e+08 0.0467881 -29.0323 86.8684 
2.06e+08 0.0599312 -54.131 87.2928 
2.07e+08 0.0332719 -54.6751 87.7168 
2.08e+08 0.0320707 -38.7412 88.141 
2.09e+08 0.0265797 -58.4705 88.5656 
2.1e+08 0.0282779 -30.0368 88.9892 
2.11e+08 0.0260496 -69.8721 89.4126 
2.12e+08 0.0338411 -9.89084 89.8363 
2.13e+08 0.0310761 -69.9946 90.26 
2.14e+08 0.0381867 -34.7901 90.6834 
2.15e+08 0.0341219 -55.0628 91.1066 
2.16e+08 0.0684434 -98.8291 91.5301 
2.17e+08 0.0729457 -21.7604 91.9535 
2.18e+08 0.0576917 -76.856 92.3772 
2.19e+08 0.065846 -67.4864 92.8006 
2.2e+08 0.0384371 -74.0665 93.2239 
2.21e+08 0.0585535 -79.7698 93.6474 
2.22e+08 0.0417801 -58.4189 94.0706 
2.23e+08 0.0348111 -36.7438 94.4944 
2.24e+08 0.0415418 -13.869 94.9174 
2.25e+08 0.0401463 -49.1092 95.3408 
2.26e+08 0.0857898 -48.3068 95.7642 
2.27e+08 0.061838 -67.7619 96.1876 
2.28e+08 0.0494377 -15.4687 96.6108 
2.29e+08 0.0323223 -42.2517 97.0342 
2.3e+08 0.0643087 -35.1417 97.4576 
2.31e+08 0.0389776 -25.1855 97.8812 
2.32e+08 0.0336592 -72.1392 98.3043 
2.33e+08 0.0714481 -36.4883 98.7275 
2.34e+08 0.0411169 -98.4486 99.1514 
2.35e+08 0.0213297 -54.8924 99.5749 
2.36e+08 0.0541155 -39.2964 99.9988 
2.37e+08 0.0864891 -74.0956 100.422 
2.38e+08 0.0473471 -28.6025 100.846 
2.39e+08 0.0401398 -45.391 101.269 
2.4e+08 0.0484983 -74.6559 101.692 
2.41e+08 0.0434614 -62.8019 102.115 
2.42e+08 0.0698854 -45.8991 102.539 
2.43e+08 0.0285832 -10.1993 102.963 
2.44e+08 0.0674171 -68.1006 103.387 
2.45e+08 0.0604706 -24.5254 103.81 
2.46e+08 0.0501177 -39.7565 104.233 
2.47e+08 0.00981778 -40.1747 104.657 
2.48e+08 0.0229057 -30.7437 105.08 
2.49e+08 0.0325705 -27.497 105.503 
2.5e+08 0.0480559 -41.6248 105.926 
2.51e+08 0.03302 -17.9382 106.349 
2.52e+08 0.0643377 -47.5669 106.773 
2.53e+08 0.0692729 -30.8943 107.197 
2.54e+08 0.040975 -56.0468 107.621 
2.55e+08 0.0687176 -77.2145 108.045 
2.56e+08 0.0436374 -53.2602 108.468 
2.57e+08 0.0174634 -21.6032 108.892 
2.58e+08 0.0273507 -84.7596 109.315 
2.59e+08 0.0610361 -58.5347 109.739 
2.6e+08 0.031052 -34.4241 110.162 
2.61e+08 0.0241772 -49.9373 110.585 
2.62e+08 0.0721192 -51.5708 111.009 
2.63e+08 0.0394697 -55.2219 111.432 
2.64e+08 0.0394861 -55.4306 111.856 
2.65e+08 0.052621 -60.9684 112.279 
2.66e+08 0.0139687 -33.0227 112.703 
2.67e+08 0.0273001 -73.6505 113.127 
2.68e+08 0.0464318 -75.7791 113.55 
2.69e+08 0.0684338 -73.7216 113.973 
2.7e+08 0.053014 -85.4748 114.396 
2.71e+08 0.0693972 -70.3777 114.82 
2.72e+08 0.0428694 -62.5192 115.243 
2.73e+08 0.0267793 -48.9498 115.667 
2.74e+08 0.0711304 -11.7243 116.091 
2.75e+08 0.0536561 -56.1882 116.514 
2.76e+08 0.0648584 -32.027 116.937 
2.77e+08 0.0455052 -55.9506 117.361 
2.78e+08 0.0324415 -12.6944 117.785 
2.79e+08 0.0634606 -29.2289 118.208 
2.8e+08 0.0721014 -18.2377 118.631 
2.81e+08 0.0314524 -49.8904 119.054 
2.82e+08 0.0315915 -21.9842 119.478 
2.83e+08 0.0560388 -62.8786 119.901 
2.84e+08 0.0334235 -74.8005 120.324 
2.85e+08 0.0458961 -44.2121 120.747 
2.86e+08 0.0331533 -77.2692 121.17 
2.87e+08 0.0249902 -26.5166 121.594 
2.88e+08 0.0366994 -54.8227 122.017 
2.89e+08 0.0449384 -72.9365 122.44 
2.9e+08 0.0776956 -40.5328 122.863 
2.91e+08 0.0524526 -20.6181 123.287 
2.92e+08 0.0137185 -25.4295 123.71 
2.93e+08 0.0485059 -20.9207 124.133 
2.94e+08 0.0178306 -31.1026 124.556 
2.95e+08 0.0896387 -43.5194 124.979 
2.96e+08 0.0892161 -61.4356 125.403 
2.97e+08 0.0453179 -80.7423 125.826 
2.98e+08 0.0203078 -65.0668 126.249 
2.99e+08 0.0171908 -65.0625 126.672 
3e+08 0.0275085 -31.1511 127.095 
3.01e+08 0.0270819 -58.5045 127.519 
3.02e+08 0.0606101 -11.0555 127.942 
3.03e+08 0.0274316 -22.5423 128.365 
3.04e+08 0.0564244 -90.913 128.789 
3.05e+08 0.04464 -54.6936 129.212 
3.06e+08 0.0467554 -47.211 129.635 
3.07e+08 0.0227067 -76.3669 130.058 
3.08e+08 0.0270809 -38.3475 130.481 
3.09e+08 0.0331885 -31.3106 130.904 
3.1e+08 0.0563806 -85.5177 131.327 
3.11e+08 0.0340642 -48.9933 131.752 
3.12e+08 0.0565227 -64.6392 132.175 
3.13e+08 0.0548912 -54.4186 132.598 
3.14e+08 0.0185401 -8.16389 133.02 
3.15e+08 0.0455661 -20.2029 133.444 
3.16e+08 0.049359 -49.3523 133.867 
3.17e+08 0.0371538 -24.0191 134.29 
3.18e+08 0.0722974 -60.9967 134.713 
3.19e+08 0.0283747 -89.9044 135.136 
3.2e+08 0.0289528 -43.5463 135.559 
3.21e+08 0.0615779 -41.0279 135.982 
3.22e+08 0.0560513 -37.3012 136.405 
3.23e+08 0.0433391 -37.7349 136.828 
3.24e+08 0.065466 -31.0217 137.251 
3.25e+08 0.0158024 -42.483 137.674 
3.26e+08 0.0501686 -83.7422 138.097 
3.27e+08 0.0545363 -56.5991 138.52 
3.28e+08 0.0661514 -9.91819 138.943 
3.29e+08 0.0545925 -59.7346 139.367 
3.3e+08 0.0318222 -44.9798 139.79 
3.31e+08 0.0347595 -21.5817 140.213 
3.32e+08 0.0874494 -39.2414 140.636 
3.33e+08 0.0273487 -82.4634 141.059 
3.34e+08 0.0405004 -28.6622 141.482 
3.35e+08 0.0554158 -78.0689 141.905 
3.36e+08 0.0376284 -60.4976 142.328 
3.37e+08 0.0312118 -41.1693 142.752 
3.38e+08 0.0322055 -53.4864 143.175 
3.39e+08 0.0594613 -54.0175 143.598 
3.4e+08 0.0306127 -29.8723 144.021 
3.41e+08 0.0527038 -61.1169 144.444 
3.42e+08 0.0671664 -89.678 144.868 
3.43e+08 0.078293 -54.3993 145.291 
3.44e+08 0.0578614 -33.8846 145.715 
3.45e+08 0.0273121 -75.2109 146.138 
3.46e+08 0.0307139 -43.9534 146.561 
3.47e+08 0.0457537 -57.9261 146.984 
3.48e+08 0.0672678 -35.9347 147.407 
3.49e+08 0.034587 -27.1181 147.831 
3.5e+08 0.0378887 -59.8779 148.254 
3.51e+08 0.0613994 -44.9666 148.677 
3.52e+08 0.0567938 -13.0093 149.1 
3.53e+08 0.0519868 -48.0724 149.523 
3.54e+08 0.0330576 -33.9769 149.946 
3.55e+08 0.0652943 -56.5032 150.369 
3.56e+08 0.0424911 -44.3744 150.792 
3.57e+08 0.0506961 -30.8779 151.215 
3.58e+08 0.0613116 -25.6098 151.638 
3.59e+08 0.0144793 -86.7039 152.062 
3.6e+08 0.0300428 -51.2696 152.485 
3.61e+08 0.0392951 -100.558 152.908 
3.62e+08 0.0355681 -71.5408 153.331 
3.63e+08 0.010045 -63.8523 153.755 
3.64e+08 0.0571601 -81.3817 154.178 
3.65e+08 0.0419851 -85.6488 154.601 
3.66e+08 0.0364173 -37.0471 155.025 
3.67e+08 0.0303516 -57.2711 155.448 
3.68e+08 0.0395215 -63.8657 155.871 
3.69e+08 0.0403614 -33.2241 156.295 
3.7e+08 0.0445311 -61.6098 156.718 
3.71e+08 0.0543502 -15.034 157.141 
3.72e+08 0.0193502 -43.2589 157.565 
3.73e+08 0.028929 -28.2836 157.989 
3.74e+08 0.0522463 -9.16899 158.412 
3.75e+08 0.0330857 -44.6292 158.836 
3.76e+08 0.0395892 -62.6648 159.259 
3.77e+08 0.0280251 -41.1244 159.682 
3.78e+08 0.0596833 -50.7062 160.105 
3.79e+08 0.0513893 -80.5888 160.528 
3.8e+08 0.0236579 -50.7305 160.952 
3.81e+08 0.0347429 -76.113 161.375 
3.82e+08 0.0260729 -91.5737 161.799 
3.83e+08 0.00704708 -19.1461 162.222 
3.84e+08 0.0478106 -58.7096 162.646 
3.85e+08 0.058988 -92.9735 163.069 
3.86e+08 0.0230825 -25.9541 163.492 
3.87e+08 0.0438906 2.50027 163.915 
3.88e+08 0.0493214 -32.3114 164.338 
3.89e+08 0.0313502 -76.1743 164.762 
3.9e+08 0.0351634 -35.8982 165.185 
3.91e+08 0.0442557 -44.0719 165.608 
3.92e+08 0.0448653 -62.8034 166.031 
3.93e+08 0.03429 -40.247 166.454 
3.94e+08 0.0204853 -47.5318 166.878 
3.95e+08 0.0148741 -72.3963 167.301 
3.96e+08 0.0349284 -58.255 167.725 
3.97e+08 0.0319681 -82.1308 168.148 
3.98e+08 0.0384148 -41.4639 168.571 
3.99e+08 0.071362 -8.78276 168.995 
4e+08 0.0412212 -65.8397 169.418 
4.01e+08 0.0562953 -46.3642 169.842 
4.02e+08 0.0312342 -76.2054 170.265 
4.03e+08 0.0272355 -61.7382 170.689 
4.04e+08 0.0307312 -67.0447 171.112 
4.05e+08 0.0267585 -89.067 171.535 
4.06e+08 0.0539823 -83.1296 171.959 
4.07e+08 0.0428785 -74.6781 172.382 
4.08e+08 0.0332381 -25.3022 172.806 
4.09e+08 0.0339189 -46.5875 173.229 
4.1e+08 0.0260432 -60.5929 173.652 
4.11e+08 0.0573667 -17.0358 174.075 
4.12e+08 0.0270256 -33.62 174.498 
4.13e+08 0.0251542 -25.4684 174.922 
4.14e+08 0.0601773 -60.0917 175.345 
4.15e+08 0.0491297 -97.4839 175.768 
4.16e+08 0.0546881 -81.2195 176.192 
4.17e+08 0.0520136 -22.2104 176.615 
4.18e+08 0.0338418 -48.9685 177.039 
4.19e+08 0.0328417 -1.35296 177.462 
4.2e+08 0.0361645 -58.8909 177.885 
4.21e+08 0.0152205 -35.3865 178.308 
4.22e+08 0.0599991 -23.7686 178.732 
4.23e+08 0.062431 -49.623 179.155 
4.24e+08 0.0338217 -58.3828 179.578 
4.25e+08 0.0426479 -82.0149 180.001 
4.26e+08 0.0338745 -31.7005 180.424 
4.27e+08 0.0301833 -41.7234 180.847 
4.28e+08 0.0400771 -59.5624 181.27 
4.29e+08 0.0269518 -63.939 181.694 
4.3e+08 0.0756588 -32.786 182.117 
4.31e+08 0.0459084 -35.3934 182.54 
4.32e+08 0.0366756 -26.7054 182.964 
4.33e+08 0.0445061 -61.754 183.387 
4.34e+08 0.025876 -56.0557 183.81 
4.35e+08 0.0173139 -35.672 184.233 
4.36e+08 0.0552929 -67.3396 184.656 
4.37e+08 0.0449245 -82.1721 185.079 
4.38e+08 0.0826353 -45.8941 185.502 
4.39e+08 0.0152071 -23.7607 185.925 
4.4e+08 0.041023 -49.8488 186.348 
4.41e+08 0.0422847 -70.3885 186.771 
4.42e+08 0.069922 -57.0855 187.194 
4.43e+08 0.0745184 -61.5056 187.617 
4.44e+08 0.046401 -18.8469 188.04 
4.45e+08 0.0547459 -50.621 188.463 
4.46e+08 0.057867 -23.4161 188.886 
4.47e+08 0.0637745 -30.3558 189.309 
4.48e+08 0.0753618 -50.1302 189.732 
4.49e+08 0.0436512 -35.9595 190.155 
4.5e+08 0.0476222 -11.8363 190.578 
4.51e+08 0.0541097 -67.4338 191.001 
4.52e+08 0.020032 -23.8054 191.425 
4.53e+08 0.0207314 -9.11117 191.848 
4.54e+08 0.0336792 -33.7457 192.271 
4.55e+08 0.0617641 -45.399 192.694 
4.56e+08 0.0559099 -24.4998 193.117 
4.57e+08 0.0319321 -80.3955 193.54 
4.58e+08 0.0159795 -68.1469 193.963 
4.59e+08 0.0768358 -75.0208 194.386 
4.6e+08 0.044286 -93.8764 194.809 
4.61e+08 0.0332445 -60.7005 195.232 
4.62e+08 0.0917977 -36.1676 195.655 
4.63e+08 0.0726901 -50.1403 196.077 
4.64e+08 0.0931271 -64.7643 196.5 
4.65e+08 0.0631572 -40.603 196.923 
4.66e+08 0.0664472 -98.9146 197.347 
4.67e+08 0.0373039 -43.8477 197.769 
4.68e+08 0.0792115 -67.4067 198.193 
4.69e+08 0.036717 -29.9302 198.616 
4.7e+08 0.0342501 -17.8787 199.04 
4.71e+08 0.0583906 -65.4164 199.464 
4.72e+08 0.0328183 -48.1542 199.887 
4.73e+08 0.0435287 -42.801 200.31 
4.74e+08 0.0422776 -63.7603 200.734 
4.75e+08 0.0662871 -62.3264 201.158 
4.76e+08 0.0320581 -85.6376 201.581 
4.77e+08 0.0300024 -49.6147 202.004 
4.78e+08 0.0237896 -36.1065 202.428 
4.79e+08 0.0775076 -26.5397 202.851 
4.8e+08 0.0152275 -102.142 203.275 
4.81e+08 0.0548023 -35.6341 203.699 
4.82e+08 0.0730718 -57.4633 204.122 
4.83e+08 0.0487964 -54.156 204.546 
4.84e+08 0.0587227 -24.4026 204.97 
4.85e+08 0.0340997 -48.1452 205.393 
4.86e+08 0.0492361 -59.0992 205.816 
4.87e+08 0.0235284 -26.001 206.239 
4.88e+08 0.0580057 -58.3062 206.662 
4.89e+08 0.0229607 -66.8545 207.085 
4.9e+08 0.0604363 -61.295 207.508 
4.91e+08 0.0125845 -76.0617 207.931 
4.92e+08 0.0442722 -50.9309 208.355 
4.93e+08 0.0319448 -28.8112 208.778 
4.94e+08 0.0245624 -45.879 209.202 
4.95e+08 0.0160698 -75.022 209.626 
4.96e+08 0.0690165 -51.257 210.05 
4.97e+08 0.0422449 -89.4055 210.473 
4.98e+08 0.050328 -75.0971 210.896 
4.99e+08 0.0331297 -47.0316 211.32 
5e+08 0.0656302 -27.5846 211.743 
5.01e+08 0.0552072 -31.2032 212.167 
5.02e+08 0.0823224 -66.583 212.591 
5.03e+08 0.0176591 -29.2225 213.015 
5.04e+08 0.0170054 -87.062 213.438 
5.05e+08 0.0209719 -27.4626 213.862 
5.06e+08 0.0172569 -103.978 214.286 
5.07e+08 0.0576033 -57.2894 214.709 
5.08e+08 0.048195 -42.1239 215.133 
5.09e+08 0.0283087 -58.6614 215.557 
5.1e+08 0.0429003 -70.8757 215.98 
5.11e+08 0.0737056 -26.8619 216.403 
5.12e+08 0.0529998 -55.0021 216.827 
5.13e+08 0.0158763 -45.485 217.25 
5.14e+08 0.0410084 -9.67035 217.674 
5.15e+08 0.0236349 -83.7431 218.097 
5.16e+08 0.0473996 -41.4962 218.521 
5.17e+08 0.0685608 -11.9883 218.944 
5.18e+08 0.0808317 -59.8628 219.368 
5.19e+08 0.0341671 -75.6576 219.792 
5.2e+08 0.0423923 -53.7172 220.216 
5.21e+08 0.0332399 -45.7302 220.64 
5.22e+08 0.0272483 -67.0211 221.064 
5.23e+08 0.0549701 -52.0812 221.488 
5.24e+08 0.032892 -26.459 221.911 
5.25e+08 0.0413937 -30.34 222.335 
5.26e+08 0.053211 -46.6509 222.758 
5.27e+08 0.045115 -54.8386 223.182 
5.28e+08 0.029771 -57.4174 223.606 
5.29e+08 0.0394317 -62.9739 224.03 
5.3e+08 0.0563645 -36.1456 224.455 
5.31e+08 0.0376324 -46.9127 224.879 
5.32e+08 0.0355929 -66.0129 225.303 
5.33e+08 0.047177 -62.521 225.728 
5.34e+08 0.0495631 -90.4146 226.151 
5.35e+08 0.0393566 -95.5824 226.575 
5.36e+08 0.0194169 -31.7394 226.999 
5.37e+08 0.0404048 -37.2334 227.423 
5.38e+08 0.0321199 -88.1036 227.847 
5.39e+08 0.0431568 -62.3644 228.271 
5.4e+08 0.0244223 -47.1662 228.695 
5.41e+08 0.0652137 -70.1886 229.119 
5.42e+08 0.0368062 -54.6001 229.543 
5.43e+08 0.0362679 -25.1899 229.968 
5.44e+08 0.0264926 -55.424 230.392 
5.45e+08 0.0702561 -41.8101 230.816 
5.46e+08 0.0725072 -88.3735 231.24 
5.47e+08 0.0634878 -69.8235 231.664 
5.48e+08 0.0154639 -53.9505 232.088 
5.49e+08 0.018893 -62.2341 232.512 
5.5e+08 0.0600718 -74.9476 232.936 
5.51e+08 0.0375512 -69.1153 233.36 
5.52e+08 0.0314086 -48.4096 233.784 
5.53e+08 0.0120351 -80.684 234.209 
5.54e+08 0.0472887 -71.6836 234.633 
5.55e+08 0.0376562 -57.4572 235.056 
5.56e+08 0.0284695 -24.7795 235.48 
5.57e+08 0.0775522 -34.0211 235.904 
5.58e+08 0.0456984 -9.70409 236.328 
5.59e+08 0.0389585 -34.5357 236.753 
5.6e+08 0.0480635 -47.6065 237.177 
5.61e+08 0.0288694 -50.4288 237.602 
5.62e+08 0.053734 -29.653 238.026 
5.63e+08 0.0610803 -51.2885 238.45 
5.64e+08 0.0407161 -67.4074 238.874 
5.65e+08 0.0572093 -67.2048 239.298 
5.66e+08 0.053695 -45.4058 239.723 
5.67e+08 0.0425411 -38.8627 240.147 
5.68e+08 0.0385351 -55.7351 240.571 
5.69e+08 0.0412035 -61.229 240.995 
5.7e+08 0.0230184 -71.326 241.419 
5.71e+08 0.0219528 -85.1919 241.843 
5.72e+08 0.0388326 -41.5668 242.267 
5.73e+08 0.0244814 -31.8582 242.69 
5.74e+08 0.0387643 -67.3983 243.115 
5.75e+08 0.0680824 -9.31079 243.539 
5.76e+08 0.0277786 -17.198 243.962 
5.77e+08 0.0356585 -66.2556 244.386 
5.78e+08 0.0534957 -31.481 244.81 
5.79e+08 0.0702713 -53.5842 245.234 
5.8e+08 0.0417132 -69.8205 245.658 
5.81e+08 0.0465458 -26.0373 246.083 
5.82e+08 0.0309199 -23.0447 246.508 
5.83e+08 0.0212121 -39.9017 246.932 
5.84e+08 0.0676815 -10.457 247.356 
5.85e+08 0.0375285 -81.5927 247.78 
5.86e+08 0.0607026 -59.6039 248.203 
5.87e+08 0.0416069 -65.2127 248.628 
5.88e+08 0.0546833 -68.7361 249.052 
5.89e+08 0.0329657 -49.2854 249.476 
5.9e+08 0.109567 -49.7075 249.901 
5.91e+08 0.0497137 -106.315 250.325 
5.92e+08 0.0519778 -63.6419 250.749 
5.93e+08 0.0394988 -53.2335 251.172 
5.94e+08 0.0699511 -44.7238 251.597 
5.95e+08 0.0531588 -20.8045 252.021 
5.96e+08 0.0423592 -43.6843 252.444 
5.97e+08 0.0839026 -92.1345 252.868 
5.98e+08 0.0922427 -91.8797 253.291 
5.99e+08 0.0330356 -29.3185 253.714 
6e+08 0.0388812 -30.7666 254.138 
6.01e+08 0.050193 -59.5594 254.561 
6.02e+08 0.0702664 -102.2 254.985 
6.03e+08 0.038376 -69.0532 255.408 
6.04e+08 0.0319259 -25.9753 255.832 
6.05e+08 0.0918107 -68.3382 256.255 
6.06e+08 0.0309349 -37.9983 256.679 
6.07e+08 0.0341319 -47.5925 257.102 
6.08e+08 0.0706573 -58.1559 257.526 
6.09e+08 0.0593007 -67.0192 257.949 
6.1e+08 0.0636425 -53.0672 258.373 
6.11e+08 0.02558 -57.7714 258.797 
6.12e+08 0.0595484 8.83356 259.221 
6.13e+08 0.0244109 -53.9297 259.645 
6.14e+08 0.0352922 -89.2741 260.07 
6.15e+08 0.0544744 -36.4555 260.493 
6.16e+08 0.0672093 -95.4532 260.917 
6.17e+08 0.0439058 -63.439 261.34 
6.18e+08 0.0539315 -42.2957 261.764 
6.19e+08 0.0394746 -79.0563 262.187 
6.2e+08 0.0564337 -59.751 262.612 
6.21e+08 0.0624461 -37.548 263.036 
6.22e+08 0.0643016 -58.5474 263.459 
6.23e+08 0.024515 -42.8479 263.883 
6.24e+08 0.0466933 -58.1396 264.307 
6.25e+08 0.0483521 -27.4458 264.731 
6.26e+08 0.0217664 -22.5551 265.155 
6.27e+08 0.0374327 -39.5436 265.579 
6.28e+08 0.0655059 -31.4758 266.003 
6.29e+08 0.07052 -83.12 266.427 
6.3e+08 0.0595059 -58.2693 266.851 
6.31e+08 0.0549008 -41.1456 267.275 
6.32e+08 0.0528429 -44.7918 267.699 
6.33e+08 0.0288702 -55.3543 268.122 
6.34e+08 0.0336443 -54.697 268.547 
6.35e+08 0.0627181 -77.7576 268.971 
6.36e+08 0.0835343 -68.0473 269.394 
6.37e+08 0.0462331 -11.1598 269.818 
6.38e+08 0.0093 -20.314 270.242 
6.39e+08 0.0440494 -36.0789 270.665 
6.4e+08 0.0226269 -66.4225 271.089 
6.41e+08 0.0390723 -27.6131 271.513 
6.42e+08 0.037619 -36.5417 271.938 
6.43e+08 0.0478118 -64.3432 272.362 
6.44e+08 0.0563952 -40.5251 272.786 
6.45e+08 0.0500019 -72.488 273.21 
6.46e+08 0.0686746 -69.8178 273.634 
6.47e+08 0.0312279 -26.9017 274.058 
6.48e+08 0.0577014 -38.5951 274.482 
6.49e+08 0.0494453 -14.3541 274.905 
6.5e+08 0.0401991 -68.9031 275.329 
6.51e+08 0.0632165 -78.7462 275.752 
6.52e+08 0.0614286 -56.2458 276.175 
6.53e+08 0.056917 -39.9555 276.599 
6.54e+08 0.111789 -43.5618 277.023 
6.55e+08 0.083425 -106.528 277.447 
6.56e+08 0.0323695 -32.3784 277.871 
6.57e+08 0.079524 -33.8894 278.295 
6.58e+08 0.0489899 -61.7733 278.719 
6.59e+08 0.0327603 -32.6645 279.143 
6.6e+08 0.0432818 -52.2325 279.568 
6.61e+08 0.074408 -30.011 279.991 
6.62e+08 0.0314162 -74.8778 280.415 
6.63e+08 0.0506535 -18.0069 280.839 
6.64e+08 0.0615604 -43.0555 281.262 
6.65e+08 0.0594769 -48.7201 281.686 
6.66e+08 0.0684679 -44.3071 282.111 
6.67e+08 0.0348233 -33.6307 282.535 
6.68e+08 0.0450184 -37.4531 282.959 
6.69e+08 0.0317156 -60.3923 283.383 
6.7e+08 0.0394866 -23.8661 283.807 
6.71e+08 0.0364666 -69.3252 284.231 
6.72e+08 0.0323035 -68.7566 284.654 
6.73e+08 0.0592917 -50.6694 285.078 
6.74e+08 0.019941 -17.0437 285.502 
6.75e+08 0.0448367 -25.0808 285.925 
6.76e+08 0.036685 -44.4263 286.349 
6.77e+08 0.0539899 -69.6426 286.773 
6.78e+08 0.0251868 -26.1123 287.198 
6.79e+08 0.090768 -7.04188 287.621 
6.8e+08 0.0202624 -59.1603 288.045 
6.81e+08 0.0292731 -103.992 288.469 
6.82e+08 0.0590317 -39.7141 288.893 
6.83e+08 0.0164353 -54.862 289.317 
6.84e+08 0.0357652 -23.5586 289.741 
6.85e+08 0.0533647 -61.1853 290.166 
6.86e+08 0.0761991 -80.5566 290.589 
6.87e+08 0.054796 -79.9286 291.013 
6.88e+08 0.0695359 -34.5354 291.437 
6.89e+08 0.0638865 -48.4169 291.861 
6.9e+08 0.0822076 -30.4021 292.285 
6.91e+08 0.0422596 -63.6 292.709 
6.92e+08 0.0564945 -56.4131 293.133 
6.93e+08 0.0147182 -45.5459 293.557 
6.94e+08 0.0498421 -50.1624 293.981 
6.95e+08 0.0486137 -55.767 294.405 
6.96e+08 0.0467274 -77.4675 294.829 
6.97e+08 0.0303199 -29.1549 295.253 
6.98e+08 0.0427966 -60.171 295.677 
6.99e+08 0.0364821 -69.5656 296.102 
7e+08 0.0688167 -86.1579 296.526 
7.01e+08 0.0409749 -47.5534 296.95 
7.02e+08 0.0235315 -11.3367 297.374 
7.03e+08 0.0515294 -73.2945 297.798 
7.04e+08 0.0558809 -72.4025 298.222 
7.05e+08 0.0540004 -59.0635 298.646 
7.06e+08 0.0735053 -9.48815 299.07 
7.07e+08 0.0842116 -32.5201 299.495 
7.08e+08 0.0586669 -25.8372 299.919 
7.09e+08 0.0618674 -61.5486 300.343 
7.1e+08 0.0538915 -59.2327 300.768 
7.11e+08 0.0534804 -60.9873 301.191 
7.12e+08 0.0239483 -29.092 301.615 
7.13e+08 0.0498584 -46.7572 302.039 
7.14e+08 0.0578816 -51.9727 302.464 
7.15e+08 0.090608 -64.6033 302.888 
7.16e+08 0.0242678 -40.6017 303.312 
7.17e+08 0.0421488 -24.2535 303.735 
7.18e+08 0.0958372 -53.0232 304.159 
7.19e+08 0.0539601 -56.4047 304.584 
7.2e+08 0.0671844 -70.0917 305.008 
7.21e+08 0.0303905 -33.7292 305.432 
7.22e+08 0.011889 -63.1003 305.856 
7.23e+08 0.0243454 -27.2964 306.281 
7.24e+08 0.0488045 -92.9137 306.704 
7.25e+08 0.028224 -34.1748 307.129 
7.26e+08 0.0371025 -58.7759 307.553 
7.27e+08 0.0536844 -45.8962 307.977 
7.28e+08 0.0173191 -37.1631 308.4 
7.29e+08 0.0283305 -64.9743 308.824 
7.3e+08 0.0255045 -68.2062 309.248 
7.31e+08 0.0189248 -46.7194 309.673 
7.32e+08 0.0656524 -38.5122 310.096 
7.33e+08 0.0470178 -33.826 310.52 
7.34e+08 0.0373944 -9.73766 310.944 
7.35e+08 0.0460895 -49.5641 311.368 
7.36e+08 0.0210757 -60.5219 311.793 
7.37e+08 0.0374384 -7.81691 312.217 
7.38e+08 0.0692302 -84.2896 312.64 
7.39e+08 0.0537417 -21.3252 313.064 
7.4e+08 0.055974 -11.2107 313.488 
7.41e+08 0.0416465 -38.0424 313.912 
7.42e+08 0.0706261 -63.5751 314.336 
7.43e+08 0.0616676 -60.4651 314.76 
7.44e+08 0.0362846 -51.0931 315.184 
7.45e+08 0.0516822 -6.08964 315.608 
7.46e+08 0.0669966 -58.0909 316.032 
7.47e+08 0.0752818 -86.74 316.455 
7.48e+08 0.0147154 -66.0798 316.88 
7.49e+08 0.012304 -72.5102 317.304 
7.5e+08 0.0569171 -66.101 317.727 
7.51e+08 0.0296865 -48.1805 318.151 
7.52e+08 0.0497671 -77.932 318.574 
7.53e+08 0.0410234 -54.5758 318.999 
7.54e+08 0.0357733 -38.693 319.423 
7.55e+08 0.0582522 -113.008 319.847 
7.56e+08 0.0435916 -32.9862 320.27 
7.57e+08 0.0261084 -71.7106 320.694 
7.58e+08 0.0422098 -28.2867 321.117 
7.59e+08 0.0367152 -38.2422 321.541 
7.6e+08 0.0738474 -47.946 321.965 
7.61e+08 0.0227004 -78.7532 322.39 
7.62e+08 0.0399445 -33.4143 322.813 
7.63e+08 0.0242336 -48.5912 323.238 
7.64e+08 0.0260086 -53.4607 323.662 
7.65e+08 0.0318023 -13.859 324.085 
7.66e+08 0.038409 -51.3103 324.51 
7.67e+08 0.0455435 -49.9793 324.934 
7.68e+08 0.0547014 -51.9097 325.359 
7.69e+08 0.101981 -43.4583 325.783 
7.7e+08 0.0694922 -45.7623 326.206 
7.71e+08 0.0380543 -43.0081 326.631 
7.72e+08 0.0778626 -43.3051 327.055 
7.73e+08 0.062253 -82.3025 327.479 
7.74e+08 0.0533875 -66.9185 327.903 
7.75e+08 0.0220663 -22.1566 328.327 
7.76e+08 0.0161201 -35.4265 328.75 
7.77e+08 0.0709997 -58.7834 329.174 
7.78e+08 0.0954794 -57.3187 329.598 
7.79e+08 0.0458331 -54.8393 330.022 
7.8e+08 0.0286106 -39.6402 330.446 
7.81e+08 0.0442468 -58.8177 330.87 
7.82e+08 0.0352871 -33.8095 331.294 
7.83e+08 0.0327094 -72.142 331.717 
7.84e+08 0.0360132 -62.4704 332.141 
7.85e+08 0.0421362 -75.9265 332.565 
7.86e+08 0.00960055 -69.6243 332.989 
7.87e+08 0.0635866 -31.8264 333.413 
7.88e+08 0.0349899 -42.1896 333.836 
7.89e+08 0.044167 -41.1027 334.26 
7.9e+08 0.0483131 -44.6921 334.683 
7.91e+08 0.0732773 -50.0696 335.107 
7.92e+08 0.0250031 -58.6003 335.532 
7.93e+08 0.0331529 -48.7898 335.955 
7.94e+08 0.0415886 -73.5648 336.379 
7.95e+08 0.0319829 -50.5502 336.803 
7.96e+08 0.0405182 -38.7396 337.226 
7.97e+08 0.0424128 -76.1643 337.65 
7.98e+08 0.0171857 -87.6039 338.073 
7.99e+08 0.08976 -90.7906 338.497 
8e+08 0.0258974 -5.97003 338.921 
8.01e+08 0.0624878 -33.746 339.344 
8.02e+08 0.0211413 -35.9585 339.768 
8.03e+08 0.0366199 -46.4829 340.191 
8.04e+08 0.0492119 -19.73 340.615 
8.05e+08 0.0723964 -32.1097 341.039 
8.06e+08 0.0748598 -49.8573 341.463 
8.07e+08 0.0629882 -63.5172 341.887 
8.08e+08 0.0422713 -53.9989 342.311 
8.09e+08 0.0391827 -32.5327 342.734 
8.1e+08 0.0256532 -65.801 343.158 
8.11e+08 0.0510291 -61.6112 343.582 
8.12e+08 0.0647393 -31.0622 344.005 
8.13e+08 0.0347025 -38.3651 344.429 
8.14e+08 0.016384 -41.3852 344.853 
8.15e+08 0.0409672 -26.1663 345.276 
8.16e+08 0.0418833 -36.0884 345.7 
8.17e+08 0.0296469 -46.1111 346.125 
8.18e+08 0.0761723 -59.3581 346.549 
8.19e+08 0.055776 -63.712 346.972 
8.2e+08 0.0283904 -39.3696 347.396 
8.21e+08 0.0707423 -26.8647 347.82 
8.22e+08 0.0366781 -61.0432 348.244 
8.23e+08 0.0547491 -52.1964 348.667 
8.24e+08 0.0345566 -37.0409 349.091 
8.25e+08 0.0744074 -51.9702 349.515 
8.26e+08 0.0179077 -44.3131 349.94 
8.27e+08 0.0879681 -40.6758 350.364 
8.28e+08 0.0741169 -37.3861 350.789 
8.29e+08 0.0179752 -45.1111 351.212 
8.3e+08 0.0530717 -57.478 351.636 
8.31e+08 0.0279014 -61.316 352.06 
8.32e+08 0.0815893 -62.9788 352.485 
8.33e+08 0.0348683 -37.9291 352.908 
8.34e+08 0.0495729 -55.7314 353.332 
8.35e+08 0.0762216 -90.7038 353.756 
8.36e+08 0.0211935 -18.9513 354.181 
8.37e+08 0.0214156 -39.2977 354.605 
8.38e+08 0.0415639 -56.6408 355.028 
8.39e+08 0.0300915 -22.789 355.452 
8.4e+08 0.0474037 -33.7188 355.876 
8.41e+08 0.0507875 -60.7282 356.3 
8.42e+08 0.0494539 -60.3807 356.724 
8.43e+08 0.0238951 -29.1306 357.148 
8.44e+08 0.0692468 -48.6817 357.571 
8.45e+08 0.0595798 -59.9187 357.995 
8.46e+08 0.0381931 -28.7906 358.419 
8.47e+08 0.0215336 -48.6174 358.842 
8.48e+08 0.0322538 -83.2411 359.266 
8.49e+08 0.0156089 -73.9477 359.69 
8.5e+08 0.0966129 -47.8666 360.113 
8.51e+08 0.0283521 -41.5588 360.537 
8.52e+08 0.0502546 -24.4728 360.961 
8.53e+08 0.0376622 -74.9678 361.384 
8.54e+08 0.0346191 -30.2553 361.808 
8.55e+08 0.0647808 -104.595 362.231 
8.56e+08 0.0424287 -33.8136 362.655 
8.57e+08 0.0290164 -55.1219 363.078 
8.58e+08 0.00837251 -75.4484 363.501 
8.59e+08 0.070531 -48.9203 363.924 
8.6e+08 0.00591149 -62.7495 364.347 
8.61e+08 0.0231003 -69.9354 364.771 
8.62e+08 0.0321356 -96.8889 365.194 
8.63e+08 0.0677109 -19.1341 365.618 
8.64e+08 0.0344638 -45.9949 366.042 
8.65e+08 0.0462447 -43.3719 366.465 
8.66e+08 0.0222161 -19.3743 366.889 
8.67e+08 0.0207323 -49.2142 367.312 
8.68e+08 0.0532565 -19.1931 367.735 
8.69e+08 0.0843457 -13.2999 368.159 
8.7e+08 0.061797 -77.9308 368.582 
8.71e+08 0.0504763 -36.8701 369.006 
8.72e+08 0.0493908 -33.6118 369.43 
8.73e+08 0.0575981 -61.612 369.853 
8.74e+08 0.0332228 -90.6698 370.277 
8.75e+08 0.0287383 -48.9781 370.702 
8.76e+08 0.0429058 -62.0949 371.126 
8.77e+08 0.0730991 -73.5826 371.551 
8.78e+08 0.0442058 -27.3123 371.975 
8.79e+08 0.0678662 -94.6121 372.399 
8.8e+08 0.0203765 -31.6097 372.823 
8.81e+08 0.0488881 -38.9611 373.247 
8.82e+08 0.0265985 -57.7042 373.671 
8.83e+08 0.0475145 -76.6441 374.095 
8.84e+08 0.0265664 -23.6012 374.519 
8.85e+08 0.0382253 -63.025 374.943 
8.86e+08 0.0584056 -26.5732 375.367 
8.87e+08 0.0380636 -43.1088 375.792 
8.88e+08 0.0903138 -65.962 376.216 
8.89e+08 0.0573795 -99.4245 376.64 
8.9e+08 0.0308071 -31.73 377.065 
8.91e+08 0.0582555 -66.9793 377.489 
8.92e+08 0.0469298 -99.7292 377.913 
8.93e+08 0.0142501 -74.9116 378.337 
8.94e+08 0.057856 -86.7084 378.761 
8.95e+08 0.0795099 -56.0606 379.185 
8.96e+08 0.0923004 -59.0859 379.61 
8.97e+08 0.053248 -61.2449 380.034 
8.98e+08 0.047685 -65.5388 380.458 
8.99e+08 0.0414293 -65.4215 380.882 
9e+08 0.0416701 -66.9105 381.306 
9.01e+08 0.0334853 -41.2437 381.73 
9.02e+08 0.0266722 -20.6931 382.155 
9.03e+08 0.0746536 -5.68374 382.579 
9.04e+08 0.0330531 -45.3721 383.003 
9.05e+08 0.0250428 -50.4414 383.428 
9.06e+08 0.0494463 -38.6276 383.852 
9.07e+08 0.0219741 -89.0001 384.276 
9.08e+08 0.0568584 -40.9876 384.7 
9.09e+08 0.0562438 -43.3818 385.125 
9.1e+08 0.0544546 -31.5056 385.549 
9.11e+08 0.0190639 -19.6487 385.973 
9.12e+08 0.0286713 -62.091 386.398 
9.13e+08 0.0360305 -85.2292 386.822 
9.14e+08 0.0417261 -74.6412 387.246 
9.15e+08 0.0413788 -31.8369 387.669 
9.16e+08 0.0317944 -69.7865 388.094 
9.17e+08 0.0760746 -30.5933 388.518 
9.18e+08 0.0507942 -17.9808 388.942 
9.19e+08 0.0704212 -115.195 389.366 
9.2e+08 0.0729 -62.6888 389.79 
9.21e+08 0.0444944 -44.1792 390.214 
9.22e+08 0.0674879 6.673 390.638 
9.23e+08 0.0796129 -47.8227 391.063 
9.24e+08 0.0575761 10.4153 391.487 
9.25e+08 0.0413729 -36.9101 391.911 
9.26e+08 0.0247626 -72.0349 392.335 
9.27e+08 0.0243464 -55.2695 392.76 
9.28e+08 0.0437963 -64.9988 393.184 
9.29e+08 0.0556198 -33.8618 393.608 
9.3e+08 0.0401853 -40.6831 394.032 
9.31e+08 0.0386752 -42.7906 394.456 
9.32e+08 0.0678181 -45.8458 394.879 
9.33e+08 0.0567997 -21.063 395.303 
9.34e+08 0.0333853 -35.8089 395.727 
9.35e+08 0.0542672 -71.8392 396.152 
9.36e+08 0.0651958 -58.715 396.576 
9.37e+08 0.0790572 -37.599 397 
9.38e+08 0.0252507 -50.5866 397.424 
9.39e+08 0.0408386 -49.2856 397.849 
9.4e+08 0.0680238 -23.8416 398.273 
9.41e+08 0.0463446 -37.7796 398.697 
9.42e+08 0.0668361 -41.7583 399.122 
9.43e+08 0.0619137 -41.6049 399.546 
9.44e+08 0.050345 -67.0851 399.971 
9.45e+08 0.0454869 -37.9919 400.395 
9.46e+08 0.0729805 -66.2686 400.819 
9.47e+08 0.0174637 -43.9428 401.243 
9.48e+08 0.047155 -45.2721 401.668 
9.49e+08 0.0322013 -70.7273 402.092 
9.5e+08 0.0211296 -38.9104 402.517 
9.51e+08 0.0480222 -64.0049 402.941 
9.52e+08 0.0274172 -71.7618 403.365 
9.53e+08 0.0467561 -54.9898 403.789 
9.54e+08 0.0472039 -45.4299 404.213 
9.55e+08 0.0837331 -75.5097 404.638 
9.56e+08 0.0511748 -28.4815 405.062 
9.57e+08 0.0263235 -56.5598 405.486 
9.58e+08 0.0436394 -62.9092 405.911 
9.59e+08 0.0228607 -65.8954 406.334 
9.6e+08 0.0259197 1.66661 406.758 
9.61e+08 0.0244743 -68.7637 407.182 
9.62e+08 0.0365357 -35.7305 407.606 
9.63e+08 0.0565734 -35.4343 408.03 
9.64e+08 0.0298721 -58.2046 408.453 
9.65e+08 0.0434099 -5.23764 408.877 
9.66e+08 0.0307548 -79.068 409.301 
9.67e+08 0.0718355 -79.8573 409.725 
9.68e+08 0.0787954 -43.4133 410.149 
9.69e+08 0.0370792 -40.8204 410.573 
9.7e+08 0.0243481 -64.1645 410.996 
9.71e+08 0.0119629 -50.1676 411.42 
9.72e+08 0.0400726 -10.6259 411.844 
9.73e+08 0.0327357 -2.2593 412.268 
9.74e+08 0.0262323 -45.4171 412.692 
9.75e+08 0.0259645 -52.0193 413.116 
9.76e+08 0.0428981 -58.4439 413.539 
9.77e+08 0.0459081 -58.9387 413.963 
9.78e+08 0.107887 -54.3911 414.386 
9.79e+08 0.0376093 -69.7093 414.81 
9.8e+08 0.0405212 -58.4794 415.234 
9.81e+08 0.0484967 -38.7598 415.657 
9.82e+08 0.016971 -12.8815 416.081 
9.83e+08 0.0446239 -59.159 416.504 
9.84e+08 0.0744655 -34.7621 416.927 
9.85e+08 0.0722252 -66.8726 417.351 
9.86e+08 0.0901429 -22.2407 417.775 
9.87e+08 0.0173128 -24.2256 418.199 
9.88e+08 0.0429709 -56.3796 418.623 
9.89e+08 0.079451 -109.897 419.047 
9.9e+08 0.0234969 -67.5749 419.471 
9.91e+08 0.0134411 -66.3324 419.895 
9.92e+08 0.0311804 -28.2618 420.319 
9.93e+08 0.0492315 -53.8167 420.743 
9.94e+08 0.0453322 -38.7409 421.167 
9.95e+08 0.0503265 -61.021 421.591 
9.96e+08 0.03909 -23.6186 422.015 
9.97e+08 0.0492511 7.49327 422.438 
9.98e+08 0.0390708 -61.0139 422.862 
9.99e+08 0.0780656 -25.479 423.287 
1e+09 0.0485861 -45.4649 423.711 
