0 0.0611356 19.6034 0 
1e+06 0.0258068 -46.1022 0.423438 
2e+06 0.0641511 -47.746 0.846801 
3e+06 0.0610764 -44.3561 1.27003 
4e+06 0.0805635 -35.0545 1.69322 
5e+06 0.0318445 -38.3124 2.11678 
6e+06 0.0460526 -17.5599 2.54018 
7e+06 0.0642042 -79.3224 2.96357 
8e+06 0.0562915 -76.7152 3.38716 
9e+06 0.0510507 -58.8395 3.81056 
1e+07 0.0310699 -30.9231 4.23413 
1.1e+07 0.0411602 -63.355 4.6576 
1.2e+07 0.0106048 -57.7992 5.08104 
1.3e+07 0.014873 -80.2656 5.50436 
1.4e+07 0.0519197 -61.8556 5.92777 
1.5e+07 0.0425484 -53.456 6.35118 
1.6e+07 0.00828424 -93.2771 6.77462 
1.7e+07 0.0226475 -24.1738 7.19807 
1.8e+07 0.0442105 -73.9192 7.6217 
1.9e+07 0.0477814 -19.6047 8.04514 
2e+07 0.0600878 -54.6352 8.46864 
2.1e+07 0.0439735 -38.6141 8.89212 
2.2e+07 0.0671889 -63.9969 9.31558 
2.3e+07 0.022956 -44.2837 9.73902 
2.4e+07 0.019713 -87.5135 10.1624 
2.5e+07 0.0440449 -39.868 10.5857 
2.6e+07 0.0428008 -42.9106 11.009 
2.7e+07 0.0354701 -73.5128 11.4324 
2.8e+07 0.0201808 -86.0914 11.8558 
2.9e+07 0.0404088 -43.6255 12.2794 
3e+07 0.0298438 -77.5733 12.7037 
3.1e+07 0.0557321 -62.4244 13.1271 
3.2e+07 0.0398721 -74.8779 13.5506 
3.3e+07 0.00141746 -69.6953 13.9741 
3.4e+07 0.019768 -53.6133 14.3975 
3.5e+07 0.0412306 -69.7057 14.8209 
3.6e+07 0.0697994 -59.1332 15.2442 
3.7e+07 0.0452382 -41.5443 15.6676 
3.8e+07 0.053069 -31.5609 16.0911 
3.9e+07 0.0280264 -26.8669 16.5146 
4e+07 0.0308158 -42.6153 16.938 
4.1e+07 0.0534052 -91.536 17.3614 
4.2e+07 0.0325444 -73.4918 17.7846 
4.3e+07 0.0388022 -29.9883 18.208 
4.4e+07 0.0779063 -45.4189 18.6314 
4.5e+07 0.0242583 -83.849 19.055 
4.6e+07 0.0448585 -34.0441 19.4782 
4.7e+07 0.0371451 -27.2141 19.9015 
4.8e+07 0.0298791 -124.657 20.3255 
4.9e+07 0.0280835 -54.6556 20.7488 
5e+07 0.0392163 -73.9719 21.1723 
5.1e+07 0.0500578 -47.5696 21.5957 
5.2e+07 0.0612519 -26.8663 22.0191 
5.3e+07 0.00344785 -62.2599 22.4425 
5.4e+07 0.0709959 -37.7823 22.8659 
5.5e+07 0.0463704 -57.5142 23.2892 
5.6e+07 0.0230637 -46.8687 23.7126 
5.7e+07 0.0691021 -38.2674 24.1361 
5.8e+07 0.00511417 -87.7838 24.5596 
5.9e+07 0.0533269 -85.4269 24.983 
6e+07 0.0136461 -111.697 25.4065 
6.1e+07 0.0534334 -78.6134 25.8302 
6.2e+07 0.0831847 -60.1878 26.2537 
6.3e+07 0.0194528 -23.6326 26.677 
6.4e+07 0.0558223 -21.354 27.1005 
6.5e+07 0.0159753 -14.2222 27.524 
6.6e+07 0.0356045 -58.9447 27.9473 
6.7e+07 0.0458236 -43.527 28.3709 
6.8e+07 0.0678966 -51.6328 28.7944 
6.9e+07 0.0380772 -22.2843 29.218 
7e+07 0.0579456 -55.5915 29.6414 
7.1e+07 0.0400328 -7.81673 30.0647 
7.2e+07 0.0646315 -85.0296 30.4879 
7.3e+07 0.0276183 -60.2276 30.9113 
7.4e+07 0.0537416 -50.9554 31.3348 
7.5e+07 0.0555299 -90.6497 31.7581 
7.6e+07 0.093646 -39.4753 32.1818 
7.7e+07 0.0498731 -71.1924 32.6053 
7.8e+07 0.09843 27.5012 33.0298 
7.9e+07 0.087132 -31.5123 33.4528 
8e+07 0.0694327 -92.3634 33.876 
8.1e+07 0.0655947 -60.894 34.2996 
8.2e+07 0.055388 -43.6247 34.7228 
8.3e+07 0.0492763 0.0603476 35.1457 
8.4e+07 0.0333629 -59.5635 35.5689 
8.5e+07 0.0476212 -58.6091 35.9921 
8.6e+07 0.0214722 -70.6743 36.4158 
8.7e+07 0.0368049 -56.9112 36.839 
8.8e+07 0.0621896 -43.8793 37.2624 
8.9e+07 0.06121 -40.7355 37.6856 
9e+07 0.0338689 -87.757 38.1087 
9.1e+07 0.0428294 -8.52279 38.532 
9.2e+07 0.057518 -42.1555 38.9553 
9.3e+07 0.0404632 -28.7115 39.3787 
9.4e+07 0.0220992 -103.598 39.802 
9.5e+07 0.0356425 -49.9092 40.2256 
9.6e+07 0.0461699 -26.0181 40.6489 
9.7e+07 0.0293726 -30.5899 41.0724 
9.8e+07 0.0436538 -25.9598 41.4958 
9.9e+07 0.0535068 -64.3019 41.9192 
1e+08 0.0416136 -18.1782 42.3427 
1.01e+08 0.0536858 -59.923 42.7661 
1.02e+08 0.021233 -92.6059 43.1897 
1.03e+08 0.0471457 -20.4084 43.6131 
1.04e+08 0.0184635 -83.4927 44.0366 
1.05e+08 0.0568619 -43.3502 44.4601 
1.06e+08 0.0405709 -39.1774 44.8836 
1.07e+08 0.0316638 -46.0063 45.3069 
1.08e+08 0.0468266 -26.9711 45.7302 
1.09e+08 0.0496167 -47.6804 46.1536 
1.1e+08 0.025657 -46.3711 46.5779 
1.11e+08 0.0591175 -25.5124 47.0013 
1.12e+08 0.0356731 -56.6285 47.4244 
1.13e+08 0.045583 -44.0264 47.8475 
1.14e+08 0.0449884 -35.8547 48.2713 
1.15e+08 0.0502295 -51.2232 48.6944 
1.16e+08 0.0265683 -95.4633 49.1176 
1.17e+08 0.0404659 -35.1169 49.5409 
1.18e+08 0.0442714 -76.4732 49.9642 
1.19e+08 0.0150098 9.31984 50.388 
1.2e+08 0.0356162 -58.9439 50.8114 
1.21e+08 0.0135072 -57.6296 51.235 
1.22e+08 0.0436292 -30.9795 51.6584 
1.23e+08 0.06365 -32.7039 52.082 
1.24e+08 0.0292193 -71.9668 52.5054 
1.25e+08 0.050659 -36.8391 52.9297 
1.26e+08 0.0607391 -59.9543 53.3532 
1.27e+08 0.0570603 -16.1406 53.7766 
1.28e+08 0.0446405 -75.9114 54.1999 
1.29e+08 0.0484899 -77.9773 54.6232 
1.3e+08 0.0389171 -69.8426 55.0465 
1.31e+08 0.0557204 -32.3971 55.4697 
1.32e+08 0.0163667 -14.8271 55.893 
1.33e+08 0.0464137 -73.9329 56.3165 
1.34e+08 0.0408631 -88.9069 56.7398 
1.35e+08 0.0680575 -69.7377 57.1631 
1.36e+08 0.0262793 -49.3046 57.5864 
1.37e+08 0.0471107 -56.5254 58.0097 
1.38e+08 0.053869 -38.7961 58.4329 
1.39e+08 0.0609161 -49.3201 58.8562 
1.4e+08 0.0220744 -66.5386 59.2796 
1.41e+08 0.0680776 -76.2294 59.7029 
1.42e+08 0.0932856 -56.024 60.1264 
1.43e+08 0.0670739 -88.7829 60.5496 
1.44e+08 0.0413184 -55.4601 60.9728 
1.45e+08 0.0403115 -77.7682 61.396 
1.46e+08 0.0616254 -46.7951 61.8193 
1.47e+08 0.063862 -44.69 62.2427 
1.48e+08 0.0473525 -36.125 62.666 
1.49e+08 0.0181518 -49.2783 63.0894 
1.5e+08 0.05068 -35.5619 63.5126 
1.51e+08 0.0427733 -48.6501 63.9359 
1.52e+08 0.067265 -14.5706 64.3593 
1.53e+08 0.0718301 -83.851 64.7827 
1.54e+08 0.0464966 -67.8229 65.206 
1.55e+08 0.0517235 -47.5112 65.6293 
1.56e+08 0.0128187 -99.7269 66.0527 
1.57e+08 0.0532401 -83.4203 66.476 
1.58e+08 0.0103458 -24.6257 66.8993 
1.59e+08 0.0364901 -47.7896 67.3226 
1.6e+08 0.0329685 -18.2561 67.7458 
1.61e+08 0.028348 -51.7659 68.1691 
1.62e+08 0.0584355 -33.7027 68.5924 
1.63e+08 0.0635875 -61.1628 69.0158 
1.64e+08 0.0219708 -72.1596 69.439 
1.65e+08 0.0521725 -61.9074 69.8622 
1.66e+08 0.047187 -75.1834 70.2854 
1.67e+08 0.0416333 -44.5959 70.7087 
1.68e+08 0.033759 -55.464 71.132 
1.69e+08 0.0155826 -48.9122 71.5552 
1.7e+08 0.0759492 -40.3779 71.9785 
1.71e+08 0.0892021 -66.7143 72.402 
1.72e+08 0.023193 -38.7393 72.8252 
1.73e+08 0.0590645 -92.8881 73.2486 
1.74e+08 0.0402666 -7.89682 73.6718 
1.75e+08 0.0588354 -34.1883 74.0952 
1.76e+08 0.0389515 -85.551 74.5185 
1.77e+08 0.035387 -62.8182 74.9427 
1.78e+08 0.0589641 -63.1187 75.366 
1.79e+08 0.0337194 -41.7463 75.7892 
1.8e+08 0.0766656 -38.2676 76.2127 
1.81e+08 0.0496611 -80.4745 76.636 
1.82e+08 0.0307891 -50.0742 77.0594 
1.83e+08 0.0675218 -68.8179 77.4827 
1.84e+08 0.0559019 -32.483 77.9063 
1.85e+08 0.0812959 -35.699 78.3297 
1.86e+08 0.0405606 -55.0307 78.753 
1.87e+08 0.0491139 -48.7204 79.1763 
1.88e+08 0.0300648 -50.2634 79.5996 
1.89e+08 0.0299593 -51.1966 80.0235 
1.9e+08 0.0477305 -24.4716 80.4471 
1.91e+08 0.0409933 -55.2672 80.8706 
1.92e+08 0.0489907 -33.8234 81.2941 
1.93e+08 0.0189396 -73.4731 81.7175 
1.94e+08 0.0100941 -60.3132 82.1408 
1.95e+08 0.0217297 -52.3491 82.5642 
1.96e+08 0.0327702 -37.6525 82.9877 
1.97e+08 0.0730243 -98.7886 83.411 
1.98e+08 0.0222962 -24.1985 83.8343 
1.99e+08 0.0633275 -24.9922 84.258 
2e+08 0.050319 -68.6989 84.6814 
2.01e+08 0.0651146 -71.8711 85.1049 
2.02e+08 0.0256359 -39.2734 85.5282 
2.03e+08 0.0701567 -61.5833 85.9516 
2.04e+08 0.0449599 -41.8378 86.3751 
2.05e+08 0.0405738 -78.9561 86.7985 
2.06e+08 0.0669833 -69.1401 87.2219 
2.07e+08 0.0591299 -86.2771 87.6454 
2.08e+08 0.017939 -66.1488 88.0688 
2.09e+08 0.0560227 -77.8959 88.4923 
2.1e+08 0.0571611 -25.0258 88.9158 
2.11e+08 0.0518933 -88.682 89.3393 
2.12e+08 0.020478 -56.4253 89.7627 
2.13e+08 0.0893102 -61.6407 90.1861 
2.14e+08 0.0309036 -69.7703 90.6095 
2.15e+08 0.0454699 -35.5049 91.0331 
2.16e+08 0.0168475 31.6971 91.4564 
2.17e+08 0.0244389 -79.5363 91.8797 
2.18e+08 0.0645476 -36.1892 92.3033 
2.19e+08 0.0474926 -69.4146 92.7265 
2.2e+08 0.0519559 -37.7988 93.1498 
2.21e+08 0.0425833 -65.9406 93.5732 
2.22e+08 0.0308329 -60.7218 93.9965 
2.23e+08 0.0518508 -39.9735 94.42 
2.24e+08 0.0152224 -73.9207 94.8433 
2.25e+08 0.0660922 -81.2953 95.2673 
2.26e+08 0.0695027 -47.2642 95.6904 
2.27e+08 0.0350248 -69.7124 96.1137 
2.28e+08 0.0320529 -31.6423 96.5371 
2.29e+08 0.0402194 -65.2198 96.9603 
2.3e+08 0.0217117 -75.8019 97.3845 
2.31e+08 0.0380519 -14.9743 97.8077 
2.32e+08 0.0397457 -20.0696 98.231 
2.33e+08 0.0298248 -62.1167 98.6541 
2.34e+08 0.0376345 -36.0006 99.0773 
2.35e+08 0.0773849 -54.3058 99.5007 
2.36e+08 0.0622307 -51.7795 99.924 
2.37e+08 0.0217846 -54.9873 100.347 
2.38e+08 0.0312277 -54.5398 100.771 
2.39e+08 0.0422531 -49.9893 101.194 
2.4e+08 0.0344449 -37.1794 101.617 
2.41e+08 0.032179 -61.6252 102.04 
2.42e+08 0.0409823 -21.679 102.464 
2.43e+08 0.0593371 -79.5315 102.887 
2.44e+08 0.0430494 -26.1438 103.31 
2.45e+08 0.0513318 -52.9505 103.733 
2.46e+08 0.0573452 -59.1538 104.157 
2.47e+08 0.0204002 -36.1277 104.58 
2.48e+08 0.0764993 -77.2761 105.003 
2.49e+08 0.0327585 -69.5873 105.426 
2.5e+08 0.019832 -21.7787 105.85 
2.51e+08 0.0291197 -40.5218 106.273 
2.52e+08 0.0495834 -30.0898 106.697 
2.53e+08 0.0490181 -33.2601 107.12 
2.54e+08 0.0784434 -24.0111 107.544 
2.55e+08 0.0377235 -75.0281 107.967 
2.56e+08 0.0651004 -38.5763 108.39 
2.57e+08 0.0590574 -77.6472 108.814 
2.58e+08 0.0662681 -51.9748 109.237 
2.59e+08 0.0349739 -55.1347 109.661 
2.6e+08 0.0909856 -70.2082 110.085 
2.61e+08 0.0445004 -71.3588 110.508 
2.62e+08 0.0197215 -18.2652 110.931 
2.63e+08 0.0278419 -43.407 111.355 
2.64e+08 0.0436377 -62.8139 111.778 
2.65e+08 0.0488678 -26.4628 112.202 
2.66e+08 0.0151059 6.94613 112.625 
2.67e+08 0.0464502 -28.2173 113.048 
2.68e+08 0.0113121 -29.0922 113.472 
2.69e+08 0.0657568 -55.0606 113.895 
2.7e+08 0.0325232 -101.461 114.319 
2.71e+08 0.0804437 -20.3478 114.742 
2.72e+08 0.0578813 -61.443 115.165 
2.73e+08 0.03131 -69.5415 115.589 
2.74e+08 0.0890578 -92.1679 116.012 
2.75e+08 0.0412428 -52.3238 116.436 
2.76e+08 0.0725359 -44.4735 116.859 
2.77e+08 0.0358903 -80.1602 117.283 
2.78e+08 0.0262829 -50.4769 117.706 
2.79e+08 0.0583143 -48.7675 118.13 
2.8e+08 0.038653 -29.8254 118.553 
2.81e+08 0.0583676 -55.831 118.977 
2.82e+08 0.0398389 -34.2636 119.4 
2.83e+08 0.0476654 -69.7921 119.823 
2.84e+08 0.0455677 -46.9181 120.247 
2.85e+08 0.0269577 -33.9999 120.67 
2.86e+08 0.0344996 -48.8545 121.094 
2.87e+08 0.0440453 -2.50242 121.517 
2.88e+08 0.0483407 -96.7817 121.941 
2.89e+08 0.0236574 -35.7573 122.364 
2.9e+08 0.0636659 -19.1764 122.787 
2.91e+08 0.042701 -44.9961 123.212 
2.92e+08 0.0732427 -55.838 123.635 
2.93e+08 0.0539459 -71.861 124.058 
2.94e+08 0.0558053 -80.437 124.482 
2.95e+08 0.0433149 -59.0697 124.905 
2.96e+08 0.0901452 -58.9609 125.328 
2.97e+08 0.0197266 -55.5673 125.752 
2.98e+08 0.0397284 -82.9004 126.175 
2.99e+08 0.0692836 -65.5536 126.598 
3e+08 0.0599965 -64.8298 127.022 
3.01e+08 0.0276773 -75.9533 127.445 
3.02e+08 0.102109 -101.21 127.868 
3.03e+08 0.047693 -88.1521 128.292 
3.04e+08 0.0271034 -27.5672 128.715 
3.05e+08 0.0844732 -58.199 129.139 
3.06e+08 0.0597928 -24.3324 129.562 
3.07e+08 0.032185 -38.1422 129.985 
3.08e+08 0.0435101 -51.5557 130.408 
3.09e+08 0.0303183 -3.72956 130.832 
3.1e+08 0.0402215 -50.0765 131.255 
3.11e+08 0.0442319 -29.4695 131.678 
3.12e+08 0.0521176 -58.0404 132.101 
3.13e+08 0.044584 3.98058 132.525 
3.14e+08 0.0126004 -50.0067 132.948 
3.15e+08 0.0147767 -15.4291 133.372 
3.16e+08 0.0362168 -40.6028 133.795 
3.17e+08 0.0421736 -31.109 134.218 
3.18e+08 0.0656882 -63.6277 134.641 
3.19e+08 0.0200994 -98.8507 135.065 
3.2e+08 0.049109 -18.7603 135.488 
3.21e+08 0.0377521 -42.4882 135.911 
3.22e+08 0.0202605 -30.1356 136.335 
3.23e+08 0.0573313 -34.5843 136.758 
3.24e+08 0.0302922 -45.0588 137.182 
3.25e+08 0.0298376 -37.6001 137.605 
3.26e+08 0.0367253 -58.9668 138.029 
3.27e+08 0.0327654 -38.2723 138.452 
3.28e+08 0.0176663 -61.1366 138.875 
3.29e+08 0.0560585 -33.9513 139.299 
3.3e+08 0.06621 -83.5865 139.722 
3.31e+08 0.0207253 -16.9223 140.146 
3.32e+08 0.0700711 -85.1903 140.569 
3.33e+08 0.0527883 -53.9552 140.993 
3.34e+08 0.0656291 -72.6925 141.416 
3.35e+08 0.0455032 -37.3658 141.839 
3.36e+08 0.0636923 -64.7994 142.262 
3.37e+08 0.0572059 -71.6476 142.686 
3.38e+08 0.0488002 -16.6568 143.109 
3.39e+08 0.0519699 -63.9866 143.533 
3.4e+08 0.0241641 -52.4313 143.956 
3.41e+08 0.038627 -58.8981 144.38 
3.42e+08 0.046717 -40.3974 144.803 
3.43e+08 0.0464714 -57.483 145.226 
3.44e+08 0.0471403 -41.9561 145.65 
3.45e+08 0.0316894 -38.9741 146.073 
3.46e+08 0.0617063 -69.5231 146.497 
3.47e+08 0.0279684 -27.146 146.92 
3.48e+08 0.0820223 -37.8997 147.344 
3.49e+08 0.0396683 -93.1626 147.767 
3.5e+08 0.0665 -21.196 148.191 
3.51e+08 0.0162381 -36.2972 148.614 
3.52e+08 0.0234927 -68.016 149.038 
3.53e+08 0.0386798 -55.4535 149.461 
3.54e+08 0.0263204 -45.4365 149.885 
3.55e+08 0.0202646 -49.0278 150.308 
3.56e+08 0.0478864 -40.5938 150.731 
3.57e+08 0.0464647 -48.0904 151.155 
3.58e+08 0.0215115 -42.1153 151.578 
3.59e+08 0.0116005 -62.533 152.001 
3.6e+08 0.0329432 -27.8475 152.425 
3.61e+08 0.0588971 -14.7107 152.848 
3.62e+08 0.0316078 -55.8141 153.272 
3.63e+08 0.0248453 -79.8232 153.695 
3.64e+08 0.0220641 -66.7018 154.119 
3.65e+08 0.047769 -37.7978 154.542 
3.66e+08 0.0644871 -48.8264 154.965 
3.67e+08 0.0507611 -34.7855 155.389 
3.68e+08 0.0325111 -90.4206 155.812 
3.69e+08 0.0301371 -45.2099 156.236 
3.7e+08 0.0879269 -83.717 156.659 
3.71e+08 0.0497919 -85.1276 157.083 
3.72e+08 0.0436242 -52.5345 157.506 
3.73e+08 0.036957 -48.2982 157.929 
3.74e+08 0.03592 -72.8105 158.352 
3.75e+08 0.0340771 -62.4858 158.776 
3.76e+08 0.0664401 -83.8419 159.199 
3.77e+08 0.0113319 -42.1745 159.622 
3.78e+08 0.0666192 -45.4379 160.046 
3.79e+08 0.0496263 -80.3076 160.469 
3.8e+08 0.0612769 -52.5418 160.892 
3.81e+08 0.0107855 -21.6274 161.316 
3.82e+08 0.0524243 -22.1009 161.739 
3.83e+08 0.032231 -50.2026 162.162 
3.84e+08 0.0210442 -22.4316 162.586 
3.85e+08 0.0464894 -16.5874 163.009 
3.86e+08 0.0475455 -87.3674 163.432 
3.87e+08 0.0422485 -19.54 163.856 
3.88e+08 0.0289256 -42.0226 164.279 
3.89e+08 0.0337952 -19.637 164.703 
3.9e+08 0.0606408 -88.0254 165.126 
3.91e+08 0.05073 -92.2133 165.549 
3.92e+08 0.0425052 -44.3232 165.972 
3.93e+08 0.00407797 -55.1526 166.395 
3.94e+08 0.081076 -81.4292 166.82 
3.95e+08 0.0236024 -71.9955 167.243 
3.96e+08 0.0347733 -36.2972 167.666 
3.97e+08 0.0416777 -35.6834 168.09 
3.98e+08 0.0842807 -42.048 168.513 
3.99e+08 0.0527004 -92.848 168.937 
4e+08 0.0240444 -50.3689 169.361 
4.01e+08 0.0571251 -58.7845 169.784 
4.02e+08 0.0668029 -95.6672 170.208 
4.03e+08 0.0484477 -52.4373 170.631 
4.04e+08 0.047606 -1.43455 171.055 
4.05e+08 0.0561502 -26.1007 171.478 
4.06e+08 0.0254219 -80.0107 171.901 
4.07e+08 0.028197 -52.4804 172.325 
4.08e+08 0.0283189 -36.6394 172.748 
4.09e+08 0.041479 -59.0504 173.171 
4.1e+08 0.0622006 -60.7466 173.595 
4.11e+08 0.0550684 -67.2037 174.018 
4.12e+08 0.0544486 -72.2351 174.441 
4.13e+08 0.0258968 -66.5348 174.864 
4.14e+08 0.0429001 -37.6831 175.288 
4.15e+08 0.0601019 -80.3756 175.711 
4.16e+08 0.0474771 -65.7541 176.134 
4.17e+08 0.0781878 -40.5518 176.558 
4.18e+08 0.066925 -50.9441 176.981 
4.19e+08 0.0486308 -42.7783 177.404 
4.2e+08 0.0493011 -89.3255 177.827 
4.21e+08 0.0436526 -70.0397 178.251 
4.22e+08 0.0302873 -73.4902 178.674 
4.23e+08 0.0167954 -41.718 179.098 
4.24e+08 0.0527385 -61.4443 179.521 
4.25e+08 0.0360671 -33.4033 179.944 
4.26e+08 0.0293853 -48.0349 180.368 
4.27e+08 0.0517799 -61.7386 180.791 
4.28e+08 0.0566226 -40.4561 181.214 
4.29e+08 0.0518687 -40.1773 181.638 
4.3e+08 0.0597296 -49.0819 182.061 
4.31e+08 0.0464436 -80.3991 182.484 
4.32e+08 0.0238547 -37.1474 182.907 
4.33e+08 0.0274092 -49.7995 183.331 
4.34e+08 0.0372321 -23.2252 183.754 
4.35e+08 0.040419 -56.5569 184.178 
4.36e+08 0.0288912 -44.1173 184.601 
4.37e+08 0.0165679 -77.1232 185.025 
4.38e+08 0.0529514 -42.2336 185.448 
4.39e+08 0.0482936 -51.7083 185.872 
4.4e+08 0.0578387 -75.6143 186.295 
4.41e+08 0.0547498 -25.4424 186.719 
4.42e+08 0.0398907 -72.0698 187.142 
4.43e+08 0.058749 -75.1012 187.565 
4.44e+08 0.05117 -26.97 187.988 
4.45e+08 0.0281707 -81.5649 188.412 
4.46e+08 0.0526658 -30.9579 188.835 
4.47e+08 0.0672253 -77.6258 189.259 
4.48e+08 0.0591665 -67.1789 189.682 
4.49e+08 0.0581863 -32.6487 190.106 
4.5e+08 0.0159323 -31.5314 190.529 
4.51e+08 0.0257358 -5.12426 190.953 
4.52e+08 0.0217698 -33.4994 191.376 
4.53e+08 0.0445064 -66.5657 191.8 
4.54e+08 0.0611014 -54.4528 192.223 
4.55e+08 0.05676 -28.2326 192.647 
4.56e+08 0.0493492 -44.2657 193.07 
4.57e+08 0.0678497 -62.0212 193.495 
4.58e+08 0.0606921 -80.7072 193.918 
4.59e+08 0.0698837 -61.6123 194.341 
4.6e+08 0.0412051 -18.1351 194.765 
4.61e+08 0.0410939 -50.0344 195.188 
4.62e+08 0.0439017 -99.8892 195.611 
4.63e+08 0.0292606 -84.9067 196.034 
4.64e+08 0.0265481 -68.193 196.458 
4.65e+08 0.0216331 -54.229 196.881 
4.66e+08 0.0231031 -52.6109 197.305 
4.67e+08 0.0542515 -19.5457 197.728 
4.68e+08 0.0416396 -53.0957 198.151 
4.69e+08 0.0800636 -58.7084 198.574 
4.7e+08 0.0490774 -80.8302 198.998 
4.71e+08 0.055101 -61.3704 199.421 
4.72e+08 0.0268257 -60.2587 199.844 
4.73e+08 0.0521463 -48.4207 200.268 
4.74e+08 0.0615496 -35.9406 200.692 
4.75e+08 0.0388336 -90.2314 201.115 
4.76e+08 0.0448084 -37.6408 201.538 
4.77e+08 0.022026 -54.2426 201.961 
4.78e+08 0.0472646 -67.5154 202.385 
4.79e+08 0.0312292 -55.9783 202.808 
4.8e+08 0.0617473 -34.6222 203.231 
4.81e+08 0.0658654 -18.9225 203.655 
4.82e+08 0.0382426 -60.891 204.078 
4.83e+08 0.0478355 -53.5194 204.502 
4.84e+08 0.0668349 -69.2543 204.926 
4.85e+08 0.0792446 -55.2527 205.349 
4.86e+08 0.109379 -75.4619 205.772 
4.87e+08 0.0307129 -64.2809 206.196 
4.88e+08 0.0154446 -22.0749 206.619 
4.89e+08 0.0409999 -33.0068 207.042 
4.9e+08 0.0325204 -56.9353 207.466 
4.91e+08 0.0257699 -84.9282 207.889 
4.92e+08 0.0479005 -63.971 208.312 
4.93e+08 0.0709684 -74.9048 208.735 
4.94e+08 0.043465 -32.906 209.159 
4.95e+08 0.0527249 -23.164 209.582 
4.96e+08 0.032727 -78.5297 210.005 
4.97e+08 0.0361376 -44.0654 210.428 
4.98e+08 0.0295622 -48.9194 210.852 
4.99e+08 0.0402607 -46.0109 211.275 
5e+08 0.0662343 -58.4415 211.698 
5.01e+08 0.0528968 -66.7498 212.121 
5.02e+08 0.0236962 -78.6277 212.545 
5.03e+08 0.0420992 -87.813 212.968 
5.04e+08 0.0784154 -61.4362 213.391 
5.05e+08 0.0394595 -40.7779 213.816 
5.06e+08 0.0589303 -77.0279 214.239 
5.07e+08 0.0654629 -46.8853 214.662 
5.08e+08 0.0625634 -33.9675 215.085 
5.09e+08 0.055878 -28.2699 215.509 
5.1e+08 0.0462912 -26.0344 215.932 
5.11e+08 0.0293674 -61.7294 216.356 
5.12e+08 0.0311785 -69.7712 216.779 
5.13e+08 0.0429994 -47.2251 217.203 
5.14e+08 0.051135 -127.356 217.626 
5.15e+08 0.0305106 -45.4212 218.05 
5.16e+08 0.0198578 -37.24 218.473 
5.17e+08 0.0344835 -69.2834 218.897 
5.18e+08 0.0519495 -32.0597 219.32 
5.19e+08 0.0437498 -24.1479 219.744 
5.2e+08 0.0194996 -32.2031 220.167 
5.21e+08 0.0346114 -50.8415 220.591 
5.22e+08 0.034644 -42.2909 221.014 
5.23e+08 0.0448669 -52.7757 221.438 
5.24e+08 0.0290707 -74.9593 221.861 
5.25e+08 0.0109584 -49.1891 222.285 
5.26e+08 0.0452577 -54.0116 222.708 
5.27e+08 0.0309897 -33.3491 223.132 
5.28e+08 0.0293974 -27.6826 223.555 
5.29e+08 0.0457175 -31.1478 223.979 
5.3e+08 0.0583746 -38.7496 224.402 
5.31e+08 0.0349334 -40.6682 224.826 
5.32e+08 0.0592649 -54.8817 225.249 
5.33e+08 0.0436104 -65.7326 225.673 
5.34e+08 0.0433475 -56.7159 226.096 
5.35e+08 0.0627006 -82.4713 226.52 
5.36e+08 0.0352826 -56.6253 226.945 
5.37e+08 0.0250335 -77.1692 227.368 
5.38e+08 0.0276293 -27.8623 227.791 
5.39e+08 0.028544 -49.0689 228.215 
5.4e+08 0.0730366 -65.3366 228.638 
5.41e+08 0.0521491 -32.8854 229.062 
5.42e+08 0.0278409 -66.4053 229.485 
5.43e+08 0.0234159 -45.2984 229.908 
5.44e+08 0.0618264 -86.5916 230.332 
5.45e+08 0.0308141 -30.5117 230.755 
5.46e+08 0.043411 -24.3215 231.178 
5.47e+08 0.0437392 -62.4278 231.601 
5.48e+08 0.0430485 -75.9155 232.025 
5.49e+08 0.0427111 -35.3034 232.448 
5.5e+08 0.0179227 -64.7218 232.872 
5.51e+08 0.0504221 -70.5408 233.295 
5.52e+08 0.0308665 -45.7685 233.719 
5.53e+08 0.0128015 -45.2959 234.142 
5.54e+08 0.0346618 -49.5711 234.566 
5.55e+08 0.0380583 -72.4747 234.989 
5.56e+08 0.0519801 -54.552 235.412 
5.57e+08 0.024435 -24.2007 235.836 
5.58e+08 0.0212782 -44.5502 236.26 
5.59e+08 0.0230456 -47.4381 236.683 
5.6e+08 0.0828123 -82.8704 237.106 
5.61e+08 0.0360079 -31.8157 237.53 
5.62e+08 0.0244362 -52.2062 237.953 
5.63e+08 0.0470602 -72.1899 238.377 
5.64e+08 0.0634996 -11.5231 238.8 
5.65e+08 0.0448983 -63.4994 239.224 
5.66e+08 0.0354797 -42.7218 239.647 
5.67e+08 0.030006 -20.6438 240.071 
5.68e+08 0.115141 -94.6576 240.494 
5.69e+08 0.0575588 -16.222 240.918 
5.7e+08 0.0574867 -70.233 241.341 
5.71e+08 0.0571288 -69.0766 241.764 
5.72e+08 0.0435529 -54.2962 242.188 
5.73e+08 0.0321239 -51.1643 242.611 
5.74e+08 0.0525131 -58.0595 243.034 
5.75e+08 0.013591 -43.6498 243.458 
5.76e+08 0.0748055 -61.8329 243.881 
5.77e+08 0.0507759 -27.4613 244.305 
5.78e+08 0.031724 -54.7604 244.728 
5.79e+08 0.0531401 -53.8098 245.151 
5.8e+08 0.0370592 -91.3882 245.574 
5.81e+08 0.0234225 -66.9024 245.998 
5.82e+08 0.0630105 -37.6928 246.421 
5.83e+08 0.0524277 -74.2671 246.844 
5.84e+08 0.0405097 -36.2068 247.268 
5.85e+08 0.0637507 -111.676 247.691 
5.86e+08 0.050245 -41.2234 248.114 
5.87e+08 0.0871779 -57.8422 248.538 
5.88e+08 0.0296634 -12.7068 248.961 
5.89e+08 0.0672042 -54.602 249.384 
5.9e+08 0.0191278 -38.6241 249.808 
5.91e+08 0.0564444 -66.8615 250.232 
5.92e+08 0.0369354 -67.8368 250.655 
5.93e+08 0.0453917 -53.0208 251.079 
5.94e+08 0.0645103 -57.5203 251.502 
5.95e+08 0.0333443 -47.3173 251.926 
5.96e+08 0.074059 -39.073 252.349 
5.97e+08 0.0755813 -59.1567 252.773 
5.98e+08 0.0669432 -24.7387 253.196 
5.99e+08 0.0413483 -48.2709 253.62 
6e+08 0.0300898 -10.7231 254.043 
6.01e+08 0.0444675 -34.9525 254.467 
6.02e+08 0.0292842 -39.7804 254.89 
6.03e+08 0.0697508 -38.2177 255.314 
6.04e+08 0.0444224 -36.108 255.738 
6.05e+08 0.0452651 -82.1267 256.161 
6.06e+08 0.0465253 -61.1445 256.585 
6.07e+08 0.0463649 -34.3924 257.008 
6.08e+08 0.0356211 -38.398 257.432 
6.09e+08 0.0138535 -35.8236 257.855 
6.1e+08 0.0361731 -58.7502 258.279 
6.11e+08 0.0629198 -41.7448 258.702 
6.12e+08 0.0396763 -65.946 259.126 
6.13e+08 0.0364907 -34.9255 259.549 
6.14e+08 0.0818255 -78.9537 259.973 
6.15e+08 0.0350978 -37.8601 260.396 
6.16e+08 0.0278175 -51.8486 260.819 
6.17e+08 0.0553017 -54.5807 261.243 
6.18e+08 0.0517112 -53.0834 261.666 
6.19e+08 0.0359398 -14.0443 262.09 
6.2e+08 0.0393016 -25.8988 262.513 
6.21e+08 0.079683 -76.0177 262.936 
6.22e+08 0.0668438 -70.511 263.36 
6.23e+08 0.0473533 -28.1936 263.783 
6.24e+08 0.0623039 -68.071 264.207 
6.25e+08 0.0505178 -73.174 264.63 
6.26e+08 0.00706966 -49.9898 265.054 
6.27e+08 0.0324238 -86.0254 265.477 
6.28e+08 0.0470263 -48.3084 265.901 
6.29e+08 0.0605354 -59.8867 266.324 
6.3e+08 0.0221331 -34.4229 266.748 
6.31e+08 0.0210097 -78.3125 267.171 
6.32e+08 0.0446158 -71.1539 267.594 
6.33e+08 0.0559439 -27.8996 268.017 
6.34e+08 0.037533 -19.2782 268.441 
6.35e+08 0.0756639 -42.5611 268.864 
6.36e+08 0.0196537 -42.8082 269.287 
6.37e+08 0.0140406 -56.4132 269.711 
6.38e+08 0.0236862 -12.6272 270.134 
6.39e+08 0.0419965 -24.2532 270.557 
6.4e+08 0.0297188 -16.8296 270.98 
6.41e+08 0.0461629 -66.3598 271.404 
6.42e+08 0.00526833 -24.0671 271.827 
6.43e+08 0.0413091 -67.3485 272.25 
6.44e+08 0.0662456 -42.9612 272.673 
6.45e+08 0.0510296 -91.4643 273.097 
6.46e+08 0.0537626 -99.1242 273.52 
6.47e+08 0.0278829 -40.9021 273.943 
6.48e+08 0.0529514 -45.0709 274.367 
6.49e+08 0.0597205 -84.1594 274.79 
6.5e+08 0.0322299 -56.9949 275.213 
6.51e+08 0.0293742 -49.2986 275.636 
6.52e+08 0.0663649 -62.9873 276.06 
6.53e+08 0.0495971 -35.8682 276.483 
6.54e+08 0.0699628 -32.393 276.907 
6.55e+08 0.0716261 -35.7375 277.33 
6.56e+08 0.042059 -43.0259 277.753 
6.57e+08 0.0347693 -54.5552 278.177 
6.58e+08 0.0356536 -54.1859 278.6 
6.59e+08 0.0825403 -60.5728 279.024 
6.6e+08 0.0510888 -92.7975 279.447 
6.61e+08 0.0439602 -50.9086 279.871 
6.62e+08 0.0541813 -82.0306 280.295 
6.63e+08 0.0656062 -40.8588 280.718 
6.64e+08 0.0622449 -50.1127 281.142 
6.65e+08 0.0602723 -66.6877 281.565 
6.66e+08 0.0288027 -24.8367 281.988 
6.67e+08 0.0401112 -101.107 282.412 
6.68e+08 0.0547918 -44.747 282.835 
6.69e+08 0.0717083 -76.2601 283.258 
6.7e+08 0.0577222 -49.9533 283.682 
6.71e+08 0.0645088 -43.2975 284.105 
6.72e+08 0.0308316 -13.0502 284.528 
6.73e+08 0.0609085 -39.0691 284.951 
6.74e+08 0.0516467 -45.3435 285.375 
6.75e+08 0.0737262 -36.5226 285.798 
6.76e+08 0.0508673 -44.4085 286.222 
6.77e+08 0.0434755 -67.7259 286.645 
6.78e+08 0.0202112 -77.631 287.07 
6.79e+08 0.0577453 -32.4037 287.493 
6.8e+08 0.0381149 -22.3349 287.917 
6.81e+08 0.0508796 -40.4862 288.34 
6.82e+08 0.03111 -62.0647 288.764 
6.83e+08 0.0385295 -83.227 289.188 
6.84e+08 0.026754 -36.6919 289.611 
6.85e+08 0.0276861 -67.3295 290.035 
6.86e+08 0.0575161 -52.025 290.458 
6.87e+08 0.0530676 -50.1522 290.881 
6.88e+08 0.0450803 -55.651 291.305 
6.89e+08 0.0384715 -36.6029 291.728 
6.9e+08 0.0701045 -63.2906 292.152 
6.91e+08 0.0659468 -60.6957 292.575 
6.92e+08 0.0413074 -70.7713 292.998 
6.93e+08 0.0240482 -13.0237 293.422 
6.94e+08 0.0603369 -73.8865 293.845 
6.95e+08 0.0313347 -44.5943 294.268 
6.96e+08 0.0426514 -100.92 294.691 
6.97e+08 0.0537176 -34.6182 295.115 
6.98e+08 0.0289248 -99.138 295.538 
6.99e+08 0.0365372 -62.4904 295.962 
7e+08 0.0256485 -52.0255 296.385 
7.01e+08 0.0299401 -6.56163 296.808 
7.02e+08 0.0484323 -47.9859 297.231 
7.03e+08 0.0381503 -51.8724 297.654 
7.04e+08 0.0512995 -51.3747 298.078 
7.05e+08 0.0703949 -74.6216 298.501 
7.06e+08 0.0346395 -31.0519 298.925 
7.07e+08 0.0471686 -21.9056 299.348 
7.08e+08 0.014973 -33.0031 299.771 
7.09e+08 0.0359547 -12.4141 300.195 
7.1e+08 0.0525141 -43.455 300.618 
7.11e+08 0.0328899 -39.9762 301.042 
7.12e+08 0.037652 -34.4699 301.465 
7.13e+08 0.0308353 -39.7476 301.889 
7.14e+08 0.0940069 -50.0485 302.312 
7.15e+08 0.0217068 -42.3113 302.735 
7.16e+08 0.043576 -55.7334 303.159 
7.17e+08 0.102127 -34.4382 303.582 
7.18e+08 0.0594423 -70.0124 304.005 
7.19e+08 0.0508831 -52.5784 304.429 
7.2e+08 0.0159284 -49.3228 304.852 
7.21e+08 0.0689082 -86.556 305.275 
7.22e+08 0.0366304 -51.5555 305.699 
7.23e+08 0.0231296 -79.1478 306.122 
7.24e+08 0.0400456 -25.183 306.546 
7.25e+08 0.0461159 -34.8124 306.969 
7.26e+08 0.013379 -42.316 307.392 
7.27e+08 0.0437323 -61.9001 307.816 
7.28e+08 0.0495394 -62.74 308.24 
7.29e+08 0.020116 -38.2686 308.664 
7.3e+08 0.0810091 -61.2264 309.087 
7.31e+08 0.0416806 -71.3194 309.51 
7.32e+08 0.0406879 -61.8399 309.934 
7.33e+08 0.0259236 -46.4656 310.358 
7.34e+08 0.0392832 -42.0998 310.781 
7.35e+08 0.0436996 -61.729 311.204 
7.36e+08 0.0618645 -69.1131 311.628 
7.37e+08 0.0666259 -49.4459 312.051 
7.38e+08 0.0336854 -47.7663 312.475 
7.39e+08 0.0912264 -30.5869 312.898 
7.4e+08 0.068995 -42.4276 313.321 
7.41e+08 0.0580967 -70.1583 313.745 
7.42e+08 0.0515172 -38.5901 314.168 
7.43e+08 0.0531061 -48.9624 314.591 
7.44e+08 0.0238257 -22.9301 315.014 
7.45e+08 0.0515583 -64.1746 315.437 
7.46e+08 0.0384414 -54.9765 315.861 
7.47e+08 0.0543521 -68.8477 316.284 
7.48e+08 0.0220358 -60.5019 316.707 
7.49e+08 0.0157392 -28.4569 317.13 
7.5e+08 0.0495784 -59.1011 317.554 
7.51e+08 0.0390945 -59.5354 317.977 
7.52e+08 0.0669147 -68.5744 318.4 
7.53e+08 0.0696763 -77.5537 318.824 
7.54e+08 0.0499882 -64.0544 319.247 
7.55e+08 0.0561198 -5.264 319.67 
7.56e+08 0.0348184 -90.9502 320.094 
7.57e+08 0.0570299 -34.236 320.517 
7.58e+08 0.026813 -24.0594 320.94 
7.59e+08 0.0276274 -65.6571 321.364 
7.6e+08 0.0743692 -67.2057 321.787 
7.61e+08 0.065843 -76.0725 322.21 
7.62e+08 0.0391277 -55.9793 322.633 
7.63e+08 0.068258 -96.2893 323.056 
7.64e+08 0.0451724 -62.2481 323.48 
7.65e+08 0.0142459 -31.0172 323.903 
7.66e+08 0.0564625 -0.00811755 324.326 
7.67e+08 0.0865543 -72.0751 324.75 
7.68e+08 0.0411912 -90.9013 325.173 
7.69e+08 0.0622915 -89.9899 325.596 
7.7e+08 0.0662604 -44.0351 326.019 
7.71e+08 0.0604244 -37.7599 326.442 
7.72e+08 0.0265227 -43.0297 326.866 
7.73e+08 0.0333211 -49.1211 327.289 
7.74e+08 0.0375345 -14.0175 327.712 
7.75e+08 0.0640514 -55.6821 328.136 
7.76e+08 0.0421022 8.03223 328.56 
7.77e+08 0.0340882 -63.6484 328.983 
7.78e+08 0.039673 -40.0478 329.406 
7.79e+08 0.0459418 -105.496 329.83 
7.8e+08 0.0894959 -72.2257 330.253 
7.81e+08 0.0465659 -80.3038 330.676 
7.82e+08 0.059103 -54.5687 331.1 
7.83e+08 0.0411868 -58.6195 331.523 
7.84e+08 0.0456951 -46.4898 331.946 
7.85e+08 0.0369814 -67.8919 332.37 
7.86e+08 0.0686813 -45.0414 332.794 
7.87e+08 0.0400069 -27.2406 333.217 
7.88e+08 0.0436611 13.4747 333.64 
7.89e+08 0.0792618 -49.6581 334.063 
7.9e+08 0.0450918 -26.5139 334.487 
7.91e+08 0.0649628 -51.952 334.91 
7.92e+08 0.0226607 -54.5442 335.333 
7.93e+08 0.00974839 -40.7163 335.756 
7.94e+08 0.0471291 -33.6864 336.18 
7.95e+08 0.0304355 -60.6933 336.603 
7.96e+08 0.0514679 -70.5811 337.026 
7.97e+08 0.0732578 -65.7121 337.45 
7.98e+08 0.0280807 -63.6689 337.873 
7.99e+08 0.0329505 -37.6314 338.296 
8e+08 0.0774396 -83.7989 338.72 
8.01e+08 0.0425687 41.4963 339.143 
8.02e+08 0.0549144 -33.3255 339.566 
8.03e+08 0.0306698 -49.5804 339.99 
8.04e+08 0.0375764 -50.3929 340.413 
8.05e+08 0.043036 -61.7235 340.837 
8.06e+08 0.0467429 -31.63 341.26 
8.07e+08 0.0614294 -49.4437 341.683 
8.08e+08 0.0119625 -43.63 342.107 
8.09e+08 0.0322845 -47.4348 342.53 
8.1e+08 0.0528414 -58.4862 342.954 
8.11e+08 0.0552799 -16.5872 343.377 
8.12e+08 0.0333499 -42.5676 343.801 
8.13e+08 0.0394251 -31.3876 344.224 
8.14e+08 0.0419344 -37.3531 344.648 
8.15e+08 0.0483885 -47.0171 345.071 
8.16e+08 0.0499665 -60.0006 345.494 
8.17e+08 0.0361604 -69.3006 345.918 
8.18e+08 0.0317839 -51.9095 346.341 
8.19e+08 0.0113046 -45.2593 346.764 
8.2e+08 0.0221638 -50.4959 347.189 
8.21e+08 0.0520906 -74.6816 347.612 
8.22e+08 0.0374164 -26.964 348.036 
8.23e+08 0.0318944 -69.308 348.46 
8.24e+08 0.012885 -49.8439 348.884 
8.25e+08 0.0417766 -28.9153 349.307 
8.26e+08 0.0771975 -60.2104 349.73 
8.27e+08 0.0626816 -31.6442 350.154 
8.28e+08 0.0151883 -83.7726 350.577 
8.29e+08 0.0650771 -74.2112 351 
8.3e+08 0.0307371 -66.976 351.423 
8.31e+08 0.0286809 -32.3874 351.847 
8.32e+08 0.0375483 -59.2194 352.27 
8.33e+08 0.0782306 -82.8986 352.693 
8.34e+08 0.0783017 -87.0717 353.117 
8.35e+08 0.0517938 -41.48 353.54 
8.36e+08 0.0279042 -47.0984 353.963 
8.37e+08 0.0396965 -39.0914 354.386 
8.38e+08 0.0798165 -18.2514 354.809 
8.39e+08 0.0367601 -58.92 355.233 
8.4e+08 0.0529171 -35.0901 355.656 
8.41e+08 0.0802877 -75.9023 356.079 
8.42e+08 0.0402711 -64.6043 356.503 
8.43e+08 0.0321117 -58.5226 356.926 
8.44e+08 0.022108 -24.5079 357.349 
8.45e+08 0.0553287 -73.1333 357.773 
8.46e+08 0.0546395 -45.4032 358.196 
8.47e+08 0.0438221 -49.2594 358.619 
8.48e+08 0.0583622 -49.2438 359.043 
8.49e+08 0.0536036 -77.011 359.466 
8.5e+08 0.0421498 -83.504 359.89 
8.51e+08 0.0463667 -43.5544 360.313 
8.52e+08 0.0318829 -16.5654 360.737 
8.53e+08 0.0588009 -60.4165 361.16 
8.54e+08 0.0425195 -48.5215 361.583 
8.55e+08 0.0371469 -93.4423 362.007 
8.56e+08 0.0328903 -30.4756 362.43 
8.57e+08 0.0362649 -3.70757 362.853 
8.58e+08 0.0274489 -51.411 363.277 
8.59e+08 0.0513888 -38.8073 363.7 
8.6e+08 0.00925012 -80.7309 364.124 
8.61e+08 0.0375457 -47.3598 364.547 
8.62e+08 0.0551467 -24.8633 364.97 
8.63e+08 0.0171655 -24.3521 365.394 
8.64e+08 0.072637 -37.3721 365.817 
8.65e+08 0.0461558 -42.6449 366.241 
8.66e+08 0.0295807 -51.5344 366.664 
8.67e+08 0.0696104 -26.5154 367.088 
8.68e+08 0.0909154 -50.2012 367.511 
8.69e+08 0.0533574 -68.2028 367.935 
8.7e+08 0.0427615 -29.3902 368.358 
8.71e+08 0.0460113 -68.3366 368.781 
8.72e+08 0.0175041 -55.3044 369.205 
8.73e+08 0.0576666 -62.2236 369.628 
8.74e+08 0.0335702 -36.9782 370.052 
8.75e+08 0.0615556 -78.9141 370.476 
8.76e+08 0.0407001 -60.3278 370.899 
8.77e+08 0.0268743 -86.6131 371.323 
8.78e+08 0.0438587 -28.8381 371.746 
8.79e+08 0.0515614 -12.8851 372.17 
8.8e+08 0.0144597 -4.3227 372.593 
8.81e+08 0.0461027 -76.0237 373.017 
8.82e+08 0.0646252 -61.8711 373.44 
8.83e+08 0.0704096 -54.0161 373.863 
8.84e+08 0.0393357 -48.7315 374.287 
8.85e+08 0.023379 -83.0853 374.71 
8.86e+08 0.0437087 -47.3344 375.133 
8.87e+08 0.053179 -37.0896 375.556 
8.88e+08 0.033984 -55.9294 375.98 
8.89e+08 0.0243468 -47.3959 376.403 
8.9e+08 0.0460932 -93.4453 376.827 
8.91e+08 0.0118709 -13.3984 377.25 
8.92e+08 0.0830617 -68.5701 377.673 
8.93e+08 0.019777 -33.952 378.097 
8.94e+08 0.0575686 -92.4674 378.52 
8.95e+08 0.0171291 -86.1521 378.944 
8.96e+08 0.0168326 -20.0068 379.367 
8.97e+08 0.0248465 -54.9877 379.791 
8.98e+08 0.054997 -71.9764 380.215 
8.99e+08 0.06285 -53.0595 380.638 
9e+08 0.0510956 -48.4939 381.062 
9.01e+08 0.0217796 -49.8934 381.485 
9.02e+08 0.0375996 4.11325 381.908 
9.03e+08 0.0308547 -3.30051 382.332 
9.04e+08 0.051183 -30.3912 382.755 
9.05e+08 0.0614241 -67.2704 383.179 
9.06e+08 0.0349512 -53.0159 383.602 
9.07e+08 0.0666633 -71.8843 384.026 
9.08e+08 0.0365687 -46.1526 384.449 
9.09e+08 0.0477296 -25.596 384.872 
9.1e+08 0.0251862 -63.9156 385.296 
9.11e+08 0.0345995 -68.7441 385.719 
9.12e+08 0.0609362 -58.9417 386.142 
9.13e+08 0.0765358 -51.6095 386.566 
9.14e+08 0.0630051 -65.0544 386.989 
9.15e+08 0.0710367 -70.8929 387.412 
9.16e+08 0.0432492 -34.6297 387.835 
9.17e+08 0.0307864 -47.6523 388.259 
9.18e+08 0.0484472 -49.9993 388.682 
9.19e+08 0.0570548 -57.0797 389.105 
9.2e+08 0.0324672 -72.7351 389.529 
9.21e+08 0.0324214 -45.2014 389.952 
9.22e+08 0.0381034 -49.6738 390.376 
9.23e+08 0.0250862 -41.8944 390.799 
9.24e+08 0.0503623 -53.341 391.222 
9.25e+08 0.0402553 -52.3437 391.646 
9.26e+08 0.0392651 -41.3123 392.069 
9.27e+08 0.04884 -27.2899 392.492 
9.28e+08 0.0522485 -7.01317 392.916 
9.29e+08 0.00960522 -35.4528 393.339 
9.3e+08 0.0392124 -70.1507 393.762 
9.31e+08 0.0177789 -58.4979 394.186 
9.32e+08 0.00865852 -86.4155 394.609 
9.33e+08 0.047905 -39.0982 395.032 
9.34e+08 0.0376343 -29.9282 395.455 
9.35e+08 0.023271 -56.4286 395.879 
9.36e+08 0.0478581 -50.5602 396.302 
9.37e+08 0.0865793 -80.1465 396.726 
9.38e+08 0.0233042 -44.3382 397.149 
9.39e+08 0.00813215 -44.7733 397.572 
9.4e+08 0.0865351 -19.355 397.996 
9.41e+08 0.0362905 -12.7385 398.419 
9.42e+08 0.0584493 -80.0565 398.842 
9.43e+08 0.0661569 -67.9615 399.265 
9.44e+08 0.0494039 -67.1441 399.689 
9.45e+08 0.0105867 -6.59169 400.112 
9.46e+08 0.0167818 -6.79142 400.535 
9.47e+08 0.0642622 -61.0627 400.958 
9.48e+08 0.027281 -61.6504 401.382 
9.49e+08 0.0686175 -52.0916 401.805 
9.5e+08 0.0205993 4.48111 402.228 
9.51e+08 0.0682093 -125.775 402.652 
9.52e+08 0.0288556 -55.3592 403.075 
9.53e+08 0.0524445 -33.1876 403.499 
9.54e+08 0.0417392 -50.3412 403.922 
9.55e+08 0.0474719 -65.6622 404.346 
9.56e+08 0.0594039 -21.6135 404.769 
9.57e+08 0.0568221 -63.1186 405.193 
9.58e+08 0.0371709 -40.8153 405.616 
9.59e+08 0.035203 -39.0588 406.039 
9.6e+08 0.086779 -51.8368 406.463 
9.61e+08 0.0467466 -91.4893 406.887 
9.62e+08 0.0314465 -56.9714 407.311 
9.63e+08 0.0244114 -72.8948 407.734 
9.64e+08 0.0351268 -24.0854 408.158 
9.65e+08 0.039599 -41.7098 408.582 
9.66e+08 0.0476878 -59.0514 409.005 
9.67e+08 0.0278868 -41.8977 409.428 
9.68e+08 0.0688942 -51.5253 409.852 
9.69e+08 0.0539994 -39.8703 410.276 
9.7e+08 0.0726431 -109.318 410.7 
9.71e+08 0.0582993 -68.2385 411.123 
9.72e+08 0.0421537 -48.1287 411.547 
9.73e+08 0.0491855 -63.3355 411.97 
9.74e+08 0.0643175 -98.1998 412.394 
9.75e+08 0.0554008 -42.007 412.817 
9.76e+08 0.0624835 -57.1065 413.241 
9.77e+08 0.0596248 -67.8389 413.664 
9.78e+08 0.0257314 -15.531 414.087 
9.79e+08 0.0273913 -13.7869 414.51 
9.8e+08 0.0300128 -58.4735 414.933 
9.81e+08 0.053525 -83.4377 415.357 
9.82e+08 0.104203 -28.8999 415.78 
9.83e+08 0.0738821 -8.32379 416.204 
9.84e+08 0.0457898 -27.3277 416.627 
9.85e+08 0.0149981 -35.6046 417.05 
9.86e+08 0.0351332 -44.0212 417.474 
9.87e+08 0.0609695 -45.0973 417.897 
9.88e+08 0.0790615 -144.471 418.32 
9.89e+08 0.0525522 -46.7066 418.743 
9.9e+08 0.0382009 -46.3107 419.167 
9.91e+08 0.047284 -59.8882 419.59 
9.92e+08 0.0418815 -64.554 420.014 
9.93e+08 0.0336014 -97.9868 420.437 
9.94e+08 0.04491 -6.69262 420.861 
9.95e+08 0.0563169 -70.592 421.284 
9.96e+08 0.0220551 -80.3451 421.708 
9.97e+08 0.0672599 -38.5399 422.132 
9.98e+08 0.0252169 -87.3577 422.555 
9.99e+08 0.0569235 -63.3577 422.978 
1e+09 0.0208506 -59.7473 423.402 
