0 0.0530066 7.08214 0 
1e+06 0.0252253 -65.2691 0.391451 
2e+06 0.069784 -57.8716 0.783407 
3e+06 0.0695912 -32.8543 1.18843 
4e+06 0.0629362 -81.6264 1.58309 
5e+06 0.0590985 -25.7693 1.97709 
6e+06 0.0707189 -37.1907 2.39951 
7e+06 0.0345109 -5.87715 2.80653 
8e+06 0.0713863 -37.9714 3.19952 
9e+06 0.0572399 -58.1998 3.59071 
1e+07 0.031598 -33.7602 3.98234 
1.1e+07 0.0434318 -54.5936 4.37362 
1.2e+07 0.0479053 -84.1468 4.76543 
1.3e+07 0.0613413 -52.6957 5.1566 
1.4e+07 0.0662106 -41.9583 5.54811 
1.5e+07 0.0356524 -49.4408 5.94557 
1.6e+07 0.0815358 -52.4804 6.33731 
1.7e+07 0.039791 -20.5783 6.72826 
1.8e+07 0.0322724 -40.6023 7.11925 
1.9e+07 0.0536333 -65.9689 7.51036 
2e+07 0.0435808 -52.5131 7.90188 
2.1e+07 0.0746684 -66.1417 8.29295 
2.2e+07 0.0264669 -41.3058 8.68401 
2.3e+07 0.0809714 -55.4567 9.07501 
2.4e+07 0.0285055 -83.0614 9.47893 
2.5e+07 0.0251437 -39.5624 9.88775 
2.6e+07 0.0390239 -38.9355 10.2951 
2.7e+07 0.0376673 -20.6031 10.7012 
2.8e+07 0.0423553 -68.3571 11.1076 
2.9e+07 0.0666127 -19.5242 11.4998 
3e+07 0.0476608 -70.0696 11.8904 
3.1e+07 0.084197 -46.4916 12.2812 
3.2e+07 0.038949 -17.168 12.6721 
3.3e+07 0.0510126 -52.8366 13.0628 
3.4e+07 0.018148 -14.6199 13.4536 
3.5e+07 0.0397146 -46.2767 13.8444 
3.6e+07 0.0551876 -53.9791 14.2358 
3.7e+07 0.0421701 -60.9597 14.6266 
3.8e+07 0.0831157 -95.8795 15.0225 
3.9e+07 0.0234947 -56.301 15.4184 
4e+07 0.0704383 -58.9271 15.8091 
4.1e+07 0.058858 -67.335 16.2 
4.2e+07 0.0472394 -46.4463 16.5908 
4.3e+07 0.0491625 -54.7304 16.9814 
4.4e+07 0.0560987 -39.447 17.3722 
4.5e+07 0.0546412 0.887423 17.7629 
4.6e+07 0.0568695 -17.6208 18.1537 
4.7e+07 0.0620677 -40.2505 18.5444 
4.8e+07 0.033984 -35.3723 18.935 
4.9e+07 0.039677 -18.0162 19.3259 
5e+07 0.0117681 -65.2655 19.7169 
5.1e+07 0.0127634 -78.086 20.1077 
5.2e+07 0.0720943 -36.481 20.4983 
5.3e+07 0.0437627 -50.8556 20.8889 
5.4e+07 0.0566896 -54.2787 21.2802 
5.5e+07 0.0463068 -25.1987 21.6708 
5.6e+07 0.0484676 -50.804 22.0614 
5.7e+07 0.042476 -25.4824 22.4521 
5.8e+07 0.0780959 -34.8073 22.8427 
5.9e+07 0.0334617 -40.1365 23.2334 
6e+07 0.0535181 -45.8133 23.6242 
6.1e+07 0.0759112 -67.1782 24.0149 
6.2e+07 0.0184916 -30.4054 24.4063 
6.3e+07 0.0303902 -12.2066 24.797 
6.4e+07 0.0430936 -81.376 25.1881 
6.5e+07 0.0145999 -18.9987 25.5787 
6.6e+07 0.0336187 -49.9532 25.9696 
6.7e+07 0.0425423 -32.08 26.3604 
6.8e+07 0.0443389 -25.3437 26.7504 
6.9e+07 0.0471998 -43.4527 27.1408 
7e+07 0.033468 -41.4541 27.5314 
7.1e+07 0.066745 -30.5655 27.9222 
7.2e+07 0.0465678 -22.8903 28.3136 
7.3e+07 0.0209301 -80.4944 28.7038 
7.4e+07 0.0323861 -32.201 29.0947 
7.5e+07 0.0372482 -40.6447 29.4908 
7.6e+07 0.0559 -27.6122 29.8878 
7.7e+07 0.0600367 -90.2422 30.2985 
7.8e+07 0.0504401 -50.7288 30.721 
7.9e+07 0.0436386 -54.7662 31.144 
8e+07 0.0819436 -50.8643 31.5666 
8.1e+07 0.0144921 -59.8578 31.9853 
8.2e+07 0.0321296 -65.813 32.3754 
8.3e+07 0.0823521 -101.445 32.7652 
8.4e+07 0.0483271 -37.904 33.1551 
8.5e+07 0.0335753 -40.0681 33.5449 
8.6e+07 0.0578793 -74.2277 33.9346 
8.7e+07 0.0355353 -70.6627 34.3243 
8.8e+07 0.0635526 -39.4881 34.7141 
8.9e+07 0.0694387 -23.2985 35.104 
9e+07 0.0309651 -48.8338 35.4952 
9.1e+07 0.0275943 -60.4048 35.885 
9.2e+07 0.0277574 -38.5463 36.2754 
9.3e+07 0.0275868 -33.3023 36.6653 
9.4e+07 0.0225512 -69.1357 37.0549 
9.5e+07 0.0562138 -18.2535 37.4448 
9.6e+07 0.0541488 -40.2313 37.8345 
9.7e+07 0.0170758 -53.304 38.2244 
9.8e+07 0.0651141 -59.7426 38.6143 
9.9e+07 0.0661878 -29.2543 39.004 
1e+08 0.044804 -47.998 39.3941 
1.01e+08 0.0784196 -67.9267 39.7838 
1.02e+08 0.0481155 -60.7361 40.1736 
1.03e+08 0.0485965 -53.6867 40.5634 
1.04e+08 0.067481 -45.6784 40.953 
1.05e+08 0.0367955 -45.5142 41.3429 
1.06e+08 0.0460185 -83.7302 41.7329 
1.07e+08 0.0222552 -74.9859 42.1232 
1.08e+08 0.0527609 -14.1507 42.5129 
1.09e+08 0.03804 -62.401 42.9032 
1.1e+08 0.0251225 -41.3367 43.2937 
1.11e+08 0.0748619 -29.4204 43.6831 
1.12e+08 0.0431443 -39.3831 44.0737 
1.13e+08 0.0353474 -51.6802 44.4646 
1.14e+08 0.0563321 -68.4825 44.8555 
1.15e+08 0.0423875 -82.3529 45.2463 
1.16e+08 0.0430502 -58.6964 45.6372 
1.17e+08 0.0455715 -55.5443 46.028 
1.18e+08 0.0296377 -58.9507 46.4188 
1.19e+08 0.0341995 -60.1325 46.8094 
1.2e+08 0.0657367 -43.7698 47.2002 
1.21e+08 0.0424989 -77.4346 47.5911 
1.22e+08 0.0377601 -110.214 47.982 
1.23e+08 0.0960476 -58.0041 48.3731 
1.24e+08 0.0758838 -41.6072 48.7685 
1.25e+08 0.0470896 -74.433 49.1669 
1.26e+08 0.0671256 -76.8207 49.5576 
1.27e+08 0.0610097 -54.3252 49.9483 
1.28e+08 0.056965 -54.5848 50.339 
1.29e+08 0.0505569 -51.5472 50.7298 
1.3e+08 0.0299964 -41.182 51.1209 
1.31e+08 0.051318 -52.3322 51.5117 
1.32e+08 0.0280796 -77.8791 51.9032 
1.33e+08 0.0350486 -52.5876 52.301 
1.34e+08 0.025961 -36.3898 52.6919 
1.35e+08 0.0244214 -30.5125 53.0826 
1.36e+08 0.0600889 -43.6498 53.4734 
1.37e+08 0.0309857 -56.7368 53.8642 
1.38e+08 0.055331 -100.577 54.2551 
1.39e+08 0.0309919 -22.0307 54.6461 
1.4e+08 0.0331719 -66.7291 55.0368 
1.41e+08 0.0764317 -67.3472 55.4276 
1.42e+08 0.0653234 -37.6782 55.818 
1.43e+08 0.0390522 -71.2326 56.2083 
1.44e+08 0.0459922 -99.2518 56.5984 
1.45e+08 0.0352889 -46.6257 56.9885 
1.46e+08 0.0337727 -36.9549 57.3785 
1.47e+08 0.0751032 -48.6702 57.7686 
1.48e+08 0.0269955 -82.1493 58.1586 
1.49e+08 0.0220366 -43.8002 58.5493 
1.5e+08 0.0486826 -55.0731 58.9391 
1.51e+08 0.0340061 -49.9843 59.3291 
1.52e+08 0.0569256 -76.7501 59.7186 
1.53e+08 0.0480559 -49.185 60.1084 
1.54e+08 0.054591 -65.5772 60.4984 
1.55e+08 0.048248 -22.0405 60.8912 
1.56e+08 0.0644809 -44.9307 61.2868 
1.57e+08 0.0114947 -28.2313 61.6841 
1.58e+08 0.0540682 -35.5765 62.0807 
1.59e+08 0.0855585 -41.2966 62.4724 
1.6e+08 0.05692 -57.5561 62.8643 
1.61e+08 0.0349456 -36.3414 63.2541 
1.62e+08 0.0663588 -57.603 63.6442 
1.63e+08 0.0560519 -71.747 64.0343 
1.64e+08 0.0316113 -55.1907 64.4244 
1.65e+08 0.029379 -43.7392 64.8199 
1.66e+08 0.0614599 -53.883 65.2097 
1.67e+08 0.0262255 -34.3418 65.6096 
1.68e+08 0.0199604 -29.627 65.9997 
1.69e+08 0.03528 -24.7295 66.39 
1.7e+08 0.0477969 -80.7066 66.78 
1.71e+08 0.0540004 -47.6868 67.1697 
1.72e+08 0.0235234 -28.3653 67.5596 
1.73e+08 0.0843128 -47.7085 67.9513 
1.74e+08 0.02342 18.8981 68.3481 
1.75e+08 0.0255055 -69.1596 68.742 
1.76e+08 0.017696 -53.5157 69.1386 
1.77e+08 0.0669412 -21.4598 69.5348 
1.78e+08 0.0421754 -84.3619 69.9314 
1.79e+08 0.0560783 -79.6815 70.3287 
1.8e+08 0.0399654 -9.65267 70.73 
1.81e+08 0.0115626 -69.3014 71.1238 
1.82e+08 0.0429211 -39.3535 71.5196 
1.83e+08 0.0903051 -36.8129 71.9162 
1.84e+08 0.0341325 -28.8842 72.3138 
1.85e+08 0.0549227 -49.0289 72.7109 
1.86e+08 0.0651623 -16.8208 73.1069 
1.87e+08 0.0437806 -42.362 73.5037 
1.88e+08 0.0210011 -34.7746 73.9004 
1.89e+08 0.051629 -49.23 74.2975 
1.9e+08 0.0436232 -39.9579 74.6918 
1.91e+08 0.0271476 -39.8898 75.0884 
1.92e+08 0.0383365 -60.5632 75.4851 
1.93e+08 0.0209249 -56.5802 75.8818 
1.94e+08 0.0668239 -48.8868 76.2786 
1.95e+08 0.0280054 -65.9483 76.6753 
1.96e+08 0.0666629 -68.4197 77.072 
1.97e+08 0.0506192 -85.5391 77.4684 
1.98e+08 0.0173984 -26.5922 77.8644 
1.99e+08 0.0770571 -13.8074 78.2606 
2e+08 0.0409834 -83.9718 78.6572 
2.01e+08 0.0387671 -89.7711 79.05 
2.02e+08 0.0240139 -74.4585 79.4399 
2.03e+08 0.024942 -57.3159 79.8298 
2.04e+08 0.0134452 -10.1582 80.2194 
2.05e+08 0.0585723 -45.9408 80.6091 
2.06e+08 0.0182657 -61.1142 80.999 
2.07e+08 0.0396848 -38.9209 81.389 
2.08e+08 0.0806919 -97.9346 81.7787 
2.09e+08 0.0311489 -23.6411 82.1684 
2.1e+08 0.0125027 -68.723 82.5582 
2.11e+08 0.0672704 -40.9594 82.9478 
2.12e+08 0.0280308 -47.0291 83.3376 
2.13e+08 0.0380711 4.31441 83.7274 
2.14e+08 0.0277799 -45.5859 84.1173 
2.15e+08 0.0625912 -74.6462 84.5071 
2.16e+08 0.0430819 -17.1472 84.8967 
2.17e+08 0.0267113 -96.35 85.2866 
2.18e+08 0.0373567 -33.9528 85.6761 
2.19e+08 0.0178205 -56.9127 86.0657 
2.2e+08 0.0372389 -61.2786 86.4564 
2.21e+08 0.0458998 -24.019 86.8466 
2.22e+08 0.020391 -11.8557 87.2363 
2.23e+08 0.0638456 -68.272 87.6268 
2.24e+08 0.0348442 -38.5227 88.0185 
2.25e+08 0.0532356 -31.9881 88.4092 
2.26e+08 0.0359965 -91.9072 88.8001 
2.27e+08 0.00707106 -63.4694 89.1909 
2.28e+08 0.0456765 -35.9001 89.5814 
2.29e+08 0.0379703 -6.1682 89.9721 
2.3e+08 0.0588649 -51.9185 90.3885 
2.31e+08 0.0337608 -79.2618 90.8123 
2.32e+08 0.0359694 -56.7875 91.2363 
2.33e+08 0.0635108 -46.5103 91.6602 
2.34e+08 0.0429335 -8.47453 92.0842 
2.35e+08 0.0283364 16.6152 92.5047 
2.36e+08 0.0323123 -70.8099 92.8961 
2.37e+08 0.0335881 -56.2329 93.2878 
2.38e+08 0.0540289 -48.0775 93.6804 
2.39e+08 0.0339906 -1.31202 94.0719 
2.4e+08 0.0338488 -40.8443 94.4638 
2.41e+08 0.0469512 -50.5561 94.8566 
2.42e+08 0.0507203 -7.06255 95.248 
2.43e+08 0.00602179 -23.1301 95.6392 
2.44e+08 0.044114 -72.9104 96.0341 
2.45e+08 0.0574096 -75.1939 96.425 
2.46e+08 0.0352399 -45.9173 96.8156 
2.47e+08 0.0279666 -42.3901 97.2068 
2.48e+08 0.0470674 -87.2724 97.5984 
2.49e+08 0.0263575 -64.1549 97.9908 
2.5e+08 0.033751 -77.4182 98.3815 
2.51e+08 0.0577388 -23.7664 98.7756 
2.52e+08 0.0257346 -24.1344 99.1741 
2.53e+08 0.0536484 -64.5483 99.5718 
2.54e+08 0.0177134 -26.002 99.9688 
2.55e+08 0.0221396 -81.6876 100.366 
2.56e+08 0.0469023 -48.4404 100.764 
2.57e+08 0.019932 -9.89965 101.16 
2.58e+08 0.0585963 -24.5768 101.551 
2.59e+08 0.0307078 -47.8742 101.941 
2.6e+08 0.0699225 -80.7251 102.332 
2.61e+08 0.027944 -61.653 102.725 
2.62e+08 0.0631977 -46.8963 103.117 
2.63e+08 0.0784916 -25.6821 103.508 
2.64e+08 0.039844 -28.8337 103.899 
2.65e+08 0.0683821 -52.4876 104.289 
2.66e+08 0.0300737 -42.9665 104.68 
2.67e+08 0.0376347 -88.3921 105.071 
2.68e+08 0.0592546 -57.3792 105.462 
2.69e+08 0.0639369 -48.8953 105.852 
2.7e+08 0.0703314 -55.8743 106.243 
2.71e+08 0.0543615 -40.4913 106.634 
2.72e+08 0.0367429 -83.5427 107.025 
2.73e+08 0.0628103 -22.5177 107.415 
2.74e+08 0.0311337 -28.9369 107.806 
2.75e+08 0.0641498 -62.7018 108.197 
2.76e+08 0.0369508 -53.8317 108.588 
2.77e+08 0.0218581 -22.0874 108.979 
2.78e+08 0.0363402 -20.8328 109.369 
2.79e+08 0.0163981 -105.725 109.765 
2.8e+08 0.0326364 -2.4303 110.163 
2.81e+08 0.0749004 -100.097 110.557 
2.82e+08 0.0387095 -72.5436 110.947 
2.83e+08 0.0646739 -41.5124 111.338 
2.84e+08 0.0130985 -43.7785 111.729 
2.85e+08 0.0712924 -12.2116 112.126 
2.86e+08 0.0255734 -69.3747 112.526 
2.87e+08 0.0439624 -83.2288 112.923 
2.88e+08 0.0571973 -43.1487 113.319 
2.89e+08 0.0251504 -25.889 113.71 
2.9e+08 0.0667178 -76.3351 114.101 
2.91e+08 0.051801 -70.2113 114.491 
2.92e+08 0.0673634 -42.0503 114.882 
2.93e+08 0.0656418 -21.4335 115.273 
2.94e+08 0.0275406 -73.326 115.663 
2.95e+08 0.0534045 -32.4509 116.054 
2.96e+08 0.0280276 -73.0455 116.445 
2.97e+08 0.0472617 -53.1115 116.835 
2.98e+08 0.0374541 -44.0874 117.226 
2.99e+08 0.0229622 -74.0058 117.617 
3e+08 0.0400852 -20.0036 118.008 
3.01e+08 0.0758213 -39.1203 118.399 
3.02e+08 0.051512 -74.4226 118.789 
3.03e+08 0.0450922 -49.54 119.18 
3.04e+08 0.0388707 -85.2974 119.571 
3.05e+08 0.0921488 -57.4447 119.962 
3.06e+08 0.0206991 -44.3739 120.352 
3.07e+08 0.0380033 -77.3756 120.743 
3.08e+08 0.0568169 -29.0082 121.134 
3.09e+08 0.0306857 -59.0852 121.525 
3.1e+08 0.0338371 -67.8139 121.915 
3.11e+08 0.0423816 -73.5938 122.306 
3.12e+08 0.0418986 -55.863 122.696 
3.13e+08 0.0408125 -78.3806 123.087 
3.14e+08 0.0415525 -64.1451 123.478 
3.15e+08 0.073698 -72.6902 123.868 
3.16e+08 0.0397007 -49.3485 124.259 
3.17e+08 0.0937629 -81.9969 124.65 
3.18e+08 0.0405295 -33.9881 125.041 
3.19e+08 0.073743 -58.1455 125.435 
3.2e+08 0.0285853 -49.7018 125.834 
3.21e+08 0.0479803 -56.8796 126.232 
3.22e+08 0.0429072 -98.5793 126.629 
3.23e+08 0.0261233 -69.1598 127.026 
3.24e+08 0.0996399 -49.815 127.425 
3.25e+08 0.0302089 -28.9741 127.823 
3.26e+08 0.0363873 -55.0751 128.22 
3.27e+08 0.0292057 -35.2046 128.615 
3.28e+08 0.0660957 -65.1165 129.005 
3.29e+08 0.0189299 -78.685 129.396 
3.3e+08 0.0278474 -96.4062 129.787 
3.31e+08 0.0541304 -52.181 130.178 
3.32e+08 0.0182837 -62.1169 130.568 
3.33e+08 0.0657038 -34.4255 130.959 
3.34e+08 0.0157112 -58.732 131.35 
3.35e+08 0.0746624 -30.5049 131.741 
3.36e+08 0.026938 -39.1463 132.132 
3.37e+08 0.0374277 -45.1036 132.523 
3.38e+08 0.013186 -12.6807 132.914 
3.39e+08 0.0631995 -34.9862 133.305 
3.4e+08 0.0589772 -40.5833 133.695 
3.41e+08 0.0829738 -49.4609 134.086 
3.42e+08 0.0423792 -69.7048 134.477 
3.43e+08 0.0184012 -37.3929 134.868 
3.44e+08 0.030307 -71.6228 135.258 
3.45e+08 0.0344236 -35.4823 135.649 
3.46e+08 0.0371663 -24.5377 136.043 
3.47e+08 0.0307538 -53.8313 136.435 
3.48e+08 0.0451384 -63.0565 136.827 
3.49e+08 0.0435277 -47.6575 137.218 
3.5e+08 0.0170373 -51.05 137.61 
3.51e+08 0.0220132 -48.3258 138.001 
3.52e+08 0.0240779 -32.7214 138.393 
3.53e+08 0.0560194 -42.6828 138.784 
3.54e+08 0.035296 -66.3889 139.175 
3.55e+08 0.0296141 -16.2093 139.566 
3.56e+08 0.0423258 -59.5904 139.957 
3.57e+08 0.0362194 -37.4066 140.347 
3.58e+08 0.0425566 -60.334 140.738 
3.59e+08 0.0630213 -44.876 141.129 
3.6e+08 0.0519565 -66.4079 141.52 
3.61e+08 0.0336884 -45.2164 141.911 
3.62e+08 0.044722 -46.2539 142.304 
3.63e+08 0.0748393 -79.4889 142.701 
3.64e+08 0.063236 -48.4305 143.096 
3.65e+08 0.0807575 -84.1551 143.487 
3.66e+08 0.0456413 -18.2464 143.878 
3.67e+08 0.0397303 -64.8004 144.268 
3.68e+08 0.0394338 -30.5134 144.659 
3.69e+08 0.0352833 -22.9236 145.05 
3.7e+08 0.0341051 -70.7721 145.441 
3.71e+08 0.0533598 -50.2376 145.831 
3.72e+08 0.0367002 -48.9615 146.222 
3.73e+08 0.0266125 -33.7451 146.613 
3.74e+08 0.0538201 -45.3091 147.003 
3.75e+08 0.121523 -41.2182 147.394 
3.76e+08 0.0502721 -29.7846 147.785 
3.77e+08 0.0428304 -66.0452 148.176 
3.78e+08 0.044858 -55.2186 148.567 
3.79e+08 0.0375777 -65.1713 148.958 
3.8e+08 0.0462109 -75.9935 149.349 
3.81e+08 0.0814252 -45.9697 149.74 
3.82e+08 0.0583144 -60.022 150.134 
3.83e+08 0.0398902 -26.4815 150.525 
3.84e+08 0.0494281 -15.9762 150.916 
3.85e+08 0.00495873 -67.6025 151.306 
3.86e+08 0.0507359 -44.6081 151.697 
3.87e+08 0.0619255 -22.6548 152.088 
3.88e+08 0.024384 -17.7762 152.479 
3.89e+08 0.029682 -53.2832 152.869 
3.9e+08 0.0262252 -43.1487 153.26 
3.91e+08 0.05369 -74.8136 153.651 
3.92e+08 0.03494 -42.4343 154.042 
3.93e+08 0.0715762 -34.8301 154.433 
3.94e+08 0.0565659 -77.3541 154.824 
3.95e+08 0.016027 -32.9843 155.214 
3.96e+08 0.065769 -87.1946 155.605 
3.97e+08 0.0430477 -62.897 155.996 
3.98e+08 0.0315406 -32.3956 156.386 
3.99e+08 0.0666607 -59.4894 156.777 
4e+08 0.0379412 -60.8836 157.168 
4.01e+08 0.0729486 -87.5539 157.559 
4.02e+08 0.071107 -21.4926 157.949 
4.03e+08 0.0392692 -37.1635 158.34 
4.04e+08 0.043121 -90.0516 158.731 
4.05e+08 0.0540087 -53.1829 159.121 
4.06e+08 0.0380491 -29.3315 159.512 
4.07e+08 0.0554499 -55.673 159.903 
4.08e+08 0.0496199 -82.3241 160.294 
4.09e+08 0.0752672 -47.2515 160.684 
4.1e+08 0.038404 -42.1846 161.075 
4.11e+08 0.0460666 -55.4953 161.465 
4.12e+08 0.0578371 -33.4165 161.856 
4.13e+08 0.0186522 -57.8243 162.247 
4.14e+08 0.0273386 -65.8306 162.637 
4.15e+08 0.0779815 -52.7642 163.029 
4.16e+08 0.0559043 -42.3438 163.419 
4.17e+08 0.0728114 -46.1044 163.81 
4.18e+08 0.0762851 -46.9054 164.201 
4.19e+08 0.0354637 -60.4334 164.592 
4.2e+08 0.0332222 -80.5865 164.983 
4.21e+08 0.0195402 -77.3355 165.373 
4.22e+08 0.0480245 -45.1416 165.764 
4.23e+08 0.0418138 -83.0279 166.154 
4.24e+08 0.0386914 -84.1346 166.545 
4.25e+08 0.0538878 -50.4088 166.936 
4.26e+08 0.0475768 -25.2919 167.327 
4.27e+08 0.0554385 -44.2397 167.718 
4.28e+08 0.0301155 -80.5328 168.109 
4.29e+08 0.0407114 -22.021 168.499 
4.3e+08 0.0431822 -43.755 168.89 
4.31e+08 0.0524911 -40.2934 169.281 
4.32e+08 0.0426866 -71.9834 169.672 
4.33e+08 0.0582538 -50.8568 170.063 
4.34e+08 0.0355028 -71.0296 170.454 
4.35e+08 0.0676004 -50.2081 170.844 
4.36e+08 0.0162614 -86.8039 171.236 
4.37e+08 0.0454484 -53.9023 171.627 
4.38e+08 0.0606372 -56.5131 172.017 
4.39e+08 0.0244869 -139.203 172.408 
4.4e+08 0.0992489 -85.9707 172.799 
4.41e+08 0.0536535 -50.6255 173.19 
4.42e+08 0.0511614 -42.8595 173.58 
4.43e+08 0.0372948 -64.5294 173.971 
4.44e+08 0.0413445 -4.41724 174.362 
4.45e+08 0.0422379 -35.2037 174.757 
4.46e+08 0.0441656 -31.3344 175.148 
4.47e+08 0.044636 -59.8651 175.539 
4.48e+08 0.0436253 -40.5244 175.93 
4.49e+08 0.0291561 -87.4661 176.32 
4.5e+08 0.0751413 -52.2078 176.711 
4.51e+08 0.0759806 -56.9492 177.101 
4.52e+08 0.0509138 -65.3978 177.492 
4.53e+08 0.0104926 -24.2234 177.889 
4.54e+08 0.0806981 -14.6757 178.28 
4.55e+08 0.0403634 2.99085 178.671 
4.56e+08 0.0631279 -40.1477 179.061 
4.57e+08 0.0821457 -68.6227 179.452 
4.58e+08 0.0614685 -31.6063 179.843 
4.59e+08 0.0514374 -82.2144 180.236 
4.6e+08 0.0384119 -46.3324 180.627 
4.61e+08 0.0392629 0.425749 181.018 
4.62e+08 0.0538235 -33.2935 181.409 
4.63e+08 0.0511015 -80.4747 181.8 
4.64e+08 0.0666175 -44.3907 182.19 
4.65e+08 0.0249159 -40.4209 182.581 
4.66e+08 0.0306498 -52.4692 182.972 
4.67e+08 0.0355376 -50.0052 183.363 
4.68e+08 0.0711643 -24.1641 183.754 
4.69e+08 0.0756212 -54.3932 184.144 
4.7e+08 0.0405821 -14.9844 184.535 
4.71e+08 0.026448 -25.734 184.926 
4.72e+08 0.070136 -63.9202 185.317 
4.73e+08 0.0179566 -49.1142 185.713 
4.74e+08 0.0386112 1.89597 186.103 
4.75e+08 0.0630273 -1.94211 186.494 
4.76e+08 0.0487927 -52.5005 186.885 
4.77e+08 0.0492349 -52.7802 187.277 
4.78e+08 0.0460207 -34.5199 187.668 
4.79e+08 0.0301445 -81.7496 188.058 
4.8e+08 0.0630061 -109.841 188.449 
4.81e+08 0.051988 -83.2741 188.84 
4.82e+08 0.0587783 -87.6665 189.23 
4.83e+08 0.0573963 -42.669 189.621 
4.84e+08 0.0512099 -91.1486 190.012 
4.85e+08 0.0814701 -43.9728 190.403 
4.86e+08 0.0146607 -12.8289 190.793 
4.87e+08 0.0398184 -65.612 191.184 
4.88e+08 0.0632851 -27.8236 191.575 
4.89e+08 0.0329619 -44.9069 191.967 
4.9e+08 0.0566576 -75.5217 192.359 
4.91e+08 0.0463768 -58.2893 192.749 
4.92e+08 0.038074 -48.0349 193.14 
4.93e+08 0.0698761 -75.7227 193.531 
4.94e+08 0.0388065 -64.5127 193.921 
4.95e+08 0.0434164 -25.2669 194.312 
4.96e+08 0.0196794 -48.5732 194.703 
4.97e+08 0.0576771 -64.0016 195.093 
4.98e+08 0.042211 -48.6129 195.484 
4.99e+08 0.0180024 -64.2224 195.875 
5e+08 0.0569579 -52.0362 196.266 
5.01e+08 0.0249901 -67.4029 196.657 
5.02e+08 0.0666954 -61.4264 197.048 
5.03e+08 0.0184027 -19.5732 197.439 
5.04e+08 0.0622756 -96.7708 197.83 
5.05e+08 0.0370208 -48.6908 198.224 
5.06e+08 0.0517096 -53.8596 198.621 
5.07e+08 0.0395675 -38.8368 199.018 
5.08e+08 0.0502346 -42.8538 199.415 
5.09e+08 0.0691742 -26.4565 199.813 
5.1e+08 0.021578 -57.1778 200.211 
5.11e+08 0.0597644 -3.24603 200.604 
5.12e+08 0.0553047 -28.7615 200.995 
5.13e+08 0.0640605 -50.261 201.386 
5.14e+08 0.0290371 -38.6526 201.777 
5.15e+08 0.0309846 -51.0102 202.167 
5.16e+08 0.0132148 -37.194 202.558 
5.17e+08 0.0625194 -16.7646 202.949 
5.18e+08 0.0262737 -59.0387 203.339 
5.19e+08 0.0697522 -92.4132 203.73 
5.2e+08 0.0540966 -74.5317 204.121 
5.21e+08 0.046641 -50.9131 204.512 
5.22e+08 0.0247102 -57.0937 204.902 
5.23e+08 0.0454949 -17.703 205.293 
5.24e+08 0.0428112 -66.3907 205.683 
5.25e+08 0.039068 -49.6141 206.074 
5.26e+08 0.0345014 -67.7495 206.465 
5.27e+08 0.0297322 -11.603 206.856 
5.28e+08 0.0473707 -60.5627 207.246 
5.29e+08 0.0306776 -63.4474 207.637 
5.3e+08 0.0453703 -25.0779 208.029 
5.31e+08 0.0479893 -54.1345 208.42 
5.32e+08 0.045725 -32.2166 208.811 
5.33e+08 0.0421811 -23.2063 209.202 
5.34e+08 0.0385009 -45.7403 209.592 
5.35e+08 0.0355292 -58.9703 209.989 
5.36e+08 0.0651563 -39.2026 210.409 
5.37e+08 0.0312166 -57.7739 210.833 
5.38e+08 0.0553955 -78.1702 211.256 
5.39e+08 0.0350149 -52.0784 211.666 
5.4e+08 0.0308719 -25.0999 212.058 
5.41e+08 0.0213937 -64.9399 212.449 
5.42e+08 0.0488845 -31.0565 212.84 
5.43e+08 0.0371151 -48.9696 213.23 
5.44e+08 0.0470007 -66.1559 213.624 
5.45e+08 0.0317931 -48.4101 214.022 
5.46e+08 0.0171918 -21.7311 214.413 
5.47e+08 0.0279667 -63.7553 214.804 
5.48e+08 0.0692271 -56.8872 215.194 
5.49e+08 0.0324235 -4.46567 215.585 
5.5e+08 0.0439593 -37.299 215.978 
5.51e+08 0.079735 -41.7409 216.369 
5.52e+08 0.0576088 -82.6852 216.76 
5.53e+08 0.0578732 -45.0034 217.151 
5.54e+08 0.0366022 -68.5629 217.542 
5.55e+08 0.0241494 -16.7032 217.932 
5.56e+08 0.0493424 -30.5249 218.323 
5.57e+08 0.0530761 -76.5137 218.714 
5.58e+08 0.034746 -68.7846 219.105 
5.59e+08 0.055749 -92.4623 219.495 
5.6e+08 0.0477574 -36.4614 219.886 
5.61e+08 0.0785065 -44.4763 220.277 
5.62e+08 0.0637578 -82.8417 220.667 
5.63e+08 0.048889 -57.5577 221.058 
5.64e+08 0.0567727 -42.5425 221.449 
5.65e+08 0.0785278 -70.2385 221.84 
5.66e+08 0.0291215 -53.6298 222.23 
5.67e+08 0.0317299 -93.3901 222.623 
5.68e+08 0.0545624 -72.3942 223.016 
5.69e+08 0.0664198 -60.692 223.407 
5.7e+08 0.0314049 -59.9237 223.798 
5.71e+08 0.0744375 -61.8314 224.188 
5.72e+08 0.0279933 -56.6196 224.579 
5.73e+08 0.0492972 -48.0623 224.97 
5.74e+08 0.106587 -53.5443 225.361 
5.75e+08 0.0611002 -30.7925 225.751 
5.76e+08 0.0318917 -62.1151 226.142 
5.77e+08 0.0254771 -48.5205 226.533 
5.78e+08 0.03703 -64.7975 226.924 
5.79e+08 0.0575653 -63.1322 227.314 
5.8e+08 0.0293794 -68.485 227.705 
5.81e+08 0.0609314 -34.1261 228.096 
5.82e+08 0.0484248 -73.8695 228.486 
5.83e+08 0.0329191 -55.7545 228.877 
5.84e+08 0.0469622 -10.3586 229.268 
5.85e+08 0.0374226 -80.8377 229.659 
5.86e+08 0.0411108 -51.4257 230.05 
5.87e+08 0.0210039 -65.8411 230.44 
5.88e+08 0.0173981 -65.4747 230.831 
5.89e+08 0.0686126 -41.7833 231.222 
5.9e+08 0.0506734 -92.1023 231.613 
5.91e+08 0.0214899 -76.9216 232.004 
5.92e+08 0.0462978 -69.8582 232.395 
5.93e+08 0.0139745 -52.7651 232.786 
5.94e+08 0.0728408 -46.0983 233.176 
5.95e+08 0.0538399 -94.6196 233.567 
5.96e+08 0.0377585 -40.5365 233.958 
5.97e+08 0.0562898 -69.1522 234.348 
5.98e+08 0.0516728 -75.6501 234.739 
5.99e+08 0.0451698 -35.7952 235.13 
6e+08 0.0366809 -45.2475 235.521 
6.01e+08 0.061634 -57.3557 235.911 
6.02e+08 0.0267234 -58.8515 236.303 
6.03e+08 0.0779157 -56.683 236.7 
6.04e+08 0.0173206 -84.6981 237.097 
6.05e+08 0.059499 -52.4205 237.49 
6.06e+08 0.0388081 -58.5571 237.881 
6.07e+08 0.0255944 -49.2707 238.272 
6.08e+08 0.097428 -77.0729 238.662 
6.09e+08 0.0312079 -17.6717 239.053 
6.1e+08 0.040569 -70.5576 239.444 
6.11e+08 0.0513547 -26.3702 239.835 
6.12e+08 0.0239702 -36.0313 240.226 
6.13e+08 0.0682796 -83.2995 240.616 
6.14e+08 0.0278844 -73.2247 241.007 
6.15e+08 0.0748575 -67.7743 241.398 
6.16e+08 0.0261967 -74.8382 241.789 
6.17e+08 0.098932 -79.1411 242.18 
6.18e+08 0.0401253 -55.2021 242.57 
6.19e+08 0.0722953 -46.582 242.961 
6.2e+08 0.052649 0.745853 243.352 
6.21e+08 0.0548076 -33.351 243.743 
6.22e+08 0.0557415 -66.3165 244.133 
6.23e+08 0.0766456 -53.3368 244.524 
6.24e+08 0.0199903 -39.7303 244.914 
6.25e+08 0.0571713 -42.28 245.305 
6.26e+08 0.0668056 -47.2621 245.696 
6.27e+08 0.044675 -44.2104 246.086 
6.28e+08 0.0208079 -76.364 246.477 
6.29e+08 0.0500615 -65.3563 246.868 
6.3e+08 0.0642224 -67.7516 247.262 
6.31e+08 0.0514106 -49.6226 247.659 
6.32e+08 0.0462158 -54.7301 248.057 
6.33e+08 0.0373421 -50.7809 248.455 
6.34e+08 0.0521813 -46.1581 248.851 
6.35e+08 0.0706256 -102.153 249.249 
6.36e+08 0.0908584 -64.3229 249.643 
6.37e+08 0.0446504 -47.6645 250.034 
6.38e+08 0.0867472 -33.7004 250.425 
6.39e+08 0.0760929 -80.4885 250.816 
6.4e+08 0.0581609 -56.1077 251.206 
6.41e+08 0.0723738 -66.3275 251.598 
6.42e+08 0.0423627 -62.8416 251.989 
6.43e+08 0.0786357 -58.756 252.38 
6.44e+08 0.029881 -46.5779 252.77 
6.45e+08 0.0436687 -55.621 253.166 
6.46e+08 0.0720181 -46.1756 253.564 
6.47e+08 0.0624104 -80.2041 253.961 
6.48e+08 0.076544 -53.6188 254.352 
6.49e+08 0.019574 -87.5032 254.743 
6.5e+08 0.0230374 -70.0068 255.133 
6.51e+08 0.0179848 -63.834 255.524 
6.52e+08 0.0361383 -19.185 255.914 
6.53e+08 0.0532549 -37.1888 256.305 
6.54e+08 0.0751605 -56.3849 256.696 
6.55e+08 0.0116525 -25.1352 257.087 
6.56e+08 0.081009 -87.5924 257.477 
6.57e+08 0.0290807 -59.1427 257.868 
6.58e+08 0.0275296 -54.0232 258.259 
6.59e+08 0.0116083 -64.9715 258.649 
6.6e+08 0.0479772 -65.4629 259.041 
6.61e+08 0.0489488 -29.342 259.433 
6.62e+08 0.0312629 -31.7221 259.823 
6.63e+08 0.0261263 -57.3684 260.214 
6.64e+08 0.0532693 -87.6407 260.605 
6.65e+08 0.05452 -62.0676 260.996 
6.66e+08 0.031369 -29.8469 261.387 
6.67e+08 0.0586553 -108.088 261.777 
6.68e+08 0.034316 -30.677 262.168 
6.69e+08 0.0483046 17.8294 262.559 
6.7e+08 0.0380734 -82.1775 262.95 
6.71e+08 0.025602 -82.1454 263.34 
6.72e+08 0.0675832 -65.271 263.731 
6.73e+08 0.0591825 -36.3621 264.122 
6.74e+08 0.0377597 -68.8 264.513 
6.75e+08 0.0499606 -71.9431 264.903 
6.76e+08 0.0536792 -81.2108 265.294 
6.77e+08 0.0758319 -35.3289 265.685 
6.78e+08 0.0785761 -68.3235 266.075 
6.79e+08 0.0782417 -79.212 266.466 
6.8e+08 0.0422371 -41.074 266.857 
6.81e+08 0.0395071 -34.07 267.247 
6.82e+08 0.027684 -39.382 267.638 
6.83e+08 0.058738 -19.5672 268.03 
6.84e+08 0.0328383 -38.3718 268.421 
6.85e+08 0.0650015 -100.498 268.811 
6.86e+08 0.0341268 -77.5836 269.202 
6.87e+08 0.0437906 -34.5612 269.592 
6.88e+08 0.0499484 -47.3282 269.983 
6.89e+08 0.0471241 -77.5921 270.377 
6.9e+08 0.06939 -19.822 270.768 
6.91e+08 0.0504502 -12.1058 271.16 
6.92e+08 0.0470419 -16.3366 271.552 
6.93e+08 0.0344674 -39.6801 271.944 
6.94e+08 0.0301793 -23.8828 272.335 
6.95e+08 0.0359007 -30.1249 272.727 
6.96e+08 0.084479 -41.9039 273.119 
6.97e+08 0.0362583 -45.6486 273.51 
6.98e+08 0.038216 -82.0745 273.902 
6.99e+08 0.0526766 -99.8812 274.294 
7e+08 0.0528857 -32.4232 274.685 
7.01e+08 0.051644 -65.8388 275.077 
7.02e+08 0.0657206 -52.4227 275.469 
7.03e+08 0.0237902 -36.6667 275.86 
7.04e+08 0.0457447 -81.4375 276.252 
7.05e+08 0.0544692 -20.7741 276.643 
7.06e+08 0.064927 -41.6742 277.035 
7.07e+08 0.0415709 -20.5569 277.427 
7.08e+08 0.0420615 -72.4556 277.819 
7.09e+08 0.0414492 -70.0675 278.21 
7.1e+08 0.0427978 -40.2225 278.602 
7.11e+08 0.0566336 -84.274 278.993 
7.12e+08 0.0754816 -63.2899 279.385 
7.13e+08 0.0631703 -46.2116 279.777 
7.14e+08 0.0209905 -29.199 280.17 
7.15e+08 0.0176801 -50.6465 280.562 
7.16e+08 0.0277134 -30.8484 280.953 
7.17e+08 0.0235089 -21.6979 281.345 
7.18e+08 0.0377204 -53.4309 281.737 
7.19e+08 0.0513997 -48.3192 282.128 
7.2e+08 0.0234449 -34.8075 282.52 
7.21e+08 0.0341841 -27.5981 282.912 
7.22e+08 0.021944 -91.2584 283.304 
7.23e+08 0.0671098 -26.8147 283.696 
7.24e+08 0.0567016 -50.5379 284.087 
7.25e+08 0.0529263 -92.8252 284.479 
7.26e+08 0.0395539 -16.2131 284.871 
7.27e+08 0.0472865 -28.1804 285.263 
7.28e+08 0.0364312 -62.2488 285.654 
7.29e+08 0.0547433 -46.0468 286.046 
7.3e+08 0.00494931 -58.0842 286.438 
7.31e+08 0.0459582 -22.4725 286.829 
7.32e+08 0.0293271 -13.3033 287.221 
7.33e+08 0.0564218 -38.7342 287.613 
7.34e+08 0.0304625 -42.8478 288.004 
7.35e+08 0.03774 -67.1455 288.396 
7.36e+08 0.0399172 -66.3603 288.788 
7.37e+08 0.0649682 -29.1015 289.18 
7.38e+08 0.0261579 -38.7358 289.572 
7.39e+08 0.0299423 -50.6052 289.963 
7.4e+08 0.0385737 -74.3789 290.355 
7.41e+08 0.0294066 -94.435 290.747 
7.42e+08 0.0853822 -33.9337 291.139 
7.43e+08 0.0411138 -53.5599 291.53 
7.44e+08 0.0542412 -84.067 291.922 
7.45e+08 0.0327972 -35.6616 292.318 
7.46e+08 0.0134135 -41.535 292.714 
7.47e+08 0.0263039 -97.1872 293.106 
7.48e+08 0.0438815 -53.0839 293.498 
7.49e+08 0.0738036 -76.8255 293.889 
7.5e+08 0.0555467 -31.7639 294.281 
7.51e+08 0.0304514 -18.9799 294.673 
7.52e+08 0.0196959 -52.1298 295.064 
7.53e+08 0.0337937 -88.8953 295.456 
7.54e+08 0.0585455 -88.0594 295.847 
7.55e+08 0.054627 -69.9339 296.241 
7.56e+08 0.056654 -61.9018 296.633 
7.57e+08 0.0695998 -53.654 297.024 
7.58e+08 0.0342206 -47.9525 297.416 
7.59e+08 0.0276496 -46.353 297.808 
7.6e+08 0.0326051 -64.5528 298.2 
7.61e+08 0.0656277 -53.5408 298.592 
7.62e+08 0.0380899 -126.712 298.983 
7.63e+08 0.0455315 -64.084 299.375 
7.64e+08 0.0565601 -72.0719 299.767 
7.65e+08 0.0459568 -51.1026 300.158 
7.66e+08 0.0370801 -85.2569 300.55 
7.67e+08 0.0414054 -12.4981 300.941 
7.68e+08 0.0204861 -32.5751 301.333 
7.69e+08 0.0117645 -77.3305 301.725 
7.7e+08 0.0417053 -60.1456 302.116 
7.71e+08 0.086808 -32.9792 302.508 
7.72e+08 0.0427433 -46.8827 302.899 
7.73e+08 0.0108685 -60.5441 303.293 
7.74e+08 0.0237968 -44.2844 303.685 
7.75e+08 0.0255484 -50.733 304.077 
7.76e+08 0.0420251 -64.6884 304.47 
7.77e+08 0.0800952 -67.4369 304.862 
7.78e+08 0.054227 -32.285 305.254 
7.79e+08 0.0942495 -70.6084 305.65 
7.8e+08 0.03241 -38.3453 306.042 
7.81e+08 0.0553287 -85.2452 306.434 
7.82e+08 0.046321 -36.1007 306.825 
7.83e+08 0.0504332 -43.1702 307.217 
7.84e+08 0.0406481 -33.9325 307.609 
7.85e+08 0.065416 -72.1671 308.001 
7.86e+08 0.0587059 -93.9382 308.392 
7.87e+08 0.0975335 4.72122 308.784 
7.88e+08 0.0495107 -37.3784 309.176 
7.89e+08 0.0286958 -74.3715 309.567 
7.9e+08 0.0407645 -43.2023 309.959 
7.91e+08 0.0564808 -11.4675 310.351 
7.92e+08 0.0477959 -55.9424 310.742 
7.93e+08 0.0366896 -50.6668 311.134 
7.94e+08 0.00917077 -71.4588 311.526 
7.95e+08 0.0461338 -48.5077 311.918 
7.96e+08 0.0133809 -46.571 312.31 
7.97e+08 0.0812921 -54.1281 312.701 
7.98e+08 0.0314609 -66.6397 313.093 
7.99e+08 0.0298962 -27.7554 313.485 
8e+08 0.0263607 -44.8599 313.876 
8.01e+08 0.0177991 -30.9759 314.268 
8.02e+08 0.0273281 -40.9207 314.66 
8.03e+08 0.0386397 -54.2606 315.052 
8.04e+08 0.0439801 -79.1686 315.443 
8.05e+08 0.0465617 -82.0043 315.835 
8.06e+08 0.0279323 -48.0313 316.227 
8.07e+08 0.0249542 -47.1172 316.618 
8.08e+08 0.0296809 -24.5416 317.01 
8.09e+08 0.0414273 -65.9815 317.402 
8.1e+08 0.0357599 -82.1557 317.793 
8.11e+08 0.0695188 -71.5263 318.185 
8.12e+08 0.0543673 -48.7285 318.577 
8.13e+08 0.0549611 -29.685 318.969 
8.14e+08 0.0164711 -40.1715 319.361 
8.15e+08 0.0718176 -37.3029 319.752 
8.16e+08 0.0508717 -59.8349 320.144 
8.17e+08 0.0950323 -59.1764 320.536 
8.18e+08 0.0353184 -70.4533 320.927 
8.19e+08 0.0256942 -46.1594 321.319 
8.2e+08 0.0331184 -46.3773 321.711 
8.21e+08 0.0474821 -51.7264 322.103 
8.22e+08 0.0534317 -122.991 322.494 
8.23e+08 0.0669831 -29.5138 322.886 
8.24e+08 0.0724404 -51.5826 323.278 
8.25e+08 0.0427823 -63.6644 323.669 
8.26e+08 0.0544934 -44.8723 324.063 
8.27e+08 0.0423903 -55.1263 324.456 
8.28e+08 0.0435204 -48.5276 324.848 
8.29e+08 0.0306512 -31.614 325.239 
8.3e+08 0.0374709 -40.5083 325.631 
8.31e+08 0.0200034 -58.9501 326.023 
8.32e+08 0.0217591 -74.9429 326.415 
8.33e+08 0.0128515 -36.8679 326.806 
8.34e+08 0.0617298 -46.8186 327.198 
8.35e+08 0.0274075 -68.207 327.59 
8.36e+08 0.0450672 -79.2658 327.982 
8.37e+08 0.0456295 -83.2093 328.374 
8.38e+08 0.073434 -42.4582 328.766 
8.39e+08 0.0489129 -31.7033 329.157 
8.4e+08 0.0195225 -50.6719 329.549 
8.41e+08 0.0430463 -24.4797 329.941 
8.42e+08 0.037351 -53.663 330.358 
8.43e+08 0.0592252 -37.9953 330.757 
8.44e+08 0.0233973 -38.5846 331.15 
8.45e+08 0.0294441 -59.1796 331.542 
8.46e+08 0.0575219 -47.1049 331.94 
8.47e+08 0.079659 -61.1616 332.331 
8.48e+08 0.042826 -46.0373 332.723 
8.49e+08 0.0301873 -73.8602 333.115 
8.5e+08 0.0375884 -78.3736 333.507 
8.51e+08 0.026325 -21.1277 333.898 
8.52e+08 0.0773819 -40.49 334.29 
8.53e+08 0.0112388 -54.2767 334.682 
8.54e+08 0.0398777 -44.0981 335.073 
8.55e+08 0.0446334 -44.0854 335.465 
8.56e+08 0.0378155 -17.8625 335.857 
8.57e+08 0.0503111 -45.3911 336.251 
8.58e+08 0.0131094 15.4121 336.642 
8.59e+08 0.0240407 -13.7283 337.035 
8.6e+08 0.0617056 -86.035 337.426 
8.61e+08 0.0375025 -13.8002 337.818 
8.62e+08 0.0433961 -103.857 338.21 
8.63e+08 0.0320801 -11.2463 338.602 
8.64e+08 0.0576321 -67.8666 338.994 
8.65e+08 0.0425634 -63.5592 339.385 
8.66e+08 0.0745879 -75.8669 339.777 
8.67e+08 0.0289022 -25.3083 340.169 
8.68e+08 0.00895229 -63.4841 340.561 
8.69e+08 0.0731915 -64.3042 340.953 
8.7e+08 0.0286198 -31.2592 341.344 
8.71e+08 0.0564325 -66.0359 341.736 
8.72e+08 0.0219941 -24.8782 342.128 
8.73e+08 0.0468823 -26.965 342.527 
8.74e+08 0.0709532 -68.8533 342.928 
8.75e+08 0.0498002 -9.94926 343.327 
8.76e+08 0.0795483 -89.6384 343.724 
8.77e+08 0.0410199 -19.2634 344.116 
8.78e+08 0.0505837 -71.1698 344.507 
8.79e+08 0.04223 -74.9294 344.9 
8.8e+08 0.0589796 -35.7441 345.292 
8.81e+08 0.030297 -35.0555 345.684 
8.82e+08 0.00751724 -10.6051 346.076 
8.83e+08 0.0788447 -4.93296 346.467 
8.84e+08 0.0879078 -94.8291 346.864 
8.85e+08 0.0828341 -94.2133 347.256 
8.86e+08 0.0527124 -36.5167 347.648 
8.87e+08 0.0600138 -40.0231 348.04 
8.88e+08 0.0209671 -35.5303 348.432 
8.89e+08 0.0633684 -58.9732 348.823 
8.9e+08 0.100156 -4.20255 349.216 
8.91e+08 0.0382458 -38.4897 349.607 
8.92e+08 0.0369372 -41.9247 349.999 
8.93e+08 0.0593992 -69.1312 350.391 
8.94e+08 0.0528609 -53.7212 350.782 
8.95e+08 0.031222 -56.9627 351.174 
8.96e+08 0.0264427 -6.33363 351.566 
8.97e+08 0.0451257 -51.746 351.958 
8.98e+08 0.0349071 -8.42164 352.35 
8.99e+08 0.103034 -61.5226 352.741 
9e+08 0.0442418 -60.3687 353.133 
9.01e+08 0.0698055 -66.2182 353.525 
9.02e+08 0.0523059 -35.9 353.916 
9.03e+08 0.0484946 -66.2819 354.308 
9.04e+08 0.0590726 -78.7883 354.7 
9.05e+08 0.0492848 -55.2367 355.094 
9.06e+08 0.080633 -65.154 355.491 
9.07e+08 0.0737559 -83.661 355.891 
9.08e+08 0.0148142 -60.2946 356.288 
9.09e+08 0.0331936 -97.6205 356.683 
9.1e+08 0.0385622 6.54947 357.076 
9.11e+08 0.0789058 -48.5106 357.468 
9.12e+08 0.0646678 -109.093 357.859 
9.13e+08 0.0685451 -63.1757 358.251 
9.14e+08 0.0539961 -62.633 358.643 
9.15e+08 0.0257279 -91.2299 359.035 
9.16e+08 0.0393081 -32.9206 359.427 
9.17e+08 0.0431579 -37.362 359.819 
9.18e+08 0.0181893 -17.0315 360.21 
9.19e+08 0.0827288 -60.6405 360.602 
9.2e+08 0.104153 -52.8068 360.994 
9.21e+08 0.079341 -90.7358 361.386 
9.22e+08 0.0691982 -56.1872 361.777 
9.23e+08 0.0405473 -43.4549 362.169 
9.24e+08 0.0649224 -48.2128 362.563 
9.25e+08 0.0406906 -63.772 362.955 
9.26e+08 0.0315633 -87.302 363.346 
9.27e+08 0.009592 -37.7127 363.738 
9.28e+08 0.0126924 -32.364 364.13 
9.29e+08 0.0751101 -70.2258 364.526 
9.3e+08 0.0833712 -70.8722 364.92 
9.31e+08 0.0561978 -31.8953 365.311 
9.32e+08 0.0298689 -61.721 365.713 
9.33e+08 0.0549694 -50.1332 366.105 
9.34e+08 0.0271799 -21.08 366.498 
9.35e+08 0.0287323 -76.1027 366.89 
9.36e+08 0.0317227 -30.0957 367.281 
9.37e+08 0.0366113 -55.9595 367.673 
9.38e+08 0.0134009 -61.6932 368.065 
9.39e+08 0.0284751 -52.6197 368.457 
9.4e+08 0.0547491 -35.4136 368.848 
9.41e+08 0.0301935 -29.3572 369.24 
9.42e+08 0.0175362 -25.0016 369.631 
9.43e+08 0.0326611 -58.4169 370.023 
9.44e+08 0.0944355 -80.4335 370.419 
9.45e+08 0.0667989 -49.4142 370.817 
9.46e+08 0.0258189 -24.5329 371.209 
9.47e+08 0.0370935 -25.9177 371.601 
9.48e+08 0.0130368 -72.5795 371.993 
9.49e+08 0.07101 -19.2017 372.384 
9.5e+08 0.0642134 -18.0621 372.776 
9.51e+08 0.0348667 -28.5913 373.168 
9.52e+08 0.0539139 -43.1993 373.559 
9.53e+08 0.0243516 -72.1599 373.951 
9.54e+08 0.0258539 -46.5713 374.343 
9.55e+08 0.0344537 -67.0709 374.734 
9.56e+08 0.0678649 -45.334 375.126 
9.57e+08 0.0391352 -62.4549 375.518 
9.58e+08 0.0514366 -33.841 375.91 
9.59e+08 0.0487364 -68.8302 376.301 
9.6e+08 0.0299922 -77.6819 376.693 
9.61e+08 0.0717123 -63.9716 377.085 
9.62e+08 0.0354692 -37.4773 377.476 
9.63e+08 0.037404 -45.4071 377.868 
9.64e+08 0.0666638 -56.6068 378.26 
9.65e+08 0.0626644 -30.3895 378.651 
9.66e+08 0.0492505 -91.3936 379.043 
9.67e+08 0.0501665 -69.5934 379.435 
9.68e+08 0.0332017 -41.712 379.827 
9.69e+08 0.0197386 -96.1852 380.219 
9.7e+08 0.00183099 -54.9464 380.61 
9.71e+08 0.0580872 -69.926 381.002 
9.72e+08 0.0109202 -70.6857 381.394 
9.73e+08 0.0140051 -32.0752 381.786 
9.74e+08 0.0218554 -54.0319 382.177 
9.75e+08 0.0486354 -54.2445 382.569 
9.76e+08 0.0306703 -78.2016 382.961 
9.77e+08 0.0419584 -17.4042 383.352 
9.78e+08 0.0403486 -43.4449 383.744 
9.79e+08 0.0551144 -31.726 384.136 
9.8e+08 0.0550098 -16.6175 384.527 
9.81e+08 0.0745805 -49.4672 384.919 
9.82e+08 0.0239164 -17.7739 385.311 
9.83e+08 0.0931278 -76.488 385.702 
9.84e+08 0.026416 -82.0296 386.094 
9.85e+08 0.0524109 -62.124 386.485 
9.86e+08 0.0759381 -19.31 386.877 
9.87e+08 0.0444751 -42.0949 387.269 
9.88e+08 0.022779 -79.998 387.661 
9.89e+08 0.0435855 -81.1932 388.053 
9.9e+08 0.0054186 -72.1297 388.445 
9.91e+08 0.0948012 -97.3017 388.836 
9.92e+08 0.0186574 -72.8156 389.228 
9.93e+08 0.0858119 -38.3055 389.62 
9.94e+08 0.0688927 -75.1611 390.012 
9.95e+08 0.0678605 -61.0831 390.413 
9.96e+08 0.0448757 -25.3343 390.812 
9.97e+08 0.0260891 -44.5494 391.211 
9.98e+08 0.0273841 -33.0588 391.609 
9.99e+08 0.0599451 -73.1344 392.005 
1e+09 0.0503109 -44.2361 392.397 
