0 0.055063 3.38468 0 
1e+06 0.0544446 -29.2858 0.464997 
2e+06 0.0394217 -64.4619 0.925038 
3e+06 0.0168405 -61.01 1.38661 
4e+06 0.0598798 -53.0312 1.85318 
5e+06 0.0642173 -81.8541 2.31317 
6e+06 0.0818634 -50.7037 2.76545 
7e+06 0.0337832 -81.0654 3.21777 
8e+06 0.046529 -23.6097 3.66474 
9e+06 0.0235984 -50.601 4.11941 
1e+07 0.0546032 -51.1237 4.58264 
1.1e+07 0.0325244 -73.9641 5.04659 
1.2e+07 0.0756079 -84.6384 5.49764 
1.3e+07 0.0407003 -69.0201 5.95451 
1.4e+07 0.0644151 -41.4119 6.42192 
1.5e+07 0.0816142 -60.8336 6.88421 
1.6e+07 0.0552912 -81.6921 7.34097 
1.7e+07 0.0312715 -65.1871 7.79111 
1.8e+07 0.0305863 -49.3183 8.24251 
1.9e+07 0.0694284 -74.2553 8.69425 
2e+07 0.0473573 -10.9277 9.15637 
2.1e+07 0.0254079 -5.2913 9.61893 
2.2e+07 0.0400861 -58.1473 10.0767 
2.3e+07 0.0562432 -75.3552 10.5379 
2.4e+07 0.0395879 -28.7122 10.9987 
2.5e+07 0.0383392 -0.263846 11.4597 
2.6e+07 0.0142829 -27.697 11.9151 
2.7e+07 0.0361942 -42.6195 12.3687 
2.8e+07 0.035368 -11.1857 12.8293 
2.9e+07 0.0433986 -25.4229 13.2837 
3e+07 0.0162628 -39.0737 13.7318 
3.1e+07 0.0508127 -59.9215 14.1767 
3.2e+07 0.0729719 0.894328 14.6334 
3.3e+07 0.0556672 -54.4021 15.0976 
3.4e+07 0.0340417 -30.9435 15.5616 
3.5e+07 0.0475374 -10.7604 16.0286 
3.6e+07 0.0661506 -41.8446 16.4948 
3.7e+07 0.0463079 -20.154 16.9546 
3.8e+07 0.023509 -64.7666 17.4147 
3.9e+07 0.0197004 -56.1549 17.8648 
4e+07 0.0649385 -37.8115 18.3125 
4.1e+07 0.0126443 -34.3062 18.775 
4.2e+07 0.0274216 -78.6901 19.2329 
4.3e+07 0.0272587 -44.9852 19.6988 
4.4e+07 0.0229959 -37.704 20.1596 
4.5e+07 0.0365337 -48.7968 20.6213 
4.6e+07 0.0588202 -53.1256 21.0802 
4.7e+07 0.0284358 -58.1546 21.5373 
4.8e+07 0.0594852 -55.4566 21.9874 
4.9e+07 0.0351449 -58.4771 22.4472 
5e+07 0.0266437 -23.1168 22.8949 
5.1e+07 0.0203229 -9.72261 23.3481 
5.2e+07 0.0408119 -72.4651 23.8113 
5.3e+07 0.0213736 -8.7244 24.2732 
5.4e+07 0.0232855 -27.4894 24.7332 
5.5e+07 0.065866 -46.9703 25.1907 
5.6e+07 0.0725731 -26.5497 25.6561 
5.7e+07 0.0704925 -70.1783 26.1237 
5.8e+07 0.0540329 -99.3972 26.5697 
5.9e+07 0.0341498 -81.6042 27.0271 
6e+07 0.0354944 -59.4463 27.4736 
6.1e+07 0.0287776 -41.397 27.9271 
6.2e+07 0.0512484 -20.1028 28.3937 
6.3e+07 0.0606716 -78.1572 28.8553 
6.4e+07 0.06945 -38.9698 29.322 
6.5e+07 0.0346595 -68.9874 29.78 
6.6e+07 0.020832 -82.9937 30.2326 
6.7e+07 0.0443358 -64.2887 30.6893 
6.8e+07 0.0658204 -84.1279 31.1391 
6.9e+07 0.0567029 -19.8481 31.5926 
7e+07 0.0442784 -30.1864 32.0411 
7.1e+07 0.0592203 -94.9857 32.4957 
7.2e+07 0.0412267 -49.8732 32.9561 
7.3e+07 0.00956562 -57.7441 33.4219 
7.4e+07 0.0342564 -48.5667 33.8905 
7.5e+07 0.0453991 -22.6562 34.3511 
7.6e+07 0.0397542 -21.1537 34.8091 
7.7e+07 0.0425329 -50.6059 35.2544 
7.8e+07 0.0723025 -29.391 35.7086 
7.9e+07 0.0352689 -92.4272 36.1604 
8e+07 0.0479788 -24.5819 36.6068 
8.1e+07 0.0404614 -86.5908 37.0662 
8.2e+07 0.0487504 -46.1615 37.5292 
8.3e+07 0.0509613 -56.8327 37.9927 
8.4e+07 0.0399167 -46.2245 38.4622 
8.5e+07 0.0695415 -68.7782 38.9227 
8.6e+07 0.0776145 -30.602 39.3751 
8.7e+07 0.0295603 -49.3572 39.8267 
8.8e+07 0.02665 -41.1541 40.2741 
8.9e+07 0.0471212 -70.9742 40.7277 
9e+07 0.0858295 -91.1118 41.1857 
9.1e+07 0.0276669 -54.1326 41.6531 
9.2e+07 0.0800432 -64.6468 42.121 
9.3e+07 0.0517473 -73.7285 42.58 
9.4e+07 0.0275888 -43.7084 43.0418 
9.5e+07 0.0364809 -68.6305 43.4982 
9.6e+07 0.0378683 -27.1616 43.9474 
9.7e+07 0.0711314 -79.4981 44.3945 
9.8e+07 0.009505 -40.8173 44.8502 
9.9e+07 0.0137937 -65.9803 45.3209 
1e+08 0.0261476 -56.5612 45.7805 
1.01e+08 0.0597425 -49.6319 46.2442 
1.02e+08 0.0654746 -44.3014 46.7067 
1.03e+08 0.0553797 -92.7212 47.1581 
1.04e+08 0.0585412 -54.7405 47.6098 
1.05e+08 0.0464339 -48.715 48.0526 
1.06e+08 0.0619295 -41.5682 48.5333 
1.07e+08 0.0343355 -43.4523 49.0136 
1.08e+08 0.0617631 -74.6507 49.4952 
1.09e+08 0.0281255 -28.3836 49.9536 
1.1e+08 0.0660513 -53.9442 50.4217 
1.11e+08 0.0315087 10.8139 50.8845 
1.12e+08 0.0457998 -30.5119 51.3477 
1.13e+08 0.0443186 -40.7445 51.8042 
1.14e+08 0.04162 -88.1023 52.26 
1.15e+08 0.0275198 -55.5275 52.7154 
1.16e+08 0.0771908 -72.2119 53.1769 
1.17e+08 0.0688806 -64.0249 53.6249 
1.18e+08 0.0669148 -68.7743 54.0791 
1.19e+08 0.0257491 -52.2025 54.5434 
1.2e+08 0.0554071 -21.7604 55.0034 
1.21e+08 0.0428342 -72.1494 55.4545 
1.22e+08 0.020561 -71.7414 55.9126 
1.23e+08 0.0271152 -57.1831 56.376 
1.24e+08 0.0202951 -63.7911 56.8389 
1.25e+08 0.0546777 -49.9336 57.3032 
1.26e+08 0.0139075 -78.0789 57.7615 
1.27e+08 0.0619285 -60.9077 58.2184 
1.28e+08 0.0365914 -94.9241 58.6689 
1.29e+08 0.0483714 -9.84545 59.1199 
1.3e+08 0.0527611 -67.1508 59.5847 
1.31e+08 0.0226882 -83.9809 60.0457 
1.32e+08 0.0229724 -61.9512 60.5031 
1.33e+08 0.0318829 -104.945 60.9642 
1.34e+08 0.0622239 -45.844 61.425 
1.35e+08 0.0377937 -18.3384 61.8824 
1.36e+08 0.0392724 -43.943 62.3394 
1.37e+08 0.0359903 -56.1451 62.802 
1.38e+08 0.0203785 -48.7092 63.2625 
1.39e+08 0.0124406 -28.3795 63.7155 
1.4e+08 0.024853 -70.7971 64.1605 
1.41e+08 0.0562296 -81.6375 64.6117 
1.42e+08 0.0473878 -72.9876 65.076 
1.43e+08 0.0463646 -25.8758 65.542 
1.44e+08 0.0738914 -69.2364 66.0069 
1.45e+08 0.050863 -44.6261 66.4675 
1.46e+08 0.0534462 -43.4968 66.9303 
1.47e+08 0.0198659 -2.37524 67.3977 
1.48e+08 0.0817066 -30.9781 67.8563 
1.49e+08 0.0876393 -75.5228 68.3137 
1.5e+08 0.077566 -98.4704 68.7636 
1.51e+08 0.0682122 -59.1781 69.2173 
1.52e+08 0.0145343 -51.7103 69.6768 
1.53e+08 0.100575 -110.95 70.1397 
1.54e+08 0.0213729 -19.12 70.6111 
1.55e+08 0.05587 -56.8738 71.0788 
1.56e+08 0.0242118 -92.9308 71.5453 
1.57e+08 0.0421496 -50.8079 72.0087 
1.58e+08 0.0669627 -61.3486 72.4557 
1.59e+08 0.0494565 -38.8928 72.9055 
1.6e+08 0.0238455 -67.2966 73.3643 
1.61e+08 0.0562755 -75.1982 73.8329 
1.62e+08 0.0542243 7.93401 74.3013 
1.63e+08 0.0323175 -71.9387 74.7635 
1.64e+08 0.080888 -42.6934 75.2295 
1.65e+08 0.0768985 -29.0158 75.6869 
1.66e+08 0.0417259 -104.925 76.1412 
1.67e+08 0.0252459 -88.6668 76.5945 
1.68e+08 0.0326275 -72.7831 77.042 
1.69e+08 0.0529422 -68.3354 77.4988 
1.7e+08 0.0660878 -37.037 77.9585 
1.71e+08 0.0404755 -18.9393 78.4221 
1.72e+08 0.0395337 -62.006 78.8875 
1.73e+08 0.0499483 -53.5034 79.3532 
1.74e+08 0.0573537 -44.9994 79.8137 
1.75e+08 0.0282419 -52.7711 80.2706 
1.76e+08 0.0485796 -60.6151 80.7226 
1.77e+08 0.0279284 -48.2031 81.1714 
1.78e+08 0.0448546 -42.0036 81.6273 
1.79e+08 0.0612727 -80.0949 82.0943 
1.8e+08 0.0258118 -40.1412 82.5574 
1.81e+08 0.0709833 -41.1446 83.0212 
1.82e+08 0.048092 -78.5052 83.4821 
1.83e+08 0.0474794 -43.6092 83.9456 
1.84e+08 0.0365801 -58.2875 84.4032 
1.85e+08 0.0345178 -40.4841 84.858 
1.86e+08 0.0187516 -2.56398 85.3065 
1.87e+08 0.0479849 -27.8645 85.7688 
1.88e+08 0.0201165 -55.1161 86.2326 
1.89e+08 0.0518366 -34.8822 86.6981 
1.9e+08 0.0367055 -37.8313 87.1666 
1.91e+08 0.0439666 -60.0187 87.6278 
1.92e+08 0.0625402 -81.9499 88.0876 
1.93e+08 0.0401762 -76.4123 88.5415 
1.94e+08 0.0619093 -51.7321 88.994 
1.95e+08 0.0232124 -70.1413 89.444 
1.96e+08 0.0574071 -52.2679 89.9092 
1.97e+08 0.0455658 -34.8333 90.3683 
1.98e+08 0.0547837 -50.6333 90.8276 
1.99e+08 0.0153014 -46.2292 91.2882 
2e+08 0.0307748 -71.3008 91.7498 
2.01e+08 0.0443855 -55.7517 92.2149 
2.02e+08 0.0158464 -80.9466 92.6689 
2.03e+08 0.0406486 -3.66597 93.1294 
2.04e+08 0.0774026 -41.0859 93.5847 
2.05e+08 0.0274039 -57.6737 94.0409 
2.06e+08 0.0463776 -5.58639 94.4957 
2.07e+08 0.0537081 -61.977 94.9475 
2.08e+08 0.0423555 -36.4247 95.4095 
2.09e+08 0.0428436 -42.7947 95.8726 
2.1e+08 0.0783965 -42.1175 96.3372 
2.11e+08 0.0387487 -54.115 96.7969 
2.12e+08 0.0449995 -71.5063 97.2537 
2.13e+08 0.0293942 -52.1649 97.714 
2.14e+08 0.0282995 -55.3438 98.1633 
2.15e+08 0.0750693 -58.4036 98.6073 
2.16e+08 0.050581 -74.0003 99.0548 
2.17e+08 0.030578 -63.466 99.5189 
2.18e+08 0.043421 -53.2004 99.9849 
2.19e+08 0.0288761 -55.3126 100.452 
2.2e+08 0.0428506 -27.5125 100.916 
2.21e+08 0.0694754 -52.3359 101.383 
2.22e+08 0.0156985 -72.0616 101.84 
2.23e+08 0.0114884 -82.2614 102.291 
2.24e+08 0.0365174 -23.3349 102.739 
2.25e+08 0.0548248 -52.5772 103.199 
2.26e+08 0.0266845 -27.0387 103.666 
2.27e+08 0.0574331 -52.1398 104.135 
2.28e+08 0.0219924 -23.6851 104.601 
2.29e+08 0.0484933 -36.5234 105.066 
2.3e+08 0.0356912 -38.5443 105.523 
2.31e+08 0.10874 -66.3599 105.974 
2.32e+08 0.0310539 -76.8019 106.421 
2.33e+08 0.0440102 -44.4446 106.874 
2.34e+08 0.0294696 -89.3774 107.336 
2.35e+08 0.046455 -55.5906 107.803 
2.36e+08 0.0327811 -61.931 108.267 
2.37e+08 0.0738205 -63.2771 108.736 
2.38e+08 0.0139961 -44.9726 109.198 
2.39e+08 0.0545128 -49.0034 109.66 
2.4e+08 0.0105755 -54.0586 110.107 
2.41e+08 0.0561744 -38.083 110.555 
2.42e+08 0.0506797 -47.9981 111.017 
2.43e+08 0.0659789 -61.8115 111.479 
2.44e+08 0.0700555 -24.6544 111.946 
2.45e+08 0.0432477 -55.3348 112.41 
2.46e+08 0.045335 -33.0937 112.877 
2.47e+08 0.066972 -96.0861 113.332 
2.48e+08 0.0394682 -75.3035 113.786 
2.49e+08 0.0348719 -31.7574 114.239 
2.5e+08 0.0263154 -8.18409 114.689 
2.51e+08 0.0509197 -81.5137 115.161 
2.52e+08 0.0255432 -54.9034 115.624 
2.53e+08 0.0395749 -76.3289 116.088 
2.54e+08 0.0329115 -44.1922 116.548 
2.55e+08 0.0315436 -76.3274 117.003 
2.56e+08 0.0453671 -42.0244 117.461 
2.57e+08 0.0622191 -85.0653 117.917 
2.58e+08 0.00683108 -23.1865 118.373 
2.59e+08 0.0283599 -83.2948 118.82 
2.6e+08 0.0936617 -54.033 119.284 
2.61e+08 0.0248216 -67.4272 119.745 
2.62e+08 0.0185049 -42.5347 120.209 
2.63e+08 0.0461374 -56.928 120.672 
2.64e+08 0.0407866 -45.4649 121.127 
2.65e+08 0.0184099 -29.1929 121.593 
2.66e+08 0.0829746 -55.7688 122.047 
2.67e+08 0.0307851 -18.5423 122.505 
2.68e+08 0.00824268 -61.3234 122.952 
2.69e+08 0.0325508 -63.4311 123.409 
2.7e+08 0.0639287 -93.0149 123.874 
2.71e+08 0.0254063 -36.376 124.339 
2.72e+08 0.03498 -51.5357 124.804 
2.73e+08 0.0471596 -74.1744 125.268 
2.74e+08 0.0336282 -48.3324 125.717 
2.75e+08 0.0277152 -82.1489 126.168 
2.76e+08 0.0383152 -37.6542 126.618 
2.77e+08 0.0495191 -49.6006 127.068 
2.78e+08 0.0713737 -44.7874 127.527 
2.79e+08 0.0560409 -51.9251 127.992 
2.8e+08 0.0498892 -43.7283 128.458 
2.81e+08 0.068652 -33.5863 128.927 
2.82e+08 0.0654004 -80.772 129.391 
2.83e+08 0.0754848 -87.1407 129.844 
2.84e+08 0.0510347 -41.5081 130.293 
2.85e+08 0.0271394 -40.4401 130.74 
2.86e+08 0.0481628 -65.1486 131.196 
2.87e+08 0.0304663 -48.3038 131.659 
2.88e+08 0.047942 -47.8148 132.122 
2.89e+08 0.0266549 -59.4325 132.587 
2.9e+08 0.0806022 -54.7804 133.054 
2.91e+08 0.0325932 -68.6998 133.507 
2.92e+08 0.0410421 -72.0674 133.962 
2.93e+08 0.0646332 -68.6372 134.413 
2.94e+08 0.0296919 -88.1457 134.859 
2.95e+08 0.0480962 -50.0591 135.321 
2.96e+08 0.0202243 -114.255 135.785 
2.97e+08 0.036452 -59.3119 136.249 
2.98e+08 0.0236564 -114.818 136.715 
2.99e+08 0.0315234 -29.6083 137.177 
3e+08 0.0295007 -8.21775 137.628 
3.01e+08 0.0407777 -71.7439 138.086 
3.02e+08 0.0877653 -36.074 138.533 
3.03e+08 0.0261866 -57.8322 138.984 
3.04e+08 0.088486 -76.534 139.446 
3.05e+08 0.112678 -93.4418 139.913 
3.06e+08 0.0614549 -46.7952 140.375 
3.07e+08 0.0329758 -11.2992 140.84 
3.08e+08 0.0410688 -73.6048 141.298 
3.09e+08 0.0537714 -43.2803 141.757 
3.1e+08 0.0377753 -42.5891 142.21 
3.11e+08 0.0252974 -42.8548 142.663 
3.12e+08 0.00631129 -82.1795 143.114 
3.13e+08 0.0785014 -57.0822 143.559 
3.14e+08 0.0477101 -79.7917 144.023 
3.15e+08 0.0257944 -25.6502 144.483 
3.16e+08 0.0698418 -42.6469 144.942 
3.17e+08 0.0473398 -93.5458 145.4 
3.18e+08 0.0410951 -31.0654 145.865 
3.19e+08 0.00836444 -66.481 146.333 
3.2e+08 0.0384973 -36.1436 146.791 
3.21e+08 0.0718484 -50.3364 147.247 
3.22e+08 0.043362 -86.1816 147.695 
3.23e+08 0.0472865 -31.9732 148.144 
3.24e+08 0.0696341 -96.4567 148.607 
3.25e+08 0.0341365 -29.4664 149.066 
3.26e+08 0.0527798 -59.108 149.531 
3.27e+08 0.0338039 -72.8094 149.994 
3.28e+08 0.0322919 -28.1373 150.456 
3.29e+08 0.0533355 -46.222 150.907 
3.3e+08 0.0304337 -64.0247 151.362 
3.31e+08 0.0641142 -31.3496 151.814 
3.32e+08 0.0329069 -64.6879 152.259 
3.33e+08 0.0372917 -68.3317 152.718 
3.34e+08 0.0382103 -85.783 153.177 
3.35e+08 0.0581051 -40.051 153.626 
3.36e+08 0.0482031 -58.1048 154.084 
3.37e+08 0.0760315 -31.0534 154.541 
3.38e+08 0.0509768 -81.2886 154.999 
3.39e+08 0.0533735 -67.0239 155.457 
3.4e+08 0.00775881 -71.474 155.912 
3.41e+08 0.0392724 -46.8696 156.367 
3.42e+08 0.0477799 -50.0828 156.821 
3.43e+08 0.0934579 -47.0621 157.276 
3.44e+08 0.0429849 -72.6918 157.719 
3.45e+08 0.0645693 -12.3233 158.18 
3.46e+08 0.00842833 -36.7739 158.645 
3.47e+08 0.0195582 -23.8737 159.103 
3.48e+08 0.0784931 -71.7611 159.564 
3.49e+08 0.0362802 -59.2991 160.018 
3.5e+08 0.0607251 -68.3977 160.475 
3.51e+08 0.0412301 -32.3101 160.927 
3.52e+08 0.066305 -44.7849 161.389 
3.53e+08 0.0830152 -97.9349 161.852 
3.54e+08 0.073414 -40.9892 162.308 
3.55e+08 0.0290952 -23.2011 162.762 
3.56e+08 0.056687 -49.6083 163.209 
3.57e+08 0.0404143 -61.6639 163.658 
3.58e+08 0.0732736 -19.2218 164.121 
3.59e+08 0.0380939 -95.8728 164.583 
3.6e+08 0.0259803 -50.5908 165.049 
3.61e+08 0.0563821 -18.6053 165.518 
3.62e+08 0.0291947 -31.0053 165.983 
3.63e+08 0.0298153 -88.7767 166.439 
3.64e+08 0.0425131 -55.5583 166.889 
3.65e+08 0.0687025 -60.3849 167.34 
3.66e+08 0.0409613 -63.1169 167.791 
3.67e+08 0.0755286 -40.1581 168.26 
3.68e+08 0.0145845 -123.291 168.724 
3.69e+08 0.0330098 -42.39 169.193 
3.7e+08 0.0522958 -65.4119 169.658 
3.71e+08 0.0363902 -23.9501 170.113 
3.72e+08 0.0865256 -92.9018 170.567 
3.73e+08 0.0324042 -77.462 171.015 
3.74e+08 0.0266117 -86.8397 171.469 
3.75e+08 0.051861 -37.2047 171.93 
3.76e+08 0.0765516 -63.1214 172.396 
3.77e+08 0.0738954 -30.705 172.857 
3.78e+08 0.0357596 -72.4717 173.325 
3.79e+08 0.0710582 -38.717 173.784 
3.8e+08 0.0789708 -34.8725 174.235 
3.81e+08 0.055474 -92.3994 174.681 
3.82e+08 0.108483 -59.8925 175.146 
3.83e+08 0.0372022 -81.4894 175.625 
3.84e+08 0.0240888 -109.79 176.105 
3.85e+08 0.0485515 -62.8266 176.584 
3.86e+08 0.023405 -2.1915 177.053 
3.87e+08 0.024964 -60.149 177.518 
3.88e+08 0.0335818 -19.9753 177.978 
3.89e+08 0.0884245 -90.8707 178.438 
3.9e+08 0.0468136 -53.7066 178.886 
3.91e+08 0.0348645 -28.8433 179.336 
3.92e+08 0.0447355 -89.9702 179.802 
3.93e+08 0.0424858 -50.8418 180.272 
3.94e+08 0.0160881 -51.1103 180.736 
3.95e+08 0.0367457 -76.3159 181.205 
3.96e+08 0.0372392 -32.1775 181.668 
3.97e+08 0.0698564 -59.2287 182.123 
3.98e+08 0.0318382 -66.3969 182.577 
3.99e+08 0.0305318 -36.3807 183.025 
4e+08 0.0577577 -28.8114 183.486 
4.01e+08 0.0323096 -26.8346 183.952 
4.02e+08 0.0723853 -95.5848 184.421 
4.03e+08 0.0485506 -65.8069 184.885 
4.04e+08 0.0624148 -57.5488 185.345 
4.05e+08 0.0473014 -61.0272 185.794 
4.06e+08 0.0663348 -52.542 186.238 
4.07e+08 0.0554493 -24.1112 186.687 
4.08e+08 0.04649 -73.502 187.148 
4.09e+08 0.0729701 -48.4306 187.606 
4.1e+08 0.0337155 -40.969 188.061 
4.11e+08 0.0215579 -44.7257 188.518 
4.12e+08 0.0602691 -59.9779 188.98 
4.13e+08 0.0645543 -74.6153 189.442 
4.14e+08 0.0342262 -63.7633 189.895 
4.15e+08 0.0355465 -21.2649 190.349 
4.16e+08 0.0264396 -53.2164 190.809 
4.17e+08 0.0571499 -51.7253 191.266 
4.18e+08 0.0584967 -69.9146 191.725 
4.19e+08 0.0667449 -30.0668 192.172 
4.2e+08 0.0530939 -46.0344 192.627 
4.21e+08 0.0398203 -28.1642 193.091 
4.22e+08 0.037226 -14.1466 193.557 
4.23e+08 0.0228857 -27.7772 194.026 
4.24e+08 0.0400484 -27.6893 194.492 
4.25e+08 0.0947544 -21.2656 194.954 
4.26e+08 0.0456688 -43.5472 195.41 
4.27e+08 0.0548734 -57.2888 195.862 
4.28e+08 0.0429423 -29.7481 196.315 
4.29e+08 0.0606372 -74.1396 196.773 
4.3e+08 0.0377719 -67.2547 197.239 
4.31e+08 0.0614033 -70.426 197.704 
4.32e+08 0.0487648 -33.7007 198.171 
4.33e+08 0.0174669 -62.9875 198.639 
4.34e+08 0.0408705 -69.4345 199.094 
4.35e+08 0.055364 -68.4182 199.549 
4.36e+08 0.0613805 -59.5854 200.001 
4.37e+08 0.0657952 -48.2318 200.456 
4.38e+08 0.0300425 -62.5403 200.923 
4.39e+08 0.062587 -73.321 201.391 
4.4e+08 0.0491139 -13.1329 201.856 
4.41e+08 0.0307408 -33.7517 202.324 
4.42e+08 0.0379499 -5.5525 202.782 
4.43e+08 0.0385585 -49.7501 203.241 
4.44e+08 0.0225835 -19.2896 203.691 
4.45e+08 0.0305788 -36.5404 204.14 
4.46e+08 0.0492512 -46.4785 204.603 
4.47e+08 0.0588805 -73.3354 205.068 
4.48e+08 0.0450234 -29.234 205.523 
4.49e+08 0.0233273 -74.1628 205.98 
4.5e+08 0.02023 -37.5462 206.444 
4.51e+08 0.0437584 -43.9517 206.908 
4.52e+08 0.0483431 -54.8406 207.368 
4.53e+08 0.0742897 -49.9882 207.831 
4.54e+08 0.0358209 -132.495 208.287 
4.55e+08 0.0456401 -36.184 208.742 
4.56e+08 0.0278978 -36.6129 209.19 
4.57e+08 0.0209464 -65.6426 209.649 
4.58e+08 0.0595812 -67.4157 210.114 
4.59e+08 0.0884862 -73.2114 210.577 
4.6e+08 0.0527381 -78.0758 211.045 
4.61e+08 0.01202 -73.0246 211.511 
4.62e+08 0.0314933 -29.5029 211.971 
4.63e+08 0.0308867 -56.3306 212.426 
4.64e+08 0.0746024 -79.4475 212.875 
4.65e+08 0.0576307 -35.3603 213.326 
4.66e+08 0.0322591 -64.1724 213.785 
4.67e+08 0.0536661 -78.6032 214.246 
4.68e+08 0.0361956 -33.6266 214.716 
4.69e+08 0.048319 -53.0826 215.178 
4.7e+08 0.0329757 -38.9776 215.643 
4.71e+08 0.0385556 -73.2701 216.106 
4.72e+08 0.0213424 -55.2739 216.562 
4.73e+08 0.0293544 -41.2497 217.01 
4.74e+08 0.0422082 -59.8096 217.462 
4.75e+08 0.0643912 -65.578 217.928 
4.76e+08 0.036322 -60.2604 218.392 
4.77e+08 0.0480415 -45.2004 218.857 
4.78e+08 0.0139097 -84.2563 219.321 
4.79e+08 0.0318807 -51.3079 219.773 
4.8e+08 0.0501905 -87.568 220.229 
4.81e+08 0.055341 -36.7846 220.687 
4.82e+08 0.060128 -44.4083 221.13 
4.83e+08 0.0630244 -43.729 221.582 
4.84e+08 0.0502634 -53.6354 222.041 
4.85e+08 0.0514924 -54.9898 222.505 
4.86e+08 0.0558486 -38.586 222.971 
4.87e+08 0.0497142 -57.8752 223.447 
4.88e+08 0.0201387 -52.098 223.907 
4.89e+08 0.0451141 -20.0104 224.355 
4.9e+08 0.0636663 -65.4596 224.806 
4.91e+08 0.0356665 -52.732 225.252 
4.92e+08 0.01948 -34.617 225.699 
4.93e+08 0.0440559 -10.7912 226.161 
4.94e+08 0.0220992 -64.1931 226.627 
4.95e+08 0.0298737 -23.8348 227.095 
4.96e+08 0.0390411 -56.6595 227.561 
4.97e+08 0.027244 -77.0531 228.025 
4.98e+08 0.0516774 -59.5187 228.485 
4.99e+08 0.0621169 -47.8403 228.93 
5e+08 0.0716488 -63.6841 229.377 
5.01e+08 0.0518772 -26.1877 229.842 
5.02e+08 0.0245629 -2.01729 230.304 
5.03e+08 0.0679617 -32.6459 230.768 
5.04e+08 0.0228503 -29.9118 231.227 
5.05e+08 0.0316695 -30.7352 231.695 
5.06e+08 0.0223749 -35.8937 232.156 
5.07e+08 0.0838594 -39.0438 232.614 
5.08e+08 0.029839 -62.308 233.062 
5.09e+08 0.0621895 -47.4546 233.514 
5.1e+08 0.0286616 -39.3584 233.962 
5.11e+08 0.0143466 -56.5378 234.428 
5.12e+08 0.0614186 -38.2504 234.895 
5.13e+08 0.0589935 -48.7475 235.357 
5.14e+08 0.0357565 -53.6082 235.821 
5.15e+08 0.0483803 -44.1424 236.287 
5.16e+08 0.0787324 -45.8629 236.745 
5.17e+08 0.0182733 -32.2588 237.194 
5.18e+08 0.0685432 -26.6854 237.645 
5.19e+08 0.0297514 -31.2054 238.103 
5.2e+08 0.0565448 -94.151 238.565 
5.21e+08 0.0312392 3.23958 239.025 
5.22e+08 0.0188564 -48.9906 239.487 
5.23e+08 0.0352209 -36.5057 239.945 
5.24e+08 0.0166356 -75.1187 240.406 
5.25e+08 0.0220625 -72.3008 240.865 
5.26e+08 0.044855 -57.7779 241.327 
5.27e+08 0.0243231 -41.2549 241.785 
5.28e+08 0.0442379 -63.6306 242.243 
5.29e+08 0.0370798 -82.4328 242.694 
5.3e+08 0.0433227 -5.94856 243.146 
5.31e+08 0.0525282 -36.9612 243.603 
5.32e+08 0.0455806 -47.7691 244.065 
5.33e+08 0.0239231 -64.5832 244.525 
5.34e+08 0.0893778 -35.4 244.982 
5.35e+08 0.0429729 -36.4774 245.442 
5.36e+08 0.0661092 -67.6137 245.905 
5.37e+08 0.0373141 -59.4266 246.366 
5.38e+08 0.0176348 -76.807 246.817 
5.39e+08 0.0353577 -54.5368 247.278 
5.4e+08 0.01422 -58.6587 247.733 
5.41e+08 0.0728426 -70.9481 248.186 
5.42e+08 0.0196418 -77.2153 248.635 
5.43e+08 0.041719 -39.1989 249.087 
5.44e+08 0.0520818 -64.5517 249.551 
5.45e+08 0.0388024 -50.1312 250.012 
5.46e+08 0.0338865 -48.6815 250.465 
5.47e+08 0.0568894 -63.895 250.928 
5.48e+08 0.0439931 -78.8146 251.392 
5.49e+08 0.0108881 -45.393 251.849 
5.5e+08 0.0504788 -78.4807 252.306 
5.51e+08 0.0600795 -56.254 252.763 
5.52e+08 0.029323 -10.2163 253.221 
5.53e+08 0.0445169 -56.9497 253.68 
5.54e+08 0.0242432 -77.9392 254.133 
5.55e+08 0.0467203 -46.5226 254.581 
5.56e+08 0.0180173 -80.7034 255.024 
5.57e+08 0.065032 -71.92 255.484 
5.58e+08 0.0400383 -62.6932 255.95 
5.59e+08 0.0428881 -36.2466 256.413 
5.6e+08 0.0629318 -6.2924 256.878 
5.61e+08 0.0384104 -88.9247 257.336 
5.62e+08 0.0574418 -102.585 257.789 
5.63e+08 0.0640271 -41.5784 258.245 
5.64e+08 0.0433632 -3.12536 258.701 
5.65e+08 0.0236141 -46.4573 259.153 
5.66e+08 0.0210694 -60.1943 259.6 
5.67e+08 0.075845 -18.0531 260.067 
5.68e+08 0.0539707 -12.9887 260.534 
5.69e+08 0.0275466 -67.5561 260.997 
5.7e+08 0.0603323 -41.2887 261.465 
5.71e+08 0.0514707 -66.6303 261.926 
5.72e+08 0.0409391 -15.5452 262.384 
5.73e+08 0.0620464 -50.9285 262.826 
5.74e+08 0.038257 -15.4265 263.278 
5.75e+08 0.0623639 -23.3865 263.736 
5.76e+08 0.0119275 -72.2796 264.199 
5.77e+08 0.0584435 -56.6496 264.666 
5.78e+08 0.00531402 -23.9779 265.124 
5.79e+08 0.0393771 -25.9087 265.587 
5.8e+08 0.0498547 -42.0925 266.043 
5.81e+08 0.0576562 -45.875 266.503 
5.82e+08 0.0775414 -35.2867 266.95 
5.83e+08 0.0150116 -49.6329 267.406 
5.84e+08 0.00822839 -38.9198 267.861 
5.85e+08 0.0496639 -67.6648 268.317 
5.86e+08 0.0331053 -64.0661 268.777 
5.87e+08 0.0286432 -78.3253 269.243 
5.88e+08 0.0215359 -56.0694 269.706 
5.89e+08 0.0828802 -58.3167 270.17 
5.9e+08 0.035678 -73.1929 270.628 
5.91e+08 0.0439078 -55.3951 271.086 
5.92e+08 0.0626664 -35.5594 271.536 
5.93e+08 0.053084 -39.1247 271.987 
5.94e+08 0.0265007 -48.2751 272.45 
5.95e+08 0.036923 -32.0023 272.903 
5.96e+08 0.0333309 -47.8355 273.364 
5.97e+08 0.0592652 -43.149 273.826 
5.98e+08 0.0600698 -49.8194 274.29 
5.99e+08 0.0677119 -66.3779 274.753 
6e+08 0.0915572 -79.5315 275.213 
6.01e+08 0.0282725 -59.7746 275.677 
6.02e+08 0.0291073 -46.9204 276.125 
6.03e+08 0.0684615 -74.2093 276.582 
6.04e+08 0.0805502 -71.3242 277.036 
6.05e+08 0.0532438 -77.0181 277.49 
6.06e+08 0.0614204 -12.012 277.954 
6.07e+08 0.0180935 -76.9378 278.419 
6.08e+08 0.0462808 -63.6774 278.883 
6.09e+08 0.0793221 -84.6955 279.341 
6.1e+08 0.0385851 -62.1388 279.8 
6.11e+08 0.0864144 -47.7675 280.257 
6.12e+08 0.0308562 -52.205 280.713 
6.13e+08 0.0425462 -29.5314 281.163 
6.14e+08 0.0416535 -51.7853 281.61 
6.15e+08 0.0556249 -43.4403 282.076 
6.16e+08 0.0361994 -66.1441 282.543 
6.17e+08 0.0493209 -46.5988 283.004 
6.18e+08 0.0576861 -8.1345 283.462 
6.19e+08 0.0442945 -71.1778 283.913 
6.2e+08 0.0538605 -33.2186 284.373 
6.21e+08 0.0158068 -36.1994 284.82 
6.22e+08 0.0406183 -63.0659 285.277 
6.23e+08 0.0326966 -53.4751 285.725 
6.24e+08 0.0298502 -50.3949 286.182 
6.25e+08 0.0525548 -88.931 286.643 
6.26e+08 0.0270312 -48.306 287.106 
6.27e+08 0.0385709 -19.0691 287.565 
6.28e+08 0.0693503 -84.0455 288.025 
6.29e+08 0.0294304 3.05137 288.492 
6.3e+08 0.0538302 -39.3573 288.949 
6.31e+08 0.0671011 -63.2701 289.41 
6.32e+08 0.0706622 -54.1526 289.863 
6.33e+08 0.0706809 -72.7998 290.31 
6.34e+08 0.0426125 -56.7769 290.763 
6.35e+08 0.04417 -50.736 291.225 
6.36e+08 0.0487529 3.86006 291.69 
6.37e+08 0.0316385 -51.5859 292.155 
6.38e+08 0.0497334 -50.5209 292.619 
6.39e+08 0.028078 -22.8436 293.08 
6.4e+08 0.0331331 -63.8993 293.533 
6.41e+08 0.069556 -81.3519 293.985 
6.42e+08 0.056906 -61.5449 294.432 
6.43e+08 0.0487387 -48.7324 294.883 
6.44e+08 0.0233534 -59.9452 295.349 
6.45e+08 0.0263397 -70.1302 295.816 
6.46e+08 0.0482739 -90.952 296.274 
6.47e+08 0.0372357 -37.1681 296.744 
6.48e+08 0.0394615 -36.1603 297.197 
6.49e+08 0.0687447 -28.5994 297.656 
6.5e+08 0.0252233 -17.0696 298.103 
6.51e+08 0.036977 -33.171 298.556 
6.52e+08 0.0290836 -42.3417 299.02 
6.53e+08 0.0533605 -38.4327 299.482 
6.54e+08 0.0438814 -10.4242 299.946 
6.55e+08 0.0399687 -47.0632 300.411 
6.56e+08 0.0614671 -46.8507 300.869 
6.57e+08 0.0534645 -30.6908 301.321 
6.58e+08 0.0526529 -44.7303 301.766 
6.59e+08 0.0779323 -51.8204 302.223 
6.6e+08 0.0274084 -63.2045 302.705 
6.61e+08 0.0602936 -65.7188 303.2 
6.62e+08 0.0386971 -77.7919 303.674 
6.63e+08 0.0465057 -46.5634 304.141 
6.64e+08 0.0185074 4.97199 304.613 
6.65e+08 0.0355264 -59.567 305.079 
6.66e+08 0.0409969 -53.3234 305.533 
6.67e+08 0.0466712 -23.1105 305.983 
6.68e+08 0.0507381 -57.6407 306.432 
6.69e+08 0.0858218 -32.3214 306.894 
6.7e+08 0.0309787 -37.4813 307.362 
6.71e+08 0.0552247 -21.8001 307.831 
6.72e+08 0.0565873 -38.3585 308.304 
6.73e+08 0.0469462 -23.481 308.767 
6.74e+08 0.0390447 -19.7444 309.228 
6.75e+08 0.0642139 -66.5222 309.678 
6.76e+08 0.0629991 -67.5045 310.128 
6.77e+08 0.0416988 -38.0257 310.59 
6.78e+08 0.0442013 -44.5922 311.059 
6.79e+08 0.0270938 -0.591458 311.526 
6.8e+08 0.0594903 -58.9697 311.991 
6.81e+08 0.0848158 -57.5958 312.456 
6.82e+08 0.033545 -38.4612 312.91 
6.83e+08 0.0523822 -75.7105 313.367 
6.84e+08 0.0156325 -29.2394 313.82 
6.85e+08 0.0514327 -58.6231 314.266 
6.86e+08 0.11765 -67.2348 314.727 
6.87e+08 0.045998 -68.6536 315.195 
6.88e+08 0.0478487 -11.9297 315.66 
6.89e+08 0.0495698 -99.7093 316.123 
6.9e+08 0.0510237 -19.5681 316.582 
6.91e+08 0.0610739 -62.356 317.031 
6.92e+08 0.0760122 -70.7925 317.479 
6.93e+08 0.0715192 -74.8103 317.922 
6.94e+08 0.0519251 -84.0564 318.371 
6.95e+08 0.0637957 -71.0691 318.834 
6.96e+08 0.0381077 -49.1723 319.297 
6.97e+08 0.0660941 -84.3228 319.757 
6.98e+08 0.0535995 -93.4451 320.217 
6.99e+08 0.0448973 -79.0741 320.677 
7e+08 0.0732426 -77.4382 321.127 
7.01e+08 0.0471856 -43.1121 321.589 
7.02e+08 0.0269272 -72.8811 322.053 
7.03e+08 0.0336276 -83.0694 322.521 
7.04e+08 0.0683888 -88.2391 322.978 
7.05e+08 0.0242494 -69.8367 323.432 
7.06e+08 0.0669609 -22.9831 323.883 
7.07e+08 0.0620138 -43.7218 324.335 
7.08e+08 0.0124825 -45.755 324.799 
7.09e+08 0.0544364 -59.3086 325.265 
7.1e+08 0.0916318 -71.076 325.724 
7.11e+08 0.021774 -57.5479 326.183 
7.12e+08 0.0375954 -57.4296 326.646 
7.13e+08 0.0218777 -51.8053 327.113 
7.14e+08 0.0321525 -9.63803 327.575 
7.15e+08 0.0720974 -11.4926 328.025 
7.16e+08 0.100553 -53.9096 328.474 
7.17e+08 0.0608668 -47.9865 328.929 
7.18e+08 0.0629935 -79.0092 329.395 
7.19e+08 0.0637491 -91.5917 329.858 
7.2e+08 0.0344305 -18.6987 330.319 
7.21e+08 0.0472908 -20.0899 330.777 
7.22e+08 0.0507281 -33.9085 331.236 
7.23e+08 0.104798 -61.9782 331.699 
7.24e+08 0.0819397 -73.972 332.163 
7.25e+08 0.0465857 -74.1593 332.618 
7.26e+08 0.0493965 -7.9439 333.073 
7.27e+08 0.0549355 -61.4289 333.521 
7.28e+08 0.0290025 -55.7773 333.981 
7.29e+08 0.0593171 -62.3145 334.446 
7.3e+08 0.0802097 -70.9901 334.913 
7.31e+08 0.034477 -47.4554 335.373 
7.32e+08 0.0571337 -66.5679 335.833 
7.33e+08 0.0267395 -34.8119 336.298 
7.34e+08 0.0646842 -76.609 336.752 
7.35e+08 0.0329195 -47.6424 337.214 
7.36e+08 0.0507359 -42.0937 337.659 
7.37e+08 0.0348034 -53.6055 338.116 
7.38e+08 0.0474673 -47.3725 338.582 
7.39e+08 0.046721 -81.7746 339.043 
7.4e+08 0.026293 -83.348 339.502 
7.41e+08 0.0542899 -42.0497 339.963 
7.42e+08 0.0213889 -98.4741 340.425 
7.43e+08 0.0409572 -60.4543 340.888 
7.44e+08 0.0957974 -62.8818 341.352 
7.45e+08 0.0461743 -63.6459 341.809 
7.46e+08 0.0436558 -86.7775 342.267 
7.47e+08 0.0276234 -87.8787 342.718 
7.48e+08 0.0764062 -18.0151 343.17 
7.49e+08 0.0394324 -44.2178 343.631 
7.5e+08 0.0183588 -33.3391 344.094 
7.51e+08 0.0316846 -35.5964 344.552 
7.52e+08 0.0650804 -85.3358 345.014 
7.53e+08 0.0271995 -26.8421 345.473 
7.54e+08 0.0337817 -46.1493 345.935 
7.55e+08 0.0272899 -28.8191 346.394 
7.56e+08 0.0973444 -53.4517 346.847 
7.57e+08 0.0329367 -37.285 347.301 
7.58e+08 0.0314617 -69.6123 347.762 
7.59e+08 0.0393229 -49.499 348.21 
7.6e+08 0.0656228 -8.13582 348.663 
7.61e+08 0.0251781 -56.0117 349.122 
7.62e+08 0.0260145 -13.7273 349.58 
7.63e+08 0.0414026 -47.0909 350.041 
7.64e+08 0.0565681 -24.1354 350.499 
7.65e+08 0.0993631 -52.8397 350.961 
7.66e+08 0.0318503 -69.9911 351.424 
7.67e+08 0.0283788 -38.0405 351.882 
7.68e+08 0.0529766 -21.0166 352.343 
7.69e+08 0.028449 -51.7251 352.808 
7.7e+08 0.0646706 -59.6873 353.27 
7.71e+08 0.0177187 -12.448 353.724 
7.72e+08 0.0508719 -67.1547 354.176 
7.73e+08 0.037175 -81.207 354.631 
7.74e+08 0.037608 -36.248 355.087 
7.75e+08 0.057523 -58.1187 355.553 
7.76e+08 0.014911 -46.5945 356.019 
7.77e+08 0.0688893 -58.7346 356.485 
7.78e+08 0.0331732 -85.6784 356.953 
7.79e+08 0.0584404 -55.713 357.409 
7.8e+08 0.0410697 -20.0962 357.853 
7.81e+08 0.0229814 -52.1377 358.301 
7.82e+08 0.0645271 -86.5227 358.751 
7.83e+08 0.0241727 -72.0396 359.219 
7.84e+08 0.0351271 -42.8122 359.688 
7.85e+08 0.0417879 -40.6907 360.151 
7.86e+08 0.0376857 -49.5151 360.62 
7.87e+08 0.0765051 -41.4461 361.08 
7.88e+08 0.018654 -73.7999 361.542 
7.89e+08 0.0191137 -61.1027 361.988 
7.9e+08 0.0491135 -76.0604 362.438 
7.91e+08 0.0382433 -12.0307 362.903 
7.92e+08 0.0384689 -30.3599 363.37 
7.93e+08 0.0456978 -85.5502 363.821 
7.94e+08 0.0665444 -54.5449 364.281 
7.95e+08 0.0413854 -49.081 364.74 
7.96e+08 0.0599764 -68.2535 365.204 
7.97e+08 0.0264743 -83.2678 365.668 
7.98e+08 0.0309368 -63.2882 366.129 
7.99e+08 0.0745146 -34.4022 366.585 
8e+08 0.0338439 -65.1514 367.036 
8.01e+08 0.0304453 -24.3164 367.487 
8.02e+08 0.0588933 2.87785 367.949 
8.03e+08 0.037524 -90.0311 368.405 
8.04e+08 0.051382 -73.5094 368.864 
8.05e+08 0.0523661 -74.7048 369.323 
8.06e+08 0.0483419 -62.5602 369.781 
8.07e+08 0.0457204 -27.7222 370.248 
8.08e+08 0.0334439 -80.2256 370.71 
8.09e+08 0.0933146 -71.0467 371.176 
8.1e+08 0.0380555 -61.1589 371.637 
8.11e+08 0.0628698 -73.0957 372.101 
8.12e+08 0.0727625 -71.0026 372.556 
8.13e+08 0.02658 -30.1533 373.011 
8.14e+08 0.0536297 -56.3396 373.46 
8.15e+08 0.0570417 -54.6541 373.915 
8.16e+08 0.0342704 -55.3332 374.378 
8.17e+08 0.0536841 -41.6521 374.845 
8.18e+08 0.0431151 -115.888 375.307 
8.19e+08 0.0466225 -47.0329 375.77 
8.2e+08 0.0410619 -36.0391 376.23 
8.21e+08 0.0316439 -35.4578 376.681 
8.22e+08 0.0439463 -55.1052 377.133 
8.23e+08 0.0637044 -27.3316 377.59 
8.24e+08 0.0403094 -27.9171 378.036 
8.25e+08 0.016386 -85.7281 378.492 
8.26e+08 0.0104717 -49.8249 378.954 
8.27e+08 0.034068 -26.2862 379.42 
8.28e+08 0.0138557 -29.1803 379.878 
8.29e+08 0.0676455 -66.3206 380.343 
8.3e+08 0.0370343 -76.9672 380.798 
8.31e+08 0.0394091 -74.8131 381.256 
8.32e+08 0.0815933 -48.9583 381.708 
8.33e+08 0.0325311 -42.4243 382.164 
8.34e+08 0.0307113 -10.9443 382.613 
8.35e+08 0.0487969 -51.395 383.066 
8.36e+08 0.0477861 -40.9919 383.533 
8.37e+08 0.0236302 -66.648 383.993 
8.38e+08 0.063801 -39.41 384.451 
8.39e+08 0.0464329 -73.1893 384.906 
8.4e+08 0.0243194 -11.5258 385.363 
8.41e+08 0.0456279 -52.2737 385.822 
8.42e+08 0.0414623 -63.793 386.278 
8.43e+08 0.0181494 -32.5667 386.733 
8.44e+08 0.053992 -68.0146 387.189 
8.45e+08 0.0617289 -38.5627 387.649 
8.46e+08 0.0383875 -43.9147 388.097 
8.47e+08 0.0485906 -81.029 388.549 
8.48e+08 0.0568002 6.51782 389.016 
8.49e+08 0.0478375 -63.7281 389.477 
8.5e+08 0.0131775 -80.2661 389.945 
8.51e+08 0.0590413 -62.3909 390.418 
8.52e+08 0.0398808 -93.8712 390.871 
8.53e+08 0.0464638 -30.6391 391.323 
8.54e+08 0.0675732 -96.409 391.776 
8.55e+08 0.0415216 -60.5454 392.231 
8.56e+08 0.038153 -58.2394 392.692 
8.57e+08 0.0784524 -23.609 393.154 
8.58e+08 0.0424863 -45.1097 393.616 
8.59e+08 0.0291353 -74.4482 394.072 
8.6e+08 0.0199239 -42.2018 394.531 
8.61e+08 0.0390014 -33.4788 394.988 
8.62e+08 0.0463696 -79.731 395.445 
8.63e+08 0.0461885 -39.4063 395.9 
8.64e+08 0.0426384 -38.8862 396.355 
8.65e+08 0.0514303 -49.6972 396.813 
8.66e+08 0.0756121 -75.5112 397.263 
8.67e+08 0.0232546 -31.0707 397.712 
8.68e+08 0.0484159 -22.1064 398.172 
8.69e+08 0.0240014 -31.0016 398.637 
8.7e+08 0.0310758 -69.7876 399.102 
8.71e+08 0.0853113 -102.43 399.566 
8.72e+08 0.0420758 -68.8035 400.036 
8.73e+08 0.0454862 -62.6968 400.493 
8.74e+08 0.0679119 -31.6762 400.95 
8.75e+08 0.063855 -40.952 401.404 
8.76e+08 0.0372665 -52.7532 401.846 
8.77e+08 0.0400789 -49.9592 402.313 
8.78e+08 0.0317429 -42.3431 402.777 
8.79e+08 0.0720081 -80.4938 403.241 
8.8e+08 0.0322042 -65.7172 403.707 
8.81e+08 0.0187948 -64.1039 404.169 
8.82e+08 0.0579801 -16.8736 404.628 
8.83e+08 0.0278957 -36.5295 405.08 
8.84e+08 0.0588419 -50.9724 405.526 
8.85e+08 0.0453243 -31.8333 405.984 
8.86e+08 0.0533265 -64.5366 406.44 
8.87e+08 0.0447575 -67.9925 406.9 
8.88e+08 0.076073 -80.0316 407.364 
8.89e+08 0.0539806 -59.2175 407.827 
8.9e+08 0.0510783 -66.8946 408.29 
8.91e+08 0.0318807 -44.9915 408.752 
8.92e+08 0.0288032 -70.1018 409.207 
8.93e+08 0.0612186 -56.5639 409.661 
8.94e+08 0.0269578 20.9294 410.105 
8.95e+08 0.0645273 -61.2781 410.557 
8.96e+08 0.0747215 -84.1611 411.021 
8.97e+08 0.0140308 -45.6929 411.486 
8.98e+08 0.0259271 -104.828 411.943 
8.99e+08 0.0531349 -76.2012 412.406 
9e+08 0.0231071 -45.9907 412.868 
9.01e+08 0.022538 -21.1739 413.322 
9.02e+08 0.0645383 -78.4856 413.772 
9.03e+08 0.033642 -55.6147 414.229 
9.04e+08 0.0346858 -47.2441 414.683 
9.05e+08 0.0831814 -79.9992 415.137 
9.06e+08 0.0548103 -46.8641 415.603 
9.07e+08 0.0402929 -24.9511 416.069 
9.08e+08 0.0488568 -55.2664 416.529 
9.09e+08 0.0330223 -63.8065 416.985 
9.1e+08 0.0233501 -38.367 417.438 
9.11e+08 0.0205867 -43.5096 417.898 
9.12e+08 0.076277 -63.2924 418.348 
9.13e+08 0.0692839 -24.7924 418.803 
9.14e+08 0.0416161 -28.1872 419.255 
9.15e+08 0.0526564 -79.1557 419.707 
9.16e+08 0.0287443 -34.2848 420.166 
9.17e+08 0.0364615 -11.7648 420.638 
9.18e+08 0.0315443 -84.4696 421.102 
9.19e+08 0.0368359 -41.8412 421.567 
9.2e+08 0.0326804 -9.34131 422.023 
9.21e+08 0.0467853 -53.4469 422.478 
9.22e+08 0.0298976 -75.0769 422.932 
9.23e+08 0.0747017 -44.708 423.376 
9.24e+08 0.0619845 -69.8177 423.826 
9.25e+08 0.0502145 -54.1279 424.297 
9.26e+08 0.067396 -58.3939 424.762 
9.27e+08 0.0463617 -27.3321 425.23 
9.28e+08 0.0427196 -99.0275 425.692 
9.29e+08 0.0728024 -26.213 426.14 
9.3e+08 0.0372814 -28.1768 426.603 
9.31e+08 0.0267621 -50.9538 427.084 
9.32e+08 0.0369137 -39.3128 427.558 
9.33e+08 0.0270174 -48.9881 428.028 
9.34e+08 0.044939 -79.8981 428.493 
9.35e+08 0.0554613 -11.2315 428.962 
9.36e+08 0.0309675 -62.9274 429.427 
9.37e+08 0.012531 -69.6842 429.882 
9.38e+08 0.108768 -59.3379 430.339 
9.39e+08 0.0530219 -49.4353 430.787 
9.4e+08 0.0574547 -34.4268 431.245 
9.41e+08 0.0671055 -63.7342 431.694 
9.42e+08 0.0533921 -70.1037 432.147 
9.43e+08 0.0546002 -54.2096 432.611 
9.44e+08 0.0216688 -71.7328 433.081 
9.45e+08 0.0116664 -28.21 433.548 
9.46e+08 0.0244219 -29.2441 434.012 
9.47e+08 0.0212953 -67.9889 434.474 
9.48e+08 0.0440583 -38.9647 434.934 
9.49e+08 0.0352875 -55.002 435.392 
9.5e+08 0.0214072 -44.8273 435.849 
9.51e+08 0.0233764 -24.9974 436.3 
9.52e+08 0.0329074 -9.27118 436.762 
9.53e+08 0.0500499 -9.37461 437.226 
9.54e+08 0.0331186 -43.4701 437.693 
9.55e+08 0.0627655 -57.6268 438.162 
9.56e+08 0.0533068 -42.0981 438.636 
9.57e+08 0.0631103 -57.2008 439.094 
9.58e+08 0.0216401 -61.9312 439.548 
9.59e+08 0.0541176 -106.909 439.997 
9.6e+08 0.0485537 -57.539 440.452 
9.61e+08 0.0596157 -54.4883 440.921 
9.62e+08 0.065348 -65.8669 441.383 
9.63e+08 0.0388188 -63.2265 441.843 
9.64e+08 0.0425101 -73.577 442.302 
9.65e+08 0.0368026 -84.9252 442.762 
9.66e+08 0.0392749 -47.57 443.222 
9.67e+08 0.046219 -29.1794 443.684 
9.68e+08 0.0603437 -80.9148 444.134 
9.69e+08 0.0359657 -57.2761 444.587 
9.7e+08 0.00988726 -54.9792 445.041 
9.71e+08 0.055799 -39.981 445.494 
9.72e+08 0.0165461 -49.4873 445.962 
9.73e+08 0.0347732 -30.7541 446.417 
9.74e+08 0.0475905 -70.7078 446.875 
9.75e+08 0.0286896 -34.0917 447.331 
9.76e+08 0.0755069 -64.9717 447.794 
9.77e+08 0.0535134 -109.518 448.253 
9.78e+08 0.011114 -66.2953 448.708 
9.79e+08 0.0620314 -65.8529 449.172 
9.8e+08 0.043735 -34.9819 449.63 
9.81e+08 0.0354371 -85.7651 450.084 
9.82e+08 0.0190025 -73.0702 450.54 
9.83e+08 0.0283447 -14.1728 450.982 
9.84e+08 0.0641326 -51.9431 451.437 
9.85e+08 0.0273051 -70.184 451.892 
9.86e+08 0.0217809 -56.8698 452.356 
9.87e+08 0.0484272 -51.2912 452.822 
9.88e+08 0.0765084 -49.8043 453.29 
9.89e+08 0.0201668 -50.6054 453.754 
9.9e+08 0.0385414 -59.7223 454.208 
9.91e+08 0.0481847 -81.0285 454.666 
9.92e+08 0.0307384 -51.4957 455.116 
9.93e+08 0.0610351 -45.622 455.568 
9.94e+08 0.0395442 -49.3547 456.034 
9.95e+08 0.0557361 -51.0334 456.502 
9.96e+08 0.0348388 -37.8007 456.967 
9.97e+08 0.0258546 -30.6366 457.434 
9.98e+08 0.018336 0.653824 457.887 
9.99e+08 0.0457359 -56.4403 458.338 
1e+09 0.0804883 -52.9457 458.795 
