0 0.0758553 10.468 0 
1e+06 0.0456786 -31.8137 0.422203 
2e+06 0.0363382 -11.7976 0.844341 
3e+06 0.101182 -16.5871 1.26631 
4e+06 0.0427986 -50.6229 1.68822 
5e+06 0.0226013 -12.4536 2.1101 
6e+06 0.0735824 -36.4995 2.53224 
7e+06 0.0625751 -38.9604 2.95573 
8e+06 0.0622841 -74.3617 3.37936 
9e+06 0.0232169 -79.5877 3.80214 
1e+07 0.0343517 -63.0297 4.22425 
1.1e+07 0.0182411 -79.1327 4.64615 
1.2e+07 0.0350205 -21.3886 5.06803 
1.3e+07 0.0579237 -60.9617 5.49013 
1.4e+07 0.0353644 -58.4466 5.91213 
1.5e+07 0.0344142 -14.4143 6.33405 
1.6e+07 0.0680822 -96.7003 6.75613 
1.7e+07 0.0394477 -62.3889 7.17831 
1.8e+07 0.0505536 -71.0155 7.6003 
1.9e+07 0.0292349 -20.023 8.02221 
2e+07 0.0201276 -32.541 8.44415 
2.1e+07 0.0560516 -28.1836 8.86606 
2.2e+07 0.0254677 -52.9601 9.2882 
2.3e+07 0.0329254 -24.1958 9.71026 
2.4e+07 0.0435476 -39.1053 10.1323 
2.5e+07 0.0441629 -48.5585 10.5542 
2.6e+07 0.0346598 -68.0904 10.9763 
2.7e+07 0.0382408 -45.5752 11.3983 
2.8e+07 0.0323344 -31.9964 11.8204 
2.9e+07 0.0557847 -37.4793 12.243 
3e+07 0.0142918 -112.149 12.665 
3.1e+07 0.0308364 -49.6134 13.087 
3.2e+07 0.036473 -36.6636 13.509 
3.3e+07 0.0162866 -38.6486 13.9313 
3.4e+07 0.0537615 -49.3519 14.3537 
3.5e+07 0.0775103 -76.6541 14.776 
3.6e+07 0.0693186 -61.0247 15.1985 
3.7e+07 0.0290692 -79.8876 15.6209 
3.8e+07 0.0194036 -46.218 16.0433 
3.9e+07 0.0376207 -47.007 16.4658 
4e+07 0.0528728 -55.0684 16.8883 
4.1e+07 0.0300551 -68.43 17.3106 
4.2e+07 0.0108076 -41.7467 17.7332 
4.3e+07 0.046209 -56.6415 18.1559 
4.4e+07 0.0201724 -37.7639 18.5783 
4.5e+07 0.0424486 -7.98358 19.0009 
4.6e+07 0.0227398 -25.9283 19.4233 
4.7e+07 0.0283209 -91.6351 19.8458 
4.8e+07 0.0442813 -66.4947 20.2684 
4.9e+07 0.0182188 -84.7274 20.6908 
5e+07 0.0259276 -54.9212 21.1131 
5.1e+07 0.0535725 -48.1046 21.5362 
5.2e+07 0.0291926 -33.3374 21.9587 
5.3e+07 0.0284992 -36.5571 22.3812 
5.4e+07 0.0337036 -21.7519 22.8038 
5.5e+07 0.0169693 -53.9521 23.2265 
5.6e+07 0.0477043 -66.8523 23.649 
5.7e+07 0.0397268 -47.8685 24.0719 
5.8e+07 0.0225565 -54.6842 24.4944 
5.9e+07 0.0423932 -67.4443 24.9171 
6e+07 0.0137302 -55.9885 25.3396 
6.1e+07 0.0533297 -51.0198 25.7621 
6.2e+07 0.0498311 -103.866 26.1845 
6.3e+07 0.0516794 -69.871 26.607 
6.4e+07 0.0557061 -26.1951 27.0295 
6.5e+07 0.0551648 -21.3547 27.4516 
6.6e+07 0.0584096 -53.2262 27.8736 
6.7e+07 0.0330946 -47.7444 28.2959 
6.8e+07 0.08765 -55.9856 28.718 
6.9e+07 0.0327273 -46.2897 29.1401 
7e+07 0.0484249 -27.3242 29.5623 
7.1e+07 0.0205414 -11.2762 29.9845 
7.2e+07 0.0597044 -96.3332 30.4067 
7.3e+07 0.0569393 -27.9912 30.8289 
7.4e+07 0.0177961 2.05839 31.2511 
7.5e+07 0.038455 -64.9901 31.6736 
7.6e+07 0.0571443 -69.6372 32.096 
7.7e+07 0.0299456 -54.0295 32.5182 
7.8e+07 0.0135326 -45.3754 32.9414 
7.9e+07 0.0417169 -66.4951 33.3653 
8e+07 0.052176 -20.5958 33.7882 
8.1e+07 0.0167793 -23.6407 34.2107 
8.2e+07 0.0415522 -33.1952 34.6329 
8.3e+07 0.031294 -44.7837 35.055 
8.4e+07 0.0225269 1.12381 35.4772 
8.5e+07 0.0218383 -31.4113 35.8993 
8.6e+07 0.0336618 -55.5931 36.3212 
8.7e+07 0.0302271 -58.2553 36.7434 
8.8e+07 0.0453202 -64.2266 37.1653 
8.9e+07 0.0174052 -27.1359 37.5876 
9e+07 0.0562344 -83.8773 38.0099 
9.1e+07 0.0690325 -86.7956 38.432 
9.2e+07 0.0759215 -85.191 38.8539 
9.3e+07 0.0543916 -46.4197 39.2761 
9.4e+07 0.0686095 6.42675 39.6986 
9.5e+07 0.0278212 -32.1478 40.1227 
9.6e+07 0.0785219 -45.9293 40.5452 
9.7e+07 0.0228297 -32.7813 40.9673 
9.8e+07 0.0532676 -34.4144 41.3895 
9.9e+07 0.0549178 -55.702 41.8116 
1e+08 0.0260785 -37.0624 42.2339 
1.01e+08 0.0588427 -57.7068 42.6561 
1.02e+08 0.00759778 -60.1642 43.0781 
1.03e+08 0.0747006 -43.5148 43.5002 
1.04e+08 0.0161026 -34.2584 43.9224 
1.05e+08 0.0148801 -40.1598 44.3448 
1.06e+08 0.0462391 -18.7734 44.7668 
1.07e+08 0.0544496 -61.4152 45.1888 
1.08e+08 0.0297353 -35.9682 45.6108 
1.09e+08 0.0460907 -62.6207 46.0332 
1.1e+08 0.0448317 -73.5899 46.4558 
1.11e+08 0.0596089 -8.36472 46.8782 
1.12e+08 0.0470667 -66.8257 47.3002 
1.13e+08 0.0520491 -54.4902 47.7225 
1.14e+08 0.0303845 -63.5276 48.1449 
1.15e+08 0.0315426 -34.3646 48.567 
1.16e+08 0.0869206 -26.1924 48.9891 
1.17e+08 0.0456342 -62.5369 49.4113 
1.18e+08 0.0418588 -70.0994 49.8336 
1.19e+08 0.0342783 -72.6237 50.2562 
1.2e+08 0.0336768 -83.6581 50.6785 
1.21e+08 0.0662673 -68.1093 51.1006 
1.22e+08 0.0576052 -49.4817 51.5228 
1.23e+08 0.0750838 -69.3684 51.9449 
1.24e+08 0.0361508 -29.7513 52.367 
1.25e+08 0.0524703 -56.1782 52.7892 
1.26e+08 0.0424954 -45.3969 53.2114 
1.27e+08 0.0456459 -64.0727 53.6332 
1.28e+08 0.0510948 -54.5136 54.0553 
1.29e+08 0.0383578 4.1313 54.4775 
1.3e+08 0.0543587 -48.6383 54.9 
1.31e+08 0.0430169 -89.0508 55.3222 
1.32e+08 0.0574252 -76.0092 55.7443 
1.33e+08 0.056462 -63.4929 56.1664 
1.34e+08 0.0416581 -58.4727 56.5885 
1.35e+08 0.0418972 -64.9705 57.0109 
1.36e+08 0.0414212 -36.0368 57.4333 
1.37e+08 0.0320751 -44.8942 57.8557 
1.38e+08 0.0574806 -105.213 58.2795 
1.39e+08 0.0353976 -46.8194 58.7016 
1.4e+08 0.00471917 -57.5217 59.1238 
1.41e+08 0.042517 -16.6422 59.5459 
1.42e+08 0.0320119 -62.0635 59.9682 
1.43e+08 0.0380862 -65.9868 60.3904 
1.44e+08 0.0878407 -18.9025 60.8124 
1.45e+08 0.0712273 -44.7497 61.2345 
1.46e+08 0.0423001 -68.3059 61.6565 
1.47e+08 0.0771684 -17.7126 62.0787 
1.48e+08 0.0407625 -25.1798 62.5008 
1.49e+08 0.051215 -60.9343 62.9238 
1.5e+08 0.0353001 -63.8999 63.3478 
1.51e+08 0.0551747 -62.9276 63.7713 
1.52e+08 0.0767726 -68.9838 64.1935 
1.53e+08 0.0525787 -56.2223 64.6159 
1.54e+08 0.0468918 -77.9538 65.0384 
1.55e+08 0.0578429 -51.8623 65.4609 
1.56e+08 0.0608065 -69.5785 65.883 
1.57e+08 0.044799 -85.2384 66.3051 
1.58e+08 0.013916 -37.4177 66.7272 
1.59e+08 0.0444804 -60.2569 67.1493 
1.6e+08 0.0434812 -52.3299 67.5713 
1.61e+08 0.0762377 -45.8545 67.9936 
1.62e+08 0.0359133 -40.014 68.4157 
1.63e+08 0.0499316 -17.9878 68.8378 
1.64e+08 0.0539256 -46.8907 69.2599 
1.65e+08 0.0446883 -59.5457 69.682 
1.66e+08 0.0305329 -49.3024 70.1042 
1.67e+08 0.0543935 -55.399 70.5265 
1.68e+08 0.062122 -76.9114 70.9489 
1.69e+08 0.0312628 -52.1442 71.371 
1.7e+08 0.0144299 -42.3115 71.7932 
1.71e+08 0.0357627 -25.0664 72.2158 
1.72e+08 0.0739678 -102.646 72.6381 
1.73e+08 0.0429758 -19.0207 73.0601 
1.74e+08 0.0504694 -25.8506 73.4824 
1.75e+08 0.0342684 -53.7436 73.9045 
1.76e+08 0.0463707 -26.9405 74.3266 
1.77e+08 0.0191509 -64.8343 74.7487 
1.78e+08 0.0510655 -74.4456 75.1709 
1.79e+08 0.0454006 -72.1269 75.5934 
1.8e+08 0.0443705 -49.8137 76.0157 
1.81e+08 0.0196144 -59.6983 76.4379 
1.82e+08 0.0486254 -28.8492 76.8599 
1.83e+08 0.0431659 -56.8178 77.2819 
1.84e+08 0.0147392 -39.3943 77.7039 
1.85e+08 0.0513266 -53.796 78.1262 
1.86e+08 0.0563374 -32.5736 78.5482 
1.87e+08 0.0652691 -43.3097 78.9702 
1.88e+08 0.0377738 -73.5934 79.3924 
1.89e+08 0.069788 -66.5807 79.8144 
1.9e+08 0.0221002 -52.7347 80.2366 
1.91e+08 0.0323333 -38.3302 80.6587 
1.92e+08 0.0341035 -80.9504 81.0807 
1.93e+08 0.0244021 -20.4395 81.5028 
1.94e+08 0.0274483 -33.2981 81.9248 
1.95e+08 0.0536679 -68.389 82.3469 
1.96e+08 0.0427969 4.77648 82.769 
1.97e+08 0.0342251 -49.1638 83.191 
1.98e+08 0.0178849 -34.0941 83.613 
1.99e+08 0.0683525 -51.4556 84.035 
2e+08 0.0257009 -76.4418 84.4571 
2.01e+08 0.0427968 -33.3109 84.8791 
2.02e+08 0.0677242 -86.8625 85.3012 
2.03e+08 0.0465178 -55.718 85.7232 
2.04e+08 0.0365629 -65.6441 86.1454 
2.05e+08 0.0439838 -39.1367 86.5674 
2.06e+08 0.0509892 -65.6766 86.9894 
2.07e+08 0.056675 -68.8684 87.4116 
2.08e+08 0.0389552 -52.8365 87.8336 
2.09e+08 0.0162807 -84.8548 88.2555 
2.1e+08 0.0173287 -90.8455 88.6775 
2.11e+08 0.0671996 -46.1795 89.0994 
2.12e+08 0.0363286 -33.4372 89.5215 
2.13e+08 0.0256509 -74.8136 89.9436 
2.14e+08 0.0581175 -37.113 90.3657 
2.15e+08 0.0358746 -65.7884 90.7877 
2.16e+08 0.0343348 -62.1676 91.2099 
2.17e+08 0.0502481 -44.4581 91.6319 
2.18e+08 0.0314823 -62.6349 92.0539 
2.19e+08 0.0581644 -33.211 92.476 
2.2e+08 0.0392619 -93.6375 92.8993 
2.21e+08 0.0338102 -18.9481 93.323 
2.22e+08 0.0337752 -56.76 93.7452 
2.23e+08 0.0478141 -6.45156 94.1674 
2.24e+08 0.0499346 -42.5403 94.5897 
2.25e+08 0.021823 -65.4886 95.0117 
2.26e+08 0.0216303 -57.069 95.4339 
2.27e+08 0.0287676 -44.3352 95.856 
2.28e+08 0.0341692 18.5991 96.2781 
2.29e+08 0.0261358 -39.9892 96.7002 
2.3e+08 0.05671 -66.5176 97.1223 
2.31e+08 0.0436828 -17.5331 97.5444 
2.32e+08 0.0524086 -97.6968 97.9664 
2.33e+08 0.0406074 -61.2317 98.3884 
2.34e+08 0.0207065 -65.0993 98.8105 
2.35e+08 0.0489837 -46.8204 99.2326 
2.36e+08 0.047148 -6.17247 99.6547 
2.37e+08 0.0621947 -80.2108 100.077 
2.38e+08 0.037517 -12.5953 100.499 
2.39e+08 0.0519272 -74.1529 100.921 
2.4e+08 0.0552668 -39.0326 101.343 
2.41e+08 0.0576477 -56.0854 101.765 
2.42e+08 0.0543591 -41.3058 102.187 
2.43e+08 0.0534462 -94.3061 102.609 
2.44e+08 0.0356338 -48.1209 103.031 
2.45e+08 0.0634606 -41.9747 103.453 
2.46e+08 0.0318337 -69.5179 103.875 
2.47e+08 0.0221209 -70.4397 104.297 
2.48e+08 0.0571466 -45.3135 104.719 
2.49e+08 0.0426931 -74.9115 105.141 
2.5e+08 0.0413625 -37.8236 105.563 
2.51e+08 0.0319802 -64.7003 105.985 
2.52e+08 0.0196671 -84.9717 106.407 
2.53e+08 0.0457194 -76.5981 106.829 
2.54e+08 0.0378213 -35.3116 107.251 
2.55e+08 0.0198283 -68.8672 107.673 
2.56e+08 0.0244138 -42.2368 108.095 
2.57e+08 0.0181157 -60.4416 108.518 
2.58e+08 0.0231268 -39.0255 108.94 
2.59e+08 0.0131951 -39.9666 109.362 
2.6e+08 0.0403968 -28.2195 109.784 
2.61e+08 0.0484609 -72.7654 110.206 
2.62e+08 0.0478018 -44.0136 110.628 
2.63e+08 0.0446762 -51.3731 111.05 
2.64e+08 0.0636381 -15.9675 111.472 
2.65e+08 0.0741545 -102.707 111.894 
2.66e+08 0.046097 -80.2592 112.318 
2.67e+08 0.0356575 -70.3882 112.742 
2.68e+08 0.0466947 -64.145 113.164 
2.69e+08 0.0593625 -40.2951 113.587 
2.7e+08 0.049394 -63.9572 114.009 
2.71e+08 0.0127519 -71.3355 114.431 
2.72e+08 0.0609817 -30.155 114.853 
2.73e+08 0.0672219 -67.9167 115.275 
2.74e+08 0.0431713 14.18 115.698 
2.75e+08 0.0502604 -89.6729 116.12 
2.76e+08 0.0553329 -19.6906 116.542 
2.77e+08 0.050552 -41.9324 116.964 
2.78e+08 0.0177872 -77.3885 117.387 
2.79e+08 0.0637023 -74.9802 117.809 
2.8e+08 0.038511 -29.537 118.231 
2.81e+08 0.0658788 -86.1033 118.653 
2.82e+08 0.0550515 -49.4508 119.076 
2.83e+08 0.0215593 -15.1504 119.498 
2.84e+08 0.0361451 -55.7381 119.92 
2.85e+08 0.0421295 -40.57 120.342 
2.86e+08 0.0502453 -36.6921 120.764 
2.87e+08 0.040309 -65.4422 121.186 
2.88e+08 0.0767305 -47.338 121.608 
2.89e+08 0.0783761 -108.975 122.03 
2.9e+08 0.057171 -71.9904 122.452 
2.91e+08 0.0853217 -49.7807 122.875 
2.92e+08 0.0510195 -59.1152 123.299 
2.93e+08 0.0699766 -50.1609 123.721 
2.94e+08 0.0129501 -76.9912 124.143 
2.95e+08 0.0399231 -104.382 124.565 
2.96e+08 0.064454 -53.9046 124.987 
2.97e+08 0.0270825 -61.8008 125.409 
2.98e+08 0.0349776 -48.0995 125.831 
2.99e+08 0.0589951 -41.6384 126.253 
3e+08 0.0334746 -26.7986 126.675 
3.01e+08 0.0240432 -68.2817 127.097 
3.02e+08 0.0389415 -40.005 127.519 
3.03e+08 0.0373233 -66.8732 127.941 
3.04e+08 0.0188281 -66.3581 128.363 
3.05e+08 0.0229842 -79.4429 128.785 
3.06e+08 0.0202878 -71.6696 129.207 
3.07e+08 0.0657481 -71.0915 129.629 
3.08e+08 0.0291686 -50.9158 130.052 
3.09e+08 0.0365611 -46.0108 130.474 
3.1e+08 0.0351886 -77.3693 130.896 
3.11e+08 0.0480646 -42.4384 131.319 
3.12e+08 0.0620627 -34.6792 131.741 
3.13e+08 0.0558547 -35.3712 132.163 
3.14e+08 0.0243992 -37.9535 132.585 
3.15e+08 0.0490474 -36.5871 133.008 
3.16e+08 0.0250826 -83.3453 133.43 
3.17e+08 0.082645 -10.8011 133.852 
3.18e+08 0.035652 -36.2658 134.274 
3.19e+08 0.0356127 -29.8602 134.696 
3.2e+08 0.0180494 -15.222 135.118 
3.21e+08 0.104224 -21.8634 135.54 
3.22e+08 0.0420855 -63.7816 135.962 
3.23e+08 0.0528586 -33.0446 136.385 
3.24e+08 0.0410634 -2.92937 136.807 
3.25e+08 0.0278121 -49.0384 137.229 
3.26e+08 0.0336516 -86.9603 137.651 
3.27e+08 0.0455423 -85.7549 138.074 
3.28e+08 0.0751054 -75.7916 138.496 
3.29e+08 0.0570932 -85.0388 138.918 
3.3e+08 0.0241125 -27.115 139.34 
3.31e+08 0.0410068 -50.1958 139.762 
3.32e+08 0.0369268 -77.868 140.184 
3.33e+08 0.0502119 -10.1331 140.607 
3.34e+08 0.0166848 -67.6759 141.029 
3.35e+08 0.0573558 -46.5726 141.451 
3.36e+08 0.024041 -48.8345 141.873 
3.37e+08 0.0490612 -42.6623 142.295 
3.38e+08 0.0689163 -45.1867 142.718 
3.39e+08 0.0123252 -46.1476 143.14 
3.4e+08 0.0935762 -50.7559 143.562 
3.41e+08 0.0473478 -57.2371 143.985 
3.42e+08 0.0244413 -39.8012 144.407 
3.43e+08 0.0804011 -72.7256 144.829 
3.44e+08 0.0552246 -72.293 145.251 
3.45e+08 0.0240033 -22.8383 145.673 
3.46e+08 0.0549862 -60.8304 146.095 
3.47e+08 0.0551739 -40.5394 146.517 
3.48e+08 0.0515968 -36.3863 146.939 
3.49e+08 0.0701284 -90.0375 147.361 
3.5e+08 0.0380688 -48.4003 147.783 
3.51e+08 0.0346719 -81.0925 148.205 
3.52e+08 0.0153491 -50.7138 148.629 
3.53e+08 0.0439783 -47.9444 149.052 
3.54e+08 0.0680568 -57.566 149.474 
3.55e+08 0.0579578 -45.5411 149.896 
3.56e+08 0.0470075 -25.555 150.318 
3.57e+08 0.0286606 -47.8972 150.74 
3.58e+08 0.075376 -43.1895 151.162 
3.59e+08 0.0186992 -37.14 151.584 
3.6e+08 0.0498421 -80.1055 152.007 
3.61e+08 0.0384215 -66.223 152.429 
3.62e+08 0.0654644 -88.3669 152.852 
3.63e+08 0.0243509 -41.5803 153.276 
3.64e+08 0.0394838 -3.42804 153.698 
3.65e+08 0.0477424 -50.1019 154.121 
3.66e+08 0.0749127 -38.1418 154.543 
3.67e+08 0.0253553 -45.0229 154.966 
3.68e+08 0.0249303 -57.0213 155.388 
3.69e+08 0.0170552 -82.0899 155.81 
3.7e+08 0.023386 -72.6983 156.233 
3.71e+08 0.0379663 -51.7885 156.655 
3.72e+08 0.0454731 -50.9526 157.077 
3.73e+08 0.0216006 -45.1249 157.499 
3.74e+08 0.0219675 -32.3788 157.921 
3.75e+08 0.0367586 -18.7018 158.343 
3.76e+08 0.0181969 -53.723 158.766 
3.77e+08 0.039681 -83.6936 159.188 
3.78e+08 0.0387136 -35.2174 159.61 
3.79e+08 0.055187 -10.1582 160.032 
3.8e+08 0.0570158 -89.6479 160.454 
3.81e+08 0.0426051 -50.7265 160.876 
3.82e+08 0.0364191 -22.6919 161.298 
3.83e+08 0.0347471 -46.268 161.72 
3.84e+08 0.0205899 -25.1736 162.142 
3.85e+08 0.0603292 -27.7125 162.564 
3.86e+08 0.0312538 -73.6462 162.986 
3.87e+08 0.0946766 -74.3335 163.409 
3.88e+08 0.0263415 -47.9178 163.83 
3.89e+08 0.0255286 -49.611 164.252 
3.9e+08 0.0685148 -38.3719 164.675 
3.91e+08 0.0408264 -50.9613 165.097 
3.92e+08 0.0271878 -64.9932 165.519 
3.93e+08 0.0571735 8.11404 165.941 
3.94e+08 0.0747814 -59.5434 166.363 
3.95e+08 0.0588444 -46.924 166.785 
3.96e+08 0.038663 -98.1618 167.207 
3.97e+08 0.0485863 -46.8929 167.629 
3.98e+08 0.0809884 -13.9486 168.051 
3.99e+08 0.0209189 -52.0519 168.474 
4e+08 0.0344299 -58.985 168.896 
4.01e+08 0.0511058 -32.6561 169.318 
4.02e+08 0.0440301 -25.5663 169.74 
4.03e+08 0.053456 -41.0925 170.162 
4.04e+08 0.0753648 -26.5234 170.584 
4.05e+08 0.0352663 -75.3945 171.006 
4.06e+08 0.0527275 -70.5818 171.428 
4.07e+08 0.0329904 -74.6226 171.85 
4.08e+08 0.0523745 -89.2948 172.272 
4.09e+08 0.0992545 -56.2644 172.694 
4.1e+08 0.0435791 -61.4372 173.116 
4.11e+08 0.0786739 -101.431 173.539 
4.12e+08 0.0475311 -27.098 173.961 
4.13e+08 0.0194715 -41.3835 174.383 
4.14e+08 0.0717086 -101.657 174.805 
4.15e+08 0.012451 -44.4113 175.227 
4.16e+08 0.0759806 -24.368 175.649 
4.17e+08 0.0247405 -15.0595 176.071 
4.18e+08 0.0199242 -27.1208 176.493 
4.19e+08 0.0456769 -64.8106 176.915 
4.2e+08 0.0924739 -51.5017 177.337 
4.21e+08 0.0390827 -76.7327 177.76 
4.22e+08 0.046 -44.4105 178.182 
4.23e+08 0.0498904 -72.4216 178.604 
4.24e+08 0.0545235 -51.3107 179.026 
4.25e+08 0.0527646 -51.6371 179.448 
4.26e+08 0.0299132 -75.2787 179.87 
4.27e+08 0.0559344 -64.5226 180.292 
4.28e+08 0.0345268 -33.7858 180.714 
4.29e+08 0.054454 -74.8206 181.136 
4.3e+08 0.0564491 -49.0693 181.558 
4.31e+08 0.0620789 -43.99 181.98 
4.32e+08 0.0429367 -43.9241 182.402 
4.33e+08 0.0288899 -44.0179 182.824 
4.34e+08 0.0555566 -48.9715 183.246 
4.35e+08 0.0474771 -50.0423 183.669 
4.36e+08 0.0228238 -14.8874 184.091 
4.37e+08 0.0295314 -36.439 184.513 
4.38e+08 0.0342288 -60.7732 184.936 
4.39e+08 0.0694938 -58.8034 185.358 
4.4e+08 0.0149722 -71.8477 185.78 
4.41e+08 0.0326337 -46.7176 186.202 
4.42e+08 0.0368128 -67.1189 186.624 
4.43e+08 0.0551022 -70.2482 187.045 
4.44e+08 0.0342887 -54.7787 187.468 
4.45e+08 0.0220677 -52.6608 187.89 
4.46e+08 0.0380614 -48.3051 188.312 
4.47e+08 0.0271842 -23.5812 188.734 
4.48e+08 0.0120359 -45.8401 189.156 
4.49e+08 0.025153 -60.6277 189.578 
4.5e+08 0.0538255 -57.6659 190 
4.51e+08 0.0424441 -34.4326 190.422 
4.52e+08 0.0242619 -45.0536 190.845 
4.53e+08 0.0723102 -48.0242 191.267 
4.54e+08 0.0416394 -55.5274 191.689 
4.55e+08 0.055204 -54.8964 192.111 
4.56e+08 0.0584523 -83.6893 192.534 
4.57e+08 0.0662719 -79.947 192.956 
4.58e+08 0.0129413 -61.6629 193.378 
4.59e+08 0.0820504 -79.8724 193.801 
4.6e+08 0.103958 -58.1399 194.223 
4.61e+08 0.0609018 -39.8105 194.645 
4.62e+08 0.034541 -38.534 195.067 
4.63e+08 0.0443202 -82.9075 195.489 
4.64e+08 0.059097 -33.3654 195.911 
4.65e+08 0.0517996 -74.909 196.334 
4.66e+08 0.0309803 -26.6705 196.756 
4.67e+08 0.0115098 -52.4226 197.178 
4.68e+08 0.0339878 -68.5746 197.6 
4.69e+08 0.0576055 -7.1945 198.022 
4.7e+08 0.0750431 -33.9296 198.444 
4.71e+08 0.0437568 -51.0537 198.867 
4.72e+08 0.0267193 -50.4106 199.289 
4.73e+08 0.060123 -37.0916 199.711 
4.74e+08 0.0136005 -67.0223 200.133 
4.75e+08 0.0069558 -32.0183 200.556 
4.76e+08 0.0314925 -19.3726 200.978 
4.77e+08 0.0581739 -54.2647 201.4 
4.78e+08 0.0495447 -122.3 201.822 
4.79e+08 0.0437461 -77.0127 202.244 
4.8e+08 0.0920163 -89.3853 202.666 
4.81e+08 0.0634504 -48.8441 203.089 
4.82e+08 0.0414884 -18.0177 203.511 
4.83e+08 0.0411073 -12.1206 203.933 
4.84e+08 0.05624 -88.5883 204.355 
4.85e+08 0.0271587 -86.2987 204.777 
4.86e+08 0.0792794 -74.494 205.199 
4.87e+08 0.0406443 -31.3002 205.621 
4.88e+08 0.0269226 -83.7881 206.043 
4.89e+08 0.0321779 -66.6166 206.465 
4.9e+08 0.0363441 -12.4468 206.887 
4.91e+08 0.0905457 -49.9557 207.31 
4.92e+08 0.032839 -69.9078 207.732 
4.93e+08 0.0491731 -51.9683 208.154 
4.94e+08 0.011476 -38.7745 208.576 
4.95e+08 0.0344752 -17.2169 208.998 
4.96e+08 0.0452579 -62.1417 209.42 
4.97e+08 0.0441124 -60.9778 209.842 
4.98e+08 0.0724213 -74.2348 210.264 
4.99e+08 0.0352912 -40.6803 210.686 
5e+08 0.0285245 -21.2945 211.108 
5.01e+08 0.0450621 -51.5233 211.53 
5.02e+08 0.0325939 -16.6966 211.953 
5.03e+08 0.0693306 -85.4727 212.375 
5.04e+08 0.0472579 -89.3065 212.797 
5.05e+08 0.0324068 -53.6284 213.219 
5.06e+08 0.0293957 -22.17 213.641 
5.07e+08 0.0462798 -51.3613 214.063 
5.08e+08 0.0168165 -40.8556 214.485 
5.09e+08 0.0342238 -19.7037 214.907 
5.1e+08 0.0260993 -58.8618 215.33 
5.11e+08 0.031604 -31.5092 215.752 
5.12e+08 0.0543803 -55.0508 216.174 
5.13e+08 0.0688536 -68.3323 216.596 
5.14e+08 0.0511551 -65.2243 217.018 
5.15e+08 0.0637666 -58.1452 217.44 
5.16e+08 0.0357107 -27.2564 217.862 
5.17e+08 0.0416754 -29.4485 218.285 
5.18e+08 0.0584186 -50.2003 218.707 
5.19e+08 0.0509796 -74.8418 219.129 
5.2e+08 0.0275945 -57.2068 219.551 
5.21e+08 0.0678424 -31.9387 219.973 
5.22e+08 0.0195825 -26.4685 220.395 
5.23e+08 0.0779624 -95.2965 220.817 
5.24e+08 0.0581271 -43.2044 221.239 
5.25e+08 0.0668409 -34.1553 221.661 
5.26e+08 0.0256582 -30.3514 222.084 
5.27e+08 0.0372078 -58.6523 222.506 
5.28e+08 0.0339471 -47.6215 222.928 
5.29e+08 0.0440587 -59.3748 223.35 
5.3e+08 0.0251653 -53.9284 223.772 
5.31e+08 0.0213672 -18.5836 224.195 
5.32e+08 0.0476268 -26.3567 224.617 
5.33e+08 0.0254491 -64.5866 225.039 
5.34e+08 0.0301868 -68.2334 225.461 
5.35e+08 0.0727817 -74.3142 225.883 
5.36e+08 0.0189549 -14.5005 226.305 
5.37e+08 0.0158052 -31.2488 226.728 
5.38e+08 0.0237285 -48.268 227.15 
5.39e+08 0.0593518 -71.9812 227.572 
5.4e+08 0.0400019 -79.4476 227.994 
5.41e+08 0.0348446 -38.55 228.416 
5.42e+08 0.0468903 -29.2137 228.838 
5.43e+08 0.0246027 -63.2808 229.261 
5.44e+08 0.0378551 -39.8242 229.683 
5.45e+08 0.0721533 -32.7601 230.106 
5.46e+08 0.0164676 -14.6426 230.528 
5.47e+08 0.032468 -45.0458 230.95 
5.48e+08 0.0408769 -15.6285 231.373 
5.49e+08 0.0306835 -63.9302 231.795 
5.5e+08 0.0204447 -53.8257 232.217 
5.51e+08 0.0364154 -34.1784 232.639 
5.52e+08 0.0317286 -27.1067 233.061 
5.53e+08 0.0661673 -57.6973 233.484 
5.54e+08 0.0528062 -51.5311 233.906 
5.55e+08 0.00633568 -22.0559 234.328 
5.56e+08 0.0763176 -50.5786 234.75 
5.57e+08 0.0444373 -20.6868 235.172 
5.58e+08 0.0247223 -74.9455 235.594 
5.59e+08 0.035862 -42.0993 236.016 
5.6e+08 0.0091504 -80.6317 236.438 
5.61e+08 0.029395 -44.7158 236.861 
5.62e+08 0.0514082 -69.858 237.283 
5.63e+08 0.032412 -65.0876 237.705 
5.64e+08 0.0191482 -50.7692 238.129 
5.65e+08 0.0352947 -55.1675 238.551 
5.66e+08 0.0894425 -51.8218 238.973 
5.67e+08 0.0678248 -52.509 239.395 
5.68e+08 0.0718008 -31.422 239.817 
5.69e+08 0.0382735 -6.4596 240.24 
5.7e+08 0.0450638 -32.8106 240.662 
5.71e+08 0.0510441 -51.6808 241.084 
5.72e+08 0.0474042 -77.6599 241.506 
5.73e+08 0.0513088 -44.0888 241.928 
5.74e+08 0.0533083 -60.0194 242.35 
5.75e+08 0.0494601 -62.8116 242.773 
5.76e+08 0.0422072 -32.4714 243.195 
5.77e+08 0.0692477 -72.2529 243.617 
5.78e+08 0.0308052 -36.109 244.04 
5.79e+08 0.0476965 -59.8582 244.462 
5.8e+08 0.0664973 -45.2486 244.884 
5.81e+08 0.0346255 -83.3165 245.306 
5.82e+08 0.0725945 -36.1713 245.728 
5.83e+08 0.0586669 -49.9891 246.15 
5.84e+08 0.0498773 -75.968 246.572 
5.85e+08 0.107498 -37.8438 246.994 
5.86e+08 0.0587269 -75.6731 247.417 
5.87e+08 0.018342 -54.4561 247.839 
5.88e+08 0.0676402 -93.3888 248.261 
5.89e+08 0.0252144 -31.5489 248.683 
5.9e+08 0.0402193 -62.6146 249.105 
5.91e+08 0.0575358 -69.5622 249.527 
5.92e+08 0.0538944 -37.0852 249.949 
5.93e+08 0.0783028 -73.0982 250.372 
5.94e+08 0.0383242 -76.4512 250.794 
5.95e+08 0.0735889 -60.9966 251.216 
5.96e+08 0.0612431 -54.3106 251.638 
5.97e+08 0.0162724 -57.2381 252.06 
5.98e+08 0.0500045 -55.2811 252.482 
5.99e+08 0.0486098 -63.4993 252.904 
6e+08 0.0249241 -44.958 253.326 
6.01e+08 0.0534165 -41.7406 253.748 
6.02e+08 0.0558143 -27.9045 254.17 
6.03e+08 0.0472572 -126.984 254.592 
6.04e+08 0.0619998 -34.0039 255.014 
6.05e+08 0.0225488 -11.8399 255.437 
6.06e+08 0.0289722 -28.0986 255.859 
6.07e+08 0.05295 -69.3771 256.282 
6.08e+08 0.0472874 -62.6703 256.704 
6.09e+08 0.0501578 -52.8005 257.126 
6.1e+08 0.0150846 -54.9427 257.549 
6.11e+08 0.0810286 -32.2773 257.971 
6.12e+08 0.0138135 -66.3991 258.393 
6.13e+08 0.0642146 -62.8913 258.816 
6.14e+08 0.0667275 -54.655 259.238 
6.15e+08 0.0531295 -53.1268 259.66 
6.16e+08 0.0401273 -46.7943 260.082 
6.17e+08 0.0322792 -78.3934 260.505 
6.18e+08 0.0397011 -14.3128 260.927 
6.19e+08 0.0689697 -66.1947 261.349 
6.2e+08 0.0662138 -73.0333 261.771 
6.21e+08 0.0405131 -63.2483 262.193 
6.22e+08 0.0674138 -96.0188 262.615 
6.23e+08 0.0712533 -23.3477 263.037 
6.24e+08 0.0514207 -45.5592 263.459 
6.25e+08 0.0568995 -55.3536 263.881 
6.26e+08 0.0496354 -75.1961 264.304 
6.27e+08 0.0524722 -78.3577 264.726 
6.28e+08 0.0190521 -43.975 265.148 
6.29e+08 0.0363256 -77.8923 265.57 
6.3e+08 0.0575598 4.89372 265.992 
6.31e+08 0.0281238 -82.4165 266.414 
6.32e+08 0.0402441 -99.8881 266.836 
6.33e+08 0.0536996 -43.9295 267.257 
6.34e+08 0.0590482 -58.4153 267.679 
6.35e+08 0.0449153 -60.6122 268.102 
6.36e+08 0.0395427 -58.1467 268.523 
6.37e+08 0.0267941 -42.5938 268.945 
6.38e+08 0.0470141 -74.8617 269.367 
6.39e+08 0.0593213 -59.437 269.789 
6.4e+08 0.0583967 -76.2025 270.212 
6.41e+08 0.0729648 -71.2382 270.634 
6.42e+08 0.0317915 -48.2782 271.056 
6.43e+08 0.023164 -14.4025 271.478 
6.44e+08 0.0755181 -63.5291 271.9 
6.45e+08 0.0492952 -50.2315 272.322 
6.46e+08 0.0406764 -58.151 272.744 
6.47e+08 0.0386971 -86.3503 273.166 
6.48e+08 0.0328094 -99.2922 273.589 
6.49e+08 0.0176392 -18.1448 274.012 
6.5e+08 0.0509272 -31.6262 274.434 
6.51e+08 0.0448002 -67.9743 274.856 
6.52e+08 0.0411401 -29.1514 275.278 
6.53e+08 0.0284419 -110.236 275.7 
6.54e+08 0.0535206 -46.9409 276.123 
6.55e+08 0.0327758 -11.948 276.545 
6.56e+08 0.017175 -56.6612 276.967 
6.57e+08 0.0575161 -67.45 277.389 
6.58e+08 0.0549129 -50.7109 277.811 
6.59e+08 0.0482343 -91.8924 278.233 
6.6e+08 0.0318992 -48.9323 278.655 
6.61e+08 0.0416957 -72.9141 279.077 
6.62e+08 0.0246156 -51.5019 279.499 
6.63e+08 0.0434542 -47.6207 279.922 
6.64e+08 0.040936 -46.7573 280.344 
6.65e+08 0.0300982 -61.9139 280.766 
6.66e+08 0.0585856 -109.489 281.188 
6.67e+08 0.0168995 -45.9962 281.61 
6.68e+08 0.0623174 -53.002 282.032 
6.69e+08 0.0310122 -26.5539 282.454 
6.7e+08 0.067597 -108.809 282.877 
6.71e+08 0.078888 -50.2407 283.299 
6.72e+08 0.0623013 -49.7074 283.722 
6.73e+08 0.0489077 -63.391 284.144 
6.74e+08 0.0130173 -49.1994 284.566 
6.75e+08 0.0634224 -26.0023 284.988 
6.76e+08 0.0737245 -79.3969 285.411 
6.77e+08 0.0663554 -41.698 285.833 
6.78e+08 0.0488352 -33.8669 286.255 
6.79e+08 0.042863 -103.212 286.677 
6.8e+08 0.0442582 -87.4781 287.099 
6.81e+08 0.0538908 -19.9943 287.521 
6.82e+08 0.0292919 -31.8327 287.943 
6.83e+08 0.0557348 -25.9482 288.365 
6.84e+08 0.0413625 -57.5888 288.787 
6.85e+08 0.0357948 -45.2049 289.209 
6.86e+08 0.0167004 -15.5052 289.631 
6.87e+08 0.0592923 -6.7936 290.053 
6.88e+08 0.0337687 -29.3442 290.475 
6.89e+08 0.0910111 -80.8128 290.898 
6.9e+08 0.0474597 -20.5734 291.32 
6.91e+08 0.0527355 -50.7264 291.742 
6.92e+08 0.0204878 -54.5392 292.164 
6.93e+08 0.0362309 -43.5076 292.586 
6.94e+08 0.0484158 -91.3295 293.008 
6.95e+08 0.0575378 -52.6523 293.431 
6.96e+08 0.065109 -26.9002 293.853 
6.97e+08 0.0400158 -55.3078 294.275 
6.98e+08 0.0779317 -58.5645 294.697 
6.99e+08 0.0387866 -60.7682 295.119 
7e+08 0.0173242 -43.3453 295.541 
7.01e+08 0.0457308 -54.8218 295.963 
7.02e+08 0.0395528 -69.9966 296.385 
7.03e+08 0.0943581 -45.5011 296.808 
7.04e+08 0.0321529 -39.1471 297.23 
7.05e+08 0.0205418 -55.6443 297.652 
7.06e+08 0.0462612 -79.4918 298.074 
7.07e+08 0.060902 -63.5998 298.496 
7.08e+08 0.0204748 -36.9206 298.918 
7.09e+08 0.0368979 -71.7305 299.34 
7.1e+08 0.014721 -82.5426 299.763 
7.11e+08 0.0196169 -51.4288 300.185 
7.12e+08 0.0175169 -45.5307 300.607 
7.13e+08 0.0296403 -52.3364 301.029 
7.14e+08 0.0274799 -71.1827 301.451 
7.15e+08 0.0204806 -3.61226 301.873 
7.16e+08 0.0361554 -57.0472 302.296 
7.17e+08 0.0425099 -71.8761 302.718 
7.18e+08 0.0467453 -28.4915 303.142 
7.19e+08 0.0281371 -26.4805 303.564 
7.2e+08 0.0134962 -12.3806 303.986 
7.21e+08 0.0517553 -68.5175 304.408 
7.22e+08 0.0794296 -81.2803 304.83 
7.23e+08 0.0471607 -64.1096 305.253 
7.24e+08 0.0205647 -49.8697 305.675 
7.25e+08 0.0308335 -63.4062 306.097 
7.26e+08 0.0177525 3.10222 306.519 
7.27e+08 0.0447266 -40.0056 306.942 
7.28e+08 0.0174247 -37.9124 307.364 
7.29e+08 0.0380612 -23.9388 307.786 
7.3e+08 0.0690826 -51.3 308.208 
7.31e+08 0.0449019 -64.5454 308.63 
7.32e+08 0.0233953 -101.193 309.053 
7.33e+08 0.0256126 -39.4888 309.475 
7.34e+08 0.0389762 -32.1611 309.897 
7.35e+08 0.086735 -83.9891 310.32 
7.36e+08 0.0751955 -38.7514 310.742 
7.37e+08 0.0710875 -23.878 311.164 
7.38e+08 0.0225539 -55.0368 311.586 
7.39e+08 0.0659648 -69.6041 312.008 
7.4e+08 0.0393509 -103.047 312.431 
7.41e+08 0.0185985 -83.4356 312.853 
7.42e+08 0.0465604 -34.6186 313.275 
7.43e+08 0.0556148 -94.094 313.697 
7.44e+08 0.0499738 -10.8551 314.12 
7.45e+08 0.0691116 -49.1711 314.542 
7.46e+08 0.0366199 -52.8296 314.964 
7.47e+08 0.0204181 -48.547 315.386 
7.48e+08 0.0443677 -26.4996 315.808 
7.49e+08 0.0269136 -63.4417 316.231 
7.5e+08 0.0299102 -30.8674 316.654 
7.51e+08 0.0255723 -88.4012 317.076 
7.52e+08 0.0362355 -64.4911 317.498 
7.53e+08 0.0217045 -52.9221 317.92 
7.54e+08 0.0372767 -63.0522 318.343 
7.55e+08 0.0602805 -65.3298 318.765 
7.56e+08 0.0395489 -67.4801 319.187 
7.57e+08 0.0264629 -48.3804 319.609 
7.58e+08 0.0658667 -33.587 320.031 
7.59e+08 0.0194634 -14.4936 320.454 
7.6e+08 0.0390549 -78.1112 320.876 
7.61e+08 0.014176 -56.1804 321.298 
7.62e+08 0.0313489 -85.4712 321.72 
7.63e+08 0.0491421 -75.7402 322.144 
7.64e+08 0.0485212 -49.1833 322.568 
7.65e+08 0.0576588 -66.7156 322.99 
7.66e+08 0.0277242 -62.0872 323.412 
7.67e+08 0.0275123 -33.3748 323.834 
7.68e+08 0.0668589 -36.5105 324.257 
7.69e+08 0.0323849 -44.5423 324.679 
7.7e+08 0.0631144 -29.6198 325.101 
7.71e+08 0.0580207 -42.0691 325.523 
7.72e+08 0.0690329 -44.164 325.945 
7.73e+08 0.0505741 -55.5124 326.367 
7.74e+08 0.0476404 -92.1561 326.79 
7.75e+08 0.0428876 -24.7505 327.212 
7.76e+08 0.0508137 -42.6365 327.635 
7.77e+08 0.0312067 -40.3622 328.057 
7.78e+08 0.073734 -66.9417 328.479 
7.79e+08 0.0245443 -47.3264 328.901 
7.8e+08 0.0458717 -47.7284 329.323 
7.81e+08 0.0203732 -70.1799 329.746 
7.82e+08 0.0211925 -24.1889 330.168 
7.83e+08 0.0369245 -50.0776 330.59 
7.84e+08 0.0462314 -8.08926 331.013 
7.85e+08 0.0519366 -26.1652 331.435 
7.86e+08 0.0410988 -48.4152 331.857 
7.87e+08 0.0788773 -27.0137 332.279 
7.88e+08 0.0895281 -63.5641 332.701 
7.89e+08 0.054881 -18.9553 333.123 
7.9e+08 0.0179833 -87.4142 333.545 
7.91e+08 0.0338089 -54.2849 333.968 
7.92e+08 0.0176324 -42.92 334.391 
7.93e+08 0.0169365 -44.7372 334.813 
7.94e+08 0.083045 -40.9987 335.235 
7.95e+08 0.06295 -69.5407 335.657 
7.96e+08 0.0216971 -86.5848 336.079 
7.97e+08 0.0460955 -77.3801 336.502 
7.98e+08 0.0237836 -29.7141 336.924 
7.99e+08 0.0325615 -23.1228 337.346 
8e+08 0.0384313 -71.0916 337.768 
8.01e+08 0.0278374 -42.6109 338.19 
8.02e+08 0.0691408 -77.2923 338.612 
8.03e+08 0.0656307 -53.9625 339.034 
8.04e+08 0.0516116 -59.7597 339.456 
8.05e+08 0.0398781 -33.0792 339.878 
8.06e+08 0.0350088 -83.07 340.3 
8.07e+08 0.0504645 -49.7125 340.723 
8.08e+08 0.0347637 -48.0859 341.145 
8.09e+08 0.0286185 -58.7756 341.567 
8.1e+08 0.0725474 -59.443 341.989 
8.11e+08 0.0365653 5.7464 342.411 
8.12e+08 0.0290725 -61.9805 342.833 
8.13e+08 0.0423981 -35.2458 343.256 
8.14e+08 0.0197913 -37.5474 343.678 
8.15e+08 0.0532698 -53.4522 344.1 
8.16e+08 0.0279868 9.62625 344.522 
8.17e+08 0.0395033 -39.8927 344.945 
8.18e+08 0.0387639 -51.1135 345.367 
8.19e+08 0.0230165 -51.7167 345.789 
8.2e+08 0.0572764 -30.2608 346.211 
8.21e+08 0.0386002 -72.352 346.633 
8.22e+08 0.0682043 -81.8776 347.055 
8.23e+08 0.0477688 -59.0846 347.477 
8.24e+08 0.0435451 -18.2518 347.899 
8.25e+08 0.0709179 -64.5723 348.321 
8.26e+08 0.0605948 -33.4731 348.744 
8.27e+08 0.0326351 -44.9866 349.166 
8.28e+08 0.0378108 -44.8662 349.587 
8.29e+08 0.0449392 -25.7699 350.009 
8.3e+08 0.0509748 -38.2933 350.432 
8.31e+08 0.049256 -58.0619 350.853 
8.32e+08 0.0338882 -14.5277 351.275 
8.33e+08 0.0523065 -60.0523 351.697 
8.34e+08 0.0566691 -53.8171 352.119 
8.35e+08 0.0595818 -37.3439 352.541 
8.36e+08 0.032566 -57.8283 352.963 
8.37e+08 0.0498328 -67.9751 353.385 
8.38e+08 0.0112494 -57.0623 353.807 
8.39e+08 0.0687406 -35.9261 354.229 
8.4e+08 0.0219946 -56.739 354.651 
8.41e+08 0.0314523 11.3421 355.074 
8.42e+08 0.0763398 -69.8573 355.496 
8.43e+08 0.039932 -39.1428 355.918 
8.44e+08 0.0518165 -59.3843 356.34 
8.45e+08 0.0642479 -48.0261 356.762 
8.46e+08 0.0285071 -36.9632 357.184 
8.47e+08 0.0616279 -76.6182 357.606 
8.48e+08 0.0149635 -69.8159 358.028 
8.49e+08 0.0487358 -53.8749 358.45 
8.5e+08 0.0634179 -46.4837 358.872 
8.51e+08 0.0526557 -82.1596 359.294 
8.52e+08 0.0575726 -57.8136 359.716 
8.53e+08 0.0328452 -66.9469 360.138 
8.54e+08 0.0370546 -24.1922 360.56 
8.55e+08 0.0550496 -38.7983 360.982 
8.56e+08 0.056391 -83.6587 361.404 
8.57e+08 0.00654835 -56.8067 361.827 
8.58e+08 0.0338478 -14.7275 362.249 
8.59e+08 0.0425554 -55.4326 362.671 
8.6e+08 0.0344293 -29.4202 363.093 
8.61e+08 0.0467152 -49.1064 363.517 
8.62e+08 0.0732412 -76.7968 363.939 
8.63e+08 0.0452767 -32.4989 364.361 
8.64e+08 0.0186354 -46.7401 364.784 
8.65e+08 0.0240267 -69.4232 365.206 
8.66e+08 0.0564372 -87.3138 365.628 
8.67e+08 0.0226187 -37.9785 366.05 
8.68e+08 0.0433738 -11.5978 366.472 
8.69e+08 0.0184402 -94.5778 366.894 
8.7e+08 0.0554108 -58.6546 367.316 
8.71e+08 0.074529 -16.6765 367.738 
8.72e+08 0.0172288 -64.0983 368.16 
8.73e+08 0.067333 -92.5368 368.582 
8.74e+08 0.0521132 -76.6489 369.004 
8.75e+08 0.06921 -49.6982 369.426 
8.76e+08 0.0873726 -81.7532 369.848 
8.77e+08 0.0324247 -59.0271 370.27 
8.78e+08 0.0291594 -69.7835 370.693 
8.79e+08 0.0783013 -73.5637 371.115 
8.8e+08 0.0408227 -104.161 371.537 
8.81e+08 0.0630179 -83.9172 371.959 
8.82e+08 0.0225651 -31.0356 372.382 
8.83e+08 0.0448821 -62.8345 372.804 
8.84e+08 0.0545531 -53.3686 373.227 
8.85e+08 0.0592392 -55.6002 373.649 
8.86e+08 0.0364374 -53.4458 374.071 
8.87e+08 0.0367965 -65.8938 374.493 
8.88e+08 0.021464 -28.7732 374.915 
8.89e+08 0.0687746 -85.7938 375.338 
8.9e+08 0.0622517 -54.9513 375.76 
8.91e+08 0.0398431 -39.6088 376.182 
8.92e+08 0.0469572 -39.7395 376.604 
8.93e+08 0.0299965 -44.2815 377.027 
8.94e+08 0.0538195 -39.9484 377.449 
8.95e+08 0.0296033 -21.842 377.871 
8.96e+08 0.0372329 -42.7473 378.294 
8.97e+08 0.0401774 -82.9586 378.716 
8.98e+08 0.0376253 -61.8661 379.139 
8.99e+08 0.0334988 -59.8642 379.561 
9e+08 0.0348604 -37.3825 379.984 
9.01e+08 0.0261168 -20.4827 380.407 
9.02e+08 0.0554028 -36.2806 380.829 
9.03e+08 0.0678267 -58.783 381.251 
9.04e+08 0.0574502 -72.8844 381.674 
9.05e+08 0.0534398 -75.8482 382.096 
9.06e+08 0.0168873 -31.5626 382.519 
9.07e+08 0.0417127 -70.708 382.941 
9.08e+08 0.043366 -40.9803 383.363 
9.09e+08 0.0177711 -39.346 383.785 
9.1e+08 0.0226106 -66.7068 384.207 
9.11e+08 0.0991097 -60.4045 384.63 
9.12e+08 0.0434177 -20.2939 385.052 
9.13e+08 0.0392915 -41.8007 385.474 
9.14e+08 0.0323181 -45.379 385.896 
9.15e+08 0.0392987 -28.7098 386.318 
9.16e+08 0.0697989 -80.0648 386.741 
9.17e+08 0.0600053 -23.1712 387.163 
9.18e+08 0.0603798 -49.4211 387.585 
9.19e+08 0.0453434 -47.0265 388.007 
9.2e+08 0.0702746 -103.343 388.43 
9.21e+08 0.032739 -55.5914 388.852 
9.22e+08 0.0273661 -19.2042 389.274 
9.23e+08 0.0310344 -45.2842 389.696 
9.24e+08 0.0415525 -43.2002 390.119 
9.25e+08 0.0190999 -19.0062 390.541 
9.26e+08 0.0358472 -44.1921 390.963 
9.27e+08 0.00671176 -35.391 391.385 
9.28e+08 0.0254106 -45.3912 391.807 
9.29e+08 0.0452022 -66.5721 392.229 
9.3e+08 0.0203164 -32.2024 392.652 
9.31e+08 0.0163697 -51.6998 393.074 
9.32e+08 0.0439513 -81.5095 393.496 
9.33e+08 0.0207693 -87.1433 393.918 
9.34e+08 0.0824441 -61.7865 394.34 
9.35e+08 0.0698195 -59.9831 394.762 
9.36e+08 0.0614246 -14.2357 395.185 
9.37e+08 0.0441996 -39.3336 395.607 
9.38e+08 0.0838951 -58.164 396.029 
9.39e+08 0.0733802 -94.7098 396.451 
9.4e+08 0.0143407 -74.3147 396.873 
9.41e+08 0.0486616 -28.3016 397.295 
9.42e+08 0.0455261 -81.7649 397.717 
9.43e+08 0.0841951 -22.4556 398.139 
9.44e+08 0.0265276 -61.6613 398.561 
9.45e+08 0.0246535 -53.2124 398.984 
9.46e+08 0.0488208 -78.0495 399.406 
9.47e+08 0.023657 -76.9945 399.829 
9.48e+08 0.047622 -30.0018 400.251 
9.49e+08 0.0806793 -37.2253 400.673 
9.5e+08 0.0368407 -19.7502 401.095 
9.51e+08 0.0323431 -50.0495 401.517 
9.52e+08 0.0369685 -15.277 401.939 
9.53e+08 0.043929 -27.3303 402.362 
9.54e+08 0.0579699 -47.7214 402.784 
9.55e+08 0.0579259 -48.2474 403.207 
9.56e+08 0.0462728 -105.578 403.629 
9.57e+08 0.0597175 -44.844 404.051 
9.58e+08 0.0366701 -66.5957 404.473 
9.59e+08 0.0479894 -31.8946 404.895 
9.6e+08 0.0545919 -48.9866 405.317 
9.61e+08 0.0467833 -27.5954 405.739 
9.62e+08 0.0610776 -57.8991 406.162 
9.63e+08 0.0431953 -12.402 406.583 
9.64e+08 0.0279265 -11.376 407.005 
9.65e+08 0.0343369 -39.29 407.428 
9.66e+08 0.0364501 -67.0347 407.85 
9.67e+08 0.0401533 -14.4897 408.272 
9.68e+08 0.0603056 -81.627 408.694 
9.69e+08 0.0193381 -20.7901 409.116 
9.7e+08 0.0186962 -16.5671 409.539 
9.71e+08 0.0414397 -18.1771 409.961 
9.72e+08 0.0190916 -5.28058 410.383 
9.73e+08 0.0357492 -47.6419 410.805 
9.74e+08 0.0502554 -55.4532 411.228 
9.75e+08 0.0694426 -43.834 411.65 
9.76e+08 0.0405869 -57.0541 412.072 
9.77e+08 0.0536863 -101.035 412.495 
9.78e+08 0.0544345 -57.1144 412.917 
9.79e+08 0.062516 -15.0807 413.339 
9.8e+08 0.0581779 -46.0186 413.761 
9.81e+08 0.0347458 -52.5787 414.183 
9.82e+08 0.0397029 -46.974 414.605 
9.83e+08 0.0533477 -57.3836 415.027 
9.84e+08 0.0324972 -21.2999 415.449 
9.85e+08 0.0505694 -24.4949 415.872 
9.86e+08 0.0939944 -69.8608 416.294 
9.87e+08 0.0210817 -20.8476 416.716 
9.88e+08 0.0172858 -81.5005 417.138 
9.89e+08 0.0380665 -27.5299 417.561 
9.9e+08 0.0244461 -24.2165 417.983 
9.91e+08 0.0239212 -40.1869 418.405 
9.92e+08 0.0443472 -42.1575 418.828 
9.93e+08 0.0835742 -53.53 419.251 
9.94e+08 0.0718793 -59.4812 419.673 
9.95e+08 0.0378463 -43.2583 420.095 
9.96e+08 0.0424522 -4.46831 420.517 
9.97e+08 0.0426297 -52.2427 420.939 
9.98e+08 0.0252225 -84.7472 421.361 
9.99e+08 0.0271187 -52.2148 421.784 
1e+09 0.0251949 -61.0335 422.206 
