0 0.028767 -19.1042 0 
1e+06 0.0481122 -56.6423 0.429713 
2e+06 0.0478239 -85.6356 0.859032 
3e+06 0.0119336 -66.5914 1.28788 
4e+06 0.0507688 -48.1268 1.71696 
5e+06 0.036401 -57.5942 2.14737 
6e+06 0.0181636 -43.6924 2.57745 
7e+06 0.0232989 -62.2644 3.00535 
8e+06 0.0550188 -10.8773 3.43494 
9e+06 0.065289 -31.2525 3.86281 
1e+07 0.0248012 -27.312 4.29161 
1.1e+07 0.0166235 -30.5739 4.71951 
1.2e+07 0.0886769 -52.8378 5.14915 
1.3e+07 0.0850033 -42.8779 5.57703 
1.4e+07 0.0126404 -62.3676 6.00128 
1.5e+07 0.0632879 -33.074 6.43044 
1.6e+07 0.0592623 -60.8328 6.86027 
1.7e+07 0.0211611 -40.4014 7.29142 
1.8e+07 0.00998653 -59.5507 7.71868 
1.9e+07 0.0169571 -69.7834 8.14839 
2e+07 0.0302092 -71.2937 8.5791 
2.1e+07 0.0433358 -100.434 9.00445 
2.2e+07 0.0286008 -80.8962 9.43068 
2.3e+07 0.0866544 -63.9421 9.85938 
2.4e+07 0.0234407 -52.7673 10.2886 
2.5e+07 0.0424378 -63.1804 10.7174 
2.6e+07 0.0672598 -44.9997 11.1461 
2.7e+07 0.0207162 -61.7555 11.5711 
2.8e+07 0.0607166 -82.9903 11.9975 
2.9e+07 0.0606203 -40.0716 12.4272 
3e+07 0.0522375 -70.0424 12.8513 
3.1e+07 0.0322581 -57.2258 13.2768 
3.2e+07 0.0464161 -59.2533 13.7033 
3.3e+07 0.043497 -89.0321 14.1314 
3.4e+07 0.0404144 -65.624 14.5606 
3.5e+07 0.0245687 -41.5069 14.9907 
3.6e+07 0.0727173 -91.2928 15.4197 
3.7e+07 0.0477172 -40.0462 15.8489 
3.8e+07 0.0518894 -90.5481 16.2778 
3.9e+07 0.0154409 -55.9388 16.7081 
4e+07 0.0524178 -84.8067 17.1383 
4.1e+07 0.050199 -69.3446 17.5647 
4.2e+07 0.0514554 -70.9778 17.9938 
4.3e+07 0.0505418 -47.4654 18.4226 
4.4e+07 0.0286003 -47.7637 18.851 
4.5e+07 0.0535482 -75.491 19.2807 
4.6e+07 0.0240938 -75.9704 19.7105 
4.7e+07 0.0517796 -57.996 20.1387 
4.8e+07 0.0314295 -20.5586 20.5643 
4.9e+07 0.0223434 -44.0379 20.994 
5e+07 0.0306155 -27.925 21.4217 
5.1e+07 0.0677774 -47.9358 21.8511 
5.2e+07 0.0735194 -17.6359 22.2762 
5.3e+07 0.0593244 -26.3445 22.7021 
5.4e+07 0.0511433 -80.6945 23.1263 
5.5e+07 0.0454912 -53.1828 23.5514 
5.6e+07 0.0370435 -17.1501 23.9787 
5.7e+07 0.0318967 -37.3791 24.4072 
5.8e+07 0.0515518 -54.5765 24.8349 
5.9e+07 0.0214993 -97.2299 25.2632 
6e+07 0.0696133 -48.3271 25.6914 
6.1e+07 0.0644983 -84.4028 26.12 
6.2e+07 0.0457598 -106.394 26.5488 
6.3e+07 0.0246412 -35.5836 26.9782 
6.4e+07 0.0644423 -51.8581 27.4068 
6.5e+07 0.0242 -66.4101 27.8354 
6.6e+07 0.0274669 -57.1796 28.2644 
6.7e+07 0.0403402 -56.8432 28.6958 
6.8e+07 0.0502436 -13.0688 29.1251 
6.9e+07 0.0201777 -57.0407 29.5528 
7e+07 0.053555 -39.6291 29.9784 
7.1e+07 0.0284896 -45.838 30.4052 
7.2e+07 0.0398982 -74.7716 30.8292 
7.3e+07 0.0508908 -60.0385 31.2565 
7.4e+07 0.0331196 -61.6093 31.6848 
7.5e+07 0.0553635 -68.2261 32.1116 
7.6e+07 0.0444983 -69.8688 32.5395 
7.7e+07 0.0443422 -66.4703 32.9688 
7.8e+07 0.0308302 -47.8918 33.3935 
7.9e+07 0.0258839 -66.5569 33.8175 
8e+07 0.0663908 -33.7473 34.2433 
8.1e+07 0.0258425 -66.0394 34.6709 
8.2e+07 0.025193 -43.8733 35.098 
8.3e+07 0.0540499 -83.435 35.5264 
8.4e+07 0.0623209 -34.8018 35.9535 
8.5e+07 0.0513341 -62.2907 36.3806 
8.6e+07 0.0549116 -57.3136 36.8069 
8.7e+07 0.0415949 -55.8376 37.2348 
8.8e+07 0.0592599 -74.3852 37.6632 
8.9e+07 0.0843582 -80.5809 38.0923 
9e+07 0.0404578 -43.4654 38.521 
9.1e+07 0.0909654 -60.6169 38.9448 
9.2e+07 0.0488583 -77.5686 39.3735 
9.3e+07 0.0328264 -61.74 39.8006 
9.4e+07 0.0494433 -73.4723 40.2255 
9.5e+07 0.0567707 -67.772 40.6509 
9.6e+07 0.0789348 -88.1952 41.0778 
9.7e+07 0.0233099 -26.6337 41.5067 
9.8e+07 0.0407619 -40.5266 41.9361 
9.9e+07 0.0331621 -46.6425 42.3633 
1e+08 0.0244183 8.43597 42.7917 
1.01e+08 0.0849212 -66.1844 43.2195 
1.02e+08 0.0953651 -67.4314 43.6477 
1.03e+08 0.0397949 -47.0051 44.0776 
1.04e+08 0.0445656 -72.5721 44.5072 
1.05e+08 0.0408913 -47.1098 44.9321 
1.06e+08 0.0258613 -46.0059 45.36 
1.07e+08 0.0375933 -62.5589 45.7884 
1.08e+08 0.0185401 -57.7732 46.2179 
1.09e+08 0.0327106 -63.1891 46.6471 
1.1e+08 0.0572115 -73.7973 47.0761 
1.11e+08 0.055411 -43.8772 47.5017 
1.12e+08 0.0593688 -50.9717 47.9299 
1.13e+08 0.0344598 -48.8797 48.3603 
1.14e+08 0.0211341 -74.0069 48.7878 
1.15e+08 0.0458397 -60.5949 49.2135 
1.16e+08 0.0658602 -72.3865 49.642 
1.17e+08 0.0216061 -23.4193 50.0665 
1.18e+08 0.0421326 -45.5309 50.4921 
1.19e+08 0.0385968 -62.0964 50.917 
1.2e+08 0.0333637 -39.7302 51.3443 
1.21e+08 0.0552839 -33.2986 51.7721 
1.22e+08 0.0370372 -61.991 52.2 
1.23e+08 0.0828746 -52.6236 52.6286 
1.24e+08 0.0380054 -37.5619 53.0592 
1.25e+08 0.0662945 -79.2277 53.4867 
1.26e+08 0.0281086 -65.9662 53.9151 
1.27e+08 0.0397706 -62.2607 54.3442 
1.28e+08 0.0225702 -84.1384 54.7732 
1.29e+08 0.0255627 -72.2155 55.2043 
1.3e+08 0.0527913 -67.6073 55.6345 
1.31e+08 0.0951704 -63.9581 56.0623 
1.32e+08 0.0591988 -84.1482 56.4897 
1.33e+08 0.0470649 -46.4133 56.9185 
1.34e+08 0.0254902 -44.4302 57.3468 
1.35e+08 0.0200918 -38.1659 57.7726 
1.36e+08 0.0397825 -42.6378 58.2003 
1.37e+08 0.0459458 -56.2493 58.627 
1.38e+08 0.0235283 -3.21757 59.0526 
1.39e+08 0.0596854 -74.0243 59.4787 
1.4e+08 0.0140775 -76.8525 59.9089 
1.41e+08 0.0197968 -120.156 60.3382 
1.42e+08 0.0401841 -46.6551 60.763 
1.43e+08 0.0419857 -66.2414 61.1883 
1.44e+08 0.0622387 -56.4323 61.614 
1.45e+08 0.0257017 -33.4561 62.0418 
1.46e+08 0.035193 -76.8473 62.4715 
1.47e+08 0.0480483 -94.4702 62.9012 
1.48e+08 0.0433112 -14.3902 63.3301 
1.49e+08 0.0320974 -48.2229 63.7558 
1.5e+08 0.0113958 -51.3102 64.1809 
1.51e+08 0.0662767 -25.9105 64.6089 
1.52e+08 0.0616549 -55.4045 65.0359 
1.53e+08 0.0493865 -51.817 65.4648 
1.54e+08 0.0484523 -47.1764 65.8925 
1.55e+08 0.0203176 -62.0544 66.3175 
1.56e+08 0.0699949 -21.3094 66.7464 
1.57e+08 0.042322 -38.3489 67.1767 
1.58e+08 0.0580518 -77.9216 67.6016 
1.59e+08 0.0206351 -11.0732 68.0283 
1.6e+08 0.0581264 -40.5231 68.4574 
1.61e+08 0.0576064 -48.6358 68.8854 
1.62e+08 0.0295512 -49.0691 69.3152 
1.63e+08 0.028618 -23.0616 69.7448 
1.64e+08 0.0448171 -74.5659 70.1723 
1.65e+08 0.0612877 -54.2006 70.6008 
1.66e+08 0.0391977 -25.9708 71.029 
1.67e+08 0.0853667 -49.5967 71.4564 
1.68e+08 0.0343222 -52.6584 71.8855 
1.69e+08 0.0516139 -18.8749 72.3092 
1.7e+08 0.0645933 -26.0704 72.7372 
1.71e+08 0.0623485 -65.0854 73.1658 
1.72e+08 0.0798468 -61.4798 73.5955 
1.73e+08 0.0720508 -90.2111 74.0251 
1.74e+08 0.0317602 -8.42272 74.4541 
1.75e+08 0.0448388 -72.2989 74.8818 
1.76e+08 0.0323777 -95.648 75.3076 
1.77e+08 0.0557766 -69.7414 75.7366 
1.78e+08 0.0480878 -63.6251 76.1661 
1.79e+08 0.0528892 -65.6574 76.594 
1.8e+08 0.044466 -23.9734 77.0203 
1.81e+08 0.0133051 -55.1046 77.446 
1.82e+08 0.0216915 -54.388 77.8708 
1.83e+08 0.0372349 -44.2038 78.298 
1.84e+08 0.027511 -66.6109 78.722 
1.85e+08 0.0126962 -36.3669 79.1564 
1.86e+08 0.0244702 -23.5286 79.5913 
1.87e+08 0.0397686 -86.6928 80.0365 
1.88e+08 0.0505349 -78.8568 80.471 
1.89e+08 0.0665012 -99.8854 80.8945 
1.9e+08 0.0443423 -1.96272 81.3253 
1.91e+08 0.0680247 -30.4888 81.7497 
1.92e+08 0.0509767 -9.0613 82.1789 
1.93e+08 0.0561886 -40.5147 82.6084 
1.94e+08 0.0446609 -88.0702 83.0379 
1.95e+08 0.014052 -56.7058 83.4677 
1.96e+08 0.0651903 -54.8621 83.8965 
1.97e+08 0.0420224 -13.7824 84.3286 
1.98e+08 0.0429363 -65.5857 84.7585 
1.99e+08 0.0387837 -81.3262 85.1878 
2e+08 0.0315354 -61.6523 85.6179 
2.01e+08 0.0572009 -58.6306 86.0477 
2.02e+08 0.050698 -50.6717 86.4793 
2.03e+08 0.098249 -75.4425 86.9068 
2.04e+08 0.0184106 -14.5142 87.3383 
2.05e+08 0.0437028 -1.56775 87.7666 
2.06e+08 0.0288957 -32.2919 88.1936 
2.07e+08 0.0514516 -43.2406 88.6252 
2.08e+08 0.0581065 -34.6837 89.0557 
2.09e+08 0.0462602 -59.762 89.4859 
2.1e+08 0.0205338 -40.8173 89.919 
2.11e+08 0.0587868 -65.4752 90.3515 
2.12e+08 0.0300584 -83.7775 90.7833 
2.13e+08 0.0588368 -14.475 91.2115 
2.14e+08 0.0582784 -97.8675 91.644 
2.15e+08 0.0699905 -66.0841 92.0725 
2.16e+08 0.0707603 -65.0647 92.4973 
2.17e+08 0.0503449 -73.6934 92.9229 
2.18e+08 0.0655133 -21.6649 93.348 
2.19e+08 0.0558086 -40.5723 93.7755 
2.2e+08 0.0615687 -51.2716 94.2046 
2.21e+08 0.0435401 -21.3012 94.6309 
2.22e+08 0.053541 -101.001 95.054 
2.23e+08 0.0296256 -18.772 95.4784 
2.24e+08 0.0236913 -48.066 95.9072 
2.25e+08 0.0374807 -47.813 96.3349 
2.26e+08 0.035093 -11.2949 96.7641 
2.27e+08 0.0577055 -20.1908 97.1941 
2.28e+08 0.051337 -43.8772 97.6186 
2.29e+08 0.0693143 -83.6922 98.0432 
2.3e+08 0.0383006 -19.6432 98.4719 
2.31e+08 0.0210012 -0.62398 98.8996 
2.32e+08 0.0273222 -66.1609 99.3275 
2.33e+08 0.0554186 -32.9144 99.7562 
2.34e+08 0.0382638 -60.0776 100.181 
2.35e+08 0.0544404 -39.588 100.604 
2.36e+08 0.0388591 -46.9487 101.028 
2.37e+08 0.0474068 -58.4165 101.456 
2.38e+08 0.0634245 -56.6051 101.883 
2.39e+08 0.0501878 -53.0552 102.306 
2.4e+08 0.0436807 -9.74083 102.736 
2.41e+08 0.0351462 -28.4604 103.165 
2.42e+08 0.037995 -56.7921 103.595 
2.43e+08 0.0589696 -51.1587 104.022 
2.44e+08 0.0608119 -61.5873 104.45 
2.45e+08 0.0221926 -55.8683 104.879 
2.46e+08 0.0317643 -59.1717 105.311 
2.47e+08 0.0652674 -31.8044 105.741 
2.48e+08 0.05118 -36.9982 106.171 
2.49e+08 0.0575487 -81.4647 106.599 
2.5e+08 0.0377135 -43.605 107.03 
2.51e+08 0.0459914 -78.5523 107.461 
2.52e+08 0.0829728 -22.6362 107.89 
2.53e+08 0.0250149 -78.9746 108.317 
2.54e+08 0.0658147 -48.4082 108.745 
2.55e+08 0.0642555 -77.0579 109.176 
2.56e+08 0.0801224 -60.8578 109.601 
2.57e+08 0.0395623 -35.7831 110.033 
2.58e+08 0.0373733 -36.6995 110.464 
2.59e+08 0.0426098 -51.9312 110.893 
2.6e+08 0.0555519 -72.8934 111.323 
2.61e+08 0.0665439 -15.1605 111.751 
2.62e+08 0.0780593 -71.7935 112.178 
2.63e+08 0.0575047 -43.6521 112.606 
2.64e+08 0.0305239 -47.1192 113.036 
2.65e+08 0.02808 -47.6409 113.465 
2.66e+08 0.04178 -4.04292 113.895 
2.67e+08 0.0718094 -87.6987 114.327 
2.68e+08 0.025016 -50.5094 114.755 
2.69e+08 0.0451594 -94.1692 115.185 
2.7e+08 0.0824151 -88.9644 115.614 
2.71e+08 0.0294986 -44.843 116.045 
2.72e+08 0.0174564 -38.1119 116.475 
2.73e+08 0.0479585 -22.4696 116.907 
2.74e+08 0.041347 -1.08578 117.337 
2.75e+08 0.0345156 -26.5802 117.765 
2.76e+08 0.0247019 -54.819 118.196 
2.77e+08 0.0309324 -64.5977 118.627 
2.78e+08 0.0532948 -23.6517 119.057 
2.79e+08 0.0281919 -63.023 119.483 
2.8e+08 0.0668891 -65.2768 119.911 
2.81e+08 0.0144944 -56.8027 120.341 
2.82e+08 0.041232 -57.3024 120.769 
2.83e+08 0.0540359 -71.7006 121.198 
2.84e+08 0.0544483 -104.954 121.627 
2.85e+08 0.0162334 -89.0256 122.055 
2.86e+08 0.0697773 -59.109 122.485 
2.87e+08 0.0337029 -37.4575 122.914 
2.88e+08 0.0711934 -104.954 123.343 
2.89e+08 0.0634418 -36.824 123.769 
2.9e+08 0.0543803 -72.5697 124.201 
2.91e+08 0.0329837 -39.7637 124.629 
2.92e+08 0.0342007 -47.4645 125.054 
2.93e+08 0.0533724 -65.4699 125.484 
2.94e+08 0.0193072 -68.3937 125.913 
2.95e+08 0.0229826 -47.3185 126.343 
2.96e+08 0.0298766 -86.1323 126.77 
2.97e+08 0.0320872 -28.4972 127.197 
2.98e+08 0.0277802 -24.9936 127.621 
2.99e+08 0.0467394 -42.2064 128.046 
3e+08 0.0338851 -65.9887 128.471 
3.01e+08 0.044601 -83.6857 128.896 
3.02e+08 0.0577776 -68.443 129.32 
3.03e+08 0.0582336 -36.6374 129.744 
3.04e+08 0.0652697 -55.6142 130.172 
3.05e+08 0.041022 -56.4961 130.6 
3.06e+08 0.0248787 -42.8063 131.03 
3.07e+08 0.0339452 -47.3293 131.458 
3.08e+08 0.0584895 -72.5886 131.883 
3.09e+08 0.0230199 -52.8471 132.309 
3.1e+08 0.0507617 -79.854 132.737 
3.11e+08 0.0512132 -59.1201 133.165 
3.12e+08 0.061089 -11.8907 133.594 
3.13e+08 0.0331014 -25.5414 134.022 
3.14e+08 0.0525183 -87.1894 134.45 
3.15e+08 0.0357855 -47.2848 134.88 
3.16e+08 0.0506144 -40.4297 135.309 
3.17e+08 0.0710794 -53.5467 135.74 
3.18e+08 0.0493328 -78.2058 136.169 
3.19e+08 0.0504816 -58.1219 136.598 
3.2e+08 0.0499384 -63.3403 137.026 
3.21e+08 0.0469246 -31.0409 137.454 
3.22e+08 0.0486571 -39.5872 137.884 
3.23e+08 0.0126922 -55.2131 138.309 
3.24e+08 0.043232 -52.328 138.739 
3.25e+08 0.0695945 -57.9708 139.165 
3.26e+08 0.0774682 -75.8266 139.59 
3.27e+08 0.0110156 13.6059 140.015 
3.28e+08 0.0608364 3.32006 140.444 
3.29e+08 0.0511523 -58.2468 140.874 
3.3e+08 0.0205136 -64.3724 141.302 
3.31e+08 0.0554671 11.8415 141.731 
3.32e+08 0.0659317 -76.2093 142.163 
3.33e+08 0.0190004 -86.1861 142.593 
3.34e+08 0.0496915 -21.1135 143.023 
3.35e+08 0.0421854 -44.6776 143.453 
3.36e+08 0.0454749 -74.633 143.882 
3.37e+08 0.0585183 -97.7984 144.312 
3.38e+08 0.0355815 -23.6248 144.743 
3.39e+08 0.0592639 -25.7068 145.175 
3.4e+08 0.0527515 -37.1244 145.606 
3.41e+08 0.0390555 -37.4978 146.036 
3.42e+08 0.0341143 -78.8545 146.464 
3.43e+08 0.0618001 -41.5602 146.896 
3.44e+08 0.0811971 -101.033 147.327 
3.45e+08 0.0122349 -15.4525 147.755 
3.46e+08 0.0662476 -17.3138 148.185 
3.47e+08 0.0276118 -22.0149 148.615 
3.48e+08 0.0443611 -52.0175 149.042 
3.49e+08 0.0350212 -30.608 149.472 
3.5e+08 0.0717376 -52.4267 149.9 
3.51e+08 0.0171083 -40.6231 150.33 
3.52e+08 0.0357218 -33.9816 150.759 
3.53e+08 0.0428621 -60.1995 151.19 
3.54e+08 0.0649279 -62.8942 151.62 
3.55e+08 0.0493555 -67.1191 152.049 
3.56e+08 0.0378095 -46.9553 152.479 
3.57e+08 0.0575633 -19.6944 152.908 
3.58e+08 0.0388057 -27.4404 153.336 
3.59e+08 0.0145774 -45.4824 153.765 
3.6e+08 0.067613 -66.3002 154.193 
3.61e+08 0.0384051 -45.8163 154.622 
3.62e+08 0.0757023 -48.9218 155.05 
3.63e+08 0.0622519 -50.5532 155.473 
3.64e+08 0.0625758 -7.02862 155.898 
3.65e+08 0.0402394 -41.3382 156.327 
3.66e+08 0.0776035 -46.1543 156.751 
3.67e+08 0.0520043 -34.7717 157.177 
3.68e+08 0.0570125 -73.6033 157.601 
3.69e+08 0.048243 -45.6287 158.03 
3.7e+08 0.0237697 -32.1435 158.461 
3.71e+08 0.0378948 -18.9019 158.888 
3.72e+08 0.026805 -32.2412 159.312 
3.73e+08 0.0852796 -107.609 159.739 
3.74e+08 0.0601853 -54.0678 160.168 
3.75e+08 0.0301831 -35.3044 160.597 
3.76e+08 0.0964159 -36.5966 161.022 
3.77e+08 0.0385396 -69.456 161.448 
3.78e+08 0.0806059 -31.4518 161.873 
3.79e+08 0.0592802 -90.2742 162.303 
3.8e+08 0.0423215 -61.8087 162.732 
3.81e+08 0.0565201 -64.2355 163.161 
3.82e+08 0.0706833 -42.0865 163.589 
3.83e+08 0.0426973 1.70018 164.02 
3.84e+08 0.0480917 -45.7237 164.445 
3.85e+08 0.0184922 -49.7261 164.872 
3.86e+08 0.0303779 -17.0168 165.302 
3.87e+08 0.0440515 -50.7067 165.73 
3.88e+08 0.040858 -75.2667 166.156 
3.89e+08 0.0506748 -52.9418 166.582 
3.9e+08 0.0138081 -72.9226 167.007 
3.91e+08 0.043281 -78.1866 167.433 
3.92e+08 0.0246492 -33.4298 167.861 
3.93e+08 0.0174534 -49.3466 168.289 
3.94e+08 0.0588291 -44.935 168.716 
3.95e+08 0.0264325 -42.2525 169.146 
3.96e+08 0.0339859 -101.732 169.573 
3.97e+08 0.0755918 8.74707 170.002 
3.98e+08 0.085881 -67.9389 170.432 
3.99e+08 0.0403641 -40.4173 170.863 
4e+08 0.0150678 -23.4023 171.292 
4.01e+08 0.0281372 -28.7039 171.722 
4.02e+08 0.0222354 -11.7828 172.151 
4.03e+08 0.0721671 -65.2807 172.582 
4.04e+08 0.0275824 -51.1262 173.013 
4.05e+08 0.0656998 -91.2008 173.444 
4.06e+08 0.0173053 -23.2835 173.876 
4.07e+08 0.0240903 -46.2983 174.306 
4.08e+08 0.10128 -54.9683 174.733 
4.09e+08 0.03768 -47.4758 175.165 
4.1e+08 0.0458355 -45.8236 175.594 
4.11e+08 0.0281331 -112.577 176.023 
4.12e+08 0.0372489 -29.6739 176.452 
4.13e+08 0.0257586 -49.6277 176.88 
4.14e+08 0.0481457 -49.3712 177.31 
4.15e+08 0.0373331 -37.8714 177.738 
4.16e+08 0.0258048 -8.47607 178.167 
4.17e+08 0.0772435 -83.2604 178.597 
4.18e+08 0.0283921 -49.6378 179.025 
4.19e+08 0.0404277 -127.001 179.454 
4.2e+08 0.0225702 -46.5069 179.884 
4.21e+08 0.0346753 -62.3893 180.312 
4.22e+08 0.0353841 -38.3381 180.741 
4.23e+08 0.0577977 -46.2714 181.172 
4.24e+08 0.0338497 26.8849 181.6 
4.25e+08 0.0335946 -55.1974 182.029 
4.26e+08 0.0505459 -71.5189 182.455 
4.27e+08 0.0480456 -70.0881 182.881 
4.28e+08 0.0505763 -37.8063 183.307 
4.29e+08 0.0597569 -74.3797 183.732 
4.3e+08 0.0265848 -37.3902 184.155 
4.31e+08 0.0329919 -5.97588 184.578 
4.32e+08 0.0221548 -83.1547 185.003 
4.33e+08 0.027629 -43.705 185.429 
4.34e+08 0.027718 -51.0562 185.855 
4.35e+08 0.0356591 -80.7116 186.284 
4.36e+08 0.0232255 -70.4422 186.71 
4.37e+08 0.0994061 -73.1662 187.133 
4.38e+08 0.0579248 -60.1218 187.56 
4.39e+08 0.0516823 -34.2653 187.989 
4.4e+08 0.0570458 -56.6818 188.416 
4.41e+08 0.0363016 -43.4128 188.842 
4.42e+08 0.0371655 -43.5926 189.27 
4.43e+08 0.0271205 -38.5849 189.697 
4.44e+08 0.0545752 -55.6961 190.124 
4.45e+08 0.0362243 -28.6853 190.553 
4.46e+08 0.0639162 -72.4503 190.98 
4.47e+08 0.0366879 -2.13284 191.41 
4.48e+08 0.0257968 -60.3901 191.836 
4.49e+08 0.0315804 -37.0396 192.265 
4.5e+08 0.00760323 -61.2381 192.693 
4.51e+08 0.0592881 -71.2806 193.123 
4.52e+08 0.0466604 -58.6892 193.547 
4.53e+08 0.0613801 -47.837 193.973 
4.54e+08 0.0271182 -62.1761 194.399 
4.55e+08 0.0302533 -10.3616 194.824 
4.56e+08 0.0659027 -41.5217 195.25 
4.57e+08 0.0665767 -19.973 195.678 
4.58e+08 0.0428302 -46.7132 196.104 
4.59e+08 0.034655 -46.5636 196.534 
4.6e+08 0.0269808 -73.5899 196.963 
4.61e+08 0.0567448 -33.2395 197.391 
4.62e+08 0.0211128 -35.6952 197.817 
4.63e+08 0.0428459 -65.3561 198.246 
4.64e+08 0.0361897 -38.3558 198.675 
4.65e+08 0.0361306 -86.9666 199.105 
4.66e+08 0.0500412 -86.1373 199.533 
4.67e+08 0.0390181 -36.5936 199.962 
4.68e+08 0.0474984 -51.4826 200.391 
4.69e+08 0.0469407 -68.2313 200.818 
4.7e+08 0.0277883 -60.6856 201.249 
4.71e+08 0.0571286 -82.6955 201.679 
4.72e+08 0.0560657 -49.3661 202.11 
4.73e+08 0.0545201 -50.3284 202.538 
4.74e+08 0.0484682 -75.605 202.967 
4.75e+08 0.0482957 -95.3075 203.397 
4.76e+08 0.0228551 -69.788 203.825 
4.77e+08 0.0395348 -27.2052 204.254 
4.78e+08 0.0478945 -53.7381 204.682 
4.79e+08 0.0523503 -72.3149 205.105 
4.8e+08 0.0977432 -60.7695 205.529 
4.81e+08 0.084826 -85.9883 205.963 
4.82e+08 0.0352299 -54.3246 206.398 
4.83e+08 0.0622336 -69.5986 206.833 
4.84e+08 0.0435909 -42.2687 207.267 
4.85e+08 0.0390133 4.87503 207.699 
4.86e+08 0.03932 -69.588 208.123 
4.87e+08 0.0457837 -87.2093 208.547 
4.88e+08 0.0630237 -92.9711 208.972 
4.89e+08 0.047159 -39.168 209.398 
4.9e+08 0.0304468 -62.5723 209.825 
4.91e+08 0.0267936 -57.3104 210.253 
4.92e+08 0.0374853 -60.2383 210.678 
4.93e+08 0.0570712 -47.087 211.107 
4.94e+08 0.0280183 -33.7088 211.536 
4.95e+08 0.0843743 -47.687 211.967 
4.96e+08 0.0824326 -87.0893 212.397 
4.97e+08 0.0541297 -51.1794 212.828 
4.98e+08 0.047008 -85.8223 213.257 
4.99e+08 0.0377044 -58.0064 213.687 
5e+08 0.0670144 -57.9449 214.114 
5.01e+08 0.0841715 -60.041 214.539 
5.02e+08 0.0598143 -38.3784 214.97 
5.03e+08 0.0964692 -71.0148 215.399 
5.04e+08 0.0343011 -39.7836 215.828 
5.05e+08 0.0331221 -20.1684 216.254 
5.06e+08 0.0219582 -41.2543 216.679 
5.07e+08 0.0802076 -48.3871 217.104 
5.08e+08 0.0301166 -10.1828 217.532 
5.09e+08 0.0530481 -33.1053 217.959 
5.1e+08 0.0704556 -74.5402 218.382 
5.11e+08 0.0410696 -56.7461 218.807 
5.12e+08 0.0339539 -80.6803 219.232 
5.13e+08 0.071908 -77.619 219.66 
5.14e+08 0.0212988 -59.5797 220.088 
5.15e+08 0.0217279 -49.1756 220.518 
5.16e+08 0.022409 -46.5995 220.942 
5.17e+08 0.0257161 -45.749 221.367 
5.18e+08 0.0245911 -60.1135 221.796 
5.19e+08 0.0466797 -33.3379 222.225 
5.2e+08 0.0385598 -47.9462 222.656 
5.21e+08 0.0141972 -22.3801 223.081 
5.22e+08 0.0605063 -38.0913 223.509 
5.23e+08 0.0600872 -59.4628 223.934 
5.24e+08 0.0529301 -92.8758 224.358 
5.25e+08 0.0383393 -74.5596 224.786 
5.26e+08 0.0255973 -50.3162 225.214 
5.27e+08 0.0250335 -57.1476 225.642 
5.28e+08 0.0692767 -75.3184 226.071 
5.29e+08 0.0282518 -40.4919 226.496 
5.3e+08 0.0323844 -65.3299 226.925 
5.31e+08 0.0638186 -41.2353 227.355 
5.32e+08 0.0246203 -71.0334 227.785 
5.33e+08 0.0357581 -21.6552 228.21 
5.34e+08 0.0922106 -82.1431 228.633 
5.35e+08 0.0699159 -78.8581 229.061 
5.36e+08 0.0601253 -45.4663 229.492 
5.37e+08 0.0204139 -75.3503 229.92 
5.38e+08 0.0461241 -30.8303 230.349 
5.39e+08 0.0458753 -65.5982 230.78 
5.4e+08 0.0475922 -68.9064 231.209 
5.41e+08 0.0620003 -30.3909 231.639 
5.42e+08 0.0305609 -54.1272 232.069 
5.43e+08 0.0465354 -32.8901 232.499 
5.44e+08 0.0473146 -53.287 232.931 
5.45e+08 0.0322512 -42.1827 233.362 
5.46e+08 0.0536583 -53.981 233.794 
5.47e+08 0.0332221 -44.6931 234.224 
5.48e+08 0.0347315 -79.1504 234.655 
5.49e+08 0.0741464 -74.481 235.087 
5.5e+08 0.0337399 -57.6236 235.519 
5.51e+08 0.0380551 -47.481 235.95 
5.52e+08 0.0384455 -65.5091 236.38 
5.53e+08 0.0379084 -81.7951 236.804 
5.54e+08 0.0368549 -40.5652 237.233 
5.55e+08 0.0319832 -73.4599 237.663 
5.56e+08 0.0288163 -78.8821 238.089 
5.57e+08 0.0144801 -50.2729 238.518 
5.58e+08 0.0605416 -40.0899 238.946 
5.59e+08 0.0227831 -74.4372 239.374 
5.6e+08 0.0440841 -25.1742 239.803 
5.61e+08 0.0460047 -21.1621 240.232 
5.62e+08 0.0796589 -29.5388 240.661 
5.63e+08 0.0592026 -66.1896 241.091 
5.64e+08 0.0574401 -80.3566 241.519 
5.65e+08 0.0238983 -42.8105 241.949 
5.66e+08 0.0469933 -88.2892 242.38 
5.67e+08 0.0307424 -79.4313 242.809 
5.68e+08 0.0629787 -46.1545 243.24 
5.69e+08 0.0279447 -57.4078 243.671 
5.7e+08 0.023434 -47.064 244.1 
5.71e+08 0.0145425 -43.2885 244.529 
5.72e+08 0.0370855 -36.1469 244.956 
5.73e+08 0.0172595 -9.34642 245.383 
5.74e+08 0.0306107 -24.5729 245.813 
5.75e+08 0.0403234 -60.7647 246.244 
5.76e+08 0.0258703 -25.3122 246.674 
5.77e+08 0.0840496 -75.1556 247.102 
5.78e+08 0.0589191 -14.8066 247.53 
5.79e+08 0.0141552 -92.3104 247.958 
5.8e+08 0.0313774 -50.4484 248.386 
5.81e+08 0.0360191 -69.2722 248.813 
5.82e+08 0.0524408 -83.0952 249.241 
5.83e+08 0.0427478 5.77092 249.671 
5.84e+08 0.0159109 -13.8604 250.101 
5.85e+08 0.0228559 -52.1901 250.53 
5.86e+08 0.0348787 -47.7109 250.955 
5.87e+08 0.049586 -49.8744 251.383 
5.88e+08 0.0436773 -40.1873 251.811 
5.89e+08 0.0463709 -41.8215 252.236 
5.9e+08 0.0637041 -57.9153 252.66 
5.91e+08 0.104092 -48.4488 253.088 
5.92e+08 0.0220237 -75.0221 253.514 
5.93e+08 0.0283302 -59.8985 253.94 
5.94e+08 0.0635406 -61.2933 254.369 
5.95e+08 0.00832669 -38.0631 254.795 
5.96e+08 0.0217304 -57.0565 255.223 
5.97e+08 0.0385104 -62.4463 255.646 
5.98e+08 0.0300461 -54.8464 256.071 
5.99e+08 0.082749 -96.4256 256.495 
6e+08 0.0495497 -80.0136 256.92 
6.01e+08 0.0322471 -43.1116 257.344 
6.02e+08 0.0517203 -25.2145 257.771 
6.03e+08 0.0553037 -42.5721 258.196 
6.04e+08 0.0547711 -64.5295 258.624 
6.05e+08 0.0688697 -62.581 259.051 
6.06e+08 0.053631 -55.5708 259.479 
6.07e+08 0.0360768 -42.0014 259.906 
6.08e+08 0.0359326 -85.225 260.336 
6.09e+08 0.0868115 6.18898 260.763 
6.1e+08 0.0439012 -110.494 261.192 
6.11e+08 0.0467233 -34.7605 261.619 
6.12e+08 0.0527481 -30.6613 262.051 
6.13e+08 0.0773203 -70.2547 262.48 
6.14e+08 0.0346945 -44.6679 262.91 
6.15e+08 0.0310105 -80.2304 263.341 
6.16e+08 0.0338326 -55.4356 263.77 
6.17e+08 0.0579858 -71.1446 264.197 
6.18e+08 0.0372193 -29.2846 264.627 
6.19e+08 0.0754454 -26.6023 265.058 
6.2e+08 0.0473096 -35.0745 265.487 
6.21e+08 0.052454 12.3895 265.916 
6.22e+08 0.0531075 -67.8482 266.344 
6.23e+08 0.0328822 -44.4959 266.771 
6.24e+08 0.0245599 -22.903 267.201 
6.25e+08 0.050126 -38.1417 267.628 
6.26e+08 0.0394051 -42.6409 268.058 
6.27e+08 0.0260104 -38.0923 268.488 
6.28e+08 0.0759418 -40.9539 268.918 
6.29e+08 0.0239817 -48.6125 269.346 
6.3e+08 0.0355142 -49.663 269.775 
6.31e+08 0.0558135 -43.6326 270.204 
6.32e+08 0.0647903 -55.7214 270.631 
6.33e+08 0.0215618 -57.1851 271.06 
6.34e+08 0.055102 -34.6593 271.487 
6.35e+08 0.0657198 -72.7957 271.917 
6.36e+08 0.0407686 -68.7738 272.344 
6.37e+08 0.0811317 -66.3275 272.776 
6.38e+08 0.0205288 -51.9637 273.206 
6.39e+08 0.0469283 -74.9251 273.637 
6.4e+08 0.0465427 -50.0038 274.067 
6.41e+08 0.0160018 -108.225 274.499 
6.42e+08 0.0370122 -58.5753 274.927 
6.43e+08 0.0491824 -62.5062 275.358 
6.44e+08 0.00665812 -64.0125 275.787 
6.45e+08 0.0525999 -47.8981 276.215 
6.46e+08 0.0403172 -56.6493 276.644 
6.47e+08 0.0556275 -63.1606 277.072 
6.48e+08 0.0347484 -79.4819 277.5 
6.49e+08 0.0181939 -17.8627 277.926 
6.5e+08 0.0314832 -22.9456 278.353 
6.51e+08 0.0552109 -37.0847 278.781 
6.52e+08 0.0398535 -26.8546 279.207 
6.53e+08 0.0749615 -30.1973 279.635 
6.54e+08 0.0548402 -20.865 280.062 
6.55e+08 0.0466694 -45.7742 280.492 
6.56e+08 0.060115 -35.3973 280.92 
6.57e+08 0.0430566 -71.2383 281.345 
6.58e+08 0.0517066 -86.3139 281.773 
6.59e+08 0.049498 -88.5733 282.203 
6.6e+08 0.0276627 -73.1081 282.633 
6.61e+08 0.0396782 -59.6055 283.058 
6.62e+08 0.0485973 -62.3429 283.483 
6.63e+08 0.0472923 -64.3174 283.907 
6.64e+08 0.0499865 -43.2152 284.335 
6.65e+08 0.0376382 -38.1342 284.761 
6.66e+08 0.0230951 -39.2759 285.185 
6.67e+08 0.0244986 -90.8075 285.612 
6.68e+08 0.0225411 -29.2444 286.037 
6.69e+08 0.0659912 -34.8529 286.462 
6.7e+08 0.0706138 -36.7092 286.885 
6.71e+08 0.0646719 -42.1622 287.31 
6.72e+08 0.0356481 -115.804 287.736 
6.73e+08 0.0549068 -68.1475 288.164 
6.74e+08 0.0316791 -62.2861 288.592 
6.75e+08 0.0329398 -11.9836 289.022 
6.76e+08 0.0397186 -36.6333 289.452 
6.77e+08 0.0446699 -56.374 289.879 
6.78e+08 0.0614695 -88.6104 290.308 
6.79e+08 0.0126669 -11.0674 290.738 
6.8e+08 0.0270729 -43.4677 291.167 
6.81e+08 0.0324649 -97.4013 291.595 
6.82e+08 0.0705924 -56.9251 292.027 
6.83e+08 0.037647 -19.0695 292.457 
6.84e+08 0.0515913 -22.1748 292.887 
6.85e+08 0.0299513 -39.6659 293.319 
6.86e+08 0.0627859 -64.3109 293.744 
6.87e+08 0.03935 -51.3762 294.174 
6.88e+08 0.0485428 -38.8531 294.603 
6.89e+08 0.0350575 -65.981 295.033 
6.9e+08 0.0352346 -72.1489 295.464 
6.91e+08 0.0656609 -54.053 295.893 
6.92e+08 0.036403 -51.8234 296.322 
6.93e+08 0.0545866 -51.0071 296.75 
6.94e+08 0.0812778 -70.08 297.18 
6.95e+08 0.0618278 -48.8077 297.609 
6.96e+08 0.0316331 -48.516 298.035 
6.97e+08 0.0522801 -38.9043 298.462 
6.98e+08 0.0343994 -44.6019 298.893 
6.99e+08 0.0549905 -54.0628 299.321 
7e+08 0.0206389 -103.674 299.749 
7.01e+08 0.0451499 -20.8454 300.178 
7.02e+08 0.0320082 -72.9202 300.607 
7.03e+08 0.0456025 -45.6269 301.037 
7.04e+08 0.0492462 -47.1583 301.467 
7.05e+08 0.0542679 0.965175 301.894 
7.06e+08 0.0551533 -41.5728 302.322 
7.07e+08 0.0810419 -62.0702 302.752 
7.08e+08 0.056545 -40.2893 303.182 
7.09e+08 0.0722302 -41.6568 303.61 
7.1e+08 0.0535608 -40.02 304.038 
7.11e+08 0.0535875 -70.6155 304.468 
7.12e+08 0.0868737 -47.6209 304.895 
7.13e+08 0.0384218 -35.1089 305.323 
7.14e+08 0.0623436 -75.5645 305.75 
7.15e+08 0.0187483 -50.3445 306.178 
7.16e+08 0.0369828 -72.2978 306.608 
7.17e+08 0.0592907 -4.14903 307.037 
7.18e+08 0.0442331 -70.8187 307.464 
7.19e+08 0.0528553 -89.2925 307.892 
7.2e+08 0.0429979 -27.1598 308.32 
7.21e+08 0.035346 -23.4084 308.75 
7.22e+08 0.0503245 -57.207 309.177 
7.23e+08 0.0406748 -43.321 309.605 
7.24e+08 0.0234025 -64.1935 310.034 
7.25e+08 0.0442694 -42.1106 310.459 
7.26e+08 0.0254317 -54.674 310.884 
7.27e+08 0.0308671 -43.7716 311.309 
7.28e+08 0.0665652 -62.4947 311.738 
7.29e+08 0.0262716 -72.6198 312.165 
7.3e+08 0.0646206 -14.9067 312.59 
7.31e+08 0.0405856 -55.669 313.018 
7.32e+08 0.0525227 -66.894 313.443 
7.33e+08 0.018393 -88.7076 313.867 
7.34e+08 0.0516123 -25.2045 314.291 
7.35e+08 0.053532 -54.7543 314.715 
7.36e+08 0.0262495 -11.5419 315.141 
7.37e+08 0.024478 -79.3313 315.57 
7.38e+08 0.054761 -46.1898 315.997 
7.39e+08 0.0369376 -24.7128 316.426 
7.4e+08 0.0326572 -41.6105 316.854 
7.41e+08 0.0493221 -59.7852 317.283 
7.42e+08 0.0144786 -32.011 317.712 
7.43e+08 0.0738673 -44.0343 318.141 
7.44e+08 0.052782 -53.472 318.571 
7.45e+08 0.0484391 -20.8949 319.001 
7.46e+08 0.0359478 -4.41254 319.431 
7.47e+08 0.0365643 -27.4621 319.86 
7.48e+08 0.0337895 -62.1815 320.29 
7.49e+08 0.0292573 -11.4673 320.72 
7.5e+08 0.0623835 -50.9043 321.146 
7.51e+08 0.0753149 -48.2436 321.574 
7.52e+08 0.0207495 -64.1316 322.002 
7.53e+08 0.0224786 -55.4942 322.431 
7.54e+08 0.0475627 -32.5015 322.86 
7.55e+08 0.0612657 -55.578 323.292 
7.56e+08 0.0363645 -43.4512 323.721 
7.57e+08 0.0393307 -71.5415 324.148 
7.58e+08 0.0343023 -51.4491 324.577 
7.59e+08 0.0186216 -76.9509 325.005 
7.6e+08 0.0168875 -73.3323 325.434 
7.61e+08 0.0332784 -53.1169 325.864 
7.62e+08 0.0362639 -15.8771 326.295 
7.63e+08 0.0359505 -73.14 326.723 
7.64e+08 0.0582139 -44.8818 327.153 
7.65e+08 0.0442437 -81.9659 327.583 
7.66e+08 0.0665871 -76.469 328.014 
7.67e+08 0.0482734 -9.66076 328.443 
7.68e+08 0.014937 -16.6088 328.87 
7.69e+08 0.0906789 -73.5361 329.3 
7.7e+08 0.0404898 -37.3081 329.732 
7.71e+08 0.014746 -43.7497 330.16 
7.72e+08 0.00477578 -33.7299 330.589 
7.73e+08 0.047056 -58.0395 331.016 
7.74e+08 0.0379745 -38.7045 331.443 
7.75e+08 0.0321959 -24.1994 331.872 
7.76e+08 0.0146868 -46.1155 332.301 
7.77e+08 0.0119067 -47.7573 332.724 
7.78e+08 0.0438356 -126.909 333.151 
7.79e+08 0.0545281 -26.2893 333.591 
7.8e+08 0.0461994 -47.5972 334.031 
7.81e+08 0.0438008 -39.9043 334.47 
7.82e+08 0.0507983 -84.4885 334.894 
7.83e+08 0.046178 -43.845 335.323 
7.84e+08 0.0616419 -17.459 335.75 
7.85e+08 0.0569368 -25.0438 336.176 
7.86e+08 0.0375248 -47.8859 336.6 
7.87e+08 0.0567812 -66.7225 337.028 
7.88e+08 0.00918107 -40.1761 337.456 
7.89e+08 0.0319895 -45.7603 337.882 
7.9e+08 0.0378993 -38.943 338.307 
7.91e+08 0.0339639 -46.0658 338.734 
7.92e+08 0.0658011 -67.219 339.159 
7.93e+08 0.0459701 -60.9759 339.586 
7.94e+08 0.0368008 -34.4958 340.013 
7.95e+08 0.0749758 -41.9652 340.444 
7.96e+08 0.0517776 -59.793 340.874 
7.97e+08 0.0242485 -65.426 341.305 
7.98e+08 0.105807 -49.8207 341.733 
7.99e+08 0.0196856 -18.5031 342.164 
8e+08 0.0512641 -45.5253 342.594 
8.01e+08 0.0385581 -18.825 343.023 
8.02e+08 0.0502998 -62.6886 343.454 
8.03e+08 0.0373043 -76.417 343.883 
8.04e+08 0.0237621 -36.9666 344.316 
8.05e+08 0.0498865 -34.0614 344.747 
8.06e+08 0.0323779 -47.7941 345.172 
8.07e+08 0.0373204 -6.85462 345.595 
8.08e+08 0.0336567 -75.6732 346.021 
8.09e+08 0.0256926 -63.9754 346.447 
8.1e+08 0.0332469 -45.9486 346.87 
8.11e+08 0.0392598 -17.1818 347.295 
8.12e+08 0.0274704 -45.2743 347.719 
8.13e+08 0.0435302 -97.1116 348.143 
8.14e+08 0.0276235 -53.3166 348.567 
8.15e+08 0.0265188 -55.6343 348.99 
8.16e+08 0.0274808 -2.86573 349.417 
8.17e+08 0.0435466 -72.0607 349.846 
8.18e+08 0.0449259 -66.5204 350.276 
8.19e+08 0.0467088 -36.6688 350.707 
8.2e+08 0.0732134 -85.6081 351.138 
8.21e+08 0.0381634 -13.7631 351.566 
8.22e+08 0.0748894 -52.8045 351.997 
8.23e+08 0.0338061 -70.2997 352.423 
8.24e+08 0.0416448 -86.1068 352.855 
8.25e+08 0.0554492 -43.5006 353.286 
8.26e+08 0.0389466 -27.0882 353.717 
8.27e+08 0.0512611 -46.5012 354.148 
8.28e+08 0.10343 -102.761 354.578 
8.29e+08 0.0144718 -44.7767 355.01 
8.3e+08 0.0398247 -66.3928 355.442 
8.31e+08 0.0774139 -55.9472 355.873 
8.32e+08 0.0335271 -33.639 356.306 
8.33e+08 0.0361372 -54.0436 356.739 
8.34e+08 0.048815 -39.8772 357.166 
8.35e+08 0.0325509 -42.4165 357.597 
8.36e+08 0.0437545 -40.009 358.029 
8.37e+08 0.0623644 -89.738 358.459 
8.38e+08 0.0757946 -39.3611 358.892 
8.39e+08 0.0818336 -71.0028 359.324 
8.4e+08 0.0186091 -69.032 359.753 
8.41e+08 0.0464268 -53.6512 360.186 
8.42e+08 0.0578328 -43.9534 360.617 
8.43e+08 0.0291086 -85.4216 361.046 
8.44e+08 0.0199438 -39.4587 361.476 
8.45e+08 0.0859103 -89.3591 361.907 
8.46e+08 0.0590176 -44.0269 362.338 
8.47e+08 0.0724105 -46.2998 362.767 
8.48e+08 0.0354244 -35.0083 363.197 
8.49e+08 0.0452926 -82.8332 363.63 
8.5e+08 0.0303595 -71.0985 364.061 
8.51e+08 0.0425118 -82.9332 364.491 
8.52e+08 0.054797 -67.0924 364.923 
8.53e+08 0.0621803 -18.7557 365.354 
8.54e+08 0.0850353 -33.3253 365.786 
8.55e+08 0.0483049 -99.8205 366.217 
8.56e+08 0.0434772 -69.8342 366.649 
8.57e+08 0.0284555 -34.0138 367.077 
8.58e+08 0.0786893 -27.863 367.51 
8.59e+08 0.0619286 -25.6555 367.94 
8.6e+08 0.0679079 -30.9228 368.372 
8.61e+08 0.0204989 -116.604 368.802 
8.62e+08 0.0366224 -74.5157 369.231 
8.63e+08 0.0294791 -27.5396 369.66 
8.64e+08 0.0714572 -47.6472 370.09 
8.65e+08 0.0453571 -71.8224 370.52 
8.66e+08 0.0586737 -72.1814 370.949 
8.67e+08 0.0548555 -26.3233 371.378 
8.68e+08 0.0419516 -46.8572 371.81 
8.69e+08 0.0175642 -92.3303 372.238 
8.7e+08 0.0197803 -75.1841 372.666 
8.71e+08 0.0963528 -51.4696 373.096 
8.72e+08 0.0751476 -75.9825 373.524 
8.73e+08 0.0294335 -31.3997 373.955 
8.74e+08 0.0174774 -68.7631 374.384 
8.75e+08 0.0523286 -68.4908 374.816 
8.76e+08 0.0347477 -57.727 375.247 
8.77e+08 0.0514687 -64.0191 375.68 
8.78e+08 0.0248558 -37.0177 376.111 
8.79e+08 0.0546913 -51.1944 376.54 
8.8e+08 0.0342466 -47.2886 376.969 
8.81e+08 0.0378196 -81.2927 377.399 
8.82e+08 0.0392184 -51.8789 377.825 
8.83e+08 0.0235951 -35.2021 378.254 
8.84e+08 0.0953355 -73.2663 378.683 
8.85e+08 0.0181828 -34.8556 379.114 
8.86e+08 0.0599244 -35.9219 379.54 
8.87e+08 0.0524792 -94.4138 379.968 
8.88e+08 0.0264483 -91.8115 380.393 
8.89e+08 0.0343834 -31.2807 380.821 
8.9e+08 0.0322077 -45.0933 381.249 
8.91e+08 0.0387927 -27.4041 381.677 
8.92e+08 0.0574832 -21.7471 382.106 
8.93e+08 0.0653015 -66.1205 382.536 
8.94e+08 0.0230292 -68.9143 382.962 
8.95e+08 0.0523104 -18.8668 383.39 
8.96e+08 0.0555972 -44.9284 383.818 
8.97e+08 0.0253018 -22.0276 384.249 
8.98e+08 0.0288645 -54.0294 384.679 
8.99e+08 0.0443746 -73.181 385.108 
9e+08 0.0357743 -25.5552 385.536 
9.01e+08 0.0536228 -55.8061 385.964 
9.02e+08 0.0522003 -65.005 386.39 
9.03e+08 0.0121397 -68.8218 386.814 
9.04e+08 0.0329606 -71.8545 387.239 
9.05e+08 0.0364968 -93.2231 387.663 
9.06e+08 0.0734317 -81.6404 388.093 
9.07e+08 0.0713305 -16.016 388.517 
9.08e+08 0.0374836 -90.4254 388.942 
9.09e+08 0.0503291 -63.671 389.366 
9.1e+08 0.0364056 -46.8954 389.791 
9.11e+08 0.0552134 -70.668 390.218 
9.12e+08 0.049242 -60.7211 390.648 
9.13e+08 0.0794579 -65.5115 391.075 
9.14e+08 0.0290834 -46.5709 391.504 
9.15e+08 0.0367736 -54.1609 391.934 
9.16e+08 0.0553056 -25.1184 392.363 
9.17e+08 0.0781233 -91.8786 392.789 
9.18e+08 0.0252766 -82.7035 393.218 
9.19e+08 0.041404 -78.0196 393.649 
9.2e+08 0.046805 -112.831 394.08 
9.21e+08 0.074434 -36.5146 394.51 
9.22e+08 0.0342111 -52.3419 394.939 
9.23e+08 0.0566385 -69.3178 395.369 
9.24e+08 0.0571691 -40.0464 395.8 
9.25e+08 0.0488419 -58.2574 396.229 
9.26e+08 0.0590218 -64.1077 396.658 
9.27e+08 0.050774 -57.9306 397.088 
9.28e+08 0.047328 -55.0523 397.514 
9.29e+08 0.0566971 -60.6951 397.945 
9.3e+08 0.0642042 -39.9554 398.375 
9.31e+08 0.0423813 -29.6482 398.806 
9.32e+08 0.0646515 -30.1293 399.233 
9.33e+08 0.0497973 -75.0126 399.662 
9.34e+08 0.0406467 -50.4794 400.091 
9.35e+08 0.0377116 -86.6365 400.521 
9.36e+08 0.109705 -72.3241 400.949 
9.37e+08 0.0355771 -13.7703 401.38 
9.38e+08 0.0471535 -42.7386 401.811 
9.39e+08 0.0442481 -2.17597 402.241 
9.4e+08 0.038099 -64.7594 402.668 
9.41e+08 0.0409911 -29.4603 403.098 
9.42e+08 0.0578063 -75.7334 403.526 
9.43e+08 0.023913 -47.1521 403.955 
9.44e+08 0.0363276 -67.5316 404.385 
9.45e+08 0.0250782 -69.3813 404.814 
9.46e+08 0.103306 -50.1258 405.241 
9.47e+08 0.0306101 -66.86 405.671 
9.48e+08 0.0463597 -55.1954 406.099 
9.49e+08 0.0605946 -48.5382 406.526 
9.5e+08 0.0564263 -46.0391 406.952 
9.51e+08 0.0674674 -46.4137 407.377 
9.52e+08 0.0648197 -59.2462 407.806 
9.53e+08 0.0323599 -86.7903 408.236 
9.54e+08 0.0428465 -89.2424 408.665 
9.55e+08 0.0420635 -50.6554 409.092 
9.56e+08 0.0433291 -97.5521 409.521 
9.57e+08 0.0171679 -19.9639 409.953 
9.58e+08 0.0333134 -49.5474 410.381 
9.59e+08 0.0566196 -68.4121 410.811 
9.6e+08 0.0595922 -54.0399 411.241 
9.61e+08 0.0762115 -82.2729 411.673 
9.62e+08 0.0731403 -46.6955 412.103 
9.63e+08 0.0689166 -100.64 412.533 
9.64e+08 0.0396818 -54.1143 412.964 
9.65e+08 0.0494237 -18.0439 413.392 
9.66e+08 0.0301946 -69.0237 413.817 
9.67e+08 0.0225005 -35.4249 414.246 
9.68e+08 0.0464361 -36.6387 414.674 
9.69e+08 0.0559109 -70.1149 415.104 
9.7e+08 0.0366426 -9.93091 415.532 
9.71e+08 0.022775 -81.2827 415.957 
9.72e+08 0.0608524 -42.3876 416.383 
9.73e+08 0.0445847 -61.589 416.809 
9.74e+08 0.0300582 -52.5832 417.234 
9.75e+08 0.0411179 -46.9805 417.658 
9.76e+08 0.0766901 -83.9464 418.086 
9.77e+08 0.0780661 -65.6209 418.515 
9.78e+08 0.0302839 -54.3991 418.946 
9.79e+08 0.0198811 -91.1268 419.374 
9.8e+08 0.0665914 -50.9515 419.802 
9.81e+08 0.0364556 -24.2794 420.227 
9.82e+08 0.0554841 -49.344 420.651 
9.83e+08 0.0612706 -72.7714 421.075 
9.84e+08 0.0814431 -78.6351 421.501 
9.85e+08 0.0652066 -46.7648 421.926 
9.86e+08 0.0300445 -84.5384 422.352 
9.87e+08 0.0381004 -35.7176 422.78 
9.88e+08 0.0397409 -48.1591 423.21 
9.89e+08 0.0845245 -44.442 423.638 
9.9e+08 0.0703787 -52.6233 424.067 
9.91e+08 0.0447239 -28.3964 424.495 
9.92e+08 0.0438366 -59.696 424.925 
9.93e+08 0.0279812 -31.4921 425.354 
9.94e+08 0.0339509 -39.1342 425.784 
9.95e+08 0.0529723 -41.0109 426.214 
9.96e+08 0.0218348 -0.742295 426.643 
9.97e+08 0.0741325 -68.3862 427.073 
9.98e+08 0.0598295 -90.7717 427.501 
9.99e+08 0.042131 -41.3996 427.931 
1e+09 0.0636862 -15.2473 428.359 
