0 0.0386614 -17.9203 0 
1e+06 0.0370682 -44.718 0.424328 
2e+06 0.0837375 -52.3068 0.848884 
3e+06 0.0173371 -35.3038 1.27277 
4e+06 0.0336805 -28.1508 1.69715 
5e+06 0.0411582 -43.3326 2.12066 
6e+06 0.0431429 -65.328 2.54479 
7e+06 0.0621303 -69.5363 2.96825 
8e+06 0.0384615 7.7187 3.39192 
9e+06 0.0367854 -75.3596 3.81602 
1e+07 0.0592293 -83.6461 4.23978 
1.1e+07 0.0409002 -76.7747 4.66398 
1.2e+07 0.0862215 -42.6928 5.08843 
1.3e+07 0.0174379 -59.4082 5.51303 
1.4e+07 0.032057 -57.2425 5.93769 
1.5e+07 0.0502236 -44.8078 6.36234 
1.6e+07 0.0368837 -58.9893 6.78724 
1.7e+07 0.0136638 -23.0878 7.21232 
1.8e+07 0.0496035 -33.9962 7.63717 
1.9e+07 0.0423422 -75.5948 8.06197 
2e+07 0.0449936 -66.504 8.487 
2.1e+07 0.0590503 -34.1094 8.91165 
2.2e+07 0.0370719 -37.3254 9.33642 
2.3e+07 0.0788952 -103.524 9.76162 
2.4e+07 0.0642689 -54.8682 10.1864 
2.5e+07 0.0593208 -27.1565 10.6121 
2.6e+07 0.0550828 -41.6498 11.0368 
2.7e+07 0.0469778 -74.6321 11.4606 
2.8e+07 0.0526222 -17.4188 11.8856 
2.9e+07 0.0340807 -51.3312 12.3097 
3e+07 0.0370505 -57.6076 12.7342 
3.1e+07 0.0540838 -59.8148 13.1591 
3.2e+07 0.0243158 -8.40422 13.5834 
3.3e+07 0.0420314 -58.6088 14.0077 
3.4e+07 0.0305456 -93.7976 14.4309 
3.5e+07 0.0258161 -88.3928 14.8546 
3.6e+07 0.051439 -84.4924 15.2782 
3.7e+07 0.0478235 -36.1194 15.7016 
3.8e+07 0.0361665 -46.8371 16.1249 
3.9e+07 0.0385809 -46.0318 16.5489 
4e+07 0.0739143 -48.5973 16.9734 
4.1e+07 0.0523866 -38.5779 17.3972 
4.2e+07 0.0451222 -59.5917 17.8217 
4.3e+07 0.010805 -67.6925 18.2458 
4.4e+07 0.041743 -77.2576 18.6705 
4.5e+07 0.0575718 -59.2233 19.0944 
4.6e+07 0.0284545 -26.8067 19.5177 
4.7e+07 0.0161404 -25.3487 19.9413 
4.8e+07 0.0210117 -46.1157 20.3654 
4.9e+07 0.0478788 -46.9237 20.7897 
5e+07 0.0648535 -29.3997 21.2139 
5.1e+07 0.060671 -68.949 21.638 
5.2e+07 0.042621 -30.648 22.0626 
5.3e+07 0.0315303 -33.1754 22.4865 
5.4e+07 0.0165992 -63.2392 22.9106 
5.5e+07 0.0139737 -61.6599 23.3342 
5.6e+07 0.0634315 -84.1025 23.758 
5.7e+07 0.0650596 -68.7297 24.181 
5.8e+07 0.0157308 -55.5361 24.6041 
5.9e+07 0.0440068 -43.7456 25.028 
6e+07 0.0417004 -36.2975 25.4515 
6.1e+07 0.0335961 -39.2623 25.8753 
6.2e+07 0.0778006 -64.5033 26.2991 
6.3e+07 0.0578217 -46.4001 26.7231 
6.4e+07 0.0255682 -46.1756 27.1466 
6.5e+07 0.024373 -53.8723 27.5709 
6.6e+07 0.0243704 -61.3156 27.9954 
6.7e+07 0.073612 -54.8954 28.4195 
6.8e+07 0.046016 -34.5005 28.8435 
6.9e+07 0.0712895 -61.2882 29.2676 
7e+07 0.0371971 -102.054 29.6912 
7.1e+07 0.0541899 -63.6053 30.1154 
7.2e+07 0.0553813 -55.7597 30.5392 
7.3e+07 0.0551656 -74.2914 30.9633 
7.4e+07 0.0293872 -35.0758 31.3874 
7.5e+07 0.0325363 -66.2486 31.8114 
7.6e+07 0.080863 -156.2 32.2358 
7.7e+07 0.0421741 -72.1182 32.6598 
7.8e+07 0.045071 -23.056 33.0837 
7.9e+07 0.102956 -62.1888 33.5077 
8e+07 0.039017 -55.9509 33.9318 
8.1e+07 0.0161477 -63.7726 34.3563 
8.2e+07 0.0407916 -74.509 34.7802 
8.3e+07 0.0462439 -48.4767 35.2044 
8.4e+07 0.0626857 -29.0464 35.6285 
8.5e+07 0.0662528 -44.322 36.0527 
8.6e+07 0.0689734 -16.0178 36.4768 
8.7e+07 0.0274644 -70.1405 36.9006 
8.8e+07 0.0682783 -87.9979 37.3241 
8.9e+07 0.0390049 -58.6754 37.7484 
9e+07 0.0419149 -74.8186 38.1725 
9.1e+07 0.0331668 -46.2 38.5966 
9.2e+07 0.0637653 -57.2086 39.0209 
9.3e+07 0.0492824 -40.2659 39.4449 
9.4e+07 0.035808 -66.0577 39.8692 
9.5e+07 0.0335328 -87.1829 40.2932 
9.6e+07 0.0648543 -16.4637 40.7172 
9.7e+07 0.0514682 -91.7604 41.1416 
9.8e+07 0.0485583 -86.5485 41.5659 
9.9e+07 0.0657993 -31.9976 41.99 
1e+08 0.0826447 -71.1706 42.4139 
1.01e+08 0.0545675 -52.6027 42.8379 
1.02e+08 0.0366173 -74.1879 43.2629 
1.03e+08 0.0438847 -55.0263 43.6871 
1.04e+08 0.0301318 -25.093 44.1115 
1.05e+08 0.0211735 -67.4275 44.536 
1.06e+08 0.0590766 -57.5363 44.9603 
1.07e+08 0.0548034 -79.3931 45.3844 
1.08e+08 0.0180666 -59.3169 45.8083 
1.09e+08 0.0681123 -76.63 46.2321 
1.1e+08 0.0343784 -59.1037 46.6572 
1.11e+08 0.0342699 -43.2849 47.0815 
1.12e+08 0.0311658 -51.7971 47.5052 
1.13e+08 0.0806453 -60.3356 47.929 
1.14e+08 0.0588447 -37.4134 48.3536 
1.15e+08 0.0338287 -49.9446 48.778 
1.16e+08 0.0721145 -53.7354 49.2026 
1.17e+08 0.0540901 -25.3028 49.627 
1.18e+08 0.0312481 -44.807 50.0506 
1.19e+08 0.0631165 -35.518 50.4749 
1.2e+08 0.0817198 -57.9412 50.8994 
1.21e+08 0.0515014 -84.6026 51.3238 
1.22e+08 0.0331925 -73.623 51.7478 
1.23e+08 0.0417185 -23.5465 52.1723 
1.24e+08 0.0516776 -64.729 52.596 
1.25e+08 0.0713392 -12.0082 53.0206 
1.26e+08 0.0716467 -51.1951 53.4442 
1.27e+08 0.0205058 -62.1362 53.8684 
1.28e+08 0.0275084 -54.0292 54.2924 
1.29e+08 0.0642676 -58.9038 54.7164 
1.3e+08 0.0339198 -59.9359 55.1405 
1.31e+08 0.0528312 -56.8564 55.5647 
1.32e+08 0.0563633 -57.5675 55.9896 
1.33e+08 0.0462276 -37.2647 56.4141 
1.34e+08 0.0255362 -66.6914 56.8387 
1.35e+08 0.0303271 -63.6034 57.2632 
1.36e+08 0.0553445 -80.4688 57.6874 
1.37e+08 0.0320773 -53.7427 58.1114 
1.38e+08 0.0475358 -54.266 58.5356 
1.39e+08 0.114021 -85.9884 58.9596 
1.4e+08 0.0571137 -57.5822 59.384 
1.41e+08 0.0436042 -53.6355 59.8086 
1.42e+08 0.0191262 1.61215 60.2326 
1.43e+08 0.0615943 -70.9885 60.6566 
1.44e+08 0.0218826 -53.7973 61.081 
1.45e+08 0.0327507 -66.9139 61.5052 
1.46e+08 0.08844 -75.8181 61.9295 
1.47e+08 0.0433926 -16.6947 62.3544 
1.48e+08 0.0368264 -37.7434 62.7784 
1.49e+08 0.0346611 -58.1944 63.2025 
1.5e+08 0.0198063 -39.6834 63.6267 
1.51e+08 0.0395828 -27.2147 64.051 
1.52e+08 0.00723873 -66.2972 64.4755 
1.53e+08 0.0266831 -59.1615 64.8999 
1.54e+08 0.0285264 -82.8639 65.3247 
1.55e+08 0.0362865 -52.8992 65.7492 
1.56e+08 0.0487141 -44.0555 66.1735 
1.57e+08 0.0868115 -39.079 66.5978 
1.58e+08 0.0211215 -62.0414 67.022 
1.59e+08 0.0835759 -33.033 67.4467 
1.6e+08 0.0420527 -12.3807 67.8708 
1.61e+08 0.0320421 -57.6089 68.295 
1.62e+08 0.0500458 -51.0371 68.7187 
1.63e+08 0.0491852 -67.4746 69.1432 
1.64e+08 0.0431552 -77.7619 69.5672 
1.65e+08 0.034664 -48.5163 69.9915 
1.66e+08 0.0860694 -47.2383 70.4161 
1.67e+08 0.0366752 -35.7413 70.8401 
1.68e+08 0.0324853 -64.6119 71.2648 
1.69e+08 0.0785635 -76.9402 71.6886 
1.7e+08 0.0432396 -36 72.1123 
1.71e+08 0.0557396 -85.3065 72.5362 
1.72e+08 0.0500622 -51.5661 72.961 
1.73e+08 0.0661158 -28.5152 73.385 
1.74e+08 0.0255353 -57.5745 73.8092 
1.75e+08 0.0870316 -30.5367 74.2339 
1.76e+08 0.0385652 -49.9241 74.6583 
1.77e+08 0.0620694 -48.6219 75.0821 
1.78e+08 0.0453777 -4.58323 75.5061 
1.79e+08 0.0784813 -56.8332 75.9306 
1.8e+08 0.0925502 -63.917 76.3552 
1.81e+08 0.0904997 -82.9885 76.78 
1.82e+08 0.016843 -84.0808 77.2045 
1.83e+08 0.0753124 -71.0658 77.6292 
1.84e+08 0.0545394 -62.6853 78.0537 
1.85e+08 0.0784534 -56.3288 78.4786 
1.86e+08 0.0205069 -53.4621 78.9036 
1.87e+08 0.0204656 -81.8713 79.3276 
1.88e+08 0.0354667 -67.3425 79.7528 
1.89e+08 0.0790108 -60.6304 80.1771 
1.9e+08 0.0601197 -20.5006 80.6019 
1.91e+08 0.0477268 -47.7078 81.0265 
1.92e+08 0.0687361 -69.7798 81.451 
1.93e+08 0.0567299 -64.9947 81.8757 
1.94e+08 0.0327367 -104.458 82.2996 
1.95e+08 0.0772692 -63.7757 82.7244 
1.96e+08 0.0495616 -69.2904 83.1482 
1.97e+08 0.0229228 -60.4919 83.573 
1.98e+08 0.0384063 -34.0612 83.9978 
1.99e+08 0.0474771 -26.6014 84.4219 
2e+08 0.0391129 -38.163 84.846 
2.01e+08 0.0343063 -86.0791 85.2701 
2.02e+08 0.0462992 -94.9763 85.694 
2.03e+08 0.0363984 -54.2583 86.1177 
2.04e+08 0.0362499 -42.3256 86.5416 
2.05e+08 0.0927929 -75.8827 86.9657 
2.06e+08 0.0359775 -56.1585 87.3896 
2.07e+08 0.0289032 -85.0231 87.8135 
2.08e+08 0.0213595 -51.0947 88.2372 
2.09e+08 0.0583372 -43.5455 88.6613 
2.1e+08 0.069768 -5.68635 89.0854 
2.11e+08 0.0430245 -63.294 89.5098 
2.12e+08 0.0324448 -44.2602 89.934 
2.13e+08 0.0399979 -56.5264 90.3582 
2.14e+08 0.0934341 -47.1164 90.7827 
2.15e+08 0.0282675 -70.4307 91.2074 
2.16e+08 0.0501554 -37.6457 91.6318 
2.17e+08 0.0278102 -54.0782 92.0556 
2.18e+08 0.0159039 -43.363 92.4796 
2.19e+08 0.0654413 -42.5684 92.904 
2.2e+08 0.0222943 -67.0374 93.3281 
2.21e+08 0.0632806 -47.511 93.7524 
2.22e+08 0.0382659 -93.4904 94.1766 
2.23e+08 0.0372104 -70.1991 94.6007 
2.24e+08 0.06701 -52.0899 95.0245 
2.25e+08 0.0247716 -37.4395 95.4485 
2.26e+08 0.033809 -40.6257 95.8729 
2.27e+08 0.0352441 -36.1503 96.2969 
2.28e+08 0.0493482 -59.042 96.7214 
2.29e+08 0.0288171 -98.2605 97.146 
2.3e+08 0.0811096 -105.345 97.5701 
2.31e+08 0.0493809 -27.2108 97.9945 
2.32e+08 0.0381077 -8.2342 98.4186 
2.33e+08 0.0392868 15.9509 98.8437 
2.34e+08 0.0591888 -34.6611 99.2677 
2.35e+08 0.0263444 -4.87929 99.6923 
2.36e+08 0.078223 -75.7445 100.116 
2.37e+08 0.0445867 -57.4675 100.54 
2.38e+08 0.0830873 -68.1277 100.965 
2.39e+08 0.0266132 -11.9495 101.389 
2.4e+08 0.0510272 -61.129 101.814 
2.41e+08 0.0240922 -26.4325 102.238 
2.42e+08 0.0342919 -75.9064 102.663 
2.43e+08 0.0724525 -39.8321 103.087 
2.44e+08 0.0701998 -65.0039 103.511 
2.45e+08 0.0591031 -49.675 103.935 
2.46e+08 0.0391178 -21.0427 104.359 
2.47e+08 0.0706665 -38.2872 104.783 
2.48e+08 0.0734111 -66.3687 105.208 
2.49e+08 0.0698552 -38.3549 105.632 
2.5e+08 0.0335967 -63.3022 106.057 
2.51e+08 0.0576485 -64.4564 106.481 
2.52e+08 0.0459228 -31.7361 106.906 
2.53e+08 0.0128703 -40.486 107.33 
2.54e+08 0.064054 -70.9356 107.754 
2.55e+08 0.0165416 -72.0998 108.178 
2.56e+08 0.0315246 -33.8302 108.603 
2.57e+08 0.0385574 -26.3814 109.027 
2.58e+08 0.0360423 -28.1638 109.452 
2.59e+08 0.0419887 -7.39324 109.876 
2.6e+08 0.0441453 -5.51067 110.3 
2.61e+08 0.03313 -70.1984 110.724 
2.62e+08 0.045114 -56.605 111.148 
2.63e+08 0.0525646 -96.8716 111.573 
2.64e+08 0.0514863 -55.8009 111.996 
2.65e+08 0.0435198 -54.096 112.42 
2.66e+08 0.0683944 -55.977 112.844 
2.67e+08 0.0525564 -61.5631 113.268 
2.68e+08 0.0574434 -31.9746 113.692 
2.69e+08 0.0268089 -63.0953 114.116 
2.7e+08 0.0260338 -61.1106 114.539 
2.71e+08 0.0580523 -27.0903 114.964 
2.72e+08 0.0535017 -43.1778 115.388 
2.73e+08 0.0138375 -44.5587 115.812 
2.74e+08 0.0825201 -49.6467 116.236 
2.75e+08 0.0295337 -98.2211 116.66 
2.76e+08 0.0640659 -80.8638 117.084 
2.77e+08 0.0477351 -85.9292 117.508 
2.78e+08 0.0766661 -59.6462 117.932 
2.79e+08 0.0438577 -64.2355 118.356 
2.8e+08 0.0278327 -49.6488 118.78 
2.81e+08 0.0586472 -62.5215 119.204 
2.82e+08 0.0344257 -68.6561 119.628 
2.83e+08 0.0820721 -73.6518 120.052 
2.84e+08 0.0688236 -31.7928 120.476 
2.85e+08 0.0366529 -33.8938 120.9 
2.86e+08 0.0242672 -45.5231 121.324 
2.87e+08 0.0464906 -47.5374 121.748 
2.88e+08 0.0496742 -6.00987 122.172 
2.89e+08 0.072172 -77.6887 122.596 
2.9e+08 0.0680718 -62.4663 123.02 
2.91e+08 0.043093 -63.4189 123.444 
2.92e+08 0.0197967 -35.7769 123.869 
2.93e+08 0.0470477 -101.999 124.293 
2.94e+08 0.0239028 -28.6913 124.717 
2.95e+08 0.0442898 -52.483 125.141 
2.96e+08 0.0523135 -77.4582 125.565 
2.97e+08 0.0457228 -53.6105 125.989 
2.98e+08 0.0711169 7.92698 126.413 
2.99e+08 0.039691 -20.5427 126.837 
3e+08 0.0140748 -24.8282 127.261 
3.01e+08 0.0482464 -75.9355 127.685 
3.02e+08 0.0149503 -61.9665 128.109 
3.03e+08 0.0429507 -72.843 128.533 
3.04e+08 0.0700424 -55.8074 128.957 
3.05e+08 0.0338361 -39.2307 129.381 
3.06e+08 0.0332635 -40.2031 129.805 
3.07e+08 0.0683255 -101.927 130.229 
3.08e+08 0.0697124 -108.11 130.653 
3.09e+08 0.054382 -56.1096 131.077 
3.1e+08 0.0682044 -65.9294 131.501 
3.11e+08 0.0257401 -44.8518 131.925 
3.12e+08 0.0419163 -45.0339 132.349 
3.13e+08 0.0280857 -33.8718 132.773 
3.14e+08 0.0749274 -101.098 133.197 
3.15e+08 0.028866 -42.4548 133.621 
3.16e+08 0.0524337 -68.7737 134.046 
3.17e+08 0.0464003 -32.9636 134.47 
3.18e+08 0.0683201 -59.3507 134.894 
3.19e+08 0.0674762 -23.6933 135.317 
3.2e+08 0.0288123 -49.2467 135.742 
3.21e+08 0.0178237 -44.1793 136.166 
3.22e+08 0.035716 -38.458 136.591 
3.23e+08 0.0257053 -35.0769 137.016 
3.24e+08 0.085708 -84.3831 137.44 
3.25e+08 0.0417252 -24.7816 137.864 
3.26e+08 0.0331792 -3.97677 138.288 
3.27e+08 0.0511847 -36.7715 138.713 
3.28e+08 0.0382927 -17.9411 139.137 
3.29e+08 0.0410152 -45.1538 139.561 
3.3e+08 0.0292076 -42.9091 139.985 
3.31e+08 0.0325839 -33.0468 140.409 
3.32e+08 0.0461942 -42.4709 140.834 
3.33e+08 0.0430808 -88.1023 141.257 
3.34e+08 0.0514864 -73.0431 141.682 
3.35e+08 0.0803301 -69.6716 142.106 
3.36e+08 0.0483001 -4.0048 142.53 
3.37e+08 0.0661545 -57.3525 142.954 
3.38e+08 0.0790626 -79.4725 143.378 
3.39e+08 0.0200399 1.08528 143.802 
3.4e+08 0.0174474 -45.3786 144.227 
3.41e+08 0.0166857 -21.3181 144.651 
3.42e+08 0.0566155 -59.8203 145.075 
3.43e+08 0.0427639 -69.28 145.5 
3.44e+08 0.0386109 -45.0662 145.924 
3.45e+08 0.0442153 -50.8227 146.347 
3.46e+08 0.0374397 -53.0636 146.771 
3.47e+08 0.0156047 -9.17019 147.195 
3.48e+08 0.0492575 -49.0347 147.619 
3.49e+08 0.0848856 -90.0049 148.044 
3.5e+08 0.0454223 -45.5827 148.468 
3.51e+08 0.0616898 -32.96 148.892 
3.52e+08 0.01864 -53.9468 149.316 
3.53e+08 0.0243765 -84.3178 149.74 
3.54e+08 0.0579565 -60.6213 150.164 
3.55e+08 0.0221623 -42.7424 150.588 
3.56e+08 0.0626147 -64.9738 151.012 
3.57e+08 0.038488 -51.4074 151.436 
3.58e+08 0.0358607 -106.207 151.861 
3.59e+08 0.0282568 -49.7015 152.285 
3.6e+08 0.0477272 -51.4643 152.71 
3.61e+08 0.0651262 -88.2531 153.134 
3.62e+08 0.0582212 -57.6796 153.558 
3.63e+08 0.0501449 -32.3112 153.983 
3.64e+08 0.0421396 -25.4869 154.406 
3.65e+08 0.0393427 -52.9218 154.83 
3.66e+08 0.0753643 -61.0902 155.254 
3.67e+08 0.0138387 -8.5747 155.678 
3.68e+08 0.0569108 -57.3159 156.101 
3.69e+08 0.0168625 -13.455 156.526 
3.7e+08 0.0601767 -59.0197 156.949 
3.71e+08 0.0323551 -52.4652 157.373 
3.72e+08 0.0217429 -68.0187 157.797 
3.73e+08 0.0536996 -10.4343 158.221 
3.74e+08 0.0522699 -69.9094 158.645 
3.75e+08 0.0318984 -20.8373 159.069 
3.76e+08 0.0658588 -38.7799 159.493 
3.77e+08 0.0597503 -59.7741 159.917 
3.78e+08 0.0265193 14.0775 160.341 
3.79e+08 0.0352684 -53.9438 160.765 
3.8e+08 0.0445262 -29.5104 161.189 
3.81e+08 0.0328492 -63.8331 161.613 
3.82e+08 0.0314155 -62.4887 162.037 
3.83e+08 0.0108402 -49.8822 162.462 
3.84e+08 0.0808369 -75.8317 162.887 
3.85e+08 0.0229559 -37.1211 163.313 
3.86e+08 0.0568542 -54.4761 163.737 
3.87e+08 0.0210349 -63.6339 164.162 
3.88e+08 0.0282037 -94.7049 164.586 
3.89e+08 0.0171303 -16.3701 165.01 
3.9e+08 0.0560509 -88.0778 165.435 
3.91e+08 0.0775562 15.1452 165.86 
3.92e+08 0.0115456 -8.11411 166.284 
3.93e+08 0.0447548 -49.0502 166.709 
3.94e+08 0.0231649 -71.7508 167.134 
3.95e+08 0.0291315 -18.2663 167.558 
3.96e+08 0.0361261 -89.9595 167.983 
3.97e+08 0.0616615 -40.8254 168.407 
3.98e+08 0.0716196 -77.2695 168.832 
3.99e+08 0.0211549 -51.3934 169.256 
4e+08 0.00924333 -68.3167 169.68 
4.01e+08 0.029409 -51.027 170.104 
4.02e+08 0.0549802 -47.1789 170.528 
4.03e+08 0.0268223 -98.1275 170.953 
4.04e+08 0.0227741 -74.3497 171.377 
4.05e+08 0.0279514 -68.8677 171.802 
4.06e+08 0.027592 -42.4226 172.227 
4.07e+08 0.0381575 -27.6672 172.652 
4.08e+08 0.0552467 -89.9603 173.077 
4.09e+08 0.0297297 -12.8116 173.501 
4.1e+08 0.0432067 -60.1491 173.926 
4.11e+08 0.0458486 -12.1163 174.351 
4.12e+08 0.024945 -44.9012 174.776 
4.13e+08 0.0125461 -63.9035 175.201 
4.14e+08 0.0482465 -10.8415 175.626 
4.15e+08 0.0759187 -55.9862 176.051 
4.16e+08 0.0670244 -27.9804 176.476 
4.17e+08 0.0156134 -21.4358 176.901 
4.18e+08 0.00953564 -78.6788 177.325 
4.19e+08 0.0389689 -79.253 177.75 
4.2e+08 0.049949 -15.8481 178.175 
4.21e+08 0.0275794 -57.86 178.601 
4.22e+08 0.0715892 -32.8564 179.025 
4.23e+08 0.0218464 -73.4406 179.449 
4.24e+08 0.0441276 -40.4922 179.874 
4.25e+08 0.0500401 -47.7943 180.298 
4.26e+08 0.0393411 -24.8759 180.722 
4.27e+08 0.00355331 -35.9721 181.146 
4.28e+08 0.0332173 -86.7871 181.571 
4.29e+08 0.066374 -39.6408 181.996 
4.3e+08 0.0651901 -101.668 182.421 
4.31e+08 0.101084 -55.2647 182.845 
4.32e+08 0.0591247 -22.9868 183.269 
4.33e+08 0.023677 -52.5412 183.694 
4.34e+08 0.0443352 -48.1688 184.119 
4.35e+08 0.0355239 0.586349 184.543 
4.36e+08 0.046215 -66.7471 184.968 
4.37e+08 0.0375859 -70.5042 185.393 
4.38e+08 0.0349205 -13.045 185.818 
4.39e+08 0.0286605 -102.658 186.242 
4.4e+08 0.0662459 -24.3463 186.667 
4.41e+08 0.0520744 -75.7981 187.091 
4.42e+08 0.0289564 -62.053 187.516 
4.43e+08 0.0134313 -64.1744 187.941 
4.44e+08 0.0354416 -43.8606 188.367 
4.45e+08 0.0211949 -63.8583 188.792 
4.46e+08 0.021747 -41.1203 189.217 
4.47e+08 0.0399399 -48.217 189.642 
4.48e+08 0.031335 -43.8302 190.067 
4.49e+08 0.0427293 -23.4447 190.491 
4.5e+08 0.0484194 -22.8434 190.915 
4.51e+08 0.0429718 -31.4821 191.341 
4.52e+08 0.0152938 -77.3481 191.766 
4.53e+08 0.0357794 -50.4009 192.19 
4.54e+08 0.030468 -44.3927 192.615 
4.55e+08 0.0208839 -63.2227 193.04 
4.56e+08 0.0348576 -68.2393 193.465 
4.57e+08 0.0208837 -56.1035 193.889 
4.58e+08 0.093405 -73.7852 194.315 
4.59e+08 0.0376393 -76.6682 194.739 
4.6e+08 0.0154207 -27.7641 195.163 
4.61e+08 0.0401361 -79.29 195.588 
4.62e+08 0.0469821 -59.0861 196.012 
4.63e+08 0.0469219 -48.2164 196.438 
4.64e+08 0.0425351 -58.5675 196.862 
4.65e+08 0.0508011 -36.3498 197.287 
4.66e+08 0.0369632 -40.1342 197.711 
4.67e+08 0.0407972 -83.8076 198.137 
4.68e+08 0.0262955 -75.7517 198.562 
4.69e+08 0.0437068 -87.9598 198.987 
4.7e+08 0.0180431 -95.21 199.411 
4.71e+08 0.0383026 -49.0034 199.836 
4.72e+08 0.0330682 -58.3949 200.261 
4.73e+08 0.0458438 -65.0874 200.686 
4.74e+08 0.0566288 -51.3229 201.111 
4.75e+08 0.0839794 -94.6213 201.535 
4.76e+08 0.0753129 -70.7227 201.96 
4.77e+08 0.0329815 -31.0688 202.384 
4.78e+08 0.0355897 -55.7626 202.808 
4.79e+08 0.0703385 -71.49 203.233 
4.8e+08 0.0364076 -83.8809 203.658 
4.81e+08 0.0872805 -65.8882 204.082 
4.82e+08 0.0661952 -56.5781 204.507 
4.83e+08 0.0246395 -84.5233 204.932 
4.84e+08 0.037372 -79.8623 205.357 
4.85e+08 0.0624572 -64.5486 205.781 
4.86e+08 0.0691108 -92.9836 206.207 
4.87e+08 0.0390315 -78.9312 206.632 
4.88e+08 0.0190811 -99.7977 207.056 
4.89e+08 0.0550325 -23.7043 207.482 
4.9e+08 0.0521561 -54.4581 207.906 
4.91e+08 0.0676441 -87.4933 208.332 
4.92e+08 0.033365 -18.9665 208.756 
4.93e+08 0.0159084 -31.8261 209.181 
4.94e+08 0.0273884 -34.0965 209.606 
4.95e+08 0.0407713 -28.6977 210.031 
4.96e+08 0.0124414 -51.3367 210.455 
4.97e+08 0.0376248 -65.5708 210.88 
4.98e+08 0.0170774 -72.4837 211.304 
4.99e+08 0.0386133 -22.9537 211.729 
5e+08 0.0427136 -36.1058 212.153 
5.01e+08 0.0522254 -64.7132 212.577 
5.02e+08 0.0314565 -38.4112 213.001 
5.03e+08 0.0536644 -15.6985 213.425 
5.04e+08 0.0376989 -49.7287 213.85 
5.05e+08 0.0303152 -42.59 214.274 
5.06e+08 0.0148855 -60.6246 214.699 
5.07e+08 0.0431931 -62.1112 215.123 
5.08e+08 0.0193979 -105.223 215.548 
5.09e+08 0.0283414 -19.4026 215.972 
5.1e+08 0.0202547 -53.932 216.397 
5.11e+08 0.0407286 -40.5603 216.822 
5.12e+08 0.0168206 -75.6616 217.246 
5.13e+08 0.028519 -15.0866 217.671 
5.14e+08 0.0306536 -49.6532 218.096 
5.15e+08 0.0133692 -46.1201 218.52 
5.16e+08 0.0951989 -35.3896 218.945 
5.17e+08 0.0529504 -55.5936 219.37 
5.18e+08 0.057103 -43.7683 219.795 
5.19e+08 0.0394548 -84.6837 220.22 
5.2e+08 0.0694868 -92.2378 220.645 
5.21e+08 0.0684152 -53.1024 221.07 
5.22e+08 0.00467382 -47.0497 221.494 
5.23e+08 0.0378535 -13.9681 221.919 
5.24e+08 0.0431721 -51.3488 222.344 
5.25e+08 0.0528089 -77.3734 222.769 
5.26e+08 0.0348181 -62.4881 223.193 
5.27e+08 0.0283776 -15.1219 223.618 
5.28e+08 0.0494977 -32.2686 224.043 
5.29e+08 0.049968 -56.1249 224.468 
5.3e+08 0.0754444 -51.9007 224.893 
5.31e+08 0.0526724 -116.279 225.318 
5.32e+08 0.0240251 -31.5082 225.742 
5.33e+08 0.0855865 -88.0387 226.166 
5.34e+08 0.0756955 -68.2171 226.591 
5.35e+08 0.0226554 -17.1807 227.015 
5.36e+08 0.0393525 -53.9714 227.441 
5.37e+08 0.05999 -24.9392 227.865 
5.38e+08 0.0520534 -48.4846 228.29 
5.39e+08 0.0271876 -36.2512 228.715 
5.4e+08 0.0375108 3.51151 229.14 
5.41e+08 0.0538364 -50.8065 229.564 
5.42e+08 0.028046 -81.7165 229.989 
5.43e+08 0.0677125 -58.8453 230.413 
5.44e+08 0.0271516 -57.9959 230.839 
5.45e+08 0.0329063 -31.4568 231.263 
5.46e+08 0.0884334 -53.0525 231.687 
5.47e+08 0.0445538 -39.8641 232.112 
5.48e+08 0.0563319 -66.9062 232.536 
5.49e+08 0.0464913 -63.7347 232.961 
5.5e+08 0.0296246 -52.1817 233.386 
5.51e+08 0.0681723 -69.2413 233.811 
5.52e+08 0.0316957 -47.1342 234.236 
5.53e+08 0.0282866 -34.1448 234.66 
5.54e+08 0.0250726 -30.0166 235.086 
5.55e+08 0.0463642 -46.727 235.511 
5.56e+08 0.0411423 -70.799 235.936 
5.57e+08 0.0318032 -38.0887 236.36 
5.58e+08 0.0368569 -45.9786 236.784 
5.59e+08 0.102997 -56.8603 237.209 
5.6e+08 0.0350956 -75.5471 237.634 
5.61e+08 0.05803 -62.912 238.059 
5.62e+08 0.0102532 -27.3027 238.484 
5.63e+08 0.0223533 -64.3421 238.909 
5.64e+08 0.0331898 -74.8282 239.334 
5.65e+08 0.0607939 -65.1984 239.758 
5.66e+08 0.0542493 -100.436 240.183 
5.67e+08 0.020718 -39.088 240.608 
5.68e+08 0.0638269 -28.1117 241.033 
5.69e+08 0.0364757 -40.7668 241.458 
5.7e+08 0.0349534 -28.1704 241.883 
5.71e+08 0.0322763 -36.2121 242.308 
5.72e+08 0.0592177 -59.9559 242.733 
5.73e+08 0.0461362 -31.3746 243.157 
5.74e+08 0.0254109 -53.6838 243.581 
5.75e+08 0.057431 -49.2803 244.006 
5.76e+08 0.0401472 -10.2929 244.43 
5.77e+08 0.0652412 -90.5681 244.855 
5.78e+08 0.0301007 -43.7301 245.28 
5.79e+08 0.0252935 -79.9627 245.705 
5.8e+08 0.0734037 -68.8671 246.13 
5.81e+08 0.0637619 -36.9397 246.554 
5.82e+08 0.0352343 -68.7656 246.979 
5.83e+08 0.0402147 -60.4132 247.404 
5.84e+08 0.0286348 -66.0699 247.829 
5.85e+08 0.0441324 -64.693 248.254 
5.86e+08 0.0737355 -55.4607 248.679 
5.87e+08 0.0499138 -25.6372 249.104 
5.88e+08 0.0606425 -44.2785 249.529 
5.89e+08 0.035288 -53.4409 249.954 
5.9e+08 0.0451326 -80.7009 250.378 
5.91e+08 0.0700281 -48.0775 250.803 
5.92e+08 0.0591439 -61.9141 251.227 
5.93e+08 0.0233974 -46.8445 251.652 
5.94e+08 0.0581762 -106.482 252.077 
5.95e+08 0.0489996 -45.7869 252.501 
5.96e+08 0.044333 -47.3642 252.926 
5.97e+08 0.070161 -65.6321 253.35 
5.98e+08 0.0829879 -42.7765 253.775 
5.99e+08 0.0588187 -41.2807 254.199 
6e+08 0.0286256 -69.4561 254.624 
6.01e+08 0.0588172 -25.5778 255.048 
6.02e+08 0.0263832 -63.224 255.473 
6.03e+08 0.0712902 -61.4333 255.898 
6.04e+08 0.0503149 3.55115 256.323 
6.05e+08 0.0462189 -43.7457 256.747 
6.06e+08 0.040127 -55.5833 257.171 
6.07e+08 0.0265089 -35.9889 257.596 
6.08e+08 0.0624201 -54.2506 258.02 
6.09e+08 0.0663074 -56.8843 258.445 
6.1e+08 0.049244 -71.511 258.87 
6.11e+08 0.0200457 -45.0364 259.295 
6.12e+08 0.0449954 -77.5843 259.72 
6.13e+08 0.0194568 -58.9437 260.145 
6.14e+08 0.0766999 -85.4515 260.57 
6.15e+08 0.0363547 -83.8772 260.995 
6.16e+08 0.00320786 -4.3891 261.419 
6.17e+08 0.0290434 -19.0912 261.844 
6.18e+08 0.0654615 -61.0386 262.268 
6.19e+08 0.0473151 -56.2082 262.693 
6.2e+08 0.0360125 -69.6751 263.117 
6.21e+08 0.0712258 -52.2678 263.541 
6.22e+08 0.0240822 -41.3319 263.965 
6.23e+08 0.0422916 -75.0531 264.39 
6.24e+08 0.0193933 -57.7128 264.815 
6.25e+08 0.037134 -32.5744 265.239 
6.26e+08 0.0516802 -41.1934 265.663 
6.27e+08 0.0588477 -67.6951 266.086 
6.28e+08 0.0469458 -39.6341 266.51 
6.29e+08 0.0697898 -55.6096 266.934 
6.3e+08 0.0563528 -56.5169 267.358 
6.31e+08 0.0247265 -58.8419 267.783 
6.32e+08 0.027831 -8.83023 268.207 
6.33e+08 0.0327135 -104.905 268.631 
6.34e+08 0.0220033 -30.8537 269.055 
6.35e+08 0.00343583 -7.73976 269.479 
6.36e+08 0.0182039 -5.08917 269.903 
6.37e+08 0.0626394 -59.9873 270.328 
6.38e+08 0.018483 -26.8825 270.752 
6.39e+08 0.0683175 -39.8269 271.177 
6.4e+08 0.0177068 -23.6439 271.6 
6.41e+08 0.0388173 -87.6273 272.024 
6.42e+08 0.0375564 -53.7366 272.448 
6.43e+08 0.0649711 -80.326 272.872 
6.44e+08 0.0239827 -68.4356 273.296 
6.45e+08 0.0435889 -36.2987 273.72 
6.46e+08 0.103138 -47.2816 274.144 
6.47e+08 0.0494543 -80.1619 274.569 
6.48e+08 0.0535827 -99.2478 274.994 
6.49e+08 0.0131545 -33.135 275.419 
6.5e+08 0.0364512 -17.4905 275.843 
6.51e+08 0.0451155 -47.3768 276.268 
6.52e+08 0.0389692 -14.3099 276.693 
6.53e+08 0.0525634 -53.8553 277.118 
6.54e+08 0.0739296 -53.1678 277.542 
6.55e+08 0.0446353 -66.7754 277.967 
6.56e+08 0.0191889 -22.1109 278.391 
6.57e+08 0.0455121 -60.4224 278.815 
6.58e+08 0.0667989 -42.3916 279.239 
6.59e+08 0.052175 -34.6951 279.663 
6.6e+08 0.057039 -25.8778 280.087 
6.61e+08 0.0833562 -19.803 280.512 
6.62e+08 0.0507538 -66.5562 280.937 
6.63e+08 0.0474773 21.5828 281.363 
6.64e+08 0.0357652 -32.6778 281.787 
6.65e+08 0.0380186 -10.6522 282.212 
6.66e+08 0.0662947 -34.4082 282.637 
6.67e+08 0.0392168 -52.7289 283.062 
6.68e+08 0.0479713 -13.3577 283.487 
6.69e+08 0.0221737 -41.7021 283.912 
6.7e+08 0.0513701 -63.7152 284.336 
6.71e+08 0.0574206 -57.809 284.761 
6.72e+08 0.0742751 -66.4442 285.185 
6.73e+08 0.0548335 -48.8155 285.609 
6.74e+08 0.0494029 -73.921 286.034 
6.75e+08 0.0288563 -67.0189 286.459 
6.76e+08 0.0246174 -72.038 286.884 
6.77e+08 0.0407901 -24.8269 287.308 
6.78e+08 0.0711863 -58.6757 287.733 
6.79e+08 0.00487688 -37.8595 288.158 
6.8e+08 0.0401701 -35.7744 288.584 
6.81e+08 0.0928436 -52.6095 289.009 
6.82e+08 0.0651186 -69.2801 289.433 
6.83e+08 0.027121 -63.9233 289.858 
6.84e+08 0.0442312 -48.0373 290.283 
6.85e+08 0.0235925 -46.3808 290.708 
6.86e+08 0.0308591 -70.0048 291.133 
6.87e+08 0.0590024 -75.8637 291.557 
6.88e+08 0.0517733 -50.849 291.982 
6.89e+08 0.0112864 -67.1424 292.407 
6.9e+08 0.0333806 -81.7246 292.831 
6.91e+08 0.0570874 -41.2949 293.256 
6.92e+08 0.060101 -77.3779 293.681 
6.93e+08 0.0312383 -52.7451 294.106 
6.94e+08 0.0507316 -58.7765 294.53 
6.95e+08 0.0673701 -76.27 294.955 
6.96e+08 0.0290429 -71.8643 295.38 
6.97e+08 0.0694506 -60.2183 295.805 
6.98e+08 0.0714061 -51.376 296.23 
6.99e+08 0.0653964 -81.088 296.655 
7e+08 0.0502957 -45.3787 297.079 
7.01e+08 0.0514262 -42.5747 297.504 
7.02e+08 0.0657466 -63.5544 297.929 
7.03e+08 0.031561 -67.2807 298.353 
7.04e+08 0.0466931 -87.3584 298.778 
7.05e+08 0.0481757 -62.5584 299.203 
7.06e+08 0.0298288 -65.5415 299.627 
7.07e+08 0.0618821 -47.078 300.051 
7.08e+08 0.0216246 -69.3181 300.475 
7.09e+08 0.0249815 -29.7511 300.9 
7.1e+08 0.0454201 -24.6169 301.323 
7.11e+08 0.0389479 -37.8319 301.748 
7.12e+08 0.043075 -56.3406 302.172 
7.13e+08 0.043811 -37.3409 302.596 
7.14e+08 0.0560663 -29.5572 303.02 
7.15e+08 0.0177895 -40.4004 303.444 
7.16e+08 0.0289902 -24.7264 303.867 
7.17e+08 0.0606335 -49.0666 304.291 
7.18e+08 0.0221106 -56.6304 304.715 
7.19e+08 0.0175764 -83.0638 305.14 
7.2e+08 0.0546729 -66.641 305.564 
7.21e+08 0.035242 -67.5116 305.988 
7.22e+08 0.0450458 -70.8559 306.411 
7.23e+08 0.0345044 -53.4594 306.836 
7.24e+08 0.0228837 -46.199 307.259 
7.25e+08 0.0509858 -65.3646 307.684 
7.26e+08 0.0693362 -46.6764 308.108 
7.27e+08 0.0402346 -49.9393 308.533 
7.28e+08 0.0430161 -38.8318 308.957 
7.29e+08 0.0410495 -72.1387 309.381 
7.3e+08 0.0574582 -15.4186 309.805 
7.31e+08 0.0418808 -28.9634 310.229 
7.32e+08 0.0829873 -90.4397 310.655 
7.33e+08 0.0676382 -46.5239 311.079 
7.34e+08 0.0654829 -40.5216 311.503 
7.35e+08 0.031769 -79.2073 311.927 
7.36e+08 0.0537377 -74.3112 312.351 
7.37e+08 0.0589297 -63.3051 312.775 
7.38e+08 0.0507837 -58.421 313.199 
7.39e+08 0.064194 -46.552 313.623 
7.4e+08 0.0772314 -55.7673 314.048 
7.41e+08 0.0718049 -29.3935 314.472 
7.42e+08 0.00903727 -59.7767 314.896 
7.43e+08 0.0473252 -32.2687 315.321 
7.44e+08 0.0638082 -60.5399 315.745 
7.45e+08 0.0148031 -41.3189 316.169 
7.46e+08 0.0323747 -46.4771 316.594 
7.47e+08 0.0543005 -82.5512 317.019 
7.48e+08 0.0542048 -23.4735 317.443 
7.49e+08 0.017016 -23.5835 317.867 
7.5e+08 0.0530191 -52.4531 318.291 
7.51e+08 0.0398532 -27.4711 318.716 
7.52e+08 0.0879489 -42.0295 319.14 
7.53e+08 0.0564778 -89.6961 319.564 
7.54e+08 0.0333733 -72.472 319.988 
7.55e+08 0.0306492 -11.4422 320.413 
7.56e+08 0.0572887 -46.8582 320.837 
7.57e+08 0.0519929 -46.0493 321.262 
7.58e+08 0.0416395 -31.6405 321.686 
7.59e+08 0.0800814 -59.6735 322.11 
7.6e+08 0.0241689 -55.4392 322.535 
7.61e+08 0.0294838 -51.3552 322.959 
7.62e+08 0.0544429 -66.3248 323.383 
7.63e+08 0.0258319 -85.0173 323.808 
7.64e+08 0.0227711 -54.6437 324.232 
7.65e+08 0.0530519 -82.0616 324.657 
7.66e+08 0.0359595 -28.8177 325.08 
7.67e+08 0.0463274 -51.0055 325.504 
7.68e+08 0.0272549 -17.386 325.929 
7.69e+08 0.0303373 -47.2283 326.353 
7.7e+08 0.0745623 -19.2585 326.777 
7.71e+08 0.0298359 -65.4891 327.201 
7.72e+08 0.0408625 -31.5171 327.625 
7.73e+08 0.0589945 -48.5473 328.05 
7.74e+08 0.0504568 -63.2241 328.473 
7.75e+08 0.0295732 -41.1974 328.898 
7.76e+08 0.019683 -2.55939 329.322 
7.77e+08 0.0709912 -39.9105 329.746 
7.78e+08 0.0406517 -20.6628 330.17 
7.79e+08 0.0615914 -41.5827 330.595 
7.8e+08 0.0548798 -37.8587 331.018 
7.81e+08 0.0322859 -44.9758 331.442 
7.82e+08 0.0279969 -35.513 331.867 
7.83e+08 0.0335847 -38.3416 332.291 
7.84e+08 0.0548814 -32.1166 332.715 
7.85e+08 0.0434264 -53.3977 333.139 
7.86e+08 0.0782734 -2.57195 333.564 
7.87e+08 0.0347512 -23.6772 333.988 
7.88e+08 0.023333 -44.5175 334.413 
7.89e+08 0.0337647 -44.7487 334.838 
7.9e+08 0.025087 -61.2571 335.262 
7.91e+08 0.0197654 -40.3795 335.686 
7.92e+08 0.0504489 -32.0085 336.11 
7.93e+08 0.0431292 -47.5036 336.535 
7.94e+08 0.0412884 -43.6035 336.959 
7.95e+08 0.0736032 -68.1194 337.383 
7.96e+08 0.0299297 -32.3914 337.808 
7.97e+08 0.0358484 -45.5962 338.232 
7.98e+08 0.0506158 -24.9672 338.656 
7.99e+08 0.0461084 -45.3581 339.081 
8e+08 0.0246918 -73.328 339.506 
8.01e+08 0.0422137 -36.6264 339.93 
8.02e+08 0.0730975 -12.9939 340.354 
8.03e+08 0.0691924 -88.4048 340.779 
8.04e+08 0.020608 -12.0657 341.203 
8.05e+08 0.0396491 -52.6578 341.628 
8.06e+08 0.0213546 -33.2432 342.052 
8.07e+08 0.0430834 -69.744 342.476 
8.08e+08 0.0769019 -52.3677 342.901 
8.09e+08 0.0360354 -48.9006 343.326 
8.1e+08 0.0415924 -44.7562 343.75 
8.11e+08 0.0360525 -38.8175 344.174 
8.12e+08 0.0849049 -53.4187 344.598 
8.13e+08 0.00891162 -47.8523 345.023 
8.14e+08 0.0436745 -59.5752 345.447 
8.15e+08 0.0181399 -39.74 345.872 
8.16e+08 0.0560481 -38.7998 346.297 
8.17e+08 0.0478397 -45.34 346.722 
8.18e+08 0.00606594 -50.9395 347.145 
8.19e+08 0.0266569 8.66618 347.569 
8.2e+08 0.0691133 -86.2461 347.994 
8.21e+08 0.0173864 -25.4306 348.417 
8.22e+08 0.0118949 -56.5399 348.841 
8.23e+08 0.0730784 -28.6669 349.266 
8.24e+08 0.0437239 -66.0487 349.69 
8.25e+08 0.0499895 -64.9491 350.115 
8.26e+08 0.0306287 -52.038 350.539 
8.27e+08 0.0576101 -81.9188 350.963 
8.28e+08 0.0400337 -17.1024 351.387 
8.29e+08 0.0354868 -34.413 351.812 
8.3e+08 0.0227672 -10.1121 352.236 
8.31e+08 0.0230991 -15.0088 352.661 
8.32e+08 0.0447548 -37.8089 353.086 
8.33e+08 0.0419172 -29.0351 353.51 
8.34e+08 0.0214615 -26.1288 353.934 
8.35e+08 0.0161084 -79.1238 354.358 
8.36e+08 0.0587905 -33.9059 354.782 
8.37e+08 0.0488958 -57.5228 355.206 
8.38e+08 0.0442666 -66.9696 355.63 
8.39e+08 0.0648395 -35.5527 356.055 
8.4e+08 0.0523729 -31.0566 356.479 
8.41e+08 0.0182843 -112.187 356.904 
8.42e+08 0.0297619 -83.053 357.328 
8.43e+08 0.0258517 -29.1328 357.753 
8.44e+08 0.0382107 -78.2902 358.177 
8.45e+08 0.0509075 -8.55701 358.601 
8.46e+08 0.0445998 -53.235 359.025 
8.47e+08 0.0331691 -64.6134 359.449 
8.48e+08 0.0498286 -30.7728 359.873 
8.49e+08 0.0609622 -85.8427 360.297 
8.5e+08 0.0931649 -51.3666 360.721 
8.51e+08 0.0668587 -40.3667 361.145 
8.52e+08 0.0324792 -71.4259 361.569 
8.53e+08 0.0865131 -69.9361 361.992 
8.54e+08 0.0425794 -65.1241 362.416 
8.55e+08 0.0747998 -77.9586 362.84 
8.56e+08 0.0491146 -16.1828 363.264 
8.57e+08 0.0334374 -49.9674 363.688 
8.58e+08 0.0546773 -17.1152 364.112 
8.59e+08 0.0310235 -51.8046 364.536 
8.6e+08 0.0504502 -35.6453 364.962 
8.61e+08 0.0481914 -64.2994 365.386 
8.62e+08 0.0552912 -83.5262 365.81 
8.63e+08 0.060818 -65.2663 366.235 
8.64e+08 0.0372 -9.61769 366.659 
8.65e+08 0.0627714 -13.2547 367.084 
8.66e+08 0.0462368 -60.3622 367.508 
8.67e+08 0.0218493 -73.5689 367.933 
8.68e+08 0.0174979 -28.5213 368.358 
8.69e+08 0.0647531 -29.2128 368.782 
8.7e+08 0.037565 -57.0037 369.207 
8.71e+08 0.0428602 -57.4949 369.631 
8.72e+08 0.0203339 22.5745 370.056 
8.73e+08 0.0361552 -11.7466 370.481 
8.74e+08 0.0460933 -59.4239 370.905 
8.75e+08 0.0685008 -102.47 371.33 
8.76e+08 0.0614658 -33.177 371.754 
8.77e+08 0.0273567 -63.2542 372.178 
8.78e+08 0.056721 -64.0854 372.603 
8.79e+08 0.0645875 -94.4907 373.027 
8.8e+08 0.0403205 -50.6659 373.451 
8.81e+08 0.0442503 -67.7844 373.876 
8.82e+08 0.0868941 -70.0072 374.3 
8.83e+08 0.0515554 -45.8358 374.724 
8.84e+08 0.0780691 -68.8528 375.148 
8.85e+08 0.0632075 -50.8916 375.573 
8.86e+08 0.0565007 -56.0694 375.998 
8.87e+08 0.0279532 -28.5946 376.422 
8.88e+08 0.0301316 -64.28 376.847 
8.89e+08 0.0304698 -57.9297 377.271 
8.9e+08 0.033487 -32.8279 377.696 
8.91e+08 0.0352961 -71.1139 378.12 
8.92e+08 0.0612451 -22.2209 378.544 
8.93e+08 0.0686555 -65.4469 378.968 
8.94e+08 0.0137532 -41.113 379.393 
8.95e+08 0.0194422 -13.4282 379.817 
8.96e+08 0.0428421 -42.5785 380.241 
8.97e+08 0.0744646 -7.45302 380.666 
8.98e+08 0.0457334 -56.8444 381.091 
8.99e+08 0.0238246 -78.3333 381.516 
9e+08 0.0463599 -73.2693 381.94 
9.01e+08 0.0261892 -65.3032 382.364 
9.02e+08 0.0765461 -36.6511 382.789 
9.03e+08 0.0403878 -65.3025 383.213 
9.04e+08 0.0221015 -12.8135 383.638 
9.05e+08 0.0367141 -46.1439 384.062 
9.06e+08 0.0641562 -77.8901 384.487 
9.07e+08 0.02648 -23.6031 384.911 
9.08e+08 0.0398292 -70.2542 385.335 
9.09e+08 0.039868 -49.4045 385.76 
9.1e+08 0.0663656 -52.1691 386.185 
9.11e+08 0.0569307 -24.0443 386.61 
9.12e+08 0.0312215 -39.9319 387.034 
9.13e+08 0.0684223 -53.9193 387.459 
9.14e+08 0.0321035 -51.642 387.883 
9.15e+08 0.0413663 -40.4775 388.309 
9.16e+08 0.086764 -76.9174 388.733 
9.17e+08 0.0405712 -40.3274 389.158 
9.18e+08 0.0685629 -91.5031 389.582 
9.19e+08 0.0273509 -36.6041 390.007 
9.2e+08 0.0474765 -46.3004 390.432 
9.21e+08 0.0672235 -70.1258 390.856 
9.22e+08 0.0687215 -46.0569 391.281 
9.23e+08 0.0329953 -47.4879 391.705 
9.24e+08 0.0577934 -47.3219 392.13 
9.25e+08 0.0292431 -50.3059 392.555 
9.26e+08 0.0610907 -33.332 392.979 
9.27e+08 0.0466587 -60.2396 393.403 
9.28e+08 0.0757753 -57.7827 393.827 
9.29e+08 0.0588311 -68.3955 394.252 
9.3e+08 0.0298462 -59.7579 394.676 
9.31e+08 0.0487025 -75.9228 395.101 
9.32e+08 0.0536775 -61.338 395.525 
9.33e+08 0.0489115 -32.3602 395.949 
9.34e+08 0.0242623 -68.8001 396.373 
9.35e+08 0.0192824 -29.6522 396.798 
9.36e+08 0.0625535 -46.0275 397.222 
9.37e+08 0.0622228 -59.6322 397.646 
9.38e+08 0.0135354 -16.3966 398.071 
9.39e+08 0.107708 -5.17523 398.495 
9.4e+08 0.043646 -49.9737 398.919 
9.41e+08 0.0515117 -55.5046 399.343 
9.42e+08 0.0241331 -43.2533 399.767 
9.43e+08 0.0322359 -90.2564 400.191 
9.44e+08 0.0183804 -55.4054 400.615 
9.45e+08 0.0374947 -51.4709 401.04 
9.46e+08 0.0512786 -56.9658 401.464 
9.47e+08 0.056231 -70.0493 401.888 
9.48e+08 0.0245031 -62.1812 402.312 
9.49e+08 0.0383511 -67.7784 402.736 
9.5e+08 0.0735324 -99.4816 403.161 
9.51e+08 0.0566835 -62.5478 403.585 
9.52e+08 0.0758884 -38.5956 404.009 
9.53e+08 0.0669758 -70.5171 404.433 
9.54e+08 0.0578822 -44.7687 404.857 
9.55e+08 0.0414066 -23.4056 405.281 
9.56e+08 0.0596001 -48.3392 405.706 
9.57e+08 0.041382 -59.2701 406.13 
9.58e+08 0.0478414 -68.576 406.555 
9.59e+08 0.0393156 -60.1133 406.979 
9.6e+08 0.0362789 -54.2019 407.403 
9.61e+08 0.0165676 -69.06 407.828 
9.62e+08 0.062666 -73.4528 408.252 
9.63e+08 0.0503859 -84.4607 408.677 
9.64e+08 0.0660476 -54.4338 409.102 
9.65e+08 0.0303268 -109.793 409.527 
9.66e+08 0.0571129 -32.3702 409.951 
9.67e+08 0.0478832 -51.6473 410.376 
9.68e+08 0.0363785 -28.9218 410.8 
9.69e+08 0.0641543 -51.5746 411.224 
9.7e+08 0.0621204 -36.5298 411.649 
9.71e+08 0.014677 -64.8747 412.073 
9.72e+08 0.060503 -26.0515 412.497 
9.73e+08 0.0170196 -36.4946 412.922 
9.74e+08 0.0281563 -66.0809 413.346 
9.75e+08 0.0348385 -29.6313 413.771 
9.76e+08 0.0359428 -48.2061 414.195 
9.77e+08 0.0909295 -58.0695 414.62 
9.78e+08 0.0737524 -70.405 415.044 
9.79e+08 0.0215152 -93.1897 415.468 
9.8e+08 0.0582418 -49.6926 415.893 
9.81e+08 0.0360652 -87.8836 416.317 
9.82e+08 0.0343561 -53.2915 416.741 
9.83e+08 0.0580175 -52.1335 417.166 
9.84e+08 0.0269274 -29.9628 417.59 
9.85e+08 0.0755488 -71.8272 418.014 
9.86e+08 0.0340438 -67.8293 418.439 
9.87e+08 0.0395447 -48.3046 418.863 
9.88e+08 0.0843268 9.44045 419.288 
9.89e+08 0.0638066 -34.9108 419.713 
9.9e+08 0.0886008 -71.8769 420.137 
9.91e+08 0.0593746 -49.4215 420.561 
9.92e+08 0.00962609 -71.9919 420.985 
9.93e+08 0.0777368 -72.4891 421.41 
9.94e+08 0.0054022 -41.7475 421.834 
9.95e+08 0.0200613 -11.4104 422.258 
9.96e+08 0.0527736 -58.2733 422.683 
9.97e+08 0.0322623 -50.7987 423.107 
9.98e+08 0.0274536 -25.2998 423.531 
9.99e+08 0.0630155 -26.0106 423.954 
1e+09 0.0351981 -90.0078 424.378 
