0 0.0242691 -9.04589 0 
1e+06 0.0368423 -38.8938 0.428415 
2e+06 0.0292561 -28.3204 0.857678 
3e+06 0.0798934 -17.4042 1.28598 
4e+06 0.0371777 -23.6492 1.71609 
5e+06 0.0632521 -14.6197 2.14571 
6e+06 0.0758923 -80.8763 2.57238 
7e+06 0.0414937 -65.9773 2.9988 
8e+06 0.0252299 -57.4574 3.42618 
9e+06 0.0545333 -10.2302 3.85366 
1e+07 0.0311025 -32.6166 4.28174 
1.1e+07 0.0433014 -130.502 4.71006 
1.2e+07 0.0736015 -73.1422 5.13946 
1.3e+07 0.0274087 -70.8049 5.5689 
1.4e+07 0.0632918 -28.3907 5.99994 
1.5e+07 0.033658 -34.0052 6.42918 
1.6e+07 0.0558902 -41.9469 6.85976 
1.7e+07 0.0597248 -4.44732 7.29011 
1.8e+07 0.0300196 -45.3734 7.72105 
1.9e+07 0.0229099 -65.0839 8.15183 
2e+07 0.0430948 -55.505 8.57782 
2.1e+07 0.0444902 -30.242 9.00815 
2.2e+07 0.0474082 -51.2205 9.43791 
2.3e+07 0.056449 -76.2487 9.86849 
2.4e+07 0.073746 -64.7297 10.2972 
2.5e+07 0.0352973 -63.5187 10.727 
2.6e+07 0.0401146 -11.096 11.1549 
2.7e+07 0.0370647 -77.4983 11.5838 
2.8e+07 0.0479068 -32.8512 12.0141 
2.9e+07 0.0637919 -29.6789 12.4412 
3e+07 0.0342557 -66.7227 12.8676 
3.1e+07 0.0775524 -7.98773 13.2982 
3.2e+07 0.072209 -18.3697 13.7248 
3.3e+07 0.016349 -12.7972 14.1492 
3.4e+07 0.0456451 -84.1267 14.5771 
3.5e+07 0.0351665 -71.3005 15.003 
3.6e+07 0.0470879 -43.7399 15.4282 
3.7e+07 0.0541139 -32.2269 15.8534 
3.8e+07 0.0480702 -94.4433 16.2803 
3.9e+07 0.0765417 -24.2898 16.7046 
4e+07 0.0603808 -26.5152 17.1321 
4.1e+07 0.0440189 -72.3444 17.5584 
4.2e+07 0.0600944 -50.4046 17.9875 
4.3e+07 0.0888105 -7.23207 18.4161 
4.4e+07 0.0773948 -38.2719 18.8421 
4.5e+07 0.0253207 -8.90519 19.2696 
4.6e+07 0.0315031 -19.8096 19.6966 
4.7e+07 0.0365566 -33.783 20.1264 
4.8e+07 0.0527998 -84.1215 20.552 
4.9e+07 0.0416971 -97.1663 20.9778 
5e+07 0.0490384 -58.2155 21.4045 
5.1e+07 0.0778147 -53.1027 21.833 
5.2e+07 0.0783224 -2.28423 22.2596 
5.3e+07 0.0431256 -71.9181 22.6878 
5.4e+07 0.0483214 -50.6798 23.1144 
5.5e+07 0.0414973 -67.1282 23.5383 
5.6e+07 0.0505572 -57.3302 23.9627 
5.7e+07 0.0269327 -17.5623 24.3888 
5.8e+07 0.0607028 -54.0412 24.8152 
5.9e+07 0.0412592 -75.3408 25.2426 
6e+07 0.0586186 -39.6656 25.6703 
6.1e+07 0.0474648 -38.7616 26.098 
6.2e+07 0.0584164 -29.8001 26.5272 
6.3e+07 0.0445466 -91.2598 26.9562 
6.4e+07 0.0853007 -56.3412 27.3847 
6.5e+07 0.0183464 -54.3627 27.8158 
6.6e+07 0.0303204 -42.9074 28.2451 
6.7e+07 0.0367339 -63.243 28.676 
6.8e+07 0.0417332 -43.7853 29.1035 
6.9e+07 0.0195067 -28.3568 29.5314 
7e+07 0.0364214 -67.7095 29.9624 
7.1e+07 0.0466084 -34.8391 30.3931 
7.2e+07 0.0413958 -67.7419 30.8254 
7.3e+07 0.0637308 -51.2629 31.2534 
7.4e+07 0.0274272 -23.2054 31.6796 
7.5e+07 0.0203764 -45.7923 32.1094 
7.6e+07 0.0917464 -22.522 32.5403 
7.7e+07 0.0482231 -16.8394 32.9676 
7.8e+07 0.0432163 -69.5402 33.3956 
7.9e+07 0.022217 -43.0141 33.8239 
8e+07 0.0629206 -65.3343 34.2505 
8.1e+07 0.0419158 -89.3433 34.6782 
8.2e+07 0.0364139 -80.2976 35.104 
8.3e+07 0.0463614 -45.842 35.532 
8.4e+07 0.0456686 -73.4366 35.959 
8.5e+07 0.054305 -59.6064 36.3881 
8.6e+07 0.0586034 -69.5046 36.8166 
8.7e+07 0.0411283 -34.0343 37.2457 
8.8e+07 0.0549235 -53.0083 37.6751 
8.9e+07 0.0381609 -42.1306 38.1049 
9e+07 0.0347492 -57.9569 38.5347 
9.1e+07 0.0740463 -55.5529 38.967 
9.2e+07 0.0728471 -22.5257 39.3947 
9.3e+07 0.0548372 -50.8958 39.8218 
9.4e+07 0.0619365 -61.0993 40.2501 
9.5e+07 0.0520839 -46.2636 40.6778 
9.6e+07 0.0432183 -22.7353 41.107 
9.7e+07 0.0413306 -29.7497 41.5352 
9.8e+07 0.0441208 -20.508 41.9624 
9.9e+07 0.0424504 -60.4596 42.3877 
1e+08 0.0307247 -80.8127 42.8182 
1.01e+08 0.0274293 -73.0955 43.2509 
1.02e+08 0.0368853 -43.9229 43.6841 
1.03e+08 0.013961 -39.1012 44.1097 
1.04e+08 0.0392058 -46.1943 44.5335 
1.05e+08 0.0704261 -112.635 44.9575 
1.06e+08 0.0358224 -24.8585 45.3822 
1.07e+08 0.0196085 -46.5006 45.8058 
1.08e+08 0.0252288 -52.0878 46.2296 
1.09e+08 0.0328911 -28.6583 46.6537 
1.1e+08 0.0524963 -15.7703 47.0779 
1.11e+08 0.012094 -54.0451 47.5029 
1.12e+08 0.042629 -41.0202 47.9274 
1.13e+08 0.0382131 -26.5207 48.3546 
1.14e+08 0.0332214 -61.2337 48.781 
1.15e+08 0.0486218 -23.8153 49.2097 
1.16e+08 0.0311073 -19.854 49.6373 
1.17e+08 0.053463 -79.6543 50.0662 
1.18e+08 0.0541179 -10.9644 50.4961 
1.19e+08 0.055531 -38.8378 50.9219 
1.2e+08 0.0533703 -68.6272 51.3471 
1.21e+08 0.0529168 -34.4457 51.7716 
1.22e+08 0.0463465 -28.2827 52.2 
1.23e+08 0.0220511 -32.9899 52.6248 
1.24e+08 0.0583654 -38.7585 53.0516 
1.25e+08 0.0869949 -52.8766 53.4785 
1.26e+08 0.0312331 -48.009 53.9045 
1.27e+08 0.0415102 -56.3593 54.3284 
1.28e+08 0.040255 -39.405 54.7519 
1.29e+08 0.0278668 -29.5022 55.1765 
1.3e+08 0.0553365 -34.7921 55.6045 
1.31e+08 0.021135 -59.4944 56.0345 
1.32e+08 0.0360221 -47.0417 56.4621 
1.33e+08 0.055172 -88.2492 56.8897 
1.34e+08 0.0188338 -63.9523 57.3168 
1.35e+08 0.0110403 -17.784 57.7434 
1.36e+08 0.0662675 5.38968 58.1718 
1.37e+08 0.0422954 -56.7961 58.6006 
1.38e+08 0.0331409 -71.9422 59.0326 
1.39e+08 0.0729885 -25.452 59.4608 
1.4e+08 0.0228655 -58.7266 59.8878 
1.41e+08 0.0409585 -40.847 60.3166 
1.42e+08 0.0536125 -24.182 60.7436 
1.43e+08 0.0588021 -50.1011 61.1754 
1.44e+08 0.0522951 -12.8543 61.6041 
1.45e+08 0.059598 -71.4214 62.0327 
1.46e+08 0.0177471 -49.474 62.4585 
1.47e+08 0.0966619 -30.773 62.8847 
1.48e+08 0.0502257 -56.1684 63.3153 
1.49e+08 0.0404071 -17.251 63.7439 
1.5e+08 0.0258074 -84.3883 64.1689 
1.51e+08 0.0754915 -91.1828 64.5951 
1.52e+08 0.0472496 -93.3344 65.0204 
1.53e+08 0.0394836 -23.9815 65.4478 
1.54e+08 0.0262034 -90.7288 65.8722 
1.55e+08 0.0633922 -61.4717 66.298 
1.56e+08 0.0722075 -31.8116 66.7243 
1.57e+08 0.0598135 -38.6051 67.1536 
1.58e+08 0.0295042 -75.7525 67.5828 
1.59e+08 0.0504357 -58.8321 68.0112 
1.6e+08 0.0344562 -53.4891 68.439 
1.61e+08 0.070168 -70.6909 68.8663 
1.62e+08 0.0614999 -67.7472 69.2961 
1.63e+08 0.0396241 -33.0057 69.7265 
1.64e+08 0.0291115 -30.5219 70.154 
1.65e+08 0.0500784 -26.5806 70.5817 
1.66e+08 0.0522794 -61.0844 71.0106 
1.67e+08 0.0496113 -31.0263 71.4394 
1.68e+08 0.0629911 -72.9628 71.8695 
1.69e+08 0.0594129 -40.9764 72.2975 
1.7e+08 0.0427853 -71.3613 72.7283 
1.71e+08 0.0453994 -31.5047 73.155 
1.72e+08 0.0585465 -57.0408 73.5815 
1.73e+08 0.0617572 -42.5363 74.0077 
1.74e+08 0.0598326 -91.4739 74.4348 
1.75e+08 0.029178 -51.8826 74.8612 
1.76e+08 0.056099 -52.9482 75.2862 
1.77e+08 0.0150507 -71.5101 75.7138 
1.78e+08 0.102372 -109.449 76.1408 
1.79e+08 0.0323025 -22.1062 76.565 
1.8e+08 0.0518913 -32.3663 76.9915 
1.81e+08 0.0623651 -60.7657 77.4148 
1.82e+08 0.0364413 -83.9469 77.8405 
1.83e+08 0.0373491 -79.3115 78.2652 
1.84e+08 0.0338365 -63.0121 78.6929 
1.85e+08 0.0779596 -92.1256 79.1203 
1.86e+08 0.0440318 -45.5841 79.5492 
1.87e+08 0.0744647 -72.1197 79.9757 
1.88e+08 0.0619892 -36.7055 80.4035 
1.89e+08 0.0621865 -81.2258 80.8314 
1.9e+08 0.0382392 -75.2375 81.2604 
1.91e+08 0.0431166 -56.1432 81.6878 
1.92e+08 0.014421 -78.1155 82.113 
1.93e+08 0.0271662 -0.547641 82.5373 
1.94e+08 0.0225098 -47.5345 82.9664 
1.95e+08 0.0891225 -58.9597 83.401 
1.96e+08 0.0419225 -29.7668 83.8313 
1.97e+08 0.0379051 -11.4163 84.2601 
1.98e+08 0.0526368 -21.1279 84.6856 
1.99e+08 0.0346412 -44.2075 85.1107 
2e+08 0.0542011 -29.7224 85.5347 
2.01e+08 0.0239662 -28.9101 85.9607 
2.02e+08 0.0320859 -88.4943 86.388 
2.03e+08 0.0563594 -49.9739 86.8145 
2.04e+08 0.0673315 -33.9607 87.2426 
2.05e+08 0.0378561 -61.6375 87.6698 
2.06e+08 0.063666 -48.8587 88.0994 
2.07e+08 0.0789962 -82.2967 88.5279 
2.08e+08 0.0365693 -22.4902 88.9581 
2.09e+08 0.0460908 -43.1548 89.388 
2.1e+08 0.0492247 -48.8534 89.8169 
2.11e+08 0.0456948 -73.1738 90.2457 
2.12e+08 0.0682142 -32.4005 90.6754 
2.13e+08 0.0150351 -81.742 91.1026 
2.14e+08 0.0202618 -10.3638 91.5301 
2.15e+08 0.0969852 -27.788 91.9592 
2.16e+08 0.0343533 -58.7685 92.3868 
2.17e+08 0.0337003 -23.4296 92.8162 
2.18e+08 0.0324228 -76.2041 93.2472 
2.19e+08 0.0455987 -15.9294 93.6759 
2.2e+08 0.0114243 -55.9418 94.1036 
2.21e+08 0.0520022 -21.4014 94.5301 
2.22e+08 0.0439387 -18.5861 94.9585 
2.23e+08 0.0542028 -54.6781 95.3879 
2.24e+08 0.022453 -46.9469 95.8151 
2.25e+08 0.00371103 -14.9122 96.2423 
2.26e+08 0.0417954 -91.662 96.6674 
2.27e+08 0.036659 -52.2686 97.0975 
2.28e+08 0.023233 -27.369 97.5271 
2.29e+08 0.0568178 -69.1962 97.9565 
2.3e+08 0.0595424 -59.6352 98.3837 
2.31e+08 0.0239081 -62.1276 98.8124 
2.32e+08 0.060389 -44.196 99.2404 
2.33e+08 0.0440453 -55.4744 99.6681 
2.34e+08 0.0344374 -41.4951 100.096 
2.35e+08 0.0259905 -52.8453 100.523 
2.36e+08 0.0382965 -79.5499 100.95 
2.37e+08 0.0440709 -49.7957 101.381 
2.38e+08 0.0604894 -16.8895 101.809 
2.39e+08 0.0369426 -73.5124 102.238 
2.4e+08 0.0315353 -32.878 102.668 
2.41e+08 0.0464671 -24.977 103.096 
2.42e+08 0.0210651 -31.6796 103.521 
2.43e+08 0.0346591 -52.3277 103.95 
2.44e+08 0.0347777 -13.3478 104.379 
2.45e+08 0.0149507 -98.569 104.805 
2.46e+08 0.0252783 -56.2696 105.233 
2.47e+08 0.0660494 -62.8105 105.659 
2.48e+08 0.020035 -44.3812 106.087 
2.49e+08 0.023351 -49.265 106.512 
2.5e+08 0.0236389 -63.9381 106.937 
2.51e+08 0.060185 -84.3378 107.364 
2.52e+08 0.0148014 -70.4542 107.787 
2.53e+08 0.0567946 -47.7906 108.211 
2.54e+08 0.0312822 -43.3619 108.636 
2.55e+08 0.0433335 -24.5706 109.061 
2.56e+08 0.0430814 -29.0895 109.489 
2.57e+08 0.0543612 -49.5323 109.917 
2.58e+08 0.0619132 -75.2556 110.343 
2.59e+08 0.0633765 -82.8855 110.77 
2.6e+08 0.0418604 -67.4901 111.198 
2.61e+08 0.0417057 -63.0988 111.626 
2.62e+08 0.0588233 -54.5455 112.053 
2.63e+08 0.0629285 -27.1503 112.48 
2.64e+08 0.0315193 -25.8879 112.904 
2.65e+08 0.0362895 -66.2782 113.33 
2.66e+08 0.0453491 -49.9614 113.758 
2.67e+08 0.0296335 -29.6681 114.187 
2.68e+08 0.0836703 -48.8065 114.617 
2.69e+08 0.0322596 -40.8336 115.046 
2.7e+08 0.0080706 -66.6956 115.472 
2.71e+08 0.0406871 -28.0423 115.898 
2.72e+08 0.0491255 -31.5456 116.324 
2.73e+08 0.0544993 -68.5839 116.752 
2.74e+08 0.044099 -43.3184 117.181 
2.75e+08 0.0329069 -61.6457 117.608 
2.76e+08 0.0334823 -64.9654 118.039 
2.77e+08 0.0376464 -21.7794 118.468 
2.78e+08 0.046306 -10.3634 118.898 
2.79e+08 0.0194605 -25.9332 119.327 
2.8e+08 0.0436793 -48.6121 119.755 
2.81e+08 0.0905104 -61.382 120.184 
2.82e+08 0.112758 -63.4026 120.612 
2.83e+08 0.0389322 -40.22 121.042 
2.84e+08 0.0732324 -26.5505 121.471 
2.85e+08 0.0151341 -59.9396 121.899 
2.86e+08 0.0399295 -54.9721 122.327 
2.87e+08 0.0493773 -50.4899 122.755 
2.88e+08 0.0390199 -9.55487 123.184 
2.89e+08 0.0759906 -23.1279 123.614 
2.9e+08 0.024458 -24.9187 124.04 
2.91e+08 0.0434351 -42.9646 124.468 
2.92e+08 0.0156531 -42.5388 124.897 
2.93e+08 0.034421 -38.9078 125.328 
2.94e+08 0.0245704 -75.7013 125.754 
2.95e+08 0.0642189 -31.419 126.182 
2.96e+08 0.0365976 -69.6521 126.61 
2.97e+08 0.0387068 -63.3558 127.034 
2.98e+08 0.0422495 -56.0988 127.459 
2.99e+08 0.0538577 -79.6074 127.887 
3e+08 0.0263256 -58.5984 128.317 
3.01e+08 0.0675581 -63.0178 128.745 
3.02e+08 0.0245734 -73.9432 129.173 
3.03e+08 0.0578765 -27.6168 129.601 
3.04e+08 0.071803 -79.763 130.03 
3.05e+08 0.0172234 -59.5905 130.458 
3.06e+08 0.0522475 -44.4016 130.886 
3.07e+08 0.0805756 -55.749 131.311 
3.08e+08 0.0682139 -43.8399 131.74 
3.09e+08 0.0318533 -65.4624 132.168 
3.1e+08 0.0073492 -64.4463 132.598 
3.11e+08 0.0281127 -23.9882 133.028 
3.12e+08 0.0651939 -70.7806 133.458 
3.13e+08 0.0538622 -50.4383 133.887 
3.14e+08 0.0652251 -21.7744 134.316 
3.15e+08 0.0775466 -62.155 134.743 
3.16e+08 0.04433 -51.5183 135.171 
3.17e+08 0.037431 -38.9785 135.596 
3.18e+08 0.0453573 -34.6278 136.024 
3.19e+08 0.0173226 -42.9256 136.45 
3.2e+08 0.0573422 -63.7905 136.875 
3.21e+08 0.045953 -32.201 137.301 
3.22e+08 0.017132 -45.4203 137.729 
3.23e+08 0.0167358 -80.3345 138.156 
3.24e+08 0.0464978 -49.0917 138.58 
3.25e+08 0.0218913 -55.2532 139.008 
3.26e+08 0.0390409 -96.5877 139.434 
3.27e+08 0.0649273 -54.2013 139.859 
3.28e+08 0.0269771 -25.8555 140.288 
3.29e+08 0.0421 -93.6647 140.716 
3.3e+08 0.0454416 -52.685 141.143 
3.31e+08 0.0251911 -58.8154 141.569 
3.32e+08 0.064088 -105.803 141.996 
3.33e+08 0.0994765 -74.8896 142.425 
3.34e+08 0.0219188 -66.0643 142.856 
3.35e+08 0.04889 -68.8083 143.287 
3.36e+08 0.0493905 -8.79367 143.711 
3.37e+08 0.0285906 -71.7285 144.135 
3.38e+08 0.0396069 -53.8338 144.559 
3.39e+08 0.0375525 -56.5925 144.983 
3.4e+08 0.0225721 -49.9356 145.408 
3.41e+08 0.0307595 -57.0879 145.832 
3.42e+08 0.0580382 -50.284 146.256 
3.43e+08 0.0245663 -74.9709 146.679 
3.44e+08 0.0558249 -63.1102 147.102 
3.45e+08 0.0187477 -36.9083 147.527 
3.46e+08 0.0564113 -78.8355 147.954 
3.47e+08 0.0506169 -54.5754 148.383 
3.48e+08 0.0471203 -25.5907 148.81 
3.49e+08 0.0364978 -41.0297 149.236 
3.5e+08 0.0182051 -56.4029 149.663 
3.51e+08 0.031111 -75.4757 150.091 
3.52e+08 0.0848078 -15.8637 150.518 
3.53e+08 0.0591366 -51.9983 150.945 
3.54e+08 0.0319513 -61.8984 151.376 
3.55e+08 0.0677752 -59.8153 151.806 
3.56e+08 0.0319278 -48.0618 152.234 
3.57e+08 0.0107802 -56.5989 152.663 
3.58e+08 0.0401171 -61.0016 153.093 
3.59e+08 0.0254956 -73.1408 153.521 
3.6e+08 0.041263 -30.477 153.952 
3.61e+08 0.047307 -19.2515 154.378 
3.62e+08 0.0529841 -6.88727 154.809 
3.63e+08 0.0511155 -58.1181 155.238 
3.64e+08 0.0185571 -48.6049 155.669 
3.65e+08 0.0551844 -114.022 156.098 
3.66e+08 0.0506057 -78.3044 156.529 
3.67e+08 0.0793069 -95.0298 156.956 
3.68e+08 0.0428131 -49.9984 157.383 
3.69e+08 0.0687212 -58.5868 157.807 
3.7e+08 0.0426512 -78.0908 158.234 
3.71e+08 0.0449672 -32.4632 158.661 
3.72e+08 0.0311592 -37.4834 159.089 
3.73e+08 0.0449136 -42.6679 159.517 
3.74e+08 0.0201202 -109.149 159.946 
3.75e+08 0.0378382 -34.5742 160.374 
3.76e+08 0.0374948 -69.3594 160.801 
3.77e+08 0.0611536 -68.9633 161.227 
3.78e+08 0.0543041 -61.4628 161.654 
3.79e+08 0.00705948 -59.0272 162.079 
3.8e+08 0.0437273 -98.2648 162.508 
3.81e+08 0.0171478 -57.1099 162.936 
3.82e+08 0.0229714 -50.3682 163.365 
3.83e+08 0.011374 -72.4418 163.796 
3.84e+08 0.0567255 -84.7085 164.224 
3.85e+08 0.0149272 -53.6415 164.651 
3.86e+08 0.0368125 -69.1898 165.081 
3.87e+08 0.0504725 -98.3038 165.507 
3.88e+08 0.0356337 -76.2057 165.935 
3.89e+08 0.0184133 -63.2459 166.364 
3.9e+08 0.0243255 -32.2332 166.79 
3.91e+08 0.0832213 -54.272 167.215 
3.92e+08 0.0572427 -39.8463 167.64 
3.93e+08 0.0852289 -63.6093 168.065 
3.94e+08 0.0565681 -70.6132 168.494 
3.95e+08 0.0466797 -58.3531 168.92 
3.96e+08 0.0323377 -37.8711 169.345 
3.97e+08 0.0732368 -72.3236 169.773 
3.98e+08 0.0220111 -9.46206 170.202 
3.99e+08 0.0555245 -106.114 170.628 
4e+08 0.0460591 -58.3895 171.053 
4.01e+08 0.0370429 -10.5949 171.482 
4.02e+08 0.0311896 -71.7191 171.911 
4.03e+08 0.079321 -45.6001 172.34 
4.04e+08 0.0502603 -46.5401 172.769 
4.05e+08 0.0296858 -51.2995 173.201 
4.06e+08 0.0555062 -53.603 173.629 
4.07e+08 0.0103572 -76.1852 174.057 
4.08e+08 0.061614 -62.0401 174.482 
4.09e+08 0.0446438 -70.4633 174.908 
4.1e+08 0.0611395 -51.3575 175.333 
4.11e+08 0.00806753 -66.993 175.76 
4.12e+08 0.0283378 -50.6329 176.187 
4.13e+08 0.0302038 -79.863 176.614 
4.14e+08 0.038529 -19.323 177.039 
4.15e+08 0.0256677 -67.1459 177.464 
4.16e+08 0.054852 -54.9128 177.893 
4.17e+08 0.0249737 -43.2538 178.321 
4.18e+08 0.0673624 -73.5066 178.753 
4.19e+08 0.036566 5.33043 179.183 
4.2e+08 0.0671115 -122.712 179.61 
4.21e+08 0.022203 -15.1302 180.038 
4.22e+08 0.0575361 -112.219 180.468 
4.23e+08 0.0364015 -58.7781 180.897 
4.24e+08 0.0366188 -93.1336 181.325 
4.25e+08 0.0734074 -57.4386 181.754 
4.26e+08 0.0654702 -34.7493 182.184 
4.27e+08 0.0529837 -32.1647 182.61 
4.28e+08 0.0415654 -5.9812 183.039 
4.29e+08 0.085813 -65.8604 183.468 
4.3e+08 0.0632258 -20.1065 183.896 
4.31e+08 0.0134501 -75.715 184.324 
4.32e+08 0.0693611 -47.7032 184.75 
4.33e+08 0.0163161 -74.9008 185.177 
4.34e+08 0.0449497 -53.1868 185.606 
4.35e+08 0.0640812 -40.8111 186.033 
4.36e+08 0.0349606 -38.4911 186.459 
4.37e+08 0.019454 -11.686 186.887 
4.38e+08 0.0451647 -64.5326 187.313 
4.39e+08 0.0368732 -90.7319 187.738 
4.4e+08 0.0740537 -55.663 188.164 
4.41e+08 0.0401649 -91.5182 188.588 
4.42e+08 0.0208242 -55.5403 189.014 
4.43e+08 0.0562989 -66.1347 189.439 
4.44e+08 0.049596 -64.3332 189.868 
4.45e+08 0.0182303 -84.7833 190.295 
4.46e+08 0.032863 -71.0449 190.721 
4.47e+08 0.0341797 -13.7914 191.151 
4.48e+08 0.0638993 -90.102 191.578 
4.49e+08 0.0255472 -67.226 192.004 
4.5e+08 0.0537241 -46.3646 192.429 
4.51e+08 0.0736459 -80.3129 192.855 
4.52e+08 0.0431116 -69.2443 193.282 
4.53e+08 0.0498724 -71.3905 193.71 
4.54e+08 0.0631656 -59.7326 194.141 
4.55e+08 0.07019 -62.4589 194.568 
4.56e+08 0.0450455 -62.1269 194.998 
4.57e+08 0.0301521 -52.1691 195.428 
4.58e+08 0.0585695 -61.5496 195.856 
4.59e+08 0.0530268 -45.3123 196.282 
4.6e+08 0.032873 -44.9983 196.711 
4.61e+08 0.0371302 -58.1036 197.139 
4.62e+08 0.016198 -6.97086 197.563 
4.63e+08 0.0251383 -87.3256 197.993 
4.64e+08 0.076905 -40.6354 198.417 
4.65e+08 0.0444597 -55.9167 198.84 
4.66e+08 0.0542538 -93.135 199.268 
4.67e+08 0.0555983 -41.6941 199.692 
4.68e+08 0.0251294 -39.4543 200.12 
4.69e+08 0.0611952 -17.4797 200.543 
4.7e+08 0.048394 -34.7099 200.972 
4.71e+08 0.0318297 -20.7257 201.399 
4.72e+08 0.0607407 -36.8337 201.825 
4.73e+08 0.0416971 -60.5805 202.25 
4.74e+08 0.0621855 -62.7974 202.677 
4.75e+08 0.0607719 -16.9314 203.105 
4.76e+08 0.0337857 -67.673 203.531 
4.77e+08 0.0605438 -62.5937 203.96 
4.78e+08 0.0277928 -71.3215 204.387 
4.79e+08 0.0428479 -43.4824 204.814 
4.8e+08 0.0732102 -52.3095 205.244 
4.81e+08 0.0724727 -52.0569 205.671 
4.82e+08 0.076782 -54.921 206.095 
4.83e+08 0.0838416 -9.53623 206.522 
4.84e+08 0.0771449 -54.7751 206.948 
4.85e+08 0.0391729 -53 207.372 
4.86e+08 0.0285224 -42.4571 207.796 
4.87e+08 0.0499333 -66.4186 208.22 
4.88e+08 0.0660357 -78.7101 208.645 
4.89e+08 0.0486418 -117.373 209.073 
4.9e+08 0.0345382 -15.6265 209.5 
4.91e+08 0.0398996 -32.5274 209.927 
4.92e+08 0.0391569 -16.8765 210.354 
4.93e+08 0.0526151 -42.1072 210.782 
4.94e+08 0.0561921 -43.9816 211.212 
4.95e+08 0.0192978 -57.5329 211.64 
4.96e+08 0.0674341 -64.1959 212.066 
4.97e+08 0.067511 -39.8632 212.501 
4.98e+08 0.0591333 -72.4846 212.931 
4.99e+08 0.0350058 -24.9081 213.365 
5e+08 0.0223826 -30.1582 213.792 
5.01e+08 0.0282639 -55.0243 214.218 
5.02e+08 0.0527931 -21.9604 214.644 
5.03e+08 0.0300606 -73.2511 215.071 
5.04e+08 0.0777341 -61.3238 215.497 
5.05e+08 0.0498801 -34.8255 215.923 
5.06e+08 0.039371 -16.2056 216.349 
5.07e+08 0.0814958 -45.6807 216.776 
5.08e+08 0.0297969 -39.419 217.203 
5.09e+08 0.0553719 -104.356 217.632 
5.1e+08 0.0421376 -42.7564 218.059 
5.11e+08 0.0677149 -51.6944 218.485 
5.12e+08 0.0463269 -30.4862 218.914 
5.13e+08 0.0355723 -65.2272 219.339 
5.14e+08 0.024753 -49.1705 219.763 
5.15e+08 0.0476696 -23.5774 220.19 
5.16e+08 0.0562813 -50.8477 220.617 
5.17e+08 0.0244773 -57.7971 221.045 
5.18e+08 0.0724651 -70.7273 221.472 
5.19e+08 0.0226149 -41.0708 221.9 
5.2e+08 0.0106345 -16.1661 222.328 
5.21e+08 0.067234 12.6257 222.755 
5.22e+08 0.0494209 -40.9382 223.184 
5.23e+08 0.0366028 -61.2853 223.611 
5.24e+08 0.0417037 1.43427 224.036 
5.25e+08 0.0537873 -42.9867 224.464 
5.26e+08 0.0546544 -85.9987 224.892 
5.27e+08 0.0484445 -44.3311 225.324 
5.28e+08 0.0553708 -45.8068 225.752 
5.29e+08 0.0733896 -38.0422 226.179 
5.3e+08 0.0454064 -60.0471 226.608 
5.31e+08 0.0390761 -66.5266 227.035 
5.32e+08 0.05219 -59.784 227.463 
5.33e+08 0.0929568 -52.976 227.889 
5.34e+08 0.0706044 -79.736 228.316 
5.35e+08 0.0335472 -44.5796 228.743 
5.36e+08 0.0299799 -46.6323 229.169 
5.37e+08 0.0584081 -42.7466 229.593 
5.38e+08 0.0547021 -81.017 230.018 
5.39e+08 0.0493361 -45.2816 230.444 
5.4e+08 0.0389922 -94.1827 230.867 
5.41e+08 0.0473531 -68.6855 231.291 
5.42e+08 0.0278225 -67.5211 231.718 
5.43e+08 0.0298492 -51.8285 232.145 
5.44e+08 0.0700408 -59.1694 232.568 
5.45e+08 0.0599384 -43.8327 232.995 
5.46e+08 0.0544271 -84.657 233.422 
5.47e+08 0.0628413 -41.6387 233.851 
5.48e+08 0.058022 -60.8356 234.279 
5.49e+08 0.0689019 -43.056 234.705 
5.5e+08 0.0555892 -42.5388 235.133 
5.51e+08 0.0463128 -60.7981 235.56 
5.52e+08 0.0628232 -33.752 235.987 
5.53e+08 0.0877043 -76.7112 236.414 
5.54e+08 0.0238342 -16.365 236.84 
5.55e+08 0.0458629 -49.5474 237.264 
5.56e+08 0.0095996 -59.1321 237.691 
5.57e+08 0.01923 -49.8091 238.116 
5.58e+08 0.0677088 -40.0917 238.541 
5.59e+08 0.0575109 -20.6541 238.966 
5.6e+08 0.0477776 -54.5092 239.393 
5.61e+08 0.0402399 -41.6293 239.822 
5.62e+08 0.0671021 -89.9207 240.255 
5.63e+08 0.0385404 -28.1798 240.686 
5.64e+08 0.056014 -23.6184 241.113 
5.65e+08 0.0534343 -48.5497 241.54 
5.66e+08 0.0158185 -54.53 241.966 
5.67e+08 0.072686 -39.1559 242.393 
5.68e+08 0.0614044 -46.2391 242.82 
5.69e+08 0.0395422 -13.0228 243.247 
5.7e+08 0.017076 -53.9882 243.675 
5.71e+08 0.0419781 -64.941 244.106 
5.72e+08 0.0295644 -72.9474 244.533 
5.73e+08 0.0542354 -84.835 244.963 
5.74e+08 0.0391775 -55.4426 245.393 
5.75e+08 0.034459 -24.8265 245.823 
5.76e+08 0.045374 -30.8514 246.251 
5.77e+08 0.0458177 -74.3275 246.682 
5.78e+08 0.0366631 -34.3873 247.109 
5.79e+08 0.0578464 -66.1705 247.541 
5.8e+08 0.0685493 -69.2895 247.969 
5.81e+08 0.0402923 -57.7411 248.397 
5.82e+08 0.0449121 -50.8511 248.826 
5.83e+08 0.0235813 -64.044 249.255 
5.84e+08 0.0220888 -48.2269 249.685 
5.85e+08 0.0358861 -54.2549 250.111 
5.86e+08 0.0415095 -54.2047 250.535 
5.87e+08 0.0481946 -75.4729 250.96 
5.88e+08 0.0555571 -83.8653 251.389 
5.89e+08 0.0908045 -65.2845 251.816 
5.9e+08 0.027434 -38.713 252.245 
5.91e+08 0.0334857 -25.7096 252.672 
5.92e+08 0.0303783 -80.7547 253.103 
5.93e+08 0.051548 -40.793 253.529 
5.94e+08 0.0423505 -69.8681 253.956 
5.95e+08 0.0685989 -46.0149 254.38 
5.96e+08 0.0609589 -110.779 254.809 
5.97e+08 0.0541575 -75.1993 255.237 
5.98e+08 0.0724031 -22.6063 255.664 
5.99e+08 0.0614217 -69.2437 256.092 
6e+08 0.0723884 -68.7485 256.521 
6.01e+08 0.0567181 -61.1203 256.949 
6.02e+08 0.0355037 -73.5874 257.379 
6.03e+08 0.0714783 -62.8395 257.808 
6.04e+08 0.0177196 -59.1462 258.24 
6.05e+08 0.0235236 -89.8407 258.668 
6.06e+08 0.0521747 -68.8812 259.096 
6.07e+08 0.0493478 -83.2687 259.525 
6.08e+08 0.0466234 -40.1488 259.954 
6.09e+08 0.0281228 -66.0561 260.38 
6.1e+08 0.0557856 -50.9857 260.81 
6.11e+08 0.0437319 -48.6607 261.24 
6.12e+08 0.0152133 -33.4591 261.669 
6.13e+08 0.0426284 -39.3857 262.098 
6.14e+08 0.0212404 -46.7027 262.528 
6.15e+08 0.0740307 -39.6744 262.955 
6.16e+08 0.0506421 -23.9795 263.384 
6.17e+08 0.0342551 -21.4433 263.812 
6.18e+08 0.0373987 -65.3728 264.239 
6.19e+08 0.0571788 -50.6304 264.666 
6.2e+08 0.0586492 -60.0876 265.093 
6.21e+08 0.0220077 -26.0472 265.521 
6.22e+08 0.053537 -38.5126 265.947 
6.23e+08 0.0287209 -72.0599 266.376 
6.24e+08 0.0798104 -59.918 266.805 
6.25e+08 0.0439819 -39.6401 267.233 
6.26e+08 0.035497 -59.2557 267.659 
6.27e+08 0.0274729 -14.5283 268.083 
6.28e+08 0.0776043 -70.8496 268.51 
6.29e+08 0.108389 -72.3127 268.936 
6.3e+08 0.0372719 -53.6557 269.36 
6.31e+08 0.0239381 -73.2351 269.787 
6.32e+08 0.0601964 -41.4674 270.217 
6.33e+08 0.0334441 -27.7918 270.64 
6.34e+08 0.0396775 -95.983 271.067 
6.35e+08 0.0831853 -27.8554 271.495 
6.36e+08 0.0340078 -40.5236 271.924 
6.37e+08 0.0782539 -58.6148 272.351 
6.38e+08 0.00950955 -72.8787 272.78 
6.39e+08 0.0335988 -81.5801 273.209 
6.4e+08 0.0727875 -36.1145 273.639 
6.41e+08 0.0248524 -39.8232 274.065 
6.42e+08 0.0406167 5.37214 274.493 
6.43e+08 0.0424242 -54.7582 274.922 
6.44e+08 0.0610581 -40.9382 275.347 
6.45e+08 0.0318903 -80.8711 275.774 
6.46e+08 0.0495398 -63.9457 276.199 
6.47e+08 0.0702673 -68.0632 276.624 
6.48e+08 0.0793878 -81.0877 277.048 
6.49e+08 0.0451851 -99.6757 277.473 
6.5e+08 0.0453464 -65.1028 277.902 
6.51e+08 0.0243464 -67.9509 278.33 
6.52e+08 0.0043432 -58.5537 278.758 
6.53e+08 0.0636833 -68.5087 279.188 
6.54e+08 0.0858172 -86.0688 279.617 
6.55e+08 0.0267263 -59.1361 280.044 
6.56e+08 0.0438632 16.1093 280.471 
6.57e+08 0.0323282 -68.365 280.898 
6.58e+08 0.0148933 -52.8874 281.325 
6.59e+08 0.0439871 -50.0074 281.753 
6.6e+08 0.0499681 -53.2123 282.183 
6.61e+08 0.0210143 -70.8451 282.61 
6.62e+08 0.0157826 -44.3756 283.04 
6.63e+08 0.0369091 -73.8014 283.468 
6.64e+08 0.023911 -85.7441 283.896 
6.65e+08 0.0294782 -12.8932 284.327 
6.66e+08 0.0438815 -29.2026 284.754 
6.67e+08 0.0190951 -35.6025 285.182 
6.68e+08 0.0690583 -60.8795 285.613 
6.69e+08 0.0504227 -45.5936 286.043 
6.7e+08 0.0464787 -59.455 286.469 
6.71e+08 0.0460117 -47.5418 286.897 
6.72e+08 0.0722138 -82.8117 287.323 
6.73e+08 0.0364913 8.6291 287.752 
6.74e+08 0.0312994 -48.1085 288.178 
6.75e+08 0.0853923 -76.7274 288.604 
6.76e+08 0.0190208 -30.4562 289.029 
6.77e+08 0.0270173 -29.5723 289.457 
6.78e+08 0.0326733 -76.5786 289.885 
6.79e+08 0.0257421 -42.4914 290.313 
6.8e+08 0.0198972 -38.3812 290.744 
6.81e+08 0.0179534 -54.1653 291.174 
6.82e+08 0.0423938 -75.262 291.604 
6.83e+08 0.0464467 -56.1465 292.032 
6.84e+08 0.0372423 -30.4895 292.462 
6.85e+08 0.0483439 -78.0782 292.89 
6.86e+08 0.10114 -115.981 293.322 
6.87e+08 0.032581 -77.4052 293.75 
6.88e+08 0.0370063 -17.7223 294.177 
6.89e+08 0.0647299 -69.6374 294.608 
6.9e+08 0.0746709 3.97868 295.036 
6.91e+08 0.0327219 -42.7507 295.465 
6.92e+08 0.0422663 -78.5372 295.891 
6.93e+08 0.0284984 -51.9581 296.322 
6.94e+08 0.0677612 -37.5612 296.753 
6.95e+08 0.0591841 -84.7687 297.181 
6.96e+08 0.0179658 -49.6603 297.607 
6.97e+08 0.0139347 -65.0256 298.037 
6.98e+08 0.0648053 -30.217 298.467 
6.99e+08 0.0105921 -28.8581 298.895 
7e+08 0.0436208 -61.7403 299.322 
7.01e+08 0.041597 -42.5928 299.747 
7.02e+08 0.051074 -17.7782 300.178 
7.03e+08 0.0435991 -26.5209 300.609 
7.04e+08 0.0431473 -60.4591 301.038 
7.05e+08 0.0296501 -50.1195 301.467 
7.06e+08 0.0460124 -48.4546 301.898 
7.07e+08 0.0185664 -87.1078 302.327 
7.08e+08 0.0842876 -3.61148 302.754 
7.09e+08 0.0394535 -50.3324 303.185 
7.1e+08 0.0143873 -56.0443 303.611 
7.11e+08 0.045933 -50.6495 304.038 
7.12e+08 0.0240569 -45.2866 304.467 
7.13e+08 0.0256269 -15.6612 304.896 
7.14e+08 0.06234 -58.5957 305.324 
7.15e+08 0.0659141 -62.5669 305.748 
7.16e+08 0.0442279 -51.0319 306.171 
7.17e+08 0.02097 -100.107 306.595 
7.18e+08 0.0315541 -39.2464 307.02 
7.19e+08 0.0320846 -50.4563 307.443 
7.2e+08 0.0352666 -69.9696 307.866 
7.21e+08 0.0377189 -28.3668 308.29 
7.22e+08 0.044367 -86.7482 308.714 
7.23e+08 0.0251654 -52.6702 309.139 
7.24e+08 0.0641821 -100.638 309.566 
7.25e+08 0.0253482 -64.6543 309.992 
7.26e+08 0.0539067 -48.0534 310.417 
7.27e+08 0.0106418 -34.5449 310.844 
7.28e+08 0.0505383 -48.7852 311.274 
7.29e+08 0.0157677 -75.8579 311.7 
7.3e+08 0.0578124 -68.5385 312.128 
7.31e+08 0.039889 -69.4722 312.555 
7.32e+08 0.0478362 -40.3439 312.984 
7.33e+08 0.0657722 -90.5816 313.413 
7.34e+08 0.0776979 -47.1882 313.842 
7.35e+08 0.0223234 -47.1661 314.27 
7.36e+08 0.0327974 -82.3025 314.698 
7.37e+08 0.0820327 -80.0589 315.128 
7.38e+08 0.0345949 -25.5389 315.557 
7.39e+08 0.0325866 -29.6247 315.986 
7.4e+08 0.0530152 -79.2817 316.415 
7.41e+08 0.0520356 -65.8323 316.845 
7.42e+08 0.044885 -45.1618 317.274 
7.43e+08 0.0677952 -64.2965 317.701 
7.44e+08 0.0547167 -32.9568 318.128 
7.45e+08 0.0522159 -58.1003 318.559 
7.46e+08 0.0442629 -59.2385 318.988 
7.47e+08 0.0661681 -96.8718 319.416 
7.48e+08 0.0610106 -49.7635 319.848 
7.49e+08 0.0634127 -32.1698 320.276 
7.5e+08 0.0433415 -103.076 320.703 
7.51e+08 0.059651 -16.9078 321.132 
7.52e+08 0.0827661 -51.9337 321.559 
7.53e+08 0.0412189 -56.2654 321.987 
7.54e+08 0.051677 -32.6511 322.418 
7.55e+08 0.0342071 -44.5872 322.845 
7.56e+08 0.0303367 -11.0039 323.272 
7.57e+08 0.0346193 -54.5934 323.702 
7.58e+08 0.0670134 -59.1952 324.131 
7.59e+08 0.0329327 -60.9631 324.563 
7.6e+08 0.0537105 -62.5918 324.992 
7.61e+08 0.0492688 -69.5058 325.419 
7.62e+08 0.0523661 -36.0853 325.847 
7.63e+08 0.0108434 -51.6309 326.275 
7.64e+08 0.0357109 -47.2104 326.705 
7.65e+08 0.0371219 -48.317 327.134 
7.66e+08 0.029419 -6.14485 327.56 
7.67e+08 0.0503226 -74.1752 327.988 
7.68e+08 0.0844276 -53.1874 328.416 
7.69e+08 0.0522934 -55.0101 328.847 
7.7e+08 0.0568756 -92.5431 329.275 
7.71e+08 0.0213854 -63.4061 329.702 
7.72e+08 0.0376339 -61.2809 330.132 
7.73e+08 0.0704283 -35.5446 330.562 
7.74e+08 0.0630685 -73.7136 330.99 
7.75e+08 0.044335 -69.9376 331.424 
7.76e+08 0.0438918 -68.3611 331.854 
7.77e+08 0.0387836 -100.67 332.284 
7.78e+08 0.0395651 -78.0944 332.708 
7.79e+08 0.0658682 -96.577 333.133 
7.8e+08 0.0584045 -47.3759 333.561 
7.81e+08 0.0210366 -19.7913 333.988 
7.82e+08 0.0748383 -22.5379 334.416 
7.83e+08 0.062376 -26.9685 334.842 
7.84e+08 0.0445802 -33.4137 335.268 
7.85e+08 0.035808 -40.6683 335.695 
7.86e+08 0.0448467 -67.3403 336.123 
7.87e+08 0.0220371 -51.8535 336.55 
7.88e+08 0.0573328 -48.2664 336.977 
7.89e+08 0.0636154 -40.3513 337.403 
7.9e+08 0.073122 -71.1428 337.828 
7.91e+08 0.0207027 -59.3269 338.253 
7.92e+08 0.043616 -41.1667 338.677 
7.93e+08 0.0908922 -32.5164 339.104 
7.94e+08 0.0356256 -63.2456 339.53 
7.95e+08 0.0347055 -20.3789 339.959 
7.96e+08 0.0280027 -68.5954 340.39 
7.97e+08 0.0400874 -31.8125 340.822 
7.98e+08 0.0274177 -68.3612 341.249 
7.99e+08 0.0321221 -51.5941 341.682 
8e+08 0.0648718 -72.0721 342.11 
8.01e+08 0.0722834 -38.9301 342.533 
8.02e+08 0.0402606 -35.1652 342.958 
8.03e+08 0.0597479 -47.3168 343.384 
8.04e+08 0.0633693 -77.2606 343.812 
8.05e+08 0.0453566 -46.3963 344.239 
8.06e+08 0.0367199 -21.8333 344.665 
8.07e+08 0.0433235 -57.1276 345.09 
8.08e+08 0.0459553 -44.3895 345.513 
8.09e+08 0.0947789 -82.9823 345.936 
8.1e+08 0.0783596 -73.1517 346.359 
8.11e+08 0.0743631 -83.7653 346.783 
8.12e+08 0.0539273 -82.3911 347.206 
8.13e+08 0.0483259 -23.0329 347.632 
8.14e+08 0.0891634 -13.2137 348.057 
8.15e+08 0.0367023 -79.8701 348.485 
8.16e+08 0.0436127 -64.0183 348.912 
8.17e+08 0.0331275 -61.6455 349.338 
8.18e+08 0.0578269 -59.4627 349.766 
8.19e+08 0.0775083 -43.4422 350.193 
8.2e+08 0.0391439 -27.9083 350.621 
8.21e+08 0.0556833 -21.2227 351.049 
8.22e+08 0.072188 -34.1601 351.478 
8.23e+08 0.076054 -61.6419 351.904 
8.24e+08 0.0510514 -78.3942 352.331 
8.25e+08 0.0307816 -98.6062 352.758 
8.26e+08 0.0834962 -29.639 353.187 
8.27e+08 0.0214798 -56.9942 353.613 
8.28e+08 0.0319241 -28.9952 354.041 
8.29e+08 0.0568644 -38.4657 354.467 
8.3e+08 0.086397 -46.7788 354.895 
8.31e+08 0.0298844 -63.482 355.323 
8.32e+08 0.0354666 -56.5626 355.752 
8.33e+08 0.00976439 -63.0647 356.182 
8.34e+08 0.0347612 -60.3249 356.61 
8.35e+08 0.0096871 -59.3286 357.043 
8.36e+08 0.04432 -47.0055 357.47 
8.37e+08 0.0554046 -84.5747 357.896 
8.38e+08 0.0576414 -31.2121 358.326 
8.39e+08 0.0223234 -15.2126 358.754 
8.4e+08 0.0314413 -23.2461 359.186 
8.41e+08 0.0531668 -34.4754 359.615 
8.42e+08 0.020782 -27.1817 360.044 
8.43e+08 0.0479573 -65.2407 360.472 
8.44e+08 0.0449725 -55.7164 360.9 
8.45e+08 0.00770239 -35.6306 361.331 
8.46e+08 0.0470715 -65.2222 361.76 
8.47e+08 0.0609001 -63.9112 362.187 
8.48e+08 0.0244217 -38.7308 362.616 
8.49e+08 0.0361886 -64.4355 363.043 
8.5e+08 0.0372158 -20.0437 363.472 
8.51e+08 0.0263288 -22.378 363.9 
8.52e+08 0.0319411 -39.4976 364.328 
8.53e+08 0.0550671 -10.6221 364.754 
8.54e+08 0.0454198 -48.0009 365.183 
8.55e+08 0.0286492 -37.5106 365.612 
8.56e+08 0.0445731 -20.0634 366.04 
8.57e+08 0.0596099 -76.5324 366.469 
8.58e+08 0.0443531 -27.0158 366.896 
8.59e+08 0.0497956 -47.3328 367.326 
8.6e+08 0.0527089 -68.4135 367.758 
8.61e+08 0.0318457 -33.3149 368.188 
8.62e+08 0.0302273 -1.80618 368.616 
8.63e+08 0.0408258 -44.397 369.046 
8.64e+08 0.0467566 -15.2878 369.475 
8.65e+08 0.0381085 -33.9443 369.907 
8.66e+08 0.0503112 -82.5847 370.337 
8.67e+08 0.0504505 -38.8763 370.766 
8.68e+08 0.0156112 2.18334 371.193 
8.69e+08 0.0345045 -57.6081 371.625 
8.7e+08 0.0918882 -61.186 372.054 
8.71e+08 0.0792565 -45.9682 372.483 
8.72e+08 0.00894668 -30.5399 372.909 
8.73e+08 0.0814087 -66.2575 373.335 
8.74e+08 0.0320494 -56.3212 373.767 
8.75e+08 0.0541472 -9.72838 374.195 
8.76e+08 0.0429728 -52.6806 374.623 
8.77e+08 0.0644217 -18.7941 375.05 
8.78e+08 0.0241817 -32.7989 375.476 
8.79e+08 0.0352 -64.4091 375.901 
8.8e+08 0.0311628 -36.3605 376.324 
8.81e+08 0.0505537 -40.7112 376.75 
8.82e+08 0.079784 -38.3637 377.176 
8.83e+08 0.0818267 -83.2854 377.6 
8.84e+08 0.044566 -50.4541 378.024 
8.85e+08 0.072824 -31.5552 378.449 
8.86e+08 0.0396065 -44.3109 378.874 
8.87e+08 0.0528167 -70.3639 379.3 
8.88e+08 0.0280368 -73.9341 379.725 
8.89e+08 0.0359212 -27.9553 380.151 
8.9e+08 0.027239 -3.69953 380.577 
8.91e+08 0.0310043 -13.6231 381.006 
8.92e+08 0.0560173 -39.7501 381.436 
8.93e+08 0.0375551 -49.9483 381.865 
8.94e+08 0.0312733 -37.4264 382.294 
8.95e+08 0.0769539 -71.9468 382.721 
8.96e+08 0.0338781 -57.7805 383.148 
8.97e+08 0.0113558 -35.0013 383.576 
8.98e+08 0.0206773 -20.2006 384.004 
8.99e+08 0.0338822 -57.8856 384.43 
9e+08 0.0529233 -59.1988 384.855 
9.01e+08 0.0314713 -38.7764 385.285 
9.02e+08 0.0229481 -59.733 385.711 
9.03e+08 0.0468267 -49.9088 386.143 
9.04e+08 0.0329963 -87.7073 386.572 
9.05e+08 0.0328523 -32.1294 387.002 
9.06e+08 0.0337947 -43.5907 387.43 
9.07e+08 0.0443004 -74.0717 387.858 
9.08e+08 0.0363908 -69.5293 388.286 
9.09e+08 0.0616193 -70.5574 388.715 
9.1e+08 0.0363684 -23.8041 389.147 
9.11e+08 0.0201396 -35.6246 389.574 
9.12e+08 0.0292052 -60.7287 390.004 
9.13e+08 0.0611333 -88.5318 390.435 
9.14e+08 0.0287072 -39.2469 390.865 
9.15e+08 0.0584875 -76.0497 391.297 
9.16e+08 0.0286438 -15.9057 391.725 
9.17e+08 0.0138565 -40.9851 392.154 
9.18e+08 0.012392 -81.7708 392.581 
9.19e+08 0.0832823 -58.3771 393.011 
9.2e+08 0.0209725 -66.0262 393.437 
9.21e+08 0.0567524 -61.5644 393.867 
9.22e+08 0.0334826 -64.6975 394.295 
9.23e+08 0.0552907 -86.0207 394.722 
9.24e+08 0.0559227 -76.0175 395.152 
9.25e+08 0.016152 2.41358 395.582 
9.26e+08 0.0444894 -66.5833 396.007 
9.27e+08 0.0205176 -65.473 396.433 
9.28e+08 0.038034 -50.6174 396.859 
9.29e+08 0.011937 -40.7855 397.288 
9.3e+08 0.0342609 -30.3957 397.718 
9.31e+08 0.0450302 -69.5364 398.146 
9.32e+08 0.055555 -67.3892 398.577 
9.33e+08 0.032402 -62.9776 399.006 
9.34e+08 0.0265087 -79.9697 399.432 
9.35e+08 0.00118674 -40.9123 399.862 
9.36e+08 0.066911 -58.5905 400.29 
9.37e+08 0.0563438 -54.9819 400.719 
9.38e+08 0.0288642 -29.7194 401.147 
9.39e+08 0.0612788 -63.9215 401.576 
9.4e+08 0.043292 -56.6396 402.002 
9.41e+08 0.0360713 -58.6235 402.431 
9.42e+08 0.0497749 -29.7169 402.859 
9.43e+08 0.0387116 -39.1106 403.287 
9.44e+08 0.0565142 -33.6799 403.714 
9.45e+08 0.0322729 2.62018 404.141 
9.46e+08 0.0535347 -51.6084 404.568 
9.47e+08 0.0491673 -35.2811 404.996 
9.48e+08 0.05085 -42.743 405.424 
9.49e+08 0.0763115 -58.5711 405.852 
9.5e+08 0.066651 -88.9605 406.278 
9.51e+08 0.041641 -45.7044 406.703 
9.52e+08 0.0838299 -93.4825 407.128 
9.53e+08 0.0731832 -57.5958 407.553 
9.54e+08 0.0654632 -76.852 407.977 
9.55e+08 0.027971 -39.2538 408.402 
9.56e+08 0.0542495 -50.5606 408.827 
9.57e+08 0.0248309 -30.088 409.252 
9.58e+08 0.0292301 -44.1225 409.681 
9.59e+08 0.086588 -48.0314 410.109 
9.6e+08 0.0521163 -68.7555 410.538 
9.61e+08 0.049816 -87.0924 410.966 
9.62e+08 0.0344556 -47.4623 411.394 
9.63e+08 0.0542264 -35.9224 411.82 
9.64e+08 0.0594737 -34.6724 412.246 
9.65e+08 0.0304222 -49.4815 412.673 
9.66e+08 0.0467163 -73.9831 413.101 
9.67e+08 0.0427306 -72.349 413.529 
9.68e+08 0.0520059 -88.6112 413.959 
9.69e+08 0.0443205 -35.6748 414.386 
9.7e+08 0.034029 -53.033 414.813 
9.71e+08 0.0170755 -52.4503 415.238 
9.72e+08 0.0461145 -23.1072 415.664 
9.73e+08 0.0169436 -89.5154 416.092 
9.74e+08 0.0355234 -70.2706 416.521 
9.75e+08 0.0196197 -59.8551 416.948 
9.76e+08 0.0990891 -49.5692 417.375 
9.77e+08 0.102701 -53.0922 417.804 
9.78e+08 0.0353529 -70.6802 418.233 
9.79e+08 0.0647495 -62.7118 418.66 
9.8e+08 0.0292235 -20.769 419.088 
9.81e+08 0.0385174 -20.1753 419.516 
9.82e+08 0.0637994 -53.8007 419.945 
9.83e+08 0.0458115 -79.6203 420.375 
9.84e+08 0.0411474 -40.0492 420.802 
9.85e+08 0.0222397 -110.558 421.23 
9.86e+08 0.0256741 -62.2636 421.657 
9.87e+08 0.0730355 -67.3756 422.087 
9.88e+08 0.022601 -92.1357 422.515 
9.89e+08 0.0344398 -39.1719 422.943 
9.9e+08 0.0405775 -56.3308 423.37 
9.91e+08 0.0328029 -91.5426 423.797 
9.92e+08 0.0372458 -31.8931 424.225 
9.93e+08 0.0506358 -33.8827 424.653 
9.94e+08 0.0404278 -32.2672 425.08 
9.95e+08 0.0860717 -56.3896 425.505 
9.96e+08 0.0319801 -52.7037 425.932 
9.97e+08 0.0383488 -69.4956 426.361 
9.98e+08 0.0285666 -52.2827 426.793 
9.99e+08 0.0316496 -79.7514 427.221 
1e+09 0.0493025 -47.5456 427.648 
