0 0.0145501 -4.64499 0 
1e+06 0.0701193 -77.0202 0.473223 
2e+06 0.0591758 -40.0521 0.941465 
3e+06 0.0331943 -68.2163 1.40806 
4e+06 0.0448536 -78.4713 1.86927 
5e+06 0.0255979 -6.18939 2.33054 
6e+06 0.0195952 -45.3585 2.79554 
7e+06 0.0478083 -33.6409 3.25966 
8e+06 0.0488276 -24.4396 3.7229 
9e+06 0.0895391 -63.2266 4.18981 
1e+07 0.0461757 -69.9571 4.65635 
1.1e+07 0.0301979 -14.1039 5.12269 
1.2e+07 0.0787918 -74.2402 5.60096 
1.3e+07 0.0222382 -56.3962 6.07289 
1.4e+07 0.0500063 -44.8856 6.54792 
1.5e+07 0.0295579 -45.9891 7.0152 
1.6e+07 0.0513243 -42.1992 7.48416 
1.7e+07 0.0512649 -29.7358 7.9565 
1.8e+07 0.0280607 -65.7267 8.42938 
1.9e+07 0.0163011 -41.6881 8.89566 
2e+07 0.0722914 -32.0131 9.36795 
2.1e+07 0.0428142 -49.5991 9.83899 
2.2e+07 0.0549745 -43.9791 10.3088 
2.3e+07 0.045578 -67.2647 10.7817 
2.4e+07 0.0201743 -16.9422 11.2546 
2.5e+07 0.0255099 -65.1187 11.7283 
2.6e+07 0.0501527 -32.9255 12.1965 
2.7e+07 0.0574744 -43.436 12.6727 
2.8e+07 0.0421388 -43.9607 13.1483 
2.9e+07 0.0654124 -31.5747 13.6238 
3e+07 0.0418413 -48.6548 14.0969 
3.1e+07 0.0402628 -66.0443 14.5692 
3.2e+07 0.0549873 -61.215 15.0445 
3.3e+07 0.0374126 -83.3571 15.518 
3.4e+07 0.0645575 -36.7237 15.9862 
3.5e+07 0.0681496 -52.6219 16.4624 
3.6e+07 0.0261904 -51.3056 16.9341 
3.7e+07 0.0663393 -34.0663 17.4117 
3.8e+07 0.0638425 -23.075 17.8809 
3.9e+07 0.0592616 -46.4528 18.3574 
4e+07 0.0659454 -50.4237 18.8297 
4.1e+07 0.04792 -37.613 19.3016 
4.2e+07 0.0826587 -36.6326 19.7753 
4.3e+07 0.0619266 -50.265 20.2454 
4.4e+07 0.0628677 -61.1154 20.7221 
4.5e+07 0.0783222 -53.3764 21.1955 
4.6e+07 0.0693338 -54.4252 21.6673 
4.7e+07 0.0244656 -68.8302 22.1447 
4.8e+07 0.0354581 -33.7927 22.6168 
4.9e+07 0.0289333 -18.3369 23.0865 
5e+07 0.0124261 -44.8961 23.5613 
5.1e+07 0.0295763 -67.5988 24.0303 
5.2e+07 0.0321594 -57.987 24.5037 
5.3e+07 0.0258765 -53.811 24.9753 
5.4e+07 0.0368771 -68.6935 25.4436 
5.5e+07 0.0750642 -35.8617 25.9219 
5.6e+07 0.00973488 -73.8913 26.3936 
5.7e+07 0.0338896 -54.8651 26.8665 
5.8e+07 0.0538471 -92.3286 27.3393 
5.9e+07 0.0529805 -80.3999 27.8126 
6e+07 0.045403 -65.5505 28.282 
6.1e+07 0.0309003 -8.75633 28.7528 
6.2e+07 0.083061 -72.0687 29.2223 
6.3e+07 0.0717637 -42.018 29.6909 
6.4e+07 0.0355955 -63.8846 30.1659 
6.5e+07 0.040812 -58.0227 30.6331 
6.6e+07 0.0539537 -57.0528 31.1018 
6.7e+07 0.0729745 -40.192 31.5693 
6.8e+07 0.0580162 -47.3696 32.0413 
6.9e+07 0.0354853 -35.9723 32.5126 
7e+07 0.0701259 -77.2578 32.9855 
7.1e+07 0.0794735 -41.0737 33.4593 
7.2e+07 0.0487791 -55.6843 33.926 
7.3e+07 0.0386524 -61.1383 34.3909 
7.4e+07 0.0455985 -50.0529 34.8692 
7.5e+07 0.0531472 -51.6139 35.3446 
7.6e+07 0.064122 -45.3179 35.8235 
7.7e+07 0.0540166 -79.6166 36.2961 
7.8e+07 0.0333945 -56.1098 36.7698 
7.9e+07 0.0558187 -49.4917 37.2435 
8e+07 0.0575308 -60.5791 37.7096 
8.1e+07 0.0686163 -51.9072 38.1759 
8.2e+07 0.0662059 -35.7753 38.6457 
8.3e+07 0.0317308 -60.7186 39.1184 
8.4e+07 0.0411733 -61.1352 39.5883 
8.5e+07 0.0551021 -59.592 40.0602 
8.6e+07 0.0270175 -74.8218 40.5294 
8.7e+07 0.048175 -20.7787 41.003 
8.8e+07 0.0267107 -72.4888 41.4755 
8.9e+07 0.0408586 -46.5864 41.9496 
9e+07 0.0618013 -46.9617 42.4191 
9.1e+07 0.0684853 -129.376 42.8855 
9.2e+07 0.0565098 -66.0629 43.3581 
9.3e+07 0.0573188 -93.6573 43.8207 
9.4e+07 0.0299186 -108.092 44.2889 
9.5e+07 0.033954 -12.7746 44.7591 
9.6e+07 0.0268049 -40.8128 45.2315 
9.7e+07 0.0487195 -49.5333 45.6986 
9.8e+07 0.0456594 -50.2012 46.1657 
9.9e+07 0.0482252 -37.7899 46.6371 
1e+08 0.0247313 -36.5677 47.104 
1.01e+08 0.0375536 -51.1503 47.5764 
1.02e+08 0.0450078 -43.0926 48.0447 
1.03e+08 0.0169386 -63.964 48.5171 
1.04e+08 0.0271116 -59.7994 48.986 
1.05e+08 0.0457475 -39.8842 49.4566 
1.06e+08 0.0205668 -41.3461 49.924 
1.07e+08 0.035715 -69.5878 50.3957 
1.08e+08 0.0971491 -106.277 50.8664 
1.09e+08 0.0320836 -43.0308 51.3353 
1.1e+08 0.0483646 -33.7995 51.8101 
1.11e+08 0.0657792 -59.9806 52.2798 
1.12e+08 0.0521077 -74.0361 52.7524 
1.13e+08 0.0644432 -43.5831 53.2235 
1.14e+08 0.0618147 -20.026 53.6936 
1.15e+08 0.0509763 -53.1756 54.16 
1.16e+08 0.0322677 -26.6957 54.6252 
1.17e+08 0.0770569 -45.2399 55.0918 
1.18e+08 0.0245759 -40.3124 55.5506 
1.19e+08 0.0530707 -40.8878 56.0175 
1.2e+08 0.0522445 -35.8035 56.4819 
1.21e+08 0.0740051 -88.5257 56.9492 
1.22e+08 0.0206118 -69.6999 57.4113 
1.23e+08 0.040445 -36.6879 57.8743 
1.24e+08 0.029096 -63.1426 58.3391 
1.25e+08 0.0323042 -44.0842 58.8023 
1.26e+08 0.0691487 -56.0918 59.2641 
1.27e+08 0.0380034 -63.6864 59.7259 
1.28e+08 0.0325602 -58.3684 60.1902 
1.29e+08 0.020103 -29.4317 60.6511 
1.3e+08 0.0356522 -50.2908 61.1114 
1.31e+08 0.0709089 -60.2461 61.5766 
1.32e+08 0.0394341 -74.5634 62.035 
1.33e+08 0.010303 -26.9755 62.5001 
1.34e+08 0.0506963 -26.9714 62.9603 
1.35e+08 0.0893066 -75.573 63.4257 
1.36e+08 0.0230056 -41.5315 63.8875 
1.37e+08 0.0724428 -39.802 64.3442 
1.38e+08 0.0366835 -50.2891 64.8127 
1.39e+08 0.0481918 -69.4638 65.2753 
1.4e+08 0.0634311 -47.2452 65.738 
1.41e+08 0.0406135 -26.2596 66.1972 
1.42e+08 0.0197112 -65.5299 66.6601 
1.43e+08 0.0280775 -83.2712 67.1305 
1.44e+08 0.0402281 -36.817 67.5958 
1.45e+08 0.0311604 -52.0953 68.0653 
1.46e+08 0.0388544 -75.1776 68.5388 
1.47e+08 0.0242257 -3.82545 69.0036 
1.48e+08 0.03202 -73.2114 69.461 
1.49e+08 0.0818022 -32.1474 69.9345 
1.5e+08 0.0232775 -36.9111 70.4052 
1.51e+08 0.0354758 -35.589 70.8772 
1.52e+08 0.0653042 -52.6271 71.3481 
1.53e+08 0.058601 -49.7135 71.798 
1.54e+08 0.0131244 -39.0003 72.2877 
1.55e+08 0.0240501 -63.8265 72.7741 
1.56e+08 0.0816589 -65.6497 73.2441 
1.57e+08 0.0854171 -31.5684 73.7053 
1.58e+08 0.0582746 -22.8788 74.1691 
1.59e+08 0.0417698 -62.7837 74.6364 
1.6e+08 0.0731056 -57.7659 75.1076 
1.61e+08 0.039405 -34.6312 75.5788 
1.62e+08 0.051975 -9.04652 76.046 
1.63e+08 0.0160853 -74.6695 76.5165 
1.64e+08 0.0628442 -54.5307 76.983 
1.65e+08 0.0654872 -29.56 77.4474 
1.66e+08 0.0153087 -65.3637 77.9113 
1.67e+08 0.0374033 -54.7194 78.3762 
1.68e+08 0.0699217 -71.1831 78.8359 
1.69e+08 0.0249874 -65.032 79.3036 
1.7e+08 0.0299575 -46.8512 79.7706 
1.71e+08 0.0246478 -28.8461 80.237 
1.72e+08 0.0218963 -52.0601 80.7009 
1.73e+08 0.0819222 -31.3878 81.1693 
1.74e+08 0.0192707 -52.1872 81.6397 
1.75e+08 0.0187753 -90.4113 82.1041 
1.76e+08 0.048183 -49.4718 82.5686 
1.77e+08 0.0333636 -22.0328 83.0365 
1.78e+08 0.0452341 -40.3948 83.5019 
1.79e+08 0.0459363 -47.3258 83.9693 
1.8e+08 0.0257867 -54.1727 84.437 
1.81e+08 0.0289982 -69.7835 84.9009 
1.82e+08 0.0417384 -36.3027 85.3691 
1.83e+08 0.0910296 -49.1635 85.8352 
1.84e+08 0.0520529 -25.7672 86.3019 
1.85e+08 0.063812 -52.6338 86.772 
1.86e+08 0.0620713 -30.1203 87.2403 
1.87e+08 0.029848 -37.7871 87.7088 
1.88e+08 0.0379015 -58.0328 88.1688 
1.89e+08 0.0498678 -55.3929 88.6384 
1.9e+08 0.00775535 -33.5949 89.1069 
1.91e+08 0.0524945 -82.2516 89.5755 
1.92e+08 0.0329225 -67.9535 90.0383 
1.93e+08 0.0416111 -83.8703 90.51 
1.94e+08 0.0345651 -63.6926 90.9737 
1.95e+08 0.052492 -84.085 91.4402 
1.96e+08 0.0133464 -50.8162 91.9043 
1.97e+08 0.0510424 -51.1572 92.3713 
1.98e+08 0.0395154 -15.8561 92.8361 
1.99e+08 0.0304515 -30.1761 93.3013 
2e+08 0.012712 -41.2691 93.7634 
2.01e+08 0.0338792 -17.1352 94.2294 
2.02e+08 0.0221338 -66.3901 94.6953 
2.03e+08 0.0365186 -36.6297 95.1589 
2.04e+08 0.0595779 -59.1227 95.6239 
2.05e+08 0.0256738 -56.4073 96.0832 
2.06e+08 0.0317233 -59.3178 96.5491 
2.07e+08 0.038293 -32.202 97.0108 
2.08e+08 0.0544245 -58.7352 97.4745 
2.09e+08 0.0591892 -29.8238 97.9342 
2.1e+08 0.0426876 -56.6438 98.397 
2.11e+08 0.0369986 -48.7039 98.8638 
2.12e+08 0.0526792 -22.4209 99.3404 
2.13e+08 0.0421483 -26.9607 99.8052 
2.14e+08 0.0488983 -69.7724 100.271 
2.15e+08 0.0483872 -31.798 100.737 
2.16e+08 0.0536661 -62.9616 101.206 
2.17e+08 0.0843151 -68.4552 101.677 
2.18e+08 0.0332862 -37.8857 102.148 
2.19e+08 0.064104 -71.3876 102.617 
2.2e+08 0.0180796 -35.5243 103.082 
2.21e+08 0.0517331 -51.3562 103.552 
2.22e+08 0.0365074 -27.0319 104.009 
2.23e+08 0.0430399 -45.5104 104.46 
2.24e+08 0.0429692 2.75522 104.919 
2.25e+08 0.0130829 -80.2364 105.381 
2.26e+08 0.065879 -64.2788 105.846 
2.27e+08 0.0255985 -66.6574 106.318 
2.28e+08 0.0253771 -70.4341 106.786 
2.29e+08 0.0602557 -81.4008 107.257 
2.3e+08 0.0473402 -72.2065 107.722 
2.31e+08 0.0910337 -16.8762 108.192 
2.32e+08 0.0497123 -37.3 108.656 
2.33e+08 0.0298635 -60.4496 109.118 
2.34e+08 0.0484172 -78.3694 109.587 
2.35e+08 0.0384081 -51.6953 110.06 
2.36e+08 0.06745 -56.8431 110.528 
2.37e+08 0.0379767 -61.6478 110.995 
2.38e+08 0.0487119 -40.5466 111.466 
2.39e+08 0.0614895 -16.1345 111.937 
2.4e+08 0.0464386 -57.1069 112.404 
2.41e+08 0.0577636 -57.8758 112.865 
2.42e+08 0.0475135 -74.3583 113.325 
2.43e+08 0.043943 -47.6444 113.79 
2.44e+08 0.0388281 -54.6011 114.252 
2.45e+08 0.0773255 -55.6964 114.718 
2.46e+08 0.011141 -36.1771 115.182 
2.47e+08 0.0311029 -17.2329 115.646 
2.48e+08 0.028312 -48.5417 116.109 
2.49e+08 0.0288455 -5.01854 116.577 
2.5e+08 0.0310432 -41.0374 117.044 
2.51e+08 0.023543 -44.8953 117.512 
2.52e+08 0.0543393 -53.6278 117.972 
2.53e+08 0.0773802 -15.8231 118.439 
2.54e+08 0.0707538 -66.335 118.901 
2.55e+08 0.058148 -44.2814 119.369 
2.56e+08 0.0205879 -24.7276 119.831 
2.57e+08 0.0230064 -57.2952 120.299 
2.58e+08 0.0341868 -79.1592 120.765 
2.59e+08 0.0289427 -61.5067 121.232 
2.6e+08 0.0313998 -63.8661 121.696 
2.61e+08 0.0720878 -57.9363 122.161 
2.62e+08 0.0593717 -62.3481 122.631 
2.63e+08 0.0493042 -50.0996 123.091 
2.64e+08 0.069641 -72.9829 123.56 
2.65e+08 0.0421565 -45.1493 124.025 
2.66e+08 0.0323559 -92.3553 124.493 
2.67e+08 0.0300185 -22.0926 124.956 
2.68e+08 0.0557517 -31.7992 125.422 
2.69e+08 0.0462458 -54.5792 125.891 
2.7e+08 0.0302891 -59.5447 126.351 
2.71e+08 0.0104718 -26.1895 126.815 
2.72e+08 0.047541 -62.3463 127.277 
2.73e+08 0.0522951 -46.9536 127.742 
2.74e+08 0.0435458 -90.4336 128.202 
2.75e+08 0.0506543 -79.1857 128.67 
2.76e+08 0.0270688 -40.8356 129.129 
2.77e+08 0.0470093 -60.2769 129.593 
2.78e+08 0.0328604 -75.5365 130.053 
2.79e+08 0.0438377 -70.45 130.515 
2.8e+08 0.0774846 -52.1793 130.977 
2.81e+08 0.0410892 -62.2751 131.438 
2.82e+08 0.0359328 -54.8978 131.894 
2.83e+08 0.0254992 -46.822 132.36 
2.84e+08 0.0230611 -21.9918 132.819 
2.85e+08 0.0121182 -35.4097 133.282 
2.86e+08 0.0398296 -17.4171 133.737 
2.87e+08 0.0448517 -65.9293 134.195 
2.88e+08 0.0707203 -70.5112 134.66 
2.89e+08 0.0419759 -85.0174 135.118 
2.9e+08 0.0572083 -70.7205 135.578 
2.91e+08 0.0491056 -45.5048 136.048 
2.92e+08 0.0408621 1.15858 136.515 
2.93e+08 0.0759911 -93.538 136.978 
2.94e+08 0.0995102 -57.045 137.443 
2.95e+08 0.0863069 -70.88 137.915 
2.96e+08 0.0471586 -56.1738 138.378 
2.97e+08 0.0572292 -71.0152 138.849 
2.98e+08 0.0156924 -18.2886 139.306 
2.99e+08 0.053194 -39.1334 139.765 
3e+08 0.0365415 0.607119 140.242 
3.01e+08 0.0754118 -49.9627 140.717 
3.02e+08 0.0493077 -21.4283 141.191 
3.03e+08 0.00670946 -3.07329 141.659 
3.04e+08 0.0514179 -27.6738 142.136 
3.05e+08 0.0232982 -47.4361 142.604 
3.06e+08 0.073367 -58.674 143.075 
3.07e+08 0.0518371 -54.7469 143.536 
3.08e+08 0.0328066 -78.0704 144.011 
3.09e+08 0.0315721 -18.6001 144.482 
3.1e+08 0.037243 -93.7159 144.949 
3.11e+08 0.040452 -44.8107 145.424 
3.12e+08 0.0636605 -41.0711 145.917 
3.13e+08 0.0167683 -35.4412 146.409 
3.14e+08 0.0517239 -56.9951 146.872 
3.15e+08 0.0309253 -65.1368 147.343 
3.16e+08 0.0561022 -67.9883 147.818 
3.17e+08 0.0316327 -45.562 148.287 
3.18e+08 0.0578704 -45.9391 148.761 
3.19e+08 0.0543342 -79.7215 149.23 
3.2e+08 0.0694504 -9.61699 149.703 
3.21e+08 0.0665176 -55.6945 150.177 
3.22e+08 0.0665846 -46.2992 150.649 
3.23e+08 0.017947 -69.7883 151.123 
3.24e+08 0.0308841 -13.5899 151.594 
3.25e+08 0.0378288 -31.8776 152.063 
3.26e+08 0.0344829 -32.1381 152.535 
3.27e+08 0.0540284 -17.0471 153.013 
3.28e+08 0.0381271 -60.7953 153.486 
3.29e+08 0.0365104 -21.1688 153.957 
3.3e+08 0.0501307 -30.7555 154.429 
3.31e+08 0.0397316 -82.8341 154.902 
3.32e+08 0.0439673 -68.6139 155.375 
3.33e+08 0.0842328 -38.0112 155.845 
3.34e+08 0.0538995 -34.0032 156.322 
3.35e+08 0.0372305 -82.0062 156.796 
3.36e+08 0.0191668 -44.5855 157.27 
3.37e+08 0.0474698 -90.7246 157.744 
3.38e+08 0.0270665 -55.8244 158.218 
3.39e+08 0.0227375 -80.7599 158.694 
3.4e+08 0.0952696 -53.5235 159.167 
3.41e+08 0.0153103 -31.4387 159.642 
3.42e+08 0.0254185 -75.5119 160.119 
3.43e+08 0.0479985 -45.3368 160.593 
3.44e+08 0.0219135 -40.136 161.069 
3.45e+08 0.0313949 -44.3451 161.54 
3.46e+08 0.0391913 -63.8004 162.009 
3.47e+08 0.0471056 -40.806 162.484 
3.48e+08 0.0371746 -48.4326 162.955 
3.49e+08 0.0484057 -38.5445 163.429 
3.5e+08 0.0667337 -62.7885 163.904 
3.51e+08 0.0383874 -44.401 164.376 
3.52e+08 0.0819473 -55.9188 164.847 
3.53e+08 0.0617587 -18.7188 165.322 
3.54e+08 0.0726799 -50.4905 165.794 
3.55e+08 0.0266419 -22.0301 166.259 
3.56e+08 0.040269 -62.4468 166.735 
3.57e+08 0.0805255 -51.5739 167.204 
3.58e+08 0.0681805 -26.9098 167.675 
3.59e+08 0.0154401 -26.1961 168.142 
3.6e+08 0.0499573 -26.1523 168.61 
3.61e+08 0.0536096 -60.1882 169.079 
3.62e+08 0.0172143 -45.2577 169.548 
3.63e+08 0.0649186 -24.0434 170.019 
3.64e+08 0.0159154 -54.1104 170.488 
3.65e+08 0.0452346 -78.7187 170.956 
3.66e+08 0.0551742 -21.972 171.435 
3.67e+08 0.0523016 -48.3949 171.915 
3.68e+08 0.0266808 -34.73 172.392 
3.69e+08 0.0468138 -19.53 172.862 
3.7e+08 0.0602525 -58.7218 173.337 
3.71e+08 0.0483243 -68.6718 173.808 
3.72e+08 0.051756 -83.5283 174.28 
3.73e+08 0.0400827 -55.4128 174.745 
3.74e+08 0.0456429 -78.2334 175.216 
3.75e+08 0.020571 5.54597 175.68 
3.76e+08 0.0262982 -67.6215 176.15 
3.77e+08 0.0613615 -59.9481 176.619 
3.78e+08 0.0607373 -44.885 177.093 
3.79e+08 0.0315901 -64.4712 177.562 
3.8e+08 0.0433419 -24.5894 178.032 
3.81e+08 0.0236432 -39.8059 178.498 
3.82e+08 0.0289106 -39.4655 178.964 
3.83e+08 0.0415403 -32.6302 179.433 
3.84e+08 0.0615176 -13.1434 179.901 
3.85e+08 0.068772 -33.4491 180.367 
3.86e+08 0.0877985 -55.14 180.834 
3.87e+08 0.0892863 -34.9456 181.301 
3.88e+08 0.0341962 -24.6884 181.77 
3.89e+08 0.0328516 -51.1204 182.24 
3.9e+08 0.0227384 -14.8625 182.707 
3.91e+08 0.0240336 -33.8167 183.179 
3.92e+08 0.0487505 -72.3702 183.649 
3.93e+08 0.0391566 -25.5276 184.114 
3.94e+08 0.0234534 -89.9056 184.585 
3.95e+08 0.0493621 -5.46774 185.051 
3.96e+08 0.0597551 -82.1899 185.522 
3.97e+08 0.0926031 -75.0489 185.987 
3.98e+08 0.030486 -43.499 186.458 
3.99e+08 0.0349062 -47.1377 186.929 
4e+08 0.0517675 -88.7564 187.393 
4.01e+08 0.0740185 -61.0864 187.867 
4.02e+08 0.057829 -76.7761 188.33 
4.03e+08 0.0616855 -69.1024 188.798 
4.04e+08 0.0355025 -12.1014 189.264 
4.05e+08 0.0531225 -45.8917 189.735 
4.06e+08 0.0553902 -87.116 190.204 
4.07e+08 0.0627446 -34.6194 190.671 
4.08e+08 0.0359265 -60.6939 191.147 
4.09e+08 0.0492787 -118.046 191.611 
4.1e+08 0.0450263 -46.8949 192.083 
4.11e+08 0.0458673 -45.7656 192.55 
4.12e+08 0.0491899 -28.4142 193.019 
4.13e+08 0.055957 -90.7332 193.486 
4.14e+08 0.0504552 -58.5551 193.951 
4.15e+08 0.117706 -45.6782 194.416 
4.16e+08 0.0348228 -49.9524 194.884 
4.17e+08 0.0198355 -68.6324 195.352 
4.18e+08 0.0512702 12.7975 195.818 
4.19e+08 0.0207214 -66.1197 196.282 
4.2e+08 0.0186105 -39.6685 196.752 
4.21e+08 0.062471 -63.6368 197.215 
4.22e+08 0.0773374 -69.65 197.681 
4.23e+08 0.0679518 -52.4926 198.146 
4.24e+08 0.0789968 -15.5337 198.615 
4.25e+08 0.0325398 -41.8173 199.076 
4.26e+08 0.062275 -55.1057 199.549 
4.27e+08 0.0596836 -44.8778 200.02 
4.28e+08 0.102875 -68.048 200.482 
4.29e+08 0.0885779 -21.5936 200.949 
4.3e+08 0.0584777 -52.1336 201.419 
4.31e+08 0.0474454 -49.0119 201.888 
4.32e+08 0.0540593 -70.0618 202.367 
4.33e+08 0.0450151 -45.945 202.836 
4.34e+08 0.0352553 -34.7743 203.303 
4.35e+08 0.0646052 -37.9306 203.768 
4.36e+08 0.0220995 -52.5634 204.235 
4.37e+08 0.0391862 -25.7458 204.718 
4.38e+08 0.0289573 -34.9171 205.195 
4.39e+08 0.0314891 -77.9192 205.675 
4.4e+08 0.0410297 -66.9617 206.148 
4.41e+08 0.0403438 -58.2591 206.624 
4.42e+08 0.0501233 -33.9229 207.097 
4.43e+08 0.0583426 -51.2827 207.572 
4.44e+08 0.0232948 -70.3509 208.044 
4.45e+08 0.0146883 -62.7915 208.525 
4.46e+08 0.0162491 -68.7201 208.996 
4.47e+08 0.0351111 -69.8954 209.474 
4.48e+08 0.0303477 -19.9223 209.951 
4.49e+08 0.0511791 -13.1674 210.428 
4.5e+08 0.0313345 -35.0435 210.905 
4.51e+08 0.0135678 -29.9648 211.37 
4.52e+08 0.0520465 -45.4367 211.837 
4.53e+08 0.0345932 -0.998741 212.307 
4.54e+08 0.0682524 -38.4151 212.772 
4.55e+08 0.0266246 -39.0336 213.241 
4.56e+08 0.0556075 -60.5506 213.714 
4.57e+08 0.0564401 -62.1317 214.179 
4.58e+08 0.0424956 -41.2497 214.651 
4.59e+08 0.0178536 -3.18128 215.121 
4.6e+08 0.0295472 -45.7783 215.591 
4.61e+08 0.0413577 -50.8877 216.064 
4.62e+08 0.0314374 -35.5193 216.531 
4.63e+08 0.0323622 -52.1338 217.002 
4.64e+08 0.0865103 -43.5192 217.472 
4.65e+08 0.0429625 -38.937 217.936 
4.66e+08 0.0232525 -75.808 218.427 
4.67e+08 0.0720465 -13.2488 218.912 
4.68e+08 0.0280775 -22.3134 219.388 
4.69e+08 0.0578217 -79.926 219.863 
4.7e+08 0.0662647 -44.3705 220.339 
4.71e+08 0.032124 -73.281 220.809 
4.72e+08 0.0845747 -29.5174 221.281 
4.73e+08 0.0626055 -82.949 221.756 
4.74e+08 0.0399054 -43.9787 222.231 
4.75e+08 0.0330896 -40.5038 222.706 
4.76e+08 0.0500704 -33.4698 223.172 
4.77e+08 0.0224923 -58.9084 223.646 
4.78e+08 0.0327662 -8.88706 224.114 
4.79e+08 0.0352272 -27.9911 224.584 
4.8e+08 0.0451023 -51.508 225.064 
4.81e+08 0.012614 -38.5113 225.535 
4.82e+08 0.0365317 -58.9233 226.002 
4.83e+08 0.0432966 -42.2436 226.475 
4.84e+08 0.0184963 -68.2858 226.948 
4.85e+08 0.0497485 -68.7 227.42 
4.86e+08 0.0513425 -56.0524 227.889 
4.87e+08 0.0496842 -44.0908 228.358 
4.88e+08 0.066724 -54.2432 228.83 
4.89e+08 0.0750201 -46.161 229.298 
4.9e+08 0.0420073 -50.2055 229.768 
4.91e+08 0.0522146 -47.1143 230.241 
4.92e+08 0.0534985 -15.3983 230.707 
4.93e+08 0.0326156 -30.6136 231.173 
4.94e+08 0.00817535 -45.1037 231.638 
4.95e+08 0.0243618 -51.6044 232.102 
4.96e+08 0.0351094 15.3853 232.564 
4.97e+08 0.0480903 -37.0911 233.03 
4.98e+08 0.0146436 -66.7689 233.494 
4.99e+08 0.0403834 -65.821 233.955 
5e+08 0.0402242 -73.899 234.417 
5.01e+08 0.0972824 -44.9731 234.887 
5.02e+08 0.0632588 -38.8214 235.347 
5.03e+08 0.0578853 -77.2068 235.807 
5.04e+08 0.030148 -40.0228 236.275 
5.05e+08 0.0359332 -56.7475 236.749 
5.06e+08 0.0260451 -0.43604 237.215 
5.07e+08 0.0599097 -74.946 237.687 
5.08e+08 0.0431039 -19.0351 238.151 
5.09e+08 0.0387324 -33.9157 238.622 
5.1e+08 0.0590275 -44.9084 239.084 
5.11e+08 0.0565795 -30.5615 239.549 
5.12e+08 0.0394744 -10.6505 240.015 
5.13e+08 0.0663843 -43.9737 240.48 
5.14e+08 0.012645 -79.6135 240.948 
5.15e+08 0.0320014 -52.1634 241.419 
5.16e+08 0.0340752 -54.9338 241.89 
5.17e+08 0.0552103 -13.3332 242.358 
5.18e+08 0.0381428 -29.0403 242.828 
5.19e+08 0.0344486 -40.4512 243.298 
5.2e+08 0.0436009 -74.1992 243.763 
5.21e+08 0.0569838 -27.1842 244.23 
5.22e+08 0.0396522 -40.6027 244.696 
5.23e+08 0.0520866 -22.6383 245.166 
5.24e+08 0.0300435 -23.7813 245.634 
5.25e+08 0.0556924 -59.0969 246.105 
5.26e+08 0.0683998 -55.1995 246.577 
5.27e+08 0.0683501 -20.9626 247.047 
5.28e+08 0.0315923 -71.7907 247.521 
5.29e+08 0.0135576 -29.775 247.991 
5.3e+08 0.0473628 -47.7687 248.462 
5.31e+08 0.0627754 -45.4422 248.933 
5.32e+08 0.0169122 -68.3305 249.402 
5.33e+08 0.0471733 -107.535 249.874 
5.34e+08 0.0638759 -56.0119 250.346 
5.35e+08 0.0709967 -56.7565 250.815 
5.36e+08 0.0564337 -72.6771 251.283 
5.37e+08 0.0253493 -57.8634 251.754 
5.38e+08 0.0296199 -36.6694 252.226 
5.39e+08 0.0555375 -22.1116 252.697 
5.4e+08 0.0516708 -79.2406 253.17 
5.41e+08 0.0388801 9.70572 253.636 
5.42e+08 0.0509654 -37.2366 254.103 
5.43e+08 0.0288498 -14.8528 254.572 
5.44e+08 0.0245309 -22.885 255.038 
5.45e+08 0.0322146 -59.3164 255.509 
5.46e+08 0.0211039 -65.8909 255.974 
5.47e+08 0.0339106 -20.6728 256.444 
5.48e+08 0.0733118 -84.8111 256.914 
5.49e+08 0.0676922 -65.7827 257.378 
5.5e+08 0.0153014 -48.1932 257.845 
5.51e+08 0.068929 -68.0307 258.308 
5.52e+08 0.054927 -47.0286 258.773 
5.53e+08 0.0354296 -50.9445 259.24 
5.54e+08 0.0156073 -59.5225 259.7 
5.55e+08 0.0840284 -10.5265 260.16 
5.56e+08 0.0587237 -87.0478 260.626 
5.57e+08 0.0262178 -8.79037 261.091 
5.58e+08 0.0340337 -82.2382 261.557 
5.59e+08 0.0211295 -38.946 262.021 
5.6e+08 0.0134231 -55.9348 262.486 
5.61e+08 0.0528559 -68.91 262.945 
5.62e+08 0.0438953 -23.6899 263.409 
5.63e+08 0.0464458 -25.9774 263.87 
5.64e+08 0.0297647 -62.3745 264.334 
5.65e+08 0.0328968 -44.9233 264.795 
5.66e+08 0.0663883 -81.4289 265.257 
5.67e+08 0.0572828 -62.7773 265.724 
5.68e+08 0.0272875 -63.9931 266.186 
5.69e+08 0.0695452 -31.5445 266.653 
5.7e+08 0.0828109 -80.3162 267.121 
5.71e+08 0.040734 -32.9136 267.592 
5.72e+08 0.0393057 -54.7334 268.058 
5.73e+08 0.0115092 -58.9066 268.525 
5.74e+08 0.0197614 -5.63928 268.984 
5.75e+08 0.0323846 -41.8355 269.454 
5.76e+08 0.0356572 -58.4957 269.92 
5.77e+08 0.0481478 -9.8027 270.392 
5.78e+08 0.0340593 -116.776 270.864 
5.79e+08 0.0304496 -52.7946 271.326 
5.8e+08 0.057359 -60.7386 271.791 
5.81e+08 0.0174737 -10.0498 272.258 
5.82e+08 0.0687642 -86.2773 272.718 
5.83e+08 0.0718936 -29.1863 273.183 
5.84e+08 0.06323 -85.7148 273.648 
5.85e+08 0.102188 -39.5905 274.118 
5.86e+08 0.029865 -55.9175 274.585 
5.87e+08 0.0320064 -87.2979 275.055 
5.88e+08 0.0478993 -34.2977 275.526 
5.89e+08 0.0223327 -57.0092 275.993 
5.9e+08 0.0367532 -15.3486 276.463 
5.91e+08 0.023014 -71.7582 276.928 
5.92e+08 0.0386235 -36.2913 277.391 
5.93e+08 0.0279595 -53.3852 277.855 
5.94e+08 0.0746218 -74.444 278.32 
5.95e+08 0.0663688 -40.4877 278.788 
5.96e+08 0.0237234 -53.6505 279.251 
5.97e+08 0.0590619 -33.0592 279.72 
5.98e+08 0.054027 -62.9559 280.187 
5.99e+08 0.0517885 -86.5045 280.658 
6e+08 0.0427129 -49.2128 281.121 
6.01e+08 0.0367565 -16.5989 281.589 
6.02e+08 0.0612857 -61.9215 282.061 
6.03e+08 0.0413328 -31.0343 282.53 
6.04e+08 0.0459731 -65.345 283 
6.05e+08 0.0463493 -46.8743 283.467 
6.06e+08 0.0257052 -61.4562 283.938 
6.07e+08 0.0180095 10.585 284.408 
6.08e+08 0.0551218 -36.7653 284.877 
6.09e+08 0.0454214 -50.3753 285.346 
6.1e+08 0.0506049 -58.794 285.817 
6.11e+08 0.0722373 -55.5028 286.286 
6.12e+08 0.0332895 -37.8849 286.757 
6.13e+08 0.0876581 -15.5163 287.225 
6.14e+08 0.0526859 -82.8397 287.694 
6.15e+08 0.0768887 -38.4449 288.166 
6.16e+08 0.0510158 -59.3814 288.632 
6.17e+08 0.0353813 -62.2152 289.102 
6.18e+08 0.0628186 -82.2238 289.571 
6.19e+08 0.095385 -25.388 290.035 
6.2e+08 0.0781415 -74.4363 290.498 
6.21e+08 0.0725943 -47.3781 290.99 
6.22e+08 0.0561219 -54.0758 291.48 
6.23e+08 0.0163118 -39.6087 291.94 
6.24e+08 0.0415119 -32.299 292.407 
6.25e+08 0.0835076 -79.1157 292.881 
6.26e+08 0.0079942 -58.9431 293.351 
6.27e+08 0.0138748 -25.385 293.823 
6.28e+08 0.0310413 -56.1631 294.287 
6.29e+08 0.0607332 -41.4066 294.756 
6.3e+08 0.0376359 -53.495 295.222 
6.31e+08 0.0034878 -32.2375 295.693 
6.32e+08 0.0543381 -64.625 296.16 
6.33e+08 0.0426332 -59.1568 296.624 
6.34e+08 0.0244674 -117.926 297.092 
6.35e+08 0.0343235 -62.9116 297.558 
6.36e+08 0.0460683 -62.2809 298.028 
6.37e+08 0.0250093 -19.2523 298.5 
6.38e+08 0.0316628 -18.5511 298.968 
6.39e+08 0.0398399 -30.528 299.441 
6.4e+08 0.0381237 -50.9245 299.913 
6.41e+08 0.0706072 -67.0769 300.38 
6.42e+08 0.0318069 -14.1934 300.847 
6.43e+08 0.0213855 -15.5663 301.324 
6.44e+08 0.0619346 -30.8079 301.802 
6.45e+08 0.0844712 -62.186 302.282 
6.46e+08 0.0237267 -17.7302 302.757 
6.47e+08 0.0259327 -47.3998 303.226 
6.48e+08 0.0581926 -48.8227 303.698 
6.49e+08 0.0710746 -77.7089 304.167 
6.5e+08 0.0445525 -32.0928 304.638 
6.51e+08 0.043979 -30.3202 305.113 
6.52e+08 0.056359 -28.317 305.592 
6.53e+08 0.0635975 -28.1333 306.061 
6.54e+08 0.027307 -85.1615 306.53 
6.55e+08 0.0648098 -36.6559 307.002 
6.56e+08 0.0648496 3.86836 307.47 
6.57e+08 0.0613113 -94.9506 307.94 
6.58e+08 0.054636 -31.9464 308.403 
6.59e+08 0.0648634 -43.9063 308.867 
6.6e+08 0.0612866 -40.7678 309.331 
6.61e+08 0.0166034 -56.9388 309.795 
6.62e+08 0.045113 -54.6048 310.26 
6.63e+08 0.0474214 -94.4899 310.73 
6.64e+08 0.0406019 -50.0332 311.194 
6.65e+08 0.0694326 -89.0153 311.661 
6.66e+08 0.04864 -51.9084 312.128 
6.67e+08 0.0490135 -58.4318 312.595 
6.68e+08 0.0356547 -76.518 313.058 
6.69e+08 0.0421475 -78.752 313.528 
6.7e+08 0.0461967 -17.6552 313.995 
6.71e+08 0.0578417 -68.7991 314.463 
6.72e+08 0.0400444 -48.5637 314.93 
6.73e+08 0.0483997 -18.1018 315.397 
6.74e+08 0.0507851 -32.0638 315.867 
6.75e+08 0.0809644 -43.6585 316.333 
6.76e+08 0.0655942 -61.4461 316.802 
6.77e+08 0.0336645 -42.0662 317.269 
6.78e+08 0.0255411 -47.6959 317.736 
6.79e+08 0.0439231 -69.7534 318.203 
6.8e+08 0.0600618 -77.1383 318.673 
6.81e+08 0.00652985 -25.4906 319.145 
6.82e+08 0.0526138 -11.6037 319.61 
6.83e+08 0.0643854 -48.2106 320.08 
6.84e+08 0.0236188 -40.1612 320.548 
6.85e+08 0.0453734 -48.5489 321.011 
6.86e+08 0.0598799 -54.1084 321.479 
6.87e+08 0.0657005 -72.4672 321.942 
6.88e+08 0.0523121 -107.169 322.407 
6.89e+08 0.0623464 -50.5901 322.87 
6.9e+08 0.0449842 -46.1866 323.337 
6.91e+08 0.0721102 -70.8441 323.802 
6.92e+08 0.0493546 -62.3738 324.267 
6.93e+08 0.0592635 5.28992 324.735 
6.94e+08 0.0446728 -43.9384 325.199 
6.95e+08 0.0451095 -68.1276 325.667 
6.96e+08 0.0208651 -26.3273 326.129 
6.97e+08 0.0402377 -25.7941 326.596 
6.98e+08 0.0393237 8.80676 327.057 
6.99e+08 0.0316583 -69.4642 327.52 
7e+08 0.021629 -71.5893 327.985 
7.01e+08 0.045213 -46.8442 328.455 
7.02e+08 0.0526674 -40.9244 328.917 
7.03e+08 0.0572211 -62.1732 329.382 
7.04e+08 0.0483426 -41.201 329.846 
7.05e+08 0.045629 -1.30747 330.303 
7.06e+08 0.0363601 -33.5946 330.759 
7.07e+08 0.0372673 6.27586 331.219 
7.08e+08 0.0335761 -54.278 331.68 
7.09e+08 0.0472944 -48.2702 332.142 
7.1e+08 0.0492072 -62.5699 332.605 
7.11e+08 0.0283272 -79.2795 333.067 
7.12e+08 0.045685 -43.3611 333.521 
7.13e+08 0.0502131 -34.9266 333.981 
7.14e+08 0.0118876 -32.1858 334.451 
7.15e+08 0.0575032 -37.4323 334.916 
7.16e+08 0.103487 -48.7414 335.386 
7.17e+08 0.0349021 -29.8876 335.854 
7.18e+08 0.0794144 -43.6357 336.326 
7.19e+08 0.0311664 -65.2205 336.789 
7.2e+08 0.0479082 -53.3208 337.246 
7.21e+08 0.0190861 -50.9262 337.715 
7.22e+08 0.0613131 -87.5474 338.19 
7.23e+08 0.0475602 -71.71 338.659 
7.24e+08 0.00703284 -78.6139 339.122 
7.25e+08 0.0224537 -48.6081 339.595 
7.26e+08 0.0162081 8.50096 340.065 
7.27e+08 0.0346941 -21.3579 340.535 
7.28e+08 0.0601518 -5.47518 340.996 
7.29e+08 0.0219904 -64.2224 341.462 
7.3e+08 0.0434433 -18.6086 341.92 
7.31e+08 0.0303575 -45.4825 342.384 
7.32e+08 0.0500538 -61.4592 342.847 
7.33e+08 0.0491225 -34.5429 343.313 
7.34e+08 0.0642958 -88.0889 343.775 
7.35e+08 0.0796815 -67.2808 344.239 
7.36e+08 0.0550484 -47.7011 344.708 
7.37e+08 0.0586847 -72.5972 345.174 
7.38e+08 0.0347866 -30.0849 345.637 
7.39e+08 0.0494589 -26.3165 346.104 
7.4e+08 0.0413005 -39.2949 346.571 
7.41e+08 0.0352873 -50.648 347.037 
7.42e+08 0.0956453 -96.013 347.506 
7.43e+08 0.0868788 -68.5891 347.973 
7.44e+08 0.0623523 -26.5004 348.442 
7.45e+08 0.0367267 -14.0151 348.908 
7.46e+08 0.053214 -41.5933 349.375 
7.47e+08 0.0715328 -89.435 349.842 
7.48e+08 0.0138525 -39.2623 350.307 
7.49e+08 0.0187655 -47.3584 350.771 
7.5e+08 0.0475167 -52.8026 351.241 
7.51e+08 0.0438874 -43.0406 351.71 
7.52e+08 0.0279597 -60.2428 352.174 
7.53e+08 0.0409674 -53.7371 352.643 
7.54e+08 0.052122 -63.2557 353.109 
7.55e+08 0.0677411 -61.3613 353.579 
7.56e+08 0.0195115 -53.0721 354.044 
7.57e+08 0.0465619 -63.6215 354.506 
7.58e+08 0.0294617 -74.8543 354.972 
7.59e+08 0.0125122 4.11984 355.445 
7.6e+08 0.0138995 -17.3722 355.913 
7.61e+08 0.0680252 -70.839 356.38 
7.62e+08 0.0264487 -46.8317 356.842 
7.63e+08 0.0511628 -60.2335 357.309 
7.64e+08 0.0288999 -59.8528 357.773 
7.65e+08 0.0597384 -63.5051 358.239 
7.66e+08 0.0361767 -56.8383 358.703 
7.67e+08 0.126212 -59.8435 359.165 
7.68e+08 0.119538 -20.1808 359.627 
7.69e+08 0.105977 -47.4016 360.088 
7.7e+08 0.0571259 -52.016 360.556 
7.71e+08 0.0618069 -86.872 361.016 
7.72e+08 0.0270105 -52.9904 361.481 
7.73e+08 0.0341253 -109.334 361.946 
7.74e+08 0.0456108 -39.9166 362.418 
7.75e+08 0.083494 -20.071 362.888 
7.76e+08 0.0267539 -31.3225 363.356 
7.77e+08 0.0321702 -35.3874 363.803 
7.78e+08 0.0194657 -54.4508 364.291 
7.79e+08 0.0389198 -9.58703 364.779 
7.8e+08 0.0685149 -49.1521 365.254 
7.81e+08 0.0606866 -39.358 365.729 
7.82e+08 0.0841601 -30.2728 366.2 
7.83e+08 0.0727956 -11.8397 366.671 
7.84e+08 0.0451675 -42.8368 367.135 
7.85e+08 0.0386019 -42.903 367.605 
7.86e+08 0.0387263 -64.7874 368.076 
7.87e+08 0.0485809 -29.7182 368.54 
7.88e+08 0.0726053 -55.838 369.012 
7.89e+08 0.0489666 -91.0719 369.483 
7.9e+08 0.0541561 -30.9463 369.951 
7.91e+08 0.0512141 -41.7859 370.421 
7.92e+08 0.0258927 -48.9412 370.884 
7.93e+08 0.0548769 -14.7247 371.352 
7.94e+08 0.0777514 -61.3282 371.819 
7.95e+08 0.0478118 -78.8465 372.288 
7.96e+08 0.0164395 -26.7973 372.754 
7.97e+08 0.0749414 -37.587 373.22 
7.98e+08 0.0380633 -42.5811 373.688 
7.99e+08 0.0277222 -21.5952 374.158 
8e+08 0.0390093 -67.6939 374.623 
8.01e+08 0.0495669 -61.2097 375.092 
8.02e+08 0.0567406 -74.3207 375.565 
8.03e+08 0.0933936 -70.6203 376.034 
8.04e+08 0.0612573 -79.5229 376.5 
8.05e+08 0.070228 -87.1237 376.965 
8.06e+08 0.0475331 -28.7296 377.436 
8.07e+08 0.081971 -49.6067 377.905 
8.08e+08 0.0297178 -40.3025 378.375 
8.09e+08 0.0257571 -56.1193 378.842 
8.1e+08 0.0614211 -62.6437 379.309 
8.11e+08 0.0394502 -2.94354 379.779 
8.12e+08 0.0205382 -36.9567 380.244 
8.13e+08 0.0541444 -48.3299 380.709 
8.14e+08 0.0205931 -54.512 381.177 
8.15e+08 0.0547124 -67.9352 381.646 
8.16e+08 0.0291697 -19.3164 382.112 
8.17e+08 0.0239745 -61.5148 382.582 
8.18e+08 0.0546937 -26.7803 383.044 
8.19e+08 0.0325007 -70.2004 383.513 
8.2e+08 0.0433976 -79.8669 383.978 
8.21e+08 0.0441082 -27.9247 384.444 
8.22e+08 0.0597125 -72.3152 384.911 
8.23e+08 0.111731 -52.6503 385.373 
8.24e+08 0.0481037 -79.7184 385.834 
8.25e+08 0.0528403 -10.9421 386.299 
8.26e+08 0.0569216 -70.9778 386.758 
8.27e+08 0.0636295 -37.2684 387.225 
8.28e+08 0.0376853 -36.5146 387.691 
8.29e+08 0.0599368 -56.266 388.153 
8.3e+08 0.0709819 -55.6681 388.617 
8.31e+08 0.0578183 -52.0215 389.075 
8.32e+08 0.0405414 -54.9969 389.54 
8.33e+08 0.0430256 -52.6463 390.001 
8.34e+08 0.0382924 -38.3798 390.463 
8.35e+08 0.0773653 -50.3934 390.923 
8.36e+08 0.0477777 -41.3542 391.383 
8.37e+08 0.0818568 -40.0011 391.846 
8.38e+08 0.0413096 -36.8403 392.309 
8.39e+08 0.0339713 -65.6925 392.771 
8.4e+08 0.0245745 -63.1723 393.236 
8.41e+08 0.0232921 -74.1158 393.7 
8.42e+08 0.0413102 -41.8283 394.162 
8.43e+08 0.0463797 -74.8405 394.625 
8.44e+08 0.0539552 -45.5065 395.082 
8.45e+08 0.0428343 -31.5613 395.554 
8.46e+08 0.0578856 -64.3601 396.023 
8.47e+08 0.0586411 -15.6433 396.497 
8.48e+08 0.04598 -90.0349 396.966 
8.49e+08 0.0556678 -55.83 397.431 
8.5e+08 0.0581209 -86.6349 397.898 
8.51e+08 0.040078 -47.1862 398.365 
8.52e+08 0.0573448 -41.2381 398.829 
8.53e+08 0.0253973 -38.3695 399.298 
8.54e+08 0.0284951 -71.5212 399.763 
8.55e+08 0.0586838 -71.6673 400.235 
8.56e+08 0.0327983 -40.0496 400.703 
8.57e+08 0.0674109 -39.2819 401.176 
8.58e+08 0.0491614 -91.5261 401.644 
8.59e+08 0.0584589 -65.3456 402.109 
8.6e+08 0.0384165 -54.31 402.573 
8.61e+08 0.0159266 -84.0035 403.038 
8.62e+08 0.033871 -25.9245 403.503 
8.63e+08 0.0629973 -44.7194 403.97 
8.64e+08 0.0671832 -76.4174 404.437 
8.65e+08 0.0965134 -38.0601 404.906 
8.66e+08 0.0520298 -0.339445 405.372 
8.67e+08 0.030028 -39.9889 405.843 
8.68e+08 0.0278211 -37.4473 406.309 
8.69e+08 0.0469096 -72.8488 406.775 
8.7e+08 0.057111 -19.4014 407.241 
8.71e+08 0.0207333 -56.3389 407.712 
8.72e+08 0.06921 -87.5806 408.181 
8.73e+08 0.0297877 -51.9874 408.647 
8.74e+08 0.0346809 -71.2487 409.112 
8.75e+08 0.0452826 -52.2791 409.579 
8.76e+08 0.0350352 -58.9612 410.046 
8.77e+08 0.046629 -44.5001 410.513 
8.78e+08 0.040809 -46.183 410.983 
8.79e+08 0.0598615 -36.5797 411.447 
8.8e+08 0.0968507 -47.5566 411.914 
8.81e+08 0.0547724 -73.7087 412.38 
8.82e+08 0.0227872 -18.0067 412.846 
8.83e+08 0.0448646 -79.5422 413.314 
8.84e+08 0.0206022 -24.567 413.777 
8.85e+08 0.0382651 -73.238 414.243 
8.86e+08 0.038621 -44.9404 414.708 
8.87e+08 0.0371025 -43.9806 415.172 
8.88e+08 0.0276594 -41.47 415.634 
8.89e+08 0.0556614 -46.3051 416.099 
8.9e+08 0.0308909 -63.2181 416.565 
8.91e+08 0.0540643 -41.366 417.024 
8.92e+08 0.0445866 -65.5282 417.49 
8.93e+08 0.0669575 -32.2903 417.951 
8.94e+08 0.0223253 -67.4182 418.418 
8.95e+08 0.043318 -41.7794 418.875 
8.96e+08 0.0646723 -53.6445 419.343 
8.97e+08 0.0321726 -28.3357 419.8 
8.98e+08 0.068772 -84.4609 420.263 
8.99e+08 0.0201563 -80.3345 420.725 
9e+08 0.0383397 -66.7389 421.186 
9.01e+08 0.0261325 -6.18798 421.648 
9.02e+08 0.024295 -36.1675 422.109 
9.03e+08 0.0214175 -29.1651 422.574 
9.04e+08 0.0300075 -58.4317 423.036 
9.05e+08 0.0421466 -45.1109 423.496 
9.06e+08 0.0233292 -9.59021 423.956 
9.07e+08 0.0319543 -82.0233 424.419 
9.08e+08 0.043562 -22.7171 424.884 
9.09e+08 0.0607867 -26.3959 425.367 
9.1e+08 0.0296951 -44.6323 425.84 
9.11e+08 0.0552036 -58.6604 426.316 
9.12e+08 0.0431445 -84.3598 426.787 
9.13e+08 0.0463191 -51.1478 427.26 
9.14e+08 0.0260169 -40.1691 427.726 
9.15e+08 0.0469867 -64.9042 428.206 
9.16e+08 0.0389191 -84.0122 428.681 
9.17e+08 0.0694586 -59.8994 429.153 
9.18e+08 0.0581439 -50.3767 429.63 
9.19e+08 0.0377391 -73.9714 430.108 
9.2e+08 0.0273608 -112.995 430.579 
9.21e+08 0.016767 -60.8946 431.052 
9.22e+08 0.0403937 -39.0445 431.526 
9.23e+08 0.0211026 -54.097 431.999 
9.24e+08 0.0706423 -96.1481 432.469 
9.25e+08 0.0655167 -30.3869 432.942 
9.26e+08 0.0330384 -20.657 433.414 
9.27e+08 0.0452755 -88.1539 433.882 
9.28e+08 0.0283864 -18.1905 434.355 
9.29e+08 0.0751061 -51.4807 434.829 
9.3e+08 0.0746033 -76.795 435.297 
9.31e+08 0.0647264 -60.1202 435.771 
9.32e+08 0.0565403 -30.3756 436.247 
9.33e+08 0.0189938 -58.7403 436.708 
9.34e+08 0.0650096 -56.2602 437.187 
9.35e+08 0.0279217 -34.6039 437.684 
9.36e+08 0.0324425 -34.5606 438.17 
9.37e+08 0.0528965 -57.5267 438.637 
9.38e+08 0.067414 -60.0336 439.119 
9.39e+08 0.06273 -74.639 439.598 
9.4e+08 0.02955 -29.339 440.079 
9.41e+08 0.0439428 -52.6865 440.56 
9.42e+08 0.0746535 -75.4007 441.04 
9.43e+08 0.0449799 -75.0134 441.515 
9.44e+08 0.0501954 -34.2595 441.993 
9.45e+08 0.0353071 -67.1797 442.473 
9.46e+08 0.057947 -85.8359 442.945 
9.47e+08 0.0492452 -21.3739 443.41 
9.48e+08 0.0441424 -34.4625 443.883 
9.49e+08 0.0427856 -23.1617 444.362 
9.5e+08 0.0504813 -28.2222 444.827 
9.51e+08 0.0457682 -80.9533 445.297 
9.52e+08 0.0637388 -75.3754 445.772 
9.53e+08 0.0261285 -49.8831 446.239 
9.54e+08 0.054527 -81.2804 446.71 
9.55e+08 0.0626691 -46.0604 447.182 
9.56e+08 0.0819768 -12.5123 447.655 
9.57e+08 0.0849578 -64.4388 448.132 
9.58e+08 0.0564089 -23.5888 448.602 
9.59e+08 0.0213671 -51.2497 449.077 
9.6e+08 0.0589352 -56.281 449.547 
9.61e+08 0.0789973 -49.403 450.021 
9.62e+08 0.0642636 -54.1571 450.496 
9.63e+08 0.0476479 -74.7036 450.966 
9.64e+08 0.0621498 -65.1204 451.436 
9.65e+08 0.0210935 -40.6891 451.916 
9.66e+08 0.0936851 -43.7207 452.395 
9.67e+08 0.0395318 -37.5605 452.874 
9.68e+08 0.0542175 -32.0029 453.35 
9.69e+08 0.057839 -37.8198 453.818 
9.7e+08 0.060803 -19.2151 454.293 
9.71e+08 0.0175086 -47.355 454.773 
9.72e+08 0.0744933 -70.1898 455.249 
9.73e+08 0.0252233 -45.6586 455.726 
9.74e+08 0.035606 -17.7032 456.205 
9.75e+08 0.0495506 -57.5771 456.678 
9.76e+08 0.0115008 -19.8429 457.149 
9.77e+08 0.0585436 -27.7982 457.624 
9.78e+08 0.0448608 -66.257 458.091 
9.79e+08 0.0337383 -62.0891 458.564 
9.8e+08 0.0609478 -30.5001 459.037 
9.81e+08 0.0534875 -96.9107 459.514 
9.82e+08 0.0350017 -15.555 459.988 
9.83e+08 0.088145 -24.9713 460.459 
9.84e+08 0.0691011 -61.4075 460.934 
9.85e+08 0.0375111 -48.3353 461.407 
9.86e+08 0.0263676 -38.3243 461.884 
9.87e+08 0.0135645 -72.2115 462.363 
9.88e+08 0.0614151 -63.9805 462.832 
9.89e+08 0.0297492 -37.3457 463.307 
9.9e+08 0.038552 -32.9071 463.783 
9.91e+08 0.0682072 -44.8968 464.26 
9.92e+08 0.0645155 -46.0695 464.736 
9.93e+08 0.0576216 -29.0293 465.216 
9.94e+08 0.0313767 -57.3019 465.697 
9.95e+08 0.0539245 -69.0197 466.178 
9.96e+08 0.0519273 -33.4756 466.65 
9.97e+08 0.0887141 -74.7305 467.125 
9.98e+08 0.0284566 -69.1774 467.593 
9.99e+08 0.0370812 -17.236 468.069 
1e+09 0.0435092 -53.5631 468.549 
