0 0.0463549 -7.58749 0 
1e+06 0.0444558 -53.3585 0.423437 
2e+06 0.0822542 -90.1875 0.847181 
3e+06 0.051173 -50.571 1.27082 
4e+06 0.0078762 -27.3435 1.69462 
5e+06 0.0477823 -28.9469 2.11859 
6e+06 0.0746796 -70.4959 2.54352 
7e+06 0.0629637 -17.5978 2.96711 
8e+06 0.0387226 -24.3839 3.39149 
9e+06 0.0895625 -11.076 3.81467 
1e+07 0.110949 -66.9623 4.23907 
1.1e+07 0.0517216 -56.5949 4.66239 
1.2e+07 0.0486064 -66.0514 5.08645 
1.3e+07 0.0313333 -65.068 5.50958 
1.4e+07 0.0142104 -30.6513 5.9342 
1.5e+07 0.0827839 -51.9388 6.35738 
1.6e+07 0.0150952 -56.2819 6.78062 
1.7e+07 0.0475316 -48.6404 7.20376 
1.8e+07 0.0403793 -37.2051 7.62773 
1.9e+07 0.0455617 -70.9671 8.05087 
2e+07 0.0395935 -19.5922 8.47473 
2.1e+07 0.0570596 -121.248 8.8984 
2.2e+07 0.0299231 -35.9246 9.3218 
2.3e+07 0.0323737 -24.0974 9.74545 
2.4e+07 0.0754705 -57.4337 10.1694 
2.5e+07 0.069354 -52.7693 10.5928 
2.6e+07 0.0592066 -90.4793 11.0173 
2.7e+07 0.0875901 -69.7859 11.4409 
2.8e+07 0.0248224 -33.8131 11.8644 
2.9e+07 0.0263259 -60.4794 12.2883 
3e+07 0.0807429 -67.8834 12.7117 
3.1e+07 0.0423831 -47.6536 13.1355 
3.2e+07 0.0699989 -77.3334 13.5585 
3.3e+07 0.0590057 -56.1457 13.983 
3.4e+07 0.0123192 -41.6909 14.4064 
3.5e+07 0.030678 -58.5184 14.83 
3.6e+07 0.00958647 -44.6777 15.2534 
3.7e+07 0.0553647 -58.5771 15.6769 
3.8e+07 0.0521032 -62.9587 16.0998 
3.9e+07 0.00331526 -67.745 16.5234 
4e+07 0.0462078 -38.2397 16.9467 
4.1e+07 0.0304527 -29.7711 17.3705 
4.2e+07 0.0218748 -83.9871 17.7939 
4.3e+07 0.0634072 -38.1062 18.2175 
4.4e+07 0.0654775 -42.5098 18.6405 
4.5e+07 0.0342139 -39.4585 19.0648 
4.6e+07 0.0421566 -49.6342 19.4883 
4.7e+07 0.0814662 -26.2141 19.9125 
4.8e+07 0.0783883 -99.988 20.3358 
4.9e+07 0.0315293 -88.9762 20.759 
5e+07 0.0252272 -72.6481 21.1825 
5.1e+07 0.0979433 -70.7213 21.6059 
5.2e+07 0.00584643 -20.1623 22.0298 
5.3e+07 0.0854774 -56.3884 22.453 
5.4e+07 0.0475237 -33.5975 22.8765 
5.5e+07 0.0273106 -36.2795 23.2996 
5.6e+07 0.0338279 -24.5461 23.7237 
5.7e+07 0.0492037 -37.379 24.1472 
5.8e+07 0.0343978 -7.2549 24.5709 
5.9e+07 0.0282886 -71.873 24.9943 
6e+07 0.0427039 -61.7661 25.4176 
6.1e+07 0.0236978 -69.2537 25.8416 
6.2e+07 0.0177223 -15.3185 26.2656 
6.3e+07 0.0529116 -38.2796 26.6892 
6.4e+07 0.0886817 -41.8355 27.1125 
6.5e+07 0.0407258 -49.2443 27.5362 
6.6e+07 0.0570744 -73.0921 27.9604 
6.7e+07 0.0674923 -37.5946 28.3834 
6.8e+07 0.0583212 -77.7515 28.807 
6.9e+07 0.0698144 -76.7889 29.2305 
7e+07 0.0453286 -45.495 29.654 
7.1e+07 0.0420531 -36.2286 30.0775 
7.2e+07 0.0336858 -54.7125 30.501 
7.3e+07 0.011401 -32.4798 30.9252 
7.4e+07 0.0448631 -83.4232 31.3486 
7.5e+07 0.0154026 -84.5115 31.7728 
7.6e+07 0.0596988 -75.9862 32.1958 
7.7e+07 0.0456589 -64.1605 32.6193 
7.8e+07 0.0341653 -57.2887 33.0429 
7.9e+07 0.0422651 -28.5656 33.4663 
8e+07 0.091542 -34.3981 33.8899 
8.1e+07 0.0303537 -18.1339 34.3131 
8.2e+07 0.084034 -80.3589 34.7368 
8.3e+07 0.0353153 -38.8389 35.1599 
8.4e+07 0.0778522 -34.4764 35.5836 
8.5e+07 0.00749499 -65.0679 36.0074 
8.6e+07 0.0448253 -11.7864 36.4309 
8.7e+07 0.0956347 -96.7053 36.8543 
8.8e+07 0.0133366 -24.8824 37.2778 
8.9e+07 0.0222959 -68.7729 37.7013 
9e+07 0.0551177 -74.2144 38.1253 
9.1e+07 0.0208004 -30.7069 38.5487 
9.2e+07 0.0504146 -47.361 38.9719 
9.3e+07 0.0681598 -33.2863 39.3956 
9.4e+07 0.05706 -40.5844 39.8188 
9.5e+07 0.0160426 -37.0911 40.2424 
9.6e+07 0.0674813 -65.3499 40.6655 
9.7e+07 0.0279844 -27.5116 41.0891 
9.8e+07 0.0462336 -109.116 41.5124 
9.9e+07 0.031772 -35.1662 41.937 
1e+08 0.0304852 -76.6205 42.3602 
1.01e+08 0.0298991 -1.05588 42.7835 
1.02e+08 0.037133 -55.0929 43.2068 
1.03e+08 0.0229502 -37.901 43.6301 
1.04e+08 0.0402686 -83.9866 44.0533 
1.05e+08 0.0538374 -25.9664 44.4769 
1.06e+08 0.0878615 -95.1607 44.9003 
1.07e+08 0.0522924 -88.3086 45.3233 
1.08e+08 0.0380397 -62.6668 45.7469 
1.09e+08 0.0559752 -78.8943 46.1703 
1.1e+08 0.0761148 -31.2885 46.5936 
1.11e+08 0.0623149 -36.2075 47.0173 
1.12e+08 0.0973649 -31.2656 47.4408 
1.13e+08 0.0701914 -78.8551 47.8643 
1.14e+08 0.0232934 -35.7857 48.2879 
1.15e+08 0.035007 -60.0829 48.7113 
1.16e+08 0.0570733 -52.1927 49.1358 
1.17e+08 0.0407722 -31.3045 49.559 
1.18e+08 0.0209556 -15.2516 49.9829 
1.19e+08 0.0237075 -10.2052 50.4061 
1.2e+08 0.0595197 -48.2859 50.8299 
1.21e+08 0.0679036 -93.3562 51.253 
1.22e+08 0.0348294 -36.4302 51.6762 
1.23e+08 0.0960157 -100.797 52.1002 
1.24e+08 0.0454438 -40.1283 52.5234 
1.25e+08 0.0391218 0.929559 52.9468 
1.26e+08 0.0230394 -60.3742 53.3703 
1.27e+08 0.0682748 -40.5604 53.7941 
1.28e+08 0.0901927 -41.9357 54.2177 
1.29e+08 0.0400273 -49.374 54.6416 
1.3e+08 0.0770426 -40.1525 55.0654 
1.31e+08 0.0483115 -46.3312 55.489 
1.32e+08 0.0726958 -74.6094 55.9126 
1.33e+08 0.0623357 -36.2748 56.3358 
1.34e+08 0.0495294 -56.3346 56.7592 
1.35e+08 0.0420812 -89.9749 57.1829 
1.36e+08 0.0438608 -51.376 57.6064 
1.37e+08 0.0500143 -65.293 58.0298 
1.38e+08 0.0684582 -47.6858 58.4532 
1.39e+08 0.0539572 -52.8997 58.8772 
1.4e+08 0.056375 -59.8152 59.301 
1.41e+08 0.0409732 -2.289 59.7241 
1.42e+08 0.0905999 -103.098 60.1479 
1.43e+08 0.0481857 -30.1573 60.5715 
1.44e+08 0.0447568 -56.9964 60.9949 
1.45e+08 0.0369213 -31.2805 61.4184 
1.46e+08 0.0545664 -57.973 61.8426 
1.47e+08 0.0269534 -49.48 62.2661 
1.48e+08 0.0492428 -72.657 62.6903 
1.49e+08 0.0837192 -74.5957 63.1143 
1.5e+08 0.0573725 -82.6617 63.5379 
1.51e+08 0.0611499 -60.7097 63.9618 
1.52e+08 0.0500839 -85.9115 64.3847 
1.53e+08 0.0456198 -54.8933 64.8079 
1.54e+08 0.0317625 -84.7013 65.2315 
1.55e+08 0.0273305 -57.8095 65.6545 
1.56e+08 0.0230122 47.3982 66.0782 
1.57e+08 0.0306657 -42.5762 66.5012 
1.58e+08 0.0151952 -67.3822 66.9251 
1.59e+08 0.0325055 -53.2452 67.3483 
1.6e+08 0.0710544 -26.3003 67.7721 
1.61e+08 0.0623128 -13.2104 68.1957 
1.62e+08 0.0232861 -44.6885 68.6192 
1.63e+08 0.0460812 -74.5547 69.0428 
1.64e+08 0.0475192 -62.9574 69.466 
1.65e+08 0.0308614 -53.468 69.8895 
1.66e+08 0.0812225 -76.1272 70.3131 
1.67e+08 0.0317768 -40.0687 70.7366 
1.68e+08 0.0496809 -40.264 71.1608 
1.69e+08 0.0602194 -91.6554 71.5839 
1.7e+08 0.036069 -55.7883 72.0075 
1.71e+08 0.0285831 -56.4193 72.4309 
1.72e+08 0.0274728 -69.3893 72.8546 
1.73e+08 0.0826111 -72.4035 73.2778 
1.74e+08 0.0331304 -16.3024 73.7017 
1.75e+08 0.0382534 -76.2065 74.1252 
1.76e+08 0.0653417 -37.6753 74.549 
1.77e+08 0.0205551 -51.3535 74.9724 
1.78e+08 0.0266497 -60.119 75.3959 
1.79e+08 0.0669375 -62.5276 75.8193 
1.8e+08 0.0436123 -96.102 76.243 
1.81e+08 0.0434702 -43.1101 76.6662 
1.82e+08 0.0808773 -46.61 77.09 
1.83e+08 0.0292539 -54.1001 77.5136 
1.84e+08 0.0319568 -63.8599 77.9374 
1.85e+08 0.0337163 -57.7456 78.3607 
1.86e+08 0.0581379 -110.893 78.7842 
1.87e+08 0.0333104 -34.2345 79.2087 
1.88e+08 0.0438708 -60.4254 79.632 
1.89e+08 0.00645383 -17.5158 80.0557 
1.9e+08 0.0352023 -48.4398 80.4788 
1.91e+08 0.033422 -37.2066 80.903 
1.92e+08 0.0319929 -77.5371 81.3265 
1.93e+08 0.0311949 -73.0018 81.7503 
1.94e+08 0.0483781 -48.7099 82.1736 
1.95e+08 0.0474047 -34.9868 82.5972 
1.96e+08 0.00603691 -40.7366 83.0207 
1.97e+08 0.0176442 -35.6725 83.4441 
1.98e+08 0.076237 -41.7416 83.8677 
1.99e+08 0.0357192 -47.6342 84.2917 
2e+08 0.0631425 -38.327 84.7151 
2.01e+08 0.0193702 -85.3161 85.139 
2.02e+08 0.0297472 -30.6097 85.5624 
2.03e+08 0.0636745 -60.451 85.9862 
2.04e+08 0.00786495 -34.8029 86.4096 
2.05e+08 0.0384388 -46.1318 86.8329 
2.06e+08 0.0548884 -62.5785 87.2564 
2.07e+08 0.0222428 -26.7911 87.6802 
2.08e+08 0.02879 -41.7061 88.1036 
2.09e+08 0.0569337 -31.2578 88.5266 
2.1e+08 0.0231027 -58.7451 88.95 
2.11e+08 0.0178254 -33.018 89.3734 
2.12e+08 0.032491 -55.5304 89.797 
2.13e+08 0.0226738 -63.1097 90.2203 
2.14e+08 0.0402619 -44.4494 90.644 
2.15e+08 0.0794193 -53.1688 91.0678 
2.16e+08 0.036419 -22.1638 91.4909 
2.17e+08 0.0397128 -48.018 91.9147 
2.18e+08 0.0598757 -98.3463 92.3387 
2.19e+08 0.0651303 -57.9559 92.7623 
2.2e+08 0.0466932 -70.7913 93.1857 
2.21e+08 0.0533928 -56.4691 93.609 
2.22e+08 0.0724505 -78.8403 94.0329 
2.23e+08 0.0623274 -31.441 94.4565 
2.24e+08 0.0351972 -15.4405 94.8801 
2.25e+08 0.101409 -102.688 95.3041 
2.26e+08 0.0108227 -49.6641 95.7278 
2.27e+08 0.0309774 -55.5683 96.1517 
2.28e+08 0.0552901 -45.5098 96.5749 
2.29e+08 0.0357496 -65.0786 96.9986 
2.3e+08 0.0392393 -14.1842 97.4222 
2.31e+08 0.0517548 -42.1941 97.8462 
2.32e+08 0.0651849 -37.3673 98.2698 
2.33e+08 0.0600413 -76.136 98.6932 
2.34e+08 0.0374263 -31.1792 99.1175 
2.35e+08 0.0517452 -22.4221 99.5413 
2.36e+08 0.0388355 -63.4798 99.9648 
2.37e+08 0.0130558 5.42297 100.388 
2.38e+08 0.0606089 -56.6397 100.811 
2.39e+08 0.0321901 -71.5482 101.235 
2.4e+08 0.0800214 -74.8493 101.659 
2.41e+08 0.0303431 -51.0348 102.082 
2.42e+08 0.0475389 -65.4529 102.506 
2.43e+08 0.0555014 -15.9916 102.929 
2.44e+08 0.0542684 -14.4685 103.352 
2.45e+08 0.0220226 -30.1751 103.776 
2.46e+08 0.0450822 -45.323 104.2 
2.47e+08 0.0669777 -27.1087 104.623 
2.48e+08 0.0444822 -71.7243 105.046 
2.49e+08 0.0338188 -59.4789 105.469 
2.5e+08 0.0336618 -85.274 105.893 
2.51e+08 0.043978 -26.7162 106.317 
2.52e+08 0.0702097 -39.1501 106.741 
2.53e+08 0.0340997 -47.0631 107.164 
2.54e+08 0.0120297 -51.1013 107.587 
2.55e+08 0.0379551 -38.5945 108.011 
2.56e+08 0.0516918 -50.2595 108.434 
2.57e+08 0.0355589 -13.8065 108.858 
2.58e+08 0.046998 -99.9032 109.281 
2.59e+08 0.0363181 -50.4889 109.705 
2.6e+08 0.0497916 -76.7109 110.129 
2.61e+08 0.0596758 -53.7916 110.552 
2.62e+08 0.0649057 -77.4457 110.976 
2.63e+08 0.02131 -61.8202 111.399 
2.64e+08 0.0611943 -73.2087 111.823 
2.65e+08 0.0315314 -86.7187 112.246 
2.66e+08 0.0786647 -72.7162 112.669 
2.67e+08 0.0223604 -55.8798 113.093 
2.68e+08 0.0446514 -81.4419 113.517 
2.69e+08 0.0460172 -43.7341 113.94 
2.7e+08 0.0223263 -59.1273 114.364 
2.71e+08 0.072755 -35.0982 114.788 
2.72e+08 0.0638632 -37.4245 115.212 
2.73e+08 0.0325224 -23.619 115.635 
2.74e+08 0.0407234 -68.9454 116.059 
2.75e+08 0.0678043 -61.9602 116.483 
2.76e+08 0.0293517 -57.8642 116.907 
2.77e+08 0.0513675 -37.882 117.33 
2.78e+08 0.0384973 -11.7767 117.754 
2.79e+08 0.0267581 -28.2225 118.178 
2.8e+08 0.0347444 -48.8628 118.601 
2.81e+08 0.0391414 -45.0707 119.025 
2.82e+08 0.0472385 -7.90265 119.448 
2.83e+08 0.0819856 -1.52162 119.872 
2.84e+08 0.0218804 -42.6177 120.296 
2.85e+08 0.0559901 -52.6676 120.72 
2.86e+08 0.0634431 -60.1986 121.143 
2.87e+08 0.0596327 -5.54908 121.567 
2.88e+08 0.0757767 -49.2066 121.991 
2.89e+08 0.0345672 -64.3071 122.415 
2.9e+08 0.0645235 -43.2747 122.838 
2.91e+08 0.0334502 -60.4191 123.262 
2.92e+08 0.0344669 -68.5111 123.685 
2.93e+08 0.0349091 -17.8027 124.11 
2.94e+08 0.0158659 -47.372 124.533 
2.95e+08 0.0757527 -54.0295 124.956 
2.96e+08 0.0407496 -64.308 125.379 
2.97e+08 0.0269172 -87.6863 125.803 
2.98e+08 0.0146149 -46.2821 126.227 
2.99e+08 0.0332515 -21.9694 126.65 
3e+08 0.0198132 -40.1118 127.074 
3.01e+08 0.0823049 -49.344 127.498 
3.02e+08 0.0238067 -34.0516 127.921 
3.03e+08 0.0340543 -79.9838 128.345 
3.04e+08 0.0526288 -18.5182 128.768 
3.05e+08 0.0549116 -64.326 129.192 
3.06e+08 0.0493514 -90.35 129.615 
3.07e+08 0.0197555 -52.9352 130.04 
3.08e+08 0.0463991 -72.19 130.462 
3.09e+08 0.025073 -48.8169 130.887 
3.1e+08 0.0400173 -55.4552 131.31 
3.11e+08 0.0424156 -46.5914 131.733 
3.12e+08 0.0358533 -68.1186 132.157 
3.13e+08 0.0773171 13.7122 132.581 
3.14e+08 0.0358185 -79.3467 133.004 
3.15e+08 0.0639759 -59.3902 133.427 
3.16e+08 0.0630232 -17.1409 133.851 
3.17e+08 0.0398504 -67.8406 134.275 
3.18e+08 0.0455453 -5.57112 134.698 
3.19e+08 0.0448444 -36.4656 135.122 
3.2e+08 0.0302098 -40.8076 135.545 
3.21e+08 0.0390329 -14.6925 135.968 
3.22e+08 0.0560019 -25.5365 136.392 
3.23e+08 0.0747318 -88.9407 136.816 
3.24e+08 0.0352193 -26.0059 137.24 
3.25e+08 0.0383494 -45.138 137.663 
3.26e+08 0.0957097 -68.1172 138.088 
3.27e+08 0.04561 -1.89023 138.511 
3.28e+08 0.0207596 -91.3085 138.935 
3.29e+08 0.0194627 -85.1381 139.358 
3.3e+08 0.0391603 -23.8314 139.781 
3.31e+08 0.0351656 -31.6801 140.205 
3.32e+08 0.029028 -79.1127 140.628 
3.33e+08 0.0354024 -45.6727 141.052 
3.34e+08 0.0366193 -37.1766 141.475 
3.35e+08 0.0418293 -48.0332 141.899 
3.36e+08 0.064281 -68.6186 142.323 
3.37e+08 0.0325253 -46.2548 142.746 
3.38e+08 0.0394123 -27.3262 143.169 
3.39e+08 0.0511271 -48.1108 143.592 
3.4e+08 0.0291934 -16.9484 144.016 
3.41e+08 0.0275601 -25.1621 144.44 
3.42e+08 0.0170953 -46.3112 144.864 
3.43e+08 0.0295575 -66.9364 145.287 
3.44e+08 0.0347413 -45.9826 145.71 
3.45e+08 0.0645756 -48.1247 146.134 
3.46e+08 0.08819 -71.8231 146.558 
3.47e+08 0.0370753 -44.6497 146.982 
3.48e+08 0.0435888 -28.0738 147.405 
3.49e+08 0.051268 -64.8607 147.829 
3.5e+08 0.0518552 -25.8658 148.252 
3.51e+08 0.0241631 -61.4996 148.675 
3.52e+08 0.0450511 -33.3834 149.099 
3.53e+08 0.0640137 -43.1951 149.522 
3.54e+08 0.0386506 -50.6037 149.946 
3.55e+08 0.0927172 -68.231 150.37 
3.56e+08 0.0783009 -67.1557 150.792 
3.57e+08 0.0330135 -42.0124 151.216 
3.58e+08 0.0198349 -57.5811 151.639 
3.59e+08 0.0377423 -17.9675 152.062 
3.6e+08 0.0537973 -95.7693 152.485 
3.61e+08 0.0749984 -51.2663 152.909 
3.62e+08 0.0413803 -33.7151 153.332 
3.63e+08 0.0388299 -51.6104 153.756 
3.64e+08 0.0612816 -92.4841 154.18 
3.65e+08 0.0922764 -57.8122 154.604 
3.66e+08 0.050468 -75.7516 155.027 
3.67e+08 0.0275471 -49.0056 155.451 
3.68e+08 0.089448 -89.9701 155.874 
3.69e+08 0.0686933 -48.0289 156.298 
3.7e+08 0.0784214 -111.302 156.721 
3.71e+08 0.0328442 -26.6375 157.144 
3.72e+08 0.0357605 -17.9656 157.568 
3.73e+08 0.0208938 -66.7294 157.992 
3.74e+08 0.0261974 -40.8383 158.415 
3.75e+08 0.045643 -109.93 158.839 
3.76e+08 0.0600208 -46.9555 159.262 
3.77e+08 0.0881791 -39.7165 159.686 
3.78e+08 0.0493526 -59.3854 160.11 
3.79e+08 0.0512522 -57.306 160.534 
3.8e+08 0.0350265 -40.8918 160.957 
3.81e+08 0.0351978 -70.2931 161.38 
3.82e+08 0.0376332 -24.2224 161.805 
3.83e+08 0.0520479 -52.2651 162.229 
3.84e+08 0.0682327 -79.272 162.652 
3.85e+08 0.0245277 -55.0932 163.076 
3.86e+08 0.0440527 -49.6124 163.499 
3.87e+08 0.112425 -86.6559 163.923 
3.88e+08 0.0679875 -20.6796 164.347 
3.89e+08 0.0759167 -76.553 164.77 
3.9e+08 0.0806183 -72.9124 165.194 
3.91e+08 0.0504323 -59.3039 165.617 
3.92e+08 0.0300706 -68.2291 166.041 
3.93e+08 0.0395691 -46.8433 166.464 
3.94e+08 0.0506632 -63.4743 166.888 
3.95e+08 0.0827537 -92.9232 167.312 
3.96e+08 0.0288659 -84.1648 167.736 
3.97e+08 0.0502931 -28.9991 168.16 
3.98e+08 0.0125458 -63.149 168.583 
3.99e+08 0.0309958 -67.1144 169.007 
4e+08 0.0526346 -50.9137 169.431 
4.01e+08 0.0378194 -91.3869 169.854 
4.02e+08 0.0620216 -30.5706 170.278 
4.03e+08 0.0236923 -13.489 170.701 
4.04e+08 0.0383151 -31.6969 171.125 
4.05e+08 0.063121 -33.4071 171.548 
4.06e+08 0.0376069 -62.0236 171.972 
4.07e+08 0.0631804 -39.4449 172.395 
4.08e+08 0.0305114 -38.395 172.819 
4.09e+08 0.0172569 -20.1246 173.243 
4.1e+08 0.0375094 -60.9669 173.666 
4.11e+08 0.0634304 -53.0597 174.09 
4.12e+08 0.0700551 -54.4033 174.514 
4.13e+08 0.012807 -62.9543 174.937 
4.14e+08 0.0409991 -77.7252 175.361 
4.15e+08 0.0264553 -58.0834 175.784 
4.16e+08 0.0220709 -18.8329 176.208 
4.17e+08 0.0522194 -64.2098 176.632 
4.18e+08 0.0672954 -48.9558 177.056 
4.19e+08 0.0177278 -29.0381 177.48 
4.2e+08 0.0564502 -53.5292 177.903 
4.21e+08 0.0641689 -27.9136 178.327 
4.22e+08 0.0581442 -31.3936 178.75 
4.23e+08 0.0710578 -69.6812 179.174 
4.24e+08 0.0119841 -44.752 179.598 
4.25e+08 0.0445619 -69.0363 180.021 
4.26e+08 0.0175257 -24.6105 180.445 
4.27e+08 0.0226984 -30.1183 180.869 
4.28e+08 0.0446424 -19.5832 181.292 
4.29e+08 0.0518924 -48.0963 181.717 
4.3e+08 0.0993306 -111.622 182.14 
4.31e+08 0.0739632 -77.4077 182.564 
4.32e+08 0.0268949 -31.7382 182.988 
4.33e+08 0.0442865 -21.8814 183.412 
4.34e+08 0.0445466 -14.7826 183.835 
4.35e+08 0.0439855 -20.1545 184.259 
4.36e+08 0.0333647 -69.0991 184.682 
4.37e+08 0.050589 -10.3523 185.107 
4.38e+08 0.0235949 -82.0883 185.53 
4.39e+08 0.0244429 -33.2039 185.954 
4.4e+08 0.0549548 -44.3525 186.378 
4.41e+08 0.0499754 -35.6872 186.802 
4.42e+08 0.0379193 -56.8821 187.225 
4.43e+08 0.0283123 -58.5024 187.649 
4.44e+08 0.0164094 -30.8395 188.072 
4.45e+08 0.050589 -59.127 188.496 
4.46e+08 0.0347372 -86.9797 188.92 
4.47e+08 0.03458 -53.8062 189.343 
4.48e+08 0.0288603 -39.9809 189.767 
4.49e+08 0.0523264 -18.6341 190.19 
4.5e+08 0.0807631 -81.3906 190.614 
4.51e+08 0.0428779 -59.8204 191.038 
4.52e+08 0.0743665 -60.8758 191.462 
4.53e+08 0.0471919 -12.6286 191.886 
4.54e+08 0.0520867 -75.314 192.309 
4.55e+08 0.0246229 -61.3452 192.733 
4.56e+08 0.069547 -86.1861 193.156 
4.57e+08 0.0657895 -31.7704 193.58 
4.58e+08 0.00255892 -60.4687 194.004 
4.59e+08 0.068123 -70.0855 194.428 
4.6e+08 0.0584702 -74.0562 194.852 
4.61e+08 0.0225626 -46.332 195.276 
4.62e+08 0.0460125 -39.3742 195.7 
4.63e+08 0.0578068 -59.5114 196.124 
4.64e+08 0.0449268 -74.174 196.548 
4.65e+08 0.0552702 -38.8541 196.972 
4.66e+08 0.0212511 -45.7141 197.396 
4.67e+08 0.0389009 -41.6287 197.819 
4.68e+08 0.0213392 -45.2216 198.243 
4.69e+08 0.0705949 -67.1286 198.667 
4.7e+08 0.050901 -56.3265 199.091 
4.71e+08 0.061569 -37.098 199.515 
4.72e+08 0.0252157 -54.7578 199.938 
4.73e+08 0.0375061 -34.9479 200.362 
4.74e+08 0.0604047 -42.4093 200.785 
4.75e+08 0.0702604 -53.0481 201.209 
4.76e+08 0.0540878 -69.0118 201.632 
4.77e+08 0.0469998 -43.5579 202.056 
4.78e+08 0.0610101 -69.9967 202.48 
4.79e+08 0.0624034 -74.3752 202.903 
4.8e+08 0.0621771 -75.0101 203.327 
4.81e+08 0.076655 -60.986 203.75 
4.82e+08 0.0510995 -47.6604 204.174 
4.83e+08 0.0817658 -81.1576 204.598 
4.84e+08 0.0611553 -44.7632 205.022 
4.85e+08 0.0492595 -79.7954 205.445 
4.86e+08 0.038264 -49.6411 205.869 
4.87e+08 0.0311894 -15.4684 206.292 
4.88e+08 0.0718762 -37.9997 206.716 
4.89e+08 0.0455753 -43.3883 207.14 
4.9e+08 0.0580595 -39.2966 207.564 
4.91e+08 0.0332019 -60.961 207.988 
4.92e+08 0.054486 -61.2803 208.411 
4.93e+08 0.0305823 -67.887 208.835 
4.94e+08 0.0332071 -77.5151 209.258 
4.95e+08 0.0189704 -51.0878 209.682 
4.96e+08 0.069928 -51.6401 210.105 
4.97e+08 0.0649741 0.00175882 210.529 
4.98e+08 0.0769732 -54.4627 210.953 
4.99e+08 0.0198159 -34.7087 211.377 
5e+08 0.0395 -77.1074 211.8 
5.01e+08 0.0399461 -62.7259 212.224 
5.02e+08 0.0230238 -11.3722 212.647 
5.03e+08 0.104665 -58.5844 213.071 
5.04e+08 0.0510773 -29.2043 213.495 
5.05e+08 0.0283159 -61.9025 213.918 
5.06e+08 0.0168861 -63.7161 214.342 
5.07e+08 0.0436718 -50.5321 214.765 
5.08e+08 0.0374072 -65.0787 215.189 
5.09e+08 0.0480927 -60.7336 215.613 
5.1e+08 0.0466994 -25.0378 216.037 
5.11e+08 0.0626598 -53.8456 216.46 
5.12e+08 0.0403301 -43.2499 216.884 
5.13e+08 0.0486813 -38.3572 217.308 
5.14e+08 0.0241556 -50.449 217.732 
5.15e+08 0.0253163 -121.605 218.155 
5.16e+08 0.0159997 -58.5607 218.579 
5.17e+08 0.041113 -28.9696 219.002 
5.18e+08 0.0445208 -60.768 219.426 
5.19e+08 0.0381922 -40.0645 219.85 
5.2e+08 0.0598869 -100.296 220.273 
5.21e+08 0.0651078 -18.0836 220.697 
5.22e+08 0.0276082 -58.5157 221.12 
5.23e+08 0.0414716 -54.0422 221.544 
5.24e+08 0.046121 8.60912 221.968 
5.25e+08 0.0399348 -70.5653 222.391 
5.26e+08 0.054102 -62.7187 222.815 
5.27e+08 0.0653804 -47.6614 223.239 
5.28e+08 0.0292646 -79.5245 223.662 
5.29e+08 0.0592785 -66.0658 224.086 
5.3e+08 0.0407976 -32.3027 224.51 
5.31e+08 0.0144953 -49.8584 224.934 
5.32e+08 0.0282931 -46.1609 225.358 
5.33e+08 0.0187139 -29.3658 225.782 
5.34e+08 0.0471499 7.37696 226.205 
5.35e+08 0.055293 -24.3545 226.629 
5.36e+08 0.025753 -45.5247 227.053 
5.37e+08 0.0441413 -25.3734 227.476 
5.38e+08 0.0247522 -59.18 227.901 
5.39e+08 0.0441196 -53.9946 228.324 
5.4e+08 0.0719 -27.4341 228.748 
5.41e+08 0.0463489 -83.2075 229.172 
5.42e+08 0.0622856 -43.6409 229.596 
5.43e+08 0.0654626 -55.5501 230.02 
5.44e+08 0.0686592 -23.1099 230.444 
5.45e+08 0.0422262 -1.87783 230.867 
5.46e+08 0.0464871 -30.2925 231.291 
5.47e+08 0.0425424 -43.36 231.715 
5.48e+08 0.0466515 -64.9306 232.139 
5.49e+08 0.0695861 -63.0303 232.562 
5.5e+08 0.0351657 -20.048 232.986 
5.51e+08 0.0397003 -92.0717 233.409 
5.52e+08 0.0510522 -74.004 233.833 
5.53e+08 0.0308448 -42.1434 234.256 
5.54e+08 0.0342897 -31.8142 234.68 
5.55e+08 0.0433649 -43.5546 235.104 
5.56e+08 0.0793019 -29.497 235.527 
5.57e+08 0.0500881 -40.8655 235.952 
5.58e+08 0.0269148 -72.3175 236.375 
5.59e+08 0.084013 -34.016 236.799 
5.6e+08 0.0465955 -43.7389 237.223 
5.61e+08 0.0688103 -3.2587 237.647 
5.62e+08 0.03193 -49.0428 238.07 
5.63e+08 0.0259324 -51.0183 238.494 
5.64e+08 0.0694976 -15.4361 238.918 
5.65e+08 0.0388458 -39.5205 239.342 
5.66e+08 0.0198867 -72.0186 239.766 
5.67e+08 0.0525901 -70.5718 240.19 
5.68e+08 0.0263098 -37.071 240.614 
5.69e+08 0.0352217 3.04748 241.038 
5.7e+08 0.0576131 -18.9382 241.462 
5.71e+08 0.0541167 -54.4254 241.887 
5.72e+08 0.0528442 -40.7533 242.31 
5.73e+08 0.017951 -19.2331 242.734 
5.74e+08 0.0392945 -20.5939 243.157 
5.75e+08 0.0356146 -64.1278 243.581 
5.76e+08 0.0287933 -46.6588 244.004 
5.77e+08 0.0836224 -25.3574 244.428 
5.78e+08 0.0317316 -23.8572 244.851 
5.79e+08 0.0339459 -57.9748 245.275 
5.8e+08 0.0376944 -81.1797 245.698 
5.81e+08 0.0565672 -28.6371 246.122 
5.82e+08 0.0318252 -73.3683 246.546 
5.83e+08 0.0163918 -46.4827 246.97 
5.84e+08 0.0553982 -43.27 247.393 
5.85e+08 0.0149887 -71.4287 247.817 
5.86e+08 0.0589882 -57.9251 248.241 
5.87e+08 0.0503848 -62.7187 248.664 
5.88e+08 0.0254547 -54.4769 249.088 
5.89e+08 0.0314295 -17.0521 249.511 
5.9e+08 0.0533214 -54.9104 249.936 
5.91e+08 0.0654436 -62.836 250.359 
5.92e+08 0.0507366 -42.5117 250.783 
5.93e+08 0.064661 -56.6274 251.207 
5.94e+08 0.0257264 -3.05126 251.631 
5.95e+08 0.024349 -64.0872 252.055 
5.96e+08 0.051765 -72.8829 252.479 
5.97e+08 0.0737987 -87.5658 252.902 
5.98e+08 0.0592744 -58.0738 253.326 
5.99e+08 0.040183 -44.8808 253.75 
6e+08 0.0513647 -37.4656 254.174 
6.01e+08 0.0305056 -69.9159 254.597 
6.02e+08 0.0542979 -28.631 255.021 
6.03e+08 0.0404032 -57.1543 255.444 
6.04e+08 0.0158961 -45.7703 255.868 
6.05e+08 0.0323269 -62.2381 256.292 
6.06e+08 0.0541529 -120.34 256.716 
6.07e+08 0.0201114 -71.271 257.14 
6.08e+08 0.0536075 -19.9355 257.563 
6.09e+08 0.023139 -14.5952 257.987 
6.1e+08 0.0620333 -34.6444 258.411 
6.11e+08 0.0433017 -75.3636 258.835 
6.12e+08 0.0349307 -71.4303 259.258 
6.13e+08 0.0396642 -62.0792 259.682 
6.14e+08 0.0328286 -72.8489 260.106 
6.15e+08 0.0206182 -30.9417 260.53 
6.16e+08 0.0440029 -54.4636 260.953 
6.17e+08 0.0806593 -45.2893 261.376 
6.18e+08 0.0271714 -72.9042 261.8 
6.19e+08 0.0194211 -36.8056 262.224 
6.2e+08 0.0146702 -55.5261 262.647 
6.21e+08 0.0397873 -69.9407 263.072 
6.22e+08 0.110085 -47.4676 263.495 
6.23e+08 0.00905731 4.55245 263.92 
6.24e+08 0.01523 2.83478 264.343 
6.25e+08 0.0148723 -71.5822 264.767 
6.26e+08 0.057631 -31.3089 265.192 
6.27e+08 0.0728794 -52.1223 265.615 
6.28e+08 0.0289063 -16.6199 266.039 
6.29e+08 0.0342972 -1.04252 266.463 
6.3e+08 0.0237141 -37.8299 266.887 
6.31e+08 0.0234741 -28.8872 267.31 
6.32e+08 0.0473305 -61.5204 267.734 
6.33e+08 0.0612404 -55.3664 268.157 
6.34e+08 0.0496349 -50.8458 268.581 
6.35e+08 0.0378444 -17.7305 269.004 
6.36e+08 0.0657655 -48.1426 269.428 
6.37e+08 0.0295653 -62.4104 269.851 
6.38e+08 0.0431239 -45.7269 270.275 
6.39e+08 0.0369595 -43.8572 270.698 
6.4e+08 0.068179 -76.9798 271.122 
6.41e+08 0.0531466 -73.9372 271.546 
6.42e+08 0.0119196 -77.5833 271.97 
6.43e+08 0.0372633 -62.3119 272.394 
6.44e+08 0.0320274 -74.5616 272.818 
6.45e+08 0.051151 -62.7565 273.241 
6.46e+08 0.0586347 -60.4478 273.664 
6.47e+08 0.0413372 -14.2955 274.088 
6.48e+08 0.011833 -57.6937 274.512 
6.49e+08 0.0105941 -52.9691 274.935 
6.5e+08 0.0361542 -48.0077 275.36 
6.51e+08 0.0320993 -60.0951 275.783 
6.52e+08 0.0267245 -59.9988 276.207 
6.53e+08 0.0200798 -19.3857 276.63 
6.54e+08 0.0315734 -27.9624 277.054 
6.55e+08 0.0407594 -74.5386 277.477 
6.56e+08 0.0183117 -97.7242 277.901 
6.57e+08 0.0483721 -95.5973 278.325 
6.58e+08 0.0468687 -16.5173 278.748 
6.59e+08 0.0474906 -22.7094 279.172 
6.6e+08 0.0788082 -76.3047 279.596 
6.61e+08 0.029756 -66.5487 280.02 
6.62e+08 0.0328991 -57.226 280.443 
6.63e+08 0.033097 -36.327 280.867 
6.64e+08 0.04233 -7.41686 281.291 
6.65e+08 0.0686374 -41.2413 281.714 
6.66e+08 0.0385067 -86.3487 282.138 
6.67e+08 0.0286314 -54.9006 282.562 
6.68e+08 0.0804492 -90.1828 282.986 
6.69e+08 0.0425526 -30.259 283.409 
6.7e+08 0.0522855 -81.0001 283.832 
6.71e+08 0.0603735 -12.0009 284.255 
6.72e+08 0.0224692 8.35084 284.679 
6.73e+08 0.052738 -49.9184 285.103 
6.74e+08 0.0488145 -49.2098 285.526 
6.75e+08 0.0152509 -0.160616 285.95 
6.76e+08 0.0328035 -23.6273 286.373 
6.77e+08 0.0618326 -88.6115 286.798 
6.78e+08 0.0442212 -42.6574 287.221 
6.79e+08 0.0343533 -37.4008 287.645 
6.8e+08 0.0228121 -64.2743 288.069 
6.81e+08 0.0245053 -33.5477 288.493 
6.82e+08 0.0549316 -59.5608 288.917 
6.83e+08 0.0540853 -62.4013 289.341 
6.84e+08 0.0606468 -47.3942 289.764 
6.85e+08 0.0602568 -7.44063 290.188 
6.86e+08 0.0199683 -99.1482 290.612 
6.87e+08 0.0656814 -51.0521 291.036 
6.88e+08 0.0364742 -75.7513 291.459 
6.89e+08 0.0736775 -57.3039 291.883 
6.9e+08 0.0588298 -38.5543 292.307 
6.91e+08 0.0568242 -61.6987 292.731 
6.92e+08 0.0424416 -71.1553 293.155 
6.93e+08 0.0339254 -46.1612 293.578 
6.94e+08 0.0544865 -47.3905 294.002 
6.95e+08 0.0360371 -49.9326 294.426 
6.96e+08 0.0406707 -53.6708 294.85 
6.97e+08 0.0320951 -62.656 295.273 
6.98e+08 0.0559 -52.5537 295.697 
6.99e+08 0.0450831 -10.7629 296.121 
7e+08 0.05418 -36.5572 296.544 
7.01e+08 0.020255 -38.835 296.967 
7.02e+08 0.0575453 -71.5637 297.391 
7.03e+08 0.0450622 -65.3617 297.815 
7.04e+08 0.0501792 -84.0291 298.239 
7.05e+08 0.0178293 -60.4545 298.663 
7.06e+08 0.0401478 -42.8223 299.086 
7.07e+08 0.0335243 -17.5505 299.511 
7.08e+08 0.0621173 -57.3723 299.935 
7.09e+08 0.0443916 -2.94862 300.358 
7.1e+08 0.0301661 -66.7385 300.782 
7.11e+08 0.0378691 -18.7642 301.206 
7.12e+08 0.0350819 -67.8172 301.629 
7.13e+08 0.0409531 -49.569 302.053 
7.14e+08 0.0168727 -48.0674 302.476 
7.15e+08 0.037407 -41.6484 302.9 
7.16e+08 0.0485842 -52.2937 303.324 
7.17e+08 0.0651159 -68.3046 303.748 
7.18e+08 0.0811744 -41.307 304.171 
7.19e+08 0.0372428 -31.3466 304.595 
7.2e+08 0.0497061 -54.4615 305.019 
7.21e+08 0.0568766 -22.4326 305.442 
7.22e+08 0.0629049 -30.9071 305.866 
7.23e+08 0.0355759 -64.77 306.289 
7.24e+08 0.0530331 -47.2651 306.713 
7.25e+08 0.034248 -65.0454 307.137 
7.26e+08 0.0255932 -80.2085 307.561 
7.27e+08 0.0190331 -55.6137 307.984 
7.28e+08 0.065565 -59.348 308.408 
7.29e+08 0.0380592 -77.2412 308.832 
7.3e+08 0.0305835 -56.6365 309.256 
7.31e+08 0.055133 -76.1145 309.68 
7.32e+08 0.0522125 -61.63 310.104 
7.33e+08 0.0619988 -60.1097 310.527 
7.34e+08 0.0403651 -68.3256 310.952 
7.35e+08 0.0271003 -36.6274 311.375 
7.36e+08 0.0782412 -92.7124 311.799 
7.37e+08 0.039421 -69.3015 312.223 
7.38e+08 0.0651883 4.61118 312.647 
7.39e+08 0.0268793 -40.9467 313.071 
7.4e+08 0.0199819 -75.562 313.494 
7.41e+08 0.0519683 -86.3192 313.918 
7.42e+08 0.0380333 -62.2304 314.342 
7.43e+08 0.0658354 -46.6448 314.766 
7.44e+08 0.0347346 -54.3585 315.189 
7.45e+08 0.0291955 -48.5864 315.613 
7.46e+08 0.0297404 -66.1637 316.036 
7.47e+08 0.0528672 -39.1141 316.46 
7.48e+08 0.0899805 -63.7656 316.884 
7.49e+08 0.0458285 -32.2993 317.307 
7.5e+08 0.048594 -61.8734 317.731 
7.51e+08 0.0477516 -21.5306 318.155 
7.52e+08 0.0901577 -98.1271 318.578 
7.53e+08 0.0760898 -126.875 319.003 
7.54e+08 0.0371573 -94.0673 319.426 
7.55e+08 0.0195523 -37.4848 319.85 
7.56e+08 0.0137998 -62.6111 320.273 
7.57e+08 0.0747588 -19.9547 320.697 
7.58e+08 0.0195625 -75.7517 321.12 
7.59e+08 0.0599785 -70.9696 321.544 
7.6e+08 0.03422 -21.4075 321.967 
7.61e+08 0.064734 -51.5059 322.391 
7.62e+08 0.0586796 -51.7804 322.815 
7.63e+08 0.0299787 -36.509 323.239 
7.64e+08 0.0289782 -36.7504 323.662 
7.65e+08 0.0317554 -71.5917 324.086 
7.66e+08 0.055574 -66.2975 324.509 
7.67e+08 0.0647145 -34.7206 324.933 
7.68e+08 0.0606335 -56.914 325.356 
7.69e+08 0.0412077 -69.6974 325.78 
7.7e+08 0.0435115 -78.6449 326.204 
7.71e+08 0.0261451 -45.431 326.627 
7.72e+08 0.0309859 -27.259 327.051 
7.73e+08 0.0443761 -37.7103 327.474 
7.74e+08 0.0276478 -22.6616 327.898 
7.75e+08 0.0563224 -43.2514 328.322 
7.76e+08 0.0572412 -44.3652 328.745 
7.77e+08 0.0921326 -62.7164 329.169 
7.78e+08 0.0414033 -51.6508 329.593 
7.79e+08 0.0750725 -49.2557 330.017 
7.8e+08 0.0563129 -69.5585 330.441 
7.81e+08 0.0402613 -55.7205 330.864 
7.82e+08 0.0385783 -1.64657 331.288 
7.83e+08 0.0251739 -54.6941 331.711 
7.84e+08 0.0625783 -37.4147 332.135 
7.85e+08 0.0619818 -41.6629 332.558 
7.86e+08 0.0782904 -73.9793 332.982 
7.87e+08 0.060784 -80.6017 333.406 
7.88e+08 0.0397107 -29.0848 333.83 
7.89e+08 0.0440313 -67.6712 334.254 
7.9e+08 0.0264309 -21.2597 334.678 
7.91e+08 0.049534 -10.172 335.102 
7.92e+08 0.0786451 -80.4352 335.525 
7.93e+08 0.0426941 -50.5131 335.949 
7.94e+08 0.0737273 -91.0462 336.372 
7.95e+08 0.0335623 -56.9777 336.796 
7.96e+08 0.0354455 -49.7931 337.219 
7.97e+08 0.0273465 -54.3037 337.643 
7.98e+08 0.0433725 -51.5674 338.066 
7.99e+08 0.0308927 -52.0646 338.49 
8e+08 0.0586789 -40.9704 338.914 
8.01e+08 0.038563 -109.635 339.338 
8.02e+08 0.0761683 -38.7707 339.761 
8.03e+08 0.0615296 -13.4624 340.184 
8.04e+08 0.0181534 -22.4882 340.608 
8.05e+08 0.0740279 -59.4534 341.032 
8.06e+08 0.0451269 -25.3147 341.455 
8.07e+08 0.0445363 -51.0183 341.879 
8.08e+08 0.0347628 -120.396 342.303 
8.09e+08 0.0663676 -16.9503 342.728 
8.1e+08 0.074987 -31.6966 343.151 
8.11e+08 0.0672639 -70.7195 343.575 
8.12e+08 0.00651966 -38.6329 343.998 
8.13e+08 0.0600872 -32.9714 344.422 
8.14e+08 0.0106241 -38.4399 344.846 
8.15e+08 0.0436576 -74.138 345.27 
8.16e+08 0.0662335 -39.4182 345.694 
8.17e+08 0.0461598 -34.5449 346.117 
8.18e+08 0.0174988 -33.1836 346.54 
8.19e+08 0.0566067 -47.2318 346.964 
8.2e+08 0.0523124 -84.1893 347.388 
8.21e+08 0.0531184 -50.4734 347.812 
8.22e+08 0.0317402 -114.049 348.236 
8.23e+08 0.0533426 -7.9522 348.659 
8.24e+08 0.0161201 -44.2566 349.083 
8.25e+08 0.022195 -40.4895 349.507 
8.26e+08 0.039397 -55.3453 349.931 
8.27e+08 0.0851905 -17.1665 350.354 
8.28e+08 0.0463891 -48.8145 350.778 
8.29e+08 0.0825402 -66.2469 351.202 
8.3e+08 0.0317482 -9.31176 351.626 
8.31e+08 0.0510052 -5.37241 352.05 
8.32e+08 0.0535505 -81.4238 352.473 
8.33e+08 0.02993 -11.192 352.897 
8.34e+08 0.0352328 -58.7111 353.321 
8.35e+08 0.0223169 -62.3975 353.745 
8.36e+08 0.0428759 -74.4033 354.169 
8.37e+08 0.0753444 -58.233 354.592 
8.38e+08 0.00887844 -12.9876 355.016 
8.39e+08 0.0336662 -62.6742 355.44 
8.4e+08 0.0304662 -75.3741 355.864 
8.41e+08 0.0660698 -49.5846 356.287 
8.42e+08 0.0335769 -85.1596 356.711 
8.43e+08 0.0220248 -28.4296 357.134 
8.44e+08 0.0380829 -60.2189 357.557 
8.45e+08 0.0343414 -77.6586 357.982 
8.46e+08 0.0467298 -74.4649 358.406 
8.47e+08 0.0637455 -71.5518 358.83 
8.48e+08 0.0653522 -38.0843 359.253 
8.49e+08 0.0469604 -48.388 359.677 
8.5e+08 0.0440899 -8.22951 360.101 
8.51e+08 0.0231375 -38.1774 360.525 
8.52e+08 0.0372965 12.9406 360.948 
8.53e+08 0.0472457 -43.6426 361.372 
8.54e+08 0.0464422 -33.6063 361.796 
8.55e+08 0.0697159 -63.991 362.22 
8.56e+08 0.0350103 -61.545 362.643 
8.57e+08 0.0511821 -51.959 363.067 
8.58e+08 0.0638192 -10.2144 363.49 
8.59e+08 0.0540066 -70.502 363.914 
8.6e+08 0.0409905 -18.3816 364.338 
8.61e+08 0.0461953 -30.3034 364.762 
8.62e+08 0.0458267 -69.3446 365.185 
8.63e+08 0.0405912 -71.6933 365.609 
8.64e+08 0.0190373 -53.9989 366.032 
8.65e+08 0.0437762 -57.9495 366.456 
8.66e+08 0.0137594 -51.3006 366.879 
8.67e+08 0.0732039 -86.1642 367.303 
8.68e+08 0.0328469 -57.5218 367.726 
8.69e+08 0.0342237 -44.5436 368.15 
8.7e+08 0.0653388 -53.462 368.574 
8.71e+08 0.0171852 -67.6123 368.998 
8.72e+08 0.0178395 -51.4875 369.421 
8.73e+08 0.0212748 -40.5365 369.846 
8.74e+08 0.0398861 -28.7735 370.269 
8.75e+08 0.0795604 -95.0101 370.693 
8.76e+08 0.0461416 -66.8136 371.117 
8.77e+08 0.0302933 -24.397 371.541 
8.78e+08 0.0175267 -17.292 371.964 
8.79e+08 0.0667894 -53.8053 372.388 
8.8e+08 0.0278781 -53.9481 372.811 
8.81e+08 0.0707889 -52.2656 373.235 
8.82e+08 0.0255284 -45.9939 373.659 
8.83e+08 0.0312231 -47.4286 374.083 
8.84e+08 0.0453573 -50.9552 374.506 
8.85e+08 0.0676364 -54.8205 374.93 
8.86e+08 0.0418563 -48.7914 375.354 
8.87e+08 0.0381971 -52.5916 375.778 
8.88e+08 0.037182 -29.7264 376.202 
8.89e+08 0.0541933 -65.1008 376.625 
8.9e+08 0.0361834 -67.0254 377.049 
8.91e+08 0.0644067 -68.6784 377.473 
8.92e+08 0.0650313 -45.2317 377.897 
8.93e+08 0.0256759 -63.6941 378.321 
8.94e+08 0.0430215 -69.4263 378.745 
8.95e+08 0.0324606 -15.9381 379.169 
8.96e+08 0.0543429 -65.6328 379.593 
8.97e+08 0.0373024 -53.4492 380.016 
8.98e+08 0.0575482 -50.592 380.44 
8.99e+08 0.0389691 -37.3091 380.864 
9e+08 0.0680478 -14.2996 381.287 
9.01e+08 0.0707742 -63.0369 381.711 
9.02e+08 0.0704035 -35.1647 382.135 
9.03e+08 0.0712135 -37.2909 382.558 
9.04e+08 0.0418088 -62.707 382.982 
9.05e+08 0.067279 -36.6417 383.405 
9.06e+08 0.0502974 -53.9696 383.829 
9.07e+08 0.0575674 -44.5857 384.253 
9.08e+08 0.0517022 -52.7138 384.676 
9.09e+08 0.0736978 -68.2714 385.1 
9.1e+08 0.0916111 -54.4236 385.523 
9.11e+08 0.0237068 -49.0576 385.947 
9.12e+08 0.0536933 -87.049 386.37 
9.13e+08 0.0190778 -35.3075 386.793 
9.14e+08 0.0625321 -55.9878 387.217 
9.15e+08 0.0142479 -43.9351 387.64 
9.16e+08 0.0316104 -51.5254 388.064 
9.17e+08 0.040031 -55.0721 388.487 
9.18e+08 0.0456552 -57.6523 388.911 
9.19e+08 0.0282287 -68.0839 389.334 
9.2e+08 0.0325627 -52.2433 389.758 
9.21e+08 0.046725 -40.2531 390.182 
9.22e+08 0.0154944 -70.2716 390.605 
9.23e+08 0.0697301 -61.5402 391.029 
9.24e+08 0.0550719 -44.477 391.452 
9.25e+08 0.0571339 -52.2058 391.875 
9.26e+08 0.0809793 -79.9898 392.299 
9.27e+08 0.0254977 -24.5807 392.722 
9.28e+08 0.102001 -89.4321 393.147 
9.29e+08 0.0305332 -39.202 393.57 
9.3e+08 0.0778606 -50.4449 393.995 
9.31e+08 0.044122 -62.4032 394.418 
9.32e+08 0.0221633 -39.1972 394.842 
9.33e+08 0.0112298 -20.9256 395.265 
9.34e+08 0.0244278 -67.3098 395.689 
9.35e+08 0.0346235 -40.3654 396.112 
9.36e+08 0.0556658 6.9663 396.536 
9.37e+08 0.0724585 -75.7524 396.96 
9.38e+08 0.0514762 -53.4984 397.383 
9.39e+08 0.063798 -57.7248 397.806 
9.4e+08 0.008383 -37.1084 398.23 
9.41e+08 0.0540443 -93.8196 398.653 
9.42e+08 0.0545763 -32.2418 399.077 
9.43e+08 0.0488353 -80.0063 399.5 
9.44e+08 0.0570113 -40.7488 399.924 
9.45e+08 0.0435476 -31.2385 400.347 
9.46e+08 0.0395259 -14.1682 400.771 
9.47e+08 0.0703009 -32.3899 401.194 
9.48e+08 0.0303059 -61.6737 401.619 
9.49e+08 0.022103 -52.1612 402.042 
9.5e+08 0.0195924 -66.2301 402.466 
9.51e+08 0.0507867 -31.1702 402.889 
9.52e+08 0.0723488 -62.0878 403.312 
9.53e+08 0.0471538 -68.4117 403.736 
9.54e+08 0.0676655 -12.305 404.159 
9.55e+08 0.0383903 -75.4777 404.582 
9.56e+08 0.0988186 -51.8272 405.006 
9.57e+08 0.0511292 -13.8772 405.429 
9.58e+08 0.0485256 -46.514 405.853 
9.59e+08 0.0139509 -50.681 406.278 
9.6e+08 0.0772448 -37.9025 406.702 
9.61e+08 0.0429113 -40.3969 407.125 
9.62e+08 0.046084 -86.0335 407.549 
9.63e+08 0.0566338 -81.132 407.973 
9.64e+08 0.0298843 -76.1777 408.397 
9.65e+08 0.0325248 -34.6673 408.821 
9.66e+08 0.0215136 -65.5982 409.244 
9.67e+08 0.0607069 -30.903 409.668 
9.68e+08 0.0429186 -88.5099 410.092 
9.69e+08 0.0342864 -44.0387 410.516 
9.7e+08 0.0527705 -50.3263 410.939 
9.71e+08 0.035807 -66.0417 411.363 
9.72e+08 0.0272947 -57.671 411.786 
9.73e+08 0.0370543 -60.0293 412.21 
9.74e+08 0.0488638 -105.201 412.633 
9.75e+08 0.022731 -51.79 413.057 
9.76e+08 0.0424417 -85.2889 413.481 
9.77e+08 0.0315735 -39.9557 413.905 
9.78e+08 0.042606 -49.0335 414.328 
9.79e+08 0.0540308 -28.4755 414.752 
9.8e+08 0.0337821 -77.6704 415.175 
9.81e+08 0.0332378 -22.6255 415.599 
9.82e+08 0.0485307 -77.0697 416.023 
9.83e+08 0.0516535 -18.142 416.446 
9.84e+08 0.0267691 -29.4809 416.869 
9.85e+08 0.0517645 -68.3173 417.293 
9.86e+08 0.0480933 -51.8141 417.716 
9.87e+08 0.0238904 -58.3366 418.14 
9.88e+08 0.0270423 -31.0459 418.563 
9.89e+08 0.0325158 -46.7093 418.987 
9.9e+08 0.0358606 -22.6283 419.41 
9.91e+08 0.0555086 -44.6594 419.834 
9.92e+08 0.0732956 -49.3869 420.257 
9.93e+08 0.0677087 -78.901 420.681 
9.94e+08 0.0346925 -26.9563 421.104 
9.95e+08 0.0226575 -7.78509 421.528 
9.96e+08 0.0488468 -54.5011 421.952 
9.97e+08 0.0130924 -38.6408 422.376 
9.98e+08 0.0527009 -23.9619 422.799 
9.99e+08 0.0449904 -107.039 423.223 
1e+09 0.0325185 -35.81 423.646 
