0 0.061996 35.0142 0 
1e+06 0.0416916 -53.2031 0.448427 
2e+06 0.0331817 -93.9284 0.898995 
3e+06 0.0483245 -35.1084 1.34898 
4e+06 0.0376242 -50.6437 1.79847 
5e+06 0.051393 -115.265 2.24836 
6e+06 0.0553704 -100.089 2.69505 
7e+06 0.0347072 -18.835 3.14122 
8e+06 0.0170049 -37.3947 3.5876 
9e+06 0.0449891 -57.3774 4.04364 
1e+07 0.0405245 -79.1298 4.48699 
1.1e+07 0.0643875 -66.5959 4.93766 
1.2e+07 0.030766 -28.4186 5.38212 
1.3e+07 0.0353007 -45.1618 5.83322 
1.4e+07 0.0460791 -63.6924 6.27866 
1.5e+07 0.0623202 -12.3517 6.72598 
1.6e+07 0.0670664 -85.6773 7.17005 
1.7e+07 0.0496487 -23.928 7.6174 
1.8e+07 0.0604553 -62.677 8.06662 
1.9e+07 0.0117205 -42.2833 8.51485 
2e+07 0.0450388 -64.7423 8.96655 
2.1e+07 0.0299564 -52.7833 9.41734 
2.2e+07 0.0565097 -31.5812 9.86698 
2.3e+07 0.0825086 -22.2651 10.3191 
2.4e+07 0.0416442 -53.871 10.7691 
2.5e+07 0.0427806 -34.7501 11.2217 
2.6e+07 0.0327593 -61.0356 11.6713 
2.7e+07 0.061276 -46.1104 12.1247 
2.8e+07 0.0350359 -23.2669 12.5725 
2.9e+07 0.0472211 -82.0715 13.0207 
3e+07 0.0258238 -35.5117 13.4633 
3.1e+07 0.0687077 -63.1804 13.9104 
3.2e+07 0.0732139 -47.1753 14.3626 
3.3e+07 0.0452536 -49.0302 14.8066 
3.4e+07 0.0527152 -54.99 15.2591 
3.5e+07 0.0253838 -70.9552 15.7106 
3.6e+07 0.0218785 -21.2455 16.1641 
3.7e+07 0.0317236 -49.5229 16.6138 
3.8e+07 0.0387784 -41.3989 17.0594 
3.9e+07 0.0491688 -70.3772 17.5044 
4e+07 0.0587243 -42.232 17.9535 
4.1e+07 0.0271568 -50.4936 18.4002 
4.2e+07 0.0469548 -57.9267 18.8516 
4.3e+07 0.0364529 -60.7227 19.3015 
4.4e+07 0.0739327 -84.6132 19.7536 
4.5e+07 0.0263669 -40.4403 20.2049 
4.6e+07 0.0591182 -34.7576 20.6561 
4.7e+07 0.0381838 -0.400521 21.1111 
4.8e+07 0.0324727 -72.6045 21.5626 
4.9e+07 0.0240081 -41.0833 22.015 
5e+07 0.0305599 -11.8282 22.4683 
5.1e+07 0.0644542 -60.5277 22.915 
5.2e+07 0.0627498 3.95215 23.3642 
5.3e+07 0.0383466 -64.2706 23.8116 
5.4e+07 0.0688212 -52.0985 24.259 
5.5e+07 0.0205677 -49.4212 24.7094 
5.6e+07 0.0596476 -12.8188 25.1574 
5.7e+07 0.0119008 -38.0752 25.6103 
5.8e+07 0.0645966 -71.992 26.0625 
5.9e+07 0.0566983 -91.788 26.5192 
6e+07 0.0276822 -73.6807 26.9664 
6.1e+07 0.0423214 -49.7355 27.4112 
6.2e+07 0.0479279 -39.7073 27.854 
6.3e+07 0.0509794 -69.8755 28.303 
6.4e+07 0.0363349 -90.3555 28.7534 
6.5e+07 0.0287598 -22.1913 29.2025 
6.6e+07 0.0389829 -48.8592 29.6615 
6.7e+07 0.0223693 -45.0889 30.1134 
6.8e+07 0.0432925 -97.4569 30.5598 
6.9e+07 0.0617872 -63.3606 31.0013 
7e+07 0.0533046 -48.6317 31.4528 
7.1e+07 0.0632113 -89.3527 31.8964 
7.2e+07 0.0251049 -13.5018 32.3442 
7.3e+07 0.0749152 -53.4835 32.7926 
7.4e+07 0.062188 -72.2695 33.24 
7.5e+07 0.059915 -44.6164 33.6899 
7.6e+07 0.055332 -34.5147 34.1361 
7.7e+07 0.0320426 -31.9051 34.588 
7.8e+07 0.0509175 -33.2567 35.0406 
7.9e+07 0.0519399 -83.3948 35.4955 
8e+07 0.0235486 -19.7142 35.945 
8.1e+07 0.0495636 -57.7797 36.3908 
8.2e+07 0.0783437 -44.3109 36.8425 
8.3e+07 0.055768 -31.6113 37.2885 
8.4e+07 0.0465989 -66.7189 37.7378 
8.5e+07 0.037756 -27.7605 38.1921 
8.6e+07 0.0109482 -58.6438 38.6416 
8.7e+07 0.0532739 -69.4863 39.0895 
8.8e+07 0.0644596 -109.411 39.5375 
8.9e+07 0.0361783 -66.7416 39.9829 
9e+07 0.0242294 -63.0708 40.4344 
9.1e+07 0.0510283 -62.841 40.8791 
9.2e+07 0.0517998 -84.1338 41.3256 
9.3e+07 0.0505388 -59.3228 41.7689 
9.4e+07 0.0665808 -52.1765 42.2146 
9.5e+07 0.0588798 -44.685 42.6711 
9.6e+07 0.0384714 -78.5536 43.1262 
9.7e+07 0.0606084 -51.001 43.5776 
9.8e+07 0.0205286 1.84244 44.0313 
9.9e+07 0.0442666 -87.8257 44.473 
1e+08 0.0157171 -45.096 44.9204 
1.01e+08 0.0540317 -45.0512 45.3666 
1.02e+08 0.0435713 -86.4799 45.8125 
1.03e+08 0.0295318 -56.8109 46.2547 
1.04e+08 0.0389453 -68.4862 46.7031 
1.05e+08 0.0239259 -26.4775 47.151 
1.06e+08 0.0463715 -71.2733 47.5981 
1.07e+08 0.0124243 -50.6178 48.0475 
1.08e+08 0.0454546 -33.755 48.5003 
1.09e+08 0.0474322 -45.2354 48.9467 
1.1e+08 0.0320579 -52.2889 49.3894 
1.11e+08 0.0656863 -41.1471 49.8404 
1.12e+08 0.0459099 -52.0757 50.2882 
1.13e+08 0.0471833 -64.686 50.7359 
1.14e+08 0.0211994 -56.4146 51.1868 
1.15e+08 0.0584169 -92.7785 51.6455 
1.16e+08 0.0416409 -46.9393 52.0935 
1.17e+08 0.0705029 -65.8946 52.5373 
1.18e+08 0.0066208 -56.5351 52.9839 
1.19e+08 0.032171 -56.866 53.4301 
1.2e+08 0.0546795 -58.8132 53.8708 
1.21e+08 0.0529261 -101.603 54.321 
1.22e+08 0.0379019 -17.6316 54.7675 
1.23e+08 0.0259556 -30.7899 55.2175 
1.24e+08 0.0838628 -88.2582 55.6708 
1.25e+08 0.0474558 -43.9425 56.1225 
1.26e+08 0.0349028 -46.6495 56.5676 
1.27e+08 0.03822 -47.33 57.0164 
1.28e+08 0.0353605 -53.6204 57.4586 
1.29e+08 0.0787749 -28.5573 57.9089 
1.3e+08 0.0311422 -31.2117 58.3806 
1.31e+08 0.0178693 -26.6206 58.8672 
1.32e+08 0.0289075 -41.4419 59.3505 
1.33e+08 0.054308 -42.596 59.8051 
1.34e+08 0.0590204 -61.7715 60.2633 
1.35e+08 0.0245255 -11.7704 60.7167 
1.36e+08 0.0379586 -73.8736 61.1637 
1.37e+08 0.0152678 -17.8654 61.6069 
1.38e+08 0.030096 -53.8745 62.0545 
1.39e+08 0.0889782 -57.0361 62.495 
1.4e+08 0.0737032 -31.438 62.937 
1.41e+08 0.0289317 -56.8804 63.3746 
1.42e+08 0.0738137 -53.2715 63.8128 
1.43e+08 0.0417375 -42.4683 64.2586 
1.44e+08 0.0348418 -30.7271 64.708 
1.45e+08 0.0214233 -33.094 65.1587 
1.46e+08 0.0593932 -55.1625 65.6108 
1.47e+08 0.0623395 -49.9609 66.0641 
1.48e+08 0.0282651 -21.7924 66.5169 
1.49e+08 0.0447219 -47.7912 66.9699 
1.5e+08 0.0242257 -35.229 67.4202 
1.51e+08 0.0588309 -80.1068 67.8676 
1.52e+08 0.061042 -31.0113 68.3073 
1.53e+08 0.0383057 -63.8197 68.7505 
1.54e+08 0.0522466 -10.7628 69.1951 
1.55e+08 0.0820809 -31.9328 69.6455 
1.56e+08 0.0356165 -10.8487 70.0955 
1.57e+08 0.0370501 -55.8904 70.5476 
1.58e+08 0.0404893 -92.2115 71.0002 
1.59e+08 0.0409214 -59.9058 71.454 
1.6e+08 0.0371148 -64.9885 71.9065 
1.61e+08 0.0623694 -55.9216 72.3553 
1.62e+08 0.0376362 -20.3446 72.808 
1.63e+08 0.0356916 -33.2224 73.2508 
1.64e+08 0.0841196 -18.3964 73.7007 
1.65e+08 0.024748 -78.2749 74.1492 
1.66e+08 0.0282536 -85.7567 74.5976 
1.67e+08 0.0213351 -74.25 75.0443 
1.68e+08 0.0823042 -9.05908 75.4895 
1.69e+08 0.0263306 -45.1576 75.9384 
1.7e+08 0.0441171 -67.6052 76.389 
1.71e+08 0.0446791 -55.9758 76.8475 
1.72e+08 0.0795587 -82.1611 77.3031 
1.73e+08 0.0344533 -60.0303 77.7494 
1.74e+08 0.0163975 -31.0242 78.1968 
1.75e+08 0.0388222 -69.3501 78.6335 
1.76e+08 0.0399353 -65.9651 79.0815 
1.77e+08 0.0745391 -31.2892 79.5393 
1.78e+08 0.026231 -48.7372 79.9982 
1.79e+08 0.0392796 -8.64005 80.4503 
1.8e+08 0.0469158 -47.6574 80.9077 
1.81e+08 0.0624364 -63.9808 81.3549 
1.82e+08 0.0584754 -28.1946 81.7988 
1.83e+08 0.0353077 -56.8724 82.2393 
1.84e+08 0.0309946 -81.8068 82.6784 
1.85e+08 0.03263 2.25901 83.127 
1.86e+08 0.0395602 -55.2779 83.5764 
1.87e+08 0.0567368 -64.0452 84.0256 
1.88e+08 0.0394364 -57.5875 84.4739 
1.89e+08 0.0166481 -59.678 84.9237 
1.9e+08 0.0436521 -64.6687 85.3723 
1.91e+08 0.0574782 -35.9564 85.8132 
1.92e+08 0.0216283 -57.3657 86.2592 
1.93e+08 0.0405769 -57.236 86.7068 
1.94e+08 0.0939361 -80.7636 87.1561 
1.95e+08 0.0477321 -78.6786 87.6084 
1.96e+08 0.0366902 -76.6093 88.0618 
1.97e+08 0.0284694 -40.2217 88.516 
1.98e+08 0.0233001 -59.5191 88.9681 
1.99e+08 0.0542945 -29.7213 89.4156 
2e+08 0.0382185 -39.3442 89.8619 
2.01e+08 0.0486832 -44.1908 90.3046 
2.02e+08 0.0318409 -43.0526 90.7509 
2.03e+08 0.0383201 -89.4738 91.2005 
2.04e+08 0.0218323 -18.8424 91.6494 
2.05e+08 0.0303441 -61.1689 92.0975 
2.06e+08 0.0430041 -56.9598 92.5479 
2.07e+08 0.073389 -38.103 92.9996 
2.08e+08 0.0586577 -62.6244 93.45 
2.09e+08 0.0211014 -57.7032 93.8989 
2.1e+08 0.0479909 -61.8903 94.3459 
2.11e+08 0.0466672 -42.3116 94.7935 
2.12e+08 0.0351859 -51.7827 95.2387 
2.13e+08 0.0274116 -69.7899 95.6865 
2.14e+08 0.0910032 -56.8906 96.1363 
2.15e+08 0.0530032 -43.7263 96.5871 
2.16e+08 0.0262324 -69.1257 97.0379 
2.17e+08 0.0454505 -58.1241 97.4858 
2.18e+08 0.0378979 -48.7413 97.9346 
2.19e+08 0.0176724 -40.6837 98.3861 
2.2e+08 0.0676176 -39.9408 98.8343 
2.21e+08 0.0502721 -42.4441 99.281 
2.22e+08 0.0436161 -21.9983 99.73 
2.23e+08 0.0322861 -13.8875 100.181 
2.24e+08 0.0857681 -41.5632 100.633 
2.25e+08 0.0170862 -24.2806 101.089 
2.26e+08 0.0405484 -83.6446 101.543 
2.27e+08 0.0698831 -37.6313 101.995 
2.28e+08 0.101509 -53.0077 102.447 
2.29e+08 0.0310106 -40.0331 102.9 
2.3e+08 0.0421086 -67.9016 103.352 
2.31e+08 0.0241363 -31.7933 103.801 
2.32e+08 0.0972916 -110.106 104.251 
2.33e+08 0.0258528 -14.8596 104.696 
2.34e+08 0.0295079 -44.9148 105.147 
2.35e+08 0.0475615 -41.2784 105.598 
2.36e+08 0.0518557 -43.552 106.055 
2.37e+08 0.0509882 -28.2569 106.509 
2.38e+08 0.0375706 -57.2502 106.959 
2.39e+08 0.0821961 -82.7627 107.411 
2.4e+08 0.0639633 -61.4544 107.856 
2.41e+08 0.0531311 -42.6468 108.304 
2.42e+08 0.0442965 -39.5103 108.749 
2.43e+08 0.0478374 -20.5829 109.194 
2.44e+08 0.038075 -63.7225 109.642 
2.45e+08 0.0109781 -50.1065 110.092 
2.46e+08 0.065689 -53.3217 110.543 
2.47e+08 0.0509554 -71.904 110.998 
2.48e+08 0.0525492 -133.573 111.447 
2.49e+08 0.0404171 -69.8122 111.89 
2.5e+08 0.0285699 -48.7028 112.331 
2.51e+08 0.0386792 -58.3066 112.77 
2.52e+08 0.0427917 -62.3694 113.221 
2.53e+08 0.0396216 -37.7038 113.674 
2.54e+08 0.0385822 -42.7406 114.121 
2.55e+08 0.0203169 -32.0605 114.57 
2.56e+08 0.0567284 -56.3025 115.016 
2.57e+08 0.0350325 -25.6234 115.459 
2.58e+08 0.0356408 -26.528 115.902 
2.59e+08 0.0426562 -21.0582 116.351 
2.6e+08 0.0465633 -35.2181 116.797 
2.61e+08 0.027717 -45.9975 117.249 
2.62e+08 0.0163397 0.562212 117.701 
2.63e+08 0.0345153 -61.0709 118.154 
2.64e+08 0.0284897 -38.1483 118.612 
2.65e+08 0.0351644 -13.7031 119.062 
2.66e+08 0.0601738 -70.8296 119.506 
2.67e+08 0.0221958 -15.0119 119.948 
2.68e+08 0.0272293 -67.9436 120.389 
2.69e+08 0.0825376 -52.4395 120.836 
2.7e+08 0.0343499 -60.243 121.286 
2.71e+08 0.0680354 -38.3433 121.737 
2.72e+08 0.0375976 -50.7253 122.188 
2.73e+08 0.0620061 -90.7776 122.641 
2.74e+08 0.0400617 -47.3834 123.086 
2.75e+08 0.0669351 -32.8623 123.532 
2.76e+08 0.0513385 -55.6878 123.978 
2.77e+08 0.0552364 -29.7103 124.423 
2.78e+08 0.0262552 -30.9189 124.872 
2.79e+08 0.061192 -64.779 125.323 
2.8e+08 0.0632614 -47.56 125.769 
2.81e+08 0.042332 -55.4187 126.222 
2.82e+08 0.0479377 -52.8831 126.672 
2.83e+08 0.0443392 -104.817 127.124 
2.84e+08 0.0953707 -64.7954 127.575 
2.85e+08 0.0544482 -50.5547 128.024 
2.86e+08 0.0364572 -47.2188 128.469 
2.87e+08 0.0138399 -9.55633 128.92 
2.88e+08 0.0492845 4.2323 129.369 
2.89e+08 0.0585345 -32.3647 129.821 
2.9e+08 0.0599689 -23.0713 130.273 
2.91e+08 0.0393962 -77.087 130.724 
2.92e+08 0.0264453 -29.2838 131.178 
2.93e+08 0.0336233 -34.2514 131.628 
2.94e+08 0.0805619 -66.8415 132.073 
2.95e+08 0.0469003 -49.8814 132.521 
2.96e+08 0.0928601 -109.197 132.971 
2.97e+08 0.0384042 -52.9405 133.422 
2.98e+08 0.0626467 -30.5059 133.872 
2.99e+08 0.058337 -72.8003 134.328 
3e+08 0.0198066 -23.4452 134.789 
3.01e+08 0.0431439 -76.2086 135.235 
3.02e+08 0.0267565 -19.899 135.682 
3.03e+08 0.0534444 -56.7342 136.13 
3.04e+08 0.0450917 -27.2706 136.569 
3.05e+08 0.0258125 -78.4102 137.012 
3.06e+08 0.034338 -42.0287 137.459 
3.07e+08 0.0302201 -56.8688 137.913 
3.08e+08 0.0464647 -53.3127 138.369 
3.09e+08 0.0204505 -45.2798 138.823 
3.1e+08 0.0450068 -40.7879 139.277 
3.11e+08 0.0387508 -60.3596 139.718 
3.12e+08 0.0390624 -73.9341 140.166 
3.13e+08 0.0833433 -65.9187 140.611 
3.14e+08 0.0356757 -41.483 141.058 
3.15e+08 0.0470487 -44.6044 141.506 
3.16e+08 0.0349813 -43.9486 141.957 
3.17e+08 0.0335792 -72.1302 142.401 
3.18e+08 0.0216927 -79.4191 142.853 
3.19e+08 0.0789262 -49.4623 143.299 
3.2e+08 0.0190918 8.35166 143.746 
3.21e+08 0.0343664 -38.4593 144.193 
3.22e+08 0.0532233 -55.7393 144.638 
3.23e+08 0.0320112 -39.8145 145.088 
3.24e+08 0.052574 -61.3784 145.542 
3.25e+08 0.0546133 -49.2742 145.999 
3.26e+08 0.107438 -116.755 146.456 
3.27e+08 0.0555407 -33.2995 146.902 
3.28e+08 0.0133568 -63.468 147.349 
3.29e+08 0.0265358 -83.1843 147.79 
3.3e+08 0.0445326 -55.4969 148.23 
3.31e+08 0.0524829 -21.4378 148.674 
3.32e+08 0.0185287 -65.0532 149.121 
3.33e+08 0.0285966 -60.3111 149.568 
3.34e+08 0.0666307 -101.077 150.016 
3.35e+08 0.0163449 -35.4214 150.466 
3.36e+08 0.0269239 -57.25 150.914 
3.37e+08 0.0632264 -59.0928 151.368 
3.38e+08 0.0839427 -79.2267 151.819 
3.39e+08 0.0384826 -42.9227 152.264 
3.4e+08 0.0438947 -71.3656 152.711 
3.41e+08 0.0337277 -76.9718 153.158 
3.42e+08 0.0515851 -33.2618 153.607 
3.43e+08 0.024338 -56.7039 154.055 
3.44e+08 0.0262032 -54.6732 154.503 
3.45e+08 0.0494828 -49.9716 154.957 
3.46e+08 0.0474434 -35.6853 155.411 
3.47e+08 0.0530477 -32.1207 155.865 
3.48e+08 0.0544561 -61.4611 156.316 
3.49e+08 0.0284179 -56.5351 156.762 
3.5e+08 0.0550948 -23.6027 157.205 
3.51e+08 0.0566414 -66.332 157.651 
3.52e+08 0.0687637 -49.0427 158.099 
3.53e+08 0.0861702 -60.3171 158.549 
3.54e+08 0.0398733 -63.6396 158.996 
3.55e+08 0.0425583 -62.8084 159.449 
3.56e+08 0.0610933 -39.2304 159.899 
3.57e+08 0.0515398 -25.4139 160.35 
3.58e+08 0.0374563 -51.5059 160.801 
3.59e+08 0.0373024 -90.6671 161.247 
3.6e+08 0.0445354 -51.5522 161.699 
3.61e+08 0.0476476 -43.5841 162.149 
3.62e+08 0.0437084 -61.7057 162.6 
3.63e+08 0.0801118 -49.156 163.053 
3.64e+08 0.0434188 -56.1923 163.5 
3.65e+08 0.060469 -52.6183 163.949 
3.66e+08 0.0273421 -32.1451 164.396 
3.67e+08 0.0321086 -79.5188 164.843 
3.68e+08 0.0358172 -61.4353 165.292 
3.69e+08 0.0326867 -93.3376 165.739 
3.7e+08 0.0596592 -29.4029 166.194 
3.71e+08 0.0541326 -57.6877 166.637 
3.72e+08 0.0574161 -51.9224 167.084 
3.73e+08 0.0298106 -69.4966 167.52 
3.74e+08 0.0188302 -52.5161 167.968 
3.75e+08 0.0867367 -26.0826 168.424 
3.76e+08 0.0363144 -63.2157 168.868 
3.77e+08 0.0295476 -38.366 169.313 
3.78e+08 0.0508896 -13.8666 169.758 
3.79e+08 0.0395849 -30.7736 170.201 
3.8e+08 0.0702203 -20.918 170.655 
3.81e+08 0.0512388 -12.2291 171.099 
3.82e+08 0.0490437 -52.0313 171.545 
3.83e+08 0.0404222 -51.4074 171.997 
3.84e+08 0.0587165 -69.262 172.444 
3.85e+08 0.0799073 -73.6337 172.895 
3.86e+08 0.0432928 -69.3809 173.343 
3.87e+08 0.0245602 -59.2727 173.79 
3.88e+08 0.093164 -32.1433 174.239 
3.89e+08 0.0591925 -44.1261 174.694 
3.9e+08 0.0269475 -43.9212 175.146 
3.91e+08 0.0585343 -49.8175 175.59 
3.92e+08 0.0534025 -34.3782 176.037 
3.93e+08 0.0587374 -84.2028 176.482 
3.94e+08 0.0431875 -41.3034 176.922 
3.95e+08 0.0591982 -58.1525 177.367 
3.96e+08 0.0168232 -23.4848 177.815 
3.97e+08 0.0386433 -44.3876 178.264 
3.98e+08 0.0395865 -38.2306 178.714 
3.99e+08 0.0509248 -53.7864 179.164 
4e+08 0.0749019 -43.2679 179.61 
4.01e+08 0.0339585 -27.2764 180.054 
4.02e+08 0.0747725 -65.3764 180.496 
4.03e+08 0.0795603 -85.8381 180.94 
4.04e+08 0.0692111 -48.2843 181.386 
4.05e+08 0.0360132 -37.8151 181.837 
4.06e+08 0.0524228 -64.3816 182.284 
4.07e+08 0.0557955 -43.4174 182.735 
4.08e+08 0.0641873 -85.068 183.19 
4.09e+08 0.0334012 4.98087 183.644 
4.1e+08 0.0414486 -42.2861 184.088 
4.11e+08 0.0232085 -42.6387 184.541 
4.12e+08 0.0625789 -28.6199 185.006 
4.13e+08 0.0470888 -38.8788 185.48 
4.14e+08 0.0299261 -41.3764 185.953 
4.15e+08 0.041469 -46.708 186.428 
4.16e+08 0.0525325 -74.6613 186.9 
4.17e+08 0.0480152 -77.2668 187.358 
4.18e+08 0.0279212 -45.377 187.809 
4.19e+08 0.0878873 -106.947 188.259 
4.2e+08 0.045072 -36.5267 188.695 
4.21e+08 0.057004 -80.3872 189.13 
4.22e+08 0.0527413 -51.2378 189.581 
4.23e+08 0.0680552 -67.6425 190.035 
4.24e+08 0.0297352 -57.4394 190.486 
4.25e+08 0.0554774 -6.13846 190.936 
4.26e+08 0.039291 -34.3561 191.384 
4.27e+08 0.0617708 -76.9727 191.829 
4.28e+08 0.0338685 -44.8557 192.266 
4.29e+08 0.0478309 -56.9144 192.704 
4.3e+08 0.0799282 -36.3182 193.151 
4.31e+08 0.0430779 -32.1016 193.609 
4.32e+08 0.0395091 -9.02616 194.057 
4.33e+08 0.0431851 -100.405 194.509 
4.34e+08 0.0228008 -65.2964 194.959 
4.35e+08 0.0320165 -62.0633 195.403 
4.36e+08 0.0608956 -16.8521 195.854 
4.37e+08 0.0542101 -37.5933 196.301 
4.38e+08 0.00496005 -60.4788 196.752 
4.39e+08 0.0535961 -69.419 197.205 
4.4e+08 0.0560666 -57.65 197.655 
4.41e+08 0.0495309 -68.6137 198.107 
4.42e+08 0.0189641 -51.682 198.551 
4.43e+08 0.0215769 -44.8703 198.993 
4.44e+08 0.0122108 -38.5626 199.438 
4.45e+08 0.078968 -62.0105 199.889 
4.46e+08 0.0879918 -80.7575 200.341 
4.47e+08 0.0722616 -34.6503 200.785 
4.48e+08 0.0623673 -47.4296 201.233 
4.49e+08 0.0475338 -48.3908 201.676 
4.5e+08 0.036142 -80.5122 202.12 
4.51e+08 0.042076 -21.2101 202.566 
4.52e+08 0.0413087 -67.5347 203.023 
4.53e+08 0.0352492 -32.0674 203.482 
4.54e+08 0.0361191 -48.9789 203.93 
4.55e+08 0.0622159 -26.148 204.381 
4.56e+08 0.00779454 -48.2956 204.83 
4.57e+08 0.0119896 -88.5594 205.273 
4.58e+08 0.0218367 -74.6316 205.717 
4.59e+08 0.0346028 -107.883 206.162 
4.6e+08 0.0319535 -44.9903 206.611 
4.61e+08 0.0653011 -68.0442 207.062 
4.62e+08 0.0403507 -61.0627 207.521 
4.63e+08 0.0742284 -78.1474 207.977 
4.64e+08 0.0415787 -56.3981 208.43 
4.65e+08 0.0345673 -49.6612 208.872 
4.66e+08 0.0367723 -72.7332 209.318 
4.67e+08 0.0511477 -86.5453 209.759 
4.68e+08 0.0239519 -51.2921 210.2 
4.69e+08 0.111351 -45.3417 210.65 
4.7e+08 0.0570602 -44.2362 211.101 
4.71e+08 0.0280113 -46.7514 211.549 
4.72e+08 0.0199524 -41.2706 211.997 
4.73e+08 0.0470965 -54.6429 212.449 
4.74e+08 0.0498028 -60.6779 212.89 
4.75e+08 0.0685655 -59.6742 213.338 
4.76e+08 0.0496067 -44.1935 213.782 
4.77e+08 0.102925 -66.4514 214.23 
4.78e+08 0.022718 -59.2774 214.68 
4.79e+08 0.0223796 -50.0119 215.13 
4.8e+08 0.025903 -23.4102 215.581 
4.81e+08 0.0873607 -43.5714 216.033 
4.82e+08 0.0133366 -30.3383 216.486 
4.83e+08 0.0108124 -37.7061 216.936 
4.84e+08 0.0734351 -21.1528 217.387 
4.85e+08 0.0286377 -81.3838 217.836 
4.86e+08 0.0599317 -4.8789 218.287 
4.87e+08 0.0180192 -81.4015 218.73 
4.88e+08 0.0552054 -50.8333 219.176 
4.89e+08 0.0319943 -35.5252 219.625 
4.9e+08 0.0560059 -35.6441 220.076 
4.91e+08 0.0194012 -95.4914 220.526 
4.92e+08 0.0777648 -50.3403 220.978 
4.93e+08 0.0441463 -40.067 221.428 
4.94e+08 0.0376122 -26.7118 221.873 
4.95e+08 0.0543703 -49.5782 222.32 
4.96e+08 0.0295841 -28.5999 222.766 
4.97e+08 0.0232522 -65.6724 223.216 
4.98e+08 0.0250942 -55.29 223.668 
4.99e+08 0.040798 -36.4641 224.116 
5e+08 0.0578937 -33.8024 224.566 
5.01e+08 0.0130203 -68.7324 225.017 
5.02e+08 0.0434936 -45.5269 225.472 
5.03e+08 0.0337102 -32.7366 225.919 
5.04e+08 0.0431602 -50.9505 226.367 
5.05e+08 0.0334923 -98.2451 226.806 
5.06e+08 0.0427924 -31.0493 227.249 
5.07e+08 0.0337445 -38.0977 227.702 
5.08e+08 0.0522476 -36.2737 228.151 
5.09e+08 0.0686993 -84.7598 228.598 
5.1e+08 0.0170369 -25.1527 229.053 
5.11e+08 0.0651631 -68.6767 229.498 
5.12e+08 0.0273649 -58.4306 229.953 
5.13e+08 0.0284513 -70.4876 230.398 
5.14e+08 0.0512509 -61.6485 230.841 
5.15e+08 0.0247555 -50.9529 231.289 
5.16e+08 0.0360272 -46.8791 231.74 
5.17e+08 0.0312064 -83.0374 232.193 
5.18e+08 0.040327 -49.9965 232.647 
5.19e+08 0.0642814 -84.7623 233.102 
5.2e+08 0.0681423 -49.539 233.552 
5.21e+08 0.0222953 -79.3061 234 
5.22e+08 0.0183661 -106.561 234.445 
5.23e+08 0.0269741 -82.4442 234.894 
5.24e+08 0.0542568 -39.6356 235.34 
5.25e+08 0.0374865 -71.4913 235.786 
5.26e+08 0.024165 -40.0508 236.24 
5.27e+08 0.0524169 -71.0035 236.696 
5.28e+08 0.0468536 -83.8114 237.154 
5.29e+08 0.0425506 -46.278 237.607 
5.3e+08 0.0209429 -38.8406 238.05 
5.31e+08 0.0445575 -66.205 238.493 
5.32e+08 0.0776663 -20.3484 238.93 
5.33e+08 0.0266239 -27.9287 239.37 
5.34e+08 0.0226092 -74.8138 239.819 
5.35e+08 0.0567914 -28.7932 240.267 
5.36e+08 0.0217709 -92.7614 240.715 
5.37e+08 0.0541928 -44.7601 241.163 
5.38e+08 0.0347038 -51.817 241.614 
5.39e+08 0.0686063 -34.6906 242.062 
5.4e+08 0.0539089 -75.0501 242.509 
5.41e+08 0.0555302 -56.2343 242.956 
5.42e+08 0.0644068 9.9293 243.403 
5.43e+08 0.0556578 -45.4604 243.848 
5.44e+08 0.0461357 -57.3886 244.296 
5.45e+08 0.0232479 -76.6986 244.746 
5.46e+08 0.0518361 -33.1834 245.197 
5.47e+08 0.0149021 -53.9887 245.652 
5.48e+08 0.0449748 -40.6062 246.1 
5.49e+08 0.0391659 -43.1533 246.54 
5.5e+08 0.02025 -42.8308 246.986 
5.51e+08 0.059434 -52.6362 247.431 
5.52e+08 0.0427921 -71.6812 247.879 
5.53e+08 0.0422214 -67.7152 248.329 
5.54e+08 0.0421751 -37.9546 248.783 
5.55e+08 0.0350453 -48.0209 249.237 
5.56e+08 0.0868753 -61.6268 249.69 
5.57e+08 0.0346183 -42.9435 250.144 
5.58e+08 0.0677206 -55.1684 250.597 
5.59e+08 0.0654371 -53.895 251.049 
5.6e+08 0.00337259 -37.5606 251.5 
5.61e+08 0.0352566 -20.4428 251.943 
5.62e+08 0.0443065 -29.0962 252.392 
5.63e+08 0.0621617 -83.5063 252.836 
5.64e+08 0.0364722 -28.0059 253.283 
5.65e+08 0.0474189 9.26775 253.731 
5.66e+08 0.083314 -25.3244 254.184 
5.67e+08 0.0600568 -40.1779 254.638 
5.68e+08 0.0513155 -57.4834 255.093 
5.69e+08 0.0551457 -104.352 255.548 
5.7e+08 0.0532017 0.0779945 256.001 
5.71e+08 0.0357055 -99.804 256.453 
5.72e+08 0.0491115 -21.3048 256.906 
5.73e+08 0.065993 -65.01 257.354 
5.74e+08 0.087358 -59.0371 257.804 
5.75e+08 0.0246167 -38.8847 258.252 
5.76e+08 0.0167287 -79.3586 258.699 
5.77e+08 0.0191292 -36.7778 259.152 
5.78e+08 0.0391864 -74.355 259.597 
5.79e+08 0.024649 -1.74286 260.044 
5.8e+08 0.0436997 -24.072 260.496 
5.81e+08 0.0274729 -62.6607 260.948 
5.82e+08 0.0500461 -18.5428 261.399 
5.83e+08 0.0299591 -40.3654 261.851 
5.84e+08 0.0506553 -41.5952 262.302 
5.85e+08 0.0262071 -24.5831 262.751 
5.86e+08 0.0725507 -101.981 263.202 
5.87e+08 0.0406885 -54.1152 263.649 
5.88e+08 0.0179124 -44.5004 264.093 
5.89e+08 0.0685545 -47.0653 264.534 
5.9e+08 0.0465047 -35.9977 264.983 
5.91e+08 0.0403941 -38.1718 265.437 
5.92e+08 0.0334162 -25.492 265.897 
5.93e+08 0.0397649 -75.8958 266.356 
5.94e+08 0.0541905 -57.3789 266.807 
5.95e+08 0.0602764 -41.5492 267.251 
5.96e+08 0.0341888 -46.6743 267.697 
5.97e+08 0.050149 -67.0159 268.14 
5.98e+08 0.0183383 -37.4117 268.582 
5.99e+08 0.0743931 -59.1255 269.023 
6e+08 0.0389115 -32.324 269.464 
6.01e+08 0.0273157 -66.8859 269.913 
6.02e+08 0.012359 -81.1531 270.362 
6.03e+08 0.0204054 -28.3637 270.81 
6.04e+08 0.0143966 -75.3427 271.259 
6.05e+08 0.0476406 -50.0228 271.711 
6.06e+08 0.0633735 -39.0392 272.15 
6.07e+08 0.0301542 -29.2081 272.595 
6.08e+08 0.0166093 -69.0898 273.046 
6.09e+08 0.0761953 9.4814 273.492 
6.1e+08 0.0440581 -49.3465 273.94 
6.11e+08 0.0855089 -80.5222 274.389 
6.12e+08 0.0830272 -53.2721 274.841 
6.13e+08 0.0652811 -39.462 275.293 
6.14e+08 0.0530708 -54.8269 275.745 
6.15e+08 0.0407439 -34.7396 276.197 
6.16e+08 0.0315473 -32.9288 276.644 
6.17e+08 0.0429704 -24.7301 277.096 
6.18e+08 0.0462832 -76.9177 277.544 
6.19e+08 0.00728781 -37.3665 277.989 
6.2e+08 0.0421158 -38.8439 278.44 
6.21e+08 0.0315299 3.21706 278.892 
6.22e+08 0.0564707 -76.8787 279.344 
6.23e+08 0.0324623 -31.4422 279.79 
6.24e+08 0.0796229 -51.2037 280.241 
6.25e+08 0.0189489 -24.0694 280.684 
6.26e+08 0.0550937 -80.234 281.134 
6.27e+08 0.0424521 -28.9879 281.582 
6.28e+08 0.0441723 -33.2672 282.03 
6.29e+08 0.0194523 -66.3243 282.48 
6.3e+08 0.0206471 -34.7115 282.932 
6.31e+08 0.0377332 -58.668 283.384 
6.32e+08 0.0557935 -75.1835 283.836 
6.33e+08 0.0396493 -68.3056 284.289 
6.34e+08 0.0361807 -32.8291 284.741 
6.35e+08 0.0178185 -43.2158 285.195 
6.36e+08 0.0498784 -8.55835 285.645 
6.37e+08 0.056277 -61.8316 286.091 
6.38e+08 0.0205252 -48.6437 286.542 
6.39e+08 0.0702228 -72.2287 286.991 
6.4e+08 0.0684368 -61.2661 287.439 
6.41e+08 0.0464955 -43.9476 287.888 
6.42e+08 0.0664296 -35.2582 288.342 
6.43e+08 0.0579606 -20.1738 288.789 
6.44e+08 0.0467003 -93.1591 289.236 
6.45e+08 0.0238697 -70.0806 289.687 
6.46e+08 0.0321877 -23.3399 290.137 
6.47e+08 0.0407476 -66.1182 290.582 
6.48e+08 0.0368113 -56.8099 291.023 
6.49e+08 0.0102676 -88.5368 291.473 
6.5e+08 0.0274531 -64.1812 291.922 
6.51e+08 0.0364893 -49.6347 292.375 
6.52e+08 0.0133892 -29.4946 292.829 
6.53e+08 0.034769 -68.805 293.282 
6.54e+08 0.0447019 -44.6319 293.736 
6.55e+08 0.0894036 -75.1547 294.185 
6.56e+08 0.0946828 -24.9749 294.624 
6.57e+08 0.0219356 -32.0001 295.068 
6.58e+08 0.0342519 -42.0564 295.508 
6.59e+08 0.0499247 -74.1797 295.954 
6.6e+08 0.0521442 -63.1955 296.403 
6.61e+08 0.0599248 -83.2302 296.85 
6.62e+08 0.0393119 -69.6276 297.301 
6.63e+08 0.00639656 -82.1968 297.754 
6.64e+08 0.0353655 -50.3273 298.208 
6.65e+08 0.0656546 -58.5794 298.655 
6.66e+08 0.0448406 -61.6072 299.106 
6.67e+08 0.0549564 -53.2033 299.55 
6.68e+08 0.0402378 -38.8875 299.997 
6.69e+08 0.0256208 -44.5669 300.447 
6.7e+08 0.041196 -85.4629 300.895 
6.71e+08 0.0881458 -11.3636 301.346 
6.72e+08 0.0327501 -75.5371 301.796 
6.73e+08 0.0707627 -48.8103 302.247 
6.74e+08 0.045306 -83.7249 302.7 
6.75e+08 0.0236089 -82.1111 303.147 
6.76e+08 0.0499339 -39.273 303.591 
6.77e+08 0.0618725 -67.3622 304.039 
6.78e+08 0.0596307 -43.4706 304.485 
6.79e+08 0.0611219 -64.9747 304.93 
6.8e+08 0.0655878 -71.9227 305.379 
6.81e+08 0.104571 -71.2109 305.831 
6.82e+08 0.0564628 -44.0162 306.281 
6.83e+08 0.029346 -20.8918 306.734 
6.84e+08 0.0409235 -18.6483 307.172 
6.85e+08 0.0661867 -39.1418 307.62 
6.86e+08 0.0329599 -40.1381 308.06 
6.87e+08 0.0253569 -41.7736 308.505 
6.88e+08 0.0103517 -50.7133 308.957 
6.89e+08 0.0757371 -78.8091 309.405 
6.9e+08 0.0331551 -39.2897 309.853 
6.91e+08 0.0556699 -68.6089 310.306 
6.92e+08 0.0214822 -56.4102 310.753 
6.93e+08 0.0140204 -65.4295 311.196 
6.94e+08 0.0177858 -20.8422 311.645 
6.95e+08 0.0658147 -52.279 312.096 
6.96e+08 0.013335 -59.5311 312.583 
6.97e+08 0.0420156 -51.4272 313.063 
6.98e+08 0.0150924 -40.0774 313.538 
6.99e+08 0.0683808 -40.321 313.993 
7e+08 0.0463198 -25.5136 314.445 
7.01e+08 0.0451629 -58.08 314.905 
7.02e+08 0.0333675 -15.4684 315.353 
7.03e+08 0.0346981 -30.8621 315.789 
7.04e+08 0.0387408 -53.0518 316.226 
7.05e+08 0.0193394 -91.6344 316.669 
7.06e+08 0.0604978 -90.053 317.129 
7.07e+08 0.070458 -73.1199 317.588 
7.08e+08 0.0657525 -59.4877 318.045 
7.09e+08 0.0418957 -35.6933 318.503 
7.1e+08 0.0474185 -24.8468 318.944 
7.11e+08 0.0609931 -49.4349 319.389 
7.12e+08 0.0196125 -63.5442 319.825 
7.13e+08 0.0806319 -91.6573 320.267 
7.14e+08 0.0294336 -30.0743 320.717 
7.15e+08 0.0923539 -74.8108 321.167 
7.16e+08 0.0406713 -41.7352 321.613 
7.17e+08 0.0213165 -59.9057 322.064 
7.18e+08 0.0678417 -38.3734 322.512 
7.19e+08 0.0376963 -42.9028 322.959 
7.2e+08 0.0249239 -49.8408 323.399 
7.21e+08 0.0944531 -65.0439 323.841 
7.22e+08 0.075175 -57.4618 324.293 
7.23e+08 0.044033 -88.9152 324.751 
7.24e+08 0.0335924 -29.6758 325.205 
7.25e+08 0.0396059 -72.7981 325.658 
7.26e+08 0.00957726 -28.7828 326.118 
7.27e+08 0.0335846 -75.561 326.568 
7.28e+08 0.0496896 -37.8386 327.016 
7.29e+08 0.0726575 -59.7465 327.461 
7.3e+08 0.0433711 -79.6774 327.907 
7.31e+08 0.0612502 -60.6197 328.348 
7.32e+08 0.0561104 -69.1951 328.797 
7.33e+08 0.0419305 -64.1941 329.242 
7.34e+08 0.0489219 -76.5457 329.685 
7.35e+08 0.0402506 -48.7495 330.129 
7.36e+08 0.0352515 -50.4984 330.576 
7.37e+08 0.0546983 -29.4424 331.027 
7.38e+08 0.0182207 -57.0275 331.479 
7.39e+08 0.0350751 -47.7299 331.93 
7.4e+08 0.0292535 -70.9356 332.381 
7.41e+08 0.00380407 -70.5865 332.83 
7.42e+08 0.0480257 -62.3185 333.281 
7.43e+08 0.0253689 -66.8543 333.722 
7.44e+08 0.047815 -80.3074 334.168 
7.45e+08 0.0531344 -45.9283 334.617 
7.46e+08 0.0644692 -35.8304 335.065 
7.47e+08 0.0466382 -28.0314 335.517 
7.48e+08 0.026577 -43.6892 335.971 
7.49e+08 0.0561583 -77.077 336.426 
7.5e+08 0.0427061 -48.5317 336.877 
7.51e+08 0.0222644 -25.1246 337.327 
7.52e+08 0.0415033 7.63291 337.77 
7.53e+08 0.0649171 -34.5052 338.218 
7.54e+08 0.0222591 -32.1469 338.665 
7.55e+08 0.122881 -57.4102 339.112 
7.56e+08 0.0186214 -38.5313 339.564 
7.57e+08 0.0292762 -62.7176 340.011 
7.58e+08 0.0169011 -42.7616 340.463 
7.59e+08 0.0661072 -73.1133 340.917 
7.6e+08 0.0126346 -95.3059 341.367 
7.61e+08 0.0168772 -16.1678 341.82 
7.62e+08 0.0655076 -47.9477 342.268 
7.63e+08 0.14667 -97.0129 342.714 
7.64e+08 0.0568466 -65.9487 343.16 
7.65e+08 0.0386867 -73.2165 343.606 
7.66e+08 0.0528927 -66.5888 344.055 
7.67e+08 0.0446493 -22.1604 344.505 
7.68e+08 0.0188739 -50.6558 344.954 
7.69e+08 0.0254219 -25.5326 345.407 
7.7e+08 0.0376781 -29.0398 345.86 
7.71e+08 0.0462829 -49.6149 346.313 
7.72e+08 0.086166 -63.2516 346.759 
7.73e+08 0.0285458 -58.3298 347.206 
7.74e+08 0.00542164 -17.5789 347.652 
7.75e+08 0.0559027 -40.7602 348.099 
7.76e+08 0.0503194 -56.1336 348.55 
7.77e+08 0.0438797 -57.777 348.998 
7.78e+08 0.0156099 -38.0076 349.45 
7.79e+08 0.0622035 -94.5498 349.902 
7.8e+08 0.0311796 -36.3012 350.354 
7.81e+08 0.0457527 -80.0455 350.805 
7.82e+08 0.015859 -20.3152 351.257 
7.83e+08 0.0388899 -79.3451 351.705 
7.84e+08 0.0437315 -56.3556 352.153 
7.85e+08 0.0187724 -54.4699 352.599 
7.86e+08 0.0453626 -44.2358 353.046 
7.87e+08 0.00647547 -13.0979 353.496 
7.88e+08 0.0532952 -57.5748 353.944 
7.89e+08 0.0434252 -93.4032 354.396 
7.9e+08 0.0638087 -25.0536 354.848 
7.91e+08 0.0261306 -44.3123 355.3 
7.92e+08 0.0470747 -69.651 355.752 
7.93e+08 0.0507991 -43.1857 356.203 
7.94e+08 0.0474739 -46.3666 356.655 
7.95e+08 0.0736887 -51.1715 357.103 
7.96e+08 0.0498912 -32.2924 357.551 
7.97e+08 0.0441199 -5.14473 357.996 
7.98e+08 0.0241936 -75.1985 358.446 
7.99e+08 0.0473269 -60.576 358.898 
8e+08 0.0794021 -71.1663 359.35 
8.01e+08 0.0570071 -43.6425 359.801 
8.02e+08 0.051918 -59.2844 360.252 
8.03e+08 0.0739246 -56.032 360.705 
8.04e+08 0.0645722 -28.7405 361.156 
8.05e+08 0.021433 -2.4141 361.609 
8.06e+08 0.0360701 -31.2881 362.061 
8.07e+08 0.0728244 -35.5717 362.513 
8.08e+08 0.0174546 -31.5001 362.965 
8.09e+08 0.0772758 -74.6183 363.409 
8.1e+08 0.0394417 -31.4927 363.86 
8.11e+08 0.0458644 -58.2674 364.308 
8.12e+08 0.0621103 -44.2812 364.756 
8.13e+08 0.0207749 -99.7061 365.211 
8.14e+08 0.0489244 -43.8294 365.672 
8.15e+08 0.0187213 -36.0646 366.126 
8.16e+08 0.055525 -56.0267 366.582 
8.17e+08 0.0191769 -39.6153 367.031 
8.18e+08 0.0480957 -70.8783 367.479 
8.19e+08 0.0503583 -17.0222 367.921 
8.2e+08 0.0478251 -35.1289 368.365 
8.21e+08 0.0382834 -63.0505 368.814 
8.22e+08 0.0467397 -46.6261 369.266 
8.23e+08 0.0692297 -77.102 369.717 
8.24e+08 0.0784438 -82.6792 370.165 
8.25e+08 0.0499495 -62.1163 370.617 
8.26e+08 0.0405497 -58.7335 371.062 
8.27e+08 0.053557 -92.3563 371.51 
8.28e+08 0.0395881 -41.1177 371.952 
8.29e+08 0.0914923 -70.4228 372.398 
8.3e+08 0.0729396 -41.5344 372.851 
8.31e+08 0.0420815 -99.0255 373.296 
8.32e+08 0.0418228 -67.9999 373.744 
8.33e+08 0.0514312 -33.0593 374.196 
8.34e+08 0.0304704 -74.9119 374.648 
8.35e+08 0.041098 -55.9987 375.1 
8.36e+08 0.0890428 -77.3287 375.552 
8.37e+08 0.0584682 -53.2461 376.001 
8.38e+08 0.0281396 -35.1477 376.452 
8.39e+08 0.0796398 -59.5332 376.897 
8.4e+08 0.0299947 -37.9081 377.343 
8.41e+08 0.0275641 -17.653 377.793 
8.42e+08 0.0433872 -50.6467 378.241 
8.43e+08 0.0823198 -32.5208 378.695 
8.44e+08 0.0383847 -33.2592 379.15 
8.45e+08 0.0612356 -43.5373 379.601 
8.46e+08 0.0409187 -97.4377 380.053 
8.47e+08 0.050115 -35.2718 380.506 
8.48e+08 0.02319 -56.1719 380.958 
8.49e+08 0.0654797 -68.8706 381.409 
8.5e+08 0.0343652 -45.408 381.863 
8.51e+08 0.0161507 -57.9467 382.308 
8.52e+08 0.0396639 -31.9397 382.756 
8.53e+08 0.026271 -52.7591 383.204 
8.54e+08 0.0578757 -46.5529 383.651 
8.55e+08 0.058264 -72.4947 384.106 
8.56e+08 0.0512389 -58.7255 384.557 
8.57e+08 0.0411873 -50.5113 385.005 
8.58e+08 0.0653535 -48.5405 385.459 
8.59e+08 0.0160244 -31.9552 385.905 
8.6e+08 0.0335631 -67.4159 386.357 
8.61e+08 0.0528479 -48.9019 386.804 
8.62e+08 0.0561926 -24.9725 387.251 
8.63e+08 0.0318002 -45.5199 387.696 
8.64e+08 0.0359399 -42.0102 388.142 
8.65e+08 0.0351687 -64.0259 388.592 
8.66e+08 0.041179 -53.1495 389.04 
8.67e+08 0.0316663 -31.9627 389.49 
8.68e+08 0.0550611 -78.7244 389.939 
8.69e+08 0.0230418 -54.8421 390.388 
8.7e+08 0.0428738 -63.7098 390.842 
8.71e+08 0.034532 -55.3098 391.291 
8.72e+08 0.0793089 -63.1701 391.738 
8.73e+08 0.0522907 -44.1003 392.186 
8.74e+08 0.0274788 -82.726 392.636 
8.75e+08 0.045812 -94.2844 393.088 
8.76e+08 0.0506757 -50.9081 393.537 
8.77e+08 0.0208064 -19.7789 393.986 
8.78e+08 0.0727864 -88.9093 394.436 
8.79e+08 0.0229503 -59.8194 394.887 
8.8e+08 0.0351811 -54.3078 395.338 
8.81e+08 0.0369336 -47.1465 395.787 
8.82e+08 0.0337605 -41.2992 396.238 
8.83e+08 0.0349854 -99.6102 396.688 
8.84e+08 0.0901929 -29.1217 397.132 
8.85e+08 0.0508866 -48.1487 397.577 
8.86e+08 0.0409555 -55.7086 398.011 
8.87e+08 0.0275155 -36.7956 398.454 
8.88e+08 0.0821223 -60.2474 398.907 
8.89e+08 0.0625037 -49.4031 399.363 
8.9e+08 0.0246695 -51.9135 399.823 
8.91e+08 0.0305173 -72.9374 400.283 
8.92e+08 0.0417927 -26.0422 400.731 
8.93e+08 0.0690245 -67.0376 401.175 
8.94e+08 0.0419873 -64.3908 401.613 
8.95e+08 0.0500165 -34.5019 402.055 
8.96e+08 0.0162878 -55.7332 402.506 
8.97e+08 0.04469 -41.1549 402.953 
8.98e+08 0.0234032 -19.1684 403.396 
8.99e+08 0.0292569 -56.9937 403.845 
9e+08 0.0537673 -17.2529 404.296 
9.01e+08 0.0444028 -67.8804 404.749 
9.02e+08 0.0312447 -80.8251 405.199 
9.03e+08 0.0337621 -77.8038 405.651 
9.04e+08 0.0486286 -76.9268 406.101 
9.05e+08 0.0456626 -53.9466 406.548 
9.06e+08 0.0433589 -42.0577 406.996 
9.07e+08 0.0819599 -51.756 407.443 
9.08e+08 0.0193867 -37.8004 407.89 
9.09e+08 0.0708561 -27.9594 408.339 
9.1e+08 0.0423067 -51.2703 408.793 
9.11e+08 0.0468874 -48.2152 409.242 
9.12e+08 0.0066299 -62.176 409.696 
9.13e+08 0.0260414 -61.203 410.145 
9.14e+08 0.0656198 -58.5668 410.586 
9.15e+08 0.0294277 -41.1498 411.027 
9.16e+08 0.0214259 -54.8565 411.473 
9.17e+08 0.0478569 -53.551 411.923 
9.18e+08 0.0893082 -72.5361 412.374 
9.19e+08 0.0551725 -61.862 412.828 
9.2e+08 0.0132536 -4.26555 413.284 
9.21e+08 0.0416838 -30.8674 413.728 
9.22e+08 0.0960555 -49.743 414.172 
9.23e+08 0.0365947 -21.3817 414.615 
9.24e+08 0.0706988 -58.1261 415.057 
9.25e+08 0.0489635 -63.9377 415.505 
9.26e+08 0.0321002 -52.2955 415.955 
9.27e+08 0.0386243 -77.1828 416.403 
9.28e+08 0.0316976 -17.4483 416.855 
9.29e+08 0.017035 -68.0018 417.307 
9.3e+08 0.0489897 -51.0315 417.76 
9.31e+08 0.0465085 -34.4251 418.212 
9.32e+08 0.0466351 -54.4281 418.665 
9.33e+08 0.0325308 -109.101 419.11 
9.34e+08 0.0501552 -83.796 419.556 
9.35e+08 0.0240372 -40.2344 420.007 
9.36e+08 0.0159139 -21.7155 420.458 
9.37e+08 0.0399578 -32.3635 420.905 
9.38e+08 0.0434606 -62.3789 421.353 
9.39e+08 0.0798463 -51.6485 421.802 
9.4e+08 0.0344774 -9.07976 422.254 
9.41e+08 0.0639949 -63.9689 422.705 
9.42e+08 0.0473375 7.24998 423.157 
9.43e+08 0.0194564 -24.3619 423.603 
9.44e+08 0.0523482 -46.2994 424.051 
9.45e+08 0.0716826 -77.9697 424.494 
9.46e+08 0.0374508 -85.0996 424.936 
9.47e+08 0.0419255 -31.4605 425.386 
9.48e+08 0.0401809 -29.1312 425.833 
9.49e+08 0.0517684 -36.3271 426.279 
9.5e+08 0.0521887 -40.3163 426.733 
9.51e+08 0.0273773 -39.9143 427.186 
9.52e+08 0.0313469 -65.8688 427.636 
9.53e+08 0.0167813 -54.2678 428.084 
9.54e+08 0.0325172 -65.2594 428.532 
9.55e+08 0.0198903 -30.0575 428.975 
9.56e+08 0.0456424 -40.1724 429.418 
9.57e+08 0.0569767 -53.6929 429.866 
9.58e+08 0.0201404 -31.0376 430.323 
9.59e+08 0.0426005 -46.8739 430.773 
9.6e+08 0.0602512 -86.346 431.222 
9.61e+08 0.0319059 -50.0345 431.667 
9.62e+08 0.0245978 -69.695 432.109 
9.63e+08 0.0864006 -34.5978 432.551 
9.64e+08 0.0357066 -77.9614 432.997 
9.65e+08 0.0483757 -59.8042 433.444 
9.66e+08 0.0462807 -71.2885 433.896 
9.67e+08 0.0438143 -52.0225 434.349 
9.68e+08 0.0747207 -61.3946 434.797 
9.69e+08 0.0212503 -82.1211 435.246 
9.7e+08 0.0170703 -67.9047 435.694 
9.71e+08 0.0568348 -69.4524 436.136 
9.72e+08 0.0798185 -49.9232 436.608 
9.73e+08 0.0504695 -42.0366 437.095 
9.74e+08 0.0379686 -42.0413 437.576 
9.75e+08 0.0529392 -50.1208 438.039 
9.76e+08 0.0353935 -53.0494 438.494 
9.77e+08 0.0803098 -83.1916 438.942 
9.78e+08 0.0328268 -63.4997 439.384 
9.79e+08 0.0260858 -64.3021 439.826 
9.8e+08 0.0531536 -80.0452 440.278 
9.81e+08 0.0251508 -57.9992 440.725 
9.82e+08 0.0382002 -85.8375 441.168 
9.83e+08 0.0820213 -80.8728 441.603 
9.84e+08 0.0277799 -59.7798 442.039 
9.85e+08 0.0539361 -65.8934 442.494 
9.86e+08 0.0430412 -27.5099 442.951 
9.87e+08 0.0395616 -72.5541 443.401 
9.88e+08 0.0713825 -45.8264 443.851 
9.89e+08 0.045242 -29.6614 444.296 
9.9e+08 0.0459531 -61.2017 444.739 
9.91e+08 0.0364988 -40.3182 445.178 
9.92e+08 0.0654106 -82.7447 445.621 
9.93e+08 0.0467584 -67.3617 446.065 
9.94e+08 0.014642 -44.8706 446.511 
9.95e+08 0.0543553 -84.5223 446.967 
9.96e+08 0.0416286 -83.7162 447.421 
9.97e+08 0.0845256 -67.1778 447.869 
9.98e+08 0.084174 -86.7911 448.323 
9.99e+08 0.0262619 -39.3143 448.773 
1e+09 0.0285874 -56.9159 449.216 
