0 0.043313 -8.4975 0 
1e+06 0.0762254 -23.9307 0.423717 
2e+06 0.0467431 -28.3293 0.847974 
3e+06 0.0504986 -58.7744 1.27279 
4e+06 0.0111168 -36.8528 1.69746 
5e+06 0.0466459 -18.0919 2.12159 
6e+06 0.0474687 -56.8149 2.54461 
7e+06 0.0525672 -51.0972 2.97083 
8e+06 0.042572 -56.6975 3.39708 
9e+06 0.0386781 -75.1783 3.82325 
1e+07 0.0369197 -80.6654 4.24942 
1.1e+07 0.00873147 -22.6324 4.6757 
1.2e+07 0.0488464 -55.0063 5.10196 
1.3e+07 0.0710277 -39.0997 5.52832 
1.4e+07 0.0464583 -16.3645 5.95466 
1.5e+07 0.0491574 -52.0418 6.38102 
1.6e+07 0.0688151 -67.61 6.80799 
1.7e+07 0.0478126 -59.1869 7.23401 
1.8e+07 0.059689 -60.9458 7.65708 
1.9e+07 0.0676406 -89.9888 8.0798 
2e+07 0.0966277 -44.5496 8.50383 
2.1e+07 0.0245762 -32.1908 8.92777 
2.2e+07 0.0346971 -46.1955 9.35182 
2.3e+07 0.00889037 -3.82897 9.77629 
2.4e+07 0.0341845 -73.7897 10.2003 
2.5e+07 0.0785552 -72.6299 10.6247 
2.6e+07 0.110948 -79.2973 11.0503 
2.7e+07 0.0633733 -42.1782 11.4741 
2.8e+07 0.0251606 -70.5382 11.8968 
2.9e+07 0.0422086 -46.1343 12.32 
3e+07 0.0334925 -34.6891 12.7458 
3.1e+07 0.0282935 -69.0294 13.1715 
3.2e+07 0.0372201 -78.3081 13.5978 
3.3e+07 0.0484906 -62.5682 14.0243 
3.4e+07 0.0316958 -64.1524 14.4503 
3.5e+07 0.0273127 -42.1557 14.8759 
3.6e+07 0.0608648 -53.2983 15.3015 
3.7e+07 0.0454183 -5.76229 15.728 
3.8e+07 0.0553948 -53.8765 16.1539 
3.9e+07 0.03012 -50.1477 16.5777 
4e+07 0.038497 -69.5583 17.0034 
4.1e+07 0.043621 -26.4097 17.4285 
4.2e+07 0.0374845 -46.5722 17.8539 
4.3e+07 0.0429976 -57.7743 18.2797 
4.4e+07 0.030717 -37.9643 18.7068 
4.5e+07 0.0460312 -68.3358 19.1312 
4.6e+07 0.035523 -77.9613 19.555 
4.7e+07 0.0529043 -27.8171 19.9783 
4.8e+07 0.0447144 -90.957 20.4008 
4.9e+07 0.0295241 -27.5651 20.8255 
5e+07 0.0435912 -36.9225 21.2494 
5.1e+07 0.0691396 -39.3154 21.6739 
5.2e+07 0.0456695 -30.576 22.0983 
5.3e+07 0.0223034 -55.3755 22.5219 
5.4e+07 0.0612331 -23.0331 22.9446 
5.5e+07 0.00697738 -25.092 23.3671 
5.6e+07 0.0347383 -102.434 23.7897 
5.7e+07 0.0517076 -69.0835 24.2121 
5.8e+07 0.0199673 -81.8749 24.6346 
5.9e+07 0.0797172 -36.8921 25.0571 
6e+07 0.0348832 -9.20726 25.4799 
6.1e+07 0.0415464 -82.1861 25.9041 
6.2e+07 0.0523295 -62.7794 26.3282 
6.3e+07 0.0225524 -46.7249 26.7525 
6.4e+07 0.0475482 -84.7839 27.1767 
6.5e+07 0.0325584 -44.8805 27.6006 
6.6e+07 0.0256004 -28.6733 28.0247 
6.7e+07 0.0428455 -63.5177 28.4485 
6.8e+07 0.0355347 -100.087 28.872 
6.9e+07 0.0154478 -44.2759 29.2979 
7e+07 0.0660991 -16.5984 29.7237 
7.1e+07 0.0168358 -73.8388 30.1493 
7.2e+07 0.0904253 -73.1875 30.5754 
7.3e+07 0.0173167 -50.5587 31.0014 
7.4e+07 0.0176747 -75.4935 31.4274 
7.5e+07 0.0105051 -50.2958 31.8538 
7.6e+07 0.0389121 -80.1617 32.2796 
7.7e+07 0.0653637 -71.4748 32.7053 
7.8e+07 0.0451965 -79.3284 33.1278 
7.9e+07 0.014385 -87.9487 33.5501 
8e+07 0.0610989 -44.268 33.9722 
8.1e+07 0.019068 -43.159 34.3952 
8.2e+07 0.0723252 -102.185 34.8191 
8.3e+07 0.059977 -56.2031 35.2432 
8.4e+07 0.0374208 -30.0081 35.6671 
8.5e+07 0.0618842 -56.6489 36.0903 
8.6e+07 0.0671423 -48.1363 36.5144 
8.7e+07 0.0585297 -61.6368 36.9385 
8.8e+07 0.0634833 -102.024 37.3619 
8.9e+07 0.040421 -54.6761 37.7844 
9e+07 0.0594738 -32.6726 38.2065 
9.1e+07 0.0502901 -76.8144 38.6303 
9.2e+07 0.0585338 -57.0864 39.0565 
9.3e+07 0.0432822 7.92347 39.4821 
9.4e+07 0.0410654 -47.9602 39.9075 
9.5e+07 0.0586267 -59.8752 40.333 
9.6e+07 0.063701 -44.4309 40.7589 
9.7e+07 0.0732873 -33.1052 41.1845 
9.8e+07 0.0391785 -45.5616 41.607 
9.9e+07 0.0397832 -42.4965 42.0303 
1e+08 0.0434313 -42.9394 42.4559 
1.01e+08 0.0132527 -75.7933 42.8815 
1.02e+08 0.0506726 -81.6738 43.3071 
1.03e+08 0.0590676 -66.8539 43.7331 
1.04e+08 0.0625898 -91.2995 44.1568 
1.05e+08 0.0163552 -62.919 44.58 
1.06e+08 0.0411176 -41.8423 45.0038 
1.07e+08 0.0520706 -63.9319 45.4265 
1.08e+08 0.0387006 -51.0853 45.85 
1.09e+08 0.0379785 -66.7074 46.2734 
1.1e+08 0.0419776 -55.0364 46.6977 
1.11e+08 0.053223 -57.0485 47.1216 
1.12e+08 0.0436628 -51.5893 47.5449 
1.13e+08 0.0200219 0.730421 47.9672 
1.14e+08 0.0383641 -21.6324 48.3891 
1.15e+08 0.0704241 -52.079 48.8115 
1.16e+08 0.0571355 -45.5584 49.2336 
1.17e+08 0.0464975 -31.6095 49.6562 
1.18e+08 0.0227743 -21.1401 50.0825 
1.19e+08 0.0455405 -80.8652 50.5059 
1.2e+08 0.0758599 -92.6297 50.9307 
1.21e+08 0.0464397 -67.9947 51.3552 
1.22e+08 0.0677812 -23.8717 51.7774 
1.23e+08 0.0461657 -44.5618 52.2003 
1.24e+08 0.0596432 -91.4136 52.624 
1.25e+08 0.0436062 -59.1033 53.0472 
1.26e+08 0.0127186 -69.9809 53.4708 
1.27e+08 0.0990523 -61.9825 53.8948 
1.28e+08 0.0308093 -26.5263 54.3189 
1.29e+08 0.0300927 -20.5985 54.7432 
1.3e+08 0.0671393 -33.749 55.1658 
1.31e+08 0.0704311 -19.906 55.5883 
1.32e+08 0.0507841 -64.2326 56.013 
1.33e+08 0.0675199 -28.8019 56.4391 
1.34e+08 0.0343383 -85.6208 56.8656 
1.35e+08 0.0328116 -27.0464 57.2917 
1.36e+08 0.0279164 -48.7914 57.7176 
1.37e+08 0.046275 -40.7426 58.1438 
1.38e+08 0.0327152 -50.7593 58.57 
1.39e+08 0.0493704 -61.292 58.9964 
1.4e+08 0.027508 -75.8313 59.4216 
1.41e+08 0.0535827 -57.3284 59.8479 
1.42e+08 0.0572099 -41.2427 60.2725 
1.43e+08 0.0332892 -48.708 60.6961 
1.44e+08 0.0407141 -34.0157 61.1194 
1.45e+08 0.0579298 -57.5314 61.5444 
1.46e+08 0.0716418 -47.9629 61.9682 
1.47e+08 0.074561 -72.9493 62.3923 
1.48e+08 0.074967 -50.3414 62.8155 
1.49e+08 0.0313343 -12.5846 63.2388 
1.5e+08 0.0669327 -58.1993 63.6628 
1.51e+08 0.0433359 -63.263 64.0866 
1.52e+08 0.0231037 -41.9689 64.5113 
1.53e+08 0.0123586 -51.1216 64.9352 
1.54e+08 0.0327569 -59.0196 65.3578 
1.55e+08 0.056733 -51.76 65.7805 
1.56e+08 0.00763563 -41.455 66.203 
1.57e+08 0.0364035 -50.0835 66.6256 
1.58e+08 0.0390621 -46.2386 67.0482 
1.59e+08 0.0335204 -34.1575 67.4739 
1.6e+08 0.0403533 -14.8835 67.8982 
1.61e+08 0.0143259 -64.5097 68.3237 
1.62e+08 0.0686759 -44.8537 68.7491 
1.63e+08 0.0714326 -86.0992 69.1743 
1.64e+08 0.0346714 -28.4372 69.6 
1.65e+08 0.0589918 -65.6732 70.0241 
1.66e+08 0.0621276 -50.0601 70.4467 
1.67e+08 0.0438526 -60.7394 70.8719 
1.68e+08 0.101858 -48.7143 71.2949 
1.69e+08 0.0744359 -104.953 71.7192 
1.7e+08 0.0576221 -63.3907 72.1435 
1.71e+08 0.0517416 -29.3254 72.5677 
1.72e+08 0.0610171 -50.1444 72.992 
1.73e+08 0.0409106 -57.2251 73.4167 
1.74e+08 0.0812541 -80.285 73.8405 
1.75e+08 0.0528527 -87.6416 74.2629 
1.76e+08 0.0498482 -39.3903 74.6857 
1.77e+08 0.025084 -42.9901 75.1092 
1.78e+08 0.0686769 -28.1639 75.5342 
1.79e+08 0.0285904 -15.3696 75.9567 
1.8e+08 0.0275128 -64.5181 76.3821 
1.81e+08 0.0303785 -28.5624 76.8056 
1.82e+08 0.0565808 -41.4589 77.228 
1.83e+08 0.022484 -65.2425 77.6525 
1.84e+08 0.0677391 -29.1069 78.078 
1.85e+08 0.0634003 -16.6873 78.5036 
1.86e+08 0.0330956 -35.9581 78.9296 
1.87e+08 0.0433353 -141.731 79.356 
1.88e+08 0.0396319 -43.0516 79.7828 
1.89e+08 0.00829945 -59.6023 80.2073 
1.9e+08 0.0565184 -67.5564 80.631 
1.91e+08 0.0272699 -35.0189 81.0547 
1.92e+08 0.0312839 -55.529 81.479 
1.93e+08 0.0675357 -50.6975 81.9034 
1.94e+08 0.0519833 -57.9732 82.3277 
1.95e+08 0.040074 -39.3041 82.7523 
1.96e+08 0.03786 -44.2694 83.1769 
1.97e+08 0.045952 -64.1394 83.6 
1.98e+08 0.0435859 -53.0271 84.0224 
1.99e+08 0.0284228 -57.1983 84.4448 
2e+08 0.0614186 -38.1585 84.8673 
2.01e+08 0.0489962 -46.5761 85.2913 
2.02e+08 0.047848 -62.0788 85.7139 
2.03e+08 0.0679182 -36.1525 86.1364 
2.04e+08 0.0625183 -58.0603 86.5597 
2.05e+08 0.0441109 -60.2308 86.9836 
2.06e+08 0.0769351 -73.7161 87.4077 
2.07e+08 0.0366423 -44.9599 87.8323 
2.08e+08 0.056021 -12.4045 88.2562 
2.09e+08 0.0490374 -19.5245 88.6807 
2.1e+08 0.0600829 -32.4877 89.1051 
2.11e+08 0.0957617 -61.0195 89.5281 
2.12e+08 0.0360524 -19.3979 89.9507 
2.13e+08 0.0588001 -67.8174 90.373 
2.14e+08 0.034269 -56.8502 90.7955 
2.15e+08 0.056417 -50.471 91.218 
2.16e+08 0.0581845 -67.7421 91.6422 
2.17e+08 0.0417795 -62.7356 92.0661 
2.18e+08 0.0534659 -61.0806 92.4887 
2.19e+08 0.0649142 -12.8794 92.9112 
2.2e+08 0.0575471 -61.2585 93.3349 
2.21e+08 0.0448271 -99.1047 93.7591 
2.22e+08 0.0450618 -53.7677 94.1839 
2.23e+08 0.0122178 -82.9747 94.6075 
2.24e+08 0.0195941 -46.093 95.0304 
2.25e+08 0.0580126 -51.0677 95.4531 
2.26e+08 0.0432735 -12.216 95.8761 
2.27e+08 0.0422584 -72.3356 96.2987 
2.28e+08 0.0274436 -57.5107 96.7211 
2.29e+08 0.0372677 -33.9917 97.1434 
2.3e+08 0.0271602 -29.564 97.5661 
2.31e+08 0.0559651 -32.6323 97.9889 
2.32e+08 0.0470848 -50.4412 98.4113 
2.33e+08 0.0595082 -33.17 98.8346 
2.34e+08 0.0361111 -70.1454 99.2598 
2.35e+08 0.033843 -57.7034 99.687 
2.36e+08 0.0206364 -45.2917 100.113 
2.37e+08 0.0499601 -45.7895 100.539 
2.38e+08 0.035511 -55.4026 100.966 
2.39e+08 0.0538911 -67.9366 101.393 
2.4e+08 0.0647483 -71.2093 101.818 
2.41e+08 0.0542384 -37.8649 102.242 
2.42e+08 0.0273358 -62.4882 102.668 
2.43e+08 0.0687415 -70.1509 103.093 
2.44e+08 0.0229563 -53.546 103.519 
2.45e+08 0.0125576 -61.7675 103.945 
2.46e+08 0.0843787 -61.8232 104.371 
2.47e+08 0.0522768 -71.4812 104.794 
2.48e+08 0.0382947 -55.7419 105.218 
2.49e+08 0.0321967 -93.389 105.642 
2.5e+08 0.0525129 -53.6611 106.065 
2.51e+08 0.0290175 6.39955 106.49 
2.52e+08 0.0312609 -23.4261 106.914 
2.53e+08 0.0729963 -71.5355 107.338 
2.54e+08 0.0397895 -31.2566 107.763 
2.55e+08 0.0394898 -53.7038 108.188 
2.56e+08 0.0479777 -65.9525 108.613 
2.57e+08 0.0529015 -95.2393 109.039 
2.58e+08 0.0350286 -27.1618 109.464 
2.59e+08 0.0512656 -36.7245 109.889 
2.6e+08 0.0450186 -78.7431 110.315 
2.61e+08 0.0422819 -39.3437 110.738 
2.62e+08 0.0598322 -22.7535 111.163 
2.63e+08 0.0432107 -81.3943 111.589 
2.64e+08 0.0312268 -77.1859 112.014 
2.65e+08 0.0442843 -36.6045 112.437 
2.66e+08 0.0469966 -58.5359 112.863 
2.67e+08 0.0411162 -68.2121 113.288 
2.68e+08 0.0173414 -75.6217 113.711 
2.69e+08 0.0236672 -9.07098 114.134 
2.7e+08 0.0304911 -44.409 114.56 
2.71e+08 0.0312514 -73.5607 114.985 
2.72e+08 0.036169 -67.8606 115.408 
2.73e+08 0.0506923 -44.1397 115.831 
2.74e+08 0.0466963 -65.1546 116.256 
2.75e+08 0.0266689 -22.8134 116.681 
2.76e+08 0.0767813 -62.9769 117.103 
2.77e+08 0.0231052 -64.2245 117.526 
2.78e+08 0.0432115 -44.9565 117.949 
2.79e+08 0.0236647 -38.3125 118.372 
2.8e+08 0.0224476 -54.3202 118.795 
2.81e+08 0.0686004 -76.1491 119.22 
2.82e+08 0.0251607 -43.3693 119.647 
2.83e+08 0.0196191 -68.1004 120.07 
2.84e+08 0.0450516 -70.1786 120.492 
2.85e+08 0.024132 -57.9966 120.918 
2.86e+08 0.0486293 -47.2945 121.345 
2.87e+08 0.0762734 -69.6403 121.771 
2.88e+08 0.0769975 -59.9825 122.198 
2.89e+08 0.0487878 -42.2441 122.624 
2.9e+08 0.0355551 -85.607 123.05 
2.91e+08 0.059657 -71.7821 123.475 
2.92e+08 0.0380874 -36.6258 123.9 
2.93e+08 0.0463323 -1.10785 124.324 
2.94e+08 0.0455069 -26.9079 124.748 
2.95e+08 0.0372655 -83.298 125.174 
2.96e+08 0.0381533 -80.6144 125.6 
2.97e+08 0.072452 -58.0141 126.027 
2.98e+08 0.0480953 -37.1021 126.454 
2.99e+08 0.0351101 -60.3456 126.88 
3e+08 0.0681665 -60.9217 127.304 
3.01e+08 0.0380586 -47.0385 127.729 
3.02e+08 0.0455869 -46.7012 128.152 
3.03e+08 0.0287013 -19.7499 128.575 
3.04e+08 0.0629673 -28.4952 128.998 
3.05e+08 0.0453654 -82.315 129.422 
3.06e+08 0.0538112 -45.2904 129.845 
3.07e+08 0.0530983 -50.1775 130.268 
3.08e+08 0.0315711 -57.0558 130.691 
3.09e+08 0.0780114 -44.8227 131.114 
3.1e+08 0.0500076 -64.0365 131.536 
3.11e+08 0.0548103 -24.8215 131.959 
3.12e+08 0.0511958 -25.4087 132.381 
3.13e+08 0.0302105 -9.3388 132.804 
3.14e+08 0.0423927 -34.0089 133.227 
3.15e+08 0.0380105 -21.8579 133.651 
3.16e+08 0.0488358 -25.2359 134.078 
3.17e+08 0.0475607 -52.1452 134.504 
3.18e+08 0.0263559 -79.9805 134.931 
3.19e+08 0.0426052 -42.6379 135.354 
3.2e+08 0.0580103 -79.8487 135.777 
3.21e+08 0.0360614 -53.9682 136.203 
3.22e+08 0.0693992 -48.248 136.63 
3.23e+08 0.0380288 -71.3304 137.054 
3.24e+08 0.0110524 -50.9686 137.477 
3.25e+08 0.0622079 -52.2469 137.899 
3.26e+08 0.0476753 -45.5311 138.322 
3.27e+08 0.0739221 -59.9466 138.747 
3.28e+08 0.0170964 -49.7983 139.171 
3.29e+08 0.0370437 -66.3044 139.596 
3.3e+08 0.031484 -27.9415 140.02 
3.31e+08 0.0361598 -36.3896 140.445 
3.32e+08 0.0419144 -34.3175 140.868 
3.33e+08 0.0357374 -81.9852 141.294 
3.34e+08 0.0288657 -42.5348 141.72 
3.35e+08 0.0170368 -38.5512 142.147 
3.36e+08 0.0168813 -43.8496 142.574 
3.37e+08 0.032468 -65.0154 143 
3.38e+08 0.0150578 -43.7541 143.423 
3.39e+08 0.0376473 -35.1047 143.846 
3.4e+08 0.0531072 -52.4135 144.273 
3.41e+08 0.0503865 -86.0641 144.699 
3.42e+08 0.0594298 -14.4633 145.125 
3.43e+08 0.0437988 -28.1259 145.551 
3.44e+08 0.0461857 -90.9253 145.978 
3.45e+08 0.0672238 -75.1458 146.404 
3.46e+08 0.0292017 -27.5881 146.83 
3.47e+08 0.04747 -55.2803 147.256 
3.48e+08 0.0703193 -69.3046 147.682 
3.49e+08 0.0510744 -71.0447 148.107 
3.5e+08 0.0270389 -64.097 148.534 
3.51e+08 0.0115124 -69.8685 148.959 
3.52e+08 0.0793446 -71.5187 149.383 
3.53e+08 0.020149 -6.76964 149.807 
3.54e+08 0.013707 -53.8774 150.231 
3.55e+08 0.0449457 -6.34127 150.656 
3.56e+08 0.0730761 -53.4432 151.079 
3.57e+08 0.0723755 -62.7855 151.503 
3.58e+08 0.0541082 -78.7586 151.926 
3.59e+08 0.0435603 -42.7535 152.349 
3.6e+08 0.054737 -44.8648 152.771 
3.61e+08 0.0637956 -33.3457 153.194 
3.62e+08 0.0305708 -31.4806 153.616 
3.63e+08 0.0382522 -57.2514 154.039 
3.64e+08 0.0334761 -35.895 154.465 
3.65e+08 0.0587394 -46.4931 154.889 
3.66e+08 0.0955183 -90.4355 155.315 
3.67e+08 0.0555924 -25.0074 155.741 
3.68e+08 0.0384104 -40.168 156.167 
3.69e+08 0.0634572 -57.7216 156.593 
3.7e+08 0.0424388 -47.3047 157.019 
3.71e+08 0.0517476 -11.8318 157.444 
3.72e+08 0.032705 -22.4027 157.867 
3.73e+08 0.0478752 -59.2057 158.291 
3.74e+08 0.0283198 -89.7776 158.714 
3.75e+08 0.0409786 -66.8636 159.138 
3.76e+08 0.0645221 -75.8972 159.562 
3.77e+08 0.0694057 -16.8367 159.986 
3.78e+08 0.0412657 -46.8089 160.41 
3.79e+08 0.10301 -82.2461 160.835 
3.8e+08 0.0620678 -48.0642 161.26 
3.81e+08 0.0257175 -58.7984 161.685 
3.82e+08 0.0327511 -61.4003 162.11 
3.83e+08 0.0540153 -81.5075 162.535 
3.84e+08 0.0746314 -52.1515 162.959 
3.85e+08 0.0582357 -39.0879 163.384 
3.86e+08 0.0413126 -21.8466 163.809 
3.87e+08 0.0723575 -34.4302 164.234 
3.88e+08 0.0300017 -47.2565 164.658 
3.89e+08 0.0471142 -82.8493 165.081 
3.9e+08 0.0649242 -58.0301 165.505 
3.91e+08 0.0285715 -52.3546 165.931 
3.92e+08 0.0423696 -43.9812 166.357 
3.93e+08 0.0828492 -53.0896 166.783 
3.94e+08 0.0406903 -46.8017 167.207 
3.95e+08 0.0573686 -41.5902 167.629 
3.96e+08 0.0484995 -41.0975 168.053 
3.97e+08 0.0230587 -3.33024 168.476 
3.98e+08 0.0481165 -49.7329 168.9 
3.99e+08 0.0394938 -48.3073 169.324 
4e+08 0.0186791 -39.8602 169.748 
4.01e+08 0.0244194 -65.5533 170.172 
4.02e+08 0.0554076 -55.4542 170.596 
4.03e+08 0.026932 -35.4698 171.021 
4.04e+08 0.0535182 -75.0268 171.444 
4.05e+08 0.053409 -49.4975 171.866 
4.06e+08 0.035893 -73.2155 172.289 
4.07e+08 0.0544569 -39.5649 172.712 
4.08e+08 0.0630561 -26.1341 173.139 
4.09e+08 0.0399186 -56.6998 173.563 
4.1e+08 0.0411007 -73.5787 173.986 
4.11e+08 0.0835514 -59.8488 174.408 
4.12e+08 0.0602885 -86.4433 174.831 
4.13e+08 0.0641139 -77.415 175.255 
4.14e+08 0.0540819 -33.0521 175.68 
4.15e+08 0.051124 -44.4475 176.105 
4.16e+08 0.0280892 -42.9568 176.529 
4.17e+08 0.0547706 -32.5374 176.954 
4.18e+08 0.0470521 -51.6567 177.378 
4.19e+08 0.0426669 -45.1966 177.802 
4.2e+08 0.0528662 -28.3478 178.228 
4.21e+08 0.0483772 -40.7247 178.652 
4.22e+08 0.0286724 -47.293 179.075 
4.23e+08 0.0361236 -70.9498 179.497 
4.24e+08 0.0890395 -86.7312 179.921 
4.25e+08 0.0403111 -40.2468 180.346 
4.26e+08 0.0500777 -75.4809 180.773 
4.27e+08 0.0523363 -52.7025 181.2 
4.28e+08 0.033823 -35.6298 181.626 
4.29e+08 0.0856308 -68.6389 182.049 
4.3e+08 0.0389396 -34.9334 182.473 
4.31e+08 0.0625943 -41.5824 182.9 
4.32e+08 0.0642448 -60.3653 183.326 
4.33e+08 0.0963539 -52.4069 183.751 
4.34e+08 0.0402502 -40.9916 184.174 
4.35e+08 0.0253403 -20.2294 184.598 
4.36e+08 0.0776985 -77.5291 185.022 
4.37e+08 0.0498318 -79.6954 185.446 
4.38e+08 0.0379436 -53.9462 185.87 
4.39e+08 0.0238761 -20.0843 186.294 
4.4e+08 0.0596245 -20.4856 186.72 
4.41e+08 0.0315677 -34.3267 187.146 
4.42e+08 0.059792 -51.9546 187.57 
4.43e+08 0.0710475 -63.4833 187.995 
4.44e+08 0.0440309 -57.5383 188.42 
4.45e+08 0.0521811 -41.883 188.845 
4.46e+08 0.0131016 -109.132 189.27 
4.47e+08 0.0676513 -8.32652 189.695 
4.48e+08 0.031907 -7.50745 190.12 
4.49e+08 0.0479954 -30.5684 190.545 
4.5e+08 0.0346902 -86.9485 190.971 
4.51e+08 0.0253032 -72.4202 191.396 
4.52e+08 0.0427254 -34.9573 191.821 
4.53e+08 0.0788549 -39.8715 192.246 
4.54e+08 0.0320329 -64.6809 192.671 
4.55e+08 0.0217207 -88.0406 193.096 
4.56e+08 0.030111 4.58354 193.521 
4.57e+08 0.0338619 -50.537 193.945 
4.58e+08 0.0266346 -32.2046 194.37 
4.59e+08 0.0547122 -73.7233 194.795 
4.6e+08 0.040849 -49.181 195.22 
4.61e+08 0.0296159 -46.5411 195.646 
4.62e+08 0.100535 -60.9059 196.07 
4.63e+08 0.0342525 -62.1222 196.495 
4.64e+08 0.0714622 -67.6481 196.92 
4.65e+08 0.0423275 -76.1263 197.344 
4.66e+08 0.0470119 -45.0295 197.769 
4.67e+08 0.0401152 -17.0364 198.193 
4.68e+08 0.0251498 -67.2253 198.617 
4.69e+08 0.0428421 -72.7693 199.041 
4.7e+08 0.0230682 -23.3756 199.464 
4.71e+08 0.0453686 -58.9292 199.886 
4.72e+08 0.0494224 -54.8704 200.309 
4.73e+08 0.0332472 -59.3725 200.735 
4.74e+08 0.0403014 -69.7605 201.16 
4.75e+08 0.033968 -30.7236 201.586 
4.76e+08 0.0176201 -38.5707 202.012 
4.77e+08 0.00936763 -13.9015 202.436 
4.78e+08 0.04621 -76.7899 202.862 
4.79e+08 0.0639847 -64.0992 203.289 
4.8e+08 0.0355534 -36.0148 203.716 
4.81e+08 0.0451624 -38.2603 204.14 
4.82e+08 0.0295698 -59.3337 204.563 
4.83e+08 0.054338 -66.2853 204.987 
4.84e+08 0.0267197 -9.63205 205.409 
4.85e+08 0.023456 -68.7187 205.833 
4.86e+08 0.0396084 -52.1479 206.256 
4.87e+08 0.0177857 -70.358 206.679 
4.88e+08 0.0579901 -62.3869 207.103 
4.89e+08 0.0483616 -54.7589 207.527 
4.9e+08 0.0303338 -23.3304 207.95 
4.91e+08 0.0119609 -47.9955 208.376 
4.92e+08 0.0648592 -68.046 208.8 
4.93e+08 0.063056 18.1172 209.226 
4.94e+08 0.0554335 -40.2367 209.651 
4.95e+08 0.0865294 -48.4983 210.077 
4.96e+08 0.0443782 -67.4107 210.501 
4.97e+08 0.0163607 -69.3524 210.926 
4.98e+08 0.0613317 -67.6726 211.351 
4.99e+08 0.0318256 -38.1425 211.774 
5e+08 0.0347761 -86.8401 212.197 
5.01e+08 0.0587041 -45.2592 212.62 
5.02e+08 0.0121244 -46.5201 213.042 
5.03e+08 0.016248 -61.5389 213.465 
5.04e+08 0.0459216 -40.3839 213.889 
5.05e+08 0.0407827 -46.9294 214.314 
5.06e+08 0.0789255 -72.8656 214.739 
5.07e+08 0.0233872 -53.2272 215.164 
5.08e+08 0.0293075 -45.0938 215.588 
5.09e+08 0.0430291 -34.0202 216.012 
5.1e+08 0.0347304 -92.0206 216.436 
5.11e+08 0.0781425 -36.7088 216.861 
5.12e+08 0.0385915 -74.8019 217.284 
5.13e+08 0.0641822 -76.0831 217.706 
5.14e+08 0.0592113 -69.7363 218.129 
5.15e+08 0.0337169 -42.7086 218.552 
5.16e+08 0.0499031 -59.3221 218.975 
5.17e+08 0.0488122 -85.0724 219.4 
5.18e+08 0.0361147 -19.9101 219.826 
5.19e+08 0.0405526 -10.5566 220.253 
5.2e+08 0.0563516 -47.9493 220.678 
5.21e+08 0.0329049 -2.11567 221.105 
5.22e+08 0.0327302 -51.5999 221.531 
5.23e+08 0.031491 -45.6434 221.954 
5.24e+08 0.0780394 -44.7651 222.377 
5.25e+08 0.0916209 -65.7602 222.8 
5.26e+08 0.0189754 2.53508 223.224 
5.27e+08 0.0279456 -88.2652 223.648 
5.28e+08 0.0760669 -46.2713 224.072 
5.29e+08 0.0583335 -65.0229 224.496 
5.3e+08 0.0814469 -65.623 224.92 
5.31e+08 0.0248878 -43.9044 225.346 
5.32e+08 0.0435769 -65.3762 225.771 
5.33e+08 0.0367315 -18.4908 226.196 
5.34e+08 0.0520589 -47.5792 226.622 
5.35e+08 0.0484708 -65.0642 227.049 
5.36e+08 0.0356876 -33.2171 227.475 
5.37e+08 0.0300057 -21.7623 227.901 
5.38e+08 0.0674283 -5.33337 228.328 
5.39e+08 0.0262367 -39.6095 228.756 
5.4e+08 0.050527 -77.0125 229.182 
5.41e+08 0.0593524 -39.0672 229.607 
5.42e+08 0.0355558 -64.9866 230.031 
5.43e+08 0.0369018 -41.9225 230.459 
5.44e+08 0.0524882 -27.4935 230.884 
5.45e+08 0.0355979 -65.4352 231.308 
5.46e+08 0.0851179 -52.6786 231.734 
5.47e+08 0.0172304 -58.309 232.159 
5.48e+08 0.036715 -93.1189 232.583 
5.49e+08 0.0748058 -28.1983 233.007 
5.5e+08 0.0412576 -45.3698 233.434 
5.51e+08 0.0635773 -56.6748 233.861 
5.52e+08 0.073012 -16.2427 234.286 
5.53e+08 0.0432812 -36.2187 234.711 
5.54e+08 0.0667294 -42.5536 235.136 
5.55e+08 0.025384 -60.5189 235.56 
5.56e+08 0.037668 -34.4461 235.985 
5.57e+08 0.0439839 -50.502 236.409 
5.58e+08 0.0591151 -75.6628 236.834 
5.59e+08 0.0496392 -45.4769 237.259 
5.6e+08 0.0622537 -67.401 237.684 
5.61e+08 0.0683165 -33.8249 238.109 
5.62e+08 0.0600538 -43.427 238.534 
5.63e+08 0.0858779 -33.9017 238.959 
5.64e+08 0.0133725 -113.956 239.384 
5.65e+08 0.0435452 -120.173 239.808 
5.66e+08 0.0353 -51.7728 240.233 
5.67e+08 0.0221465 -46.7643 240.657 
5.68e+08 0.0240705 -89.5247 241.082 
5.69e+08 0.0382796 -87.6255 241.507 
5.7e+08 0.037891 -28.0489 241.932 
5.71e+08 0.0434757 -54.329 242.357 
5.72e+08 0.03723 -21.752 242.782 
5.73e+08 0.0169311 -65.1726 243.207 
5.74e+08 0.0504347 -67.4336 243.632 
5.75e+08 0.0511818 -63.924 244.058 
5.76e+08 0.0321409 -45.4406 244.484 
5.77e+08 0.0225949 -89.7749 244.91 
5.78e+08 0.0267425 -57.0441 245.337 
5.79e+08 0.0501959 -39.8796 245.764 
5.8e+08 0.022921 -20.051 246.19 
5.81e+08 0.0423683 -89.5624 246.613 
5.82e+08 0.0409178 -55.7955 247.038 
5.83e+08 0.059322 -59.8878 247.461 
5.84e+08 0.0366491 -61.5387 247.884 
5.85e+08 0.0320846 -74.3005 248.307 
5.86e+08 0.0789287 -40.7885 248.73 
5.87e+08 0.0502554 -23.0828 249.153 
5.88e+08 0.0684778 -38.9517 249.578 
5.89e+08 0.0444504 -15.2113 250.004 
5.9e+08 0.0566199 -52.0451 250.431 
5.91e+08 0.0353576 -71.3154 250.856 
5.92e+08 0.0721804 -73.7066 251.281 
5.93e+08 0.078373 -97.6858 251.705 
5.94e+08 0.0545921 -76.121 252.13 
5.95e+08 0.104471 -80.361 252.555 
5.96e+08 0.0643874 -47.2294 252.981 
5.97e+08 0.0480717 -38.7089 253.408 
5.98e+08 0.0632819 -44.2479 253.834 
5.99e+08 0.0382896 -75.8699 254.26 
6e+08 0.0598222 -36.9363 254.684 
6.01e+08 0.0175727 -26.7369 255.108 
6.02e+08 0.0290558 -51.2813 255.532 
6.03e+08 0.0216552 -61.893 255.954 
6.04e+08 0.0507174 -66.6638 256.379 
6.05e+08 0.0586323 -35.1626 256.804 
6.06e+08 0.0377228 -27.0134 257.228 
6.07e+08 0.0514229 -92.0645 257.652 
6.08e+08 0.0668771 -73.5647 258.077 
6.09e+08 0.0336052 -55.6235 258.501 
6.1e+08 0.0590905 -26.5739 258.926 
6.11e+08 0.080449 -90.3121 259.351 
6.12e+08 0.0406879 -55.5269 259.775 
6.13e+08 0.0599146 -54.8324 260.197 
6.14e+08 0.0637503 -68.1133 260.62 
6.15e+08 0.0700067 -53.9923 261.043 
6.16e+08 0.0488551 -27.4136 261.465 
6.17e+08 0.0174838 -40.3639 261.888 
6.18e+08 0.0680824 -51.4317 262.311 
6.19e+08 0.0287788 -72.8481 262.733 
6.2e+08 0.0091392 -53.1406 263.156 
6.21e+08 0.0402519 -50.1648 263.578 
6.22e+08 0.0368747 -67.2536 264.001 
6.23e+08 0.113145 -44.177 264.427 
6.24e+08 0.00581822 -22.9967 264.852 
6.25e+08 0.0265831 -83.0197 265.276 
6.26e+08 0.0561638 -36.5863 265.701 
6.27e+08 0.0336149 -70.4253 266.127 
6.28e+08 0.0584644 -68 266.554 
6.29e+08 0.0262706 -42.6734 266.979 
6.3e+08 0.0390266 -60.8712 267.402 
6.31e+08 0.0399062 -55.5332 267.828 
6.32e+08 0.0648796 -57.9623 268.251 
6.33e+08 0.047381 -33.9141 268.674 
6.34e+08 0.0139428 -34.5281 269.098 
6.35e+08 0.0416884 -65.2831 269.52 
6.36e+08 0.0677598 -44.8198 269.943 
6.37e+08 0.0172037 -51.0572 270.366 
6.38e+08 0.0304298 -52.3806 270.79 
6.39e+08 0.0422843 -82.7016 271.217 
6.4e+08 0.0376107 -79.1478 271.644 
6.41e+08 0.0468584 -34.9754 272.07 
6.42e+08 0.042681 -51.5809 272.497 
6.43e+08 0.0545169 -68.407 272.924 
6.44e+08 0.0415157 -51.6896 273.351 
6.45e+08 0.0551411 -19.8709 273.778 
6.46e+08 0.0181055 -53.4687 274.205 
6.47e+08 0.020169 -41.4153 274.632 
6.48e+08 0.0156044 -29.3814 275.055 
6.49e+08 0.0483466 -35.9028 275.481 
6.5e+08 0.0488702 -79.2819 275.907 
6.51e+08 0.0738037 -51.0884 276.334 
6.52e+08 0.0693088 -59.8579 276.761 
6.53e+08 0.058759 -17.6988 277.186 
6.54e+08 0.0751409 -83.367 277.609 
6.55e+08 0.033073 -38.9526 278.033 
6.56e+08 0.0182222 -39.6144 278.456 
6.57e+08 0.0797479 -85.3928 278.879 
6.58e+08 0.063419 -24.7558 279.302 
6.59e+08 0.0526036 -56.4561 279.725 
6.6e+08 0.0703198 -43.0531 280.148 
6.61e+08 0.0191437 -38.0409 280.57 
6.62e+08 0.0685495 -49.1069 280.993 
6.63e+08 0.0419781 -108.626 281.416 
6.64e+08 0.0227064 -19.7187 281.841 
6.65e+08 0.0502069 -74.3577 282.268 
6.66e+08 0.022016 -74.7564 282.695 
6.67e+08 0.0442232 -42.5119 283.118 
6.68e+08 0.0279781 -45.9 283.543 
6.69e+08 0.0774872 -52.6944 283.97 
6.7e+08 0.0231198 -48.6674 284.397 
6.71e+08 0.0332306 -20.3012 284.824 
6.72e+08 0.0281202 -67.7411 285.247 
6.73e+08 0.0268126 -43.8187 285.669 
6.74e+08 0.0579193 -57.123 286.094 
6.75e+08 0.0148939 -44.0082 286.519 
6.76e+08 0.0393768 -78.9544 286.942 
6.77e+08 0.0126432 -6.04455 287.365 
6.78e+08 0.0513017 -87.3563 287.788 
6.79e+08 0.0249463 -19.7086 288.212 
6.8e+08 0.0711639 -80.2887 288.635 
6.81e+08 0.0553855 -68.202 289.057 
6.82e+08 0.0307116 -55.9249 289.48 
6.83e+08 0.0320492 -68.7925 289.902 
6.84e+08 0.0816229 -72.7963 290.326 
6.85e+08 0.0501829 -38.0308 290.753 
6.86e+08 0.0436555 -59.7833 291.179 
6.87e+08 0.0612711 -39.6312 291.606 
6.88e+08 0.0571376 -37.6188 292.031 
6.89e+08 0.0874428 -19.1836 292.458 
6.9e+08 0.019421 -51.0986 292.885 
6.91e+08 0.0773835 -43.7408 293.31 
6.92e+08 0.0397593 -26.3873 293.733 
6.93e+08 0.0493307 -77.0762 294.159 
6.94e+08 0.0304307 -39.9522 294.586 
6.95e+08 0.0593094 -64.9608 295.013 
6.96e+08 0.0549412 -55.6718 295.44 
6.97e+08 0.0314206 -26.3605 295.863 
6.98e+08 0.0475067 -36.2 296.286 
6.99e+08 0.0447247 -82.8319 296.71 
7e+08 0.038199 -44.7923 297.133 
7.01e+08 0.0312586 -39.7228 297.556 
7.02e+08 0.0537328 -67.6557 297.979 
7.03e+08 0.0414605 -20.0336 298.402 
7.04e+08 0.0953297 -15.0362 298.826 
7.05e+08 0.0333291 -37.2901 299.249 
7.06e+08 0.0207338 -33.3394 299.671 
7.07e+08 0.0322096 -40.2699 300.094 
7.08e+08 0.0299693 -64.6284 300.519 
7.09e+08 0.0300522 -54.7837 300.945 
7.1e+08 0.0180241 -61.0675 301.367 
7.11e+08 0.0827153 -83.4267 301.794 
7.12e+08 0.039666 -53.7644 302.221 
7.13e+08 0.0356444 -66.6737 302.648 
7.14e+08 0.0585828 -48.924 303.071 
7.15e+08 0.0793497 -81.9454 303.494 
7.16e+08 0.0476669 -43.412 303.918 
7.17e+08 0.0343133 -85.9221 304.342 
7.18e+08 0.0226326 -22.6037 304.766 
7.19e+08 0.0443684 -36.6035 305.19 
7.2e+08 0.0524891 -41.2199 305.615 
7.21e+08 0.0556135 -61.7351 306.04 
7.22e+08 0.0973561 -34.8351 306.467 
7.23e+08 0.0814628 -62.9273 306.894 
7.24e+08 0.0467666 -48.5922 307.32 
7.25e+08 0.0426998 -59.855 307.743 
7.26e+08 0.02733 -58.7504 308.169 
7.27e+08 0.0636721 -28.0235 308.594 
7.28e+08 0.0284265 -61.7113 309.021 
7.29e+08 0.0423645 -45.6743 309.448 
7.3e+08 0.0460258 -72.1254 309.875 
7.31e+08 0.0198571 -66.8466 310.301 
7.32e+08 0.0596595 -33.1277 310.728 
7.33e+08 0.0192774 -27.7623 311.157 
7.34e+08 0.0387909 -26.4016 311.579 
7.35e+08 0.0509535 -82.9315 312.003 
7.36e+08 0.0581634 -66.043 312.429 
7.37e+08 0.105239 -66.7656 312.855 
7.38e+08 0.048319 -53.056 313.282 
7.39e+08 0.0126857 -35.5613 313.708 
7.4e+08 0.0591117 -15.1368 314.135 
7.41e+08 0.0625787 -49.6595 314.559 
7.42e+08 0.0549613 -70.1555 314.982 
7.43e+08 0.0353533 -46.8123 315.405 
7.44e+08 0.0603402 -51.0763 315.828 
7.45e+08 0.0257563 -85.8428 316.251 
7.46e+08 0.0340421 -27.8442 316.674 
7.47e+08 0.040085 -53.5178 317.097 
7.48e+08 0.0138979 -55.6072 317.521 
7.49e+08 0.0552875 -72.3942 317.943 
7.5e+08 0.0435681 -72.5234 318.366 
7.51e+08 0.0574175 -41.9418 318.789 
7.52e+08 0.0487662 -103.116 319.211 
7.53e+08 0.0476842 -34.6452 319.634 
7.54e+08 0.0155412 -10.5864 320.056 
7.55e+08 0.0101508 -62.1856 320.479 
7.56e+08 0.0275021 -30.5842 320.903 
7.57e+08 0.0592152 -53.0146 321.327 
7.58e+08 0.0233105 -13.2861 321.751 
7.59e+08 0.0458963 -55.0662 322.175 
7.6e+08 0.0453213 -74.0062 322.599 
7.61e+08 0.0447854 -29.7331 323.022 
7.62e+08 0.0450896 -95.4443 323.446 
7.63e+08 0.0223424 -65.9657 323.871 
7.64e+08 0.0241203 -14.7926 324.298 
7.65e+08 0.0919735 -63.4166 324.725 
7.66e+08 0.0385687 -45.4882 325.151 
7.67e+08 0.0370917 -34.0792 325.578 
7.68e+08 0.045732 -59.3373 326.004 
7.69e+08 0.100925 -113.167 326.431 
7.7e+08 0.0257786 -21.2012 326.858 
7.71e+08 0.0729886 -49.3329 327.285 
7.72e+08 0.0254211 -45.4541 327.712 
7.73e+08 0.0429065 -113.015 328.138 
7.74e+08 0.0530361 -27.6356 328.561 
7.75e+08 0.0372822 -65.244 328.986 
7.76e+08 0.0269378 -57.3864 329.408 
7.77e+08 0.0613933 -41.1712 329.831 
7.78e+08 0.0567822 -64.7638 330.254 
7.79e+08 0.0378998 -42.6052 330.678 
7.8e+08 0.0292917 -70.2049 331.102 
7.81e+08 0.046745 -59.1605 331.526 
7.82e+08 0.0364762 -26.5982 331.951 
7.83e+08 0.0447654 -30.559 332.375 
7.84e+08 0.0586064 -48.2575 332.799 
7.85e+08 0.0525596 -20.4679 333.223 
7.86e+08 0.0334953 -93.0105 333.645 
7.87e+08 0.0599251 -81.9882 334.068 
7.88e+08 0.0657546 -62.7977 334.491 
7.89e+08 0.0730556 -64.5367 334.914 
7.9e+08 0.0524895 -37.095 335.336 
7.91e+08 0.0248287 -36.3394 335.759 
7.92e+08 0.0378195 -91.0954 336.182 
7.93e+08 0.054837 -48.8289 336.606 
7.94e+08 0.0397353 -59.5834 337.029 
7.95e+08 0.0889153 -79.2599 337.454 
7.96e+08 0.0134495 -18.2217 337.878 
7.97e+08 0.0344901 -75.7136 338.303 
7.98e+08 0.0239398 -28.2699 338.727 
7.99e+08 0.0403007 -29.7047 339.152 
8e+08 0.0558947 -69.78 339.577 
8.01e+08 0.0131455 -37.0997 340.004 
8.02e+08 0.0285267 -47.4249 340.429 
8.03e+08 0.0329765 -100.133 340.855 
8.04e+08 0.0302822 -72.731 341.281 
8.05e+08 0.0190433 -81.3945 341.707 
8.06e+08 0.0478928 -48.0027 342.133 
8.07e+08 0.0589241 -25.996 342.56 
8.08e+08 0.0309122 -22.6802 342.987 
8.09e+08 0.0264893 -1.97 343.414 
8.1e+08 0.0398362 -78.2329 343.84 
8.11e+08 0.0906915 -113.854 344.264 
8.12e+08 0.0702739 -50.6224 344.687 
8.13e+08 0.0314679 -43.519 345.109 
8.14e+08 0.0607667 -11.2164 345.532 
8.15e+08 0.0773877 -6.81025 345.955 
8.16e+08 0.0467078 -74.1109 346.38 
8.17e+08 0.018031 -51.4009 346.805 
8.18e+08 0.0454566 -28.5049 347.229 
8.19e+08 0.0671446 -54.7041 347.653 
8.2e+08 0.0418864 -59.9395 348.077 
8.21e+08 0.0559085 -50.9345 348.501 
8.22e+08 0.0403887 -31.265 348.926 
8.23e+08 0.0126525 -67.733 349.351 
8.24e+08 0.0417274 -40.2697 349.774 
8.25e+08 0.0247272 -30.7729 350.196 
8.26e+08 0.0263773 -71.771 350.619 
8.27e+08 0.0813433 -43.1719 351.041 
8.28e+08 0.0539582 -32.7182 351.465 
8.29e+08 0.0486438 -108.06 351.887 
8.3e+08 0.0521493 -47.6264 352.311 
8.31e+08 0.0138028 -36.8534 352.738 
8.32e+08 0.0185812 -35.5433 353.162 
8.33e+08 0.063027 -105.751 353.585 
8.34e+08 0.0302449 -36.9159 354.009 
8.35e+08 0.0528217 -94.9544 354.434 
8.36e+08 0.0677764 -25.7394 354.858 
8.37e+08 0.0397998 -22.0982 355.282 
8.38e+08 0.0596508 -38.4764 355.706 
8.39e+08 0.0439174 -34.4076 356.128 
8.4e+08 0.0432717 -59.6672 356.551 
8.41e+08 0.0386232 -32.4611 356.973 
8.42e+08 0.0452528 -46.0339 357.396 
8.43e+08 0.0397045 -93.4343 357.819 
8.44e+08 0.0162572 -25.7612 358.245 
8.45e+08 0.0484376 -66.6587 358.671 
8.46e+08 0.0320255 -10.2282 359.098 
8.47e+08 0.0593903 -70.1108 359.525 
8.48e+08 0.0267821 -12.3982 359.951 
8.49e+08 0.0724961 -48.2151 360.374 
8.5e+08 0.067374 -49.2194 360.798 
8.51e+08 0.0938015 -17.5473 361.223 
8.52e+08 0.0400368 -7.12329 361.647 
8.53e+08 0.0533637 -47.4628 362.071 
8.54e+08 0.0584294 -37.9693 362.496 
8.55e+08 0.0568461 -20.3133 362.92 
8.56e+08 0.035499 -51.8665 363.346 
8.57e+08 0.032634 -31.5142 363.772 
8.58e+08 0.0287031 -33.8589 364.199 
8.59e+08 0.0252874 -63.0447 364.626 
8.6e+08 0.0634664 -81.2884 365.052 
8.61e+08 0.0555708 -66.6605 365.48 
8.62e+08 0.0611256 -55.8399 365.907 
8.63e+08 0.0369895 -48.736 366.334 
8.64e+08 0.0755021 -47.0513 366.76 
8.65e+08 0.0740397 -94.3303 367.187 
8.66e+08 0.0177847 -80.7156 367.615 
8.67e+08 0.0105441 -56.7151 368.042 
8.68e+08 0.0183911 -32.245 368.467 
8.69e+08 0.0545466 -32.4915 368.889 
8.7e+08 0.0294678 -22.0168 369.313 
8.71e+08 0.0474855 -49.0158 369.738 
8.72e+08 0.0542069 -56.9638 370.163 
8.73e+08 0.041716 -37.3572 370.586 
8.74e+08 0.0673453 -43.0612 371.01 
8.75e+08 0.0157419 -23.5122 371.434 
8.76e+08 0.064848 -76.3782 371.857 
8.77e+08 0.0435715 -31.8854 372.281 
8.78e+08 0.0362803 -28.72 372.703 
8.79e+08 0.055551 -109.904 373.126 
8.8e+08 0.0320198 -51.012 373.549 
8.81e+08 0.0485417 -58.4617 373.971 
8.82e+08 0.0670293 -66.7384 374.394 
8.83e+08 0.0592162 -63.2238 374.817 
8.84e+08 0.0214339 -59.0978 375.244 
8.85e+08 0.034945 -41.6606 375.67 
8.86e+08 0.0483888 -41.9645 376.094 
8.87e+08 0.056367 -95.0164 376.521 
8.88e+08 0.0672153 -69.1684 376.948 
8.89e+08 0.0346359 -50.2127 377.374 
8.9e+08 0.0503685 -73.6595 377.8 
8.91e+08 0.0430631 -66.4821 378.223 
8.92e+08 0.0457705 -39.828 378.646 
8.93e+08 0.0700769 -43.6132 379.07 
8.94e+08 0.0603339 -59.019 379.494 
8.95e+08 0.0677784 -39.6926 379.918 
8.96e+08 0.0212337 -8.17483 380.341 
8.97e+08 0.0670313 -26.9084 380.765 
8.98e+08 0.0134818 -55.8198 381.19 
8.99e+08 0.0420643 -47.0531 381.615 
9e+08 0.0349636 -55.4534 382.038 
9.01e+08 0.04444 -85.0671 382.461 
9.02e+08 0.0435832 -86.3505 382.883 
9.03e+08 0.0532899 -31.2707 383.306 
9.04e+08 0.0169589 -41.1229 383.732 
9.05e+08 0.0351962 -56.4104 384.157 
9.06e+08 0.0275229 -45.7856 384.58 
9.07e+08 0.0518592 -63.5411 385.003 
9.08e+08 0.0103866 -25.0871 385.427 
9.09e+08 0.0462114 -49.4504 385.849 
9.1e+08 0.0428047 -41.2255 386.273 
9.11e+08 0.0430523 -48.3072 386.695 
9.12e+08 0.0268001 -26.2226 387.118 
9.13e+08 0.052091 -54.2174 387.542 
9.14e+08 0.0185153 -25.2559 387.965 
9.15e+08 0.0421944 28.4931 388.388 
9.16e+08 0.0663156 -85.0489 388.811 
9.17e+08 0.0294872 -41.3638 389.233 
9.18e+08 0.060074 -13.3909 389.656 
9.19e+08 0.0466347 -51.5718 390.079 
9.2e+08 0.0884701 -35.2573 390.506 
9.21e+08 0.0721986 -54.1249 390.933 
9.22e+08 0.0421506 -8.38252 391.359 
9.23e+08 0.044758 -22.1901 391.786 
9.24e+08 0.0596721 -25.7648 392.213 
9.25e+08 0.078204 -73.2206 392.639 
9.26e+08 0.0323234 -25.3274 393.066 
9.27e+08 0.0351752 -24.7559 393.489 
9.28e+08 0.0369814 -49.3113 393.913 
9.29e+08 0.0736021 -36.9856 394.337 
9.3e+08 0.0483137 -50.0438 394.761 
9.31e+08 0.0379072 -19.7079 395.185 
9.32e+08 0.0490825 -84.2879 395.609 
9.33e+08 0.0350729 -47.4692 396.031 
9.34e+08 0.0561807 -40.0706 396.454 
9.35e+08 0.0403894 -60.8072 396.876 
9.36e+08 0.0752961 -70.9818 397.299 
9.37e+08 0.039143 8.29971 397.723 
9.38e+08 0.0346381 -66.2321 398.145 
9.39e+08 0.0345799 -32.9895 398.571 
9.4e+08 0.0541455 -52.1516 398.998 
9.41e+08 0.0511902 -64.6814 399.424 
9.42e+08 0.0853506 -86.1447 399.849 
9.43e+08 0.0257832 -23.5758 400.274 
9.44e+08 0.0272924 -41.5365 400.7 
9.45e+08 0.0671111 -68.8724 401.122 
9.46e+08 0.0377948 -69.805 401.545 
9.47e+08 0.0587875 -24.1331 401.97 
9.48e+08 0.0588505 -73.3998 402.396 
9.49e+08 0.0464021 -47.8934 402.822 
9.5e+08 0.0470748 -63.2579 403.249 
9.51e+08 0.038525 -46.3084 403.676 
9.52e+08 0.0380701 -69.7222 404.103 
9.53e+08 0.0288939 -55.7276 404.527 
9.54e+08 0.0310257 -37.596 404.951 
9.55e+08 0.0503741 -84.0052 405.376 
9.56e+08 0.0284049 -38.0966 405.8 
9.57e+08 0.057664 -67.8178 406.224 
9.58e+08 0.0519657 -69.4288 406.649 
9.59e+08 0.069902 -57.5199 407.075 
9.6e+08 0.0505703 -54.1622 407.5 
9.61e+08 0.0592444 -61.0252 407.922 
9.62e+08 0.0280963 -69.7159 408.345 
9.63e+08 0.0353557 11.7356 408.772 
9.64e+08 0.0523512 -27.3938 409.198 
9.65e+08 0.0349534 -47.3725 409.625 
9.66e+08 0.0385379 -51.1797 410.051 
9.67e+08 0.0615874 -74.4386 410.477 
9.68e+08 0.0483751 -38.623 410.901 
9.69e+08 0.03627 -45.6151 411.326 
9.7e+08 0.0355729 -34.1475 411.752 
9.71e+08 0.0257428 -86.5994 412.178 
9.72e+08 0.0622062 -49.6515 412.601 
9.73e+08 0.0222779 -34.9101 413.024 
9.74e+08 0.0287408 -92.2873 413.448 
9.75e+08 0.0623972 -34.089 413.873 
9.76e+08 0.0158237 -44.5453 414.296 
9.77e+08 0.0573646 -12.224 414.719 
9.78e+08 0.109491 -90.1247 415.142 
9.79e+08 0.0602561 -86.2196 415.565 
9.8e+08 0.0768631 -49.5117 415.989 
9.81e+08 0.0366455 -60.0219 416.415 
9.82e+08 0.0457495 -43.6401 416.837 
9.83e+08 0.0752159 -54.1133 417.26 
9.84e+08 0.0677999 -75.0832 417.683 
9.85e+08 0.0556882 -8.74414 418.107 
9.86e+08 0.0431683 -37.1094 418.534 
9.87e+08 0.0738125 -62.6929 418.958 
9.88e+08 0.00906322 -45.6119 419.38 
9.89e+08 0.0411687 -70.256 419.807 
9.9e+08 0.0717686 5.21887 420.231 
9.91e+08 0.0434849 -61.9192 420.654 
9.92e+08 0.0112913 -46.8098 421.077 
9.93e+08 0.0696501 -82.1766 421.5 
9.94e+08 0.0193984 -49.2108 421.924 
9.95e+08 0.0609502 -15.8434 422.348 
9.96e+08 0.0422274 -43.8119 422.772 
9.97e+08 0.0328685 -46.7547 423.196 
9.98e+08 0.066208 -46.464 423.621 
9.99e+08 0.0476211 -39.9522 424.046 
1e+09 0.034259 -21.5122 424.472 
