0 0.0234987 9.74551 0 
1e+06 0.0471266 -22.513 0.424711 
2e+06 0.0717856 -94.2555 0.852569 
3e+06 0.0803991 -91.7028 1.28718 
4e+06 0.0347744 -58.4181 1.71964 
5e+06 0.0248322 -49.0906 2.15456 
6e+06 0.0385705 -37.6144 2.58727 
7e+06 0.0259356 -48.5338 3.02191 
8e+06 0.0356376 -95.7351 3.45768 
9e+06 0.0453045 -40.2414 3.89335 
1e+07 0.0466551 -26.3368 4.32731 
1.1e+07 0.0309013 -24.0455 4.7621 
1.2e+07 0.0418507 -46.608 5.1947 
1.3e+07 0.0705873 -70.9351 5.62223 
1.4e+07 0.0384602 -32.2227 6.05334 
1.5e+07 0.0499492 -92.8897 6.48834 
1.6e+07 0.0538022 -86.7958 6.92304 
1.7e+07 0.0515224 -78.2986 7.35687 
1.8e+07 0.058186 -66.2023 7.79147 
1.9e+07 0.0342604 -29.1319 8.21911 
2e+07 0.0599845 -108.569 8.65086 
2.1e+07 0.0719881 -65.4891 9.08472 
2.2e+07 0.0468982 -62.4771 9.51468 
2.3e+07 0.0584432 -6.14303 9.94002 
2.4e+07 0.0474846 -76.4004 10.3669 
2.5e+07 0.0159829 -29.3093 10.7894 
2.6e+07 0.0658605 -53.2395 11.2194 
2.7e+07 0.0209636 -82.0812 11.6443 
2.8e+07 0.0686565 -50.9418 12.0697 
2.9e+07 0.0343782 -44.5592 12.4952 
3e+07 0.05739 -21.0317 12.9244 
3.1e+07 0.0468741 -64.8225 13.3468 
3.2e+07 0.0268498 -77.0411 13.7747 
3.3e+07 0.0345396 -27.7526 14.2033 
3.4e+07 0.0517094 -68.6227 14.6328 
3.5e+07 0.0356026 -17.3882 15.0655 
3.6e+07 0.02176 -56.8335 15.4969 
3.7e+07 0.0478655 -67.4391 15.9304 
3.8e+07 0.0393516 -54.0554 16.3615 
3.9e+07 0.0507834 -47.8954 16.7954 
4e+07 0.0371489 -42.4609 17.2199 
4.1e+07 0.0272656 -33.3331 17.6492 
4.2e+07 0.0294885 -38.9772 18.0805 
4.3e+07 0.0398178 -40.0897 18.5137 
4.4e+07 0.0220148 -25.5269 18.9452 
4.5e+07 0.0671808 -49.8618 19.3793 
4.6e+07 0.0320417 -33.5636 19.8112 
4.7e+07 0.043406 -61.7385 20.2389 
4.8e+07 0.0207943 -64.3346 20.6611 
4.9e+07 0.0298465 -48.0952 21.0914 
5e+07 0.034898 -39.0807 21.5224 
5.1e+07 0.0500412 -62.5143 21.9559 
5.2e+07 0.0224353 -41.449 22.3874 
5.3e+07 0.0515592 -67.2788 22.8199 
5.4e+07 0.0366197 -48.0023 23.2535 
5.5e+07 0.0288747 -6.12818 23.6854 
5.6e+07 0.0251962 -48.9885 24.1199 
5.7e+07 0.031169 -76.4779 24.5523 
5.8e+07 0.0501656 -49.2987 24.9856 
5.9e+07 0.0572819 -69.3753 25.4203 
6e+07 0.0454443 -61.109 25.8532 
6.1e+07 0.0580309 -36.8619 26.2894 
6.2e+07 0.0507825 -83.5486 26.7246 
6.3e+07 0.013246 -66.4552 27.1614 
6.4e+07 0.0609244 -44.437 27.5944 
6.5e+07 0.0618426 -72.3208 28.0323 
6.6e+07 0.0360557 -50.5389 28.4662 
6.7e+07 0.0523823 -92.3335 28.9035 
6.8e+07 0.0352794 -49.7744 29.3406 
6.9e+07 0.0636183 -36.2516 29.7761 
7e+07 0.0528008 -49.5192 30.2037 
7.1e+07 0.0628603 -32.0768 30.6376 
7.2e+07 0.0283316 -89.7473 31.0635 
7.3e+07 0.0426112 -38.8778 31.492 
7.4e+07 0.0695983 -50.5517 31.9203 
7.5e+07 0.0397717 -77.3582 32.3514 
7.6e+07 0.0268823 -76.6526 32.7857 
7.7e+07 0.0515038 -89.904 33.2173 
7.8e+07 0.0890803 -62.9344 33.6502 
7.9e+07 0.093429 -87.1406 34.0849 
8e+07 0.0497551 -59.2629 34.5184 
8.1e+07 0.0179554 -88.049 34.9539 
8.2e+07 0.0656744 -56.6388 35.3874 
8.3e+07 0.0494959 -48.9355 35.8214 
8.4e+07 0.032375 -68.0953 36.2494 
8.5e+07 0.0788303 -36.9465 36.6817 
8.6e+07 0.101561 -71.4146 37.114 
8.7e+07 0.0458037 -55.7911 37.5473 
8.8e+07 0.0665526 -36.9552 37.9824 
8.9e+07 0.0374603 -53.1074 38.4156 
9e+07 0.0604246 -38.0542 38.8517 
9.1e+07 0.0212703 -42.4953 39.2768 
9.2e+07 0.0612694 -95.0798 39.7197 
9.3e+07 0.0599529 -15.5228 40.1561 
9.4e+07 0.0405779 -96.396 40.5975 
9.5e+07 0.0975895 -91.3411 41.0201 
9.6e+07 0.00378276 -46.0221 41.4433 
9.7e+07 0.0212191 -64.5719 41.8672 
9.8e+07 0.0293655 -31.4152 42.2914 
9.9e+07 0.028028 -46.5683 42.7146 
1e+08 0.0707345 -63.5394 43.1388 
1.01e+08 0.0528198 -33.482 43.563 
1.02e+08 0.0494978 -81.5705 43.9859 
1.03e+08 0.0525329 -37.3784 44.4133 
1.04e+08 0.0309868 -49.8841 44.8425 
1.05e+08 0.0202353 -10.4014 45.2734 
1.06e+08 0.0443045 -45.9387 45.7031 
1.07e+08 0.0144238 -43.8131 46.1381 
1.08e+08 0.0573424 -75.9704 46.5704 
1.09e+08 0.0361084 -57.1288 47.0047 
1.1e+08 0.0325269 -65.0641 47.4368 
1.11e+08 0.0302055 -82.0484 47.8599 
1.12e+08 0.0321157 -37.7646 48.2844 
1.13e+08 0.0521409 -45.3044 48.711 
1.14e+08 0.0469602 -17.699 49.142 
1.15e+08 0.0223526 -69.7525 49.5743 
1.16e+08 0.0386859 -40.726 50.0078 
1.17e+08 0.0243767 -65.8912 50.4401 
1.18e+08 0.0489056 -40.5633 50.8671 
1.19e+08 0.0540808 10.7137 51.2912 
1.2e+08 0.0473415 -20.0693 51.7149 
1.21e+08 0.0698417 -103.6 52.1457 
1.22e+08 0.0457616 -60.0995 52.5761 
1.23e+08 0.0479638 -54.9559 53.0081 
1.24e+08 0.0395354 -3.06799 53.4398 
1.25e+08 0.043006 -65.7314 53.8746 
1.26e+08 0.0598148 -50.6554 54.3058 
1.27e+08 0.033175 -47.9806 54.7404 
1.28e+08 0.0346009 -67.7711 55.1739 
1.29e+08 0.0492873 -37.8329 55.6052 
1.3e+08 0.0649944 -33.4442 56.0382 
1.31e+08 0.0475335 -98.7935 56.4718 
1.32e+08 0.0250867 -64.028 56.906 
1.33e+08 0.0333118 -65.1856 57.3401 
1.34e+08 0.0485756 -57.1277 57.7754 
1.35e+08 0.0650764 -47.7565 58.2116 
1.36e+08 0.0585167 -27.818 58.6443 
1.37e+08 0.0489125 -96.5427 59.081 
1.38e+08 0.0374353 -40.7011 59.5155 
1.39e+08 0.0344334 -40.1111 59.9512 
1.4e+08 0.0150936 -65.9947 60.3875 
1.41e+08 0.0527991 -65.855 60.8117 
1.42e+08 0.0593347 -40.7517 61.2442 
1.43e+08 0.0323715 -75.8309 61.6735 
1.44e+08 0.0469871 -53.8437 62.1015 
1.45e+08 0.0740182 -11.1659 62.5239 
1.46e+08 0.0410434 -74.3364 62.9531 
1.47e+08 0.061185 -72.3199 63.3834 
1.48e+08 0.0569058 -58.4212 63.8171 
1.49e+08 0.0735943 -60.1367 64.2497 
1.5e+08 0.0116828 -43.7999 64.6819 
1.51e+08 0.0640359 -11.942 65.1181 
1.52e+08 0.0595968 -63.3957 65.5505 
1.53e+08 0.0483738 -70.3646 65.9848 
1.54e+08 0.042859 -32.9115 66.4179 
1.55e+08 0.057701 -60.4497 66.8523 
1.56e+08 0.0641123 -49.9043 67.2766 
1.57e+08 0.0479206 -41.1085 67.7115 
1.58e+08 0.0572155 -49.0144 68.1445 
1.59e+08 0.0231646 -14.4574 68.5808 
1.6e+08 0.0708039 -35.2852 69.0146 
1.61e+08 0.039943 -33.9287 69.4493 
1.62e+08 0.0186568 -34.4757 69.88 
1.63e+08 0.0285441 -93.2059 70.3095 
1.64e+08 0.0232854 -17.6884 70.7335 
1.65e+08 0.0617986 -14.9933 71.1646 
1.66e+08 0.0347769 -18.8662 71.5898 
1.67e+08 0.0317037 -55.6854 72.0141 
1.68e+08 0.0442484 -32.2713 72.4415 
1.69e+08 0.0630839 -45.1448 72.8721 
1.7e+08 0.0591468 -56.7661 73.2969 
1.71e+08 0.0365946 -40.4171 73.7259 
1.72e+08 0.066398 -12.04 74.151 
1.73e+08 0.0639148 -60.0616 74.576 
1.74e+08 0.0857191 -39.6877 75.0005 
1.75e+08 0.0517007 -43.6447 75.4301 
1.76e+08 0.0395856 -50.1606 75.8592 
1.77e+08 0.0221977 -43.6778 76.2913 
1.78e+08 0.0347654 -61.999 76.7229 
1.79e+08 0.0429307 -51.6832 77.1563 
1.8e+08 0.0327893 -53.23 77.5893 
1.81e+08 0.0392167 -64.1087 78.0228 
1.82e+08 0.0181508 -63.8588 78.4511 
1.83e+08 0.0456987 -94.3737 78.8787 
1.84e+08 0.0868283 -49.4914 79.3045 
1.85e+08 0.0186999 -59.5606 79.732 
1.86e+08 0.0558472 -61.6805 80.1652 
1.87e+08 0.0334172 -69.2661 80.5966 
1.88e+08 0.0273747 14.3925 81.0315 
1.89e+08 0.0244831 -44.8154 81.4615 
1.9e+08 0.0731007 -46.6065 81.886 
1.91e+08 0.0100224 -25.8449 82.31 
1.92e+08 0.0250681 -37.1124 82.7394 
1.93e+08 0.0526161 -26.4656 83.1714 
1.94e+08 0.045522 -35.3684 83.604 
1.95e+08 0.0426302 -43.3646 84.0368 
1.96e+08 0.0428224 -44.3245 84.4693 
1.97e+08 0.0530398 -45.4183 84.9013 
1.98e+08 0.0153948 -56.5911 85.335 
1.99e+08 0.062185 -65.2224 85.7681 
2e+08 0.0364685 -35.8061 86.2029 
2.01e+08 0.0141634 -76.6812 86.6352 
2.02e+08 0.0447447 -84.0279 87.0727 
2.03e+08 0.0370953 -62.8632 87.5064 
2.04e+08 0.0426488 -41.2363 87.9417 
2.05e+08 0.0446615 -68.9299 88.3757 
2.06e+08 0.0418235 -61.5102 88.8114 
2.07e+08 0.0156951 -52.0716 89.2457 
2.08e+08 0.0539324 -54.6222 89.682 
2.09e+08 0.00829844 -66.2625 90.1152 
2.1e+08 0.0210894 -51.1513 90.5519 
2.11e+08 0.0348795 -61.3038 90.9841 
2.12e+08 0.0453819 -42.0873 91.4218 
2.13e+08 0.0364131 -50.1359 91.848 
2.14e+08 0.063844 -20.907 92.2806 
2.15e+08 0.0460099 -56.7441 92.7129 
2.16e+08 0.0804373 -78.4928 93.1373 
2.17e+08 0.0286976 -58.7516 93.5649 
2.18e+08 0.0331441 -47.5207 93.997 
2.19e+08 0.0597671 -46.333 94.4304 
2.2e+08 0.0486609 -10.4068 94.8648 
2.21e+08 0.00627511 -6.77503 95.2978 
2.22e+08 0.0430456 -41.3173 95.7321 
2.23e+08 0.0821282 -74.7642 96.1658 
2.24e+08 0.0261952 -70.5329 96.6008 
2.25e+08 0.0341567 -20.7708 97.0337 
2.26e+08 0.0274873 -38.8539 97.462 
2.27e+08 0.0461865 -67.8972 97.8906 
2.28e+08 0.0406266 14.3679 98.3248 
2.29e+08 0.0156203 -93.5586 98.7589 
2.3e+08 0.0330591 -14.568 99.1934 
2.31e+08 0.0610974 -66.2669 99.6267 
2.32e+08 0.0217586 -38.4541 100.062 
2.33e+08 0.0176239 -29.0481 100.493 
2.34e+08 0.0227282 -44.6825 100.922 
2.35e+08 0.053069 -44.3123 101.352 
2.36e+08 0.0195662 -79.6491 101.776 
2.37e+08 0.0656978 -63.5863 102.203 
2.38e+08 0.0412026 -27.7487 102.63 
2.39e+08 0.0493698 -60.658 103.053 
2.4e+08 0.0318484 -84.777 103.482 
2.41e+08 0.0401295 -28.8867 103.911 
2.42e+08 0.0845247 -78.3962 104.341 
2.43e+08 0.0397729 -121.735 104.764 
2.44e+08 0.0320768 -114.497 105.188 
2.45e+08 0.0549296 -58.0849 105.613 
2.46e+08 0.0261417 -16.0802 106.04 
2.47e+08 0.0157862 -5.01659 106.469 
2.48e+08 0.109872 -55.9937 106.899 
2.49e+08 0.0562789 -49.8353 107.329 
2.5e+08 0.0828757 -62.5465 107.762 
2.51e+08 0.0606162 -49.4198 108.193 
2.52e+08 0.0358052 -5.60612 108.626 
2.53e+08 0.0326806 -43.2782 109.058 
2.54e+08 0.070404 -98.9019 109.485 
2.55e+08 0.0393479 -15.8976 109.907 
2.56e+08 0.0265212 -79.5856 110.338 
2.57e+08 0.0261591 -43.142 110.767 
2.58e+08 0.0711318 -36.968 111.2 
2.59e+08 0.0315914 -52.5108 111.631 
2.6e+08 0.0675445 -65.3168 112.064 
2.61e+08 0.0323109 -65.2012 112.486 
2.62e+08 0.0824319 -53.3071 112.91 
2.63e+08 0.0346994 -67.1711 113.336 
2.64e+08 0.0208252 -33.7421 113.765 
2.65e+08 0.0755579 -43.6134 114.195 
2.66e+08 0.0372989 -29.7536 114.626 
2.67e+08 0.0397132 -47.8944 115.057 
2.68e+08 0.0606417 -36.6007 115.492 
2.69e+08 0.0273796 -55.573 115.922 
2.7e+08 0.0624776 -32.6595 116.356 
2.71e+08 0.0216575 -56.5743 116.789 
2.72e+08 0.0748987 -56.998 117.224 
2.73e+08 0.0591635 -19.2711 117.658 
2.74e+08 0.0256706 -47.3387 118.094 
2.75e+08 0.0534698 -40.8683 118.527 
2.76e+08 0.0743705 -39.5305 118.96 
2.77e+08 0.0188384 -1.88901 119.396 
2.78e+08 0.0203856 -76.789 119.829 
2.79e+08 0.0338438 -53.6805 120.265 
2.8e+08 0.0756597 -54.944 120.699 
2.81e+08 0.0189365 14.9278 121.134 
2.82e+08 0.0334247 -46.1005 121.57 
2.83e+08 0.0458872 -27.0344 122.006 
2.84e+08 0.0233086 -57.0218 122.436 
2.85e+08 0.0373295 -37.593 122.866 
2.86e+08 0.0230918 -62.3612 123.299 
2.87e+08 0.0489592 -41.3548 123.724 
2.88e+08 0.0391152 -71.4792 124.15 
2.89e+08 0.0408673 -34.8173 124.583 
2.9e+08 0.025853 -23.476 125.015 
2.91e+08 0.0763241 -119.064 125.446 
2.92e+08 0.0486218 -80.7904 125.88 
2.93e+08 0.0545908 -48.6005 126.312 
2.94e+08 0.0522874 -83.0266 126.746 
2.95e+08 0.0430578 -65.7171 127.18 
2.96e+08 0.0332235 -60.5229 127.613 
2.97e+08 0.0340271 -43.5289 128.04 
2.98e+08 0.0463144 -54.9726 128.47 
2.99e+08 0.0222696 -20.9851 128.903 
3e+08 0.0283585 -47.4554 129.336 
3.01e+08 0.0744679 -65.8498 129.771 
3.02e+08 0.0768359 -68.863 130.203 
3.03e+08 0.0764774 -38.6405 130.638 
3.04e+08 0.068427 -53.7232 131.072 
3.05e+08 0.0945814 -57.9959 131.5 
3.06e+08 0.0756345 -109.832 131.931 
3.07e+08 0.0248874 -56.5163 132.366 
3.08e+08 0.0468374 -23.037 132.788 
3.09e+08 0.0484198 -70.3641 133.214 
3.1e+08 0.0268016 -48.8302 133.638 
3.11e+08 0.0711824 -50.3288 134.064 
3.12e+08 0.0538852 -33.4737 134.493 
3.13e+08 0.0427913 -83.7745 134.921 
3.14e+08 0.0188636 -40.6729 135.344 
3.15e+08 0.0285634 -55.262 135.771 
3.16e+08 0.0464762 -97.5119 136.199 
3.17e+08 0.0543143 -24.9557 136.622 
3.18e+08 0.028617 -81.5608 137.051 
3.19e+08 0.0283367 -59.6953 137.48 
3.2e+08 0.0107961 -18.9128 137.911 
3.21e+08 0.0161738 -66.6379 138.341 
3.22e+08 0.0543723 -94.6084 138.772 
3.23e+08 0.052966 -31.6667 139.202 
3.24e+08 0.0416575 -47.4482 139.643 
3.25e+08 0.0541908 -75.9792 140.086 
3.26e+08 0.0212958 -59.9113 140.514 
3.27e+08 0.0411099 -70.3362 140.936 
3.28e+08 0.0417183 -39.1845 141.359 
3.29e+08 0.0145491 -42.415 141.783 
3.3e+08 0.0358127 -48.1634 142.212 
3.31e+08 0.0473544 -60.8536 142.641 
3.32e+08 0.0308948 -34.3448 143.066 
3.33e+08 0.0249428 -62.1412 143.489 
3.34e+08 0.0230298 -71.2614 143.914 
3.35e+08 0.0189233 -97.0505 144.344 
3.36e+08 0.0290795 -52.4565 144.773 
3.37e+08 0.0461179 -40.0621 145.206 
3.38e+08 0.101448 -69.9597 145.637 
3.39e+08 0.0310608 -48.9249 146.071 
3.4e+08 0.11555 -51.6437 146.501 
3.41e+08 0.022505 -42.8408 146.934 
3.42e+08 0.0505918 15.7509 147.366 
3.43e+08 0.0308154 -64.622 147.799 
3.44e+08 0.0565326 -61.2358 148.233 
3.45e+08 0.0248546 -102.898 148.668 
3.46e+08 0.0372992 -50.5415 149.101 
3.47e+08 0.0454304 -40.7098 149.537 
3.48e+08 0.0470419 -40.4138 149.972 
3.49e+08 0.0419101 -70.1993 150.408 
3.5e+08 0.0284038 -18.8234 150.841 
3.51e+08 0.028625 -85.7699 151.277 
3.52e+08 0.0164484 -61.1019 151.712 
3.53e+08 0.064747 -49.048 152.146 
3.54e+08 0.0621828 -21.0859 152.582 
3.55e+08 0.0527445 -49.782 153.018 
3.56e+08 0.0563086 -63.8063 153.451 
3.57e+08 0.0327454 -41.9636 153.878 
3.58e+08 0.0477208 -39.4766 154.303 
3.59e+08 0.0535363 -28.9665 154.726 
3.6e+08 0.0523648 -49.883 155.155 
3.61e+08 0.0458633 -48.5828 155.588 
3.62e+08 0.0163235 -79.7619 156.02 
3.63e+08 0.0594532 -38.1934 156.452 
3.64e+08 0.0471872 -56.6649 156.887 
3.65e+08 0.0218372 -77.0721 157.321 
3.66e+08 0.017432 -49.9351 157.756 
3.67e+08 0.058478 -14.411 158.189 
3.68e+08 0.044817 -55.62 158.612 
3.69e+08 0.0427529 -44.7493 159.041 
3.7e+08 0.0396966 -49.2572 159.476 
3.71e+08 0.0657512 -49.1505 159.908 
3.72e+08 0.0156015 -62.8238 160.343 
3.73e+08 0.0925765 -69.3748 160.775 
3.74e+08 0.0146773 -31.7006 161.211 
3.75e+08 0.0491932 -73.865 161.648 
3.76e+08 0.0293623 -73.2102 162.079 
3.77e+08 0.0462873 -53.7189 162.508 
3.78e+08 0.0832916 -74.1817 162.94 
3.79e+08 0.0363837 -29.2003 163.373 
3.8e+08 0.0638734 -91.7558 163.796 
3.81e+08 0.0382868 -40.6439 164.22 
3.82e+08 0.0481074 -55.3326 164.645 
3.83e+08 0.0508166 -47.1564 165.075 
3.84e+08 0.0395191 -42.8802 165.502 
3.85e+08 0.0492336 -14.2823 165.925 
3.86e+08 0.0503309 -36.3308 166.352 
3.87e+08 0.041199 -65.4855 166.781 
3.88e+08 0.0547594 -69.7659 167.213 
3.89e+08 0.043018 -102.44 167.636 
3.9e+08 0.0234311 -30.5175 168.063 
3.91e+08 0.00436763 -53.0162 168.494 
3.92e+08 0.0374193 -36.9588 168.924 
3.93e+08 0.0263945 -30.4516 169.359 
3.94e+08 0.0685301 -60.1828 169.79 
3.95e+08 0.0698118 -11.7496 170.224 
3.96e+08 0.0433232 -88.2449 170.657 
3.97e+08 0.0851222 -92.5627 171.084 
3.98e+08 0.020509 -46.1869 171.511 
3.99e+08 0.0485016 -81.2708 171.935 
4e+08 0.0313346 -58.6587 172.367 
4.01e+08 0.0671308 -44.8881 172.799 
4.02e+08 0.0578581 -63.4069 173.233 
4.03e+08 0.0464572 -53.3351 173.657 
4.04e+08 0.111786 -71.542 174.081 
4.05e+08 0.0617796 -57.9167 174.51 
4.06e+08 0.0925769 -73.9986 174.941 
4.07e+08 0.0697149 -50.3312 175.372 
4.08e+08 0.054831 -54.4677 175.805 
4.09e+08 0.035037 -27.5695 176.238 
4.1e+08 0.02782 -6.59181 176.671 
4.11e+08 0.0418102 -56.5765 177.105 
4.12e+08 0.0194619 -37.3325 177.54 
4.13e+08 0.0131401 -70.7517 177.972 
4.14e+08 0.0313099 -71.9143 178.407 
4.15e+08 0.0555432 -46.5836 178.841 
4.16e+08 0.0374159 -75.1426 179.275 
4.17e+08 0.0448125 -58.2356 179.708 
4.18e+08 0.0415061 -88.005 180.144 
4.19e+08 0.0573196 -50.4236 180.577 
4.2e+08 0.072025 -61.4635 181.014 
4.21e+08 0.0607226 -45.2428 181.447 
4.22e+08 0.0466162 -35.4494 181.884 
4.23e+08 0.0237347 -36.546 182.319 
4.24e+08 0.0196718 -88.5284 182.754 
4.25e+08 0.0531718 -35.1856 183.188 
4.26e+08 0.05002 -88.9426 183.624 
4.27e+08 0.0518641 -29.366 184.059 
4.28e+08 0.0437511 -32.2317 184.487 
4.29e+08 0.0466492 31.1595 184.921 
4.3e+08 0.0242335 -87.9033 185.35 
4.31e+08 0.0624041 -77.144 185.775 
4.32e+08 0.0818706 -66.2154 186.206 
4.33e+08 0.0540604 -33.3024 186.64 
4.34e+08 0.0358346 -77.3862 187.073 
4.35e+08 0.0618979 -30.9455 187.507 
4.36e+08 0.0417631 -61.2722 187.941 
4.37e+08 0.0609721 -23.3982 188.375 
4.38e+08 0.0570078 -54.335 188.809 
4.39e+08 0.017093 -34.613 189.236 
4.4e+08 0.0219046 -39.6514 189.666 
4.41e+08 0.0488812 -67.7968 190.1 
4.42e+08 0.0381653 -59.0771 190.533 
4.43e+08 0.0405582 -82.6569 190.968 
4.44e+08 0.0545269 -53.3726 191.402 
4.45e+08 0.0367845 -62.2123 191.839 
4.46e+08 0.0442986 -35.1444 192.273 
4.47e+08 0.0330164 -53.2458 192.709 
4.48e+08 0.0266675 -56.0126 193.134 
4.49e+08 0.0670703 -64.3268 193.567 
4.5e+08 0.0345695 -53.1908 193.998 
4.51e+08 0.0702096 -72.9056 194.425 
4.52e+08 0.025697 -55.0267 194.853 
4.53e+08 0.0370654 -60.1098 195.281 
4.54e+08 0.0459885 -58.2133 195.704 
4.55e+08 0.0165227 -64.0186 196.132 
4.56e+08 0.0727137 -56.8875 196.557 
4.57e+08 0.0519024 -21.3422 196.983 
4.58e+08 0.047416 -49.9536 197.409 
4.59e+08 0.07047 -21.429 197.838 
4.6e+08 0.0247139 -79.6653 198.269 
4.61e+08 0.0295097 -46.4565 198.692 
4.62e+08 0.0426884 -67.7778 199.119 
4.63e+08 0.0696513 -74.7412 199.548 
4.64e+08 0.0736194 -54.0214 199.98 
4.65e+08 0.0903861 -51.5217 200.412 
4.66e+08 0.0616532 -51.098 200.844 
4.67e+08 0.0418977 -55.2356 201.278 
4.68e+08 0.0399925 -38.2013 201.712 
4.69e+08 0.0497387 -56.6219 202.146 
4.7e+08 0.0841416 -46.609 202.57 
4.71e+08 0.0773142 -53.2491 202.994 
4.72e+08 0.0380381 -47.3374 203.423 
4.73e+08 0.0509074 -40.0903 203.857 
4.74e+08 0.0440873 -51.8938 204.28 
4.75e+08 0.0424401 -76.0525 204.704 
4.76e+08 0.0412893 -47.1991 205.128 
4.77e+08 0.0558653 -15.5428 205.556 
4.78e+08 0.0188581 -59.7642 205.986 
4.79e+08 0.0201742 -18.2269 206.415 
4.8e+08 0.049622 -32.7708 206.848 
4.81e+08 0.0457804 -68.2841 207.278 
4.82e+08 0.0729458 -75.2144 207.714 
4.83e+08 0.0754843 -46.9305 208.145 
4.84e+08 0.0628702 -44.6711 208.579 
4.85e+08 0.0284571 -65.5226 209.012 
4.86e+08 0.0327118 -77.0923 209.446 
4.87e+08 0.0122751 -71.9802 209.882 
4.88e+08 0.0364446 -44.9929 210.316 
4.89e+08 0.0173668 -15.6276 210.751 
4.9e+08 0.0264683 -50.5078 211.185 
4.91e+08 0.03644 -51.1296 211.618 
4.92e+08 0.0436177 -78.3258 212.055 
4.93e+08 0.0517455 -25.0373 212.491 
4.94e+08 0.0472991 -39.4168 212.927 
4.95e+08 0.0376327 -49.9514 213.361 
4.96e+08 0.0647402 -48.3112 213.796 
4.97e+08 0.0540207 -14.9687 214.231 
4.98e+08 0.0273427 -25.9136 214.665 
4.99e+08 0.040411 -59.3998 215.093 
5e+08 0.0642817 -39.7477 215.528 
5.01e+08 0.0223814 -30.4329 215.961 
5.02e+08 0.0185304 -85.2248 216.385 
5.03e+08 0.0612951 -64.3149 216.811 
5.04e+08 0.0712202 -32.5142 217.244 
5.05e+08 0.0481351 -37.1476 217.676 
5.06e+08 0.0524394 -23.2574 218.108 
5.07e+08 0.0431748 -24.6696 218.542 
5.08e+08 0.0345016 -88.2441 218.976 
5.09e+08 0.0317364 -74.7388 219.41 
5.1e+08 0.0809034 -45.3032 219.844 
5.11e+08 0.0572793 -33.7078 220.276 
5.12e+08 0.013759 -75.9417 220.701 
5.13e+08 0.0818687 -38.1948 221.135 
5.14e+08 0.0343166 -59.4111 221.568 
5.15e+08 0.053884 -54.0142 222.003 
5.16e+08 0.019704 -56.5211 222.435 
5.17e+08 0.0403 -30.638 222.871 
5.18e+08 0.0543684 -58.6487 223.303 
5.19e+08 0.0128165 -79.5367 223.73 
5.2e+08 0.046871 -24.1342 224.164 
5.21e+08 0.0320632 -98.9452 224.592 
5.22e+08 0.0478304 -100.064 225.02 
5.23e+08 0.0576986 -78.8602 225.451 
5.24e+08 0.00642601 -10.2082 225.882 
5.25e+08 0.0531084 -30.8952 226.306 
5.26e+08 0.0240387 -37.4249 226.729 
5.27e+08 0.0314738 -73.6541 227.158 
5.28e+08 0.0338902 -58.8905 227.584 
5.29e+08 0.043319 -86.4176 228.006 
5.3e+08 0.0426359 -23.4445 228.436 
5.31e+08 0.0371518 -49.4667 228.865 
5.32e+08 0.0595505 -87.2374 229.287 
5.33e+08 0.0396103 -55.5837 229.716 
5.34e+08 0.0302693 -86.8958 230.145 
5.35e+08 0.012429 -71.0289 230.575 
5.36e+08 0.0273778 -38.1047 231.006 
5.37e+08 0.038142 -2.04351 231.437 
5.38e+08 0.0571478 -60.2671 231.87 
5.39e+08 0.037301 -53.169 232.302 
5.4e+08 0.019728 -74.6876 232.734 
5.41e+08 0.0346827 -35.1509 233.165 
5.42e+08 0.0503168 -53.4347 233.589 
5.43e+08 0.0336492 -15.3461 234.014 
5.44e+08 0.0871038 16.5052 234.444 
5.45e+08 0.036757 -38.1267 234.871 
5.46e+08 0.0328831 -38.2447 235.295 
5.47e+08 0.0822387 -30.8803 235.718 
5.48e+08 0.0329075 -52.2392 236.146 
5.49e+08 0.0590302 -66.1652 236.569 
5.5e+08 0.0226856 -40.6667 237.012 
5.51e+08 0.046788 -67.8781 237.456 
5.52e+08 0.0437814 -46.3202 237.889 
5.53e+08 0.0184006 -99.1869 238.316 
5.54e+08 0.033427 -89.6822 238.746 
5.55e+08 0.0685943 -60.969 239.174 
5.56e+08 0.016951 -54.8653 239.605 
5.57e+08 0.0257397 -53.6905 240.035 
5.58e+08 0.0298593 -49.8703 240.468 
5.59e+08 0.0485125 -50.7765 240.899 
5.6e+08 0.0291431 -72.5882 241.333 
5.61e+08 0.0611512 -39.8126 241.768 
5.62e+08 0.041847 -31.5054 242.202 
5.63e+08 0.0711577 -63.3141 242.635 
5.64e+08 0.0534748 -0.245677 243.07 
5.65e+08 0.0323415 -23.8101 243.504 
5.66e+08 0.0253157 -19.6704 243.939 
5.67e+08 0.0133025 -59.1562 244.376 
5.68e+08 0.0445174 -22.4474 244.81 
5.69e+08 0.0561842 -74.9797 245.245 
5.7e+08 0.0614032 -70.2986 245.676 
5.71e+08 0.0360035 -9.0563 246.104 
5.72e+08 0.0443213 -66.7109 246.535 
5.73e+08 0.0337244 -35.9827 246.958 
5.74e+08 0.0149993 -58.9276 247.383 
5.75e+08 0.0187805 -44.0145 247.81 
5.76e+08 0.0755736 -54.5982 248.243 
5.77e+08 0.0215856 -44.3472 248.675 
5.78e+08 0.0342161 -42.0842 249.108 
5.79e+08 0.0965893 -29.73 249.542 
5.8e+08 0.0783294 -82.0911 249.976 
5.81e+08 0.061937 -35.866 250.408 
5.82e+08 0.0332978 -38.2837 250.835 
5.83e+08 0.0548846 -41.4966 251.262 
5.84e+08 0.027214 -37.483 251.694 
5.85e+08 0.0176451 -26.1785 252.127 
5.86e+08 0.0390995 -49.9666 252.561 
5.87e+08 0.0294287 -50.3845 252.995 
5.88e+08 0.0373719 -31.6155 253.43 
5.89e+08 0.0277041 -56.2846 253.862 
5.9e+08 0.0252056 -15.3812 254.297 
5.91e+08 0.0637397 -62.9879 254.731 
5.92e+08 0.0462601 -61.2353 255.168 
5.93e+08 0.0406505 -59.3979 255.6 
5.94e+08 0.0301663 -34.0343 256.038 
5.95e+08 0.0324807 -52.7705 256.472 
5.96e+08 0.0498802 -68.0152 256.907 
5.97e+08 0.0495095 -6.3172 257.341 
5.98e+08 0.072091 -73.8835 257.778 
5.99e+08 0.0500151 -75.7234 258.211 
6e+08 0.0210609 -22.4553 258.647 
6.01e+08 0.0509223 -59.97 259.082 
6.02e+08 0.0370032 -70.2052 259.515 
6.03e+08 0.0456028 -48.9745 259.952 
6.04e+08 0.0468997 -16.7503 260.387 
6.05e+08 0.0394503 -63.6223 260.823 
6.06e+08 0.0578734 -25.4955 261.259 
6.07e+08 0.0570905 -51.1328 261.693 
6.08e+08 0.0649058 -72.3575 262.119 
6.09e+08 0.0228276 -62.9024 262.552 
6.1e+08 0.0262264 -52.1599 262.976 
6.11e+08 0.0273684 -41.9476 263.408 
6.12e+08 0.0568355 -58.9758 263.843 
6.13e+08 0.0248845 -58.1915 264.268 
6.14e+08 0.0318175 -70.9467 264.692 
6.15e+08 0.0429927 6.48697 265.117 
6.16e+08 0.0296475 -40.666 265.548 
6.17e+08 0.0685372 -95.916 265.971 
6.18e+08 0.0545305 -49.9861 266.399 
6.19e+08 0.0251581 -83.297 266.83 
6.2e+08 0.0439771 -40.9329 267.255 
6.21e+08 0.0129297 -74.8596 267.679 
6.22e+08 0.0532726 -48.3841 268.11 
6.23e+08 0.0737928 -84.389 268.54 
6.24e+08 0.0434858 -29.455 268.973 
6.25e+08 0.0353709 -44.42 269.404 
6.26e+08 0.087506 -30.5719 269.838 
6.27e+08 0.0424369 -61.6283 270.27 
6.28e+08 0.0487764 -25.1974 270.705 
6.29e+08 0.0890319 -92.0919 271.137 
6.3e+08 0.0457704 -55.7483 271.573 
6.31e+08 0.0427852 -43.975 271.996 
6.32e+08 0.0668711 -42.4054 272.427 
6.33e+08 0.0366785 -40.6891 272.859 
6.34e+08 0.0593535 -39.1569 273.283 
6.35e+08 0.0627208 -59.0568 273.706 
6.36e+08 0.0287227 -45.3778 274.133 
6.37e+08 0.0458673 -62.3656 274.559 
6.38e+08 0.0485463 -54.8428 274.988 
6.39e+08 0.0218836 -25.0589 275.42 
6.4e+08 0.0665652 -106.493 275.852 
6.41e+08 0.0119215 -77.6072 276.286 
6.42e+08 0.0284747 -45.0659 276.718 
6.43e+08 0.039429 -46.5185 277.151 
6.44e+08 0.0164542 -51.7943 277.584 
6.45e+08 0.0374356 -47.1063 278.018 
6.46e+08 0.0306844 -44.3005 278.451 
6.47e+08 0.0173309 -71.3816 278.887 
6.48e+08 0.0425365 -69.7863 279.32 
6.49e+08 0.0628803 -64.2588 279.757 
6.5e+08 0.0396362 -11.6845 280.192 
6.51e+08 0.0664269 -91.8161 280.627 
6.52e+08 0.0450239 -76.6243 281.06 
6.53e+08 0.0288394 -28.8125 281.497 
6.54e+08 0.0111167 -37.1014 281.933 
6.55e+08 0.0272525 -30.8759 282.37 
6.56e+08 0.0139649 -63.7584 282.804 
6.57e+08 0.0931361 -64.9798 283.238 
6.58e+08 0.0386558 -10.3019 283.673 
6.59e+08 0.0459687 -61.1491 284.101 
6.6e+08 0.0248885 -81.3572 284.534 
6.61e+08 0.0625992 -84.2767 284.964 
6.62e+08 0.0586839 -22.3277 285.397 
6.63e+08 0.0506007 -50.8618 285.821 
6.64e+08 0.0780812 -69.3027 286.254 
6.65e+08 0.0488749 -44.9237 286.686 
6.66e+08 0.0749321 -57.4584 287.12 
6.67e+08 0.0629601 -79.9753 287.553 
6.68e+08 0.0274014 -84.3524 287.989 
6.69e+08 0.0459193 -70.792 288.422 
6.7e+08 0.0528369 -93.4714 288.858 
6.71e+08 0.0602996 -93.4931 289.291 
6.72e+08 0.0102399 -35.9209 289.727 
6.73e+08 0.0519828 -18.1157 290.16 
6.74e+08 0.0347596 -62.9773 290.596 
6.75e+08 0.0496711 -48.217 291.029 
6.76e+08 0.0373772 -27.4315 291.467 
6.77e+08 0.0232929 -23.9637 291.9 
6.78e+08 0.0728011 -82.8467 292.337 
6.79e+08 0.0290462 -44.6174 292.77 
6.8e+08 0.0232254 -35.625 293.208 
6.81e+08 0.0203523 -86.6024 293.642 
6.82e+08 0.0481016 -57.8219 294.079 
6.83e+08 0.0105366 -79.2949 294.512 
6.84e+08 0.0707286 -56.5147 294.949 
6.85e+08 0.0997372 -53.5875 295.383 
6.86e+08 0.074189 -28.6908 295.82 
6.87e+08 0.0482568 -55.6076 296.253 
6.88e+08 0.0134303 -54.8857 296.676 
6.89e+08 0.038081 -8.83911 297.11 
6.9e+08 0.0320846 -73.2293 297.544 
6.91e+08 0.0260885 -53.0251 297.981 
6.92e+08 0.0589696 -64.1662 298.417 
6.93e+08 0.0386365 -53.0679 298.853 
6.94e+08 0.0255423 -20.1972 299.288 
6.95e+08 0.054796 -47.61 299.723 
6.96e+08 0.0405039 -14.3371 300.156 
6.97e+08 0.0618941 -83.8409 300.582 
6.98e+08 0.0572988 -58.3219 301.01 
6.99e+08 0.0323336 -36.7549 301.44 
7e+08 0.0252577 -52.3988 301.874 
7.01e+08 0.0555815 -48.2575 302.301 
7.02e+08 0.0422144 -60.5989 302.724 
7.03e+08 0.0421289 -34.5001 303.146 
7.04e+08 0.0644484 -63.2444 303.574 
7.05e+08 0.0685479 -32.784 303.998 
7.06e+08 0.0287719 -49.7105 304.421 
7.07e+08 0.0668837 -52.3062 304.845 
7.08e+08 0.0185641 -36.8986 305.268 
7.09e+08 0.0299691 -60.8862 305.69 
7.1e+08 0.0442882 -42.6986 306.116 
7.11e+08 0.0744749 -27.4861 306.545 
7.12e+08 0.0388558 -63.2847 306.975 
7.13e+08 0.0446617 -108.297 307.404 
7.14e+08 0.024432 -42.5638 307.836 
7.15e+08 0.0560517 -63.9195 308.267 
7.16e+08 0.0694835 -67.0691 308.699 
7.17e+08 0.0568662 -78.0951 309.133 
7.18e+08 0.0791772 -97.3674 309.567 
7.19e+08 0.0379481 -31.3507 310.001 
7.2e+08 0.0504626 -73.7133 310.435 
7.21e+08 0.0498304 -62.8066 310.868 
7.22e+08 0.0500541 -37.4906 311.302 
7.23e+08 0.0182643 -62.724 311.735 
7.24e+08 0.0310755 -50.4845 312.172 
7.25e+08 0.0303146 -83.0997 312.606 
7.26e+08 0.0358278 -69.1738 313.039 
7.27e+08 0.0323256 -17.8683 313.475 
7.28e+08 0.0741081 -25.6058 313.908 
7.29e+08 0.0496254 -22.7454 314.345 
7.3e+08 0.0753189 -53.0976 314.779 
7.31e+08 0.0198233 -37.2273 315.214 
7.32e+08 0.00951474 -39.1168 315.649 
7.33e+08 0.0243181 -35.3879 316.084 
7.34e+08 0.0516509 -36.4677 316.521 
7.35e+08 0.0220363 -30.6844 316.958 
7.36e+08 0.0573283 -12.5272 317.393 
7.37e+08 0.0317835 -73.0249 317.829 
7.38e+08 0.054457 -14.0526 318.264 
7.39e+08 0.0275498 -31.0855 318.699 
7.4e+08 0.0593475 -47.4261 319.133 
7.41e+08 0.0368464 -8.65813 319.569 
7.42e+08 0.0643878 -53.9572 320.004 
7.43e+08 0.020791 -11.8263 320.438 
7.44e+08 0.0848938 -72.8748 320.873 
7.45e+08 0.066119 -31.3313 321.309 
7.46e+08 0.0329567 -42.5732 321.743 
7.47e+08 0.0551426 -51.0343 322.176 
7.48e+08 0.0425657 -17.7811 322.603 
7.49e+08 0.0149517 -106.95 323.039 
7.5e+08 0.0420489 -43.7555 323.472 
7.51e+08 0.0606697 -99.3504 323.898 
7.52e+08 0.0649163 -62.3201 324.325 
7.53e+08 0.0550851 -56.3015 324.757 
7.54e+08 0.0181867 -53.5794 325.189 
7.55e+08 0.0274436 -16.8706 325.623 
7.56e+08 0.0438719 -60.3301 326.056 
7.57e+08 0.0406277 -35.0178 326.49 
7.58e+08 0.0596598 -32.5519 326.924 
7.59e+08 0.052212 -51.0287 327.358 
7.6e+08 0.0064952 -72.4426 327.784 
7.61e+08 0.0190744 -32.1683 328.225 
7.62e+08 0.0416447 -47.2119 328.668 
7.63e+08 0.0509742 -99.5546 329.101 
7.64e+08 0.0654283 -51.6914 329.526 
7.65e+08 0.0516168 -59.7249 329.955 
7.66e+08 0.0466658 -54.3324 330.386 
7.67e+08 0.0231697 -59.7099 330.816 
7.68e+08 0.0520353 -11.9102 331.247 
7.69e+08 0.0198857 -47.2324 331.677 
7.7e+08 0.0305935 -47.7207 332.109 
7.71e+08 0.0749741 -51.6056 332.542 
7.72e+08 0.043735 -46.8225 332.976 
7.73e+08 0.0606902 -62.5028 333.408 
7.74e+08 0.047274 -47.3605 333.843 
7.75e+08 0.061636 -93.4597 334.278 
7.76e+08 0.0302066 -40.6887 334.7 
7.77e+08 0.0523303 -74.9047 335.127 
7.78e+08 0.015037 -74.4258 335.558 
7.79e+08 0.0639711 -22.205 335.991 
7.8e+08 0.0558207 -44.1111 336.425 
7.81e+08 0.035836 -38.6588 336.859 
7.82e+08 0.047415 -43.6234 337.293 
7.83e+08 0.0143365 -51.8232 337.726 
7.84e+08 0.0539849 -64.9268 338.162 
7.85e+08 0.0587362 -27.7698 338.596 
7.86e+08 0.0440726 -51.2919 339.024 
7.87e+08 0.0581758 -53.0376 339.447 
7.88e+08 0.0448774 -69.6522 339.875 
7.89e+08 0.0255638 -83.5766 340.304 
7.9e+08 0.0349756 -40.3705 340.727 
7.91e+08 0.0340337 -27.7328 341.149 
7.92e+08 0.0422751 -31.0069 341.572 
7.93e+08 0.0455493 -2.0338 341.995 
7.94e+08 0.0401787 -52.8323 342.418 
7.95e+08 0.074726 -31.5883 342.841 
7.96e+08 0.0556117 -45.6384 343.263 
7.97e+08 0.0229142 -75.9623 343.686 
7.98e+08 0.0352073 -40.6862 344.109 
7.99e+08 0.0795955 -39.8688 344.536 
8e+08 0.024768 -36.5884 344.966 
8.01e+08 0.0259643 -47.1975 345.394 
8.02e+08 0.0600658 -30.0861 345.826 
8.03e+08 0.0227802 -42.1294 346.257 
8.04e+08 0.0491812 -56.2895 346.69 
8.05e+08 0.035837 -89.2284 347.122 
8.06e+08 0.0629771 -51.5507 347.556 
8.07e+08 0.0473577 -33.7711 347.99 
8.08e+08 0.0513319 -44.5568 348.422 
8.09e+08 0.0674509 -59.4734 348.857 
8.1e+08 0.0627739 -47.294 349.29 
8.11e+08 0.0839166 -42.7748 349.727 
8.12e+08 0.0247742 -16.8985 350.16 
8.13e+08 0.010087 -55.5653 350.596 
8.14e+08 0.0285069 -50.592 351.029 
8.15e+08 0.0512062 -55.923 351.465 
8.16e+08 0.0203921 -26.1773 351.901 
8.17e+08 0.0351155 -74.07 352.338 
8.18e+08 0.0335478 -90.3891 352.772 
8.19e+08 0.0500419 -74.6264 353.209 
8.2e+08 0.045103 -54.6423 353.643 
8.21e+08 0.0451755 -54.6926 354.078 
8.22e+08 0.0427762 -95.6511 354.512 
8.23e+08 0.0438021 -52.2415 354.947 
8.24e+08 0.041169 -73.0789 355.382 
8.25e+08 0.0274831 -35.363 355.816 
8.26e+08 0.0184545 -61.5236 356.252 
8.27e+08 0.0571927 -44.3476 356.688 
8.28e+08 0.0388427 -85.7435 357.124 
8.29e+08 0.059293 -79.2094 357.56 
8.3e+08 0.0398807 -19.0527 357.993 
8.31e+08 0.0365738 -29.6861 358.429 
8.32e+08 0.0476384 -56.2663 358.863 
8.33e+08 0.0585291 -10.6346 359.301 
8.34e+08 0.0391215 -34.2799 359.735 
8.35e+08 0.0470387 -52.4964 360.172 
8.36e+08 0.0167913 3.419 360.605 
8.37e+08 0.0753111 -64.142 361.031 
8.38e+08 0.0643951 -37.9555 361.469 
8.39e+08 0.0757964 -8.67742 361.902 
8.4e+08 0.0312396 -41.2113 362.328 
8.41e+08 0.018287 -46.1218 362.754 
8.42e+08 0.0666873 0.336957 363.189 
8.43e+08 0.0621108 -60.9294 363.621 
8.44e+08 0.038593 -84.9955 364.057 
8.45e+08 0.0393615 -45.1834 364.489 
8.46e+08 0.0570644 -65.7138 364.924 
8.47e+08 0.052798 -26.4538 365.357 
8.48e+08 0.0404128 -59.9408 365.793 
8.49e+08 0.049197 -60.7982 366.228 
8.5e+08 0.0566653 -56.8919 366.66 
8.51e+08 0.0493523 -41.0432 367.097 
8.52e+08 0.0427071 -54.8223 367.531 
8.53e+08 0.043628 -96.1616 367.968 
8.54e+08 0.0227862 -17.7957 368.401 
8.55e+08 0.0668455 -60.469 368.837 
8.56e+08 0.0726614 -69.3255 369.271 
8.57e+08 0.0466925 -37.9135 369.705 
8.58e+08 0.0494953 -43.6496 370.131 
8.59e+08 0.0686558 -59.9636 370.566 
8.6e+08 0.0815197 -41.986 371.001 
8.61e+08 0.0637644 -57.1534 371.429 
8.62e+08 0.0356767 -80.9331 371.862 
8.63e+08 0.077841 -58.2158 372.285 
8.64e+08 0.0571671 -47.5328 372.71 
8.65e+08 0.0561622 -52.5552 373.133 
8.66e+08 0.0703239 -35.9278 373.558 
8.67e+08 0.0631351 -23.5609 373.983 
8.68e+08 0.0669291 -53.0604 374.407 
8.69e+08 0.0486784 -64.6522 374.83 
8.7e+08 0.00800428 -35.5581 375.257 
8.71e+08 0.040913 -15.1247 375.686 
8.72e+08 0.0358636 -40.0817 376.116 
8.73e+08 0.0399101 -49.195 376.546 
8.74e+08 0.0789003 -28.5611 376.978 
8.75e+08 0.0211426 -71.7938 377.41 
8.76e+08 0.0313108 -9.34086 377.844 
8.77e+08 0.0579601 -61.4975 378.277 
8.78e+08 0.0359205 -21.2103 378.71 
8.79e+08 0.0367725 -72.9504 379.143 
8.8e+08 0.0564832 -45.0918 379.577 
8.81e+08 0.0554114 17.3506 380.011 
8.82e+08 0.0478919 -73.613 380.446 
8.83e+08 0.046225 -66.5128 380.876 
8.84e+08 0.0767596 -72.5807 381.305 
8.85e+08 0.0443567 -29.087 381.738 
8.86e+08 0.0619476 -103.01 382.172 
8.87e+08 0.103516 -99.4499 382.607 
8.88e+08 0.0209084 -18.9804 383.042 
8.89e+08 0.0634791 -77.4722 383.477 
8.9e+08 0.0377333 -90.7588 383.911 
8.91e+08 0.0675923 -58.5489 384.345 
8.92e+08 0.0418117 -54.5055 384.781 
8.93e+08 0.0304099 -55.4278 385.214 
8.94e+08 0.0490674 -119.782 385.651 
8.95e+08 0.055068 -57.3951 386.085 
8.96e+08 0.0526885 -52.9387 386.521 
8.97e+08 0.00910332 -36.7828 386.956 
8.98e+08 0.045147 -52.6615 387.392 
8.99e+08 0.0284509 -64.5108 387.826 
9e+08 0.0621686 -39.6328 388.262 
9.01e+08 0.0288186 -18.7473 388.698 
9.02e+08 0.035185 -43.9401 389.132 
9.03e+08 0.0504052 -58.609 389.568 
9.04e+08 0.074155 -103.624 390.003 
9.05e+08 0.0541679 1.91451 390.438 
9.06e+08 0.0433395 -32.9081 390.872 
9.07e+08 0.0446776 -20.2894 391.304 
9.08e+08 0.0568376 -53.0717 391.734 
9.09e+08 0.0197743 -26.2181 392.169 
9.1e+08 0.0466159 -62.9351 392.605 
9.11e+08 0.0601625 -71.7307 393.031 
9.12e+08 0.0631374 -63.776 393.456 
9.13e+08 0.0411794 -87.715 393.888 
9.14e+08 0.0705757 -35.3173 394.322 
9.15e+08 0.0403472 -93.377 394.754 
9.16e+08 0.0364644 -73.1322 395.189 
9.17e+08 0.0543309 -82.5501 395.622 
9.18e+08 0.0290881 -59.8941 396.058 
9.19e+08 0.0285792 -34.8332 396.493 
9.2e+08 0.051996 -26.5076 396.927 
9.21e+08 0.0165316 -88.9705 397.36 
9.22e+08 0.0500158 -49.9161 397.796 
9.23e+08 0.0521147 -38.8743 398.23 
9.24e+08 0.0496276 -34.0713 398.666 
9.25e+08 0.0344122 -61.4832 399.1 
9.26e+08 0.0471907 -51.0804 399.536 
9.27e+08 0.0538139 -66.8404 399.972 
9.28e+08 0.0902894 -35.8624 400.406 
9.29e+08 0.0592419 -38.6248 400.829 
9.3e+08 0.026656 -22.7675 401.257 
9.31e+08 0.0405509 -73.4791 401.689 
9.32e+08 0.0640606 -24.7894 402.123 
9.33e+08 0.0549128 -32.679 402.548 
9.34e+08 0.0397917 -62.2101 402.976 
9.35e+08 0.0377836 -49.7217 403.4 
9.36e+08 0.0892561 -48.7828 403.823 
9.37e+08 0.038177 -10.0362 404.245 
9.38e+08 0.0456857 -30.8831 404.669 
9.39e+08 0.0693562 -64.3537 405.091 
9.4e+08 0.0428241 -68.7824 405.518 
9.41e+08 0.0513504 -37.7633 405.942 
9.42e+08 0.0295993 -92.6658 406.371 
9.43e+08 0.0324179 -37.429 406.8 
9.44e+08 0.0462703 -50.4387 407.23 
9.45e+08 0.0627106 -11.8902 407.661 
9.46e+08 0.0496966 -44.4474 408.094 
9.47e+08 0.0484091 -19.292 408.525 
9.48e+08 0.0295688 -57.0276 408.957 
9.49e+08 0.0282488 -37.5915 409.391 
9.5e+08 0.0331943 -63.8966 409.823 
9.51e+08 0.0456637 -52.7716 410.258 
9.52e+08 0.0503534 -25.9299 410.69 
9.53e+08 0.0196026 -68.4054 411.124 
9.54e+08 0.0228273 -55.3771 411.549 
9.55e+08 0.0248693 -80.529 411.975 
9.56e+08 0.0638186 -41.9312 412.406 
9.57e+08 0.0751164 -16.2142 412.838 
9.58e+08 0.0496493 -59.6829 413.271 
9.59e+08 0.033006 -52.6069 413.703 
9.6e+08 0.0304511 -57.5991 414.138 
9.61e+08 0.0454822 -8.36086 414.57 
9.62e+08 0.0546456 -48.7428 415.004 
9.63e+08 0.0371436 -50.6485 415.439 
9.64e+08 0.0412952 -76.0922 415.871 
9.65e+08 0.0278386 -77.9143 416.306 
9.66e+08 0.0302404 -56.8102 416.742 
9.67e+08 0.0292341 -48.1338 417.176 
9.68e+08 0.0304205 -65.2578 417.612 
9.69e+08 0.0447392 -49.933 418.046 
9.7e+08 0.0368351 -41.6512 418.483 
9.71e+08 0.0583561 -90.4972 418.917 
9.72e+08 0.0118891 -11.823 419.351 
9.73e+08 0.0509303 -61.6131 419.788 
9.74e+08 0.0257963 -19.9979 420.222 
9.75e+08 0.0630258 -32.6022 420.657 
9.76e+08 0.0434584 -62.7684 421.091 
9.77e+08 0.0491427 -72.7965 421.528 
9.78e+08 0.0523246 -39.3063 421.962 
9.79e+08 0.0357496 -49.1006 422.388 
9.8e+08 0.084696 -45.2202 422.817 
9.81e+08 0.0537995 -54.6595 423.252 
9.82e+08 0.0375944 -28.2807 423.692 
9.83e+08 0.0455665 -20.9501 424.135 
9.84e+08 0.0772499 -32.6303 424.559 
9.85e+08 0.0408769 -53.7507 424.981 
9.86e+08 0.0219776 -63.3679 425.407 
9.87e+08 0.0471954 -55.3406 425.837 
9.88e+08 0.0534479 -24.9452 426.265 
9.89e+08 0.0154018 -46.5963 426.694 
9.9e+08 0.0268263 -43.6972 427.126 
9.91e+08 0.0668422 -59.1425 427.556 
9.92e+08 0.0552652 -50.445 427.99 
9.93e+08 0.0242881 -59.3276 428.421 
9.94e+08 0.069188 -65.0165 428.856 
9.95e+08 0.0831497 -42.1802 429.289 
9.96e+08 0.0453365 -48.0158 429.723 
9.97e+08 0.0353135 -37.9354 430.156 
9.98e+08 0.074531 -11.657 430.592 
9.99e+08 0.0294489 -54.2917 431.024 
1e+09 0.0500343 -68.1674 431.447 
