0 0.0564907 33.3341 0 
1e+06 0.0539738 -32.4549 0.403806 
2e+06 0.050611 -52.6283 0.801666 
3e+06 0.0362422 -65.6944 1.19447 
4e+06 0.0488893 -70.5938 1.58733 
5e+06 0.0324081 -82.4474 1.98223 
6e+06 0.0608193 -10.4608 2.38134 
7e+06 0.0219952 -39.9349 2.7739 
8e+06 0.0525819 -65.6963 3.16624 
9e+06 0.0484493 -50.5224 3.559 
1e+07 0.0464733 -10.5565 3.95159 
1.1e+07 0.0625823 -65.3183 4.34794 
1.2e+07 0.0400449 -33.4665 4.74 
1.3e+07 0.0397693 -2.43468 5.13435 
1.4e+07 0.0429875 -45.0798 5.52654 
1.5e+07 0.0672969 -30.3938 5.91894 
1.6e+07 0.0596929 -26.9802 6.31092 
1.7e+07 0.0421604 -49.6319 6.70333 
1.8e+07 0.0298055 -26.8659 7.09808 
1.9e+07 0.0420432 -47.4211 7.49305 
2e+07 0.0409234 -62.6787 7.89203 
2.1e+07 0.0395088 -43.9971 8.28956 
2.2e+07 0.0531311 -68.7732 8.68194 
2.3e+07 0.066202 -42.3828 9.07645 
2.4e+07 0.0321622 -27.5766 9.46988 
2.5e+07 0.0526255 -60.2353 9.86684 
2.6e+07 0.0506226 -46.3898 10.2595 
2.7e+07 0.0235296 -34.5752 10.653 
2.8e+07 0.0201076 -32.9758 11.0451 
2.9e+07 0.0341634 -65.3379 11.4373 
3e+07 0.00897828 -106.188 11.8292 
3.1e+07 0.0217012 -57.6727 12.2216 
3.2e+07 0.0255021 -26.2389 12.614 
3.3e+07 0.0856282 -88.884 13.0059 
3.4e+07 0.0671936 -56.747 13.3978 
3.5e+07 0.0409075 -61.998 13.7896 
3.6e+07 0.0389282 -12.6085 14.1868 
3.7e+07 0.0423456 -41.24 14.5814 
3.8e+07 0.0349389 -71.4959 14.9733 
3.9e+07 0.0332362 -48.7421 15.3652 
4e+07 0.0399407 -28.5897 15.7567 
4.1e+07 0.0292922 1.28809 16.1491 
4.2e+07 0.0532428 -55.3411 16.5411 
4.3e+07 0.0507081 -27.5929 16.9331 
4.4e+07 0.0263836 -20.7756 17.3259 
4.5e+07 0.0365725 -81.1842 17.7164 
4.6e+07 0.0434062 -53.5231 18.1101 
4.7e+07 0.0187458 -77.6928 18.503 
4.8e+07 0.0688552 -85.5173 18.8935 
4.9e+07 0.0615613 -36.4967 19.2855 
5e+07 0.0411348 -109.633 19.676 
5.1e+07 0.081324 -80.7019 20.0684 
5.2e+07 0.0701964 -74.6735 20.4602 
5.3e+07 0.0566271 -21.0731 20.8512 
5.4e+07 0.0385496 -35.384 21.2428 
5.5e+07 0.0245083 -46.4842 21.6347 
5.6e+07 0.0229244 -43.1705 22.0265 
5.7e+07 0.0372546 -29.2553 22.4213 
5.8e+07 0.0915038 -47.4989 22.822 
5.9e+07 0.0220146 -59.722 23.2133 
6e+07 0.038809 -78.6899 23.6069 
6.1e+07 0.0633282 -53.0742 23.9986 
6.2e+07 0.0378443 -41.442 24.4027 
6.3e+07 0.0377252 -48.4642 24.8041 
6.4e+07 0.00640809 -70.4643 25.2021 
6.5e+07 0.0468497 -91.896 25.5996 
6.6e+07 0.0839069 -93.0298 25.997 
6.7e+07 0.0451278 -48.383 26.3936 
6.8e+07 0.0575729 -13.3841 26.788 
6.9e+07 0.0265403 -19.1417 27.1799 
7e+07 0.0241826 -34.3016 27.5719 
7.1e+07 0.0236525 -35.9973 27.9639 
7.2e+07 0.0381968 -88.6987 28.3559 
7.3e+07 0.0401614 -35.096 28.7474 
7.4e+07 0.0512116 -67.6676 29.1392 
7.5e+07 0.0916203 -67.8201 29.531 
7.6e+07 0.0388197 -11.8766 29.9227 
7.7e+07 0.0304766 -36.5531 30.3187 
7.8e+07 0.0629325 -21.598 30.7104 
7.9e+07 0.0345624 -41.5045 31.1038 
8e+07 0.0764022 -103.773 31.4994 
8.1e+07 0.0340865 -62.3751 31.8902 
8.2e+07 0.0387689 -41.3332 32.281 
8.3e+07 0.0464287 -21.4312 32.6718 
8.4e+07 0.016041 -72.134 33.0629 
8.5e+07 0.0566535 -41.1552 33.4545 
8.6e+07 0.0420621 -54.3699 33.8464 
8.7e+07 0.0582229 -57.656 34.244 
8.8e+07 0.0719902 -46.2734 34.6365 
8.9e+07 0.0151499 -41.1596 35.0281 
9e+07 0.0232998 -49.5821 35.4247 
9.1e+07 0.0253958 -61.2057 35.8158 
9.2e+07 0.0447483 -55.0413 36.2084 
9.3e+07 0.0554897 -41.6622 36.6004 
9.4e+07 0.0590075 -50.4123 36.9922 
9.5e+07 0.0328452 -70.9206 37.3845 
9.6e+07 0.053268 -91.691 37.7761 
9.7e+07 0.0167645 -20.7344 38.1681 
9.8e+07 0.0706738 -1.34507 38.5598 
9.9e+07 0.0593738 -74.4981 38.9512 
1e+08 0.0384314 -39.251 39.3436 
1.01e+08 0.0301902 -43.6132 39.7351 
1.02e+08 0.0258025 -79.381 40.1276 
1.03e+08 0.00899019 -42.8932 40.52 
1.04e+08 0.0701281 -58.8855 40.9118 
1.05e+08 0.0632618 -51.9929 41.3035 
1.06e+08 0.0738924 -60.9615 41.6954 
1.07e+08 0.0654076 -44.1611 42.0893 
1.08e+08 0.0466322 -56.8586 42.4841 
1.09e+08 0.0722347 -72.5782 42.8761 
1.1e+08 0.0369965 -16.2418 43.2682 
1.11e+08 0.0541262 -81.7131 43.6659 
1.12e+08 0.0777952 -66.8297 44.0593 
1.13e+08 0.0971114 -62.9021 44.4664 
1.14e+08 0.039914 -72.2689 44.8758 
1.15e+08 0.0153505 -43.8066 45.2761 
1.16e+08 0.046593 -60.5747 45.6712 
1.17e+08 0.0535621 -35.7293 46.0645 
1.18e+08 0.0780146 -60.9105 46.457 
1.19e+08 0.0505409 -83.3385 46.8503 
1.2e+08 0.0303834 -47.28 47.2482 
1.21e+08 0.026224 -38.2071 47.6412 
1.22e+08 0.0359056 -67.4229 48.0328 
1.23e+08 0.0806309 -60.8364 48.4305 
1.24e+08 0.0416658 -52.0512 48.8281 
1.25e+08 0.0385712 -64.5507 49.2228 
1.26e+08 0.0553489 -62.3613 49.6146 
1.27e+08 0.0130551 -63.7192 50.0064 
1.28e+08 0.0348607 -13.5071 50.4003 
1.29e+08 0.0308239 -33.5189 50.7923 
1.3e+08 0.0384463 -46.1228 51.1841 
1.31e+08 0.0302346 -31.1014 51.5762 
1.32e+08 0.0378263 -38.0391 51.9679 
1.33e+08 0.0465648 -18.4971 52.3671 
1.34e+08 0.0873947 -42.3014 52.7591 
1.35e+08 0.0705208 -81.7928 53.1509 
1.36e+08 0.110204 -55.8544 53.5475 
1.37e+08 0.0546599 -46.1494 53.9561 
1.38e+08 0.058276 -66.0407 54.3514 
1.39e+08 0.0135116 -54.9053 54.7429 
1.4e+08 0.064128 -89.6051 55.136 
1.41e+08 0.0701638 -74.2475 55.528 
1.42e+08 0.0455796 -58.732 55.9195 
1.43e+08 0.0460068 -40.8601 56.3119 
1.44e+08 0.0307366 -42.5549 56.7037 
1.45e+08 0.0403433 -52.1496 57.0955 
1.46e+08 0.0383113 -12.1918 57.4874 
1.47e+08 0.0682473 -45.6836 57.8792 
1.48e+08 0.0422854 9.76965 58.2713 
1.49e+08 0.0483078 -21.8443 58.6646 
1.5e+08 0.0482319 -43.3922 59.0559 
1.51e+08 0.06983 -88.9513 59.4478 
1.52e+08 0.0348233 -70.728 59.8394 
1.53e+08 0.0572589 -44.969 60.2443 
1.54e+08 0.043109 -92.4283 60.6401 
1.55e+08 0.0561417 -45.8921 61.032 
1.56e+08 0.0413368 -9.52706 61.4331 
1.57e+08 0.0510036 -15.9157 61.8282 
1.58e+08 0.0326905 -37.7995 62.2257 
1.59e+08 0.0871627 -51.8628 62.6177 
1.6e+08 0.0624865 -82.3184 63.0094 
1.61e+08 0.0414755 -73.077 63.4014 
1.62e+08 0.0597053 -10.3894 63.7929 
1.63e+08 0.0733187 -101.262 64.1877 
1.64e+08 0.0402153 -35.0413 64.5796 
1.65e+08 0.0239541 -31.3044 64.9715 
1.66e+08 0.0589033 -78.912 65.3645 
1.67e+08 0.0417792 -68.9738 65.7591 
1.68e+08 0.0575099 -23.1997 66.1506 
1.69e+08 0.0646578 -42.9315 66.5421 
1.7e+08 0.0339682 -77.0886 66.9334 
1.71e+08 0.0364299 -60.0295 67.3258 
1.72e+08 0.032237 -45.6556 67.7176 
1.73e+08 0.0456536 -39.8288 68.1098 
1.74e+08 0.0234949 -83.5942 68.5047 
1.75e+08 0.044827 -57.2298 68.8967 
1.76e+08 0.048734 -83.6207 69.2888 
1.77e+08 0.0578052 -42.2475 69.6805 
1.78e+08 0.0281815 -59.9018 70.0727 
1.79e+08 0.0324481 -72.0229 70.4646 
1.8e+08 0.0230979 -23.8152 70.8587 
1.81e+08 0.0365121 -69.3458 71.2591 
1.82e+08 0.0617114 -7.8081 71.6506 
1.83e+08 0.0627221 -35.3535 72.0426 
1.84e+08 0.0320426 -45.8153 72.4432 
1.85e+08 0.0661563 -13.9401 72.8351 
1.86e+08 0.0625534 -41.5245 73.2262 
1.87e+08 0.0440852 -47.9362 73.6169 
1.88e+08 0.0550417 -36.763 74.0086 
1.89e+08 0.0414318 -41.7431 74.3995 
1.9e+08 0.0410975 -68.1069 74.7906 
1.91e+08 0.0461412 -9.3386 75.184 
1.92e+08 0.0498213 -24.5321 75.5752 
1.93e+08 0.0614946 -111.939 75.9665 
1.94e+08 0.0542087 2.94483 76.367 
1.95e+08 0.0429385 -29.6653 76.7598 
1.96e+08 0.0628946 -86.4808 77.1517 
1.97e+08 0.0489802 -52.072 77.5424 
1.98e+08 0.0571052 -27.9176 77.9328 
1.99e+08 0.0277736 -43.1866 78.324 
2e+08 0.0492386 -48.3122 78.7151 
2.01e+08 0.0387464 -29.9678 79.1071 
2.02e+08 0.0460302 -40.3539 79.4993 
2.03e+08 0.0355048 -60.0205 79.891 
2.04e+08 0.0510882 -40.5417 80.2827 
2.05e+08 0.035809 -38.2438 80.6749 
2.06e+08 0.0396059 -53.0833 81.0678 
2.07e+08 0.0130657 -35.8655 81.4587 
2.08e+08 0.0432069 -54.5075 81.8493 
2.09e+08 0.0389404 -52.6161 82.2409 
2.1e+08 0.049287 -36.293 82.6329 
2.11e+08 0.0397239 -0.07596 83.0247 
2.12e+08 0.0403102 -70.6592 83.4195 
2.13e+08 0.0674013 -50.0762 83.8159 
2.14e+08 0.0265105 -38.1448 84.213 
2.15e+08 0.055865 -72.9366 84.6225 
2.16e+08 0.0358931 -63.8321 85.0306 
2.17e+08 0.0389947 -15.4954 85.4479 
2.18e+08 0.0301352 -96.4068 85.8514 
2.19e+08 0.0801562 -16.4879 86.2672 
2.2e+08 0.0248959 -38.6851 86.6731 
2.21e+08 0.0661586 -82.4197 87.0827 
2.22e+08 0.0660725 -60.9366 87.4942 
2.23e+08 0.0435698 -24.4336 87.9084 
2.24e+08 0.0405571 -23.5912 88.3093 
2.25e+08 0.034638 -48.8147 88.7011 
2.26e+08 0.0538963 -63.0561 89.0936 
2.27e+08 0.0290171 -40.5749 89.4853 
2.28e+08 0.0550171 -73.224 89.8772 
2.29e+08 0.035406 -67.269 90.2695 
2.3e+08 0.0558421 -54.302 90.6611 
2.31e+08 0.0341189 -18.088 91.0539 
2.32e+08 0.0361088 -52.219 91.4477 
2.33e+08 0.0226491 -58.3891 91.8505 
2.34e+08 0.0349736 -72.3228 92.2582 
2.35e+08 0.0379733 -51.5779 92.664 
2.36e+08 0.0364455 -33.4784 93.067 
2.37e+08 0.016337 -46.6566 93.4721 
2.38e+08 0.0546024 -48.2671 93.881 
2.39e+08 0.0773382 -44.8083 94.2923 
2.4e+08 0.0667017 -38.3548 94.6981 
2.41e+08 0.0483034 -129.54 95.1055 
2.42e+08 0.0284991 -77.7565 95.5115 
2.43e+08 0.0148247 -62.2122 95.9165 
2.44e+08 0.0299831 -39.6866 96.3367 
2.45e+08 0.0255837 8.95661 96.7606 
2.46e+08 0.0296756 -82.895 97.1848 
2.47e+08 0.0526651 -67.4026 97.6085 
2.48e+08 0.0628264 -16.7321 98.0324 
2.49e+08 0.0502106 -33.6117 98.4564 
2.5e+08 0.0760767 -71.1557 98.8805 
2.51e+08 0.0578638 -59.2701 99.3048 
2.52e+08 0.0360608 -25.041 99.7287 
2.53e+08 0.0353696 -20.7897 100.151 
2.54e+08 0.038803 -59.6479 100.556 
2.55e+08 0.0323634 -71.5432 100.962 
2.56e+08 0.0457529 -37.578 101.365 
2.57e+08 0.0270257 -71.8384 101.771 
2.58e+08 0.0586021 -58.7147 102.175 
2.59e+08 0.0548099 -54.6062 102.582 
2.6e+08 0.0510301 -78.7577 102.987 
2.61e+08 0.0413896 -26.5101 103.395 
2.62e+08 0.0775476 -91.0411 103.802 
2.63e+08 0.0231314 -35.3079 104.211 
2.64e+08 0.0372741 -47.0766 104.613 
2.65e+08 0.0607698 -73.6997 105.015 
2.66e+08 0.0435592 -41.2113 105.415 
2.67e+08 0.0891388 -84.4201 105.815 
2.68e+08 0.0319309 -37.5221 106.217 
2.69e+08 0.0406382 -49.6867 106.618 
2.7e+08 0.0177639 -10.4032 107.018 
2.71e+08 0.0203959 -66.1253 107.421 
2.72e+08 0.0472679 -27.4015 107.822 
2.73e+08 0.0183578 -65.7375 108.233 
2.74e+08 0.0669881 -26.8316 108.638 
2.75e+08 0.0422413 -39.7533 109.04 
2.76e+08 0.0225616 -66.7017 109.443 
2.77e+08 0.0645484 -66.4618 109.844 
2.78e+08 0.0336982 -25.5635 110.26 
2.79e+08 0.0585193 1.13334 110.676 
2.8e+08 0.0418796 -48.2008 111.081 
2.81e+08 0.0536501 -23.015 111.485 
2.82e+08 0.0231582 -72.0203 111.885 
2.83e+08 0.0472018 -87.4187 112.292 
2.84e+08 0.0295364 -86.8285 112.695 
2.85e+08 0.049565 -36.5547 113.098 
2.86e+08 0.0617877 -104.857 113.502 
2.87e+08 0.0230538 -73.9597 113.915 
2.88e+08 0.0681975 -48.5304 114.321 
2.89e+08 0.0348707 -6.35545 114.724 
2.9e+08 0.0602684 -61.9823 115.129 
2.91e+08 0.0345152 -75.5001 115.528 
2.92e+08 0.0316286 -54.2256 115.929 
2.93e+08 0.0185176 -45.2154 116.344 
2.94e+08 0.0574322 -49.6005 116.744 
2.95e+08 0.0305725 -87.1465 117.146 
2.96e+08 0.0738393 -68.3691 117.553 
2.97e+08 0.0437411 -65.6284 117.958 
2.98e+08 0.053428 -51.4289 118.373 
2.99e+08 0.0489655 -85.7829 118.777 
3e+08 0.0194319 -61.1602 119.177 
3.01e+08 0.0343153 -67.9939 119.578 
3.02e+08 0.105566 -67.3607 119.98 
3.03e+08 0.0340156 -59.5765 120.387 
3.04e+08 0.032624 -50.5552 120.787 
3.05e+08 0.020879 -61.9371 121.187 
3.06e+08 0.034988 -49.2601 121.589 
3.07e+08 0.0519287 -85.9239 121.987 
3.08e+08 0.0236946 -30.0147 122.398 
3.09e+08 0.0252155 -53.3201 122.799 
3.1e+08 0.0506751 -46.3334 123.2 
3.11e+08 0.0860646 -36.7707 123.61 
3.12e+08 0.023408 -21.6559 124.021 
3.13e+08 0.0463413 -50.4297 124.431 
3.14e+08 0.0270186 2.9023 124.836 
3.15e+08 0.0548605 -33.2539 125.254 
3.16e+08 0.0334549 -5.83525 125.651 
3.17e+08 0.0513251 -56.3052 126.058 
3.18e+08 0.0216455 -55.7489 126.468 
3.19e+08 0.0439548 -88.3583 126.879 
3.2e+08 0.036591 -65.0712 127.296 
3.21e+08 0.0426322 -68.1695 127.703 
3.22e+08 0.0605941 -80.457 128.114 
3.23e+08 0.0598291 -106.147 128.534 
3.24e+08 0.0507074 -79.2423 128.935 
3.25e+08 0.0483018 -66.0061 129.339 
3.26e+08 0.0236134 -85.9379 129.747 
3.27e+08 0.0320846 -37.6026 130.166 
3.28e+08 0.0693165 -32.7409 130.574 
3.29e+08 0.0300425 -47.9408 130.981 
3.3e+08 0.0542489 -78.001 131.389 
3.31e+08 0.0673581 -65.2509 131.796 
3.32e+08 0.0866005 -31.096 132.215 
3.33e+08 0.0590392 -44.9228 132.619 
3.34e+08 0.0572734 -46.0265 133.037 
3.35e+08 0.0615635 -22.5046 133.445 
3.36e+08 0.041881 -13.5356 133.855 
3.37e+08 0.0448201 -54.9144 134.262 
3.38e+08 0.0258395 -65.5171 134.677 
3.39e+08 0.0333735 -59.9877 135.076 
3.4e+08 0.047865 -52.837 135.478 
3.41e+08 0.0319031 -55.4356 135.873 
3.42e+08 0.0344721 -88.5948 136.266 
3.43e+08 0.0621935 -39.3589 136.666 
3.44e+08 0.0687828 -23.161 137.066 
3.45e+08 0.0289049 -44.9135 137.47 
3.46e+08 0.0167067 -55.4517 137.867 
3.47e+08 0.00850478 -35.9986 138.272 
3.48e+08 0.0131628 -41.4592 138.672 
3.49e+08 0.0575369 -41.123 139.08 
3.5e+08 0.0566427 -37.5968 139.49 
3.51e+08 0.0477715 -26.8209 139.898 
3.52e+08 0.0336231 -19.137 140.309 
3.53e+08 0.0581979 -51.9926 140.714 
3.54e+08 0.0450895 -60.0818 141.12 
3.55e+08 0.0272844 -34.525 141.543 
3.56e+08 0.0177061 -37.5066 141.945 
3.57e+08 0.0383932 -61.0912 142.353 
3.58e+08 0.0355583 -28.9427 142.753 
3.59e+08 0.0294319 -12.1227 143.168 
3.6e+08 0.0680351 -83.502 143.574 
3.61e+08 0.0747386 -49.8124 143.977 
3.62e+08 0.0268007 -56.3669 144.389 
3.63e+08 0.0633403 -28.9131 144.789 
3.64e+08 0.0415585 -69.6269 145.19 
3.65e+08 0.036361 -58.2713 145.588 
3.66e+08 0.0351476 -61.3777 145.989 
3.67e+08 0.0774462 -62.3739 146.396 
3.68e+08 0.0310821 -26.8037 146.8 
3.69e+08 0.0115217 -67.4082 147.199 
3.7e+08 0.0675507 -69.081 147.599 
3.71e+08 0.0387727 -71.0846 148 
3.72e+08 0.0436719 -37.4827 148.424 
3.73e+08 0.054755 -45.2891 148.826 
3.74e+08 0.0490308 -43.459 149.225 
3.75e+08 0.0267101 -39.1849 149.623 
3.76e+08 0.0513023 -79.7212 150.024 
3.77e+08 0.0534524 -61.3845 150.422 
3.78e+08 0.0233283 -54.7137 150.821 
3.79e+08 0.0553085 -56.1696 151.219 
3.8e+08 0.0493247 -55.3086 151.62 
3.81e+08 0.0338474 -26.908 152.019 
3.82e+08 0.0663667 -99.0381 152.423 
3.83e+08 0.0320392 -46.6304 152.822 
3.84e+08 0.0609566 -44.573 153.221 
3.85e+08 0.0526265 -10.9864 153.622 
3.86e+08 0.025205 -69.2877 154.018 
3.87e+08 0.0589848 -98.61 154.417 
3.88e+08 0.0435855 -72.4872 154.809 
3.89e+08 0.0530415 -14.6209 155.202 
3.9e+08 0.0325563 -59.5608 155.604 
3.91e+08 0.0165213 -31.5742 156.005 
3.92e+08 0.0393511 -56.7934 156.413 
3.93e+08 0.103727 -55.0858 156.813 
3.94e+08 0.0335321 -29.0794 157.217 
3.95e+08 0.0435114 -87.4777 157.623 
3.96e+08 0.0342849 -54.9897 158.029 
3.97e+08 0.0514845 -50.8078 158.435 
3.98e+08 0.0507112 -40.1674 158.837 
3.99e+08 0.0425245 -55.4009 159.242 
4e+08 0.0383783 -71.6033 159.644 
4.01e+08 0.0529724 -40.0036 160.061 
4.02e+08 0.0433235 -49.4983 160.465 
4.03e+08 0.044379 -68.2792 160.88 
4.04e+08 0.0439118 -29.4836 161.285 
4.05e+08 0.0534057 -54.3336 161.687 
4.06e+08 0.0539414 -31.7746 162.091 
4.07e+08 0.033872 -7.62253 162.496 
4.08e+08 0.0425639 -92.5333 162.904 
4.09e+08 0.0377906 -46.0863 163.317 
4.1e+08 0.0678155 -15.7205 163.726 
4.11e+08 0.0403551 -61.6805 164.139 
4.12e+08 0.05866 -78.6715 164.536 
4.13e+08 0.0404637 -41.8656 164.937 
4.14e+08 0.0553213 -52.282 165.333 
4.15e+08 0.0328543 -73.1508 165.744 
4.16e+08 0.0534649 -36.6161 166.142 
4.17e+08 0.0601753 -52.4062 166.554 
4.18e+08 0.0382431 -23.58 166.953 
4.19e+08 0.0388822 -58.7815 167.362 
4.2e+08 0.0376401 -46.7782 167.761 
4.21e+08 0.0417632 -37.2548 168.163 
4.22e+08 0.0922185 -47.4267 168.577 
4.23e+08 0.0710154 -32.4613 168.98 
4.24e+08 0.0285059 -49.2533 169.379 
4.25e+08 0.0268245 -53.9006 169.775 
4.26e+08 0.0301453 -40.6121 170.175 
4.27e+08 0.0804731 -71.8674 170.587 
4.28e+08 0.0654617 -20.6745 170.983 
4.29e+08 0.0423064 -46.8123 171.38 
4.3e+08 0.0349684 -57.2367 171.776 
4.31e+08 0.0606793 -40.0509 172.179 
4.32e+08 0.0223567 -38.4626 172.575 
4.33e+08 0.0311338 -37.4542 172.972 
4.34e+08 0.00931939 -39.7992 173.372 
4.35e+08 0.0505853 -30.9011 173.779 
4.36e+08 0.0283137 -67.2685 174.183 
4.37e+08 0.0210692 -26.3157 174.583 
4.38e+08 0.0335092 -46.2954 174.983 
4.39e+08 0.0306336 -77.8451 175.394 
4.4e+08 0.0386489 -58.6357 175.791 
4.41e+08 0.0343021 -63.0359 176.202 
4.42e+08 0.0340704 -34.9481 176.599 
4.43e+08 0.039864 -82.9986 176.999 
4.44e+08 0.0332804 -39.7733 177.401 
4.45e+08 0.0597585 -72.1644 177.803 
4.46e+08 0.0330056 -30.4074 178.199 
4.47e+08 0.0261631 -30.1655 178.599 
4.48e+08 0.0473704 -56.8065 178.997 
4.49e+08 0.0443064 -71.3791 179.394 
4.5e+08 0.0546068 -75.4398 179.792 
4.51e+08 0.0144159 -68.292 180.195 
4.52e+08 0.0186485 -52.8997 180.593 
4.53e+08 0.0556904 -27.7208 180.99 
4.54e+08 0.0335 -45.9171 181.389 
4.55e+08 0.0567 -51.0279 181.784 
4.56e+08 0.00602168 -58.7495 182.182 
4.57e+08 0.0569475 -26.6106 182.576 
4.58e+08 0.0254622 -38.5157 182.969 
4.59e+08 0.0557269 -55.3887 183.377 
4.6e+08 0.0271739 1.40915 183.782 
4.61e+08 0.065834 -95.9305 184.189 
4.62e+08 0.0625298 -95.62 184.602 
4.63e+08 0.0420587 -16.0999 185.002 
4.64e+08 0.0478472 -0.554582 185.406 
4.65e+08 0.0437371 -56.6353 185.805 
4.66e+08 0.0362119 -32.7288 186.208 
4.67e+08 0.0656349 -76.937 186.609 
4.68e+08 0.0209997 -24.7369 187.019 
4.69e+08 0.0438323 -26.7403 187.425 
4.7e+08 0.0440082 -52.7097 187.826 
4.71e+08 0.0463963 -35.2414 188.233 
4.72e+08 0.0478826 -60.4787 188.634 
4.73e+08 0.0642896 -69.3768 189.048 
4.74e+08 0.0334609 -109.251 189.448 
4.75e+08 0.044425 -57.3067 189.861 
4.76e+08 0.0365566 -51.6943 190.26 
4.77e+08 0.0473754 -62.5124 190.66 
4.78e+08 0.0464861 -61.4797 191.063 
4.79e+08 0.02592 -75.2918 191.463 
4.8e+08 0.0460152 -33.3722 191.865 
4.81e+08 0.0434786 -66.0852 192.27 
4.82e+08 0.0394707 -34.8893 192.675 
4.83e+08 0.0365172 -40.7066 193.075 
4.84e+08 0.0790982 -66.9287 193.48 
4.85e+08 0.0649601 -41.934 193.881 
4.86e+08 0.0398632 -18.7493 194.282 
4.87e+08 0.0540917 -23.4967 194.693 
4.88e+08 0.0701329 -56.681 195.09 
4.89e+08 0.0311444 -42.4613 195.49 
4.9e+08 0.0384847 -48.9949 195.886 
4.91e+08 0.011926 -27.9677 196.292 
4.92e+08 0.04909 -79.5518 196.69 
4.93e+08 0.0428776 -71.6788 197.089 
4.94e+08 0.0387513 -89.3826 197.511 
4.95e+08 0.0575719 -50.2027 197.909 
4.96e+08 0.0750388 -80.6519 198.31 
4.97e+08 0.0127008 -59.3942 198.714 
4.98e+08 0.0357576 -31.2555 199.128 
4.99e+08 0.067168 -54.7974 199.529 
5e+08 0.0960595 -23.1196 199.929 
5.01e+08 0.021535 -60.5985 200.336 
5.02e+08 0.035653 -35.6137 200.737 
5.03e+08 0.0105753 -50.5577 201.141 
5.04e+08 0.0211314 -92.6813 201.541 
5.05e+08 0.0905962 -40.9624 201.947 
5.06e+08 0.0372151 -68.8761 202.351 
5.07e+08 0.0267339 -27.4741 202.753 
5.08e+08 0.0524508 -24.323 203.156 
5.09e+08 0.0637514 -66.1133 203.558 
5.1e+08 0.0513867 -40.1803 203.962 
5.11e+08 0.0572234 -34.6527 204.375 
5.12e+08 0.048327 -38.5251 204.782 
5.13e+08 0.0518776 -102.591 205.175 
5.14e+08 0.0172448 -52.6746 205.577 
5.15e+08 0.0784102 -79.7415 205.979 
5.16e+08 0.0533259 -38.3187 206.382 
5.17e+08 0.0255334 -32.5248 206.787 
5.18e+08 0.0636262 -28.5894 207.209 
5.19e+08 0.0672362 -38.3415 207.629 
5.2e+08 0.0790644 -54.6063 208.043 
5.21e+08 0.0243408 -51.4698 208.449 
5.22e+08 0.0326589 -69.0352 208.868 
5.23e+08 0.0411258 -74.9187 209.269 
5.24e+08 0.0714844 -33.3314 209.687 
5.25e+08 0.0515092 -56.9018 210.096 
5.26e+08 0.0518208 -125.966 210.499 
5.27e+08 0.0185938 -72.9988 210.902 
5.28e+08 0.0441081 -36.4414 211.304 
5.29e+08 0.0801514 -39.2574 211.706 
5.3e+08 0.0113806 -39.871 212.113 
5.31e+08 0.0569484 -66.6147 212.527 
5.32e+08 0.0318759 -52.0113 212.929 
5.33e+08 0.0414527 -39.1213 213.33 
5.34e+08 0.0251204 -54.8972 213.734 
5.35e+08 0.0456462 -66.6484 214.136 
5.36e+08 0.0417279 -91.9734 214.539 
5.37e+08 0.0474246 -39.1397 214.94 
5.38e+08 0.0273808 -66.5868 215.344 
5.39e+08 0.0185516 -46.6491 215.753 
5.4e+08 0.0400581 -46.0959 216.161 
5.41e+08 0.0312185 -79.0023 216.563 
5.42e+08 0.0668506 -57.3437 216.96 
5.43e+08 0.0503148 -44.8128 217.363 
5.44e+08 0.0460575 -28.7783 217.761 
5.45e+08 0.0253601 -59.4727 218.164 
5.46e+08 0.0379798 -15.7511 218.569 
5.47e+08 0.0317608 -38.1891 218.973 
5.48e+08 0.0258655 -51.1975 219.378 
5.49e+08 0.0401434 -46.1661 219.782 
5.5e+08 0.0503703 -45.7005 220.194 
5.51e+08 0.00999328 -32.5379 220.594 
5.52e+08 0.0279234 -51.9982 220.994 
5.53e+08 0.0395849 -64.4987 221.392 
5.54e+08 0.0406235 -5.03186 221.79 
5.55e+08 0.043156 -44.4223 222.19 
5.56e+08 0.0384245 -56.1243 222.59 
5.57e+08 0.0621774 -32.4267 222.989 
5.58e+08 0.0550006 -87.7815 223.389 
5.59e+08 0.0587187 -27.2082 223.787 
5.6e+08 0.02854 -46.7796 224.193 
5.61e+08 0.0419041 -53.8877 224.587 
5.62e+08 0.0719435 -68.5488 224.98 
5.63e+08 0.0332216 -36.195 225.374 
5.64e+08 0.0454795 -82.1305 225.769 
5.65e+08 0.0694343 -66.9615 226.167 
5.66e+08 0.0387963 -41.9811 226.562 
5.67e+08 0.109856 -39.0557 226.955 
5.68e+08 0.0433314 -27.4861 227.348 
5.69e+08 0.0594974 -56.2013 227.744 
5.7e+08 0.0652862 -59.1244 228.147 
5.71e+08 0.0931432 -79.859 228.552 
5.72e+08 0.0539232 -71.1718 228.954 
5.73e+08 0.0863819 -75.0325 229.355 
5.74e+08 0.0529227 -35.9011 229.759 
5.75e+08 0.0508112 -44.2952 230.159 
5.76e+08 0.024382 -49.8745 230.559 
5.77e+08 0.0388034 -29.7911 230.957 
5.78e+08 0.0518425 -60.8024 231.355 
5.79e+08 0.0227431 -42.3913 231.753 
5.8e+08 0.0192783 -61.8574 232.158 
5.81e+08 0.0437302 -52.1246 232.554 
5.82e+08 0.0427652 -43.8347 232.949 
5.83e+08 0.0387296 -54.8307 233.341 
5.84e+08 0.0791111 -55.3076 233.736 
5.85e+08 0.0210377 -30.9048 234.129 
5.86e+08 0.0195999 -47.2136 234.525 
5.87e+08 0.0696258 -23.6006 234.921 
5.88e+08 0.0423887 -56.4349 235.319 
5.89e+08 0.0640601 -84.8858 235.715 
5.9e+08 0.0454733 -34.0391 236.109 
5.91e+08 0.0278158 -58.0108 236.502 
5.92e+08 0.0430973 -57.1212 236.894 
5.93e+08 0.0574428 -57.3583 237.294 
5.94e+08 0.0713088 -55.5103 237.687 
5.95e+08 0.0138435 -60.4041 238.079 
5.96e+08 0.0359318 -40.4279 238.476 
5.97e+08 0.021194 -56.4715 238.894 
5.98e+08 0.0351033 -78.7467 239.294 
5.99e+08 0.047619 -86.3057 239.687 
6e+08 0.0349573 -27.0722 240.08 
6.01e+08 0.0325841 -68.3409 240.485 
6.02e+08 0.0470211 -72.2174 240.878 
6.03e+08 0.0683265 -50.6995 241.274 
6.04e+08 0.0135906 -60.0308 241.674 
6.05e+08 0.0571738 -29.292 242.098 
6.06e+08 0.0630858 -48.5308 242.519 
6.07e+08 0.0822675 -73.4111 242.921 
6.08e+08 0.0205305 -61.6906 243.342 
6.09e+08 0.0703144 -84.8282 243.766 
6.1e+08 0.0288147 -36.0291 244.19 
6.11e+08 0.0130377 -53.1852 244.613 
6.12e+08 0.0385344 -68.5248 245.037 
6.13e+08 0.0361496 -26.0953 245.461 
6.14e+08 0.0246654 -45.5324 245.884 
6.15e+08 0.0578041 -65.5373 246.308 
6.16e+08 0.0721054 -42.3792 246.731 
6.17e+08 0.0336136 -68.1104 247.138 
6.18e+08 0.0356685 -32.4063 247.549 
6.19e+08 0.0389003 -32.1318 247.955 
6.2e+08 0.0245038 -72.299 248.374 
6.21e+08 0.0454995 -47.9329 248.782 
6.22e+08 0.0478461 -47.5257 249.186 
6.23e+08 0.0711601 -61.7175 249.591 
6.24e+08 0.018858 -58.3623 249.991 
6.25e+08 0.0422065 -27.1848 250.405 
6.26e+08 0.0482734 -49.9696 250.805 
6.27e+08 0.0369551 -71.5624 251.205 
6.28e+08 0.0178678 -65.4693 251.607 
6.29e+08 0.0395071 -17.0293 252.007 
6.3e+08 0.0162975 -38.4676 252.412 
6.31e+08 0.0575805 -40.2047 252.825 
6.32e+08 0.0530529 -57.7139 253.225 
6.33e+08 0.0620234 -34.1614 253.637 
6.34e+08 0.0245344 -34.1185 254.051 
6.35e+08 0.0152212 -54.9082 254.45 
6.36e+08 0.0261619 -58.476 254.864 
6.37e+08 0.0293693 -74.7319 255.265 
6.38e+08 0.0649299 -35.8016 255.663 
6.39e+08 0.0365591 -41.7681 256.068 
6.4e+08 0.0615383 -51.7453 256.468 
6.41e+08 0.0303185 2.8665 256.88 
6.42e+08 0.0362351 -68.5017 257.285 
6.43e+08 0.049362 -38.1024 257.684 
6.44e+08 0.0199662 -85.3388 258.083 
6.45e+08 0.017076 -47.8498 258.484 
6.46e+08 0.00750931 -30.8728 258.893 
6.47e+08 0.0235504 -58.1485 259.298 
6.48e+08 0.0698524 -86.1174 259.7 
6.49e+08 0.0404285 -50.1473 260.103 
6.5e+08 0.0469076 -36.3379 260.504 
6.51e+08 0.0271769 -49.177 260.904 
6.52e+08 0.019208 -51.0775 261.303 
6.53e+08 0.0231444 3.54012 261.705 
6.54e+08 0.0515915 -73.4703 262.102 
6.55e+08 0.038079 -84.6413 262.503 
6.56e+08 0.0651063 -68.4222 262.904 
6.57e+08 0.0426342 -66.0989 263.302 
6.58e+08 0.0586069 -73.9056 263.712 
6.59e+08 0.0901174 -37.0408 264.12 
6.6e+08 0.0292948 -18.7772 264.539 
6.61e+08 0.0642754 -71.8351 264.963 
6.62e+08 0.0120114 -73.9339 265.387 
6.63e+08 0.0496251 -49.2818 265.81 
6.64e+08 0.0495702 -29.0794 266.234 
6.65e+08 0.0427225 -59.8985 266.658 
6.66e+08 0.0336481 -28.4199 267.082 
6.67e+08 0.00984416 -34.4027 267.506 
6.68e+08 0.0260561 -53.0818 267.93 
6.69e+08 0.0458733 -69.323 268.354 
6.7e+08 0.0474626 -72.7245 268.763 
6.71e+08 0.0506862 -14.5099 269.177 
6.72e+08 0.0455244 -55.31 269.578 
6.73e+08 0.0611109 -32.8155 269.977 
6.74e+08 0.0187142 -62.1279 270.376 
6.75e+08 0.0148268 -51.0095 270.776 
6.76e+08 0.0307341 -51.2485 271.173 
6.77e+08 0.0336358 -75.3759 271.586 
6.78e+08 0.0507354 -67.346 271.983 
6.79e+08 0.0530125 -83.0277 272.386 
6.8e+08 0.0306422 -88.0047 272.788 
6.81e+08 0.0593836 -51.461 273.186 
6.82e+08 0.0792374 -81.2554 273.587 
6.83e+08 0.0270362 -36.5834 273.985 
6.84e+08 0.0473251 -55.7708 274.399 
6.85e+08 0.0573437 -8.61829 274.808 
6.86e+08 0.026649 -59.2814 275.208 
6.87e+08 0.0648708 -44.7558 275.606 
6.88e+08 0.0493061 -49.8914 276.006 
6.89e+08 0.0288669 -65.669 276.409 
6.9e+08 0.0756012 -48.0397 276.806 
6.91e+08 0.0381992 -19.4522 277.216 
6.92e+08 0.0422131 -18.4609 277.618 
6.93e+08 0.0515015 -66.6672 278.016 
6.94e+08 0.0407173 -50.1591 278.416 
6.95e+08 0.040356 -60.5481 278.813 
6.96e+08 0.0262376 -46.0639 279.212 
6.97e+08 0.0381395 -45.3686 279.611 
6.98e+08 0.0423238 -70.8726 280.011 
6.99e+08 0.0308881 -43.5582 280.424 
7e+08 0.0955484 -36.2847 280.825 
7.01e+08 0.05894 -77.9883 281.225 
7.02e+08 0.0505746 -54.4367 281.625 
7.03e+08 0.0272876 -26.0374 282.024 
7.04e+08 0.0896352 -31.9023 282.422 
7.05e+08 0.0471761 -77.8367 282.831 
7.06e+08 0.0716415 -46.1379 283.234 
7.07e+08 0.031006 -24.4791 283.634 
7.08e+08 0.0301243 -9.0659 284.036 
7.09e+08 0.0357389 -26.7001 284.459 
7.1e+08 0.0293841 -42.1571 284.883 
7.11e+08 0.0427347 -67.6245 285.307 
7.12e+08 0.0440812 -65.2026 285.725 
7.13e+08 0.0695556 -40.7505 286.123 
7.14e+08 0.0221764 -58.1695 286.522 
7.15e+08 0.0612573 -81.965 286.914 
7.16e+08 0.0512383 -63.6912 287.307 
7.17e+08 0.0571312 3.3025 287.699 
7.18e+08 0.0242241 -24.3787 288.092 
7.19e+08 0.0376701 -32.2371 288.485 
7.2e+08 0.0283499 -82.4204 288.881 
7.21e+08 0.0808113 -78.0424 289.275 
7.22e+08 0.0347743 -60.621 289.67 
7.23e+08 0.077492 -35.4133 290.088 
7.24e+08 0.0505553 -54.2397 290.499 
7.25e+08 0.0275503 -8.26744 290.901 
7.26e+08 0.0543236 -73.8567 291.316 
7.27e+08 0.0443539 -48.134 291.718 
7.28e+08 0.0272422 -63.8611 292.134 
7.29e+08 0.0209425 -42.283 292.538 
7.3e+08 0.0479355 -59.3345 292.938 
7.31e+08 0.0385544 -37.4177 293.342 
7.32e+08 0.0530585 -51.1004 293.746 
7.33e+08 0.0742908 -85.694 294.159 
7.34e+08 0.0199782 -47.8252 294.565 
7.35e+08 0.0297247 -34.0177 294.982 
7.36e+08 0.0456217 -23.597 295.378 
7.37e+08 0.0146019 -35.5334 295.78 
7.38e+08 0.0803461 -51.7392 296.188 
7.39e+08 0.046982 -81.1133 296.596 
7.4e+08 0.0431617 -65.5683 296.998 
7.41e+08 0.0435697 -20.8539 297.394 
7.42e+08 0.0368863 -78.114 297.796 
7.43e+08 0.0551267 -49.3294 298.193 
7.44e+08 0.0467272 -62.3866 298.6 
7.45e+08 0.0193085 -35.179 299.014 
7.46e+08 0.0481289 -78.6329 299.42 
7.47e+08 0.0540823 -77.4314 299.824 
7.48e+08 0.0474543 -74.672 300.227 
7.49e+08 0.0688594 -95.5585 300.63 
7.5e+08 0.0455779 -66.2908 301.035 
7.51e+08 0.0552881 -76.2377 301.45 
7.52e+08 0.0358116 -47.5029 301.857 
7.53e+08 0.0218153 -51.4652 302.264 
7.54e+08 0.0294962 -74.8507 302.662 
7.55e+08 0.0280859 -64.3073 303.075 
7.56e+08 0.04112 -72.4578 303.484 
7.57e+08 0.05098 -49.9419 303.887 
7.58e+08 0.0475248 -30.4243 304.29 
7.59e+08 0.0456004 -29.7364 304.689 
7.6e+08 0.0448082 -52.4546 305.096 
7.61e+08 0.0833379 -62.1234 305.489 
7.62e+08 0.0240607 -42.7207 305.881 
7.63e+08 0.0503827 -81.6738 306.273 
7.64e+08 0.0396663 -42.4727 306.665 
7.65e+08 0.0534761 -19.6674 307.056 
7.66e+08 0.0504351 -9.62934 307.448 
7.67e+08 0.0396968 -63.0093 307.842 
7.68e+08 0.0390881 -43.673 308.234 
7.69e+08 0.0413815 -68.5789 308.629 
7.7e+08 0.0534827 -71.7677 309.046 
7.71e+08 0.0809264 -90.3013 309.47 
7.72e+08 0.0370215 -50.827 309.894 
7.73e+08 0.0559917 -73.0794 310.317 
7.74e+08 0.0181021 -29.7585 310.741 
7.75e+08 0.0273074 -47.1715 311.164 
7.76e+08 0.0270944 -29.1674 311.588 
7.77e+08 0.0414719 -54.4813 312.011 
7.78e+08 0.016156 16.1285 312.434 
7.79e+08 0.0330044 -55.6551 312.858 
7.8e+08 0.038364 -48.0009 313.281 
7.81e+08 0.0323218 -15.6539 313.704 
7.82e+08 0.0190018 -75.4674 314.127 
7.83e+08 0.0609783 -31.5729 314.544 
7.84e+08 0.0298395 -13.8919 314.946 
7.85e+08 0.0482986 -30.986 315.347 
7.86e+08 0.0563131 -52.8363 315.746 
7.87e+08 0.0615864 -26.3968 316.159 
7.88e+08 0.0516855 -59.548 316.569 
7.89e+08 0.0258136 -21.7806 316.988 
7.9e+08 0.0773154 -117.495 317.396 
7.91e+08 0.0593427 -21.3206 317.804 
7.92e+08 0.0561648 -29.4087 318.211 
7.93e+08 0.0522493 -43.2804 318.623 
7.94e+08 0.0948898 -62.1341 319.035 
7.95e+08 0.0163764 -57.641 319.452 
7.96e+08 0.0365681 -107.373 319.858 
7.97e+08 0.0633645 -78.8915 320.267 
7.98e+08 0.0424789 -53.6736 320.668 
7.99e+08 0.0697626 -31.9913 321.074 
8e+08 0.06397 -91.1542 321.476 
8.01e+08 0.046705 -32.4102 321.885 
8.02e+08 0.0359113 -81.5456 322.308 
8.03e+08 0.0247054 -70.5643 322.714 
8.04e+08 0.0601026 -55.8755 323.114 
8.05e+08 0.0135911 -64.058 323.512 
8.06e+08 0.0330906 -61.0001 323.91 
8.07e+08 0.0471603 -75.4934 324.323 
8.08e+08 0.0535569 -68.6508 324.733 
8.09e+08 0.025852 -60.9106 325.129 
8.1e+08 0.0452089 -51.74 325.53 
8.11e+08 0.0287203 -58.0248 325.923 
8.12e+08 0.0287739 -57.2105 326.32 
8.13e+08 0.0524139 -47.5354 326.717 
8.14e+08 0.0290974 11.3612 327.118 
8.15e+08 0.0408598 -49.0794 327.521 
8.16e+08 0.0204539 -80.3473 327.917 
8.17e+08 0.0687897 -20.2043 328.313 
8.18e+08 0.0887094 -71.3804 328.721 
8.19e+08 0.0264296 -50.2573 329.136 
8.2e+08 0.0600335 -50.1449 329.56 
8.21e+08 0.0185419 -61.3398 329.976 
8.22e+08 0.0199805 -77.089 330.381 
8.23e+08 0.021172 -71.0436 330.783 
8.24e+08 0.0365286 -126.522 331.179 
8.25e+08 0.0563131 -74.6047 331.587 
8.26e+08 0.0592682 -58.1654 332 
8.27e+08 0.0274364 -23.4632 332.415 
8.28e+08 0.0408345 -33.994 332.825 
8.29e+08 0.0484082 -87.6928 333.24 
8.3e+08 0.0533247 -30.9256 333.653 
8.31e+08 0.0113195 -55.8406 334.058 
8.32e+08 0.0474129 -23.9509 334.467 
8.33e+08 0.0517419 -62.1179 334.87 
8.34e+08 0.0479337 -33.6424 335.277 
8.35e+08 0.0536043 -93.0902 335.684 
8.36e+08 0.0132485 -31.6148 336.091 
8.37e+08 0.0470188 -75.7565 336.5 
8.38e+08 0.0430334 -15.5915 336.907 
8.39e+08 0.0663962 -50.3646 337.313 
8.4e+08 0.0427001 -70.9375 337.715 
8.41e+08 0.0255783 -38.3909 338.114 
8.42e+08 0.0449231 -81.3809 338.517 
8.43e+08 0.0744479 -94.8478 338.918 
8.44e+08 0.0343089 -71.8039 339.32 
8.45e+08 0.0339726 -46.9394 339.722 
8.46e+08 0.0334716 -107.337 340.129 
8.47e+08 0.0634657 -55.5888 340.532 
8.48e+08 0.0248019 -76.223 340.933 
8.49e+08 0.0594694 -68.7474 341.334 
8.5e+08 0.0658707 -42.9429 341.736 
8.51e+08 0.0124767 -69.6535 342.147 
8.52e+08 0.0218891 -22.1375 342.552 
8.53e+08 0.069832 -38.3988 342.955 
8.54e+08 0.0534483 -29.6378 343.362 
8.55e+08 0.0479551 -25.4189 343.771 
8.56e+08 0.075384 -27.6275 344.177 
8.57e+08 0.0597955 -89.4095 344.574 
8.58e+08 0.0123991 -67.2221 344.973 
8.59e+08 0.0175117 -56.8885 345.371 
8.6e+08 0.0121934 -71.6094 345.77 
8.61e+08 0.0150224 -61.4249 346.169 
8.62e+08 0.0480514 -69.7714 346.567 
8.63e+08 0.0536196 -54.5183 346.978 
8.64e+08 0.0374673 -63.0136 347.376 
8.65e+08 0.051454 -51.8536 347.773 
8.66e+08 0.119837 -45.0064 348.184 
8.67e+08 0.0429087 -41.2152 348.583 
8.68e+08 0.0607097 -28.3928 348.982 
8.69e+08 0.0400648 -87.2117 349.379 
8.7e+08 0.0249418 -47.8791 349.777 
8.71e+08 0.00808079 -62.677 350.174 
8.72e+08 0.0379073 -41.7496 350.571 
8.73e+08 0.0484338 -52.8811 350.965 
8.74e+08 0.0408949 -67.4183 351.362 
8.75e+08 0.0345125 -108.187 351.763 
8.76e+08 0.0555822 -45.5873 352.162 
8.77e+08 0.0272532 -22.2875 352.554 
8.78e+08 0.00950533 -76.0717 352.946 
8.79e+08 0.0230416 -32.5282 353.344 
8.8e+08 0.0452069 -33.8086 353.738 
8.81e+08 0.063828 -59.2774 354.145 
8.82e+08 0.0603648 -40.3264 354.568 
8.83e+08 0.0226845 -25.3975 354.983 
8.84e+08 0.0606146 -41.2665 355.407 
8.85e+08 0.0617947 -40.5789 355.831 
8.86e+08 0.0402709 -72.3506 356.255 
8.87e+08 0.0727017 -63.4729 356.661 
8.88e+08 0.0646051 -57.8067 357.082 
8.89e+08 0.0397781 -36.604 357.506 
8.9e+08 0.079617 -62.227 357.923 
8.91e+08 0.0695831 -37.2725 358.337 
8.92e+08 0.0293043 -72.5925 358.761 
8.93e+08 0.0552928 -39.1883 359.176 
8.94e+08 0.0545577 -44.1261 359.599 
8.95e+08 0.0574794 -46.0837 360.021 
8.96e+08 0.0358883 -28.6848 360.44 
8.97e+08 0.0877788 -80.078 360.854 
8.98e+08 0.0607079 -74.3294 361.271 
8.99e+08 0.0623367 -47.0737 361.676 
9e+08 0.044741 -60.1306 362.099 
9.01e+08 0.0393043 -53.3741 362.509 
9.02e+08 0.0663394 -91.3063 362.914 
9.03e+08 0.0571347 -93.8926 363.327 
9.04e+08 0.0177789 -103.751 363.727 
9.05e+08 0.0598465 -31.3494 364.134 
9.06e+08 0.0546757 -47.6373 364.537 
9.07e+08 0.0506924 -79.9712 364.938 
9.08e+08 0.0346152 -53.145 365.34 
9.09e+08 0.0723666 -55.0435 365.739 
9.1e+08 0.0184177 -73.4575 366.144 
9.11e+08 0.103081 -42.7478 366.548 
9.12e+08 0.0329367 -26.916 366.952 
9.13e+08 0.0847073 -90.8344 367.36 
9.14e+08 0.0304097 -46.2033 367.763 
9.15e+08 0.026512 -81.7163 368.17 
9.16e+08 0.0444721 -69.5999 368.585 
9.17e+08 0.0370512 -49.7616 368.987 
9.18e+08 0.0550646 -10.9313 369.389 
9.19e+08 0.0419802 -51.5423 369.791 
9.2e+08 0.0788295 -39.9554 370.192 
9.21e+08 0.0459997 -50.8028 370.593 
9.22e+08 0.00699821 -3.63462 370.995 
9.23e+08 0.0342859 -80.5461 371.394 
9.24e+08 0.0263273 -83.5579 371.797 
9.25e+08 0.0337868 -2.34012 372.194 
9.26e+08 0.0429561 -68.0814 372.594 
9.27e+08 0.0423764 -32.6584 372.991 
9.28e+08 0.0217537 -37.913 373.391 
9.29e+08 0.0621022 -40.4759 373.8 
9.3e+08 0.0602551 -31.5602 374.206 
9.31e+08 0.0297931 -47.232 374.606 
9.32e+08 0.0737461 -60.0408 375.005 
9.33e+08 0.0321915 -71.7247 375.403 
9.34e+08 0.0208747 1.11276 375.803 
9.35e+08 0.0200647 -39.9765 376.209 
9.36e+08 0.0218501 -79.7198 376.606 
9.37e+08 0.0195257 -42.773 377.008 
9.38e+08 0.0445952 -55.4507 377.421 
9.39e+08 0.0159309 -40.6271 377.819 
9.4e+08 0.0570338 -69.3175 378.224 
9.41e+08 0.0804811 -97.5606 378.626 
9.42e+08 0.050449 -60.5051 379.025 
9.43e+08 0.0298145 -44.1528 379.428 
9.44e+08 0.0536591 -1.71614 379.826 
9.45e+08 0.073736 -68.2552 380.231 
9.46e+08 0.0414108 -71.3841 380.633 
9.47e+08 0.0597661 -33.6729 381.034 
9.48e+08 0.0180874 -62.587 381.434 
9.49e+08 0.0294856 -41.4501 381.835 
9.5e+08 0.00361272 -90.587 382.235 
9.51e+08 0.031754 -59.704 382.634 
9.52e+08 0.0661496 -24.2025 383.034 
9.53e+08 0.0514326 -87.1048 383.432 
9.54e+08 0.0403456 -43.7154 383.833 
9.55e+08 0.0508688 -63.2476 384.241 
9.56e+08 0.069063 -64.6212 384.665 
9.57e+08 0.0355582 -27.9054 385.089 
9.58e+08 0.0179395 -69.8865 385.512 
9.59e+08 0.0497893 -22.6315 385.937 
9.6e+08 0.0453698 -86.3804 386.361 
9.61e+08 0.0919206 -67.7524 386.784 
9.62e+08 0.0737377 -68.4821 387.208 
9.63e+08 0.0242464 -52.9282 387.632 
9.64e+08 0.0704319 -48.6199 388.055 
9.65e+08 0.0189986 -63.5123 388.454 
9.66e+08 0.0408109 -55.882 388.853 
9.67e+08 0.0544635 -46.2232 389.256 
9.68e+08 0.0539077 -36.4469 389.654 
9.69e+08 0.0847096 -85.3698 390.052 
9.7e+08 0.0554578 -109.217 390.451 
9.71e+08 0.0840244 -59.5701 390.851 
9.72e+08 0.0352668 -90.9479 391.248 
9.73e+08 0.0380426 -58.9056 391.649 
9.74e+08 0.0390206 -19.1099 392.052 
9.75e+08 0.0476267 -22.4206 392.452 
9.76e+08 0.013426 -63.1108 392.851 
9.77e+08 0.059114 -54.418 393.248 
9.78e+08 0.0351514 -70.2772 393.648 
9.79e+08 0.0536341 -36.4304 394.045 
9.8e+08 0.0423471 -19.0668 394.449 
9.81e+08 0.050003 -14.0909 394.85 
9.82e+08 0.0415981 -49.9273 395.25 
9.83e+08 0.0309544 -94.0985 395.654 
9.84e+08 0.0246322 -30.8421 396.059 
9.85e+08 0.0406265 -64.0655 396.462 
9.86e+08 0.0354961 1.3146 396.855 
9.87e+08 0.0452952 -67.1602 397.249 
9.88e+08 0.0932847 -25.9178 397.641 
9.89e+08 0.0392298 -77.166 398.039 
9.9e+08 0.0317754 -32.3671 398.435 
9.91e+08 0.0648016 -27.9863 398.843 
9.92e+08 0.072628 -69.4721 399.267 
9.93e+08 0.0542505 -66.824 399.691 
9.94e+08 0.0517383 -74.4846 400.115 
9.95e+08 0.0396308 -17.477 400.539 
9.96e+08 0.0384895 -92.1966 400.962 
9.97e+08 0.0274866 -74.3219 401.386 
9.98e+08 0.0496048 -48.1558 401.81 
9.99e+08 0.0294543 -38.5374 402.228 
1e+09 0.0473438 -77.064 402.635 
