0 0.0378295 26.0846 0 
1e+06 0.0625681 -30.3992 0.42853 
2e+06 0.0407652 -33.0609 0.857769 
3e+06 0.0224952 -56.3903 1.2865 
4e+06 0.0435262 -64.7001 1.71512 
5e+06 0.0591547 -60.4375 2.14362 
6e+06 0.0847549 -70.8648 2.5723 
7e+06 0.0310707 -46.2373 3.00092 
8e+06 0.0527844 -44.9909 3.42964 
9e+06 0.0637962 -29.9365 3.85826 
1e+07 0.0458361 -5.53202 4.28727 
1.1e+07 0.0417417 -79.1093 4.7157 
1.2e+07 0.0265656 -39.2632 5.14441 
1.3e+07 0.0428049 -38.0091 5.57307 
1.4e+07 0.0475164 -51.7616 6.00277 
1.5e+07 0.0246339 -36.2062 6.43154 
1.6e+07 0.0305688 -63.066 6.86029 
1.7e+07 0.0399972 -55.9688 7.28898 
1.8e+07 0.0685617 -34.1577 7.71776 
1.9e+07 0.0170321 -2.41037 8.14654 
2e+07 0.0473394 -72.6282 8.57526 
2.1e+07 0.0196324 -27.0086 9.00408 
2.2e+07 0.057669 -90.6737 9.43274 
2.3e+07 0.0459472 -65.5633 9.86134 
2.4e+07 0.0561132 -33.4855 10.2901 
2.5e+07 0.0491529 -51.8327 10.7189 
2.6e+07 0.0174317 -47.9403 11.1476 
2.7e+07 0.0459784 -42.8204 11.5766 
2.8e+07 0.102668 -46.0041 12.0056 
2.9e+07 0.0112607 -44.0901 12.4343 
3e+07 0.0379319 -21.0285 12.863 
3.1e+07 0.089849 -67.6421 13.2919 
3.2e+07 0.0329407 -59.1642 13.7206 
3.3e+07 0.0547683 15.067 14.1496 
3.4e+07 0.0659793 -39.435 14.5784 
3.5e+07 0.0461825 -28.0965 15.0073 
3.6e+07 0.0657181 -30.1681 15.4363 
3.7e+07 0.0385477 -39.0348 15.8651 
3.8e+07 0.0348998 -37.5281 16.2938 
3.9e+07 0.0201233 -47.9339 16.7226 
4e+07 0.0434557 -52.3528 17.1514 
4.1e+07 0.0576639 -21.319 17.5801 
4.2e+07 0.0561804 -94.7534 18.0089 
4.3e+07 0.0583464 -60.9837 18.439 
4.4e+07 0.012869 -50.8934 18.8692 
4.5e+07 0.0663692 -34.3145 19.2995 
4.6e+07 0.0375984 -79.0266 19.7299 
4.7e+07 0.031052 -68.9372 20.1601 
4.8e+07 0.0560592 -1.60599 20.5907 
4.9e+07 0.0282437 -110.84 21.021 
5e+07 0.0351518 -39.1359 21.4512 
5.1e+07 0.017691 -45.1709 21.8814 
5.2e+07 0.0240191 -25.6546 22.3109 
5.3e+07 0.0494589 -84.8547 22.7395 
5.4e+07 0.0694415 -74.5341 23.1682 
5.5e+07 0.0596579 -50.522 23.5969 
5.6e+07 0.0674573 -73.8896 24.0257 
5.7e+07 0.0200305 -20.1759 24.4545 
5.8e+07 0.0470421 -46.4454 24.8832 
5.9e+07 0.0455898 -43.7919 25.312 
6e+07 0.0511037 -34.7817 25.7409 
6.1e+07 0.05682 -32.2054 26.1697 
6.2e+07 0.0452523 -59.5011 26.6 
6.3e+07 0.060829 -43.7924 27.0305 
6.4e+07 0.024662 -65.1024 27.4608 
6.5e+07 0.0472752 -70.5778 27.8908 
6.6e+07 0.0465745 -46.2778 28.3209 
6.7e+07 0.0288347 -78.0369 28.7507 
6.8e+07 0.02939 -35.189 29.1808 
6.9e+07 0.0425451 -58.8699 29.611 
7e+07 0.049815 -52.7149 30.041 
7.1e+07 0.0118748 -42.203 30.471 
7.2e+07 0.0529682 -63.9347 30.9009 
7.3e+07 0.0133868 -100.926 31.3309 
7.4e+07 0.029453 -63.3939 31.7607 
7.5e+07 0.0119269 -49.5897 32.1907 
7.6e+07 0.0302023 -40.1835 32.6206 
7.7e+07 0.0528802 -30.7146 33.0506 
7.8e+07 0.0665772 -51.9403 33.4803 
7.9e+07 0.0584211 -68.1238 33.9105 
8e+07 0.0267635 -8.21502 34.3407 
8.1e+07 0.0660471 -52.4521 34.7704 
8.2e+07 0.0263587 -48.7528 35.2002 
8.3e+07 0.0311491 -27.4391 35.6299 
8.4e+07 0.0694619 -58.0268 36.0598 
8.5e+07 0.0334083 -57.8137 36.4897 
8.6e+07 0.029933 -31.5943 36.9198 
8.7e+07 0.0424508 -57.988 37.3496 
8.8e+07 0.0467816 -28.8933 37.7796 
8.9e+07 0.0620553 -84.9029 38.2097 
9e+07 0.047018 -77.9836 38.6396 
9.1e+07 0.0273426 -53.9843 39.0695 
9.2e+07 0.0251579 -63.7352 39.4994 
9.3e+07 0.0649648 -24.6387 39.9289 
9.4e+07 0.0227434 -89.7477 40.3588 
9.5e+07 0.075774 -98.9405 40.7887 
9.6e+07 0.0457413 -31.449 41.2187 
9.7e+07 0.0410758 -85.2473 41.6487 
9.8e+07 0.0150575 2.2191 42.079 
9.9e+07 0.0444838 -19.4351 42.5091 
1e+08 0.0235827 -27.3015 42.939 
1.01e+08 0.0148118 -79.9725 43.369 
1.02e+08 0.0335599 -66.9718 43.7982 
1.03e+08 0.0166017 -8.37112 44.2268 
1.04e+08 0.0688345 -118.54 44.655 
1.05e+08 0.0637533 -65.4829 45.0834 
1.06e+08 0.0345707 -86.0277 45.5117 
1.07e+08 0.0552502 -94.3054 45.9401 
1.08e+08 0.0570932 -50.5093 46.3685 
1.09e+08 0.0587607 -58.394 46.7974 
1.1e+08 0.0286154 -32.9618 47.2258 
1.11e+08 0.0178795 -54.9347 47.6551 
1.12e+08 0.0366744 -53.8016 48.0837 
1.13e+08 0.0314396 -52.5849 48.5122 
1.14e+08 0.0504012 -34.609 48.9406 
1.15e+08 0.0644137 -8.80248 49.3691 
1.16e+08 0.0522622 -56.9694 49.7974 
1.17e+08 0.0760157 -95.9528 50.2257 
1.18e+08 0.045545 -54.1796 50.6542 
1.19e+08 0.0957706 -38.987 51.0827 
1.2e+08 0.0645357 -55.1023 51.5113 
1.21e+08 0.0458792 -98.3528 51.9399 
1.22e+08 0.06988 -62.3613 52.3685 
1.23e+08 0.0410254 -63.187 52.7969 
1.24e+08 0.0478992 -40.9579 53.2255 
1.25e+08 0.0462612 -49.6512 53.654 
1.26e+08 0.020093 -24.2655 54.0825 
1.27e+08 0.0454956 -47.6771 54.5112 
1.28e+08 0.0225944 -60.7075 54.9398 
1.29e+08 0.0438237 -48.3799 55.3687 
1.3e+08 0.0603506 -101.984 55.7974 
1.31e+08 0.019214 -43.9361 56.2264 
1.32e+08 0.0382711 -22.2776 56.6553 
1.33e+08 0.0698697 -32.8966 57.0842 
1.34e+08 0.0774872 -67.1037 57.513 
1.35e+08 0.0772359 -63.1822 57.9418 
1.36e+08 0.0611289 -55.1584 58.3706 
1.37e+08 0.0626138 -58.3236 58.7994 
1.38e+08 0.0797945 -52.9588 59.2282 
1.39e+08 0.0266023 -33.0618 59.6568 
1.4e+08 0.039402 -47.5915 60.0857 
1.41e+08 0.0512742 -47.3825 60.5145 
1.42e+08 0.0767552 -92.6864 60.9433 
1.43e+08 0.0390086 -0.00291043 61.3722 
1.44e+08 0.0667096 -43.3726 61.801 
1.45e+08 0.0690035 -39.5361 62.2299 
1.46e+08 0.039261 -114.067 62.6587 
1.47e+08 0.0323045 -78.1695 63.0875 
1.48e+08 0.066524 -16.2048 63.5164 
1.49e+08 0.0595646 -68.6004 63.9451 
1.5e+08 0.0429373 -58.2591 64.374 
1.51e+08 0.0514881 -87.06 64.8036 
1.52e+08 0.0211492 -50.0167 65.2333 
1.53e+08 0.0424472 -43.4621 65.6633 
1.54e+08 0.0719367 -76.0778 66.0946 
1.55e+08 0.0454364 -64.1963 66.525 
1.56e+08 0.096219 -87.7771 66.9552 
1.57e+08 0.0813033 -20.9859 67.3855 
1.58e+08 0.0615552 -30.9247 67.8159 
1.59e+08 0.0447216 -48.4043 68.2461 
1.6e+08 0.0813386 -40.5123 68.6763 
1.61e+08 0.0425811 -20.6219 69.1063 
1.62e+08 0.0471204 -75.8459 69.5351 
1.63e+08 0.0405409 -66.1265 69.9637 
1.64e+08 0.0219466 -52.4902 70.3926 
1.65e+08 0.0492284 -59.3899 70.8218 
1.66e+08 0.0617752 -35.2905 71.2506 
1.67e+08 0.0497352 -79.4447 71.6795 
1.68e+08 0.0472987 -28.8791 72.1083 
1.69e+08 0.0428136 -67.3482 72.537 
1.7e+08 0.0294299 -42.5181 72.9657 
1.71e+08 0.109924 -50.4493 73.3946 
1.72e+08 0.0393466 -53.6387 73.8237 
1.73e+08 0.0293956 -37.1167 74.2524 
1.74e+08 0.0613458 -56.6604 74.6812 
1.75e+08 0.00848764 -30.6922 75.1098 
1.76e+08 0.0380179 -74.6884 75.5385 
1.77e+08 0.0289817 -76.9108 75.9672 
1.78e+08 0.0546618 -51.6655 76.396 
1.79e+08 0.0574391 -61.9362 76.8246 
1.8e+08 0.0782962 -88.1653 77.2534 
1.81e+08 0.0509988 -23.8408 77.6822 
1.82e+08 0.0714137 -76.5633 78.1109 
1.83e+08 0.0489413 -43.693 78.5396 
1.84e+08 0.0121081 -48.3291 78.9683 
1.85e+08 0.0223715 -89.6981 79.3969 
1.86e+08 0.0237911 -46.0533 79.8255 
1.87e+08 0.0378995 -67.7116 80.2543 
1.88e+08 0.0243333 -90.5091 80.683 
1.89e+08 0.0585245 -44.9584 81.1117 
1.9e+08 0.0337123 -48.5227 81.5404 
1.91e+08 0.0380572 -70.1809 81.9692 
1.92e+08 0.0361774 -54.8542 82.398 
1.93e+08 0.0212847 -53.6789 82.8268 
1.94e+08 0.0187488 -56.9035 83.2554 
1.95e+08 0.0139787 -59.9255 83.684 
1.96e+08 0.0320049 -71.8013 84.1127 
1.97e+08 0.0513927 -60.5379 84.5414 
1.98e+08 0.0766663 -75.1805 84.9701 
1.99e+08 0.0208027 -52.1499 85.401 
2e+08 0.0437804 -5.45737 85.8312 
2.01e+08 0.0305076 -32.5074 86.2616 
2.02e+08 0.0329975 -34.3762 86.6922 
2.03e+08 0.0562409 -71.771 87.1226 
2.04e+08 0.0806297 -64.0239 87.5529 
2.05e+08 0.0480689 -63.5677 87.9833 
2.06e+08 0.0588316 -59.7915 88.4138 
2.07e+08 0.062419 -62.6383 88.8441 
2.08e+08 0.0509106 -63.9703 89.2741 
2.09e+08 0.0437648 -25.4509 89.7042 
2.1e+08 0.0736106 -54.4102 90.1347 
2.11e+08 0.0485815 -2.4774 90.5649 
2.12e+08 0.0892284 -68.2873 90.9954 
2.13e+08 0.0607387 -66.1264 91.4256 
2.14e+08 0.0600383 -80.1032 91.8559 
2.15e+08 0.0312624 -68.9251 92.286 
2.16e+08 0.0316277 -24.6855 92.7163 
2.17e+08 0.0387031 -46.3467 93.1466 
2.18e+08 0.0572111 -63.5128 93.5769 
2.19e+08 0.0372994 -73.7454 94.0073 
2.2e+08 0.0322687 -56.4374 94.4377 
2.21e+08 0.017002 -37.4236 94.8678 
2.22e+08 0.0725749 -76.6598 95.298 
2.23e+08 0.044626 -64.7771 95.7283 
2.24e+08 0.0232167 -20.7226 96.1584 
2.25e+08 0.0356437 -12.0294 96.5889 
2.26e+08 0.0456563 -57.2919 97.0193 
2.27e+08 0.0496646 -76.7209 97.4496 
2.28e+08 0.0722896 -121.481 97.88 
2.29e+08 0.04553 -81.6753 98.3103 
2.3e+08 0.0547508 -80.2763 98.7406 
2.31e+08 0.0391457 -73.9575 99.1709 
2.32e+08 0.0585006 -19.1747 99.6011 
2.33e+08 0.049727 -62.8909 100.031 
2.34e+08 0.0457104 -41.1246 100.462 
2.35e+08 0.0341165 -56.2541 100.892 
2.36e+08 0.0438231 -65.606 101.322 
2.37e+08 0.0470157 -16.8536 101.753 
2.38e+08 0.0773171 -66.5519 102.183 
2.39e+08 0.0361969 -23.3354 102.613 
2.4e+08 0.0345028 -46.1861 103.043 
2.41e+08 0.0152975 -47.436 103.473 
2.42e+08 0.0299773 -27.1186 103.903 
2.43e+08 0.0404603 -26.2924 104.334 
2.44e+08 0.054457 -71.6896 104.764 
2.45e+08 0.0551789 -83.4598 105.195 
2.46e+08 0.0268748 -39.439 105.625 
2.47e+08 0.029848 -12.7027 106.055 
2.48e+08 0.0434984 -36.0952 106.485 
2.49e+08 0.0211098 -33.9883 106.916 
2.5e+08 0.0120909 -44.534 107.346 
2.51e+08 0.0402956 -43.0389 107.776 
2.52e+08 0.0289667 -111.576 108.206 
2.53e+08 0.0505287 -76.6837 108.636 
2.54e+08 0.0255618 -19.9975 109.067 
2.55e+08 0.0492163 -38.9281 109.497 
2.56e+08 0.028803 -66.3195 109.927 
2.57e+08 0.0680025 -36.5948 110.358 
2.58e+08 0.0434359 -21.6505 110.788 
2.59e+08 0.0235384 -59.805 111.218 
2.6e+08 0.0556352 -73.112 111.648 
2.61e+08 0.0555509 -36.1846 112.079 
2.62e+08 0.100332 -78.8169 112.509 
2.63e+08 0.057884 -66.5914 112.939 
2.64e+08 0.0409039 -38.0472 113.37 
2.65e+08 0.0257084 -93.6842 113.8 
2.66e+08 0.049824 -6.36633 114.23 
2.67e+08 0.040882 -70.6076 114.661 
2.68e+08 0.0146429 -27.778 115.091 
2.69e+08 0.049943 -48.4188 115.521 
2.7e+08 0.0424631 -42.7537 115.952 
2.71e+08 0.0484758 -49.8215 116.382 
2.72e+08 0.0527362 -36.3895 116.812 
2.73e+08 0.0613827 -34.3828 117.242 
2.74e+08 0.0622845 -41.8519 117.672 
2.75e+08 0.0378409 -6.81412 118.103 
2.76e+08 0.0750206 -86.8034 118.533 
2.77e+08 0.0505229 -35.6045 118.963 
2.78e+08 0.0592945 -58.3762 119.393 
2.79e+08 0.0574101 -29.0997 119.824 
2.8e+08 0.0447953 -61.8722 120.254 
2.81e+08 0.0532977 -20.2635 120.684 
2.82e+08 0.062901 -82.0595 121.114 
2.83e+08 0.0270302 -57.4057 121.544 
2.84e+08 0.0875983 -66.3913 121.975 
2.85e+08 0.0710756 -35.6925 122.405 
2.86e+08 0.0917672 -113.563 122.835 
2.87e+08 0.0386157 -34.5267 123.265 
2.88e+08 0.0288246 -76.0172 123.696 
2.89e+08 0.0419359 -75.2026 124.126 
2.9e+08 0.0580528 -18.2775 124.556 
2.91e+08 0.0544041 -59.9911 124.987 
2.92e+08 0.0585378 -95.3235 125.417 
2.93e+08 0.0840983 -51.7079 125.848 
2.94e+08 0.0564728 -54.0916 126.279 
2.95e+08 0.0718156 -34.8279 126.709 
2.96e+08 0.0516269 -78.6006 127.139 
2.97e+08 0.0724314 -59.0861 127.569 
2.98e+08 0.0463387 -58.9579 127.999 
2.99e+08 0.0406639 -77.1701 128.43 
3e+08 0.0668306 -14.3455 128.86 
3.01e+08 0.0401652 -16.0238 129.29 
3.02e+08 0.0346547 -32.4742 129.721 
3.03e+08 0.0770027 -66.3801 130.151 
3.04e+08 0.0542657 -62.8611 130.581 
3.05e+08 0.0249621 20.0774 131.012 
3.06e+08 0.0265065 -69.1994 131.442 
3.07e+08 0.0781492 -73.4179 131.873 
3.08e+08 0.0832353 0.163109 132.303 
3.09e+08 0.0630586 -27.2029 132.733 
3.1e+08 0.06111 -66.422 133.164 
3.11e+08 0.0770188 -55.6727 133.594 
3.12e+08 0.0526714 -33.8843 134.024 
3.13e+08 0.0987737 -87.5204 134.455 
3.14e+08 0.0472769 -52.4168 134.885 
3.15e+08 0.0207253 -60.7199 135.315 
3.16e+08 0.0160765 -46.7218 135.746 
3.17e+08 0.0819066 -4.18458 136.176 
3.18e+08 0.0830379 -58.6469 136.606 
3.19e+08 0.0485176 -71.6713 137.037 
3.2e+08 0.0353251 -54.7391 137.467 
3.21e+08 0.0354127 -91.4739 137.897 
3.22e+08 0.0274238 -57.1516 138.327 
3.23e+08 0.00872155 -61.7163 138.758 
3.24e+08 0.0379068 -64.4559 139.188 
3.25e+08 0.0858185 -59.0093 139.618 
3.26e+08 0.0384233 -45.4667 140.049 
3.27e+08 0.0443096 -41.3051 140.479 
3.28e+08 0.0459412 -63.1492 140.909 
3.29e+08 0.0771326 -36.7259 141.34 
3.3e+08 0.0566305 -44.8452 141.77 
3.31e+08 0.0205206 -23.6442 142.199 
3.32e+08 0.0712266 -55.4558 142.628 
3.33e+08 0.0527053 -24.6555 143.057 
3.34e+08 0.0466546 -73.0167 143.486 
3.35e+08 0.0574048 -54.8892 143.915 
3.36e+08 0.0396239 -23.8925 144.344 
3.37e+08 0.0270064 -33.0093 144.772 
3.38e+08 0.038672 -89.4066 145.201 
3.39e+08 0.0257529 -20.17 145.63 
3.4e+08 0.0273259 -67.3732 146.059 
3.41e+08 0.0337412 -58.1087 146.489 
3.42e+08 0.0490157 -51.9842 146.92 
3.43e+08 0.0544264 -44.972 147.35 
3.44e+08 0.0775062 -75.4167 147.781 
3.45e+08 0.0286559 -49.7621 148.211 
3.46e+08 0.0434458 -58.5327 148.641 
3.47e+08 0.0468847 -33.054 149.072 
3.48e+08 0.0305581 -83.5492 149.502 
3.49e+08 0.0583748 -72.2635 149.933 
3.5e+08 0.038645 -1.7186 150.363 
3.51e+08 0.0418398 -56.2275 150.793 
3.52e+08 0.0261014 -47.2614 151.224 
3.53e+08 0.0330249 -75.7574 151.654 
3.54e+08 0.0588053 -48.61 152.084 
3.55e+08 0.051754 -65.1272 152.515 
3.56e+08 0.0463286 -75.0253 152.945 
3.57e+08 0.0210952 -50.275 153.376 
3.58e+08 0.0382836 -61.694 153.807 
3.59e+08 0.0646888 -52.4754 154.235 
3.6e+08 0.0593426 15.6412 154.664 
3.61e+08 0.0603619 -57.8309 155.093 
3.62e+08 0.0263191 -52.7303 155.522 
3.63e+08 0.0200688 -26.1681 155.951 
3.64e+08 0.0707169 -35.1402 156.38 
3.65e+08 0.0511641 -70.4442 156.809 
3.66e+08 0.0293831 -40.279 157.238 
3.67e+08 0.0384208 -46.9337 157.667 
3.68e+08 0.00704175 -81.3417 158.096 
3.69e+08 0.0858667 -45.6364 158.525 
3.7e+08 0.0826441 -67.459 158.953 
3.71e+08 0.0534896 -69.737 159.382 
3.72e+08 0.0668595 -62.5326 159.811 
3.73e+08 0.0502686 -30.7705 160.24 
3.74e+08 0.0516629 -43.0375 160.669 
3.75e+08 0.0543774 -19.2648 161.098 
3.76e+08 0.0551823 -46.8612 161.526 
3.77e+08 0.0498177 -50.317 161.955 
3.78e+08 0.0545662 -53.4959 162.384 
3.79e+08 0.0481742 -55.4675 162.813 
3.8e+08 0.0397988 -37.3254 163.242 
3.81e+08 0.0285205 -37.34 163.671 
3.82e+08 0.05069 -17.7629 164.1 
3.83e+08 0.0205274 -28.1768 164.529 
3.84e+08 0.0360159 -27.9953 164.958 
3.85e+08 0.0274029 1.51439 165.387 
3.86e+08 0.0105401 -39.1154 165.815 
3.87e+08 0.0119261 28.5622 166.244 
3.88e+08 0.0772233 -58.489 166.673 
3.89e+08 0.0512558 -29.2269 167.102 
3.9e+08 0.0182646 -88.2872 167.531 
3.91e+08 0.021894 -63.8823 167.959 
3.92e+08 0.0400949 -36.8482 168.388 
3.93e+08 0.0828451 -46.343 168.817 
3.94e+08 0.0219111 -53.466 169.246 
3.95e+08 0.0697281 -30.0907 169.675 
3.96e+08 0.039366 -39.9792 170.104 
3.97e+08 0.0415163 -36.2162 170.533 
3.98e+08 0.0334067 -41.2869 170.962 
3.99e+08 0.0425815 -73.7581 171.391 
4e+08 0.0754148 -30.5798 171.82 
4.01e+08 0.0248928 -78.6354 172.249 
4.02e+08 0.0398692 -40.1693 172.678 
4.03e+08 0.0422245 -74.227 173.107 
4.04e+08 0.0383595 -63.1016 173.536 
4.05e+08 0.0359799 -76.5625 173.965 
4.06e+08 0.0205593 -30.1117 174.395 
4.07e+08 0.0512798 -45.1274 174.823 
4.08e+08 0.0550864 -80.9009 175.252 
4.09e+08 0.0400579 -79.0231 175.681 
4.1e+08 0.0514934 -57.4258 176.11 
4.11e+08 0.0400186 -34.3399 176.54 
4.12e+08 0.0351124 -43.7752 176.971 
4.13e+08 0.0605956 -70.286 177.401 
4.14e+08 0.0497878 -47.761 177.832 
4.15e+08 0.067095 -36.4759 178.262 
4.16e+08 0.0314691 -89.7324 178.692 
4.17e+08 0.0375014 -9.14766 179.123 
4.18e+08 0.0572461 -39.8735 179.553 
4.19e+08 0.0141208 -77.2096 179.984 
4.2e+08 0.0267681 -48.94 180.414 
4.21e+08 0.0551519 -53.5741 180.844 
4.22e+08 0.0410907 -36.2198 181.275 
4.23e+08 0.0480268 -73.6262 181.705 
4.24e+08 0.0684974 -44.5435 182.136 
4.25e+08 0.0405005 -43.4233 182.566 
4.26e+08 0.0484452 -55.6265 182.997 
4.27e+08 0.0745509 -84.7804 183.427 
4.28e+08 0.0404003 -75.576 183.858 
4.29e+08 0.0783146 -49.4478 184.288 
4.3e+08 0.0448551 -59.3958 184.718 
4.31e+08 0.0562178 -66.8285 185.148 
4.32e+08 0.0668857 -91.3652 185.579 
4.33e+08 0.0767119 -72.13 186.01 
4.34e+08 0.0304513 -51.946 186.441 
4.35e+08 0.0238677 -68.1126 186.871 
4.36e+08 0.0614572 -32.5369 187.301 
4.37e+08 0.0580162 -30.1813 187.732 
4.38e+08 0.0330193 -55.5666 188.162 
4.39e+08 0.0468042 -64.4935 188.592 
4.4e+08 0.0526285 -72.4217 189.022 
4.41e+08 0.0180435 -25.2814 189.452 
4.42e+08 0.0348412 -27.0319 189.883 
4.43e+08 0.0595658 -59.0403 190.313 
4.44e+08 0.0647956 -54.8284 190.743 
4.45e+08 0.0334021 -86.8265 191.174 
4.46e+08 0.020615 -22.7783 191.604 
4.47e+08 0.0408841 -70.322 192.034 
4.48e+08 0.0340342 -97.7508 192.465 
4.49e+08 0.0459152 -43.5994 192.895 
4.5e+08 0.0236068 -70.9934 193.325 
4.51e+08 0.0411096 -50.9168 193.756 
4.52e+08 0.0772003 -57.2638 194.186 
4.53e+08 0.0516688 -44.5708 194.617 
4.54e+08 0.0355792 -50.4815 195.047 
4.55e+08 0.0392247 -47.7426 195.477 
4.56e+08 0.0332488 -47.3955 195.908 
4.57e+08 0.0413018 -29.983 196.338 
4.58e+08 0.0246324 -61.6766 196.768 
4.59e+08 0.0459818 -81.0624 197.198 
4.6e+08 0.0502468 -88.1274 197.628 
4.61e+08 0.0209132 -22.0493 198.058 
4.62e+08 0.0527439 -76.6059 198.489 
4.63e+08 0.046295 -56.5793 198.919 
4.64e+08 0.0524783 -62.9932 199.349 
4.65e+08 0.0573384 -19.4995 199.78 
4.66e+08 0.0469345 -29.7042 200.21 
4.67e+08 0.0547277 -56.6858 200.64 
4.68e+08 0.0348852 -51.9538 201.071 
4.69e+08 0.0259234 -40.8964 201.501 
4.7e+08 0.0263227 -36.9837 201.932 
4.71e+08 0.0511467 -44.1685 202.361 
4.72e+08 0.0281296 -38.0092 202.79 
4.73e+08 0.0245054 -40.3347 203.219 
4.74e+08 0.0342975 -58.5225 203.648 
4.75e+08 0.0702613 -62.2994 204.077 
4.76e+08 0.0587395 -42.7463 204.506 
4.77e+08 0.0190846 -50.4191 204.935 
4.78e+08 0.0603565 -37.3102 205.364 
4.79e+08 0.0571367 -57.4293 205.793 
4.8e+08 0.0389426 -67.1573 206.223 
4.81e+08 0.0346997 -82.2952 206.653 
4.82e+08 0.0734654 -21.1487 207.083 
4.83e+08 0.0395502 -79.1622 207.514 
4.84e+08 0.022293 -61.2732 207.944 
4.85e+08 0.021328 -40.3328 208.374 
4.86e+08 0.0642509 -63.3031 208.805 
4.87e+08 0.0726875 -35.8517 209.235 
4.88e+08 0.0293671 -88.353 209.665 
4.89e+08 0.0255645 -28.5211 210.096 
4.9e+08 0.0765358 -51.3919 210.526 
4.91e+08 0.0328081 -38.9616 210.956 
4.92e+08 0.0899256 -71.2973 211.387 
4.93e+08 0.0227498 -50.8667 211.817 
4.94e+08 0.0406028 -3.61909 212.247 
4.95e+08 0.0686508 -31.9333 212.678 
4.96e+08 0.0677252 -34.0083 213.108 
4.97e+08 0.0518755 -84.743 213.538 
4.98e+08 0.0427737 -83.6456 213.968 
4.99e+08 0.0492062 -39.0818 214.398 
5e+08 0.0452063 -64.6603 214.829 
5.01e+08 0.0519642 -26.7282 215.259 
5.02e+08 0.0320087 -49.7757 215.69 
5.03e+08 0.0953257 -51.5217 216.12 
5.04e+08 0.0259752 -42.9043 216.55 
5.05e+08 0.0447247 -50.0537 216.981 
5.06e+08 0.0194959 -55.7863 217.411 
5.07e+08 0.0427286 -54.6331 217.841 
5.08e+08 0.0397747 -69.1521 218.272 
5.09e+08 0.0385963 -60.5465 218.702 
5.1e+08 0.0135493 -65.0319 219.132 
5.11e+08 0.0506218 -27.3597 219.563 
5.12e+08 0.078248 -50.9514 219.993 
5.13e+08 0.0291686 -46.4316 220.423 
5.14e+08 0.0509633 -34.1018 220.854 
5.15e+08 0.0205491 -46.5963 221.284 
5.16e+08 0.0495669 -42.8845 221.715 
5.17e+08 0.0163578 -9.74088 222.145 
5.18e+08 0.0371025 -28.3908 222.575 
5.19e+08 0.0545624 -64.4102 223.006 
5.2e+08 0.05422 -91.1414 223.436 
5.21e+08 0.0377828 -76.0818 223.867 
5.22e+08 0.0578778 -70.6682 224.297 
5.23e+08 0.0459827 -90.3888 224.727 
5.24e+08 0.0582123 -55.7269 225.157 
5.25e+08 0.0315585 -74.2208 225.588 
5.26e+08 0.0323466 -44.6471 226.018 
5.27e+08 0.0734272 -66.3234 226.448 
5.28e+08 0.0791176 -44.7347 226.879 
5.29e+08 0.0616143 -81.2306 227.309 
5.3e+08 0.0502458 -79.6873 227.739 
5.31e+08 0.0366875 -44.2085 228.17 
5.32e+08 0.0387855 -23.879 228.6 
5.33e+08 0.0632035 -63.8692 229.03 
5.34e+08 0.0268428 -65.0586 229.461 
5.35e+08 0.0631415 -95.9446 229.892 
5.36e+08 0.045711 -68.402 230.323 
5.37e+08 0.0315145 -50.673 230.753 
5.38e+08 0.0566043 -79.1948 231.183 
5.39e+08 0.0420887 -86.8325 231.613 
5.4e+08 0.0927318 -38.9732 232.044 
5.41e+08 0.0305434 -13.2103 232.474 
5.42e+08 0.04745 -38.8618 232.904 
5.43e+08 0.0139249 -37.009 233.335 
5.44e+08 0.0442635 -45.9986 233.765 
5.45e+08 0.0498851 -66.7176 234.195 
5.46e+08 0.0418344 -65.8739 234.625 
5.47e+08 0.0386679 -55.0414 235.056 
5.48e+08 0.0642271 -46.6518 235.486 
5.49e+08 0.0850073 -56.8296 235.916 
5.5e+08 0.0598696 -49.4795 236.347 
5.51e+08 0.100135 -77.6929 236.777 
5.52e+08 0.0238558 -17.7031 237.208 
5.53e+08 0.0600477 -50.2659 237.638 
5.54e+08 0.0355486 -55.6119 238.069 
5.55e+08 0.0662929 -22.0273 238.499 
5.56e+08 0.0489087 -1.95565 238.929 
5.57e+08 0.0598137 -74.9518 239.359 
5.58e+08 0.0805854 -77.6276 239.79 
5.59e+08 0.00368241 -44.0555 240.22 
5.6e+08 0.0562009 -79.018 240.65 
5.61e+08 0.0424118 -48.6551 241.081 
5.62e+08 0.0484505 -32.9802 241.511 
5.63e+08 0.0133149 -16.3438 241.941 
5.64e+08 0.0201782 -55.0876 242.372 
5.65e+08 0.0409785 -73.2331 242.802 
5.66e+08 0.0541029 -30.7428 243.232 
5.67e+08 0.0198006 -33.3329 243.662 
5.68e+08 0.0404043 -78.8957 244.093 
5.69e+08 0.0378343 -37.7502 244.523 
5.7e+08 0.100634 -70.4675 244.953 
5.71e+08 0.0558111 -51.142 245.384 
5.72e+08 0.022874 10.9849 245.815 
5.73e+08 0.0522038 -73.4509 246.246 
5.74e+08 0.0538111 -60.877 246.677 
5.75e+08 0.0347131 -84.5335 247.107 
5.76e+08 0.0355681 -40.9368 247.537 
5.77e+08 0.0322515 -23.7459 247.968 
5.78e+08 0.0514391 -29.5688 248.398 
5.79e+08 0.0344102 -22.8764 248.828 
5.8e+08 0.077726 -39.1584 249.258 
5.81e+08 0.112507 -92.5988 249.689 
5.82e+08 0.0334726 -45.3771 250.119 
5.83e+08 0.0349808 -45.0253 250.55 
5.84e+08 0.0839892 -41.6324 250.98 
5.85e+08 0.0625816 -52.9574 251.41 
5.86e+08 0.0507469 -62.9497 251.841 
5.87e+08 0.0278932 -38.8187 252.271 
5.88e+08 0.0591443 -5.14772 252.701 
5.89e+08 0.0395561 -29.7708 253.131 
5.9e+08 0.0550105 -56.974 253.562 
5.91e+08 0.0352204 -25.9428 253.993 
5.92e+08 0.0283889 -1.52753 254.423 
5.93e+08 0.0977224 -90.4838 254.853 
5.94e+08 0.0212157 -41.7174 255.284 
5.95e+08 0.0452984 -77.3759 255.714 
5.96e+08 0.0547117 -55.5215 256.145 
5.97e+08 0.0494647 -26.5808 256.575 
5.98e+08 0.040847 -56.8568 257.005 
5.99e+08 0.0136516 -22.0209 257.436 
6e+08 0.0543179 -44.5821 257.866 
6.01e+08 0.059082 -52.8201 258.296 
6.02e+08 0.0311754 -80.2848 258.727 
6.03e+08 0.0773399 -79.313 259.157 
6.04e+08 0.0392854 -65.1998 259.588 
6.05e+08 0.0592876 -9.04182 260.018 
6.06e+08 0.0331972 -53.2832 260.448 
6.07e+08 0.038669 -12.1598 260.879 
6.08e+08 0.038289 -43.8591 261.309 
6.09e+08 0.0170451 -33.0504 261.74 
6.1e+08 0.0498983 -49.837 262.17 
6.11e+08 0.0590695 -39.677 262.599 
6.12e+08 0.0631678 -65.403 263.028 
6.13e+08 0.0267973 -19.4045 263.457 
6.14e+08 0.0464198 -40.5057 263.885 
6.15e+08 0.0224465 -62.016 264.314 
6.16e+08 0.0586919 -112.194 264.743 
6.17e+08 0.0480026 -78.1117 265.172 
6.18e+08 0.049233 -41.6676 265.601 
6.19e+08 0.0749495 -62.2022 266.03 
6.2e+08 0.0413098 -28.9786 266.46 
6.21e+08 0.0388416 -55.5978 266.89 
6.22e+08 0.0724471 -46.5253 267.321 
6.23e+08 0.0223876 -14.9147 267.751 
6.24e+08 0.0699342 -23.9311 268.181 
6.25e+08 0.0605474 -51.8502 268.612 
6.26e+08 0.0369744 -46.5028 269.042 
6.27e+08 0.0300332 -81.8987 269.473 
6.28e+08 0.0653479 -25.7394 269.903 
6.29e+08 0.026802 -13.0715 270.333 
6.3e+08 0.0558363 -36.4462 270.764 
6.31e+08 0.0556285 -59.4672 271.194 
6.32e+08 0.0725455 -81.3256 271.625 
6.33e+08 0.0674657 -36.1153 272.055 
6.34e+08 0.0388201 -35.8809 272.486 
6.35e+08 0.0329903 -24.3201 272.916 
6.36e+08 0.049097 -40.5066 273.347 
6.37e+08 0.0238193 -50.6219 273.777 
6.38e+08 0.0656221 -79.8746 274.208 
6.39e+08 0.0243501 -61.3909 274.638 
6.4e+08 0.0690839 -3.54379 275.069 
6.41e+08 0.0593564 -62.9279 275.499 
6.42e+08 0.0540245 -59.98 275.93 
6.43e+08 0.047591 -68.3379 276.36 
6.44e+08 0.0140944 -42.3719 276.791 
6.45e+08 0.0744319 -46.2267 277.222 
6.46e+08 0.0336828 -22.5565 277.652 
6.47e+08 0.0403698 -79.3371 278.082 
6.48e+08 0.0793173 -45.6912 278.513 
6.49e+08 0.0537584 -43.6635 278.943 
6.5e+08 0.0587496 -60.4858 279.373 
6.51e+08 0.0397139 -49.6279 279.803 
6.52e+08 0.0230292 -1.3105 280.234 
6.53e+08 0.0525212 -31.6193 280.664 
6.54e+08 0.0388898 -68.9876 281.095 
6.55e+08 0.0346772 -45.7973 281.525 
6.56e+08 0.0494337 -41.5011 281.956 
6.57e+08 0.0773232 -73.6392 282.387 
6.58e+08 0.0473983 -76.1291 282.817 
6.59e+08 0.0235731 -49.4058 283.248 
6.6e+08 0.0381837 -43.7742 283.677 
6.61e+08 0.0566598 -66.3811 284.106 
6.62e+08 0.023291 -89.4199 284.535 
6.63e+08 0.0374361 -59.0448 284.963 
6.64e+08 0.0510942 -42.9725 285.392 
6.65e+08 0.0217499 -74.2388 285.822 
6.66e+08 0.0937629 -92.0456 286.251 
6.67e+08 0.0164161 -55.4226 286.68 
6.68e+08 0.0240004 -60.3386 287.108 
6.69e+08 0.0721259 -69.204 287.537 
6.7e+08 0.0243257 -59.6269 287.966 
6.71e+08 0.0416078 -21.6787 288.395 
6.72e+08 0.0217114 -43.5538 288.824 
6.73e+08 0.0790434 -93.5728 289.253 
6.74e+08 0.0386568 -29.4851 289.681 
6.75e+08 0.0256565 -43.8241 290.11 
6.76e+08 0.0463604 -61.6496 290.539 
6.77e+08 0.080285 -77.5868 290.968 
6.78e+08 0.0161741 -98.7586 291.397 
6.79e+08 0.0170243 -75.4362 291.826 
6.8e+08 0.0655517 -103.383 292.254 
6.81e+08 0.0430144 -34.7487 292.683 
6.82e+08 0.0627464 -73.2765 293.112 
6.83e+08 0.0521818 -23.9833 293.541 
6.84e+08 0.0566218 -85.5059 293.97 
6.85e+08 0.0537271 -34.16 294.399 
6.86e+08 0.0378312 -18.9762 294.827 
6.87e+08 0.0507316 -28.096 295.256 
6.88e+08 0.0323146 3.78914 295.685 
6.89e+08 0.119304 -101.637 296.114 
6.9e+08 0.0481004 -24.045 296.543 
6.91e+08 0.0738256 -58.3874 296.972 
6.92e+08 0.0672914 -35.2657 297.401 
6.93e+08 0.0424729 -36.412 297.83 
6.94e+08 0.00981905 -54.4055 298.259 
6.95e+08 0.0560355 -61.4036 298.687 
6.96e+08 0.0247251 -74.4233 299.116 
6.97e+08 0.0200144 -31.2978 299.545 
6.98e+08 0.0197734 -40.127 299.974 
6.99e+08 0.038869 -50.6722 300.402 
7e+08 0.0471978 -25.1774 300.831 
7.01e+08 0.0310482 -40.6358 301.26 
7.02e+08 0.0274154 -64.8004 301.689 
7.03e+08 0.0246139 -53.3025 302.117 
7.04e+08 0.0139416 -25.5123 302.546 
7.05e+08 0.0208525 -44.2939 302.974 
7.06e+08 0.0429648 -33.979 303.403 
7.07e+08 0.0271737 -63.5574 303.832 
7.08e+08 0.0125472 -50.0574 304.261 
7.09e+08 0.0203425 -62.1268 304.69 
7.1e+08 0.0338087 -82.6533 305.118 
7.11e+08 0.0515142 -60.1932 305.547 
7.12e+08 0.0424063 -63.4869 305.977 
7.13e+08 0.0684212 -52.6464 306.405 
7.14e+08 0.0288931 -60.4906 306.834 
7.15e+08 0.0695668 -42.305 307.263 
7.16e+08 0.0649253 -48.0178 307.692 
7.17e+08 0.0469629 -76.2833 308.12 
7.18e+08 0.071201 -84.6771 308.549 
7.19e+08 0.0271396 -19.3773 308.978 
7.2e+08 0.0172173 -59.749 309.406 
7.21e+08 0.0757782 -90.2003 309.835 
7.22e+08 0.0392184 -63.0356 310.264 
7.23e+08 0.0303666 -43.7651 310.693 
7.24e+08 0.0310167 -41.3542 311.121 
7.25e+08 0.0536263 -23.1489 311.55 
7.26e+08 0.0571388 -48.6873 311.979 
7.27e+08 0.0287689 -78.0078 312.408 
7.28e+08 0.053241 -29.2792 312.837 
7.29e+08 0.0419683 12.3448 313.265 
7.3e+08 0.0620922 -54.4654 313.694 
7.31e+08 0.0228925 -10.2857 314.123 
7.32e+08 0.0111975 -41.4559 314.552 
7.33e+08 0.0200337 -14.7703 314.98 
7.34e+08 0.0560489 -60.2522 315.409 
7.35e+08 0.033299 -62.3598 315.838 
7.36e+08 0.0279313 -29.0123 316.267 
7.37e+08 0.0449939 -84.4046 316.695 
7.38e+08 0.102601 -35.2383 317.124 
7.39e+08 0.049723 -22.347 317.553 
7.4e+08 0.0698323 -49.4848 317.982 
7.41e+08 0.03487 -40.8178 318.41 
7.42e+08 0.0590224 -49.4165 318.839 
7.43e+08 0.069665 -39 319.268 
7.44e+08 0.0368811 -71.6707 319.696 
7.45e+08 0.0623949 -38.5901 320.125 
7.46e+08 0.0850905 -71.0675 320.554 
7.47e+08 0.0503456 -27.2591 320.982 
7.48e+08 0.0370822 -43.9387 321.411 
7.49e+08 0.0454168 -66.1985 321.84 
7.5e+08 0.0444001 -96.7088 322.269 
7.51e+08 0.0450196 -47.4671 322.697 
7.52e+08 0.0793716 -82.9688 323.126 
7.53e+08 0.0464367 -38.1692 323.555 
7.54e+08 0.0417681 -26.4718 323.984 
7.55e+08 0.0517377 -2.5452 324.413 
7.56e+08 0.0700747 -79.6157 324.841 
7.57e+08 0.0740919 -50.4054 325.27 
7.58e+08 0.0653813 -61.3009 325.699 
7.59e+08 0.0301039 -23.9027 326.128 
7.6e+08 0.10746 -45.7924 326.558 
7.61e+08 0.0702264 -118.223 326.988 
7.62e+08 0.0323492 -48.8446 327.419 
7.63e+08 0.0617007 -51.6524 327.849 
7.64e+08 0.0193842 -43.4433 328.28 
7.65e+08 0.0701126 -63.0736 328.711 
7.66e+08 0.0268156 -55.7851 329.141 
7.67e+08 0.0651885 -57.7252 329.571 
7.68e+08 0.0200135 -20.6422 330.002 
7.69e+08 0.0641135 -55.1766 330.432 
7.7e+08 0.0493494 -88.8952 330.862 
7.71e+08 0.0767398 -29.8083 331.293 
7.72e+08 0.053656 -25.9222 331.723 
7.73e+08 0.0354037 -62.7249 332.153 
7.74e+08 0.0408976 -77.1331 332.583 
7.75e+08 0.0553821 -58.5886 333.014 
7.76e+08 0.0274281 -68.9989 333.444 
7.77e+08 0.00917404 -77.7164 333.875 
7.78e+08 0.0706211 -63.3198 334.305 
7.79e+08 0.0254972 -47.2014 334.736 
7.8e+08 0.0588677 -78.6331 335.166 
7.81e+08 0.0638878 7.46961 335.596 
7.82e+08 0.0417316 -49.3999 336.027 
7.83e+08 0.032136 -88.2114 336.457 
7.84e+08 0.0191605 -27.4605 336.887 
7.85e+08 0.0388456 -75.2519 337.318 
7.86e+08 0.0543728 -33.1037 337.748 
7.87e+08 0.0422705 -38.251 338.179 
7.88e+08 0.0221714 -7.26959 338.609 
7.89e+08 0.0281415 -92.9263 339.038 
7.9e+08 0.0260968 -54.1394 339.466 
7.91e+08 0.0427055 -69.9719 339.895 
7.92e+08 0.0239205 -33.8467 340.324 
7.93e+08 0.0305211 -72.4347 340.753 
7.94e+08 0.0657636 -69.1877 341.182 
7.95e+08 0.0144998 -41.612 341.61 
7.96e+08 0.0476317 -48.9834 342.042 
7.97e+08 0.0890385 -92.5283 342.473 
7.98e+08 0.0791758 -62.7612 342.903 
7.99e+08 0.0758694 -31.6274 343.333 
8e+08 0.021854 -32.6381 343.764 
8.01e+08 0.0802566 -14.019 344.195 
8.02e+08 0.0398052 -16.1389 344.626 
8.03e+08 0.0337149 -52.6291 345.056 
8.04e+08 0.0849859 -67.9245 345.486 
8.05e+08 0.0158211 -48.4641 345.917 
8.06e+08 0.011443 -90.9917 346.347 
8.07e+08 0.0222509 -34.204 346.779 
8.08e+08 0.0578131 -51.9085 347.21 
8.09e+08 0.0715048 -44.2019 347.64 
8.1e+08 0.0508566 -72.1742 348.071 
8.11e+08 0.0401174 -85.2496 348.501 
8.12e+08 0.0165204 -47.0874 348.931 
8.13e+08 0.0532747 -9.96169 349.361 
8.14e+08 0.0796087 -55.1408 349.792 
8.15e+08 0.0531732 -52.3793 350.223 
8.16e+08 0.0435227 -69.6431 350.653 
8.17e+08 0.0289388 -35.4477 351.084 
8.18e+08 0.0420436 -41.1565 351.514 
8.19e+08 0.0425762 -26.3854 351.944 
8.2e+08 0.0371778 -16.5702 352.375 
8.21e+08 0.0552967 -57.0581 352.805 
8.22e+08 0.0572329 -38.5486 353.236 
8.23e+08 0.0434898 -46.2822 353.666 
8.24e+08 0.0220735 -57.4985 354.097 
8.25e+08 0.071492 -46.1865 354.528 
8.26e+08 0.0290631 -14.0005 354.958 
8.27e+08 0.0430189 -85.0915 355.388 
8.28e+08 0.0137056 -23.8889 355.819 
8.29e+08 0.0436437 -71.2443 356.249 
8.3e+08 0.0432261 -37.7134 356.679 
8.31e+08 0.0209893 -68.6095 357.11 
8.32e+08 0.0488408 -39.456 357.54 
8.33e+08 0.0486801 -49.8025 357.97 
8.34e+08 0.0428801 -41.2243 358.401 
8.35e+08 0.0371941 -92.9232 358.831 
8.36e+08 0.0511208 -19.5263 359.261 
8.37e+08 0.0465946 -73.7728 359.692 
8.38e+08 0.0340079 -27.6232 360.122 
8.39e+08 0.0579287 -55.6249 360.551 
8.4e+08 0.0314627 -53.7109 360.98 
8.41e+08 0.0598521 -84.5441 361.409 
8.42e+08 0.0238372 -78.8503 361.838 
8.43e+08 0.038128 -21.3444 362.267 
8.44e+08 0.0602102 -33.8677 362.696 
8.45e+08 0.0313332 -53.5184 363.125 
8.46e+08 0.0400642 -51.4873 363.554 
8.47e+08 0.0653415 -68.705 363.983 
8.48e+08 0.0456396 -35.38 364.412 
8.49e+08 0.0250052 -78.4786 364.84 
8.5e+08 0.0262211 -48.5342 365.269 
8.51e+08 0.0830273 -115.265 365.698 
8.52e+08 0.054618 -67.8893 366.128 
8.53e+08 0.0461059 -27.5578 366.557 
8.54e+08 0.0309269 -84.7832 366.986 
8.55e+08 0.0960409 -66.4534 367.415 
8.56e+08 0.0359063 -90.6122 367.843 
8.57e+08 0.0803221 -74.3732 368.272 
8.58e+08 0.0465061 -62.528 368.701 
8.59e+08 0.0298445 -83.4971 369.13 
8.6e+08 0.030503 -5.48229 369.559 
8.61e+08 0.0622516 -63.6405 369.989 
8.62e+08 0.0293205 -27.8211 370.42 
8.63e+08 0.028171 -49.2854 370.85 
8.64e+08 0.0138616 -29.577 371.281 
8.65e+08 0.0475143 -66.978 371.711 
8.66e+08 0.0264023 -63.9259 372.142 
8.67e+08 0.0522192 -56.8909 372.572 
8.68e+08 0.0499541 -32.2675 373.003 
8.69e+08 0.031107 -59.3255 373.433 
8.7e+08 0.0386073 -88.5803 373.864 
8.71e+08 0.0309574 -10.0921 374.294 
8.72e+08 0.0672174 -40.1503 374.725 
8.73e+08 0.0501405 -38.5342 375.155 
8.74e+08 0.0372977 -45.9836 375.585 
8.75e+08 0.0476177 -64.465 376.016 
8.76e+08 0.0792369 -49.8771 376.447 
8.77e+08 0.0234443 -74.5708 376.877 
8.78e+08 0.0997828 -58.0462 377.308 
8.79e+08 0.0552084 -46.9634 377.738 
8.8e+08 0.086136 -71.7079 378.168 
8.81e+08 0.0254305 -57.7705 378.599 
8.82e+08 0.0495731 -57.988 379.029 
8.83e+08 0.053624 -63.609 379.459 
8.84e+08 0.0416181 -49.9557 379.889 
8.85e+08 0.0622118 -60.776 380.319 
8.86e+08 0.0302855 -16.3313 380.75 
8.87e+08 0.0267572 -10.8458 381.18 
8.88e+08 0.0535815 -44.2327 381.61 
8.89e+08 0.0830029 -50.3469 382.04 
8.9e+08 0.036887 -15.7133 382.47 
8.91e+08 0.0403363 2.97527 382.898 
8.92e+08 0.0301651 -80.9831 383.327 
8.93e+08 0.0607421 -87.6682 383.756 
8.94e+08 0.0373823 -48.2467 384.185 
8.95e+08 0.0510995 -75.0594 384.614 
8.96e+08 0.0528007 -15.9878 385.042 
8.97e+08 0.0645023 -79.9498 385.471 
8.98e+08 0.0107679 -42.6226 385.9 
8.99e+08 0.0317032 -50.275 386.33 
9e+08 0.0596788 -38.7443 386.76 
9.01e+08 0.026875 -44.5497 387.191 
9.02e+08 0.0590142 -36.3463 387.621 
9.03e+08 0.0513408 -57.6059 388.052 
9.04e+08 0.0522328 -25.6405 388.482 
9.05e+08 0.0253689 -80.0558 388.912 
9.06e+08 0.0467214 -45.7855 389.342 
9.07e+08 0.0779399 -74.2101 389.773 
9.08e+08 0.0706214 -43.1724 390.203 
9.09e+08 0.0733032 -76.9816 390.634 
9.1e+08 0.0474436 -89.7493 391.064 
9.11e+08 0.0460269 -30.4924 391.494 
9.12e+08 0.0612 -72.5137 391.924 
9.13e+08 0.0156491 -21.951 392.355 
9.14e+08 0.0694264 -36.688 392.785 
9.15e+08 0.0301437 -45.6076 393.215 
9.16e+08 0.0211888 -69.4957 393.646 
9.17e+08 0.0261234 -67.9435 394.076 
9.18e+08 0.0690623 -46.342 394.506 
9.19e+08 0.0360215 -57.7761 394.936 
9.2e+08 0.0532989 -47.4577 395.366 
9.21e+08 0.0146684 -59.8617 395.797 
9.22e+08 0.0170921 -57.402 396.227 
9.23e+08 0.021298 -78.8341 396.657 
9.24e+08 0.0631882 -17.4881 397.087 
9.25e+08 0.013656 -39.0919 397.517 
9.26e+08 0.0162791 -60.2657 397.947 
9.27e+08 0.0905911 -29.8836 398.378 
9.28e+08 0.013227 -56.0862 398.808 
9.29e+08 0.085291 -50.4738 399.238 
9.3e+08 0.031863 -46.9185 399.669 
9.31e+08 0.0193913 -52.5037 400.099 
9.32e+08 0.0401364 -27.4462 400.529 
9.33e+08 0.0335917 -3.96376 400.959 
9.34e+08 0.0310481 -107.082 401.389 
9.35e+08 0.0229105 -42.2627 401.82 
9.36e+08 0.0394378 -27.0644 402.25 
9.37e+08 0.0151364 -24.9239 402.68 
9.38e+08 0.042649 -14.4882 403.111 
9.39e+08 0.0282222 -50.3176 403.541 
9.4e+08 0.0281165 -27.9613 403.971 
9.41e+08 0.0283372 -51.193 404.401 
9.42e+08 0.0590514 -83.5136 404.832 
9.43e+08 0.0582376 -33.9573 405.262 
9.44e+08 0.00820874 -81.5612 405.692 
9.45e+08 0.0629315 -64.6472 406.122 
9.46e+08 0.0344699 -27.1781 406.553 
9.47e+08 0.0315264 -48.501 406.983 
9.48e+08 0.0240824 -18.9985 407.413 
9.49e+08 0.0680686 -37.6115 407.844 
9.5e+08 0.0570354 -62.1148 408.274 
9.51e+08 0.0448761 -70.6958 408.704 
9.52e+08 0.0233109 -45.3346 409.134 
9.53e+08 0.039209 -49.4856 409.564 
9.54e+08 0.0890838 -31.3022 409.995 
9.55e+08 0.101322 -16.9503 410.425 
9.56e+08 0.103618 -38.5306 410.856 
9.57e+08 0.07038 -63.0715 411.286 
9.58e+08 0.0671399 -55.5427 411.716 
9.59e+08 0.0509053 -30.6913 412.147 
9.6e+08 0.0447543 -69.1856 412.577 
9.61e+08 0.0491751 -7.8868 413.005 
9.62e+08 0.0596027 -75.3724 413.434 
9.63e+08 0.0685882 -47.5613 413.862 
9.64e+08 0.0434241 5.57538 414.291 
9.65e+08 0.0510269 -55.1175 414.72 
9.66e+08 0.0466642 -96.7351 415.148 
9.67e+08 0.0421777 -48.4602 415.577 
9.68e+08 0.055282 -76.7027 416.006 
9.69e+08 0.0335766 -39.0188 416.436 
9.7e+08 0.0537027 -76.9654 416.866 
9.71e+08 0.0476115 -57.6231 417.296 
9.72e+08 0.056975 -22.2384 417.726 
9.73e+08 0.0409494 -39.4463 418.156 
9.74e+08 0.0130483 -75.3142 418.586 
9.75e+08 0.0710504 -81.8593 419.017 
9.76e+08 0.0386001 -51.2293 419.447 
9.77e+08 0.036935 -33.7983 419.877 
9.78e+08 0.0782176 -4.73113 420.308 
9.79e+08 0.0935811 -68.1642 420.738 
9.8e+08 0.0364388 -96.5767 421.168 
9.81e+08 0.0328552 -49.06 421.598 
9.82e+08 0.0814097 -46.079 422.028 
9.83e+08 0.0448259 -34.7847 422.459 
9.84e+08 0.0580921 -48.3583 422.889 
9.85e+08 0.035738 -75.8412 423.319 
9.86e+08 0.0681853 -74.2822 423.75 
9.87e+08 0.0339565 -48.3266 424.18 
9.88e+08 0.04342 -50.4596 424.61 
9.89e+08 0.0441195 -47.1966 425.04 
9.9e+08 0.035672 -72.9056 425.471 
9.91e+08 0.0581604 -30.8526 425.901 
9.92e+08 0.0218077 -41.6032 426.333 
9.93e+08 0.0642307 -74.7849 426.763 
9.94e+08 0.0464086 -53.2466 427.193 
9.95e+08 0.0457516 -30.7694 427.623 
9.96e+08 0.0706272 -49.1206 428.053 
9.97e+08 0.0290345 -35.4726 428.484 
9.98e+08 0.0640151 -80.4363 428.914 
9.99e+08 0.059896 -59.858 429.344 
1e+09 0.030102 -58.9653 429.774 
