0 0.0306949 -4.43629 0 
1e+06 0.0633027 -54.4977 0.42907 
2e+06 0.0412682 -24.7475 0.856727 
3e+06 0.0465503 -56.621 1.28477 
4e+06 0.0432615 -51.8466 1.71281 
5e+06 0.0536046 -63.6824 2.14107 
6e+06 0.0857572 -52.785 2.56951 
7e+06 0.0137353 -10.0719 2.99721 
8e+06 0.0418543 -9.80105 3.4249 
9e+06 0.0394223 -43.6181 3.85129 
1e+07 0.0373869 -26.2813 4.27807 
1.1e+07 0.0462094 -19.8174 4.70498 
1.2e+07 0.0606977 -49.5662 5.13297 
1.3e+07 0.057137 -63.0882 5.56055 
1.4e+07 0.0531552 -31.2102 5.98689 
1.5e+07 0.033732 -70.6946 6.41397 
1.6e+07 0.0334467 -48.6814 6.84296 
1.7e+07 0.0630913 -56.1128 7.27092 
1.8e+07 0.0906266 -69.2205 7.69966 
1.9e+07 0.0596502 -88.9861 8.12758 
2e+07 0.0674337 -63.4923 8.55535 
2.1e+07 0.0495309 -54.08 8.9835 
2.2e+07 0.0630224 -61.6385 9.41142 
2.3e+07 0.0390677 -43.683 9.83932 
2.4e+07 0.0474187 -7.96128 10.266 
2.5e+07 0.029278 -43.1324 10.692 
2.6e+07 0.0314122 -61.6225 11.1192 
2.7e+07 0.0260419 -39.7685 11.5451 
2.8e+07 0.0432677 -58.7166 11.9708 
2.9e+07 0.105843 -84.2361 12.3978 
3e+07 0.0584476 -47.1774 12.8261 
3.1e+07 0.0633533 -63.2453 13.2534 
3.2e+07 0.0445466 -35.1908 13.6818 
3.3e+07 0.0611417 -47.5711 14.1092 
3.4e+07 0.0570289 -72.4906 14.5348 
3.5e+07 0.0364115 -60.8157 14.9609 
3.6e+07 0.0662373 -47.6534 15.3877 
3.7e+07 0.0122302 -17.5064 15.8154 
3.8e+07 0.102695 -81.5514 16.2434 
3.9e+07 0.0160402 6.09819 16.6705 
4e+07 0.0255583 -42.6249 17.0985 
4.1e+07 0.0390202 -58.1758 17.5264 
4.2e+07 0.089857 -109.309 17.9568 
4.3e+07 0.0519013 -50.0272 18.3847 
4.4e+07 0.0435296 -52.3995 18.8123 
4.5e+07 0.0411278 -52.7617 19.2416 
4.6e+07 0.0693644 -61.2341 19.67 
4.7e+07 0.0479766 -69.5225 20.0984 
4.8e+07 0.0240324 -76.5317 20.525 
4.9e+07 0.0395511 -50.2968 20.9516 
5e+07 0.0471083 -117.816 21.3787 
5.1e+07 0.0835856 -33.0409 21.807 
5.2e+07 0.0668935 -66.7647 22.2364 
5.3e+07 0.0483193 -54.9767 22.6647 
5.4e+07 0.025677 -34.4676 23.092 
5.5e+07 0.0699239 -16.4593 23.5196 
5.6e+07 0.0413587 -74.3028 23.9468 
5.7e+07 0.0512797 -65.2358 24.3735 
5.8e+07 0.0305893 -58.2426 24.8002 
5.9e+07 0.0847803 -38.9206 25.228 
6e+07 0.0528235 -22.4913 25.6564 
6.1e+07 0.0226747 -72.3474 26.084 
6.2e+07 0.0240764 -56.3546 26.512 
6.3e+07 0.0518664 -27.4464 26.9403 
6.4e+07 0.0210772 -101.648 27.3681 
6.5e+07 0.0547028 -79.896 27.7955 
6.6e+07 0.0654486 -44.6854 28.2229 
6.7e+07 0.0669294 -14.5738 28.6506 
6.8e+07 0.0359539 -55.1639 29.0784 
6.9e+07 0.045266 -21.1491 29.5044 
7e+07 0.0280733 -65.4328 29.9315 
7.1e+07 0.0510651 -45.1968 30.3594 
7.2e+07 0.0639729 -73.1238 30.787 
7.3e+07 0.0544709 -65.2984 31.2149 
7.4e+07 0.0669967 -43.2845 31.6423 
7.5e+07 0.0322611 -49.6914 32.0707 
7.6e+07 0.0752234 -22.0446 32.4988 
7.7e+07 0.0532059 -75.0038 32.9267 
7.8e+07 0.0268355 -70.1167 33.3543 
7.9e+07 0.0342788 -27.9357 33.7818 
8e+07 0.0503013 -31.2741 34.2098 
8.1e+07 0.0246854 -41.1683 34.6374 
8.2e+07 0.032462 -30.0339 35.0635 
8.3e+07 0.0249645 -21.109 35.4893 
8.4e+07 0.0493027 -42.0971 35.9161 
8.5e+07 0.0492061 -74.9228 36.3442 
8.6e+07 0.0887768 -30.8337 36.7699 
8.7e+07 0.0363955 -36.4495 37.197 
8.8e+07 0.0291609 -34.2703 37.6248 
8.9e+07 0.0532435 -54.8 38.0527 
9e+07 0.0173952 -30.9453 38.4811 
9.1e+07 0.0221254 -24.5838 38.9085 
9.2e+07 0.0365257 -24.8969 39.3399 
9.3e+07 0.0484932 -75.695 39.7746 
9.4e+07 0.0465161 -45.9595 40.2097 
9.5e+07 0.0466993 -24.2252 40.6449 
9.6e+07 0.0506429 -46.0428 41.0799 
9.7e+07 0.0351976 -43.7908 41.5065 
9.8e+07 0.0413049 -6.1195 41.9396 
9.9e+07 0.0414397 -46.5264 42.3683 
1e+08 0.0437687 -72.4256 42.8075 
1.01e+08 0.0226128 -64.8684 43.2504 
1.02e+08 0.0371992 -23.2063 43.6918 
1.03e+08 0.063122 -53.5458 44.1316 
1.04e+08 0.0411081 -69.7955 44.5704 
1.05e+08 0.033541 -79.8304 45.0103 
1.06e+08 0.0401236 -25.1566 45.4384 
1.07e+08 0.0228404 -33.5066 45.8688 
1.08e+08 0.0709241 -49.1156 46.3031 
1.09e+08 0.0413806 -38.5657 46.7455 
1.1e+08 0.0379158 -29.9274 47.187 
1.11e+08 0.0424009 7.8505 47.6256 
1.12e+08 0.0554553 -67.9738 48.0658 
1.13e+08 0.0406389 -58.8013 48.5061 
1.14e+08 0.0608921 -44.78 48.9458 
1.15e+08 0.0342752 -62.649 49.3768 
1.16e+08 0.0449537 -29.405 49.8048 
1.17e+08 0.0615437 -26.0332 50.2316 
1.18e+08 0.0547593 -17.5954 50.6591 
1.19e+08 0.0382686 -46.2571 51.0857 
1.2e+08 0.0600556 -44.9339 51.5129 
1.21e+08 0.0388934 -82.0572 51.9429 
1.22e+08 0.0296877 -57.9112 52.3703 
1.23e+08 0.0440116 -72.3331 52.7977 
1.24e+08 0.0202206 -31.6959 53.2255 
1.25e+08 0.0419052 -49.1046 53.6533 
1.26e+08 0.0503988 -3.51497 54.0812 
1.27e+08 0.0326056 -29.32 54.5093 
1.28e+08 0.0932943 -32.4161 54.9371 
1.29e+08 0.0606058 -36.124 55.3658 
1.3e+08 0.0582677 -43.1387 55.7936 
1.31e+08 0.0745363 -75.9234 56.2219 
1.32e+08 0.0603736 -104.884 56.6505 
1.33e+08 0.0724817 -48.888 57.0785 
1.34e+08 0.0843491 -71.5383 57.5063 
1.35e+08 0.0457576 -52.815 57.9345 
1.36e+08 0.0553036 -79.7603 58.3627 
1.37e+08 0.0313214 -53.0587 58.7907 
1.38e+08 0.0286486 -3.09209 59.2184 
1.39e+08 0.0799752 -16.0117 59.6463 
1.4e+08 0.0725992 -83.5564 60.0735 
1.41e+08 0.028921 -75.3291 60.4995 
1.42e+08 0.0415624 -42.4097 60.9271 
1.43e+08 0.0385723 -52.9679 61.3526 
1.44e+08 0.0676665 -35.5844 61.7799 
1.45e+08 0.027944 -76.8784 62.208 
1.46e+08 0.0107325 -19.837 62.6359 
1.47e+08 0.0530256 -51.9107 63.0637 
1.48e+08 0.0458982 -53.7227 63.4909 
1.49e+08 0.0180031 -55.2637 63.9186 
1.5e+08 0.0294481 -11.2663 64.3462 
1.51e+08 0.0642832 -68.6348 64.7737 
1.52e+08 0.0635376 -80.4868 65.2013 
1.53e+08 0.0357062 -57.2797 65.6276 
1.54e+08 0.00961008 -50.7996 66.0545 
1.55e+08 0.0135691 -38.5619 66.4815 
1.56e+08 0.0248614 -83.7521 66.9078 
1.57e+08 0.0233525 -76.8226 67.3338 
1.58e+08 0.0240716 -52.3562 67.7611 
1.59e+08 0.0314525 -73.3053 68.1886 
1.6e+08 0.0480405 -93.7874 68.6168 
1.61e+08 0.0284485 -39.2815 69.0451 
1.62e+08 0.0305604 -52.8031 69.4728 
1.63e+08 0.0509878 -45.1594 69.901 
1.64e+08 0.0469386 -87.3179 70.3271 
1.65e+08 0.0220909 -54.3059 70.7541 
1.66e+08 0.0125065 -86.3696 71.1831 
1.67e+08 0.092716 -24.5923 71.6099 
1.68e+08 0.0432591 -65.5887 72.0384 
1.69e+08 0.0467839 -46.574 72.4653 
1.7e+08 0.0225486 -51.7333 72.8917 
1.71e+08 0.0546748 -36.8435 73.3184 
1.72e+08 0.0220434 -32.0816 73.7448 
1.73e+08 0.0516003 3.27122 74.1712 
1.74e+08 0.0639172 -58.4526 74.5977 
1.75e+08 0.0482682 -17.592 75.0256 
1.76e+08 0.0772517 -80.6209 75.4535 
1.77e+08 0.049371 -69.5569 75.8829 
1.78e+08 0.0235918 -76.2919 76.3095 
1.79e+08 0.0616642 -53.8576 76.7355 
1.8e+08 0.0886814 -47.7989 77.1641 
1.81e+08 0.0695319 -44.8347 77.5911 
1.82e+08 0.0263951 -75.3325 78.0206 
1.83e+08 0.0691802 -71.4708 78.4489 
1.84e+08 0.0756751 -88.0724 78.8765 
1.85e+08 0.0467496 -48.2121 79.3055 
1.86e+08 0.0513247 -93.7127 79.7334 
1.87e+08 0.0442422 -34.3441 80.1616 
1.88e+08 0.0314868 -80.8508 80.5893 
1.89e+08 0.0501336 -18.474 81.0168 
1.9e+08 0.0694311 -76.7436 81.4443 
1.91e+08 0.0319111 -79.3689 81.8724 
1.92e+08 0.0550672 -76.2384 82.3002 
1.93e+08 0.0360062 -55.5812 82.7288 
1.94e+08 0.0664749 -95.5072 83.1566 
1.95e+08 0.0718603 -61.667 83.5843 
1.96e+08 0.0858308 -82.0907 84.0119 
1.97e+08 0.0379891 -43.9186 84.4378 
1.98e+08 0.0378089 -85.8368 84.8735 
1.99e+08 0.0631603 -29.0941 85.2994 
2e+08 0.0509099 -31.9178 85.7253 
2.01e+08 0.0131513 -42.9566 86.1516 
2.02e+08 0.0263211 -77.4026 86.578 
2.03e+08 0.0154231 -26.0756 87.0045 
2.04e+08 0.0266019 -33.7231 87.4303 
2.05e+08 0.0230134 -83.3427 87.8559 
2.06e+08 0.0577633 -83.0957 88.2866 
2.07e+08 0.0404044 -77.8521 88.7123 
2.08e+08 0.0483566 -47.4939 89.1379 
2.09e+08 0.0749996 -31.3227 89.5631 
2.1e+08 0.0607317 -74.3125 89.9886 
2.11e+08 0.0446118 -25.2157 90.4139 
2.12e+08 0.0413615 -86.2716 90.8394 
2.13e+08 0.0795616 -73.5523 91.2645 
2.14e+08 0.0537151 -41.6345 91.6898 
2.15e+08 0.032645 -54.8083 92.1153 
2.16e+08 0.0521412 -21.0225 92.5407 
2.17e+08 0.0691821 -49.131 92.9662 
2.18e+08 0.0298443 -107.207 93.3918 
2.19e+08 0.0459639 -69.0211 93.8174 
2.2e+08 0.028547 -44.1616 94.2428 
2.21e+08 0.0532647 -17.3768 94.6681 
2.22e+08 0.10173 -41.4904 95.0932 
2.23e+08 0.038811 -55.2008 95.5181 
2.24e+08 0.0479569 -34.1011 95.943 
2.25e+08 0.0587121 -26.6081 96.3681 
2.26e+08 0.0635457 -4.5151 96.7929 
2.27e+08 0.0515189 -40.566 97.218 
2.28e+08 0.0535095 -13.7541 97.6427 
2.29e+08 0.0661868 -38.9971 98.0677 
2.3e+08 0.0120157 -69.378 98.4926 
2.31e+08 0.0606345 -52.6531 98.9176 
2.32e+08 0.0556702 -58.9518 99.3421 
2.33e+08 0.0606007 -71.9744 99.7668 
2.34e+08 0.036745 -58.6303 100.192 
2.35e+08 0.0418532 -25.2075 100.617 
2.36e+08 0.0392418 -37.9427 101.042 
2.37e+08 0.0451141 -55.8349 101.467 
2.38e+08 0.0360796 -21.4337 101.891 
2.39e+08 0.0393655 5.86938 102.316 
2.4e+08 0.0167407 -35.6751 102.741 
2.41e+08 0.0488893 -23.2347 103.166 
2.42e+08 0.0589534 -49.7103 103.591 
2.43e+08 0.0174568 -58.138 104.016 
2.44e+08 0.0267512 -73.7386 104.441 
2.45e+08 0.0327441 -25.0924 104.866 
2.46e+08 0.0363659 -67.4336 105.293 
2.47e+08 0.0388704 -61.7813 105.721 
2.48e+08 0.0323623 -25.517 106.15 
2.49e+08 0.085587 -68.384 106.582 
2.5e+08 0.0493998 -23.3348 107.012 
2.51e+08 0.0318756 -43.9846 107.44 
2.52e+08 0.0426245 -32.9734 107.869 
2.53e+08 0.0602242 -64.9572 108.31 
2.54e+08 0.0236154 -30.8559 108.753 
2.55e+08 0.0252796 -65.3373 109.196 
2.56e+08 0.0439529 -51.7524 109.638 
2.57e+08 0.0357367 -55.5947 110.084 
2.58e+08 0.0438088 -118.333 110.527 
2.59e+08 0.0197432 -20.438 110.97 
2.6e+08 0.0167512 -38.2468 111.414 
2.61e+08 0.0379253 -67.7474 111.853 
2.62e+08 0.017789 -58.5316 112.283 
2.63e+08 0.0299791 -46.929 112.71 
2.64e+08 0.0488181 -20.4374 113.139 
2.65e+08 0.0474729 -19.2602 113.567 
2.66e+08 0.0388848 -90.4099 113.995 
2.67e+08 0.0337812 -76.2884 114.424 
2.68e+08 0.044266 -71.8785 114.853 
2.69e+08 0.0614831 6.15038 115.282 
2.7e+08 0.0123389 -55.6189 115.709 
2.71e+08 0.0215875 -33.2682 116.136 
2.72e+08 0.0383758 -53.6613 116.564 
2.73e+08 0.0371879 -30.8796 116.991 
2.74e+08 0.0674743 -31.2345 117.42 
2.75e+08 0.00858129 -30.7891 117.849 
2.76e+08 0.0156063 -57.1296 118.278 
2.77e+08 0.0529843 -94.322 118.707 
2.78e+08 0.017047 -56.0819 119.136 
2.79e+08 0.068436 -87.2964 119.565 
2.8e+08 0.0708358 -26.5803 119.993 
2.81e+08 0.0355752 -36.9086 120.423 
2.82e+08 0.0474032 -56.8588 120.852 
2.83e+08 0.0249072 -45.2962 121.281 
2.84e+08 0.0425184 -32.881 121.71 
2.85e+08 0.0849637 -57.9101 122.138 
2.86e+08 0.0471377 -88.1484 122.568 
2.87e+08 0.0350802 -41.7873 122.997 
2.88e+08 0.041748 -72.5583 123.425 
2.89e+08 0.0568927 -78.4042 123.854 
2.9e+08 0.0625684 -72.2074 124.282 
2.91e+08 0.0335301 -60.7455 124.711 
2.92e+08 0.0468567 -57.5431 125.139 
2.93e+08 0.0217543 -58.7567 125.568 
2.94e+08 0.0367587 -72.5296 125.997 
2.95e+08 0.0840138 -96.8202 126.425 
2.96e+08 0.0527924 -22.2928 126.854 
2.97e+08 0.0370514 -48.486 127.283 
2.98e+08 0.0495295 -53.6379 127.711 
2.99e+08 0.0346468 -7.35034 128.14 
3e+08 0.096071 -52.1465 128.568 
3.01e+08 0.0705434 -74.1293 128.996 
3.02e+08 0.0889727 -76.9324 129.424 
3.03e+08 0.0368082 -22.5667 129.853 
3.04e+08 0.0497023 -22.7143 130.281 
3.05e+08 0.0370009 -68.5203 130.709 
3.06e+08 0.0541626 -43.9215 131.137 
3.07e+08 0.0235872 -30.834 131.565 
3.08e+08 0.0234637 -68.64 131.993 
3.09e+08 0.0720731 -45.9159 132.421 
3.1e+08 0.0593761 -44.8767 132.85 
3.11e+08 0.0290012 -91.2821 133.278 
3.12e+08 0.0232552 -69.3082 133.706 
3.13e+08 0.0219074 -27.5721 134.139 
3.14e+08 0.0443034 -31.7318 134.573 
3.15e+08 0.0681227 -25.803 135.008 
3.16e+08 0.0415825 -61.8895 135.442 
3.17e+08 0.0903107 -67.2222 135.879 
3.18e+08 0.0549302 -40.0133 136.315 
3.19e+08 0.0685383 -51.5536 136.749 
3.2e+08 0.0283888 -40.8786 137.183 
3.21e+08 0.0278388 -68.6369 137.621 
3.22e+08 0.0447908 -57.2952 138.064 
3.23e+08 0.0306448 -33.3513 138.508 
3.24e+08 0.0557202 -36.9055 138.95 
3.25e+08 0.0446356 -48.3961 139.389 
3.26e+08 0.0299116 -56.9334 139.823 
3.27e+08 0.0519011 -36.0745 140.259 
3.28e+08 0.0665128 -49.779 140.703 
3.29e+08 0.0295593 -74.9982 141.148 
3.3e+08 0.0641643 -87.8388 141.591 
3.31e+08 0.0204549 -68.8483 142.033 
3.32e+08 0.0684511 -108.343 142.461 
3.33e+08 0.0867932 -65.416 142.89 
3.34e+08 0.032548 -75.2971 143.318 
3.35e+08 0.0497091 -71.3435 143.745 
3.36e+08 0.0206534 -38.6216 144.173 
3.37e+08 0.0608628 -37.0485 144.601 
3.38e+08 0.0663386 -66.7504 145.029 
3.39e+08 0.055046 -56.504 145.458 
3.4e+08 0.0173892 -63.676 145.886 
3.41e+08 0.0246137 -48.4017 146.315 
3.42e+08 0.0703255 -16.1713 146.745 
3.43e+08 0.0396464 -46.2103 147.174 
3.44e+08 0.0494105 -20.518 147.603 
3.45e+08 0.0271282 -52.1569 148.032 
3.46e+08 0.0760999 -23.0453 148.475 
3.47e+08 0.050076 -72.0217 148.913 
3.48e+08 0.0164804 -68.1181 149.351 
3.49e+08 0.0285398 -40.3169 149.789 
3.5e+08 0.0614849 -80.9553 150.225 
3.51e+08 0.0617022 -67.4335 150.664 
3.52e+08 0.0828743 -35.8253 151.101 
3.53e+08 0.058426 -36.8939 151.54 
3.54e+08 0.0348491 -66.0063 151.976 
3.55e+08 0.0211846 -76.7776 152.414 
3.56e+08 0.0745741 -24.5806 152.85 
3.57e+08 0.0333051 -65.0081 153.288 
3.58e+08 0.0587083 -41.238 153.723 
3.59e+08 0.0299526 -74.6953 154.16 
3.6e+08 0.0257393 -54.8931 154.587 
3.61e+08 0.0558392 -62.2958 155.021 
3.62e+08 0.0341266 -25.3798 155.454 
3.63e+08 0.0397709 -67.0888 155.882 
3.64e+08 0.0788083 -50.4653 156.323 
3.65e+08 0.0514439 -55.2939 156.757 
3.66e+08 0.0415061 -103.978 157.185 
3.67e+08 0.0141265 -77.8884 157.613 
3.68e+08 0.0206787 -63.3679 158.044 
3.69e+08 0.0517451 -60.5372 158.481 
3.7e+08 0.0750921 -67.2412 158.913 
3.71e+08 0.0477007 -58.7707 159.342 
3.72e+08 0.0299925 -66.9379 159.776 
3.73e+08 0.0264745 -30.0233 160.206 
3.74e+08 0.0470587 -19.444 160.635 
3.75e+08 0.0363216 -33.241 161.072 
3.76e+08 0.0427863 -62.065 161.505 
3.77e+08 0.0675525 -45.6485 161.933 
3.78e+08 0.0482025 -44.634 162.366 
3.79e+08 0.018076 -35.2053 162.803 
3.8e+08 0.032309 -45.1804 163.237 
3.81e+08 0.0672636 -13.2432 163.672 
3.82e+08 0.0302951 -68.0828 164.106 
3.83e+08 0.0413625 -60.9793 164.542 
3.84e+08 0.0335289 -34.0914 164.979 
3.85e+08 0.0389597 -66.2887 165.413 
3.86e+08 0.0396545 -51.0146 165.849 
3.87e+08 0.052694 -76.2903 166.287 
3.88e+08 0.0421246 -84.7497 166.718 
3.89e+08 0.0216281 -41.6483 167.147 
3.9e+08 0.0683332 -85.8835 167.584 
3.91e+08 0.0534285 -32.5274 168.02 
3.92e+08 0.0476304 -47.7098 168.449 
3.93e+08 0.0432731 -18.4153 168.879 
3.94e+08 0.0257693 -54.1811 169.314 
3.95e+08 0.0322031 -107.435 169.75 
3.96e+08 0.0560169 -80.3774 170.184 
3.97e+08 0.0546823 -59.584 170.619 
3.98e+08 0.0433137 -30.7693 171.051 
3.99e+08 0.0204151 8.07968 171.48 
4e+08 0.0698891 -61.0728 171.913 
4.01e+08 0.0705838 -60.8859 172.355 
4.02e+08 0.0226628 -72.3024 172.795 
4.03e+08 0.0493179 -41.8888 173.236 
4.04e+08 0.0427366 -24.028 173.664 
4.05e+08 0.0640536 -38.6847 174.102 
4.06e+08 0.0472319 -59.8811 174.544 
4.07e+08 0.0621929 -97.4461 174.984 
4.08e+08 0.074098 -47.1315 175.415 
4.09e+08 0.0301639 -36.2976 175.856 
4.1e+08 0.0549445 -31.6986 176.297 
4.11e+08 0.0477394 -67.0674 176.74 
4.12e+08 0.0369214 -38.5854 177.176 
4.13e+08 0.0359819 -69.2125 177.609 
4.14e+08 0.0709363 -61.683 178.05 
4.15e+08 0.0430289 -77.8421 178.494 
4.16e+08 0.0483841 -48.6586 178.938 
4.17e+08 0.0327277 -50.9849 179.383 
4.18e+08 0.0133361 -77.8953 179.812 
4.19e+08 0.0661584 -64.932 180.245 
4.2e+08 0.0275626 -54.0201 180.675 
4.21e+08 0.0195444 -85.6565 181.109 
4.22e+08 0.0278532 -57.8735 181.553 
4.23e+08 0.0473518 -33.9228 181.997 
4.24e+08 0.0448225 -20.2006 182.443 
4.25e+08 0.0569531 -58.9409 182.888 
4.26e+08 0.0569672 -60.0117 183.331 
4.27e+08 0.0460753 -40.8785 183.775 
4.28e+08 0.0281358 -51.389 184.219 
4.29e+08 0.065384 -15.0237 184.647 
4.3e+08 0.0425781 -5.93505 185.076 
4.31e+08 0.0198128 -63.1462 185.504 
4.32e+08 0.0269113 -29.3604 185.936 
4.33e+08 0.0707132 -74.5523 186.372 
4.34e+08 0.0552446 -38.9184 186.811 
4.35e+08 0.0515226 -59.8566 187.246 
4.36e+08 0.042346 -57.5386 187.681 
4.37e+08 0.036808 -34.4924 188.117 
4.38e+08 0.0372354 -27.8813 188.552 
4.39e+08 0.057533 -53.7413 188.989 
4.4e+08 0.0630756 -40.1057 189.425 
4.41e+08 0.0260387 -60.1586 189.856 
4.42e+08 0.0253203 -58.5523 190.292 
4.43e+08 0.0552823 -20.5093 190.735 
4.44e+08 0.0225318 -71.7143 191.18 
4.45e+08 0.0868764 -90.2386 191.624 
4.46e+08 0.0328839 -71.4869 192.062 
4.47e+08 0.0672621 -39.7022 192.504 
4.48e+08 0.0295198 -41.2952 192.945 
4.49e+08 0.0418814 -32.2939 193.388 
4.5e+08 0.0479001 -25.527 193.831 
4.51e+08 0.0643474 -51.1624 194.274 
4.52e+08 0.0914862 -46.2675 194.705 
4.53e+08 0.0269342 -13.3345 195.137 
4.54e+08 0.0377233 -56.0117 195.58 
4.55e+08 0.0641445 -86.3829 196.009 
4.56e+08 0.0325647 -49.4175 196.443 
4.57e+08 0.0323374 15.1766 196.874 
4.58e+08 0.0313458 -67.2561 197.3 
4.59e+08 0.0378391 -53.3995 197.727 
4.6e+08 0.092389 -68.2765 198.165 
4.61e+08 0.0175009 -43.1259 198.606 
4.62e+08 0.0123777 -50.1949 199.046 
4.63e+08 0.0318839 -34.6256 199.488 
4.64e+08 0.0250665 -30.258 199.931 
4.65e+08 0.0444268 -26.7423 200.374 
4.66e+08 0.0421647 -35.2391 200.815 
4.67e+08 0.0245495 -27.076 201.258 
4.68e+08 0.0580379 -38.7194 201.702 
4.69e+08 0.0296722 -26.525 202.136 
4.7e+08 0.0441566 -40.369 202.562 
4.71e+08 0.0514844 -26.8421 202.989 
4.72e+08 0.0250724 -4.51049 203.416 
4.73e+08 0.0899339 -40.1016 203.842 
4.74e+08 0.030898 -65.8891 204.269 
4.75e+08 0.0192026 -80.9458 204.696 
4.76e+08 0.056362 -67.6306 205.125 
4.77e+08 0.0475909 -45.7131 205.553 
4.78e+08 0.074044 -87.0528 205.981 
4.79e+08 0.0564832 -83.6989 206.408 
4.8e+08 0.0486529 -43.6248 206.834 
4.81e+08 0.0900006 -62.357 207.263 
4.82e+08 0.0453253 -70.5706 207.691 
4.83e+08 0.0228337 -41.6405 208.12 
4.84e+08 0.11106 -66.5814 208.548 
4.85e+08 0.0215275 -32.9378 208.975 
4.86e+08 0.0246851 -30.3578 209.401 
4.87e+08 0.00393914 -86.1919 209.829 
4.88e+08 0.0387731 -61.5939 210.257 
4.89e+08 0.024913 -49.8865 210.686 
4.9e+08 0.0268338 -67.4482 211.114 
4.91e+08 0.0408599 -20.6051 211.542 
4.92e+08 0.0775218 -49.2461 211.971 
4.93e+08 0.0343395 -68.3901 212.399 
4.94e+08 0.0268332 -48.6185 212.825 
4.95e+08 0.037312 -52.0582 213.253 
4.96e+08 0.0290024 -41.1205 213.681 
4.97e+08 0.0547445 -61.0041 214.109 
4.98e+08 0.0868361 -69.6333 214.536 
4.99e+08 0.0131646 -50.0892 214.964 
5e+08 0.0280611 -63.9611 215.391 
5.01e+08 0.0257508 -26.2976 215.817 
5.02e+08 0.0509707 -77.5989 216.243 
5.03e+08 0.0307979 -35.7483 216.671 
5.04e+08 0.0668787 -98.9728 217.099 
5.05e+08 0.045785 -49.4204 217.526 
5.06e+08 0.0568474 -69.1946 217.953 
5.07e+08 0.0443239 -28.8229 218.386 
5.08e+08 0.0592968 -53.9827 218.812 
5.09e+08 0.0200288 -50.4709 219.238 
5.1e+08 0.0570195 -86.9794 219.663 
5.11e+08 0.073343 -28.7542 220.091 
5.12e+08 0.0511462 -35.6327 220.519 
5.13e+08 0.0638101 -101.911 220.947 
5.14e+08 0.0759906 -40.0144 221.375 
5.15e+08 0.0278741 -44.9079 221.802 
5.16e+08 0.0467774 -91.1671 222.231 
5.17e+08 0.0454567 -21.632 222.66 
5.18e+08 0.0551894 -66.7204 223.095 
5.19e+08 0.0854612 -40.139 223.532 
5.2e+08 0.0544562 -56.6423 223.97 
5.21e+08 0.0417235 -29.8082 224.408 
5.22e+08 0.0703197 -85.2157 224.843 
5.23e+08 0.0242288 -71.1508 225.279 
5.24e+08 0.0338792 -13.9905 225.715 
5.25e+08 0.0591537 -78.8132 226.15 
5.26e+08 0.0143424 -60.0175 226.586 
5.27e+08 0.0779352 -47.8735 227.023 
5.28e+08 0.0721861 -58.0685 227.459 
5.29e+08 0.027244 -76.6107 227.894 
5.3e+08 0.06592 -72.6737 228.331 
5.31e+08 0.0636759 -65.5109 228.766 
5.32e+08 0.0219251 -29.5146 229.201 
5.33e+08 0.0523926 -47.8233 229.636 
5.34e+08 0.0432378 -70.3897 230.071 
5.35e+08 0.0423204 -55.095 230.509 
5.36e+08 0.0384058 -49.3297 230.945 
5.37e+08 0.0514703 -32.7215 231.379 
5.38e+08 0.0247054 -40.1842 231.815 
5.39e+08 0.0279244 -54.3206 232.245 
5.4e+08 0.0465175 -53.286 232.671 
5.41e+08 0.053473 -32.1344 233.098 
5.42e+08 0.055682 -85.9509 233.525 
5.43e+08 0.0481497 -37.6211 233.953 
5.44e+08 0.0476575 -63.6619 234.381 
5.45e+08 0.0525142 -22.8613 234.809 
5.46e+08 0.063724 -42.5085 235.238 
5.47e+08 0.0142303 -28.4465 235.667 
5.48e+08 0.0573854 -41.708 236.096 
5.49e+08 0.0681897 -59.8896 236.524 
5.5e+08 0.0505903 -64.1464 236.953 
5.51e+08 0.0453961 -39.2756 237.381 
5.52e+08 0.0546114 -67.3205 237.807 
5.53e+08 0.0450374 -25.0644 238.234 
5.54e+08 0.0590538 -72.5374 238.66 
5.55e+08 0.0555434 -51.5189 239.087 
5.56e+08 0.0826572 -73.2133 239.514 
5.57e+08 0.0452456 -31.7634 239.942 
5.58e+08 0.0525347 -34.824 240.368 
5.59e+08 0.0402924 -92.758 240.795 
5.6e+08 0.0619229 -51.8105 241.222 
5.61e+08 0.0418149 -96.1707 241.65 
5.62e+08 0.0322511 -34.4359 242.079 
5.63e+08 0.025483 -80.49 242.508 
5.64e+08 0.0328169 -26.9534 242.937 
5.65e+08 0.052038 -60.5629 243.364 
5.66e+08 0.0728924 -98.1294 243.792 
5.67e+08 0.0408612 -55.7783 244.22 
5.68e+08 0.0467762 -43.5858 244.648 
5.69e+08 0.0518815 -0.711682 245.076 
5.7e+08 0.0190757 -34.3521 245.504 
5.71e+08 0.0339872 -43.7162 245.93 
5.72e+08 0.0401349 -46.0546 246.358 
5.73e+08 0.0244878 -92.2744 246.785 
5.74e+08 0.0596011 -61.328 247.212 
5.75e+08 0.0392386 -43.3762 247.641 
5.76e+08 0.0351484 -25.1608 248.069 
5.77e+08 0.0180722 -73.4682 248.498 
5.78e+08 0.0222854 -60.6876 248.927 
5.79e+08 0.0391838 -76.0556 249.355 
5.8e+08 0.0175572 -105.826 249.781 
5.81e+08 0.0198921 -35.4643 250.209 
5.82e+08 0.0532436 -19.6924 250.637 
5.83e+08 0.0301126 -61.6331 251.065 
5.84e+08 0.0368515 -5.50373 251.493 
5.85e+08 0.0289778 -41.1552 251.921 
5.86e+08 0.037524 -60.0321 252.347 
5.87e+08 0.0582371 -58.9781 252.775 
5.88e+08 0.0610422 -57.3469 253.204 
5.89e+08 0.038616 3.03785 253.632 
5.9e+08 0.0396432 -23.8601 254.061 
5.91e+08 0.0151019 -50.1824 254.488 
5.92e+08 0.054429 -24.7591 254.916 
5.93e+08 0.0181372 -58.3032 255.344 
5.94e+08 0.0415237 -29.9461 255.772 
5.95e+08 0.0267116 -71.8478 256.201 
5.96e+08 0.0500659 -58.5508 256.629 
5.97e+08 0.0349707 -90.0423 257.057 
5.98e+08 0.0592494 -41.135 257.485 
5.99e+08 0.0235226 -49.6942 257.913 
6e+08 0.0612121 -30.1194 258.342 
6.01e+08 0.0529041 -87.5136 258.771 
6.02e+08 0.0292614 -30.7403 259.199 
6.03e+08 0.0393635 -44.5712 259.628 
6.04e+08 0.0754234 -49.7886 260.056 
6.05e+08 0.0322744 -54.939 260.488 
6.06e+08 0.014715 -43.7975 260.926 
6.07e+08 0.0237807 -54.9266 261.362 
6.08e+08 0.0738189 -37.4901 261.791 
6.09e+08 0.0323385 1.97764 262.223 
6.1e+08 0.0211823 -36.438 262.659 
6.11e+08 0.018717 -90.6725 263.095 
6.12e+08 0.0183527 -52.7061 263.538 
6.13e+08 0.0253479 -49.9037 263.982 
6.14e+08 0.0530341 -43.339 264.422 
6.15e+08 0.112768 -60.7938 264.852 
6.16e+08 0.0814452 -51.0682 265.281 
6.17e+08 0.0793215 -96.3823 265.717 
6.18e+08 0.0359688 -45.741 266.146 
6.19e+08 0.0853376 -43.8805 266.574 
6.2e+08 0.0872836 -36.9128 267.003 
6.21e+08 0.0450766 -34.4863 267.431 
6.22e+08 0.0731249 -89.5233 267.859 
6.23e+08 0.0518388 -59.5968 268.288 
6.24e+08 0.0917102 -47.6482 268.716 
6.25e+08 0.0303448 -62.5011 269.145 
6.26e+08 0.053779 -69.0223 269.573 
6.27e+08 0.0679976 -55.8381 270.001 
6.28e+08 0.0495851 -60.0461 270.429 
6.29e+08 0.0147787 -51.0587 270.858 
6.3e+08 0.0389075 -79.9216 271.286 
6.31e+08 0.0111629 2.845 271.714 
6.32e+08 0.024924 -53.5712 272.143 
6.33e+08 0.0594931 -58.3094 272.571 
6.34e+08 0.0351047 -28.5792 272.997 
6.35e+08 0.0688686 -78.1213 273.429 
6.36e+08 0.0344307 -74.0293 273.859 
6.37e+08 0.0456527 -68.6286 274.285 
6.38e+08 0.0895442 -83.3125 274.711 
6.39e+08 0.0436049 -20.2416 275.139 
6.4e+08 0.0276321 -13.1519 275.566 
6.41e+08 0.0749609 -18.8823 275.992 
6.42e+08 0.0597255 -65.1848 276.422 
6.43e+08 0.0191462 -85.791 276.851 
6.44e+08 0.0197466 -36.0192 277.28 
6.45e+08 0.0165377 -51.4806 277.708 
6.46e+08 0.0337929 -13.301 278.137 
6.47e+08 0.0252731 -43.6246 278.565 
6.48e+08 0.0392089 -82.7053 278.992 
6.49e+08 0.0534843 -59.2057 279.421 
6.5e+08 0.0584734 -64.5357 279.849 
6.51e+08 0.0249934 -79.5296 280.277 
6.52e+08 0.0595631 -85.6396 280.703 
6.53e+08 0.049981 -75.9649 281.132 
6.54e+08 0.0253298 -36.219 281.558 
6.55e+08 0.0349057 -33.4613 281.985 
6.56e+08 0.0223732 -56.7113 282.412 
6.57e+08 0.0485553 -35.7495 282.839 
6.58e+08 0.0448898 -30.8031 283.265 
6.59e+08 0.0316867 -45.8971 283.693 
6.6e+08 0.0515896 -41.4825 284.122 
6.61e+08 0.0298017 19.4678 284.556 
6.62e+08 0.0628178 -69.7727 284.996 
6.63e+08 0.0308182 -80.759 285.44 
6.64e+08 0.0170288 -19.3249 285.884 
6.65e+08 0.0475141 21.1012 286.324 
6.66e+08 0.0591324 -31.6689 286.766 
6.67e+08 0.0463893 -72.8935 287.21 
6.68e+08 0.0676733 -60.9234 287.651 
6.69e+08 0.0150013 -48.4711 288.093 
6.7e+08 0.0430927 -56.3638 288.522 
6.71e+08 0.0295181 -45.202 288.964 
6.72e+08 0.0125897 -90.4374 289.405 
6.73e+08 0.0395265 -26.5483 289.833 
6.74e+08 0.0487937 -56.028 290.272 
6.75e+08 0.0557409 6.86595 290.714 
6.76e+08 0.0506811 -54.6387 291.155 
6.77e+08 0.046203 -75.3357 291.596 
6.78e+08 0.0578804 -8.47133 292.033 
6.79e+08 0.0473459 -3.00597 292.464 
6.8e+08 0.0498453 3.16949 292.896 
6.81e+08 0.0628745 -39.2668 293.33 
6.82e+08 0.0232841 -28.118 293.764 
6.83e+08 0.035038 -31.6134 294.198 
6.84e+08 0.0749207 -34.6235 294.638 
6.85e+08 0.0634098 -59.4697 295.082 
6.86e+08 0.0540694 -52.0996 295.525 
6.87e+08 0.0308151 -36.48 295.968 
6.88e+08 0.0416993 -64.3336 296.41 
6.89e+08 0.0590623 -66.8924 296.854 
6.9e+08 0.054853 -45.283 297.296 
6.91e+08 0.0364341 -3.37699 297.737 
6.92e+08 0.0164863 -55.2336 298.181 
6.93e+08 0.0744517 -60.0364 298.625 
6.94e+08 0.0662447 -68.3547 299.07 
6.95e+08 0.0564456 -65.8428 299.51 
6.96e+08 0.0217231 -51.2919 299.942 
6.97e+08 0.045248 -18.3775 300.37 
6.98e+08 0.035546 -50.8698 300.797 
6.99e+08 0.0211957 -11.0175 301.224 
7e+08 0.0404686 -66.46 301.652 
7.01e+08 0.0317799 -48.6705 302.079 
7.02e+08 0.0854019 -56.007 302.508 
7.03e+08 0.0484196 -46.4551 302.935 
7.04e+08 0.0348995 -74.4055 303.363 
7.05e+08 0.028447 -62.9173 303.791 
7.06e+08 0.0415704 -62.0904 304.22 
7.07e+08 0.0499401 -44.959 304.649 
7.08e+08 0.0420659 -43.4794 305.077 
7.09e+08 0.0662019 -55.1277 305.506 
7.1e+08 0.0438763 -56.9108 305.934 
7.11e+08 0.0434962 -77.7748 306.362 
7.12e+08 0.057724 -59.1602 306.791 
7.13e+08 0.0287974 -27.2241 307.219 
7.14e+08 0.0435089 -0.740104 307.645 
7.15e+08 0.0365158 -89.4124 308.071 
7.16e+08 0.0241136 -23.7337 308.51 
7.17e+08 0.044279 -46.3116 308.955 
7.18e+08 0.0604013 -42.0192 309.399 
7.19e+08 0.0161779 -23.8179 309.842 
7.2e+08 0.0461584 -41.2642 310.278 
7.21e+08 0.0265429 -23.8057 310.709 
7.22e+08 0.0895825 -81.2959 311.152 
7.23e+08 0.067937 -36.5925 311.593 
7.24e+08 0.0440805 -54.5987 312.036 
7.25e+08 0.108212 -39.8537 312.477 
7.26e+08 0.0566681 -57.2045 312.919 
7.27e+08 0.0316423 -54.8356 313.359 
7.28e+08 0.0513202 -44.7876 313.8 
7.29e+08 0.0452038 -20.562 314.242 
7.3e+08 0.0431833 -64.9083 314.685 
7.31e+08 0.0482956 -65.6541 315.127 
7.32e+08 0.0265922 7.37989 315.569 
7.33e+08 0.0416476 -39.8999 316.004 
7.34e+08 0.0721168 -84.4736 316.433 
7.35e+08 0.051055 -78.3297 316.862 
7.36e+08 0.0450442 -42.1266 317.29 
7.37e+08 0.0412231 -22.9901 317.718 
7.38e+08 0.0275133 -27.6828 318.146 
7.39e+08 0.0121176 -45.9389 318.575 
7.4e+08 0.0862543 -66.2856 319.005 
7.41e+08 0.0225739 -52.2324 319.433 
7.42e+08 0.069183 -68.3727 319.862 
7.43e+08 0.0338462 -52.6261 320.291 
7.44e+08 0.0738066 -34.4684 320.719 
7.45e+08 0.0350022 -29.062 321.148 
7.46e+08 0.0188145 -55.5888 321.575 
7.47e+08 0.0584018 -93.372 322.003 
7.48e+08 0.0860159 -29.3289 322.432 
7.49e+08 0.0653471 -59.9985 322.86 
7.5e+08 0.0372806 -69.5366 323.289 
7.51e+08 0.0458119 -64.9971 323.717 
7.52e+08 0.0632914 -30.8407 324.146 
7.53e+08 0.0589314 -34.2281 324.573 
7.54e+08 0.021003 -41.7594 325 
7.55e+08 0.0540583 -59.6395 325.428 
7.56e+08 0.033444 -25.1906 325.856 
7.57e+08 0.0593044 -56.3866 326.285 
7.58e+08 0.0663427 -57.3958 326.712 
7.59e+08 0.0457614 -38.8879 327.138 
7.6e+08 0.0517019 -32.0383 327.574 
7.61e+08 0.0448399 3.25114 327.999 
7.62e+08 0.0620548 -54.5758 328.425 
7.63e+08 0.0498309 -114.427 328.852 
7.64e+08 0.0651567 -19.1851 329.279 
7.65e+08 0.0599205 -40.7838 329.707 
7.66e+08 0.0637256 -12.2028 330.135 
7.67e+08 0.0411187 -47.5362 330.561 
7.68e+08 0.0444557 10.2963 330.987 
7.69e+08 0.0502992 -54.4741 331.415 
7.7e+08 0.0357635 -65.7573 331.843 
7.71e+08 0.0144984 -59.5853 332.27 
7.72e+08 0.0638757 -21.8706 332.698 
7.73e+08 0.0407626 -86.2493 333.128 
7.74e+08 0.0157255 -59.7216 333.556 
7.75e+08 0.0558278 -11.5142 333.985 
7.76e+08 0.0277092 -67.5745 334.413 
7.77e+08 0.0548531 -51.4851 334.841 
7.78e+08 0.0613525 -56.306 335.268 
7.79e+08 0.0324998 -38.1954 335.693 
7.8e+08 0.0269213 -28.6826 336.119 
7.81e+08 0.0462034 -30.2321 336.546 
7.82e+08 0.0465522 -50.5634 336.972 
7.83e+08 0.06682 -23.5895 337.399 
7.84e+08 0.0428368 -79.1813 337.825 
7.85e+08 0.0420544 -57.2893 338.251 
7.86e+08 0.0589633 -37.1254 338.678 
7.87e+08 0.0472424 -50.1735 339.106 
7.88e+08 0.0479125 -47.7945 339.534 
7.89e+08 0.0341006 -55.2988 339.963 
7.9e+08 0.046334 -41.1276 340.391 
7.91e+08 0.0248943 -51.4906 340.819 
7.92e+08 0.04441 -41.7749 341.246 
7.93e+08 0.036301 -50.1866 341.676 
7.94e+08 0.0677081 -35.6307 342.113 
7.95e+08 0.0613188 -35.9583 342.551 
7.96e+08 0.0466766 -39.4741 342.987 
7.97e+08 0.0907967 -76.5094 343.419 
7.98e+08 0.0352379 -56.9365 343.848 
7.99e+08 0.0243648 -68.063 344.285 
8e+08 0.060703 -44.1763 344.713 
8.01e+08 0.0274936 -52.5021 345.147 
8.02e+08 0.0452118 -45.8222 345.583 
8.03e+08 0.040779 -30.789 346.019 
8.04e+08 0.0574299 -25.6171 346.456 
8.05e+08 0.0553499 -75.4122 346.892 
8.06e+08 0.0680007 -42.6371 347.326 
8.07e+08 0.0247301 -41.9399 347.76 
8.08e+08 0.0360491 -27.8046 348.188 
8.09e+08 0.0578952 -37.4269 348.615 
8.1e+08 0.0472185 -66.0917 349.05 
8.11e+08 0.0541703 -21.19 349.483 
8.12e+08 0.0214853 -58.3243 349.915 
8.13e+08 0.0379486 -71.2149 350.349 
8.14e+08 0.0448635 -75.3761 350.785 
8.15e+08 0.0110067 -47.477 351.228 
8.16e+08 0.0137572 -38.0283 351.67 
8.17e+08 0.0378307 -77.468 352.106 
8.18e+08 0.0397044 -61.3867 352.534 
8.19e+08 0.0725681 -43.8042 352.962 
8.2e+08 0.0248994 -42.8929 353.4 
8.21e+08 0.0498155 -23.9605 353.834 
8.22e+08 0.0352076 -89.8578 354.269 
8.23e+08 0.0711409 -98.6026 354.703 
8.24e+08 0.0648706 -61.0576 355.136 
8.25e+08 0.0581207 -58.5821 355.574 
8.26e+08 0.0711146 -29.1383 356.01 
8.27e+08 0.0400388 -54.7084 356.445 
8.28e+08 0.0430997 -52.0955 356.888 
8.29e+08 0.0529306 -12.903 357.33 
8.3e+08 0.0560935 -5.56982 357.774 
8.31e+08 0.0621186 -40.1154 358.217 
8.32e+08 0.0213415 -35.7057 358.659 
8.33e+08 0.0519361 0.647805 359.102 
8.34e+08 0.0423706 -35.7509 359.54 
8.35e+08 0.050716 -72.5157 359.967 
8.36e+08 0.033672 -26.8319 360.398 
8.37e+08 0.0466769 -35.7612 360.832 
8.38e+08 0.0575854 -85.7175 361.269 
8.39e+08 0.0686459 -16.5584 361.712 
8.4e+08 0.0439482 -33.5718 362.153 
8.41e+08 0.0426075 -45.2382 362.591 
8.42e+08 0.0406585 -43.3265 363.033 
8.43e+08 0.0701966 -65.5155 363.475 
8.44e+08 0.0462294 -17.2772 363.919 
8.45e+08 0.0607393 -50.7546 364.363 
8.46e+08 0.0696653 -61.4326 364.805 
8.47e+08 0.0518811 11.4849 365.246 
8.48e+08 0.087917 -85.9446 365.689 
8.49e+08 0.0836906 -44.6207 366.129 
8.5e+08 0.0360615 -57.1798 366.572 
8.51e+08 0.0779717 -13.092 367.01 
8.52e+08 0.013977 -45.4581 367.438 
8.53e+08 0.020922 -42.7026 367.867 
8.54e+08 0.0503591 -72.7291 368.295 
8.55e+08 0.0578644 -66.5668 368.723 
8.56e+08 0.0388758 -82.1217 369.151 
8.57e+08 0.0571775 -54.904 369.579 
8.58e+08 0.0715387 -46.2034 370.007 
8.59e+08 0.056637 -38.7633 370.436 
8.6e+08 0.0343176 -38.4921 370.864 
8.61e+08 0.0489537 -77.1171 371.293 
8.62e+08 0.0627758 -89.3711 371.721 
8.63e+08 0.0562941 -81.2086 372.148 
8.64e+08 0.0131942 -67.9992 372.576 
8.65e+08 0.0359321 -29.1774 373.011 
8.66e+08 0.0650378 -80.1874 373.437 
8.67e+08 0.0647061 -74.9599 373.875 
8.68e+08 0.0830491 -64.1696 374.309 
8.69e+08 0.026846 -59.1544 374.746 
8.7e+08 0.0276196 -3.77176 375.182 
8.71e+08 0.0402866 -54.4733 375.616 
8.72e+08 0.017945 -46.2552 376.058 
8.73e+08 0.0125642 -71.1585 376.501 
8.74e+08 0.0616281 -46.1677 376.937 
8.75e+08 0.0376292 -85.5633 377.374 
8.76e+08 0.0358842 -5.11249 377.81 
8.77e+08 0.0300469 -52.744 378.236 
8.78e+08 0.0336261 -80.7516 378.673 
8.79e+08 0.0319765 -41.4322 379.106 
8.8e+08 0.0704383 -55.6677 379.536 
8.81e+08 0.0915039 -27.9791 379.97 
8.82e+08 0.0740137 -81.2725 380.398 
8.83e+08 0.0225648 -44.1549 380.828 
8.84e+08 0.0280361 -58.389 381.254 
8.85e+08 0.0649307 -77.301 381.678 
8.86e+08 0.0395658 -36.2706 382.109 
8.87e+08 0.0409254 -66.5026 382.537 
8.88e+08 0.0264189 -34.0681 382.965 
8.89e+08 0.0877169 -42.4303 383.393 
8.9e+08 0.0337404 -39.1948 383.82 
8.91e+08 0.035414 -28.9905 384.248 
8.92e+08 0.0458945 -57.1369 384.675 
8.93e+08 0.0528696 -42.4216 385.101 
8.94e+08 0.0141666 -42.8027 385.536 
8.95e+08 0.0539099 -35.7287 385.962 
8.96e+08 0.0375931 -35.5868 386.388 
8.97e+08 0.0278083 -39.9181 386.813 
8.98e+08 0.0210783 -56.7541 387.239 
8.99e+08 0.0814336 -63.0586 387.665 
9e+08 0.0299053 -18.6891 388.092 
9.01e+08 0.0459849 -53.9779 388.519 
9.02e+08 0.00855849 -29.4698 388.948 
9.03e+08 0.0248267 -38.5658 389.375 
9.04e+08 0.0642549 -79.9251 389.803 
9.05e+08 0.0218766 -46.1076 390.231 
9.06e+08 0.082041 -35.9069 390.659 
9.07e+08 0.032078 -47.9926 391.087 
9.08e+08 0.0594856 -100.367 391.515 
9.09e+08 0.0485283 -27.7265 391.944 
9.1e+08 0.0556286 -75.752 392.372 
9.11e+08 0.0411042 -40.4053 392.798 
9.12e+08 0.0270635 -66.5556 393.225 
9.13e+08 0.023383 -50.5164 393.653 
9.14e+08 0.0426791 -57.7671 394.081 
9.15e+08 0.0215277 -82.4669 394.509 
9.16e+08 0.0411625 -24.2161 394.938 
9.17e+08 0.0539368 -31.0131 395.366 
9.18e+08 0.0383628 -95.9632 395.795 
9.19e+08 0.0300492 -41.8214 396.222 
9.2e+08 0.0340062 -30.2803 396.652 
9.21e+08 0.0436206 -24.1035 397.081 
9.22e+08 0.0572469 -36.9236 397.51 
9.23e+08 0.0653243 -28.0256 397.94 
9.24e+08 0.0530244 -29.8169 398.369 
9.25e+08 0.045084 -51.9025 398.797 
9.26e+08 0.0292342 -44.8907 399.227 
9.27e+08 0.0467984 -64.4726 399.655 
9.28e+08 0.0623542 -66.4933 400.084 
9.29e+08 0.0543618 -56.7397 400.513 
9.3e+08 0.0401674 -7.31936 400.941 
9.31e+08 0.0581073 -46.9297 401.369 
9.32e+08 0.0745427 -80.2255 401.799 
9.33e+08 0.0576307 -21.6469 402.238 
9.34e+08 0.0487316 -54.6686 402.668 
9.35e+08 0.0535756 -33.7584 403.099 
9.36e+08 0.0322042 -71.887 403.533 
9.37e+08 0.0652851 -52.2451 403.97 
9.38e+08 0.0362516 -70.8447 404.406 
9.39e+08 0.0406241 -69.7266 404.841 
9.4e+08 0.0520211 -75.2351 405.27 
9.41e+08 0.0312274 -62.8201 405.705 
9.42e+08 0.0657783 -39.7915 406.144 
9.43e+08 0.0746326 -75.0369 406.58 
9.44e+08 0.0786009 -76.5062 407.018 
9.45e+08 0.0424077 -52.1435 407.454 
9.46e+08 0.0176479 -66.7511 407.89 
9.47e+08 0.0577596 -42.8445 408.327 
9.48e+08 0.0561291 -36.9157 408.761 
9.49e+08 0.0586192 -28.7632 409.188 
9.5e+08 0.0209913 -73.3307 409.621 
9.51e+08 0.0307088 -83.2337 410.048 
9.52e+08 0.0493969 -71.6596 410.482 
9.53e+08 0.0210165 -70.1971 410.916 
9.54e+08 0.0495682 17.1886 411.35 
9.55e+08 0.0674542 -42.7415 411.785 
9.56e+08 0.0320789 -39.3513 412.215 
9.57e+08 0.0640791 -65.8738 412.643 
9.58e+08 0.0144502 -43.0368 413.071 
9.59e+08 0.0506572 -39.4339 413.498 
9.6e+08 0.0327133 -84.293 413.927 
9.61e+08 0.0150363 -60.4128 414.356 
9.62e+08 0.0200604 -39.7514 414.782 
9.63e+08 0.0246456 -46.093 415.209 
9.64e+08 0.026192 -44.2746 415.637 
9.65e+08 0.0721527 -87.0933 416.065 
9.66e+08 0.0178314 -34.3888 416.494 
9.67e+08 0.0270309 -47.5826 416.921 
9.68e+08 0.0647073 -17.5371 417.348 
9.69e+08 0.0468226 -17.1323 417.774 
9.7e+08 0.0126181 -60.7412 418.201 
9.71e+08 0.0273242 -27.2425 418.637 
9.72e+08 0.0290522 -32.204 419.074 
9.73e+08 0.0339928 -30.9524 419.508 
9.74e+08 0.0353194 -72.4031 419.942 
9.75e+08 0.0399859 -36.187 420.369 
9.76e+08 0.0655689 -57.7616 420.797 
9.77e+08 0.0237205 -74.3403 421.225 
9.78e+08 0.062944 -79.212 421.652 
9.79e+08 0.0341274 -19.6368 422.078 
9.8e+08 0.0478779 -51.7082 422.505 
9.81e+08 0.0451631 -58.7282 422.933 
9.82e+08 0.0500023 -49.8595 423.361 
9.83e+08 0.0186246 -59.0537 423.789 
9.84e+08 0.0169159 -54.1366 424.217 
9.85e+08 0.0708958 -69.6977 424.645 
9.86e+08 0.05124 -65.438 425.074 
9.87e+08 0.014899 -70.5679 425.502 
9.88e+08 0.0422425 -83.8847 425.931 
9.89e+08 0.0986848 -30.5829 426.358 
9.9e+08 0.0358532 -46.7219 426.787 
9.91e+08 0.0802256 -62.2699 427.214 
9.92e+08 0.0676088 -69.1347 427.643 
9.93e+08 0.0576392 -89.2496 428.071 
9.94e+08 0.019287 -44.067 428.497 
9.95e+08 0.0580798 -41.6447 428.925 
9.96e+08 0.0293672 -57.954 429.352 
9.97e+08 0.038509 -81.1217 429.778 
9.98e+08 0.0484397 -46.1242 430.205 
9.99e+08 0.0635272 -17.5518 430.634 
1e+09 0.0276234 -76.3294 431.062 
