0 0.058091 -41.3533 0 
1e+06 0.0323458 -58.3712 0.401758 
2e+06 0.026122 -37.774 0.795523 
3e+06 0.0856329 -44.6691 1.20591 
4e+06 0.0451949 -85.9767 1.60577 
5e+06 0.0401088 -71.1716 1.99657 
6e+06 0.0887988 -80.3939 2.39376 
7e+06 0.0493784 -66.1267 2.80794 
8e+06 0.0282683 -48.8854 3.19902 
9e+06 0.0400534 -77.0322 3.58898 
1e+07 0.0446935 -42.0986 3.9792 
1.1e+07 0.0401082 -71.7893 4.3689 
1.2e+07 0.0322462 -90.6693 4.75909 
1.3e+07 0.026361 -40.4358 5.14936 
1.4e+07 0.0374005 -39.6927 5.53934 
1.5e+07 0.0240288 -74.4082 5.92983 
1.6e+07 0.0674472 -54.445 6.32017 
1.7e+07 0.0350489 -16.1109 6.71057 
1.8e+07 0.0314306 -72.5542 7.10115 
1.9e+07 0.0245664 -46.9068 7.49175 
2e+07 0.0399265 -40.7313 7.88215 
2.1e+07 0.0521423 -31.8283 8.27272 
2.2e+07 0.019932 -71.6739 8.66319 
2.3e+07 0.029201 -71.2321 9.05457 
2.4e+07 0.0778149 -29.1381 9.44532 
2.5e+07 0.0457084 -40.4592 9.83564 
2.6e+07 0.0260966 -67.7875 10.2263 
2.7e+07 0.0745572 -64.1812 10.6166 
2.8e+07 0.0673418 -30.6945 11.0072 
2.9e+07 0.0655372 -53.0905 11.3977 
3e+07 0.029048 -77.9184 11.7887 
3.1e+07 0.0534675 1.15963 12.179 
3.2e+07 0.0308035 -35.8319 12.5695 
3.3e+07 0.0548885 -24.5982 12.9611 
3.4e+07 0.0490718 -82.0984 13.3513 
3.5e+07 0.0467105 -69.8835 13.7414 
3.6e+07 0.0191444 -6.4127 14.1315 
3.7e+07 0.0562409 -70.4491 14.5213 
3.8e+07 0.0636686 -50.4763 14.9113 
3.9e+07 0.0943851 -44.9444 15.3011 
4e+07 0.0412693 -49.8907 15.7124 
4.1e+07 0.0565669 -38.5471 16.1128 
4.2e+07 0.0224604 -63.0854 16.5031 
4.3e+07 0.0332703 -43.3907 16.8932 
4.4e+07 0.0518744 -5.46529 17.283 
4.5e+07 0.0174349 -78.392 17.6731 
4.6e+07 0.0682844 -36.2385 18.063 
4.7e+07 0.0299217 -3.95917 18.4531 
4.8e+07 0.0482609 -92.1639 18.8433 
4.9e+07 0.0537482 -85.6924 19.2331 
5e+07 0.0401958 -28.8005 19.6232 
5.1e+07 0.0852501 -102.399 20.0132 
5.2e+07 0.0505465 -43.3132 20.4033 
5.3e+07 0.0605983 -38.4871 20.7936 
5.4e+07 0.0613764 -10.6474 21.1838 
5.5e+07 0.0489336 -52.9517 21.5738 
5.6e+07 0.0505302 -32.8193 21.9641 
5.7e+07 0.0431651 -40.3291 22.3539 
5.8e+07 0.039018 -31.6836 22.7443 
5.9e+07 0.0508491 -61.0849 23.1345 
6e+07 0.0510242 -53.84 23.5246 
6.1e+07 0.0518939 -34.0602 23.9147 
6.2e+07 0.0671413 -80.8076 24.3049 
6.3e+07 0.0571223 -54.8806 24.695 
6.4e+07 0.0389919 -22.6509 25.0853 
6.5e+07 0.0355103 -78.3685 25.475 
6.6e+07 0.0242545 -24.7699 25.8651 
6.7e+07 0.036232 -53.194 26.2553 
6.8e+07 0.0451188 -60.129 26.6454 
6.9e+07 0.0262081 -42.7198 27.0356 
7e+07 0.0514856 -66.9935 27.4254 
7.1e+07 0.0235905 -24.0614 27.8159 
7.2e+07 0.0538154 -29.6541 28.2064 
7.3e+07 0.0223455 -82.3194 28.5967 
7.4e+07 0.0578655 -66.8723 28.9869 
7.5e+07 0.0651854 -49.3879 29.377 
7.6e+07 0.0494255 -57.4717 29.7672 
7.7e+07 0.0750578 -79.1777 30.1573 
7.8e+07 0.0227012 -71.3338 30.5561 
7.9e+07 0.0714882 -53.4043 30.9483 
8e+07 0.0921231 -43.4784 31.3382 
8.1e+07 0.0670082 -74.3975 31.7294 
8.2e+07 0.0251178 -43.4983 32.1196 
8.3e+07 0.0923854 -26.6144 32.5098 
8.4e+07 0.105195 -46.4598 32.8998 
8.5e+07 0.0622374 -43.6886 33.2905 
8.6e+07 0.0857418 -73.2945 33.7003 
8.7e+07 0.0160689 -52.3869 34.0967 
8.8e+07 0.0836817 -64.5164 34.5126 
8.9e+07 0.115412 -73.6026 34.9354 
9e+07 0.0438823 -28.3751 35.3584 
9.1e+07 0.0190776 -76.2149 35.7813 
9.2e+07 0.0696866 -61.4222 36.204 
9.3e+07 0.026396 -58.426 36.6081 
9.4e+07 0.0332096 -43.1425 36.9981 
9.5e+07 0.0537865 -56.6251 37.3879 
9.6e+07 0.0304343 1.77298 37.7779 
9.7e+07 0.0415293 -61.1151 38.1677 
9.8e+07 0.0379625 -38.0056 38.5577 
9.9e+07 0.0555818 -74.3803 38.948 
1e+08 0.0467849 -65.2635 39.3379 
1.01e+08 0.00637548 -55.9791 39.7281 
1.02e+08 0.030431 -41.1675 40.1186 
1.03e+08 0.0602522 -50.5104 40.5084 
1.04e+08 0.0298635 -64.946 40.8984 
1.05e+08 0.0457743 -117.136 41.288 
1.06e+08 0.0410341 -49.1558 41.6781 
1.07e+08 0.037149 -70.1636 42.0683 
1.08e+08 0.00807959 -41.7389 42.4585 
1.09e+08 0.0256274 -33.5765 42.8483 
1.1e+08 0.0568627 -65.5636 43.2386 
1.11e+08 0.0737223 -41.5757 43.6285 
1.12e+08 0.0506907 -89.4801 44.0191 
1.13e+08 0.0402125 -47.6402 44.4098 
1.14e+08 0.0862544 -60.7574 44.8014 
1.15e+08 0.0467705 -83.2093 45.1915 
1.16e+08 0.0337244 -42.7262 45.5814 
1.17e+08 0.0450904 -75.4361 45.9715 
1.18e+08 0.0845399 -47.6772 46.3615 
1.19e+08 0.0511241 -32.8691 46.7514 
1.2e+08 0.0434381 -34.2375 47.1416 
1.21e+08 0.0592481 -50.291 47.5319 
1.22e+08 0.0796512 -63.6141 47.9222 
1.23e+08 0.053613 -15.1721 48.3121 
1.24e+08 0.0443903 -65.9081 48.7024 
1.25e+08 0.0705501 -7.04458 49.0924 
1.26e+08 0.0228921 -26.4465 49.4823 
1.27e+08 0.030168 -14.7726 49.8723 
1.28e+08 0.0532486 -45.4725 50.2623 
1.29e+08 0.0295516 -25.802 50.6529 
1.3e+08 0.0526866 -77.5068 51.0429 
1.31e+08 0.0637344 -44.713 51.4328 
1.32e+08 0.0652217 -48.9514 51.8229 
1.33e+08 0.0346417 -24.5626 52.2132 
1.34e+08 0.0647116 -71.8474 52.6278 
1.35e+08 0.0200249 -43.7583 53.0177 
1.36e+08 0.0704116 -27.74 53.4081 
1.37e+08 0.0818095 -58.5335 53.7981 
1.38e+08 0.0326166 -13.3594 54.188 
1.39e+08 0.0471358 -9.78825 54.578 
1.4e+08 0.0269617 -28.7651 54.968 
1.41e+08 0.00847534 -23.5321 55.3581 
1.42e+08 0.0403575 -73.1788 55.7484 
1.43e+08 0.0424025 -53.9607 56.1433 
1.44e+08 0.0929718 -0.301036 56.5334 
1.45e+08 0.0746935 -25.4796 56.9234 
1.46e+08 0.0311076 -55.1167 57.3133 
1.47e+08 0.0257623 -49.6071 57.7034 
1.48e+08 0.0312707 -67.8959 58.0935 
1.49e+08 0.0559583 -71.4512 58.4834 
1.5e+08 0.02432 -35.3641 58.8731 
1.51e+08 0.0246536 -21.9478 59.2634 
1.52e+08 0.0663847 -32.0309 59.6535 
1.53e+08 0.0341525 -61.1173 60.0435 
1.54e+08 0.021519 -52.7409 60.4332 
1.55e+08 0.0157149 -37.3411 60.8233 
1.56e+08 0.0197006 -83.0369 61.2131 
1.57e+08 0.0657919 -69.5364 61.6039 
1.58e+08 0.0505227 -61.7525 61.9942 
1.59e+08 0.0435502 -42.1317 62.3839 
1.6e+08 0.0284628 -33.0835 62.7737 
1.61e+08 0.0379854 -52.1398 63.1637 
1.62e+08 0.0163467 -37.1837 63.5536 
1.63e+08 0.0406873 -46.3673 63.9438 
1.64e+08 0.0458705 -15.2712 64.3338 
1.65e+08 0.0687436 -52.5329 64.7239 
1.66e+08 0.0563164 -67.4785 65.1148 
1.67e+08 0.0738251 -38.6172 65.5059 
1.68e+08 0.0515943 -19.2547 65.8967 
1.69e+08 0.0216535 -18.4899 66.287 
1.7e+08 0.00953856 -31.9425 66.682 
1.71e+08 0.0415842 -22.8618 67.0735 
1.72e+08 0.0949681 -58.9147 67.4721 
1.73e+08 0.0322661 -31.0328 67.862 
1.74e+08 0.0363007 -38.4946 68.2521 
1.75e+08 0.0357054 -103.975 68.66 
1.76e+08 0.0162995 -54.1445 69.0606 
1.77e+08 0.039766 -62.8258 69.4505 
1.78e+08 0.0659618 -69.0339 69.8405 
1.79e+08 0.0249027 -32.5868 70.2304 
1.8e+08 0.0217515 -31.1386 70.6207 
1.81e+08 0.0449631 -65.3548 71.0107 
1.82e+08 0.0930623 -56.9659 71.4007 
1.83e+08 0.0344266 -39.9052 71.7914 
1.84e+08 0.050003 -61.8883 72.1815 
1.85e+08 0.0427481 -62.7836 72.5716 
1.86e+08 0.0618468 -64.7899 72.9617 
1.87e+08 0.0565071 -53.98 73.3517 
1.88e+08 0.0579869 -82.8005 73.7421 
1.89e+08 0.0312403 -9.07859 74.1322 
1.9e+08 0.0336329 -29.7439 74.5224 
1.91e+08 0.083914 -69.8518 74.9126 
1.92e+08 0.0440179 -66.8493 75.3024 
1.93e+08 0.0181789 -44.6629 75.6926 
1.94e+08 0.0381257 -50.3241 76.0828 
1.95e+08 0.0640817 -45.3084 76.4734 
1.96e+08 0.0565651 -53.0365 76.8635 
1.97e+08 0.058089 -65.2008 77.254 
1.98e+08 0.0704054 -70.1804 77.6443 
1.99e+08 0.0476451 8.17698 78.0342 
2e+08 0.0412589 -50.1905 78.424 
2.01e+08 0.0445825 -60.0027 78.8138 
2.02e+08 0.040628 -42.2494 79.2038 
2.03e+08 0.0710805 -36.9239 79.594 
2.04e+08 0.036693 -30.7103 79.9841 
2.05e+08 0.032394 -64.9106 80.3744 
2.06e+08 0.0231788 -83.4184 80.7648 
2.07e+08 0.031458 -37.5322 81.1553 
2.08e+08 0.0106295 -34.0682 81.5456 
2.09e+08 0.0438473 -37.221 81.9357 
2.1e+08 0.0407132 -28.9349 82.3258 
2.11e+08 0.0243035 -43.8976 82.7163 
2.12e+08 0.0835971 2.14832 83.1063 
2.13e+08 0.024396 -65.3694 83.4965 
2.14e+08 0.031993 1.24756 83.9027 
2.15e+08 0.0616403 -75.1665 84.3111 
2.16e+08 0.050812 -68.5177 84.7014 
2.17e+08 0.051049 -25.1531 85.0915 
2.18e+08 0.0248089 -22.4428 85.4816 
2.19e+08 0.0224627 -53.4353 85.8721 
2.2e+08 0.0439683 -43.1077 86.2622 
2.21e+08 0.0279828 -40.8169 86.6526 
2.22e+08 0.0515636 -59.0252 87.0428 
2.23e+08 0.108498 -76.6118 87.4328 
2.24e+08 0.0359571 -77.0169 87.823 
2.25e+08 0.0546642 -51.8891 88.213 
2.26e+08 0.0843827 -26.9017 88.603 
2.27e+08 0.0350578 -47.4073 88.9933 
2.28e+08 0.0318315 -102.734 89.3835 
2.29e+08 0.0484439 -51.8431 89.7738 
2.3e+08 0.0245269 -34.4081 90.1636 
2.31e+08 0.0556133 -35.4097 90.5538 
2.32e+08 0.0282635 -17.8165 90.9442 
2.33e+08 0.0811411 -56.7801 91.3338 
2.34e+08 0.0257434 -39.7546 91.7239 
2.35e+08 0.048142 -42.5366 92.1138 
2.36e+08 0.0701829 -70.9138 92.504 
2.37e+08 0.0386787 -28.5609 92.8938 
2.38e+08 0.0733975 -76.3738 93.284 
2.39e+08 0.0497426 -26.1414 93.6743 
2.4e+08 0.048752 -56.4935 94.0643 
2.41e+08 0.0523211 -55.2111 94.4758 
2.42e+08 0.0590601 -42.5199 94.869 
2.43e+08 0.036293 -28.0834 95.2597 
2.44e+08 0.026089 -33.6776 95.6507 
2.45e+08 0.0193135 -85.5978 96.0412 
2.46e+08 0.0617457 -67.6099 96.4397 
2.47e+08 0.0504658 -48.697 96.83 
2.48e+08 0.0397294 -54.0569 97.2219 
2.49e+08 0.0347189 -52.9722 97.6122 
2.5e+08 0.0168605 -87.2782 98.0024 
2.51e+08 0.0646365 -85.6729 98.3919 
2.52e+08 0.0735087 -69.0466 98.8095 
2.53e+08 0.0641738 -99.0475 99.1992 
2.54e+08 0.0433614 -35.9783 99.5892 
2.55e+08 0.0446312 -63.463 99.9792 
2.56e+08 0.0425934 -58.1493 100.369 
2.57e+08 0.0709495 -45.5147 100.759 
2.58e+08 0.0811722 -63.9256 101.15 
2.59e+08 0.0468264 -92.1102 101.54 
2.6e+08 0.0723724 -88.8263 101.93 
2.61e+08 0.055586 -58.4843 102.32 
2.62e+08 0.0706976 -49.8746 102.71 
2.63e+08 0.0415865 -76.7522 103.1 
2.64e+08 0.0349313 -26.0623 103.49 
2.65e+08 0.038609 -29.3783 103.883 
2.66e+08 0.0581145 -50.4915 104.274 
2.67e+08 0.0194588 -32.7948 104.664 
2.68e+08 0.0471297 -46.5926 105.054 
2.69e+08 0.0698114 -61.9934 105.443 
2.7e+08 0.0149888 -51.1888 105.833 
2.71e+08 0.0369219 -47.4217 106.223 
2.72e+08 0.0479025 -114.719 106.613 
2.73e+08 0.0212022 -42.0573 107.003 
2.74e+08 0.0316211 -12.3206 107.393 
2.75e+08 0.0364567 -12.8689 107.783 
2.76e+08 0.0323433 -67.489 108.173 
2.77e+08 0.0353572 -69.7837 108.564 
2.78e+08 0.0454937 -41.4638 108.954 
2.79e+08 0.0247602 -54.0249 109.344 
2.8e+08 0.0591695 -99.6433 109.734 
2.81e+08 0.0450039 -86.8267 110.124 
2.82e+08 0.0132454 -34.5629 110.514 
2.83e+08 0.0210785 -77.5988 110.904 
2.84e+08 0.0408525 -51.564 111.294 
2.85e+08 0.03156 -35.4245 111.685 
2.86e+08 0.0649322 -67.2103 112.075 
2.87e+08 0.0309436 -33.2536 112.466 
2.88e+08 0.0354907 -55.9664 112.856 
2.89e+08 0.0548014 -61.4311 113.246 
2.9e+08 0.031519 -77.7039 113.636 
2.91e+08 0.0408276 -61.4559 114.026 
2.92e+08 0.0937473 -79.6676 114.416 
2.93e+08 0.0341395 -51.0096 114.806 
2.94e+08 0.028846 -25.6797 115.196 
2.95e+08 0.0453682 -57.3468 115.587 
2.96e+08 0.0582962 -64.7555 115.977 
2.97e+08 0.0167488 -1.55757 116.393 
2.98e+08 0.0811958 -52.5731 116.783 
2.99e+08 0.0866828 -58.4118 117.173 
3e+08 0.0427 -51.5948 117.564 
3.01e+08 0.0487293 -43.8438 117.954 
3.02e+08 0.0667759 -33.2286 118.344 
3.03e+08 0.0506539 -21.0897 118.74 
3.04e+08 0.0282212 -31.4455 119.132 
3.05e+08 0.017537 -79.0183 119.523 
3.06e+08 0.0650929 -70.29 119.913 
3.07e+08 0.0444206 -32.1859 120.303 
3.08e+08 0.062644 -54.1097 120.693 
3.09e+08 0.0328385 -35.1934 121.083 
3.1e+08 0.0469254 -24.0586 121.473 
3.11e+08 0.078742 -73.568 121.864 
3.12e+08 0.0519633 -39.0896 122.254 
3.13e+08 0.0556413 -28.8646 122.644 
3.14e+08 0.0588705 -57.7703 123.034 
3.15e+08 0.0486519 -67.8174 123.424 
3.16e+08 0.0504233 -52.1316 123.814 
3.17e+08 0.0525789 -40.9518 124.204 
3.18e+08 0.0589653 -68.8982 124.594 
3.19e+08 0.0393625 -73.5812 124.984 
3.2e+08 0.0848113 -41.9804 125.374 
3.21e+08 0.0275456 -72.2894 125.764 
3.22e+08 0.0451307 -37.0195 126.154 
3.23e+08 0.0523042 -88.6655 126.545 
3.24e+08 0.0427768 -57.7351 126.935 
3.25e+08 0.0669498 -50.7656 127.331 
3.26e+08 0.0290921 -68.125 127.721 
3.27e+08 0.0624896 -75.6975 128.112 
3.28e+08 0.0684335 -27.6394 128.502 
3.29e+08 0.024604 -20.7398 128.892 
3.3e+08 0.0350965 -59.3781 129.282 
3.31e+08 0.0549009 -70.2812 129.672 
3.32e+08 0.0314424 -31.1511 130.062 
3.33e+08 0.0515504 -38.7917 130.452 
3.34e+08 0.037393 -52.7013 130.842 
3.35e+08 0.0520341 -87.525 131.232 
3.36e+08 0.0509193 -55.2237 131.622 
3.37e+08 0.0439262 -56.7132 132.013 
3.38e+08 0.0366881 -55.5458 132.403 
3.39e+08 0.0692776 -76.0321 132.819 
3.4e+08 0.0264304 -54.7251 133.21 
3.41e+08 0.027831 -2.96078 133.6 
3.42e+08 0.0382105 -61.956 133.99 
3.43e+08 0.0354298 -53.5437 134.38 
3.44e+08 0.0525428 -16.4478 134.77 
3.45e+08 0.0768959 -67.4021 135.16 
3.46e+08 0.0296372 -22.655 135.55 
3.47e+08 0.0208735 -39.7343 135.94 
3.48e+08 0.0915504 -44.2348 136.33 
3.49e+08 0.0432451 -36.6289 136.72 
3.5e+08 0.0418863 -30.4032 137.111 
3.51e+08 0.0487239 -56.654 137.501 
3.52e+08 0.0528318 -49.6495 137.891 
3.53e+08 0.0207911 -38.0914 138.281 
3.54e+08 0.0306285 -42.3943 138.671 
3.55e+08 0.0520798 -64.7083 139.061 
3.56e+08 0.0568822 -75.1934 139.451 
3.57e+08 0.0267731 -68.9405 139.841 
3.58e+08 0.0278277 -39.3435 140.231 
3.59e+08 0.0377167 -63.0033 140.623 
3.6e+08 0.0288645 -39.7406 141.013 
3.61e+08 0.0698864 -19.3509 141.403 
3.62e+08 0.0210663 -60.6183 141.793 
3.63e+08 0.0264549 -29.7361 142.182 
3.64e+08 0.0622034 -18.4835 142.573 
3.65e+08 0.0570616 -58.8499 142.963 
3.66e+08 0.0356215 -33.2332 143.353 
3.67e+08 0.0193501 -5.47443 143.743 
3.68e+08 0.0468334 -47.0473 144.133 
3.69e+08 0.0774589 -41.1743 144.523 
3.7e+08 0.0507022 -40.0006 144.916 
3.71e+08 0.0197115 -23.081 145.306 
3.72e+08 0.022256 -49.2631 145.697 
3.73e+08 0.0311987 -100.597 146.087 
3.74e+08 0.0326014 -39.16 146.478 
3.75e+08 0.0467193 -78.0881 146.868 
3.76e+08 0.0574544 -18.2348 147.258 
3.77e+08 0.0984587 -57.1008 147.649 
3.78e+08 0.0272791 -34.9974 148.039 
3.79e+08 0.0358269 -44.8578 148.429 
3.8e+08 0.0329498 -57.6887 148.819 
3.81e+08 0.0229673 -40.8747 149.209 
3.82e+08 0.0426597 -42.3186 149.602 
3.83e+08 0.0304271 -47.7018 149.993 
3.84e+08 0.0329014 -51.5594 150.394 
3.85e+08 0.0431675 -24.3753 150.806 
3.86e+08 0.0747726 -75.3667 151.197 
3.87e+08 0.0360612 -79.6154 151.587 
3.88e+08 0.050474 -34.2719 151.978 
3.89e+08 0.0128068 -44.1222 152.368 
3.9e+08 0.0159746 8.42121 152.758 
3.91e+08 0.0619275 -39.4653 153.148 
3.92e+08 0.0473076 -74.9811 153.539 
3.93e+08 0.0730415 -51.828 153.929 
3.94e+08 0.0594095 -59.6549 154.325 
3.95e+08 0.0774926 -61.5485 154.715 
3.96e+08 0.0350868 -96.1928 155.106 
3.97e+08 0.0224983 -98.0486 155.496 
3.98e+08 0.0709513 -122.748 155.886 
3.99e+08 0.0216076 -26.9025 156.276 
4e+08 0.00721225 2.51685 156.666 
4.01e+08 0.0166935 -38.6364 157.057 
4.02e+08 0.086 -50.5625 157.447 
4.03e+08 0.0925702 -59.8798 157.837 
4.04e+08 0.0577872 -54.9459 158.227 
4.05e+08 0.0168124 -37.3546 158.617 
4.06e+08 0.0294061 -42.7366 159.007 
4.07e+08 0.100352 -70.6822 159.396 
4.08e+08 0.0496018 -42.675 159.787 
4.09e+08 0.0277577 -33.5523 160.177 
4.1e+08 0.0662895 -92.4139 160.567 
4.11e+08 0.0655082 -69.3155 160.957 
4.12e+08 0.0370273 -38.7674 161.347 
4.13e+08 0.02952 -66.8051 161.737 
4.14e+08 0.0751837 -52.0793 162.127 
4.15e+08 0.0375738 -27.3136 162.517 
4.16e+08 0.0703046 -26.6828 162.907 
4.17e+08 0.037752 -12.0059 163.297 
4.18e+08 0.0400942 -22.3623 163.687 
4.19e+08 0.0396302 -52.5607 164.077 
4.2e+08 0.0381171 -0.973196 164.468 
4.21e+08 0.048322 -88.8723 164.858 
4.22e+08 0.0149672 -39.1733 165.248 
4.23e+08 0.0562503 -12.009 165.638 
4.24e+08 0.0212015 -48.6165 166.029 
4.25e+08 0.0711649 -29.9015 166.419 
4.26e+08 0.0600737 -50.1439 166.808 
4.27e+08 0.0137275 -23.5998 167.198 
4.28e+08 0.0417383 -68.6992 167.588 
4.29e+08 0.0455749 -55.8298 168.002 
4.3e+08 0.0284086 -62.2523 168.392 
4.31e+08 0.0605625 -58.8946 168.782 
4.32e+08 0.0458503 -55.4906 169.172 
4.33e+08 0.0225711 -24.1489 169.562 
4.34e+08 0.0483679 -67.8303 169.953 
4.35e+08 0.0236642 18.8198 170.344 
4.36e+08 0.0615242 -59.7643 170.734 
4.37e+08 0.0545493 -54.0107 171.125 
4.38e+08 0.00760088 -42.3166 171.515 
4.39e+08 0.0471203 -60.8542 171.906 
4.4e+08 0.0149737 -50.4373 172.296 
4.41e+08 0.0256901 -63.2212 172.687 
4.42e+08 0.0500204 -54.8745 173.078 
4.43e+08 0.0343107 -46.5686 173.468 
4.44e+08 0.0506419 -67.9345 173.858 
4.45e+08 0.0361943 -61.1945 174.249 
4.46e+08 0.0253599 -49.7848 174.639 
4.47e+08 0.0183996 -92.6681 175.029 
4.48e+08 0.0451631 -69.8067 175.419 
4.49e+08 0.0835006 -47.8318 175.809 
4.5e+08 0.0919453 -69.5097 176.199 
4.51e+08 0.0299102 -66.6748 176.59 
4.52e+08 0.0578249 -88.0118 176.98 
4.53e+08 0.0614786 -63.274 177.383 
4.54e+08 0.0561363 -45.9066 177.806 
4.55e+08 0.0398563 -70.6928 178.229 
4.56e+08 0.0828789 -19.8034 178.644 
4.57e+08 0.0294202 -5.0391 179.034 
4.58e+08 0.0566879 -71.0206 179.424 
4.59e+08 0.0297103 -60.9725 179.817 
4.6e+08 0.0387501 -49.2146 180.207 
4.61e+08 0.0828631 -39.1568 180.597 
4.62e+08 0.0272767 -68.592 180.987 
4.63e+08 0.026401 -23.1368 181.378 
4.64e+08 0.0776287 -29.1467 181.768 
4.65e+08 0.0447379 -9.91377 182.159 
4.66e+08 0.0395255 -80.3802 182.549 
4.67e+08 0.0326878 -35.6277 182.939 
4.68e+08 0.0663761 -71.2293 183.329 
4.69e+08 0.0215841 -61.934 183.719 
4.7e+08 0.0411184 -87.5522 184.109 
4.71e+08 0.0281132 -62.7952 184.499 
4.72e+08 0.0566041 -35.1616 184.89 
4.73e+08 0.0664676 -65.8017 185.28 
4.74e+08 0.0380972 -53.4145 185.67 
4.75e+08 0.0348088 -11.0071 186.06 
4.76e+08 0.0382986 -24.1959 186.45 
4.77e+08 0.0438381 -57.6237 186.84 
4.78e+08 0.0221174 -61.8324 187.232 
4.79e+08 0.0295228 -19.7574 187.626 
4.8e+08 0.0780239 -53.9288 188.016 
4.81e+08 0.0445403 -74.5429 188.407 
4.82e+08 0.0362548 -4.29791 188.797 
4.83e+08 0.0666147 -39.6262 189.187 
4.84e+08 0.0520553 -27.0622 189.578 
4.85e+08 0.0528786 -45.8426 189.968 
4.86e+08 0.0291716 -30.1228 190.358 
4.87e+08 0.0561524 -78.8594 190.749 
4.88e+08 0.016958 -46.2914 191.139 
4.89e+08 0.0291165 -33.9027 191.529 
4.9e+08 0.0289536 -64.0105 191.919 
4.91e+08 0.0643478 2.17372 192.31 
4.92e+08 0.0372237 -70.8714 192.7 
4.93e+08 0.103506 -0.542627 193.09 
4.94e+08 0.0283146 -56.5227 193.481 
4.95e+08 0.0445699 -60.1116 193.871 
4.96e+08 0.0604068 -45.5719 194.261 
4.97e+08 0.0320203 -61.5967 194.652 
4.98e+08 0.023412 -6.53858 195.063 
4.99e+08 0.0610491 -75.9718 195.453 
5e+08 0.053025 -115.011 195.843 
5.01e+08 0.0572985 -75.4284 196.233 
5.02e+08 0.0524751 -14.3335 196.624 
5.03e+08 0.0318584 -56.7845 197.014 
5.04e+08 0.0549016 -19.0763 197.404 
5.05e+08 0.0141099 -32.3578 197.794 
5.06e+08 0.0159577 -81.5132 198.184 
5.07e+08 0.0197429 -24.319 198.574 
5.08e+08 0.0236752 -23.0289 198.964 
5.09e+08 0.0388683 -54.375 199.354 
5.1e+08 0.0478044 -18.6304 199.745 
5.11e+08 0.0418354 -56.3558 200.135 
5.12e+08 0.0742258 -50.5959 200.526 
5.13e+08 0.0251995 -48.4794 200.916 
5.14e+08 0.0651092 -92.0502 201.306 
5.15e+08 0.0895098 -80.9804 201.696 
5.16e+08 0.0806605 -53.2189 202.087 
5.17e+08 0.0283566 -34.1822 202.478 
5.18e+08 0.0598625 -81.1374 202.868 
5.19e+08 0.0338708 -26.5223 203.258 
5.2e+08 0.00872865 -73.1332 203.648 
5.21e+08 0.0138439 -92.2728 204.039 
5.22e+08 0.0939859 -84.9244 204.433 
5.23e+08 0.0811704 -35.1855 204.823 
5.24e+08 0.0263337 -32.8644 205.214 
5.25e+08 0.0611445 -67.2746 205.604 
5.26e+08 0.0598386 -33.8101 205.995 
5.27e+08 0.0118588 -60.1678 206.385 
5.28e+08 0.0456103 -20.3463 206.776 
5.29e+08 0.0314675 -56.621 207.166 
5.3e+08 0.0764542 -85.6956 207.556 
5.31e+08 0.0237891 -42.0546 207.946 
5.32e+08 0.114011 -36.9096 208.336 
5.33e+08 0.0441508 -65.5627 208.726 
5.34e+08 0.0504128 -75.573 209.117 
5.35e+08 0.0539802 -65.3574 209.507 
5.36e+08 0.0263903 -53.6932 209.897 
5.37e+08 0.05168 -60.8047 210.287 
5.38e+08 0.0566923 -20.6987 210.692 
5.39e+08 0.0508406 -92.6929 211.083 
5.4e+08 0.0783195 -65.4365 211.473 
5.41e+08 0.0327482 -40.2645 211.863 
5.42e+08 0.0522599 -31.8357 212.253 
5.43e+08 0.0533147 -45.7451 212.643 
5.44e+08 0.0540631 -74.1689 213.033 
5.45e+08 0.0263172 -51.3021 213.423 
5.46e+08 0.0307728 -61.72 213.814 
5.47e+08 0.0612709 -71.4203 214.208 
5.48e+08 0.0287071 -51.0302 214.604 
5.49e+08 0.0203772 -59.4513 214.995 
5.5e+08 0.041202 -10.0215 215.385 
5.51e+08 0.058469 -75.512 215.778 
5.52e+08 0.0480482 -49.1824 216.168 
5.53e+08 0.0556689 -47.2775 216.558 
5.54e+08 0.0367077 -28.0498 216.948 
5.55e+08 0.0499714 -14.5141 217.338 
5.56e+08 0.0545267 -83.248 217.728 
5.57e+08 0.0527953 -16.9622 218.119 
5.58e+08 0.0377802 -53.567 218.509 
5.59e+08 0.038413 -52.7631 218.899 
5.6e+08 0.0189207 -52.6391 219.289 
5.61e+08 0.0655752 -36.9067 219.679 
5.62e+08 0.0519252 -59.8737 220.069 
5.63e+08 0.0832604 2.44178 220.459 
5.64e+08 0.05363 -59.8363 220.85 
5.65e+08 0.058025 -75.3278 221.24 
5.66e+08 0.063706 -99.0341 221.63 
5.67e+08 0.0626837 -66.6348 222.02 
5.68e+08 0.0512077 -74.2122 222.41 
5.69e+08 0.0336844 -76.674 222.801 
5.7e+08 0.0363548 -41.3316 223.191 
5.71e+08 0.0398623 -32.5214 223.581 
5.72e+08 0.0646944 -31.3378 223.974 
5.73e+08 0.040055 -52.3515 224.365 
5.74e+08 0.0329931 -35.2607 224.755 
5.75e+08 0.0267472 -30.8536 225.145 
5.76e+08 0.052034 -35.5066 225.535 
5.77e+08 0.0505744 -81.0508 225.925 
5.78e+08 0.0255517 -39.8414 226.315 
5.79e+08 0.038674 -66.4386 226.706 
5.8e+08 0.041491 -61.5673 227.096 
5.81e+08 0.0138973 -90.6168 227.486 
5.82e+08 0.051307 -75.2048 227.876 
5.83e+08 0.0816054 -50.9738 228.266 
5.84e+08 0.0514015 -86.2002 228.657 
5.85e+08 0.0399022 -15.9261 229.047 
5.86e+08 0.0470929 -72.012 229.439 
5.87e+08 0.0652459 -50.5262 229.854 
5.88e+08 0.0259343 -93.1111 230.244 
5.89e+08 0.0335606 -23.3868 230.635 
5.9e+08 0.0284475 -41.2761 231.025 
5.91e+08 0.0566811 -41.3838 231.415 
5.92e+08 0.0636535 -44.5244 231.805 
5.93e+08 0.0486363 -49.5411 232.195 
5.94e+08 0.0317838 -37.8546 232.586 
5.95e+08 0.0209284 -45.334 232.976 
5.96e+08 0.051051 -56.2061 233.366 
5.97e+08 0.069449 -50.1529 233.757 
5.98e+08 0.0569162 -17.2868 234.147 
5.99e+08 0.0632363 -44.5198 234.537 
6e+08 0.0279826 -80.0258 234.927 
6.01e+08 0.0383528 -15.9724 235.317 
6.02e+08 0.0570887 -41.5727 235.708 
6.03e+08 0.0411924 -35.7619 236.098 
6.04e+08 0.0532915 -50.4277 236.488 
6.05e+08 0.0214397 -26.6519 236.878 
6.06e+08 0.0521673 -90.8234 237.268 
6.07e+08 0.0452487 -20.4378 237.658 
6.08e+08 0.0108367 -62.1368 238.049 
6.09e+08 0.00802486 -28.2415 238.439 
6.1e+08 0.0628061 -56.4183 238.829 
6.11e+08 0.0529773 -51.1946 239.219 
6.12e+08 0.0575914 -67.8059 239.61 
6.13e+08 0.0354676 -64.6008 240 
6.14e+08 0.06972 -31.6044 240.391 
6.15e+08 0.0445642 -94.0445 240.781 
6.16e+08 0.103428 -60.6507 241.171 
6.17e+08 0.0433054 -66.9234 241.561 
6.18e+08 0.0634511 -64.9148 241.951 
6.19e+08 0.00876211 -19.6649 242.341 
6.2e+08 0.0583112 -70.2203 242.731 
6.21e+08 0.0506088 -31.2864 243.121 
6.22e+08 0.101658 -79.6328 243.511 
6.23e+08 0.0490946 -65.549 243.902 
6.24e+08 0.0435088 -37.917 244.292 
6.25e+08 0.0286915 -25.2945 244.682 
6.26e+08 0.0707629 -51.2915 245.072 
6.27e+08 0.0512451 -67.4449 245.467 
6.28e+08 0.0375714 -46.0669 245.881 
6.29e+08 0.0569925 -15.9235 246.271 
6.3e+08 0.0321461 -44.3386 246.662 
6.31e+08 0.0371163 -72.215 247.052 
6.32e+08 0.0137029 -24.8955 247.442 
6.33e+08 0.0513265 -54.9698 247.832 
6.34e+08 0.0488453 -67.0947 248.222 
6.35e+08 0.0437276 -33.1032 248.613 
6.36e+08 0.0258253 -91.1655 249.003 
6.37e+08 0.0292592 -57.4414 249.393 
6.38e+08 0.0715451 -64.5086 249.783 
6.39e+08 0.0283797 -45.1142 250.173 
6.4e+08 0.094016 -65.5867 250.563 
6.41e+08 0.0796561 -41.2451 250.954 
6.42e+08 0.0380247 -59.4696 251.343 
6.43e+08 0.0571331 -32.7648 251.734 
6.44e+08 0.0652238 -13.7803 252.124 
6.45e+08 0.0127418 -62.9836 252.514 
6.46e+08 0.0457793 -44.6641 252.905 
6.47e+08 0.0442038 -48.4178 253.294 
6.48e+08 0.0124334 -34.8552 253.685 
6.49e+08 0.0561244 -52.685 254.075 
6.5e+08 0.0743212 -63.2218 254.465 
6.51e+08 0.0201012 -87.7223 254.855 
6.52e+08 0.0590362 -8.923 255.245 
6.53e+08 0.0717334 -42.0136 255.636 
6.54e+08 0.0235418 -22.0233 256.026 
6.55e+08 0.0291182 -81.4421 256.417 
6.56e+08 0.0362238 -27.856 256.807 
6.57e+08 0.0167886 -44.6427 257.197 
6.58e+08 0.0611958 -88.3342 257.587 
6.59e+08 0.0759049 -73.7932 257.977 
6.6e+08 0.0424158 -74.2929 258.367 
6.61e+08 0.0454519 -39.3631 258.757 
6.62e+08 0.0733195 -85.6154 259.148 
6.63e+08 0.0373254 -67.2581 259.538 
6.64e+08 0.0167663 -50.603 259.928 
6.65e+08 0.0589475 18.1697 260.319 
6.66e+08 0.0417537 -57.7497 260.709 
6.67e+08 0.0106572 -100.677 261.099 
6.68e+08 0.0262204 -33.6005 261.489 
6.69e+08 0.0389093 -54.8025 261.88 
6.7e+08 0.0614568 -21.7046 262.27 
6.71e+08 0.0246614 -28.1357 262.661 
6.72e+08 0.0484509 -32.9145 263.051 
6.73e+08 0.0366644 -68.5022 263.441 
6.74e+08 0.0672421 -54.2455 263.831 
6.75e+08 0.0391461 -48.5332 264.221 
6.76e+08 0.021464 -40.5921 264.612 
6.77e+08 0.0420738 -47.308 265.002 
6.78e+08 0.0400077 -91.8453 265.392 
6.79e+08 0.0514714 -55.1124 265.796 
6.8e+08 0.0522237 -70.7436 266.187 
6.81e+08 0.0263936 -55.4824 266.577 
6.82e+08 0.0215933 -48.5494 266.967 
6.83e+08 0.0306063 -25.7123 267.357 
6.84e+08 0.0114706 -50.2126 267.747 
6.85e+08 0.0360738 -31.3743 268.137 
6.86e+08 0.0207361 -78.4944 268.528 
6.87e+08 0.0945886 -63.8859 268.918 
6.88e+08 0.0458307 -30.7918 269.308 
6.89e+08 0.0270703 -91.5735 269.698 
6.9e+08 0.0520324 -90.2259 270.089 
6.91e+08 0.0258994 -32.2745 270.479 
6.92e+08 0.058075 -92.9616 270.869 
6.93e+08 0.0610293 -55.7348 271.259 
6.94e+08 0.0390038 -87.6016 271.65 
6.95e+08 0.0621022 -25.5476 272.04 
6.96e+08 0.0241232 -65.3055 272.43 
6.97e+08 0.0611177 -46.8098 272.821 
6.98e+08 0.0613526 -29.8482 273.211 
6.99e+08 0.0371636 -83.8475 273.601 
7e+08 0.0430549 -27.9234 273.992 
7.01e+08 0.0619537 -87.8958 274.386 
7.02e+08 0.0369483 -78.5312 274.776 
7.03e+08 0.0715041 -81.7317 275.166 
7.04e+08 0.0365492 -42.2253 275.556 
7.05e+08 0.0508797 -29.3348 275.947 
7.06e+08 0.0425822 -17.8058 276.337 
7.07e+08 0.0597493 -55.4114 276.728 
7.08e+08 0.0431812 -49.7533 277.118 
7.09e+08 0.032183 -56.5618 277.508 
7.1e+08 0.0570747 -66.2883 277.898 
7.11e+08 0.0720988 -61.9991 278.288 
7.12e+08 0.0385012 -2.42284 278.679 
7.13e+08 0.0153659 -27.15 279.069 
7.14e+08 0.0421976 -64.1093 279.459 
7.15e+08 0.0753053 -30.6082 279.849 
7.16e+08 0.0511142 -17.2393 280.24 
7.17e+08 0.0455063 -30.747 280.63 
7.18e+08 0.0404968 -28.5254 281.02 
7.19e+08 0.0490568 -31.3586 281.41 
7.2e+08 0.0135497 -40.1097 281.8 
7.21e+08 0.0625674 -64.0727 282.2 
7.22e+08 0.0347645 -12.4453 282.6 
7.23e+08 0.0577117 -59.9527 282.99 
7.24e+08 0.0214918 -61.6899 283.38 
7.25e+08 0.0431789 -32.1267 283.77 
7.26e+08 0.0294433 -54.6441 284.16 
7.27e+08 0.0578277 -51.3684 284.552 
7.28e+08 0.0474558 -67.7274 284.942 
7.29e+08 0.0370419 -43.1868 285.332 
7.3e+08 0.0333502 -75.1933 285.723 
7.31e+08 0.0528084 -13.1669 286.113 
7.32e+08 0.0554142 -43.1767 286.504 
7.33e+08 0.032613 -49.3249 286.894 
7.34e+08 0.0123823 -52.3473 287.284 
7.35e+08 0.0293517 -41.8641 287.674 
7.36e+08 0.0535185 -29.6864 288.064 
7.37e+08 0.0582791 -73.3831 288.454 
7.38e+08 0.0349235 -62.7284 288.845 
7.39e+08 0.0777195 -90.9422 289.235 
7.4e+08 0.0395195 -40.53 289.625 
7.41e+08 0.061911 -13.5025 290.015 
7.42e+08 0.0516403 -60.3392 290.406 
7.43e+08 0.0822575 -57.1737 290.796 
7.44e+08 0.0617866 -52.0931 291.186 
7.45e+08 0.0344238 -60.5502 291.576 
7.46e+08 0.0243191 -55.1883 291.967 
7.47e+08 0.0379292 -18.285 292.357 
7.48e+08 0.0257065 -57.9356 292.748 
7.49e+08 0.0387587 -84.9974 293.138 
7.5e+08 0.0475462 -62.8559 293.528 
7.51e+08 0.0485368 -25.6402 293.919 
7.52e+08 0.0377602 -54.1855 294.309 
7.53e+08 0.0546476 -33.7439 294.699 
7.54e+08 0.03131 -43.1987 295.089 
7.55e+08 0.0551008 -67.3498 295.479 
7.56e+08 0.0717517 -21.5253 295.87 
7.57e+08 0.060191 -30.9174 296.26 
7.58e+08 0.0812706 -26.9029 296.65 
7.59e+08 0.0364059 -39.5616 297.041 
7.6e+08 0.0320149 -50.6801 297.431 
7.61e+08 0.047487 -27.1264 297.821 
7.62e+08 0.0421534 -76.8625 298.211 
7.63e+08 0.0367141 -49.1594 298.601 
7.64e+08 0.0309122 -65.3583 299.017 
7.65e+08 0.029672 -45.2233 299.413 
7.66e+08 0.0509243 -30.0076 299.804 
7.67e+08 0.00610283 -26.1352 300.194 
7.68e+08 0.0159329 -42.8466 300.584 
7.69e+08 0.0574793 -28.5913 300.974 
7.7e+08 0.0548181 -68.4306 301.364 
7.71e+08 0.050042 -47.9291 301.754 
7.72e+08 0.0284938 -8.40964 302.145 
7.73e+08 0.0419831 -35.175 302.535 
7.74e+08 0.0602079 -49.0472 302.926 
7.75e+08 0.048151 -54.0016 303.316 
7.76e+08 0.0187199 -53.2165 303.706 
7.77e+08 0.0475687 -114.583 304.097 
7.78e+08 0.0527142 -66.9336 304.487 
7.79e+08 0.0435598 -10.1614 304.878 
7.8e+08 0.0325868 -52.0677 305.268 
7.81e+08 0.065003 -46.5567 305.658 
7.82e+08 0.0163721 -13.0957 306.049 
7.83e+08 0.0162201 -30.0693 306.439 
7.84e+08 0.0353734 -49.0201 306.829 
7.85e+08 0.0495157 -65.9993 307.22 
7.86e+08 0.0272465 -36.3706 307.615 
7.87e+08 0.00353401 -34.0177 308.005 
7.88e+08 0.08864 -83.5247 308.395 
7.89e+08 0.0401905 -85.627 308.785 
7.9e+08 0.0720793 -62.7159 309.175 
7.91e+08 0.0498685 -45.8015 309.565 
7.92e+08 0.0592155 -43.4607 309.955 
7.93e+08 0.0344943 -49.6215 310.345 
7.94e+08 0.039684 -32.2249 310.735 
7.95e+08 0.0333406 -82.1501 311.125 
7.96e+08 0.0408089 -62.5376 311.515 
7.97e+08 0.0453143 -71.3601 311.905 
7.98e+08 0.0171488 -31.4511 312.295 
7.99e+08 0.0214235 -52.3255 312.686 
8e+08 0.0332509 -37.9421 313.077 
8.01e+08 0.0451441 -27.9719 313.467 
8.02e+08 0.0404914 -64.6493 313.857 
8.03e+08 0.0329958 -74.0101 314.247 
8.04e+08 0.0580941 -45.4181 314.637 
8.05e+08 0.0320734 -61.6662 315.028 
8.06e+08 0.0388033 -36.8729 315.417 
8.07e+08 0.016431 -49.3795 315.807 
8.08e+08 0.0380686 -75.718 316.198 
8.09e+08 0.0375751 -50.852 316.604 
8.1e+08 0.0513938 -58.1199 317.002 
8.11e+08 0.0999248 -60.3168 317.391 
8.12e+08 0.0249195 -57.9724 317.781 
8.13e+08 0.0363892 -55.0881 318.171 
8.14e+08 0.0156408 -4.58372 318.561 
8.15e+08 0.0236562 -32.1331 318.952 
8.16e+08 0.0625524 -67.1992 319.341 
8.17e+08 0.0890934 -105.783 319.732 
8.18e+08 0.0256994 -19.1459 320.122 
8.19e+08 0.0649132 -47.7782 320.512 
8.2e+08 0.0287195 -18.8677 320.903 
8.21e+08 0.0394644 -52.7565 321.293 
8.22e+08 0.052518 -39.7015 321.682 
8.23e+08 0.0140001 -7.65287 322.073 
8.24e+08 0.0708928 -100.869 322.463 
8.25e+08 0.0484128 -50.7908 322.853 
8.26e+08 0.0987375 -56.7998 323.243 
8.27e+08 0.053277 -50.7249 323.633 
8.28e+08 0.0502028 -36.1558 324.024 
8.29e+08 0.079857 -59.4682 324.414 
8.3e+08 0.0637655 -89.315 324.804 
8.31e+08 0.0561775 -16.0262 325.194 
8.32e+08 0.0473467 -57.5244 325.584 
8.33e+08 0.0502321 -44.3549 325.974 
8.34e+08 0.0404592 -15.1994 326.364 
8.35e+08 0.0241237 -48.0729 326.755 
8.36e+08 0.0325514 -42.9695 327.145 
8.37e+08 0.0385037 -54.3026 327.535 
8.38e+08 0.0620005 -38.7041 327.926 
8.39e+08 0.0349895 -75.9496 328.316 
8.4e+08 0.0460563 -25.8804 328.706 
8.41e+08 0.030334 -23.0129 329.096 
8.42e+08 0.0556242 -40.2697 329.486 
8.43e+08 0.0271378 -70.1704 329.877 
8.44e+08 0.0482012 -75.8289 330.267 
8.45e+08 0.0471755 -50.8311 330.67 
8.46e+08 0.0304267 -69.542 331.06 
8.47e+08 0.027925 -82.1372 331.45 
8.48e+08 0.0675077 -76.4476 331.84 
8.49e+08 0.0566184 -90.9539 332.23 
8.5e+08 0.0552386 -24.1586 332.62 
8.51e+08 0.0266178 -85.6334 333.01 
8.52e+08 0.0134951 -50.0693 333.4 
8.53e+08 0.0713583 -24.9725 333.791 
8.54e+08 0.0467454 -84.142 334.206 
8.55e+08 0.0231508 -27.0368 334.596 
8.56e+08 0.0556505 -68.2075 334.986 
8.57e+08 0.0367271 -63.798 335.376 
8.58e+08 0.0603426 -53.1106 335.766 
8.59e+08 0.0485582 -80.6219 336.162 
8.6e+08 0.0480205 -70.5733 336.552 
8.61e+08 0.0536455 -82.2596 336.942 
8.62e+08 0.0586632 -48.6671 337.333 
8.63e+08 0.0532135 -30.3595 337.723 
8.64e+08 0.0663874 -72.1849 338.114 
8.65e+08 0.0224186 6.16226 338.504 
8.66e+08 0.0354055 -4.16607 338.894 
8.67e+08 0.0470065 -78.8906 339.284 
8.68e+08 0.0189171 -60.4894 339.675 
8.69e+08 0.0277898 -8.00013 340.065 
8.7e+08 0.0630319 -60.6503 340.455 
8.71e+08 0.0478068 -76.4788 340.845 
8.72e+08 0.049941 -43.0879 341.235 
8.73e+08 0.0427939 -60.1388 341.625 
8.74e+08 0.0636153 -49.6646 342.015 
8.75e+08 0.0402803 -65.2291 342.405 
8.76e+08 0.0354829 -71.6473 342.795 
8.77e+08 0.046492 -53.0912 343.185 
8.78e+08 0.0403343 -65.7372 343.575 
8.79e+08 0.0623492 -104.44 343.969 
8.8e+08 0.0144058 -35.8302 344.36 
8.81e+08 0.0427702 0.925724 344.759 
8.82e+08 0.0422088 -41.6058 345.153 
8.83e+08 0.0623486 -51.0451 345.545 
8.84e+08 0.017764 -60.9965 345.935 
8.85e+08 0.052775 -59.2159 346.325 
8.86e+08 0.0754472 -43.594 346.715 
8.87e+08 0.0384145 -49.1018 347.106 
8.88e+08 0.0094606 -33.4215 347.496 
8.89e+08 0.0874989 -69.5368 347.886 
8.9e+08 0.0375238 -41.0847 348.276 
8.91e+08 0.0287011 -26.8231 348.667 
8.92e+08 0.0762559 -58.9857 349.057 
8.93e+08 0.0375382 -52.873 349.447 
8.94e+08 0.0694557 -87.0078 349.838 
8.95e+08 0.0282906 -57.4413 350.228 
8.96e+08 0.0379503 -39.5362 350.618 
8.97e+08 0.0508105 -57.9435 351.008 
8.98e+08 0.0499517 -25.4033 351.399 
8.99e+08 0.065032 -53.3424 351.81 
9e+08 0.0216434 -54.9667 352.2 
9.01e+08 0.0403631 -20.3012 352.591 
9.02e+08 0.0528235 -66.8463 352.981 
9.03e+08 0.0759172 -40.0561 353.371 
9.04e+08 0.0394241 -49.0119 353.761 
9.05e+08 0.0557455 -42.09 354.152 
9.06e+08 0.0658552 -8.83695 354.542 
9.07e+08 0.0228387 -38.2325 354.932 
9.08e+08 0.0304553 -52.9535 355.323 
9.09e+08 0.04411 -53.3333 355.713 
9.1e+08 0.0308793 -43.9614 356.107 
9.11e+08 0.045734 -48.0733 356.497 
9.12e+08 0.075749 -46.9529 356.888 
9.13e+08 0.050597 -42.135 357.278 
9.14e+08 0.0511396 -37.3626 357.668 
9.15e+08 0.02656 -60.4456 358.058 
9.16e+08 0.0504947 -25.6942 358.448 
9.17e+08 0.0235081 -35.5414 358.838 
9.18e+08 0.0521761 -59.123 359.228 
9.19e+08 0.0279157 -70.5009 359.618 
9.2e+08 0.0666778 -95.7783 360.008 
9.21e+08 0.0889882 -47.6509 360.398 
9.22e+08 0.0877578 -43.8391 360.789 
9.23e+08 0.0258877 -64.051 361.178 
9.24e+08 0.0436275 -64.4687 361.568 
9.25e+08 0.0180258 -31.2569 361.958 
9.26e+08 0.112503 -45.2542 362.348 
9.27e+08 0.0456764 -76.2636 362.738 
9.28e+08 0.081687 -19.8934 363.128 
9.29e+08 0.0627366 -53.645 363.518 
9.3e+08 0.0356353 -48.7027 363.908 
9.31e+08 0.0211774 -65.5831 364.299 
9.32e+08 0.0695651 -93.2207 364.689 
9.33e+08 0.048237 -15.9452 365.08 
9.34e+08 0.0435594 -37.1152 365.474 
9.35e+08 0.0707617 -29.2708 365.882 
9.36e+08 0.0565336 -54.6761 366.278 
9.37e+08 0.0237546 -60.4631 366.668 
9.38e+08 0.0194847 12.8739 367.059 
9.39e+08 0.0619083 -78.4833 367.458 
9.4e+08 0.0688016 -41.5828 367.848 
9.41e+08 0.0229744 -61.5364 368.239 
9.42e+08 0.0703853 -41.4292 368.629 
9.43e+08 0.0284134 -58.3462 369.019 
9.44e+08 0.0389241 -75.4789 369.409 
9.45e+08 0.0589591 -51.5687 369.799 
9.46e+08 0.0708505 -44.8646 370.189 
9.47e+08 0.037946 -36.2502 370.579 
9.48e+08 0.0219811 -90.4211 370.969 
9.49e+08 0.0426949 -58.5912 371.359 
9.5e+08 0.0778815 -76.099 371.749 
9.51e+08 0.0320572 -53.0452 372.139 
9.52e+08 0.0343051 -55.3467 372.53 
9.53e+08 0.0447359 -86.3798 372.92 
9.54e+08 0.0236151 -28.0479 373.31 
9.55e+08 0.042961 -46.8223 373.7 
9.56e+08 0.0230049 -31.2376 374.091 
9.57e+08 0.0661599 -23.3014 374.481 
9.58e+08 0.0513026 -70.6519 374.871 
9.59e+08 0.0367379 -62.4895 375.261 
9.6e+08 0.0365601 -78.3971 375.651 
9.61e+08 0.0327422 -74.7044 376.042 
9.62e+08 0.0533584 -56.718 376.432 
9.63e+08 0.0532127 -76.1119 376.824 
9.64e+08 0.0321728 -100.819 377.214 
9.65e+08 0.049365 -7.9478 377.604 
9.66e+08 0.0217921 -26.6823 377.994 
9.67e+08 0.0318157 -13.9824 378.384 
9.68e+08 0.0551621 -25.3327 378.774 
9.69e+08 0.0459743 -58.9797 379.163 
9.7e+08 0.0306331 -61.8327 379.553 
9.71e+08 0.0346962 -63.4431 379.943 
9.72e+08 0.042308 -50.3846 380.334 
9.73e+08 0.0419805 -52.1415 380.724 
9.74e+08 0.0506449 -69.0971 381.115 
9.75e+08 0.0506796 -72.4405 381.504 
9.76e+08 0.0547701 -69.02 381.895 
9.77e+08 0.060872 -72.4448 382.284 
9.78e+08 0.0153688 5.8558 382.677 
9.79e+08 0.0563826 -53.454 383.099 
9.8e+08 0.0936229 -43.3166 383.514 
9.81e+08 0.0895233 -37.1347 383.905 
9.82e+08 0.0595558 -30.555 384.295 
9.83e+08 0.0376815 -44.9452 384.685 
9.84e+08 0.0480493 -66.8449 385.075 
9.85e+08 0.0325771 -46.0902 385.465 
9.86e+08 0.0243763 -69.4932 385.855 
9.87e+08 0.0497681 -47.1047 386.246 
9.88e+08 0.0371721 -44.1949 386.636 
9.89e+08 0.05442 -36.7719 387.026 
9.9e+08 0.0458053 -69.3604 387.417 
9.91e+08 0.038579 -49.7464 387.807 
9.92e+08 0.0314403 -46.2771 388.197 
9.93e+08 0.0253312 -44.3071 388.587 
9.94e+08 0.0289401 -29.3278 388.978 
9.95e+08 0.0367649 -105.586 389.368 
9.96e+08 0.0421941 -65.0576 389.759 
9.97e+08 0.0403844 -60.0619 390.149 
9.98e+08 0.0238669 -55.2783 390.539 
9.99e+08 0.0443517 -74.6623 390.93 
1e+09 0.0317865 -43.3301 391.32 
