0 0.0575062 24.5629 0 
1e+06 0.0340805 -54.2921 0.392251 
2e+06 0.0617865 -50.684 0.782 
3e+06 0.0877562 -73.4346 1.17602 
4e+06 0.0478445 -32.3682 1.57292 
5e+06 0.0461019 -68.6896 1.9638 
6e+06 0.0403271 -61.3094 2.35418 
7e+06 0.0494633 -32.8979 2.74852 
8e+06 0.0342175 -6.39683 3.14038 
9e+06 0.0714581 -42.7796 3.53255 
1e+07 0.0387424 -6.47803 3.92441 
1.1e+07 0.0820936 -87.9483 4.31456 
1.2e+07 0.0813366 -47.319 4.7062 
1.3e+07 0.0508923 -21.7142 5.09782 
1.4e+07 0.040566 -40.0049 5.48891 
1.5e+07 0.0293929 -32.2637 5.88078 
1.6e+07 0.0661957 -40.6945 6.28018 
1.7e+07 0.0295012 -51.8296 6.70288 
1.8e+07 0.0145131 -54.9325 7.12624 
1.9e+07 0.0488442 -16.0071 7.54976 
2e+07 0.07539 -48.4446 7.96445 
2.1e+07 0.0902018 -72.7473 8.3549 
2.2e+07 0.016517 -27.0916 8.74721 
2.3e+07 0.0223877 -79.1963 9.13707 
2.4e+07 0.0501732 -41.1124 9.52765 
2.5e+07 0.0484978 -19.5189 9.91797 
2.6e+07 0.0693663 -68.1535 10.3093 
2.7e+07 0.0577882 -17.3613 10.6994 
2.8e+07 0.0719845 -67.326 11.0896 
2.9e+07 0.0441173 -79.1031 11.483 
3e+07 0.0784981 -22.7227 11.8749 
3.1e+07 0.058464 -51.6233 12.2676 
3.2e+07 0.0288682 -42.5613 12.6609 
3.3e+07 0.051399 -26.0934 13.051 
3.4e+07 0.0206902 -81.4478 13.4409 
3.5e+07 0.0517835 -42.0173 13.8319 
3.6e+07 0.0288437 -27.7141 14.222 
3.7e+07 0.0202641 -40.0577 14.612 
3.8e+07 0.0497293 -64.9978 15.0051 
3.9e+07 0.0433782 -36.5787 15.3976 
4e+07 0.0566265 -29.6271 15.7896 
4.1e+07 0.0352291 -39.3218 16.1824 
4.2e+07 0.0698524 -90.2395 16.5721 
4.3e+07 0.00638131 -51.8678 16.9621 
4.4e+07 0.0392015 -38.313 17.353 
4.5e+07 0.0403531 5.65093 17.7464 
4.6e+07 0.0344543 -53.1778 18.1366 
4.7e+07 0.0387768 -63.6174 18.5558 
4.8e+07 0.060131 -83.6822 18.9789 
4.9e+07 0.037135 -35.856 19.4023 
5e+07 0.0372031 -51.2303 19.826 
5.1e+07 0.0397138 -24.9638 20.2492 
5.2e+07 0.063112 -70.3908 20.6725 
5.3e+07 0.0114961 -64.4761 21.0953 
5.4e+07 0.0425678 -26.3291 21.5185 
5.5e+07 0.0646712 -87.3285 21.9415 
5.6e+07 0.0562101 -81.5 22.3644 
5.7e+07 0.0689278 1.78471 22.7874 
5.8e+07 0.0201994 -84.2717 23.2103 
5.9e+07 0.0917549 -79.1318 23.6338 
6e+07 0.0323942 -44.2674 24.0568 
6.1e+07 0.0904597 -26.7093 24.4798 
6.2e+07 0.027968 -68.9418 24.9031 
6.3e+07 0.0309805 -36.0651 25.3259 
6.4e+07 0.0650348 -70.4443 25.749 
6.5e+07 0.061446 -36.4812 26.1717 
6.6e+07 0.0405526 -73.3885 26.5941 
6.7e+07 0.0625984 -61.214 27.0166 
6.8e+07 0.0795038 -54.1638 27.4394 
6.9e+07 0.0330618 -68.5831 27.8618 
7e+07 0.0361196 -37.9255 28.2842 
7.1e+07 0.0189605 -44.1179 28.7069 
7.2e+07 0.0382732 -41.0347 29.1295 
7.3e+07 0.0467686 -79.1346 29.5523 
7.4e+07 0.0434588 -90.1101 29.977 
7.5e+07 0.04742 -28.856 30.4002 
7.6e+07 0.0515786 -22.1595 30.8241 
7.7e+07 0.05417 -41.6413 31.247 
7.8e+07 0.0636921 -54.6186 31.6699 
7.9e+07 0.0752345 -45.9339 32.0926 
8e+07 0.014453 -56.2871 32.5153 
8.1e+07 0.0191153 -75.8767 32.9384 
8.2e+07 0.0334188 -52.3615 33.361 
8.3e+07 0.0418599 -104.425 33.784 
8.4e+07 0.0482391 -54.7396 34.2066 
8.5e+07 0.0220841 -67.4261 34.6296 
8.6e+07 0.0250379 -42.8324 35.0522 
8.7e+07 0.0463826 -62.47 35.475 
8.8e+07 0.0973972 -60.3202 35.8979 
8.9e+07 0.0512914 -46.9997 36.3207 
9e+07 0.0454465 -93.9238 36.7436 
9.1e+07 0.0509878 -59.6837 37.1663 
9.2e+07 0.0341428 -75.7685 37.5892 
9.3e+07 0.0863252 -56.6727 38.012 
9.4e+07 0.0278997 -62.4079 38.4346 
9.5e+07 0.0413451 -59.1368 38.8573 
9.6e+07 0.0308771 -40.5845 39.2779 
9.7e+07 0.0346616 -45.3889 39.6946 
9.8e+07 0.04263 -29.1078 40.1172 
9.9e+07 0.0563414 -90.5727 40.5402 
1e+08 0.0328972 -78.096 40.9631 
1.01e+08 0.0435007 -48.5647 41.386 
1.02e+08 0.044114 -70.435 41.8088 
1.03e+08 0.0588549 -48.2815 42.2314 
1.04e+08 0.0253749 -57.4676 42.654 
1.05e+08 0.0445069 -41.1418 43.0764 
1.06e+08 0.0440318 -68.6473 43.4991 
1.07e+08 0.0706557 -55.9433 43.922 
1.08e+08 0.0443879 -55.4877 44.3449 
1.09e+08 0.0261231 -36.5003 44.7677 
1.1e+08 0.0889112 -65.8751 45.1906 
1.11e+08 0.0356533 -70.3355 45.6135 
1.12e+08 0.0448768 -74.8469 46.0363 
1.13e+08 0.0483953 -21.6613 46.4591 
1.14e+08 0.0304474 -94.6967 46.882 
1.15e+08 0.0368548 -40.4608 47.3046 
1.16e+08 0.0523731 -30.4463 47.7277 
1.17e+08 0.0868495 -39.0047 48.1406 
1.18e+08 0.0442294 -38.6541 48.5586 
1.19e+08 0.0427449 -93.4731 48.9689 
1.2e+08 0.0236519 -12.8401 49.3917 
1.21e+08 0.0469567 -35.3342 49.8046 
1.22e+08 0.0374203 -45.6168 50.1951 
1.23e+08 0.0785962 -57.0416 50.5897 
1.24e+08 0.065907 -77.3706 50.9836 
1.25e+08 0.0416514 -52.8886 51.3743 
1.26e+08 0.0779038 -35.9282 51.7669 
1.27e+08 0.0242835 -46.3478 52.1569 
1.28e+08 0.0311794 -63.471 52.5491 
1.29e+08 0.0173472 -35.0742 52.9471 
1.3e+08 0.0631998 -83.1897 53.3389 
1.31e+08 0.0766024 -33.6298 53.7306 
1.32e+08 0.0387827 -60.3244 54.1259 
1.33e+08 0.0562532 -65.0329 54.5201 
1.34e+08 0.0326271 -86.2125 54.9142 
1.35e+08 0.0315372 -36.9642 55.3089 
1.36e+08 0.0204507 -41.9739 55.6996 
1.37e+08 0.0510445 -65.5518 56.0915 
1.38e+08 0.0359102 -68.7298 56.4853 
1.39e+08 0.0531435 -69.6877 56.8775 
1.4e+08 0.0366273 -75.7308 57.2731 
1.41e+08 0.0625953 -45.2662 57.6696 
1.42e+08 0.0229071 -54.327 58.0615 
1.43e+08 0.0711807 -49.3239 58.4554 
1.44e+08 0.0611208 -59.5212 58.8493 
1.45e+08 0.0420553 -43.5072 59.2418 
1.46e+08 0.0177664 -21.5212 59.6518 
1.47e+08 0.0641087 -4.39448 60.0748 
1.48e+08 0.0606799 -44.7025 60.4982 
1.49e+08 0.025266 -48.4779 60.9214 
1.5e+08 0.019727 -34.0717 61.3445 
1.51e+08 0.0311065 -21.4672 61.7682 
1.52e+08 0.049141 -62.6539 62.1921 
1.53e+08 0.0585872 -6.1962 62.6154 
1.54e+08 0.050714 -61.5418 63.0384 
1.55e+08 0.0434501 -30.0588 63.4613 
1.56e+08 0.02801 -62.9929 63.8843 
1.57e+08 0.0376104 -58.5348 64.3073 
1.58e+08 0.0289988 -76.9463 64.7305 
1.59e+08 0.0242425 -82.1636 65.1538 
1.6e+08 0.0095089 -50.2105 65.5789 
1.61e+08 0.052165 -79.599 66.0024 
1.62e+08 0.015779 -68.0179 66.4255 
1.63e+08 0.0548748 -56.8985 66.8486 
1.64e+08 0.0608304 -33.1587 67.2714 
1.65e+08 0.0558888 -48.3252 67.6946 
1.66e+08 0.0825537 -54.8244 68.1176 
1.67e+08 0.0227752 -73.0001 68.5404 
1.68e+08 0.0520845 -55.4113 68.9636 
1.69e+08 0.065865 -55.6105 69.387 
1.7e+08 0.0411372 -49.8364 69.8099 
1.71e+08 0.0322885 -46.5484 70.2325 
1.72e+08 0.0810618 -23.185 70.6556 
1.73e+08 0.0367627 -43.4812 71.0784 
1.74e+08 0.0328458 -45.9634 71.5014 
1.75e+08 0.0437903 -77.9601 71.9244 
1.76e+08 0.0701362 -25.2037 72.3472 
1.77e+08 0.0302751 -66.5597 72.77 
1.78e+08 0.0458283 -64.2139 73.1928 
1.79e+08 0.0397406 -62.487 73.6158 
1.8e+08 0.0416105 -54.9021 74.0386 
1.81e+08 0.0331054 -51.226 74.4615 
1.82e+08 0.0197854 -31.7297 74.8843 
1.83e+08 0.0555426 -23.7706 75.3069 
1.84e+08 0.0420248 -69.2619 75.7297 
1.85e+08 0.0417977 -48.2425 76.1523 
1.86e+08 0.026478 -71.3718 76.5752 
1.87e+08 0.0310603 -50.2092 76.9978 
1.88e+08 0.0522121 -31.259 77.4206 
1.89e+08 0.0309005 3.64585 77.8435 
1.9e+08 0.0516298 -75.6649 78.2666 
1.91e+08 0.0379616 -31.1118 78.6896 
1.92e+08 0.0656766 -56.5048 79.1125 
1.93e+08 0.0317051 -58.4361 79.5354 
1.94e+08 0.0337704 -37.4261 79.9588 
1.95e+08 0.0726487 -71.3417 80.3826 
1.96e+08 0.0711582 -35.9723 80.8061 
1.97e+08 0.0310456 8.22236 81.2293 
1.98e+08 0.0438845 -54.4831 81.6524 
1.99e+08 0.0311515 -34.2203 82.0753 
2e+08 0.0287722 -79.775 82.4983 
2.01e+08 0.0544968 -50.9122 82.9213 
2.02e+08 0.0745693 -67.2478 83.3442 
2.03e+08 0.049011 -39.52 83.7671 
2.04e+08 0.0477674 -60.84 84.1901 
2.05e+08 0.0512293 -64.8605 84.6132 
2.06e+08 0.0667316 -89.59 85.0362 
2.07e+08 0.0447802 -36.4816 85.4595 
2.08e+08 0.0486528 -76.0567 85.8828 
2.09e+08 0.0415239 -77.8326 86.3056 
2.1e+08 0.043595 -50.7424 86.7289 
2.11e+08 0.0353527 -87.7194 87.1524 
2.12e+08 0.0867247 -50.2892 87.5757 
2.13e+08 0.0249354 -83.1314 87.9914 
2.14e+08 0.0352299 -62.2104 88.4139 
2.15e+08 0.0253201 -1.68239 88.8374 
2.16e+08 0.0261155 -65.7544 89.2511 
2.17e+08 0.0269714 -77.1598 89.6463 
2.18e+08 0.0167106 -44.1735 90.038 
2.19e+08 0.0351187 -66.7198 90.4286 
2.2e+08 0.0503326 -39.0353 90.8186 
2.21e+08 0.0687927 -75.1131 91.2105 
2.22e+08 0.0468646 -58.453 91.6025 
2.23e+08 0.0722561 -69.3423 91.9982 
2.24e+08 0.0127245 -60.0491 92.391 
2.25e+08 0.0576447 -47.6575 92.7837 
2.26e+08 0.0388968 -63.013 93.1777 
2.27e+08 0.0129594 -42.4858 93.5714 
2.28e+08 0.0525995 -83.5473 93.9642 
2.29e+08 0.024885 -67.1566 94.3579 
2.3e+08 0.0155485 -47.9566 94.75 
2.31e+08 0.0328408 -31.2379 95.1426 
2.32e+08 0.0493616 -46.1109 95.5339 
2.33e+08 0.0219969 -40.3786 95.9296 
2.34e+08 0.0477998 -46.044 96.3211 
2.35e+08 0.0599477 -37.0047 96.7126 
2.36e+08 0.0513822 -23.1793 97.1034 
2.37e+08 0.0886241 -65.4129 97.5106 
2.38e+08 0.0344857 -65.9675 97.9021 
2.39e+08 0.0475016 -28.2109 98.2926 
2.4e+08 0.055938 -41.0063 98.6838 
2.41e+08 0.0720948 -53.5304 99.1068 
2.42e+08 0.0670778 -21.1572 99.5298 
2.43e+08 0.0377945 -72.5069 99.9529 
2.44e+08 0.0459924 -19.0401 100.376 
2.45e+08 0.0703503 -19.5034 100.799 
2.46e+08 0.0209738 -87.3359 101.222 
2.47e+08 0.050013 -37.8667 101.646 
2.48e+08 0.0128772 -35.4156 102.069 
2.49e+08 0.0531353 -46.6461 102.492 
2.5e+08 0.0397982 -43.3274 102.916 
2.51e+08 0.0339366 -37.3328 103.338 
2.52e+08 0.0262115 -70.8087 103.762 
2.53e+08 0.0435108 -36.535 104.186 
2.54e+08 0.0344075 -32.448 104.61 
2.55e+08 0.0763846 -89.9726 105.033 
2.56e+08 0.0207117 -44.3406 105.456 
2.57e+08 0.0515168 -18.9942 105.879 
2.58e+08 0.0626892 -67.7627 106.302 
2.59e+08 0.0301401 -40.2267 106.726 
2.6e+08 0.0541635 -28.2659 107.149 
2.61e+08 0.0348173 -79.3164 107.572 
2.62e+08 0.089936 -40.5506 107.995 
2.63e+08 0.0255428 -51.6706 108.418 
2.64e+08 0.0497895 -46.0144 108.841 
2.65e+08 0.0394232 -41.5274 109.264 
2.66e+08 0.0595936 -75.3538 109.687 
2.67e+08 0.0422352 -76.9915 110.11 
2.68e+08 0.0673163 -80.753 110.533 
2.69e+08 0.0416144 -53.0458 110.956 
2.7e+08 0.085916 -105.836 111.379 
2.71e+08 0.0230209 -71.5047 111.803 
2.72e+08 0.0700561 -35.7043 112.226 
2.73e+08 0.0439769 -35.7968 112.649 
2.74e+08 0.0363289 -35.6519 113.072 
2.75e+08 0.0355648 -45.0544 113.495 
2.76e+08 0.0366951 -50.4778 113.918 
2.77e+08 0.0648135 -44.5697 114.34 
2.78e+08 0.0442777 -44.8326 114.763 
2.79e+08 0.00256988 -50.4518 115.185 
2.8e+08 0.0778932 -37.0859 115.608 
2.81e+08 0.0231608 -56.6682 116.031 
2.82e+08 0.0472149 -63.59 116.454 
2.83e+08 0.0803441 -77.8988 116.878 
2.84e+08 0.0660239 -50.3955 117.301 
2.85e+08 0.0474955 -58.1949 117.724 
2.86e+08 0.0304393 -76.0668 118.147 
2.87e+08 0.0200721 -57.8903 118.57 
2.88e+08 0.0258191 -68.5419 118.992 
2.89e+08 0.0168257 -81.8074 119.415 
2.9e+08 0.0623032 -41.4268 119.838 
2.91e+08 0.039991 -76.0314 120.26 
2.92e+08 0.0650353 -80.3311 120.667 
2.93e+08 0.0759881 -55.4986 121.09 
2.94e+08 0.0308547 -44.7111 121.513 
2.95e+08 0.0459558 -69.1548 121.936 
2.96e+08 0.0469402 -60.323 122.359 
2.97e+08 0.0092638 -60.2045 122.782 
2.98e+08 0.0173982 -41.0481 123.204 
2.99e+08 0.0222812 -25.9404 123.627 
3e+08 0.0836417 -80.2189 124.039 
3.01e+08 0.0906823 -43.4916 124.455 
3.02e+08 0.015725 -10.5368 124.878 
3.03e+08 0.0309445 -29.2793 125.297 
3.04e+08 0.0549726 -44.6571 125.691 
3.05e+08 0.0464209 -52.7889 126.082 
3.06e+08 0.0418796 26.0005 126.474 
3.07e+08 0.0772903 -54.5725 126.867 
3.08e+08 0.047071 -90.162 127.258 
3.09e+08 0.0245128 -52.9238 127.662 
3.1e+08 0.0187177 -15.1439 128.052 
3.11e+08 0.0227622 -69.0253 128.448 
3.12e+08 0.0506043 -75.1438 128.841 
3.13e+08 0.0229123 -72.6591 129.233 
3.14e+08 0.0294034 -58.6815 129.626 
3.15e+08 0.0341114 -42.8108 130.021 
3.16e+08 0.0695972 -42.9204 130.416 
3.17e+08 0.0559922 -19.8078 130.807 
3.18e+08 0.052954 -120.838 131.198 
3.19e+08 0.0307076 -55.7799 131.59 
3.2e+08 0.0304775 -31.1314 131.983 
3.21e+08 0.0914329 -63.0965 132.375 
3.22e+08 0.0216766 -72.0178 132.766 
3.23e+08 0.0586054 -62.8902 133.159 
3.24e+08 0.0240837 -57.3886 133.553 
3.25e+08 0.0287189 -57.0276 133.945 
3.26e+08 0.0823686 -63.1305 134.336 
3.27e+08 0.0485169 -55.4429 134.731 
3.28e+08 0.0493011 -90.112 135.125 
3.29e+08 0.0565596 -1.2537 135.521 
3.3e+08 0.0463804 -47.0175 135.914 
3.31e+08 0.0394992 -69.8013 136.313 
3.32e+08 0.0243146 -8.61481 136.713 
3.33e+08 0.0325578 -51.3052 137.117 
3.34e+08 0.0432146 -58.3687 137.54 
3.35e+08 0.0617296 -17.2018 137.963 
3.36e+08 0.0753726 -97.9338 138.387 
3.37e+08 0.0597773 -66.0463 138.81 
3.38e+08 0.0478985 -25.5499 139.233 
3.39e+08 0.0621704 -69.8603 139.657 
3.4e+08 0.0544417 -72.8219 140.08 
3.41e+08 0.0349817 -37.6603 140.504 
3.42e+08 0.0712469 -47.817 140.927 
3.43e+08 0.0211729 -21.5849 141.35 
3.44e+08 0.0679626 -72.1846 141.774 
3.45e+08 0.0314109 -64.7592 142.197 
3.46e+08 0.0238023 -67.7107 142.62 
3.47e+08 0.0373598 -36.1484 143.044 
3.48e+08 0.0515641 -63.2299 143.467 
3.49e+08 0.0265022 -63.8044 143.89 
3.5e+08 0.0315112 -55.4624 144.314 
3.51e+08 0.0449713 -46.013 144.737 
3.52e+08 0.0358609 -42.0698 145.16 
3.53e+08 0.0395704 -44.2827 145.583 
3.54e+08 0.0549235 -89.4898 146.006 
3.55e+08 0.0990486 -23.5767 146.429 
3.56e+08 0.0286751 -57.1729 146.852 
3.57e+08 0.062531 -11.4744 147.275 
3.58e+08 0.0376428 -72.3434 147.699 
3.59e+08 0.0463087 -63.8156 148.122 
3.6e+08 0.0530942 -72.2445 148.545 
3.61e+08 0.0500274 -64.2969 148.968 
3.62e+08 0.0606525 -17.8448 149.391 
3.63e+08 0.0396088 -29.0645 149.814 
3.64e+08 0.0296017 -45.6375 150.237 
3.65e+08 0.0318481 -51.9033 150.66 
3.66e+08 0.0706363 -45.5427 151.084 
3.67e+08 0.0957023 -42.2231 151.507 
3.68e+08 0.0172424 -17.7481 151.93 
3.69e+08 0.00973325 -71.3294 152.353 
3.7e+08 0.0305831 -73.1732 152.776 
3.71e+08 0.0482833 -25.7094 153.197 
3.72e+08 0.0249947 -64.4787 153.62 
3.73e+08 0.0679857 -72.1284 154.043 
3.74e+08 0.0547043 -41.3494 154.465 
3.75e+08 0.0416575 -61.7283 154.888 
3.76e+08 0.0221241 -28.9612 155.311 
3.77e+08 0.0259642 -44.8373 155.734 
3.78e+08 0.0318481 -73.4447 156.157 
3.79e+08 0.0576794 -74.0823 156.58 
3.8e+08 0.0783833 -89.3434 157.003 
3.81e+08 0.0537323 -17.5448 157.426 
3.82e+08 0.0842408 -48.6553 157.849 
3.83e+08 0.0537289 -103.799 158.272 
3.84e+08 0.0573685 -86.6089 158.695 
3.85e+08 0.0884726 -69.9272 159.118 
3.86e+08 0.0282081 -49.8869 159.541 
3.87e+08 0.0293352 -61.5612 159.964 
3.88e+08 0.0301359 -54.6571 160.377 
3.89e+08 0.067752 -49.4531 160.799 
3.9e+08 0.0287004 -81.2099 161.222 
3.91e+08 0.0335092 -79.8664 161.645 
3.92e+08 0.039812 -11.355 162.039 
3.93e+08 0.0633233 -46.0795 162.429 
3.94e+08 0.0299594 -41.8713 162.819 
3.95e+08 0.087259 -33.1407 163.209 
3.96e+08 0.0701525 -36.7288 163.623 
3.97e+08 0.0472628 -94.0052 164.017 
3.98e+08 0.0208321 -21.3492 164.408 
3.99e+08 0.0223108 -35.1791 164.798 
4e+08 0.0377967 -39.2362 165.189 
4.01e+08 0.0696509 -65.4019 165.579 
4.02e+08 0.0479935 -68.1975 165.968 
4.03e+08 0.0223357 -39.7156 166.359 
4.04e+08 0.0579611 -55.8507 166.749 
4.05e+08 0.0219421 -27.0291 167.139 
4.06e+08 0.0473922 -44.5112 167.529 
4.07e+08 0.0516147 -86.0668 167.92 
4.08e+08 0.0390064 -45.8215 168.311 
4.09e+08 0.0125095 -44.8643 168.701 
4.1e+08 0.0214052 -37.8341 169.091 
4.11e+08 0.0754386 -63.6248 169.482 
4.12e+08 0.0304457 -34.296 169.874 
4.13e+08 0.0321526 -60.0329 170.265 
4.14e+08 0.0631777 -71.8419 170.656 
4.15e+08 0.0722072 -74.6957 171.047 
4.16e+08 0.0797158 -89.5966 171.44 
4.17e+08 0.0419139 -62.0474 171.832 
4.18e+08 0.0338224 -73.462 172.222 
4.19e+08 0.0731611 -80.3627 172.643 
4.2e+08 0.041198 -48.569 173.067 
4.21e+08 0.0288973 -49.4755 173.49 
4.22e+08 0.0333316 -48.5523 173.913 
4.23e+08 0.0265426 -32.2826 174.336 
4.24e+08 0.0630943 -70.0736 174.759 
4.25e+08 0.0822302 -32.874 175.182 
4.26e+08 0.0548679 -19.7005 175.606 
4.27e+08 0.0259289 -58.1073 176.029 
4.28e+08 0.0416705 -61.1735 176.452 
4.29e+08 0.0444064 -42.4752 176.877 
4.3e+08 0.0428366 -57.2331 177.3 
4.31e+08 0.0739948 -12.3329 177.724 
4.32e+08 0.0366371 -37.6766 178.147 
4.33e+08 0.0581253 -81.073 178.57 
4.34e+08 0.0319653 -58.3432 178.994 
4.35e+08 0.0567705 -51.8146 179.417 
4.36e+08 0.0560887 -49.595 179.841 
4.37e+08 0.0423351 -30.7833 180.266 
4.38e+08 0.0390769 -47.3339 180.689 
4.39e+08 0.0161155 -24.9959 181.113 
4.4e+08 0.0772111 -66.1971 181.536 
4.41e+08 0.0541851 -43.3642 181.96 
4.42e+08 0.0636941 -73.2001 182.383 
4.43e+08 0.0533403 -85.9147 182.806 
4.44e+08 0.0177811 -65.0701 183.229 
4.45e+08 0.0661853 -34.7585 183.653 
4.46e+08 0.0163513 -80.6087 184.076 
4.47e+08 0.0453134 -87.0235 184.5 
4.48e+08 0.104474 -76.607 184.923 
4.49e+08 0.00278591 -40.3637 185.346 
4.5e+08 0.0885023 -20.4833 185.77 
4.51e+08 0.0264518 -41.4972 186.193 
4.52e+08 0.0159796 -43.2504 186.617 
4.53e+08 0.0337395 -37.9395 187.04 
4.54e+08 0.024727 -45.614 187.464 
4.55e+08 0.0564573 -44.8309 187.887 
4.56e+08 0.0514005 -32.6497 188.308 
4.57e+08 0.0409176 -39.9893 188.732 
4.58e+08 0.0301397 -45.65 189.155 
4.59e+08 0.0183578 -70.5678 189.578 
4.6e+08 0.0307835 -43.6987 190.002 
4.61e+08 0.0454747 -49.9703 190.425 
4.62e+08 0.047863 -85.9463 190.848 
4.63e+08 0.050194 -42.5893 191.271 
4.64e+08 0.0722364 -54.5939 191.694 
4.65e+08 0.0165056 -12.2897 192.118 
4.66e+08 0.0513245 -53.7984 192.541 
4.67e+08 0.100214 -33.3248 192.964 
4.68e+08 0.0444234 -55.1845 193.388 
4.69e+08 0.0207597 -62.6032 193.811 
4.7e+08 0.0330763 -63.5234 194.234 
4.71e+08 0.0493164 -60.3924 194.657 
4.72e+08 0.03635 -54.7473 195.08 
4.73e+08 0.0449614 -34.624 195.503 
4.74e+08 0.0614389 -75.2179 195.926 
4.75e+08 0.0708197 -41.291 196.349 
4.76e+08 0.0386835 -58.0908 196.773 
4.77e+08 0.0385163 -60.2192 197.194 
4.78e+08 0.051459 -75.126 197.617 
4.79e+08 0.0223786 -19.9885 198.04 
4.8e+08 0.0585167 -64.5171 198.449 
4.81e+08 0.0246848 -66.9774 198.839 
4.82e+08 0.0174594 -78.6106 199.229 
4.83e+08 0.0860731 -17.3221 199.62 
4.84e+08 0.0429507 -47.2312 200.01 
4.85e+08 0.0386825 -53.1683 200.4 
4.86e+08 0.0405367 -56.4717 200.79 
4.87e+08 0.0421595 -65.7079 201.18 
4.88e+08 0.0768908 -26.0153 201.57 
4.89e+08 0.0430064 -44.7673 201.96 
4.9e+08 0.0282401 -21.1823 202.35 
4.91e+08 0.0396461 -42.3811 202.74 
4.92e+08 0.0253404 -58.5311 203.134 
4.93e+08 0.0453513 -70.7948 203.526 
4.94e+08 0.0435087 2.42718 203.915 
4.95e+08 0.0389449 -39.1129 204.305 
4.96e+08 0.0337827 -11.7089 204.696 
4.97e+08 0.0369141 -85.1164 205.086 
4.98e+08 0.0246419 -86.8142 205.476 
4.99e+08 0.0288727 -27.7387 205.868 
5e+08 0.0264165 -54.843 206.258 
5.01e+08 0.0432582 -55.3996 206.648 
5.02e+08 0.0455148 -40.3463 207.04 
5.03e+08 0.0280177 -47.0101 207.431 
5.04e+08 0.0164277 -57.7629 207.828 
5.05e+08 0.0261896 -3.48697 208.23 
5.06e+08 0.0553436 -21.3044 208.654 
5.07e+08 0.05808 -51.2765 209.077 
5.08e+08 0.0429356 -63.154 209.5 
5.09e+08 0.0555654 -42.6719 209.924 
5.1e+08 0.0365961 -37.2807 210.348 
5.11e+08 0.0627505 -55.4153 210.771 
5.12e+08 0.0449418 -14.0356 211.195 
5.13e+08 0.0240441 -54.2817 211.618 
5.14e+08 0.0268724 -33.8545 212.041 
5.15e+08 0.0235754 -29.6599 212.464 
5.16e+08 0.0238862 -69.3425 212.887 
5.17e+08 0.00467018 -37.6818 213.311 
5.18e+08 0.0280621 -61.9612 213.734 
5.19e+08 0.0381914 -61.0003 214.158 
5.2e+08 0.0361931 -45.5774 214.581 
5.21e+08 0.0323526 -41.4725 215.005 
5.22e+08 0.0593988 -29.4387 215.428 
5.23e+08 0.0394861 -77.1077 215.852 
5.24e+08 0.0250256 -44.5749 216.275 
5.25e+08 0.0379109 -40.1171 216.699 
5.26e+08 0.0226366 -66.2737 217.123 
5.27e+08 0.0754365 -76.4886 217.547 
5.28e+08 0.0658284 -21.5317 217.97 
5.29e+08 0.0341397 -47.4915 218.394 
5.3e+08 0.0534641 -67.7371 218.817 
5.31e+08 0.0376491 -58.3357 219.24 
5.32e+08 0.0306353 -40.2336 219.663 
5.33e+08 0.0445902 -54.9951 220.087 
5.34e+08 0.0364588 -37.1008 220.51 
5.35e+08 0.0611653 -1.37096 220.933 
5.36e+08 0.0263617 -51.1918 221.357 
5.37e+08 0.0139822 -54.4811 221.78 
5.38e+08 0.0192312 -41.4288 222.203 
5.39e+08 0.021728 -24.2444 222.627 
5.4e+08 0.0659546 -12.3603 223.05 
5.41e+08 0.0612367 -70.3966 223.474 
5.42e+08 0.0322309 -45.146 223.897 
5.43e+08 0.0480828 -72.6017 224.321 
5.44e+08 0.0442966 -77.763 224.744 
5.45e+08 0.0626839 -70.1006 225.167 
5.46e+08 0.064527 -4.80737 225.59 
5.47e+08 0.0438713 -69.651 226.013 
5.48e+08 0.0471552 -54.1672 226.437 
5.49e+08 0.0508861 -65.5736 226.86 
5.5e+08 0.0463773 -74.6902 227.283 
5.51e+08 0.0814451 -81.8001 227.707 
5.52e+08 0.0483638 -27.6102 228.13 
5.53e+08 0.0500898 -81.3117 228.553 
5.54e+08 0.0428107 -39.2043 228.977 
5.55e+08 0.0536313 -69.6719 229.4 
5.56e+08 0.0603691 -35.3093 229.814 
5.57e+08 0.0435156 -58.7347 230.237 
5.58e+08 0.0433031 -70.6817 230.66 
5.59e+08 0.0485488 -36.5477 231.064 
5.6e+08 0.0141544 -75.9424 231.455 
5.61e+08 0.0137057 -44.4042 231.846 
5.62e+08 0.0276083 -49.0793 232.236 
5.63e+08 0.0508341 -75.8771 232.626 
5.64e+08 0.0372658 -48.7301 233.017 
5.65e+08 0.0474959 -42.9989 233.409 
5.66e+08 0.0442138 -84.6513 233.801 
5.67e+08 0.0161157 -66.3567 234.191 
5.68e+08 0.0363398 -16.4029 234.582 
5.69e+08 0.0316556 -77.0252 234.974 
5.7e+08 0.0717554 -66.9048 235.365 
5.71e+08 0.04122 -70.7275 235.756 
5.72e+08 0.0513172 -50.5905 236.147 
5.73e+08 0.0449494 -41.961 236.537 
5.74e+08 0.011791 -18.5914 236.935 
5.75e+08 0.0445435 -63.6872 237.331 
5.76e+08 0.0530267 -68.2015 237.722 
5.77e+08 0.0682303 -26.1295 238.113 
5.78e+08 0.0639957 4.96006 238.505 
5.79e+08 0.0532873 -37.0417 238.898 
5.8e+08 0.0274311 -33.1057 239.29 
5.81e+08 0.0691753 -59.6196 239.681 
5.82e+08 0.0827934 -50.21 240.07 
5.83e+08 0.0294048 -30.8268 240.461 
5.84e+08 0.0311305 10.6206 240.851 
5.85e+08 0.0243556 -61.7633 241.242 
5.86e+08 0.0588717 -54.8279 241.633 
5.87e+08 0.0275273 -51.961 242.047 
5.88e+08 0.0176017 -60.8586 242.47 
5.89e+08 0.0377383 -57.2904 242.893 
5.9e+08 0.0588583 -60.738 243.316 
5.91e+08 0.0366942 -53.5726 243.739 
5.92e+08 0.0441261 -56.69 244.162 
5.93e+08 0.031787 -70.8132 244.585 
5.94e+08 0.0391059 -62.3887 245.007 
5.95e+08 0.0585243 -71.747 245.431 
5.96e+08 0.0648358 -70.2847 245.854 
5.97e+08 0.0416509 -96.9565 246.277 
5.98e+08 0.0447901 -58.1781 246.7 
5.99e+08 0.0701677 -42.595 247.123 
6e+08 0.0772056 -24.3576 247.546 
6.01e+08 0.0217482 -58.3409 247.969 
6.02e+08 0.0570733 -31.9837 248.391 
6.03e+08 0.0428556 -28.599 248.815 
6.04e+08 0.0550179 -59.7044 249.237 
6.05e+08 0.0480055 -52.9952 249.661 
6.06e+08 0.0606357 -73.0568 250.083 
6.07e+08 0.0603491 -79.9078 250.506 
6.08e+08 0.0434696 -43.3489 250.93 
6.09e+08 0.0937119 -78.2392 251.353 
6.1e+08 0.0159597 -40.2492 251.776 
6.11e+08 0.0261543 -54.8241 252.2 
6.12e+08 0.0534164 -52.6148 252.624 
6.13e+08 0.02094 -41.0702 253.047 
6.14e+08 0.0631359 -68.8731 253.471 
6.15e+08 0.0945599 -22.6905 253.894 
6.16e+08 0.0644902 -72.2096 254.318 
6.17e+08 0.0263312 -88.3485 254.741 
6.18e+08 0.0277441 -56.4647 255.165 
6.19e+08 0.0351288 -66.3713 255.588 
6.2e+08 0.0223852 -89.481 256.011 
6.21e+08 0.0697353 -47.6371 256.434 
6.22e+08 0.0508984 -89.7711 256.857 
6.23e+08 0.0729538 -84.7388 257.281 
6.24e+08 0.0517755 -57.3529 257.705 
6.25e+08 0.0522417 -82.4749 258.128 
6.26e+08 0.0390501 -84.5055 258.552 
6.27e+08 0.024049 -68.6515 258.975 
6.28e+08 0.0419934 -40.5672 259.399 
6.29e+08 0.0550361 -54.6787 259.823 
6.3e+08 0.0262307 -25.1173 260.246 
6.31e+08 0.0456645 -67.5964 260.67 
6.32e+08 0.0727286 -31.0033 261.093 
6.33e+08 0.0275965 -54.9119 261.516 
6.34e+08 0.0358598 -43.808 261.94 
6.35e+08 0.0412468 -15.2262 262.363 
6.36e+08 0.048537 -40.8329 262.787 
6.37e+08 0.0202187 -54.4352 263.21 
6.38e+08 0.0301121 -103.285 263.633 
6.39e+08 0.0136014 -43.1546 264.049 
6.4e+08 0.0588847 -75.459 264.47 
6.41e+08 0.0450471 -2.96738 264.894 
6.42e+08 0.00994856 -65.5799 265.305 
6.43e+08 0.0691486 -33.0535 265.695 
6.44e+08 0.0296852 -89.049 266.085 
6.45e+08 0.0106485 -95.7997 266.477 
6.46e+08 0.0288044 -47.4476 266.867 
6.47e+08 0.103864 -58.4447 267.257 
6.48e+08 0.05374 -94.3768 267.648 
6.49e+08 0.0170487 -83.7144 268.039 
6.5e+08 0.03026 -42.3892 268.428 
6.51e+08 0.0737666 -44.8089 268.818 
6.52e+08 0.0280152 -17.5813 269.209 
6.53e+08 0.0425468 -92.2996 269.601 
6.54e+08 0.0903241 -87.7144 269.991 
6.55e+08 0.0150835 -40.0643 270.382 
6.56e+08 0.0137161 -75.2785 270.773 
6.57e+08 0.0399488 -20.8617 271.163 
6.58e+08 0.0535018 -43.9555 271.554 
6.59e+08 0.0448577 -45.1263 271.945 
6.6e+08 0.0612986 -22.4156 272.335 
6.61e+08 0.0617325 -44.2466 272.726 
6.62e+08 0.0601118 -66.0155 273.116 
6.63e+08 0.0551261 -56.7393 273.53 
6.64e+08 0.05953 -40.8151 273.953 
6.65e+08 0.0425534 -68.6425 274.375 
6.66e+08 0.0817723 -68.0732 274.799 
6.67e+08 0.0786621 -110.929 275.222 
6.68e+08 0.0429229 -21.3293 275.645 
6.69e+08 0.0169128 -77.1163 276.069 
6.7e+08 0.0310888 -25.2129 276.491 
6.71e+08 0.0653991 -82.2971 276.915 
6.72e+08 0.0566509 -2.75717 277.338 
6.73e+08 0.0469371 -74.3667 277.761 
6.74e+08 0.0711497 -88.284 278.184 
6.75e+08 0.0233802 -58.5855 278.607 
6.76e+08 0.0809945 -83.7039 279.031 
6.77e+08 0.059814 -51.8622 279.454 
6.78e+08 0.0332947 -115.549 279.877 
6.79e+08 0.0388262 -88.102 280.3 
6.8e+08 0.0268233 -33.511 280.724 
6.81e+08 0.0485544 -23.8562 281.147 
6.82e+08 0.0191789 -71.9225 281.57 
6.83e+08 0.0282546 -60.326 281.994 
6.84e+08 0.0181447 -33.6371 282.417 
6.85e+08 0.0628748 -62.1875 282.84 
6.86e+08 0.0279638 -22.6514 283.263 
6.87e+08 0.0436049 -38.4685 283.686 
6.88e+08 0.0476705 -42.3881 284.11 
6.89e+08 0.0374714 -44.0551 284.534 
6.9e+08 0.0472283 -49.6734 284.958 
6.91e+08 0.0214018 -130.774 285.382 
6.92e+08 0.0792986 -54.4473 285.806 
6.93e+08 0.0527636 -27.6553 286.229 
6.94e+08 0.0330294 -47.8809 286.652 
6.95e+08 0.0565803 -69.5489 287.075 
6.96e+08 0.0815242 -39.1824 287.498 
6.97e+08 0.0301647 -26.7008 287.922 
6.98e+08 0.0468808 -33.012 288.344 
6.99e+08 0.0427873 -33.9699 288.767 
7e+08 0.0657811 -47.8197 289.19 
7.01e+08 0.0210892 -8.11014 289.613 
7.02e+08 0.0493109 -40.363 290.036 
7.03e+08 0.0408588 -3.22928 290.458 
7.04e+08 0.0482484 -40.6135 290.881 
7.05e+08 0.0163165 -133.938 291.304 
7.06e+08 0.0231549 -35.2435 291.727 
7.07e+08 0.00633367 -29.7797 292.149 
7.08e+08 0.0252281 -55.039 292.573 
7.09e+08 0.0397931 -73.746 292.996 
7.1e+08 0.0737383 -72.8468 293.419 
7.11e+08 0.0118565 -38.0821 293.842 
7.12e+08 0.0605858 -33.6135 294.264 
7.13e+08 0.0703148 -25.8409 294.687 
7.14e+08 0.0637896 -44.2297 295.11 
7.15e+08 0.0492028 -60.9046 295.533 
7.16e+08 0.0420837 -56.6232 295.955 
7.17e+08 0.0449938 -53.1001 296.378 
7.18e+08 0.0652193 -95.0273 296.802 
7.19e+08 0.0308258 -65.2982 297.227 
7.2e+08 0.0472967 -26.7056 297.651 
7.21e+08 0.0440596 -11.3065 298.074 
7.22e+08 0.0239025 -48.9862 298.497 
7.23e+08 0.0169873 -28.4473 298.92 
7.24e+08 0.0373852 -12.4072 299.343 
7.25e+08 0.0393157 -70.8643 299.767 
7.26e+08 0.0531378 -29.138 300.191 
7.27e+08 0.0442171 -58.6416 300.614 
7.28e+08 0.0384972 -42.3233 301.037 
7.29e+08 0.0712322 -49.9692 301.46 
7.3e+08 0.0506134 -54.2982 301.884 
7.31e+08 0.0543695 -16.2322 302.307 
7.32e+08 0.0727924 -86.1657 302.73 
7.33e+08 0.0191979 -39.9773 303.154 
7.34e+08 0.0228861 -28.1076 303.565 
7.35e+08 0.0370925 -44.1781 303.988 
7.36e+08 0.0300656 -72.1366 304.411 
7.37e+08 0.0657691 -36.0507 304.832 
7.38e+08 0.0679997 -56.2443 305.223 
7.39e+08 0.0192834 -24.9885 305.613 
7.4e+08 0.0551875 -51.6353 306.003 
7.41e+08 0.052299 -42.6835 306.393 
7.42e+08 0.0338988 -52.9356 306.785 
7.43e+08 0.0261702 -25.7691 307.175 
7.44e+08 0.0205214 -56.4536 307.567 
7.45e+08 0.0755342 -64.4307 307.957 
7.46e+08 0.0294463 -37.5762 308.349 
7.47e+08 0.0969374 -45.0749 308.74 
7.48e+08 0.0402427 -31.8558 309.131 
7.49e+08 0.0294832 -40.0193 309.522 
7.5e+08 0.0320354 -38.7785 309.914 
7.51e+08 0.0580386 -101.941 310.306 
7.52e+08 0.0490725 -43.2526 310.7 
7.53e+08 0.0222358 -68.5712 311.091 
7.54e+08 0.0805963 -58.9864 311.482 
7.55e+08 0.0497017 -86.0141 311.873 
7.56e+08 0.0440446 -40.8899 312.263 
7.57e+08 0.0709367 -43.9364 312.655 
7.58e+08 0.0310303 -77.2672 313.045 
7.59e+08 0.0640798 -87.5358 313.437 
7.6e+08 0.0309028 -33.5783 313.829 
7.61e+08 0.0711992 -70.083 314.221 
7.62e+08 0.0515023 -46.3988 314.612 
7.63e+08 0.0495583 -27.6229 315.003 
7.64e+08 0.0466604 -44.1293 315.413 
7.65e+08 0.0247772 -35.8343 315.836 
7.66e+08 0.0595189 -59.8044 316.259 
7.67e+08 0.0768078 -41.5845 316.682 
7.68e+08 0.0158711 -78.5719 317.106 
7.69e+08 0.0501389 -65.2866 317.529 
7.7e+08 0.0311577 -59.0169 317.952 
7.71e+08 0.0298189 -26.696 318.376 
7.72e+08 0.0451993 -10.467 318.799 
7.73e+08 0.0881169 -70.7134 319.222 
7.74e+08 0.0298319 -64.0883 319.645 
7.75e+08 0.0186761 -30.0702 320.069 
7.76e+08 0.0464433 -76.1414 320.493 
7.77e+08 0.0554978 -47.0907 320.916 
7.78e+08 0.0502578 16.6715 321.339 
7.79e+08 0.0323695 -57.9043 321.763 
7.8e+08 0.0648757 -54.3785 322.186 
7.81e+08 0.0122961 -40.1173 322.61 
7.82e+08 0.0382111 -39.0439 323.033 
7.83e+08 0.0564335 -54.3567 323.457 
7.84e+08 0.0358569 -78.7944 323.88 
7.85e+08 0.0220409 -32.86 324.303 
7.86e+08 0.0303767 -76.4084 324.727 
7.87e+08 0.0196771 -26.3998 325.15 
7.88e+08 0.0297615 -58.8128 325.573 
7.89e+08 0.0336052 -64.8491 325.996 
7.9e+08 0.0228503 -57.0126 326.42 
7.91e+08 0.0321231 -73.7643 326.843 
7.92e+08 0.0250205 -68.9063 327.267 
7.93e+08 0.0576781 -49.3422 327.691 
7.94e+08 0.057591 -50.4149 328.114 
7.95e+08 0.034826 -67.5641 328.538 
7.96e+08 0.0175393 -55.1159 328.961 
7.97e+08 0.0423096 -21.4229 329.385 
7.98e+08 0.0350566 -22.6583 329.809 
7.99e+08 0.0367665 -66.2276 330.232 
8e+08 0.0232132 -86.2894 330.655 
8.01e+08 0.0442584 -76.6823 331.078 
8.02e+08 0.0352089 -77.3556 331.502 
8.03e+08 0.0360486 -45.9936 331.924 
8.04e+08 0.0376157 -40.5784 332.347 
8.05e+08 0.0214011 -63.9898 332.77 
8.06e+08 0.0399596 -34.6198 333.193 
8.07e+08 0.0582647 -39.3827 333.616 
8.08e+08 0.0520928 -28.7627 334.039 
8.09e+08 0.0329997 -27.3563 334.462 
8.1e+08 0.0218421 -73.5885 334.885 
8.11e+08 0.0644766 -45.8686 335.307 
8.12e+08 0.0673468 -38.3935 335.731 
8.13e+08 0.0426787 -50.094 336.154 
8.14e+08 0.0251 -23.4788 336.577 
8.15e+08 0.0279437 -44.1377 336.999 
8.16e+08 0.0363808 -50.6024 337.421 
8.17e+08 0.0294282 -54.8163 337.839 
8.18e+08 0.0603607 -60.4854 338.262 
8.19e+08 0.0235448 -33.6666 338.685 
8.2e+08 0.0697308 -54.9202 339.091 
8.21e+08 0.0517704 -43.2055 339.481 
8.22e+08 0.0596227 -39.77 339.872 
8.23e+08 0.0114833 -67.0513 340.262 
8.24e+08 0.0321095 7.10672 340.652 
8.25e+08 0.0410894 -42.1837 341.042 
8.26e+08 0.0386274 -23.5769 341.433 
8.27e+08 0.0895278 -44.2625 341.823 
8.28e+08 0.0461939 -28.5311 342.213 
8.29e+08 0.0357087 -77.201 342.603 
8.3e+08 0.0646028 -58.3667 342.993 
8.31e+08 0.0362327 -55.4671 343.39 
8.32e+08 0.0206071 -46.2173 343.78 
8.33e+08 0.0388007 -42.0575 344.184 
8.34e+08 0.0317271 -60.2676 344.575 
8.35e+08 0.0302922 -28.9332 344.965 
8.36e+08 0.0345313 -7.50514 345.366 
8.37e+08 0.0289499 -63.3912 345.768 
8.38e+08 0.0395053 -71.1619 346.158 
8.39e+08 0.0199977 -54.7501 346.55 
8.4e+08 0.0618895 -37.0343 346.94 
8.41e+08 0.0566744 -93.9078 347.33 
8.42e+08 0.073643 -51.3298 347.722 
8.43e+08 0.0359723 -50.416 348.115 
8.44e+08 0.0179492 0.79123 348.507 
8.45e+08 0.0379366 -50.4979 348.897 
8.46e+08 0.0344304 -72.1043 349.287 
8.47e+08 0.0229594 -46.576 349.706 
8.48e+08 0.0451313 -60.0363 350.13 
8.49e+08 0.0551968 -67.6183 350.553 
8.5e+08 0.0374049 -73.3562 350.976 
8.51e+08 0.0220974 -96.9948 351.399 
8.52e+08 0.0540086 -39.5924 351.823 
8.53e+08 0.01354 -27.6119 352.246 
8.54e+08 0.0304504 -76.657 352.669 
8.55e+08 0.0399733 -66.6505 353.092 
8.56e+08 0.0395689 -36.1443 353.515 
8.57e+08 0.0424919 -38.295 353.938 
8.58e+08 0.073066 -59.7877 354.361 
8.59e+08 0.0300295 -52.6053 354.784 
8.6e+08 0.0220431 -64.6382 355.207 
8.61e+08 0.0216439 -74.6327 355.631 
8.62e+08 0.0243819 -50.0137 356.054 
8.63e+08 0.0437952 -36.1784 356.479 
8.64e+08 0.0505657 -44.7307 356.902 
8.65e+08 0.0647049 -51.8367 357.327 
8.66e+08 0.0354967 -7.43761 357.75 
8.67e+08 0.0283058 -24.8591 358.173 
8.68e+08 0.0255932 -44.2572 358.597 
8.69e+08 0.0807656 -83.7558 359.02 
8.7e+08 0.0164414 -3.5174 359.444 
8.71e+08 0.0322209 -63.3438 359.867 
8.72e+08 0.0341819 -21.6639 360.291 
8.73e+08 0.0638681 -55.4303 360.714 
8.74e+08 0.0451505 -61.0854 361.137 
8.75e+08 0.0874325 0.762 361.561 
8.76e+08 0.0301743 -63.0765 361.984 
8.77e+08 0.030282 -23.5627 362.407 
8.78e+08 0.0720887 -65.9129 362.831 
8.79e+08 0.0272811 -25.1275 363.254 
8.8e+08 0.0353759 -68.058 363.678 
8.81e+08 0.0660889 7.12814 364.101 
8.82e+08 0.0756991 -75.1887 364.525 
8.83e+08 0.0165003 -23.638 364.948 
8.84e+08 0.0564943 -73.9026 365.371 
8.85e+08 0.0526477 -41.3637 365.795 
8.86e+08 0.0815703 -79.1436 366.218 
8.87e+08 0.0429116 -67.6256 366.641 
8.88e+08 0.0652245 -61.1552 367.064 
8.89e+08 0.0435181 -70.6195 367.487 
8.9e+08 0.024958 -48.5626 367.91 
8.91e+08 0.0518614 -6.41248 368.333 
8.92e+08 0.112957 -83.5142 368.755 
8.93e+08 0.0228136 -47.131 369.178 
8.94e+08 0.0534357 -66.3965 369.601 
8.95e+08 0.0674267 -61.3732 370.025 
8.96e+08 0.0530472 -44.1746 370.448 
8.97e+08 0.0878077 -63.8775 370.871 
8.98e+08 0.0681337 -62.2469 371.294 
8.99e+08 0.0640266 -33.939 371.717 
9e+08 0.0378191 -42.3165 372.14 
9.01e+08 0.0220197 -72.4909 372.563 
9.02e+08 0.0347409 -28.8262 372.986 
9.03e+08 0.0594402 -60.7305 373.41 
9.04e+08 0.0228694 -50.1949 373.832 
9.05e+08 0.0476302 -118.08 374.255 
9.06e+08 0.0664155 -63.8382 374.678 
9.07e+08 0.0604396 -24.5889 375.101 
9.08e+08 0.0144764 -37.8359 375.524 
9.09e+08 0.0499222 -71.7251 375.947 
9.1e+08 0.03188 -77.4827 376.37 
9.11e+08 0.0594734 -30.5703 376.783 
9.12e+08 0.0464796 -31.6224 377.206 
9.13e+08 0.0496624 -28.643 377.629 
9.14e+08 0.0433815 -73.6069 378.047 
9.15e+08 0.0475026 -3.61609 378.445 
9.16e+08 0.0711852 -60.9776 378.834 
9.17e+08 0.0957835 -28.0826 379.226 
9.18e+08 0.0171471 -16.7248 379.619 
9.19e+08 0.0384972 -59.8748 380.009 
9.2e+08 0.0472483 -47.2816 380.4 
9.21e+08 0.018524 -76.321 380.791 
9.22e+08 0.0581059 -65.1807 381.181 
9.23e+08 0.0422327 -56.5086 381.571 
9.24e+08 0.0346204 -48.2797 381.962 
9.25e+08 0.0532864 -41.2566 382.356 
9.26e+08 0.0195405 -33.6104 382.746 
9.27e+08 0.0183897 -25.5346 383.137 
9.28e+08 0.0197566 -35.7248 383.528 
9.29e+08 0.0267886 -33.5387 383.918 
9.3e+08 0.0895084 -102.133 384.308 
9.31e+08 0.0615723 -33.9531 384.699 
9.32e+08 0.0432642 -69.7285 385.089 
9.33e+08 0.0254778 -104.675 385.48 
9.34e+08 0.0624051 -18.9322 385.87 
9.35e+08 0.068605 -32.6924 386.26 
9.36e+08 0.0163129 -62.8003 386.65 
9.37e+08 0.0842258 -51.6952 387.04 
9.38e+08 0.0629026 -52.2424 387.43 
9.39e+08 0.0573858 -56.4322 387.82 
9.4e+08 0.0425372 -23.5457 388.243 
9.41e+08 0.0349072 -67.1222 388.666 
9.42e+08 0.0305861 -67.7602 389.089 
9.43e+08 0.0580882 -84.1721 389.512 
9.44e+08 0.0499836 -73.3314 389.935 
9.45e+08 0.0242041 -23.1698 390.358 
9.46e+08 0.0242662 -52.3253 390.781 
9.47e+08 0.0127255 -65.0115 391.204 
9.48e+08 0.044584 -43.0462 391.627 
9.49e+08 0.0240879 -32.8961 392.051 
9.5e+08 0.0518734 -24.1215 392.474 
9.51e+08 0.0425028 -45.0425 392.897 
9.52e+08 0.0236453 -56.1931 393.32 
9.53e+08 0.0496871 -50.9474 393.744 
9.54e+08 0.0511061 -56.7469 394.166 
9.55e+08 0.0534905 -39.4519 394.59 
9.56e+08 0.0352002 -15.826 395.013 
9.57e+08 0.0370025 -20.1693 395.436 
9.58e+08 0.0488352 -77.6452 395.859 
9.59e+08 0.0661026 -78.1862 396.283 
9.6e+08 0.0314849 -40.8352 396.706 
9.61e+08 0.0561899 -50.2838 397.129 
9.62e+08 0.0645402 -49.6181 397.552 
9.63e+08 0.0632494 -72.74 397.975 
9.64e+08 0.0551098 -60.7243 398.399 
9.65e+08 0.0486454 -55.0975 398.822 
9.66e+08 0.0730505 -73.7078 399.246 
9.67e+08 0.0782264 -53.4582 399.669 
9.68e+08 0.0561194 -13.651 400.092 
9.69e+08 0.0299178 -91.2648 400.516 
9.7e+08 0.0427782 -31.4502 400.939 
9.71e+08 0.0594394 -5.20057 401.363 
9.72e+08 0.0502641 -66.4873 401.786 
9.73e+08 0.0375488 -41.3326 402.209 
9.74e+08 0.066521 -61.0099 402.632 
9.75e+08 0.0481471 -26.3854 403.053 
9.76e+08 0.0420746 -72.1238 403.476 
9.77e+08 0.0260776 -45.7626 403.9 
9.78e+08 0.0520433 -28.8488 404.322 
9.79e+08 0.0511836 -36.0177 404.746 
9.8e+08 0.0407432 -63.3773 405.169 
9.81e+08 0.033304 -53.8378 405.592 
9.82e+08 0.0241375 -60.0128 406.016 
9.83e+08 0.0824549 -44.2264 406.439 
9.84e+08 0.0435346 -42.2467 406.862 
9.85e+08 0.0557019 -53.7449 407.286 
9.86e+08 0.0342577 -85.6689 407.709 
9.87e+08 0.0764863 -74.3844 408.132 
9.88e+08 0.0194465 -50.8637 408.555 
9.89e+08 0.0278306 -49.9035 408.979 
9.9e+08 0.0653453 -57.4834 409.402 
9.91e+08 0.0272797 -14.7816 409.825 
9.92e+08 0.0148983 -72.4353 410.248 
9.93e+08 0.0476034 -36.7643 410.665 
9.94e+08 0.0606342 -29.7628 411.086 
9.95e+08 0.0616897 -22.7969 411.509 
9.96e+08 0.0179597 -56.5663 411.932 
9.97e+08 0.0334247 -46.1273 412.328 
9.98e+08 0.047571 -42.8793 412.72 
9.99e+08 0.0926547 -72.2289 413.109 
1e+09 0.0497166 -55.2773 413.499 
