0 0.037652 2.65035 0 
1e+06 0.0936399 -49.5936 0.414988 
2e+06 0.0319404 -28.1957 0.829778 
3e+06 0.0426998 -25.2803 1.24655 
4e+06 0.0496664 -81.5078 1.66377 
5e+06 0.079101 -51.4529 2.08208 
6e+06 0.0677389 -83.7764 2.492 
7e+06 0.0443569 -44.795 2.90354 
8e+06 0.0493153 -46.1298 3.31001 
9e+06 0.0217959 -49.578 3.71094 
1e+07 0.07424 -40.0283 4.1207 
1.1e+07 0.074513 -77.7393 4.52477 
1.2e+07 0.0188524 -63.1399 4.92397 
1.3e+07 0.0496166 -65.9429 5.32303 
1.4e+07 0.0980475 -33.9908 5.72434 
1.5e+07 0.0366935 -21.3281 6.14333 
1.6e+07 0.0625996 -73.8799 6.54293 
1.7e+07 0.0298833 0.323408 6.94236 
1.8e+07 0.0508114 -30.4984 7.34581 
1.9e+07 0.036377 -59.8901 7.74473 
2e+07 0.0430752 -20.153 8.14486 
2.1e+07 0.0330924 -74.4331 8.54872 
2.2e+07 0.0478217 -89.8828 8.95034 
2.3e+07 0.0269336 -64.8212 9.35586 
2.4e+07 0.043038 -26.7411 9.75282 
2.5e+07 0.033588 -20.1966 10.157 
2.6e+07 0.012381 -66.3695 10.5638 
2.7e+07 0.0639573 -68.5101 10.9641 
2.8e+07 0.0242739 -80.6535 11.3672 
2.9e+07 0.0506046 -55.7476 11.7691 
3e+07 0.0455006 -56.3563 12.1704 
3.1e+07 0.02483 -53.0938 12.5667 
3.2e+07 0.04494 -66.7627 12.9716 
3.3e+07 0.0529684 -92.4324 13.3738 
3.4e+07 0.0555406 -70.3125 13.7718 
3.5e+07 0.0348781 -27.2316 14.1764 
3.6e+07 0.0177166 -38.9191 14.5795 
3.7e+07 0.0375067 -58.9522 14.9761 
3.8e+07 0.040178 -15.915 15.3789 
3.9e+07 0.066446 -70.821 15.7751 
4e+07 0.0665748 -37.6914 16.1771 
4.1e+07 0.0212799 -69.313 16.5843 
4.2e+07 0.0782234 -40.9755 16.9941 
4.3e+07 0.059754 -66.8892 17.4095 
4.4e+07 0.0342481 -76.4992 17.8211 
4.5e+07 0.0179589 -71.2498 18.234 
4.6e+07 0.0151533 -25.164 18.6427 
4.7e+07 0.080115 -17.5179 19.0546 
4.8e+07 0.0382721 -52.1454 19.4607 
4.9e+07 0.0611048 -91.1837 19.8586 
5e+07 0.0460525 -37.7543 20.2542 
5.1e+07 0.0703338 -46.3684 20.656 
5.2e+07 0.0432709 -49.74 21.0661 
5.3e+07 0.0118509 -38.1271 21.4674 
5.4e+07 0.0171605 -88.2523 21.8689 
5.5e+07 0.0961357 -55.4729 22.2744 
5.6e+07 0.057345 -29.2467 22.6819 
5.7e+07 0.0350848 -56.7003 23.0868 
5.8e+07 0.0253996 -36.7149 23.488 
5.9e+07 0.0115812 -63.6927 23.8919 
6e+07 0.0540785 -66.549 24.2958 
6.1e+07 0.0308072 -59.0483 24.6974 
6.2e+07 0.0350193 -63.4441 25.103 
6.3e+07 0.034506 0.87839 25.5049 
6.4e+07 0.0697439 -78.4576 25.9067 
6.5e+07 0.0370455 -43.2834 26.3108 
6.6e+07 0.0568548 -42.4686 26.7188 
6.7e+07 0.0435472 -62.4789 27.1292 
6.8e+07 0.053569 -75.055 27.5355 
6.9e+07 0.0563135 -41.6982 27.9453 
7e+07 0.0442537 -31.2784 28.3572 
7.1e+07 0.0678703 -31.2013 28.7689 
7.2e+07 0.0668124 -62.7619 29.1801 
7.3e+07 0.00964671 -17.2599 29.5858 
7.4e+07 0.0566877 -73.4088 29.9925 
7.5e+07 0.0437022 -21.5377 30.399 
7.6e+07 0.0274421 -60.4453 30.8002 
7.7e+07 0.053568 -41.8108 31.2024 
7.8e+07 0.0249362 -55.2005 31.6044 
7.9e+07 0.0445168 -35.5054 32.0024 
8e+07 0.0422279 -26.8359 32.4046 
8.1e+07 0.0708191 -83.1477 32.8042 
8.2e+07 0.027163 -20.805 33.2045 
8.3e+07 0.0312256 -60.1642 33.6066 
8.4e+07 0.0694012 -97.3202 34.0042 
8.5e+07 0.0614526 -46.2487 34.4116 
8.6e+07 0.0328585 -22.0778 34.8106 
8.7e+07 0.0369426 -63.0115 35.2045 
8.8e+07 0.035756 -73.2135 35.6017 
8.9e+07 0.047726 -62.2549 35.997 
9e+07 0.0231333 -82.4454 36.3921 
9.1e+07 0.0438709 -29.2523 36.7849 
9.2e+07 0.0618474 -92.3358 37.1797 
9.3e+07 0.0607448 -48.2456 37.572 
9.4e+07 0.0679692 -20.3458 37.9647 
9.5e+07 0.0730995 -84.8721 38.3631 
9.6e+07 0.0374951 -40.9507 38.7596 
9.7e+07 0.0205034 -106.87 39.1578 
9.8e+07 0.0346195 -44.0792 39.5552 
9.9e+07 0.0357057 -32.0894 39.952 
1e+08 0.0644956 -46.4403 40.3512 
1.01e+08 0.0275335 -69.9985 40.7536 
1.02e+08 0.0444078 -50.865 41.1503 
1.03e+08 0.0429762 -47.3483 41.5477 
1.04e+08 0.0465925 -44.5372 41.9447 
1.05e+08 0.0205468 -76.5842 42.3453 
1.06e+08 0.0530474 -69.9024 42.7495 
1.07e+08 0.0527675 -53.5374 43.1486 
1.08e+08 0.0495075 -30.2067 43.548 
1.09e+08 0.0833872 -94.5806 43.9494 
1.1e+08 0.0277338 11.6141 44.3551 
1.11e+08 0.0327805 3.44913 44.7615 
1.12e+08 0.00784983 -37.9171 45.1622 
1.13e+08 0.0338398 -70.4385 45.5661 
1.14e+08 0.0257258 -42.5166 45.9676 
1.15e+08 0.0342887 -47.2311 46.3708 
1.16e+08 0.0102599 -55.0895 46.7658 
1.17e+08 0.0302422 -65.2534 47.1625 
1.18e+08 0.0325674 -56.0172 47.5579 
1.19e+08 0.0308558 -54.9106 47.9547 
1.2e+08 0.0331445 -72.8814 48.3605 
1.21e+08 0.0427186 -36.1643 48.7677 
1.22e+08 0.0547722 -49.7783 49.1749 
1.23e+08 0.0116219 -32.4519 49.5813 
1.24e+08 0.0650659 -59.8866 49.9854 
1.25e+08 0.0667283 -110.485 50.3935 
1.26e+08 0.0176206 -54.4547 50.7949 
1.27e+08 0.0835028 -90.608 51.1958 
1.28e+08 0.0562086 -42.041 51.5983 
1.29e+08 0.0412615 -52.4627 52.0004 
1.3e+08 0.0792298 -36.3883 52.4037 
1.31e+08 0.0245276 -26.0335 52.8126 
1.32e+08 0.0223096 -43.2703 53.217 
1.33e+08 0.0401679 -40.2591 53.6271 
1.34e+08 0.00927836 -50.614 54.0279 
1.35e+08 0.0656933 -14.9819 54.4348 
1.36e+08 0.0694482 -44.956 54.8419 
1.37e+08 0.0401568 -44.8906 55.2479 
1.38e+08 0.0122811 -40.0812 55.6485 
1.39e+08 0.0289542 -16.1761 56.0459 
1.4e+08 0.0185478 -47.056 56.4517 
1.41e+08 0.019882 -60.6817 56.8677 
1.42e+08 0.045112 -48.1675 57.2729 
1.43e+08 0.0303334 -71.8765 57.6774 
1.44e+08 0.0695988 -19.3103 58.0856 
1.45e+08 0.0426436 -33.4552 58.4864 
1.46e+08 0.0318277 -22.6391 58.8866 
1.47e+08 0.00886959 -59.416 59.2933 
1.48e+08 0.0426263 -32.6253 59.6976 
1.49e+08 0.0526803 -76.8315 60.0998 
1.5e+08 0.0755221 -58.4645 60.5026 
1.51e+08 0.0373288 -43.3036 60.9 
1.52e+08 0.0353169 -61.9877 61.3013 
1.53e+08 0.0282929 -52.9162 61.7001 
1.54e+08 0.0212519 -48.1837 62.1026 
1.55e+08 0.0606677 -51.4708 62.5058 
1.56e+08 0.0268185 -14.7414 62.9148 
1.57e+08 0.0257542 -42.3633 63.3267 
1.58e+08 0.0409316 -70.9585 63.7324 
1.59e+08 0.0354608 -16.6316 64.1385 
1.6e+08 0.100763 -85.4886 64.5469 
1.61e+08 0.0692701 -70.8126 64.953 
1.62e+08 0.0511782 -57.8229 65.3565 
1.63e+08 0.0597117 -46.2345 65.7676 
1.64e+08 0.0796464 -68.0307 66.1748 
1.65e+08 0.0261282 -41.8758 66.5742 
1.66e+08 0.0799357 -60.7889 66.9778 
1.67e+08 0.0544447 -31.5829 67.3797 
1.68e+08 0.0488339 -69.7601 67.7823 
1.69e+08 0.040695 -47.3687 68.1851 
1.7e+08 0.0228716 -30.8203 68.5892 
1.71e+08 0.0513205 -22.275 68.9958 
1.72e+08 0.0304445 6.9139 69.3978 
1.73e+08 0.0828794 -92.7395 69.7929 
1.74e+08 0.0744856 -50.7312 70.1939 
1.75e+08 0.0227595 -11.9459 70.5909 
1.76e+08 0.0611115 -60.5821 70.987 
1.77e+08 0.0285009 -48.3328 71.3894 
1.78e+08 0.0842548 -24.6663 71.793 
1.79e+08 0.0179254 -43.6887 72.1991 
1.8e+08 0.030565 -72.7093 72.6067 
1.81e+08 0.0465284 -20.1614 73.0079 
1.82e+08 0.0189358 -51.2084 73.41 
1.83e+08 0.0499491 -53.4326 73.8137 
1.84e+08 0.0500011 -87.661 74.2195 
1.85e+08 0.0676284 -67.546 74.6192 
1.86e+08 0.045394 -70.1506 75.0155 
1.87e+08 0.0240861 -11.7219 75.4122 
1.88e+08 0.0490751 -63.4824 75.8082 
1.89e+08 0.0598104 -26.5645 76.2123 
1.9e+08 0.022891 -38.9699 76.6277 
1.91e+08 0.0350908 -27.9794 77.0337 
1.92e+08 0.0414973 -36.8131 77.4468 
1.93e+08 0.0264145 -76.1273 77.8586 
1.94e+08 0.0523019 -64.7319 78.2699 
1.95e+08 0.0721455 -67.9054 78.6815 
1.96e+08 0.0284484 -20.6781 79.0925 
1.97e+08 0.0537097 -41.863 79.5025 
1.98e+08 0.103879 -111.918 79.9026 
1.99e+08 0.0601606 -33.3633 80.3099 
2e+08 0.0921297 -39.2227 80.7211 
2.01e+08 0.0748158 -37.106 81.1276 
2.02e+08 0.0510322 -59.0396 81.5256 
2.03e+08 0.0659909 -48.7108 81.9289 
2.04e+08 0.0232135 -38.801 82.3382 
2.05e+08 0.0140944 -37.9902 82.7419 
2.06e+08 0.107277 -28.5715 83.1513 
2.07e+08 0.0375655 -41.9007 83.5585 
2.08e+08 0.0817727 -49.6009 83.9643 
2.09e+08 0.0286103 -53.1406 84.3778 
2.1e+08 0.0500223 -52.267 84.7812 
2.11e+08 0.0359899 -28.455 85.1859 
2.12e+08 0.0540466 -74.4029 85.5881 
2.13e+08 0.0138469 -60.1289 85.986 
2.14e+08 0.0697627 -58.494 86.398 
2.15e+08 0.0292765 -88.7798 86.8056 
2.16e+08 0.0342775 -83.8109 87.2143 
2.17e+08 0.053742 -44.9551 87.622 
2.18e+08 0.0808161 -43.0769 88.0204 
2.19e+08 0.0675926 -98.6257 88.4235 
2.2e+08 0.0489285 -41.4044 88.8329 
2.21e+08 0.0433852 -62.7204 89.2319 
2.22e+08 0.0430934 -67.6117 89.6312 
2.23e+08 0.0474934 -41.8686 90.0353 
2.24e+08 0.0190667 -47.1078 90.4398 
2.25e+08 0.018431 -55.708 90.8428 
2.26e+08 0.0309582 -45.4709 91.2441 
2.27e+08 0.0142782 -56.1512 91.6448 
2.28e+08 0.0817726 -88.9751 92.043 
2.29e+08 0.0234919 -36.1821 92.4503 
2.3e+08 0.00485996 -27.5903 92.8532 
2.31e+08 0.0578823 -55.2117 93.2535 
2.32e+08 0.0461393 -18.7365 93.6502 
2.33e+08 0.0528479 -71.9037 94.0464 
2.34e+08 0.0368982 -66.4129 94.4457 
2.35e+08 0.0406233 -50.6196 94.8445 
2.36e+08 0.0537261 -56.597 95.2424 
2.37e+08 0.0534143 -4.48336 95.6431 
2.38e+08 0.0312972 -64.7375 96.048 
2.39e+08 0.0221011 -34.4781 96.4613 
2.4e+08 0.0640748 -71.2613 96.86 
2.41e+08 0.0491644 -62.8706 97.2643 
2.42e+08 0.0449019 -48.0279 97.6684 
2.43e+08 0.0369471 -22.3432 98.0738 
2.44e+08 0.0564833 -27.5322 98.4762 
2.45e+08 0.0496802 -68.3469 98.8801 
2.46e+08 0.0441224 -31.1127 99.2803 
2.47e+08 0.0240396 -62.7541 99.691 
2.48e+08 0.0670439 -66.5144 100.093 
2.49e+08 0.0310839 -81.0594 100.5 
2.5e+08 0.0266551 -76.1917 100.905 
2.51e+08 0.0412295 -71.5992 101.309 
2.52e+08 0.0462485 -60.7434 101.713 
2.53e+08 0.00575156 -65.7462 102.127 
2.54e+08 0.0328257 -66.4057 102.533 
2.55e+08 0.0625834 -9.80603 102.937 
2.56e+08 0.0509493 -63.1803 103.339 
2.57e+08 0.0581082 -32.195 103.742 
2.58e+08 0.0541079 -57.2973 104.145 
2.59e+08 0.0256509 -80.1876 104.554 
2.6e+08 0.0323946 -81.91 104.958 
2.61e+08 0.0412968 -87.8662 105.369 
2.62e+08 0.0322877 -61.4813 105.776 
2.63e+08 0.0350022 -83.2324 106.183 
2.64e+08 0.0578382 -35.9875 106.584 
2.65e+08 0.0277863 -27.5487 106.987 
2.66e+08 0.0331787 -33.8518 107.391 
2.67e+08 0.0389898 -5.908 107.795 
2.68e+08 0.042396 -39.568 108.2 
2.69e+08 0.0499488 -32.0514 108.604 
2.7e+08 0.0684365 -64.0897 109 
2.71e+08 0.0388434 -86.1879 109.405 
2.72e+08 0.0470468 -83.3834 109.81 
2.73e+08 0.0162248 -71.5374 110.213 
2.74e+08 0.0563659 -26.8485 110.609 
2.75e+08 0.025426 -41.5044 111.014 
2.76e+08 0.0356753 -69.0657 111.43 
2.77e+08 0.0786083 -56.9064 111.843 
2.78e+08 0.022199 -58.7824 112.252 
2.79e+08 0.0335136 -42.3454 112.672 
2.8e+08 0.0198293 -52.805 113.096 
2.81e+08 0.0516806 -36.038 113.52 
2.82e+08 0.07399 -14.9583 113.944 
2.83e+08 0.0170254 -28.6862 114.359 
2.84e+08 0.0289308 0.503569 114.772 
2.85e+08 0.0185983 -23.9291 115.184 
2.86e+08 0.0586209 -22.6013 115.597 
2.87e+08 0.022681 -77.668 116.003 
2.88e+08 0.0413041 -85.6716 116.417 
2.89e+08 0.0704067 -97.8166 116.825 
2.9e+08 0.0338493 -53.895 117.231 
2.91e+08 0.0433135 -58.3333 117.64 
2.92e+08 0.0591924 -45.9538 118.044 
2.93e+08 0.037025 -65.0399 118.452 
2.94e+08 0.0829984 -34.2935 118.859 
2.95e+08 0.0227247 -85.8197 119.265 
2.96e+08 0.0256524 -65.1909 119.673 
2.97e+08 0.0505944 -47.2613 120.082 
2.98e+08 0.0201361 -30.459 120.493 
2.99e+08 0.0778699 -21.389 120.901 
3e+08 0.0100314 -71.0923 121.311 
3.01e+08 0.0514167 -45.2549 121.715 
3.02e+08 0.077777 -32.678 122.123 
3.03e+08 0.0376085 -68.9502 122.532 
3.04e+08 0.0310055 -74.1857 122.937 
3.05e+08 0.0253371 -93.0459 123.342 
3.06e+08 0.0667077 -51.6645 123.745 
3.07e+08 0.0388415 -59.846 124.153 
3.08e+08 0.0533699 -69.897 124.56 
3.09e+08 0.0426282 -55.8613 124.966 
3.1e+08 0.0502265 -75.2918 125.376 
3.11e+08 0.0332814 -25.6859 125.789 
3.12e+08 0.0564087 -60.515 126.199 
3.13e+08 0.0829545 -90.5093 126.606 
3.14e+08 0.0714955 6.32554 127.014 
3.15e+08 0.0638944 -40.302 127.421 
3.16e+08 0.0250403 -54.1338 127.824 
3.17e+08 0.0417186 -51.741 128.233 
3.18e+08 0.0536246 -47.1584 128.652 
3.19e+08 0.0498394 -47.4435 129.066 
3.2e+08 0.0515305 -25.3786 129.48 
3.21e+08 0.0596572 -53.4341 129.885 
3.22e+08 0.0229284 -29.3516 130.287 
3.23e+08 0.0784222 -43.654 130.681 
3.24e+08 0.0593694 -57.7092 131.075 
3.25e+08 0.0536808 -67.1079 131.473 
3.26e+08 0.0450686 -67.8375 131.872 
3.27e+08 0.0554956 -30.398 132.276 
3.28e+08 0.0200435 -41.7077 132.676 
3.29e+08 0.0642656 -37.0048 133.073 
3.3e+08 0.0667317 -16.6098 133.472 
3.31e+08 0.0365325 -54.1046 133.872 
3.32e+08 0.0782024 -96.3853 134.274 
3.33e+08 0.0575068 -10.8437 134.671 
3.34e+08 0.0358383 -34.3738 135.07 
3.35e+08 0.0420772 -67.3757 135.466 
3.36e+08 0.0364902 -58.6113 135.863 
3.37e+08 0.0766108 -94.9738 136.269 
3.38e+08 0.0896906 -77.388 136.683 
3.39e+08 0.070072 -38.7728 137.077 
3.4e+08 0.0560274 -71.2828 137.478 
3.41e+08 0.0598386 -86.1684 137.875 
3.42e+08 0.0161963 -28.4937 138.276 
3.43e+08 0.0389372 -54.7771 138.68 
3.44e+08 0.0353745 -36.6091 139.079 
3.45e+08 0.0577896 -5.29539 139.482 
3.46e+08 0.0198033 -50.022 139.888 
3.47e+08 0.0294761 -31.9574 140.296 
3.48e+08 0.0642775 -8.36941 140.703 
3.49e+08 0.0807039 -47.3079 141.112 
3.5e+08 0.0243472 -60.8954 141.516 
3.51e+08 0.040781 -52.5457 141.927 
3.52e+08 0.0396715 -49.5754 142.339 
3.53e+08 0.0188411 -73.1252 142.757 
3.54e+08 0.0386364 -39.5368 143.165 
3.55e+08 0.0855139 -75.9585 143.57 
3.56e+08 0.0523051 -60.3237 143.979 
3.57e+08 0.0440655 -49.3659 144.388 
3.58e+08 0.0681502 -91.8516 144.793 
3.59e+08 0.0478905 -24.1873 145.206 
3.6e+08 0.028862 -41.938 145.621 
3.61e+08 0.0465079 -44.7831 146.031 
3.62e+08 0.061046 -48.8492 146.443 
3.63e+08 0.0759409 -1.50024 146.85 
3.64e+08 0.00797061 -67.2881 147.258 
3.65e+08 0.0688778 -76.8928 147.666 
3.66e+08 0.0314548 -22.5322 148.076 
3.67e+08 0.075664 -52.3247 148.489 
3.68e+08 0.0330192 -79.3352 148.897 
3.69e+08 0.0414165 -60.6349 149.304 
3.7e+08 0.0307197 -61.0174 149.716 
3.71e+08 0.0200053 -66.3163 150.133 
3.72e+08 0.0383813 -38.9528 150.548 
3.73e+08 0.0537138 -26.5 150.959 
3.74e+08 0.0493574 -34.0666 151.369 
3.75e+08 0.0449071 -39.8172 151.788 
3.76e+08 0.0217893 -59.2157 152.199 
3.77e+08 0.0250798 -34.3935 152.605 
3.78e+08 0.0278562 -43.2835 153.011 
3.79e+08 0.0194095 -53.0577 153.415 
3.8e+08 0.0301045 -82.1851 153.824 
3.81e+08 0.0667811 -55.7252 154.238 
3.82e+08 0.0318565 -92.9757 154.642 
3.83e+08 0.0421545 -83.096 155.047 
3.84e+08 0.0763797 -65.0605 155.452 
3.85e+08 0.0685683 -76.5225 155.857 
3.86e+08 0.0558795 -13.7506 156.263 
3.87e+08 0.022205 -55.5517 156.679 
3.88e+08 0.0638252 19.7527 157.08 
3.89e+08 0.0453605 -61.7986 157.495 
3.9e+08 0.0423466 -40.4762 157.899 
3.91e+08 0.0706423 -67.7254 158.303 
3.92e+08 0.100373 -107.047 158.707 
3.93e+08 0.0384083 -30.9701 159.128 
3.94e+08 0.0595594 -56.3267 159.545 
3.95e+08 0.054304 -22.5759 159.965 
3.96e+08 0.0446554 -40.3203 160.382 
3.97e+08 0.0359486 -10.8435 160.793 
3.98e+08 0.0541689 -50.9067 161.205 
3.99e+08 0.043905 -94.1677 161.618 
4e+08 0.0239235 -29.9427 162.023 
4.01e+08 0.0223305 -19.7963 162.445 
4.02e+08 0.0311263 -73.4078 162.853 
4.03e+08 0.02891 -82.1244 163.264 
4.04e+08 0.0319627 -34.0014 163.686 
4.05e+08 0.0588919 -50.4974 164.096 
4.06e+08 0.0338565 -43.3373 164.5 
4.07e+08 0.0470736 -49.2047 164.906 
4.08e+08 0.0307594 -88.0455 165.316 
4.09e+08 0.0582476 -72.9655 165.717 
4.1e+08 0.0367206 -72.4944 166.126 
4.11e+08 0.0697988 -41.3165 166.527 
4.12e+08 0.0184584 -90.7216 166.927 
4.13e+08 0.0515008 -7.73964 167.327 
4.14e+08 0.0179731 -63.5681 167.725 
4.15e+08 0.0509515 -25.1763 168.126 
4.16e+08 0.0154639 -62.1093 168.53 
4.17e+08 0.0338888 -78.3721 168.926 
4.18e+08 0.0433228 -37.8906 169.335 
4.19e+08 0.0532594 -43.1706 169.74 
4.2e+08 0.0354901 -51.9284 170.144 
4.21e+08 0.0610778 -55.1239 170.544 
4.22e+08 0.0539992 -16.3144 170.955 
4.23e+08 0.0577768 -64.4339 171.361 
4.24e+08 0.030318 -36.1251 171.761 
4.25e+08 0.0575162 -45.5391 172.166 
4.26e+08 0.0622104 -79.5851 172.573 
4.27e+08 0.0216844 -59.9046 172.986 
4.28e+08 0.0360849 -32.8362 173.394 
4.29e+08 0.0598606 -46.6325 173.799 
4.3e+08 0.0742702 -74.6989 174.214 
4.31e+08 0.0596333 -95.6946 174.62 
4.32e+08 0.0127916 -46.4754 175.026 
4.33e+08 0.0385754 -18.7387 175.43 
4.34e+08 0.0505755 -38.431 175.831 
4.35e+08 0.0323101 -45.6675 176.247 
4.36e+08 0.0285603 -26.7377 176.654 
4.37e+08 0.0326855 -26.4925 177.054 
4.38e+08 0.0252205 -8.88267 177.452 
4.39e+08 0.0172353 -67.5248 177.85 
4.4e+08 0.0361695 -27.6184 178.247 
4.41e+08 0.0364347 -86.6715 178.645 
4.42e+08 0.0134241 -107.347 179.044 
4.43e+08 0.0742383 -95.0935 179.445 
4.44e+08 0.0211114 -87.6729 179.85 
4.45e+08 0.0196331 -48.0526 180.251 
4.46e+08 0.0264882 -28.8144 180.657 
4.47e+08 0.03458 -43.6613 181.058 
4.48e+08 0.0362287 -117.987 181.461 
4.49e+08 0.0385877 -48.876 181.862 
4.5e+08 0.0474792 -73.0282 182.263 
4.51e+08 0.060189 -32.5662 182.659 
4.52e+08 0.0541228 -71.8958 183.055 
4.53e+08 0.0616998 -68.7508 183.453 
4.54e+08 0.0204356 -96.3382 183.85 
4.55e+08 0.0270055 -13.459 184.25 
4.56e+08 0.0345687 -45.6812 184.654 
4.57e+08 0.0363735 -20.3354 185.049 
4.58e+08 0.0497391 -80.2763 185.459 
4.59e+08 0.0167617 -40.8578 185.871 
4.6e+08 0.0553501 -69.1899 186.295 
4.61e+08 0.0336489 -51.1874 186.719 
4.62e+08 0.0575417 -35.1207 187.143 
4.63e+08 0.0505328 -56.2995 187.565 
4.64e+08 0.0407767 -45.9417 187.985 
4.65e+08 0.0394581 -82.5014 188.402 
4.66e+08 0.0583552 -40.6795 188.798 
4.67e+08 0.0640311 -62.3658 189.201 
4.68e+08 0.0106867 -88.5411 189.619 
4.69e+08 0.0796111 -47.6708 190.038 
4.7e+08 0.0348588 -69.8065 190.459 
4.71e+08 0.0377333 -89.109 190.88 
4.72e+08 0.0149841 -41.1243 191.303 
4.73e+08 0.0506137 -53.6003 191.726 
4.74e+08 0.0387965 -74.352 192.146 
4.75e+08 0.038182 -50.1557 192.567 
4.76e+08 0.0255385 -73.374 192.988 
4.77e+08 0.0305644 4.46904 193.41 
4.78e+08 0.0499137 -63.3219 193.831 
4.79e+08 0.0336924 -109.202 194.251 
4.8e+08 0.0269317 -33.2462 194.675 
4.81e+08 0.0510153 -94.3037 195.095 
4.82e+08 0.0222483 -41.6523 195.515 
4.83e+08 0.0154732 -30.5278 195.936 
4.84e+08 0.0471711 -63.8101 196.354 
4.85e+08 0.0252457 -67.6262 196.775 
4.86e+08 0.049042 -40.4533 197.193 
4.87e+08 0.0702592 -25.4726 197.613 
4.88e+08 0.0584369 -24.1313 198.035 
4.89e+08 0.0561542 -20.864 198.454 
4.9e+08 0.0192234 -87.6575 198.878 
4.91e+08 0.0393381 -51.5688 199.301 
4.92e+08 0.0573042 -63.6306 199.725 
4.93e+08 0.040258 -38.216 200.147 
4.94e+08 0.0708644 -59.972 200.566 
4.95e+08 0.0763348 -46.8662 200.989 
4.96e+08 0.0426379 -38.9654 201.408 
4.97e+08 0.0378764 -39.5347 201.825 
4.98e+08 0.0373178 -18.4757 202.245 
4.99e+08 0.0912977 -37.728 202.664 
5e+08 0.0172512 -59.8088 203.084 
5.01e+08 0.0490331 -75.659 203.508 
5.02e+08 0.0392163 -43.7221 203.931 
5.03e+08 0.0403274 -43.4751 204.346 
5.04e+08 0.0439671 -46.5398 204.757 
5.05e+08 0.0223758 -44.6315 205.168 
5.06e+08 0.0299789 -54.6902 205.585 
5.07e+08 0.0450664 -6.86686 205.997 
5.08e+08 0.0242833 -70.7548 206.417 
5.09e+08 0.0268246 -47.8267 206.823 
5.1e+08 0.0411637 -81.8227 207.235 
5.11e+08 0.0496992 -66.4438 207.647 
5.12e+08 0.050251 -30.0999 208.065 
5.13e+08 0.0647846 -100.421 208.486 
5.14e+08 0.0590136 -32.2772 208.905 
5.15e+08 0.0483472 -48.9592 209.321 
5.16e+08 0.0246074 -12.6375 209.741 
5.17e+08 0.0740609 -65.934 210.165 
5.18e+08 0.0554534 -94.7599 210.587 
5.19e+08 0.0585284 -48.3052 211.011 
5.2e+08 0.077451 -28.2287 211.435 
5.21e+08 0.0702837 -65.8108 211.851 
5.22e+08 0.0783434 -27.7415 212.265 
5.23e+08 0.0656524 -98.9932 212.68 
5.24e+08 0.0558879 -31.6944 213.101 
5.25e+08 0.0648732 -21.21 213.525 
5.26e+08 0.0405608 -55.9436 213.945 
5.27e+08 0.0666218 -37.753 214.359 
5.28e+08 0.0420128 -71.6099 214.773 
5.29e+08 0.060603 -67.5752 215.192 
5.3e+08 0.0693423 -36.3639 215.605 
5.31e+08 0.0353583 -79.1959 216.012 
5.32e+08 0.0538947 -91.5067 216.429 
5.33e+08 0.0390392 -37.3985 216.849 
5.34e+08 0.056045 -42.0674 217.27 
5.35e+08 0.0353097 -55.6719 217.69 
5.36e+08 0.0180872 2.80313 218.11 
5.37e+08 0.0448477 -32.1726 218.526 
5.38e+08 0.0300986 -53.7625 218.944 
5.39e+08 0.0466388 -61.3051 219.358 
5.4e+08 0.0402415 -101.59 219.777 
5.41e+08 0.0724623 -48.954 220.188 
5.42e+08 0.0600432 -35.5884 220.603 
5.43e+08 0.0456288 -64.1585 221.013 
5.44e+08 0.0583251 -24.9688 221.431 
5.45e+08 0.022302 -64.2141 221.854 
5.46e+08 0.0251738 -70.1715 222.271 
5.47e+08 0.0302305 -40.3878 222.687 
5.48e+08 0.0435454 -13.5254 223.103 
5.49e+08 0.022638 -35.1563 223.521 
5.5e+08 0.0381669 -59.9206 223.939 
5.51e+08 0.0502129 -63.7302 224.361 
5.52e+08 0.0270333 -3.3734 224.785 
5.53e+08 0.0235021 -43.0092 225.209 
5.54e+08 0.0441136 -23.729 225.633 
5.55e+08 0.059999 -62.6292 226.057 
5.56e+08 0.0219051 -0.185927 226.476 
5.57e+08 0.0460177 -49.9753 226.884 
5.58e+08 0.0770378 -53.0581 227.294 
5.59e+08 0.0604017 -58.762 227.706 
5.6e+08 0.0294177 -81.1811 228.118 
5.61e+08 0.0633749 -43.2565 228.532 
5.62e+08 0.0359766 -41.2812 228.945 
5.63e+08 0.0561775 -6.26384 229.364 
5.64e+08 0.0760448 -64.7925 229.787 
5.65e+08 0.0244775 -37.164 230.211 
5.66e+08 0.07221 -39.6897 230.629 
5.67e+08 0.0357859 -32.8173 231.049 
5.68e+08 0.0686767 -90.9947 231.47 
5.69e+08 0.0567475 -29.3553 231.891 
5.7e+08 0.0671188 -74.7232 232.311 
5.71e+08 0.0424205 -72.9663 232.734 
5.72e+08 0.0494196 -38.4428 233.158 
5.73e+08 0.044715 -72.3729 233.582 
5.74e+08 0.0177978 -94.637 234.001 
5.75e+08 0.0537886 -49.5152 234.422 
5.76e+08 0.077154 -76.9224 234.838 
5.77e+08 0.052653 -40.8785 235.248 
5.78e+08 0.0424083 -48.8148 235.662 
5.79e+08 0.0360553 -25.7146 236.074 
5.8e+08 0.0351757 -31.7618 236.493 
5.81e+08 0.0107171 -70.2521 236.905 
5.82e+08 0.0325334 -59.8659 237.319 
5.83e+08 0.0452191 -61.8334 237.728 
5.84e+08 0.0503735 -46.067 238.139 
5.85e+08 0.0303934 -35.3502 238.556 
5.86e+08 0.00830042 -60.1583 238.971 
5.87e+08 0.0209036 3.15471 239.384 
5.88e+08 0.0232358 -20.5964 239.796 
5.89e+08 0.0351832 -29.7881 240.204 
5.9e+08 0.0301678 -35.617 240.623 
5.91e+08 0.0372531 -46.7217 241.043 
5.92e+08 0.0539671 -60.0968 241.466 
5.93e+08 0.0445322 -66.671 241.888 
5.94e+08 0.0309162 -71.1264 242.309 
5.95e+08 0.0580782 -50.7346 242.73 
5.96e+08 0.0448802 -72.9992 243.153 
5.97e+08 0.0617304 -62.2502 243.574 
5.98e+08 0.0411186 -26.0166 243.994 
5.99e+08 0.0373449 -63.8008 244.416 
6e+08 0.0318543 -45.8295 244.827 
6.01e+08 0.0929824 -59.4821 245.241 
6.02e+08 0.0271961 -63.7705 245.647 
6.03e+08 0.027718 -74.8806 246.062 
6.04e+08 0.0350075 -70.4789 246.478 
6.05e+08 0.0219618 -53.2877 246.89 
6.06e+08 0.0413507 -81.4181 247.306 
6.07e+08 0.050257 -65.1106 247.716 
6.08e+08 0.0607634 -71.079 248.127 
6.09e+08 0.0895412 -45.9332 248.545 
6.1e+08 0.0419301 -28.934 248.956 
6.11e+08 0.00749272 -63.2018 249.368 
6.12e+08 0.0783783 -112.478 249.778 
6.13e+08 0.047867 -59.7841 250.19 
6.14e+08 0.0660591 -46.0777 250.598 
6.15e+08 0.049789 -55.7263 251.017 
6.16e+08 0.0669748 -52.2398 251.434 
6.17e+08 0.0460426 -82.4267 251.851 
6.18e+08 0.0792782 -76.6879 252.264 
6.19e+08 0.03259 -14.6763 252.673 
6.2e+08 0.0375709 -37.4618 253.078 
6.21e+08 0.0318574 -51.7612 253.479 
6.22e+08 0.0326194 -110.943 253.878 
6.23e+08 0.0459649 -37.9396 254.283 
6.24e+08 0.054003 -106.441 254.694 
6.25e+08 0.00767731 -61.9934 255.1 
6.26e+08 0.0435683 -33.9343 255.499 
6.27e+08 0.0650767 -58.6828 255.895 
6.28e+08 0.0512778 -56.8289 256.316 
6.29e+08 0.0453517 -87.0097 256.74 
6.3e+08 0.0331208 -55.0885 257.154 
6.31e+08 0.0473982 -76.542 257.577 
6.32e+08 0.0269515 -48.1709 257.999 
6.33e+08 0.0547879 -71.1538 258.422 
6.34e+08 0.0297852 -53.2691 258.823 
6.35e+08 0.0433472 -33.5036 259.239 
6.36e+08 0.0509339 -53.025 259.662 
6.37e+08 0.0280399 -73.2996 260.084 
6.38e+08 0.0290582 -117.247 260.506 
6.39e+08 0.0586044 -76.4107 260.912 
6.4e+08 0.0554764 -30.0006 261.33 
6.41e+08 0.0417013 -45.2904 261.744 
6.42e+08 0.0635704 -31.2798 262.153 
6.43e+08 0.0640701 -45.3951 262.554 
6.44e+08 0.0574653 -54.681 262.954 
6.45e+08 0.0614078 -85.2274 263.365 
6.46e+08 0.0615945 -38.3886 263.77 
6.47e+08 0.0680553 -77.5285 264.179 
6.48e+08 0.0280973 -56.9994 264.588 
6.49e+08 0.0636941 -60.4875 265.004 
6.5e+08 0.0366882 -60.048 265.416 
6.51e+08 0.0202991 -59.7595 265.837 
6.52e+08 0.0257077 -60.1983 266.254 
6.53e+08 0.0427185 -12.2513 266.669 
6.54e+08 0.0469872 -53.6811 267.078 
6.55e+08 0.020956 -64.2507 267.48 
6.56e+08 0.0357763 -42.0259 267.885 
6.57e+08 0.0170686 -65.451 268.292 
6.58e+08 0.0229362 -67.9349 268.699 
6.59e+08 0.0739919 -43.0049 269.121 
6.6e+08 0.0199956 -37.3069 269.538 
6.61e+08 0.0727697 -54.8423 269.952 
6.62e+08 0.0457277 -37.1449 270.366 
6.63e+08 0.0324847 -63.7827 270.776 
6.64e+08 0.0244568 -47.0778 271.189 
6.65e+08 0.0276172 -46.0806 271.597 
6.66e+08 0.0293104 -61.4817 272.008 
6.67e+08 0.0106107 -57.5882 272.427 
6.68e+08 0.0433337 -36.0269 272.836 
6.69e+08 0.0352068 -107.067 273.256 
6.7e+08 0.0632576 -88.8556 273.68 
6.71e+08 0.0452953 -47.266 274.103 
6.72e+08 0.0517935 -46.0339 274.523 
6.73e+08 0.0233798 -41.4237 274.945 
6.74e+08 0.037137 -78.1053 275.353 
6.75e+08 0.0573857 -56.4553 275.761 
6.76e+08 0.0642592 -48.3332 276.172 
6.77e+08 0.0721668 -95.7399 276.583 
6.78e+08 0.0388915 -91.6798 276.99 
6.79e+08 0.0401756 -26.3205 277.399 
6.8e+08 0.0328958 -67.5829 277.804 
6.81e+08 0.0455142 -64.393 278.218 
6.82e+08 0.0467185 -49.0894 278.633 
6.83e+08 0.0340719 -41.0998 279.041 
6.84e+08 0.0534837 -57.303 279.454 
6.85e+08 0.0378065 -56.8 279.872 
6.86e+08 0.0102601 -62.2232 280.279 
6.87e+08 0.0787845 -58.3254 280.689 
6.88e+08 0.0352807 -106.448 281.096 
6.89e+08 0.0401766 -89.5407 281.503 
6.9e+08 0.0508933 -39.5137 281.9 
6.91e+08 0.0446973 -62.2569 282.311 
6.92e+08 0.033299 -16.5563 282.715 
6.93e+08 0.035203 -33.6042 283.116 
6.94e+08 0.0345731 -33.0614 283.52 
6.95e+08 0.0230981 -48.4053 283.924 
6.96e+08 0.0641466 -3.93376 284.332 
6.97e+08 0.0834623 -49.7509 284.736 
6.98e+08 0.0147594 -10.9844 285.147 
6.99e+08 0.0469037 -15.9718 285.551 
7e+08 0.041434 -27.1602 285.955 
7.01e+08 0.0305764 -71.4647 286.36 
7.02e+08 0.0522161 -100.375 286.762 
7.03e+08 0.0533993 -55.8759 287.163 
7.04e+08 0.0395832 -44.9682 287.57 
7.05e+08 0.0512565 -70.8891 287.976 
7.06e+08 0.0530566 -88.6925 288.387 
7.07e+08 0.0581463 -75.5151 288.802 
7.08e+08 0.128227 -74.4716 289.207 
7.09e+08 0.0397815 -38.0311 289.612 
7.1e+08 0.0166851 0.504277 290.025 
7.11e+08 0.033371 -65.015 290.429 
7.12e+08 0.0316818 -120.817 290.837 
7.13e+08 0.0607176 -39.3541 291.243 
7.14e+08 0.0325605 -46.7941 291.644 
7.15e+08 0.0562959 -72.6288 292.047 
7.16e+08 0.0165815 -66.548 292.45 
7.17e+08 0.0776012 -69.3067 292.854 
7.18e+08 0.0823459 -37.6796 293.25 
7.19e+08 0.0617285 -11.2854 293.649 
7.2e+08 0.0357013 -20.6257 294.052 
7.21e+08 0.0247884 -44.214 294.46 
7.22e+08 0.0578491 12.1704 294.871 
7.23e+08 0.0842434 -40.7462 295.273 
7.24e+08 0.0676237 -73.1197 295.674 
7.25e+08 0.0779453 -91.5861 296.072 
7.26e+08 0.0228116 -29.9135 296.482 
7.27e+08 0.0523701 -40.192 296.898 
7.28e+08 0.0409335 -42.0476 297.303 
7.29e+08 0.0630473 -37.712 297.711 
7.3e+08 0.0357018 -56.0226 298.121 
7.31e+08 0.0141567 -94.1687 298.529 
7.32e+08 0.0570848 -33.6885 298.936 
7.33e+08 0.0313898 -75.611 299.346 
7.34e+08 0.0870667 -49.0955 299.758 
7.35e+08 0.0319543 -46.8484 300.169 
7.36e+08 0.0357883 -5.02969 300.587 
7.37e+08 0.0452335 -70.1989 301.003 
7.38e+08 0.0343273 -35.7669 301.418 
7.39e+08 0.0581167 -27.4193 301.83 
7.4e+08 0.0417507 -36.3176 302.24 
7.41e+08 0.0371394 -54.6606 302.648 
7.42e+08 0.0650814 -96.8333 303.051 
7.43e+08 0.0795548 -24.5657 303.456 
7.44e+08 0.0352512 -34.7205 303.855 
7.45e+08 0.0483581 -41.632 304.257 
7.46e+08 0.0319238 -30.9758 304.665 
7.47e+08 0.0695295 -55.2781 305.065 
7.48e+08 0.0239198 -11.8053 305.462 
7.49e+08 0.0693842 5.79682 305.873 
7.5e+08 0.0396983 -69.3572 306.291 
7.51e+08 0.0572645 -13.7106 306.704 
7.52e+08 0.0398311 -64.7268 307.108 
7.53e+08 0.0288628 -51.9026 307.511 
7.54e+08 0.0362989 -29.3506 307.911 
7.55e+08 0.0771214 -46.5576 308.315 
7.56e+08 0.0308995 -39.1612 308.716 
7.57e+08 0.0581952 -49.9914 309.114 
7.58e+08 0.0922673 -40.4404 309.509 
7.59e+08 0.08032 -33.9837 309.907 
7.6e+08 0.0387507 -39.9748 310.313 
7.61e+08 0.0895549 -73.0439 310.717 
7.62e+08 0.0556134 -69.8383 311.118 
7.63e+08 0.0258088 -12.3716 311.513 
7.64e+08 0.072334 -61.3843 311.912 
7.65e+08 0.061519 -71.4974 312.319 
7.66e+08 0.0662799 -23.4701 312.721 
7.67e+08 0.0532934 -18.0682 313.122 
7.68e+08 0.0444642 -43.7036 313.527 
7.69e+08 0.0148439 -53.5063 313.926 
7.7e+08 0.0659214 -101.48 314.326 
7.71e+08 0.0475512 -28.6623 314.724 
7.72e+08 0.0293754 -16.6893 315.123 
7.73e+08 0.0309304 -50.9662 315.523 
7.74e+08 0.0370819 -34.965 315.923 
7.75e+08 0.0590465 -51.9406 316.33 
7.76e+08 0.0239181 -68.4362 316.732 
7.77e+08 0.0276345 -44.8016 317.13 
7.78e+08 0.0416224 -59.5584 317.532 
7.79e+08 0.0558251 -75.4716 317.934 
7.8e+08 0.0590933 -18.8378 318.339 
7.81e+08 0.0215758 -55.6263 318.738 
7.82e+08 0.0549972 -17.7843 319.138 
7.83e+08 0.0611266 -45.3194 319.54 
7.84e+08 0.0452511 -61.6533 319.942 
7.85e+08 0.0581673 -71.8085 320.343 
7.86e+08 0.0389469 -67.8625 320.753 
7.87e+08 0.0342659 -44.5071 321.174 
7.88e+08 0.0543322 -37.9608 321.594 
7.89e+08 0.0331605 -18.2791 321.992 
7.9e+08 0.0190754 -35.7362 322.394 
7.91e+08 0.0313357 -50.4112 322.792 
7.92e+08 0.0596722 -77.4369 323.193 
7.93e+08 0.060922 -41.2453 323.614 
7.94e+08 0.0455591 -56.9285 324.02 
7.95e+08 0.0637402 -129.152 324.43 
7.96e+08 0.0668275 -43.9679 324.832 
7.97e+08 0.0473394 -56.6633 325.236 
7.98e+08 0.0512129 -38.33 325.641 
7.99e+08 0.0542029 -54.8555 326.045 
8e+08 0.05219 -33.8534 326.449 
8.01e+08 0.048571 -39.6777 326.85 
8.02e+08 0.0161229 -35.4068 327.253 
8.03e+08 0.0765804 -95.475 327.654 
8.04e+08 0.035221 -38.4271 328.056 
8.05e+08 0.0218399 -49.2196 328.462 
8.06e+08 0.0473005 -28.8526 328.861 
8.07e+08 0.0273735 -37.4923 329.262 
8.08e+08 0.0484799 -47.7456 329.663 
8.09e+08 0.0747594 -59.4213 330.072 
8.1e+08 0.0528508 -108.516 330.475 
8.11e+08 0.0257735 -58.0391 330.877 
8.12e+08 0.0586054 -38.1064 331.279 
8.13e+08 0.0550354 -65.325 331.681 
8.14e+08 0.0459645 -59.7473 332.082 
8.15e+08 0.0505573 -115.724 332.487 
8.16e+08 0.029553 -55.877 332.888 
8.17e+08 0.0353675 -50.5979 333.288 
8.18e+08 0.0602784 -47.5627 333.69 
8.19e+08 0.0225366 -25.4471 334.093 
8.2e+08 0.0339991 -49.4298 334.494 
8.21e+08 0.0768248 -42.1588 334.892 
8.22e+08 0.051035 -60.356 335.29 
8.23e+08 0.0292456 -37.3696 335.687 
8.24e+08 0.0365896 -16.6931 336.087 
8.25e+08 0.0270873 -58.5901 336.492 
8.26e+08 0.0188379 -46.8118 336.888 
8.27e+08 0.0907667 -58.4591 337.287 
8.28e+08 0.0343335 -55.8941 337.686 
8.29e+08 0.0427394 -67.0888 338.087 
8.3e+08 0.0411983 -44.8167 338.487 
8.31e+08 0.0522792 -84.2741 338.885 
8.32e+08 0.0632089 -12.1099 339.282 
8.33e+08 0.034589 -67.93 339.683 
8.34e+08 0.0456824 -78.4094 340.088 
8.35e+08 0.0135447 -77.3033 340.493 
8.36e+08 0.0880884 -74.7719 340.896 
8.37e+08 0.0466973 -29.1115 341.297 
8.38e+08 0.0302007 -56.0244 341.695 
8.39e+08 0.0277208 -43.6048 342.094 
8.4e+08 0.0404985 -63.0578 342.491 
8.41e+08 0.0215324 -60.813 342.887 
8.42e+08 0.0198706 -80.9322 343.284 
8.43e+08 0.0455942 -32.4566 343.681 
8.44e+08 0.0322637 -76.0248 344.081 
8.45e+08 0.0362992 -35.5436 344.486 
8.46e+08 0.0551612 -36.1241 344.891 
8.47e+08 0.0473789 -77.42 345.294 
8.48e+08 0.0497386 -75.3959 345.695 
8.49e+08 0.0523854 -77.6216 346.098 
8.5e+08 0.0563315 -76.2935 346.517 
8.51e+08 0.0225908 -71.9518 346.938 
8.52e+08 0.0461094 -114.659 347.358 
8.53e+08 0.00702234 -57.6942 347.776 
8.54e+08 0.0140456 -37.3388 348.197 
8.55e+08 0.0438172 -54.9938 348.606 
8.56e+08 0.0499758 -20.4652 349.009 
8.57e+08 0.0476822 -76.715 349.413 
8.58e+08 0.0419384 -57.6854 349.817 
8.59e+08 0.0323804 -67.9643 350.222 
8.6e+08 0.0385601 -40.8954 350.619 
8.61e+08 0.0763786 -46.2079 351.016 
8.62e+08 0.0513947 -61.4836 351.413 
8.63e+08 0.0358924 -41.591 351.812 
8.64e+08 0.0467595 -35.5354 352.22 
8.65e+08 0.0602895 -52.5669 352.626 
8.66e+08 0.0554781 -66.0286 353.032 
8.67e+08 0.0305761 -94.5059 353.438 
8.68e+08 0.0471122 -54.2436 353.836 
8.69e+08 0.0988211 -29.9501 354.236 
8.7e+08 0.0376118 -54.9826 354.641 
8.71e+08 0.0383082 -87.3851 355.045 
8.72e+08 0.0563618 -50.6642 355.446 
8.73e+08 0.0519515 -74.3523 355.854 
8.74e+08 0.0281249 -39.9723 356.263 
8.75e+08 0.0576735 -42.4802 356.674 
8.76e+08 0.0222109 -52.6926 357.084 
8.77e+08 0.0245956 -51.0963 357.492 
8.78e+08 0.0453559 1.42064 357.899 
8.79e+08 0.0486979 -38.4851 358.304 
8.8e+08 0.0404382 -68.9336 358.711 
8.81e+08 0.0451467 -44.2154 359.117 
8.82e+08 0.0200874 -58.0674 359.52 
8.83e+08 0.0387482 -39.2994 359.922 
8.84e+08 0.0697267 -84.3732 360.322 
8.85e+08 0.0687964 -84.638 360.726 
8.86e+08 0.0543731 -63.245 361.122 
8.87e+08 0.0309425 -42.5155 361.526 
8.88e+08 0.0572229 -81.282 361.933 
8.89e+08 0.0429903 -27.3905 362.335 
8.9e+08 0.0571456 -91.8296 362.733 
8.91e+08 0.0500963 -56.4804 363.131 
8.92e+08 0.0140305 -41.869 363.526 
8.93e+08 0.0261104 -36.0971 363.925 
8.94e+08 0.0119879 -53.5614 364.323 
8.95e+08 0.0293416 -37.1101 364.722 
8.96e+08 0.0527948 -23.4869 365.12 
8.97e+08 0.0256993 -44.2271 365.516 
8.98e+08 0.0561564 -104.873 365.915 
8.99e+08 0.0334921 -63.619 366.317 
9e+08 0.0519178 -40.177 366.72 
9.01e+08 0.0631992 -87.7847 367.117 
9.02e+08 0.0586864 -23.1487 367.534 
9.03e+08 0.0621787 -63.848 367.954 
9.04e+08 0.0733534 -124.211 368.364 
9.05e+08 0.0536653 -38.9055 368.77 
9.06e+08 0.0559031 -48.9644 369.172 
9.07e+08 0.0527779 -43.5054 369.575 
9.08e+08 0.0436481 -27.3181 369.974 
9.09e+08 0.0526421 -5.52862 370.373 
9.1e+08 0.010188 -52.0636 370.771 
9.11e+08 0.024165 -41.9979 371.174 
9.12e+08 0.0245119 -49.0715 371.58 
9.13e+08 0.0427519 -104.467 371.981 
9.14e+08 0.0272089 -50.1463 372.393 
9.15e+08 0.0522464 -21.8955 372.795 
9.16e+08 0.0305886 -50.7412 373.195 
9.17e+08 0.035021 -105.546 373.593 
9.18e+08 0.0356691 -33.7191 373.993 
9.19e+08 0.0337428 -86.9432 374.394 
9.2e+08 0.0461796 -17.7685 374.791 
9.21e+08 0.0537272 -36.9854 375.209 
9.22e+08 0.0275547 -80.8615 375.609 
9.23e+08 0.0145521 -67.9032 376.013 
9.24e+08 0.0467082 -58.487 376.424 
9.25e+08 0.0699954 -19.1029 376.825 
9.26e+08 0.0559219 -55.1087 377.229 
9.27e+08 0.0605552 -43.1282 377.631 
9.28e+08 0.0196981 -37.1735 378.032 
9.29e+08 0.036369 -55.4514 378.438 
9.3e+08 0.0613801 -85.1008 378.839 
9.31e+08 0.0388334 -30.6761 379.253 
9.32e+08 0.0436107 -118.485 379.671 
9.33e+08 0.015721 -51.2426 380.079 
9.34e+08 0.0406247 -42.3157 380.49 
9.35e+08 0.0689093 -84.1861 380.897 
9.36e+08 0.0313746 -48.7095 381.299 
9.37e+08 0.0264702 -55.4547 381.703 
9.38e+08 0.0296532 -51.2001 382.105 
9.39e+08 0.0558784 -79.364 382.509 
9.4e+08 0.0351702 -39.3892 382.917 
9.41e+08 0.0402627 -72.5355 383.32 
9.42e+08 0.0597219 -59.3024 383.718 
9.43e+08 0.0212271 -32.7352 384.116 
9.44e+08 0.0949699 -77.6596 384.526 
9.45e+08 0.0341461 -83.2264 384.933 
9.46e+08 0.0288911 -26.2486 385.338 
9.47e+08 0.0229224 -60.4485 385.739 
9.48e+08 0.0664545 -54.81 386.146 
9.49e+08 0.060567 -56.5905 386.544 
9.5e+08 0.0276131 -73.3037 386.94 
9.51e+08 0.074504 -47.1008 387.34 
9.52e+08 0.0751728 -69.5761 387.735 
9.53e+08 0.0552286 -44.4068 388.133 
9.54e+08 0.0626659 -46.4153 388.538 
9.55e+08 0.0614232 -42.3662 388.938 
9.56e+08 0.0333472 -58.3443 389.342 
9.57e+08 0.0552417 -34.9598 389.742 
9.58e+08 0.0186509 -31.108 390.15 
9.59e+08 0.0372561 -44.0505 390.554 
9.6e+08 0.0493137 -62.8064 390.954 
9.61e+08 0.0430896 -20.4363 391.353 
9.62e+08 0.0419465 -111.313 391.752 
9.63e+08 0.0448455 -30.3481 392.155 
9.64e+08 0.0519439 -86.9238 392.564 
9.65e+08 0.0464756 -78.7943 392.965 
9.66e+08 0.0251365 -64.6588 393.369 
9.67e+08 0.0417466 -30.2913 393.771 
9.68e+08 0.090649 -106.195 394.178 
9.69e+08 0.0516974 -68.7566 394.577 
9.7e+08 0.017433 -56.1412 394.978 
9.71e+08 0.0345888 -40.3817 395.379 
9.72e+08 0.0714106 -29.1129 395.777 
9.73e+08 0.0476069 -29.6348 396.18 
9.74e+08 0.0333139 -46.098 396.588 
9.75e+08 0.0357926 -65.0465 396.983 
9.76e+08 0.0311338 -69.2526 397.381 
9.77e+08 0.0763021 -73.4327 397.775 
9.78e+08 0.0696979 -70.8803 398.177 
9.79e+08 0.030576 -19.1207 398.575 
9.8e+08 0.0216313 -66.0303 398.977 
9.81e+08 0.0438131 -20.0242 399.386 
9.82e+08 0.0230553 -68.4333 399.789 
9.83e+08 0.0314522 -48.1529 400.194 
9.84e+08 0.0317561 -58.2267 400.589 
9.85e+08 0.0332474 -21.6525 400.985 
9.86e+08 0.0473485 -65.9973 401.394 
9.87e+08 0.0577284 -62.4436 401.796 
9.88e+08 0.0160247 -76.4185 402.206 
9.89e+08 0.0684276 -52.4081 402.612 
9.9e+08 0.0490152 -17.1692 403.018 
9.91e+08 0.0368504 -22.1754 403.437 
9.92e+08 0.0334498 -33.942 403.857 
9.93e+08 0.0349939 -73.9497 404.264 
9.94e+08 0.0519159 -68.8728 404.667 
9.95e+08 0.0243095 5.93503 405.077 
9.96e+08 0.0359919 -58.6426 405.483 
9.97e+08 0.0219367 -100.585 405.888 
9.98e+08 0.0277127 -47.3971 406.293 
9.99e+08 0.0783471 -59.2381 406.694 
1e+09 0.0461997 -58.0951 407.097 
