0 0.067906 -64.147 0 
1e+06 0.0598644 7.31853 0.428579 
2e+06 0.0510816 -38.4397 0.851826 
3e+06 0.0591035 -60.8059 1.27668 
4e+06 0.0162544 -44.7331 1.69974 
5e+06 0.0421294 4.4433 2.12381 
6e+06 0.0213364 -98.0919 2.5476 
7e+06 0.0736639 -48.7587 2.97228 
8e+06 0.0810732 -29.8324 3.39638 
9e+06 0.0567233 -71.5696 3.82077 
1e+07 0.0173269 -51.363 4.24556 
1.1e+07 0.0568072 -34.7009 4.6702 
1.2e+07 0.0773349 -45.0863 5.09461 
1.3e+07 0.0260697 -19.0046 5.51921 
1.4e+07 0.0236873 -4.62873 5.94296 
1.5e+07 0.0522967 -78.3152 6.36801 
1.6e+07 0.0579498 -56.0533 6.79378 
1.7e+07 0.059538 -67.5305 7.21857 
1.8e+07 0.0477661 -76.8096 7.64321 
1.9e+07 0.0390833 -71.5697 8.06708 
2e+07 0.0598186 -2.46335 8.49012 
2.1e+07 0.0347498 -60.1751 8.91481 
2.2e+07 0.0311862 -20.9374 9.34021 
2.3e+07 0.0329756 -43.0904 9.76558 
2.4e+07 0.0737355 -29.4335 10.189 
2.5e+07 0.0858415 -74.2148 10.615 
2.6e+07 0.0392834 -68.7123 11.0391 
2.7e+07 0.0264444 -21.3359 11.4639 
2.8e+07 0.0632897 15.9585 11.8874 
2.9e+07 0.0557204 -54.5701 12.3121 
3e+07 0.0567886 -67.3285 12.7357 
3.1e+07 0.0187579 -61.379 13.1595 
3.2e+07 0.0549932 -77.9035 13.5835 
3.3e+07 0.0584807 -54.9453 14.0084 
3.4e+07 0.0317392 -67.52 14.4332 
3.5e+07 0.061713 -27.1051 14.8572 
3.6e+07 0.0258155 -33.1242 15.2818 
3.7e+07 0.0839049 -54.3306 15.7056 
3.8e+07 0.0355944 -57.033 16.1308 
3.9e+07 0.064533 -78.6073 16.5566 
4e+07 0.0669142 -24.061 16.9806 
4.1e+07 0.0331071 -54.1844 17.4048 
4.2e+07 0.0563236 -74.866 17.8289 
4.3e+07 0.0185688 -41.1518 18.2537 
4.4e+07 0.047114 -66.9019 18.6771 
4.5e+07 0.0621079 -58.4184 19.1007 
4.6e+07 0.0208588 -46.4381 19.5243 
4.7e+07 0.0273832 -67.1668 19.9493 
4.8e+07 0.0382743 -7.75713 20.3746 
4.9e+07 0.0449636 -66.683 20.7988 
5e+07 0.032572 -41.4037 21.2238 
5.1e+07 0.033951 -62.5246 21.6476 
5.2e+07 0.0416458 -39.3192 22.0718 
5.3e+07 0.0281405 -62.2846 22.4972 
5.4e+07 0.045227 -51.1236 22.9218 
5.5e+07 0.0755867 -39.9592 23.3467 
5.6e+07 0.0482981 -67.7327 23.7715 
5.7e+07 0.0679066 -35.0928 24.1959 
5.8e+07 0.0432629 -29.7745 24.6192 
5.9e+07 0.049213 -61.7582 25.0425 
6e+07 0.0326374 -57.2063 25.4674 
6.1e+07 0.067107 -69.3669 25.8916 
6.2e+07 0.0555019 -55.0247 26.3168 
6.3e+07 0.0570696 -55.5798 26.7417 
6.4e+07 0.020653 -61.2659 27.1657 
6.5e+07 0.0250161 -29.9321 27.5896 
6.6e+07 0.0662847 -38.3678 28.0138 
6.7e+07 0.0909439 -32.1922 28.4379 
6.8e+07 0.0455394 -18.002 28.8613 
6.9e+07 0.0409033 -41.2814 29.285 
7e+07 0.0265219 -17.8221 29.7085 
7.1e+07 0.0345502 -36.5209 30.1326 
7.2e+07 0.0686481 -58.2863 30.5569 
7.3e+07 0.0422945 -70.3883 30.9813 
7.4e+07 0.0439745 -56.0271 31.4047 
7.5e+07 0.0413192 -62.2738 31.8287 
7.6e+07 0.0476455 -52.1336 32.2529 
7.7e+07 0.0500351 -74.632 32.6784 
7.8e+07 0.0253774 -85.8993 33.1018 
7.9e+07 0.0377673 -12.5829 33.525 
8e+07 0.0220282 -30.1404 33.9495 
8.1e+07 0.0513828 -72.1443 34.3735 
8.2e+07 0.044398 -48.2564 34.7979 
8.3e+07 0.0168255 -78.1063 35.2229 
8.4e+07 0.0499971 -24.0088 35.648 
8.5e+07 0.0799371 -41.3639 36.0722 
8.6e+07 0.0301675 -69.1618 36.4964 
8.7e+07 0.0429851 -83.6872 36.9185 
8.8e+07 0.0854067 -48.206 37.3423 
8.9e+07 0.0641715 -61.3122 37.7659 
9e+07 0.0895879 -54.5275 38.1907 
9.1e+07 0.0469597 -32.3374 38.6154 
9.2e+07 0.0612212 -52.7601 39.0406 
9.3e+07 0.0775094 -55.436 39.465 
9.4e+07 0.0640538 -74.1806 39.8901 
9.5e+07 0.0393598 -32.163 40.3149 
9.6e+07 0.0362204 -56.2514 40.7375 
9.7e+07 0.0379107 -76.8306 41.1619 
9.8e+07 0.0655907 -60.1983 41.5864 
9.9e+07 0.0161371 -56.8585 42.0125 
1e+08 0.0393487 -94.038 42.4369 
1.01e+08 0.0738247 -53.1787 42.8628 
1.02e+08 0.0416582 -86.5878 43.2877 
1.03e+08 0.0480712 -68.4573 43.7122 
1.04e+08 0.00847087 -32.6969 44.1369 
1.05e+08 0.021577 -38.3679 44.5629 
1.06e+08 0.0367087 -43.2481 45.0403 
1.07e+08 0.0830962 -55.8873 45.4892 
1.08e+08 0.0324094 -58.2903 45.9137 
1.09e+08 0.0573773 -36.7568 46.3369 
1.1e+08 0.0528361 -53.4445 46.7595 
1.11e+08 0.0250805 -21.0574 47.1839 
1.12e+08 0.0500919 -44.098 47.6091 
1.13e+08 0.0251541 -66.0251 48.0332 
1.14e+08 0.0816211 -61.4558 48.4587 
1.15e+08 0.0511846 -11.2007 48.8816 
1.16e+08 0.0330011 -29.8495 49.3056 
1.17e+08 0.0334215 -27.6918 49.7295 
1.18e+08 0.027685 -59.0628 50.1542 
1.19e+08 0.0452085 -95.2616 50.5793 
1.2e+08 0.0242915 -55.9126 51.0022 
1.21e+08 0.0615264 -52.6188 51.4264 
1.22e+08 0.0128728 -71.4081 51.8511 
1.23e+08 0.0208376 -33.1816 52.2761 
1.24e+08 0.0295727 -25.821 52.7012 
1.25e+08 0.0471054 -66.9628 53.1244 
1.26e+08 0.0620909 -70.6615 53.5492 
1.27e+08 0.0239272 -31.7887 53.9735 
1.28e+08 0.0501288 -34.833 54.3982 
1.29e+08 0.0454463 -20.2135 54.8208 
1.3e+08 0.0276025 -50.8128 55.2435 
1.31e+08 0.0347416 -7.90907 55.6681 
1.32e+08 0.05434 -54.7569 56.0923 
1.33e+08 0.0715796 -51.4342 56.5169 
1.34e+08 0.0553493 -55.0558 56.9407 
1.35e+08 0.0357448 -33.9713 57.3646 
1.36e+08 0.0374091 -72.0367 57.7886 
1.37e+08 0.0331234 -39.3555 58.2136 
1.38e+08 0.0436757 -73.226 58.6378 
1.39e+08 0.0479167 -44.5149 59.0636 
1.4e+08 0.0366434 -32.262 59.4869 
1.41e+08 0.0351294 -45.9291 59.911 
1.42e+08 0.0402182 -59.6416 60.3361 
1.43e+08 0.050801 -34.3353 60.7609 
1.44e+08 0.0637493 -62.0552 61.1862 
1.45e+08 0.0267058 -73.006 61.6106 
1.46e+08 0.0393063 -67.1582 62.0346 
1.47e+08 0.0516631 -20.1869 62.4588 
1.48e+08 0.0618185 -77.3482 62.8832 
1.49e+08 0.0344701 -50.9631 63.3077 
1.5e+08 0.113511 -92.0905 63.7322 
1.51e+08 0.0465024 -11.9376 64.1566 
1.52e+08 0.0346707 -74.0765 64.5804 
1.53e+08 0.0364086 -21.9585 65.0039 
1.54e+08 0.0386041 -31.4895 65.4288 
1.55e+08 0.0498463 -53.2162 65.854 
1.56e+08 0.0517437 -44.2545 66.2796 
1.57e+08 0.0479395 -67.9118 66.7046 
1.58e+08 0.0558761 -88.2306 67.1301 
1.59e+08 0.0463174 -79.4064 67.5542 
1.6e+08 0.0722764 -95.6144 67.979 
1.61e+08 0.0346833 -42.1705 68.4024 
1.62e+08 0.0365807 -53.1207 68.8277 
1.63e+08 0.0291748 -22.5886 69.2544 
1.64e+08 0.0486307 -33.4348 69.6784 
1.65e+08 0.0418999 -54.5463 70.1014 
1.66e+08 0.0453684 -21.4457 70.5281 
1.67e+08 0.0666753 -94.1636 70.9534 
1.68e+08 0.0186528 -28.5796 71.3788 
1.69e+08 0.0527489 -43.6893 71.8041 
1.7e+08 0.0640741 -35.3341 72.2296 
1.71e+08 0.0546818 -66.7248 72.6543 
1.72e+08 0.0726256 -47.8739 73.0773 
1.73e+08 0.0720762 -34.1646 73.5018 
1.74e+08 0.0600845 -79.6798 73.9266 
1.75e+08 0.0347662 -36.923 74.3512 
1.76e+08 0.0487083 -32.1979 74.7766 
1.77e+08 0.0416487 -50.683 75.2012 
1.78e+08 0.0551821 -74.7435 75.6265 
1.79e+08 0.027125 -50.9916 76.049 
1.8e+08 0.058855 -65.9126 76.4733 
1.81e+08 0.025465 -34.6957 76.8983 
1.82e+08 0.0540079 -72.425 77.3236 
1.83e+08 0.0123597 -64.9011 77.748 
1.84e+08 0.0340933 -64.3855 78.1728 
1.85e+08 0.0568912 -50.9106 78.5979 
1.86e+08 0.0335186 -56.258 79.0218 
1.87e+08 0.0245504 -17.1434 79.4465 
1.88e+08 0.00558473 -49.4459 79.8709 
1.89e+08 0.0302774 -32.1732 80.2968 
1.9e+08 0.0653191 -36.5653 80.7218 
1.91e+08 0.0358742 -62.2434 81.147 
1.92e+08 0.0200345 -29.5617 81.57 
1.93e+08 0.0223525 -69.166 81.993 
1.94e+08 0.037125 -39.3266 82.4183 
1.95e+08 0.0510568 -60.4738 82.8427 
1.96e+08 0.0555469 -93.3975 83.2669 
1.97e+08 0.0301592 -70.0613 83.6915 
1.98e+08 0.0285001 -21.3523 84.116 
1.99e+08 0.0447095 -38.988 84.5406 
2e+08 0.0340452 -43.0824 84.9635 
2.01e+08 0.0475465 -74.1543 85.3887 
2.02e+08 0.0435247 -41.8638 85.8136 
2.03e+08 0.0543079 -51.3083 86.2386 
2.04e+08 0.0301454 -61.1519 86.6631 
2.05e+08 0.0460836 -9.61088 87.0879 
2.06e+08 0.0363199 -78.4308 87.5126 
2.07e+08 0.0201987 -32.6918 87.9351 
2.08e+08 0.0427886 -7.18549 88.3596 
2.09e+08 0.0334793 -98.4004 88.7842 
2.1e+08 0.0744158 -61.0795 89.2089 
2.11e+08 0.0250281 -30.2187 89.633 
2.12e+08 0.0636923 -64.7963 90.0576 
2.13e+08 0.0133376 -28.0399 90.4831 
2.14e+08 0.0241605 -35.6245 90.9067 
2.15e+08 0.0321983 -50.7204 91.3316 
2.16e+08 0.0530426 -53.4716 91.7564 
2.17e+08 0.0409906 -34.026 92.1799 
2.18e+08 0.0516841 -67.2799 92.6044 
2.19e+08 0.0486455 -11.0917 93.0291 
2.2e+08 0.0322946 -46.6794 93.4555 
2.21e+08 0.0254265 -84.8749 93.8798 
2.22e+08 0.0633611 -50.0678 94.3054 
2.23e+08 0.0624465 -50.7652 94.7285 
2.24e+08 0.0536307 -12.7677 95.1534 
2.25e+08 0.0375407 -39.5377 95.5781 
2.26e+08 0.0177816 -38.7247 96.0034 
2.27e+08 0.0599206 -43.4176 96.4281 
2.28e+08 0.042018 -49.3577 96.8528 
2.29e+08 0.0240226 3.6394 97.2783 
2.3e+08 0.0684479 -65.7646 97.7016 
2.31e+08 0.0564061 -43.0869 98.1255 
2.32e+08 0.0379285 -87.6414 98.5509 
2.33e+08 0.021118 -48.1486 98.9757 
2.34e+08 0.0519878 1.77937 99.4009 
2.35e+08 0.0316839 -17.3529 99.8251 
2.36e+08 0.05783 -16.4375 100.249 
2.37e+08 0.0313281 -49.2685 100.673 
2.38e+08 0.0620853 -33.0278 101.099 
2.39e+08 0.0264566 -71.9153 101.525 
2.4e+08 0.0407789 -71.8261 101.951 
2.41e+08 0.0371296 -60.988 102.376 
2.42e+08 0.0570376 -60.05 102.802 
2.43e+08 0.0492035 -45.564 103.227 
2.44e+08 0.0441961 -73.0088 103.65 
2.45e+08 0.0242769 -40.8059 104.074 
2.46e+08 0.0343618 -43.8921 104.499 
2.47e+08 0.0364913 -45.3667 104.924 
2.48e+08 0.0186392 -56.1862 105.351 
2.49e+08 0.0312966 -25.2803 105.775 
2.5e+08 0.0267446 -5.73335 106.2 
2.51e+08 0.0284144 -65.9937 106.624 
2.52e+08 0.0474569 -39.6904 107.049 
2.53e+08 0.0190309 -51.0106 107.472 
2.54e+08 0.0128583 -76.6779 107.896 
2.55e+08 0.054282 -78.1329 108.322 
2.56e+08 0.0478599 -59.9978 108.747 
2.57e+08 0.0191429 -89.077 109.172 
2.58e+08 0.0281023 -26.4181 109.596 
2.59e+08 0.0404816 -63.5775 110.02 
2.6e+08 0.0307234 -67.4792 110.444 
2.61e+08 0.0746986 -50.3643 110.87 
2.62e+08 0.0453465 -51.7243 111.295 
2.63e+08 0.0445871 -61.3641 111.719 
2.64e+08 0.0328188 -45.5535 112.144 
2.65e+08 0.0135411 -57.8744 112.568 
2.66e+08 0.0468066 -65.422 112.993 
2.67e+08 0.0229588 -51.1205 113.418 
2.68e+08 0.0516421 -41.4108 113.842 
2.69e+08 0.0364357 -60.3577 114.266 
2.7e+08 0.0368266 -32.8317 114.691 
2.71e+08 0.0184042 -103.832 115.116 
2.72e+08 0.0741683 -55.7469 115.541 
2.73e+08 0.0553726 -82.9047 115.967 
2.74e+08 0.0465364 -82.0726 116.392 
2.75e+08 0.0352842 -52.0674 116.817 
2.76e+08 0.0343792 -42.0829 117.241 
2.77e+08 0.0216919 -14.0533 117.666 
2.78e+08 0.068757 -74.8042 118.088 
2.79e+08 0.0440262 -53.2876 118.512 
2.8e+08 0.047982 -43.3718 118.937 
2.81e+08 0.0530929 -16.4078 119.362 
2.82e+08 0.0523607 -33.928 119.786 
2.83e+08 0.0518091 -24.4244 120.211 
2.84e+08 0.0361368 -65.6329 120.635 
2.85e+08 0.0174761 -33.2981 121.059 
2.86e+08 0.0638194 -42.0015 121.482 
2.87e+08 0.024005 -47.3812 121.906 
2.88e+08 0.0704418 -21.4586 122.331 
2.89e+08 0.064958 -33.2818 122.756 
2.9e+08 0.0328578 -43.3798 123.18 
2.91e+08 0.0454661 10.2229 123.606 
2.92e+08 0.0340945 -42.9472 124.03 
2.93e+08 0.0421421 -40.228 124.453 
2.94e+08 0.025557 -31.9783 124.878 
2.95e+08 0.0329867 -36.0825 125.302 
2.96e+08 0.062055 -21.8408 125.727 
2.97e+08 0.0511626 -38.9923 126.151 
2.98e+08 0.0731905 -52.958 126.576 
2.99e+08 0.0281929 -42.888 126.999 
3e+08 0.0220673 -46.516 127.423 
3.01e+08 0.0857732 -73.6509 127.848 
3.02e+08 0.0590629 -53.0637 128.273 
3.03e+08 0.0456362 -59.3861 128.698 
3.04e+08 0.0579778 -49.9976 129.124 
3.05e+08 0.0503771 -86.6469 129.549 
3.06e+08 0.0709923 -33.4157 129.973 
3.07e+08 0.0245029 -65.2544 130.395 
3.08e+08 0.0262449 -75.6123 130.821 
3.09e+08 0.0124202 -13.8996 131.245 
3.1e+08 0.0273287 -48.3566 131.67 
3.11e+08 0.0317836 -14.9459 132.095 
3.12e+08 0.0242176 -66.6558 132.519 
3.13e+08 0.0336622 -56.4279 132.944 
3.14e+08 0.0452043 -23.9754 133.367 
3.15e+08 0.00815057 -72.5602 133.793 
3.16e+08 0.0557438 -80.4087 134.217 
3.17e+08 0.0506029 -59.7212 134.641 
3.18e+08 0.0594705 -41.066 135.067 
3.19e+08 0.104349 -73.6964 135.491 
3.2e+08 0.0266303 -2.37455 135.916 
3.21e+08 0.0370477 -38.8123 136.34 
3.22e+08 0.0411778 -13.4703 136.764 
3.23e+08 0.0248865 -45.0448 137.187 
3.24e+08 0.0472958 -21.4425 137.611 
3.25e+08 0.0402244 -34.837 138.036 
3.26e+08 0.0823001 -96.0877 138.461 
3.27e+08 0.0508116 -52.426 138.885 
3.28e+08 0.018321 -42.6959 139.308 
3.29e+08 0.060451 -21.4905 139.732 
3.3e+08 0.0113883 -23.1462 140.158 
3.31e+08 0.0352959 -16.3789 140.583 
3.32e+08 0.0152602 -61.8267 141.007 
3.33e+08 0.0387718 -79.0639 141.432 
3.34e+08 0.0614084 -46.9616 141.855 
3.35e+08 0.0345395 -29.2855 142.279 
3.36e+08 0.0542563 -79.0775 142.703 
3.37e+08 0.0498654 -54.1645 143.128 
3.38e+08 0.095482 -58.7015 143.553 
3.39e+08 0.0338692 -50.6249 143.979 
3.4e+08 0.0444269 -38.6936 144.404 
3.41e+08 0.0261742 -34.5624 144.827 
3.42e+08 0.0643725 -3.32359 145.251 
3.43e+08 0.0640639 -19.4824 145.675 
3.44e+08 0.0601541 -60.5499 146.1 
3.45e+08 0.0239033 -76.4367 146.524 
3.46e+08 0.0540035 -76.22 146.949 
3.47e+08 0.0307044 -68.4703 147.375 
3.48e+08 0.0183171 -44.1274 147.798 
3.49e+08 0.013381 -47.7138 148.221 
3.5e+08 0.0507034 -69.2667 148.646 
3.51e+08 0.0387412 -62.1498 149.07 
3.52e+08 0.0566668 -57.9676 149.495 
3.53e+08 0.0372649 -47.3942 149.918 
3.54e+08 0.0535082 -85.5717 150.344 
3.55e+08 0.0402963 -15.3673 150.768 
3.56e+08 0.0828137 -56.8377 151.192 
3.57e+08 0.0635579 -80.1779 151.617 
3.58e+08 0.0562855 -41.919 152.041 
3.59e+08 0.0583896 -42.7185 152.466 
3.6e+08 0.0907573 -54.1582 152.891 
3.61e+08 0.0581646 -50.2697 153.316 
3.62e+08 0.00621088 -38.2129 153.741 
3.63e+08 0.0530722 -29.4682 154.164 
3.64e+08 0.0422893 -26.3812 154.589 
3.65e+08 0.0532529 -66.2336 155.013 
3.66e+08 0.0171935 -73.6541 155.438 
3.67e+08 0.0256099 -36.1513 155.863 
3.68e+08 0.0422907 -38.6583 156.287 
3.69e+08 0.0314635 -60.3954 156.712 
3.7e+08 0.0337784 -20.0084 157.136 
3.71e+08 0.0471081 -68.3707 157.56 
3.72e+08 0.0586591 -60.3577 157.985 
3.73e+08 0.0572841 -42.946 158.41 
3.74e+08 0.0637345 -4.49221 158.835 
3.75e+08 0.0374505 -79.7671 159.26 
3.76e+08 0.0653104 -42.6129 159.684 
3.77e+08 0.0472062 -74.5032 160.108 
3.78e+08 0.0617257 -64.5806 160.533 
3.79e+08 0.0358291 -6.89361 160.958 
3.8e+08 0.03179 -32.2606 161.382 
3.81e+08 0.0149623 -62.0421 161.807 
3.82e+08 0.0362398 -52.8615 162.231 
3.83e+08 0.068601 -56.7292 162.656 
3.84e+08 0.0598006 -56.2962 163.079 
3.85e+08 0.00847449 -40.1928 163.503 
3.86e+08 0.0318485 -81.7771 163.929 
3.87e+08 0.0473889 -46.5557 164.353 
3.88e+08 0.0416639 -4.98187 164.777 
3.89e+08 0.0500502 -26.7346 165.202 
3.9e+08 0.0268589 -9.89137 165.627 
3.91e+08 0.0153527 -82.2857 166.052 
3.92e+08 0.0469984 -34.4966 166.475 
3.93e+08 0.0734657 -110.621 166.897 
3.94e+08 0.062082 -20.5644 167.322 
3.95e+08 0.0352647 -82.8868 167.746 
3.96e+08 0.063069 -52.6578 168.172 
3.97e+08 0.0567793 -84.6634 168.597 
3.98e+08 0.0406851 -48.4821 169.022 
3.99e+08 0.0472371 -37.5895 169.447 
4e+08 0.0286691 -80.5343 169.871 
4.01e+08 0.00660591 -56.9487 170.296 
4.02e+08 0.0358213 -42.1967 170.72 
4.03e+08 0.0275045 -12.9588 171.144 
4.04e+08 0.0229207 -38.7596 171.568 
4.05e+08 0.0215913 -61.512 171.994 
4.06e+08 0.0701979 -41.5012 172.418 
4.07e+08 0.0623635 -48.4235 172.843 
4.08e+08 0.0441911 -30.3574 173.267 
4.09e+08 0.068089 -95.4546 173.691 
4.1e+08 0.0682484 -50.129 174.115 
4.11e+08 0.032888 -1.56464 174.54 
4.12e+08 0.00552384 -41.3947 174.965 
4.13e+08 0.0579525 -72.2338 175.39 
4.14e+08 0.0432076 -39.4051 175.814 
4.15e+08 0.0431029 -10.3094 176.239 
4.16e+08 0.0285726 -35.608 176.664 
4.17e+08 0.0211194 -73.5985 177.088 
4.18e+08 0.0298416 -42.1156 177.513 
4.19e+08 0.0493714 -28.6647 177.937 
4.2e+08 0.0766258 -60.0751 178.362 
4.21e+08 0.0629837 -88.892 178.786 
4.22e+08 0.0442887 -60.0626 179.211 
4.23e+08 0.0666515 -58.5444 179.636 
4.24e+08 0.0439106 -40.3901 180.06 
4.25e+08 0.0236292 -60.5791 180.485 
4.26e+08 0.0678839 -70.7096 180.908 
4.27e+08 0.0587542 -69.4837 181.332 
4.28e+08 0.0547425 -120.304 181.756 
4.29e+08 0.0333084 -45.1565 182.181 
4.3e+08 0.0270481 -52.0856 182.605 
4.31e+08 0.0408154 -40.4227 183.03 
4.32e+08 0.0456687 -66.8987 183.455 
4.33e+08 0.0220492 -65.1599 183.879 
4.34e+08 0.00934415 -56.5778 184.303 
4.35e+08 0.051676 -72.2618 184.728 
4.36e+08 0.0491637 -50.3643 185.153 
4.37e+08 0.0797628 -26.9073 185.577 
4.38e+08 0.0685932 -63.4241 186.001 
4.39e+08 0.0330727 -66.8068 186.426 
4.4e+08 0.0294822 -70.17 186.85 
4.41e+08 0.0416364 -47.3364 187.274 
4.42e+08 0.0275284 -60.2582 187.7 
4.43e+08 0.029026 -44.1361 188.125 
4.44e+08 0.0405259 -49.13 188.548 
4.45e+08 0.0365799 -84.4183 188.973 
4.46e+08 0.0454408 -43.6487 189.398 
4.47e+08 0.0239312 -67.0004 189.823 
4.48e+08 0.0571413 -71.1459 190.247 
4.49e+08 0.044331 -40.3276 190.674 
4.5e+08 0.0307979 -75.0457 191.099 
4.51e+08 0.0344658 -14.982 191.525 
4.52e+08 0.0806125 -109.659 191.949 
4.53e+08 0.025043 -40.1627 192.373 
4.54e+08 0.0369768 -47.1488 192.798 
4.55e+08 0.0389641 -32.2403 193.223 
4.56e+08 0.0604267 -67.5579 193.647 
4.57e+08 0.0922128 -109.93 194.072 
4.58e+08 0.0203312 -49.6031 194.496 
4.59e+08 0.00630331 -46.6973 194.921 
4.6e+08 0.0471465 -31.277 195.345 
4.61e+08 0.0223023 -82.4862 195.769 
4.62e+08 0.0425193 -76.2713 196.193 
4.63e+08 0.0666847 -63.3336 196.617 
4.64e+08 0.0316163 -43.3222 197.042 
4.65e+08 0.0724175 -54.0047 197.467 
4.66e+08 0.0705825 -60.9637 197.891 
4.67e+08 0.0479185 -96.9255 198.316 
4.68e+08 0.0617533 -53.4203 198.741 
4.69e+08 0.0515366 -117.015 199.165 
4.7e+08 0.0494544 -52.7758 199.59 
4.71e+08 0.0771322 -63.5546 200.015 
4.72e+08 0.0417238 -54.0494 200.44 
4.73e+08 0.0150212 -25.5531 200.864 
4.74e+08 0.0534843 -44.5767 201.288 
4.75e+08 0.0229836 -76.7132 201.711 
4.76e+08 0.0434857 -40.4876 202.136 
4.77e+08 0.0480365 -61.2439 202.561 
4.78e+08 0.0665174 -70.7205 202.986 
4.79e+08 0.0372981 -33.0987 203.41 
4.8e+08 0.0283921 -43.5056 203.834 
4.81e+08 0.0518557 -28.4623 204.258 
4.82e+08 0.060336 -59.3344 204.684 
4.83e+08 0.0485735 -49.6299 205.108 
4.84e+08 0.0163225 -55.4335 205.532 
4.85e+08 0.0288408 -65.411 205.956 
4.86e+08 0.056924 -59.7581 206.381 
4.87e+08 0.0905336 -73.153 206.806 
4.88e+08 0.0672023 -53.0008 207.231 
4.89e+08 0.0479121 -85.8996 207.655 
4.9e+08 0.00938711 -30.9126 208.081 
4.91e+08 0.0387724 -39.4887 208.505 
4.92e+08 0.0479713 -38.7749 208.931 
4.93e+08 0.0334827 -66.0169 209.354 
4.94e+08 0.0335926 -35.0081 209.779 
4.95e+08 0.0450527 -89.0039 210.204 
4.96e+08 0.0304125 -38.636 210.628 
4.97e+08 0.0678132 -39.9422 211.054 
4.98e+08 0.0596583 -55.6954 211.48 
4.99e+08 0.0392545 -16.5472 211.906 
5e+08 0.0530444 -63.3218 212.331 
5.01e+08 0.0474079 -56.4883 212.753 
5.02e+08 0.0561788 -80.5261 213.177 
5.03e+08 0.0575846 -59.3507 213.601 
5.04e+08 0.0384745 -41.1781 214.026 
5.05e+08 0.0800231 -44.4474 214.451 
5.06e+08 0.0204253 -65.7384 214.876 
5.07e+08 0.0393297 -31.3391 215.299 
5.08e+08 0.0400201 -66.9821 215.724 
5.09e+08 0.0625405 -22.2658 216.149 
5.1e+08 0.0452107 -58.3131 216.575 
5.11e+08 0.054795 -45.0427 216.999 
5.12e+08 0.0367227 -44.4939 217.424 
5.13e+08 0.028749 -73.5717 217.85 
5.14e+08 0.0360567 -56.0596 218.275 
5.15e+08 0.0440319 -89.2747 218.698 
5.16e+08 0.0590159 -16.4805 219.121 
5.17e+08 0.0580343 -68.0967 219.546 
5.18e+08 0.0784674 -45.9661 219.972 
5.19e+08 0.0310166 -46.1005 220.396 
5.2e+08 0.016658 -42.9858 220.82 
5.21e+08 0.0364531 -88.428 221.271 
5.22e+08 0.0872573 -39.487 221.747 
5.23e+08 0.0567503 -14.9506 222.171 
5.24e+08 0.0441588 -44.9117 222.594 
5.25e+08 0.019769 -26.0405 223.018 
5.26e+08 0.0658491 -37.5713 223.443 
5.27e+08 0.0635515 -10.4104 223.867 
5.28e+08 0.0308118 -48.3544 224.292 
5.29e+08 0.0357407 -34.383 224.717 
5.3e+08 0.0566433 -55.9288 225.14 
5.31e+08 0.0362791 -28.1054 225.564 
5.32e+08 0.0773655 -59.6938 225.99 
5.33e+08 0.042482 -50.6701 226.414 
5.34e+08 0.0379448 -33.8155 226.839 
5.35e+08 0.0222539 -21.5746 227.262 
5.36e+08 0.0430841 -8.93227 227.687 
5.37e+08 0.0648605 -73.4737 228.111 
5.38e+08 0.0532399 -65.2956 228.536 
5.39e+08 0.0215989 -27.7467 228.961 
5.4e+08 0.0736652 -43.8755 229.383 
5.41e+08 0.0385711 -12.3462 229.808 
5.42e+08 0.0446807 -53.0887 230.232 
5.43e+08 0.0360965 -70.5485 230.657 
5.44e+08 0.0627811 -47.7923 231.082 
5.45e+08 0.109258 -52.4826 231.505 
5.46e+08 0.0679302 -51.8098 231.929 
5.47e+08 0.0524693 -72.5657 232.354 
5.48e+08 0.0671808 -56.6316 232.778 
5.49e+08 0.0486031 -63.4828 233.203 
5.5e+08 0.020524 -12.0524 233.627 
5.51e+08 0.0290994 -50.6695 234.051 
5.52e+08 0.0299919 -47.64 234.476 
5.53e+08 0.0427475 -46.5651 234.901 
5.54e+08 0.0555714 -80.0228 235.326 
5.55e+08 0.046504 -5.8307 235.748 
5.56e+08 0.0351824 -49.9543 236.172 
5.57e+08 0.0403222 -89.1089 236.595 
5.58e+08 0.0735088 -87.7398 237.02 
5.59e+08 0.0647802 -30.6227 237.445 
5.6e+08 0.0398608 -66.4936 237.871 
5.61e+08 0.0597236 -54.4419 238.295 
5.62e+08 0.0344869 -43.0592 238.718 
5.63e+08 0.0563966 -16.6482 239.142 
5.64e+08 0.122534 -78.5589 239.566 
5.65e+08 0.0535729 -44.997 239.992 
5.66e+08 0.0443343 -42.7924 240.418 
5.67e+08 0.0128135 -50.2301 240.841 
5.68e+08 0.0313527 -37.6974 241.266 
5.69e+08 0.0442285 -92.1122 241.69 
5.7e+08 0.0451886 -62.1041 242.114 
5.71e+08 0.0461247 -63.6075 242.537 
5.72e+08 0.0658908 -68.0414 242.962 
5.73e+08 0.0394645 -22.7538 243.387 
5.74e+08 0.0101721 -73.043 243.811 
5.75e+08 0.0554111 -37.1831 244.235 
5.76e+08 0.0807628 3.48693 244.66 
5.77e+08 0.0761563 -56.6731 245.084 
5.78e+08 0.044917 -74.8734 245.509 
5.79e+08 0.0285479 -98.7267 245.932 
5.8e+08 0.0330548 -35.1471 246.356 
5.81e+08 0.0212557 -40.6802 246.78 
5.82e+08 0.0560002 -18.4971 247.205 
5.83e+08 0.0399521 -22.1027 247.63 
5.84e+08 0.0765573 -38.3167 248.053 
5.85e+08 0.0287827 -18.3048 248.479 
5.86e+08 0.0672662 -65.4229 248.904 
5.87e+08 0.0438876 -59.4804 249.326 
5.88e+08 0.0187892 -38.3039 249.751 
5.89e+08 0.0386124 -25.9895 250.177 
5.9e+08 0.0381827 -21.8571 250.602 
5.91e+08 0.0410218 -48.978 251.028 
5.92e+08 0.0542757 -55.4099 251.452 
5.93e+08 0.0137645 -47.6255 251.876 
5.94e+08 0.0670369 -55.8747 252.3 
5.95e+08 0.0544346 -14.1961 252.724 
5.96e+08 0.0565302 -73.8546 253.149 
5.97e+08 0.0772293 -15.849 253.572 
5.98e+08 0.0537903 -77.377 253.996 
5.99e+08 0.0267147 -73.0339 254.421 
6e+08 0.0698288 -38.1244 254.846 
6.01e+08 0.0611616 -33.696 255.271 
6.02e+08 0.0534501 -21.6009 255.695 
6.03e+08 0.0385093 -36.9997 256.12 
6.04e+08 0.0391969 -69.1097 256.543 
6.05e+08 0.0222471 -92.8884 256.967 
6.06e+08 0.0988141 -53.9575 257.393 
6.07e+08 0.0882068 -46.8001 257.817 
6.08e+08 0.05457 -36.9798 258.241 
6.09e+08 0.0396735 -43.0997 258.666 
6.1e+08 0.0420503 -55.4975 259.091 
6.11e+08 0.0316887 -58.7227 259.515 
6.12e+08 0.0524688 -17.7717 259.938 
6.13e+08 0.0511892 -69.5696 260.362 
6.14e+08 0.0232313 -23.8023 260.787 
6.15e+08 0.0671155 -84.7678 261.211 
6.16e+08 0.0127573 -40.1317 261.635 
6.17e+08 0.0292678 -10.9422 262.06 
6.18e+08 0.0628872 -61.9522 262.484 
6.19e+08 0.0622283 -46.7367 262.91 
6.2e+08 0.0599114 -69.4833 263.335 
6.21e+08 0.0503199 -77.9501 263.759 
6.22e+08 0.0371883 -26.4705 264.183 
6.23e+08 0.0730945 -59.7091 264.608 
6.24e+08 0.044293 -31.2272 265.032 
6.25e+08 0.050685 -46.822 265.456 
6.26e+08 0.0604493 -71.2574 265.88 
6.27e+08 0.0485591 -74.0602 266.303 
6.28e+08 0.0351187 -56.0699 266.728 
6.29e+08 0.0493401 -41.9776 267.152 
6.3e+08 0.0440465 -5.838 267.576 
6.31e+08 0.0348035 -34.3255 268.001 
6.32e+08 0.104954 -109.475 268.424 
6.33e+08 0.0420268 -62.8326 268.849 
6.34e+08 0.0146298 -36.7027 269.274 
6.35e+08 0.0440924 -67.8234 269.698 
6.36e+08 0.0217516 -27.8609 270.123 
6.37e+08 0.0481963 5.47077 270.547 
6.38e+08 0.0484954 -85.893 270.972 
6.39e+08 0.0633913 -26.5681 271.396 
6.4e+08 0.05628 -55.0217 271.82 
6.41e+08 0.070285 -17.9742 272.245 
6.42e+08 0.0219833 -39.8267 272.669 
6.43e+08 0.0256571 -47.3279 273.093 
6.44e+08 0.0341284 -83.7331 273.518 
6.45e+08 0.0917105 -53.7781 273.943 
6.46e+08 0.104543 -83.5836 274.368 
6.47e+08 0.0587541 -33.0688 274.792 
6.48e+08 0.0456504 -43.0096 275.218 
6.49e+08 0.0479183 -18.4722 275.641 
6.5e+08 0.0250036 -41.2421 276.065 
6.51e+08 0.0703759 -68.3093 276.49 
6.52e+08 0.0292525 -74.18 276.916 
6.53e+08 0.0446699 -13.9834 277.341 
6.54e+08 0.0671072 -47.7 277.766 
6.55e+08 0.083583 -46.5214 278.192 
6.56e+08 0.0433089 -29.579 278.617 
6.57e+08 0.0944869 -41.957 279.042 
6.58e+08 0.057503 -86.8887 279.467 
6.59e+08 0.0491064 -38.5748 279.891 
6.6e+08 0.0172252 -29.1004 280.316 
6.61e+08 0.0229275 -66.891 280.74 
6.62e+08 0.0700356 -59.2383 281.163 
6.63e+08 0.0226733 -96.7999 281.586 
6.64e+08 0.0444613 -99.3792 282.01 
6.65e+08 0.0524289 -63.3518 282.434 
6.66e+08 0.0344954 -44.3253 282.859 
6.67e+08 0.042317 -56.8393 283.284 
6.68e+08 0.0526348 -73.4999 283.709 
6.69e+08 0.0873466 -58.7189 284.133 
6.7e+08 0.0771549 -33.7708 284.557 
6.71e+08 0.0487283 -48.8879 284.982 
6.72e+08 0.028405 -41.8461 285.407 
6.73e+08 0.0365125 -38.787 285.831 
6.74e+08 0.0268438 -59.3889 286.255 
6.75e+08 0.0799574 -80.1458 286.68 
6.76e+08 0.0273652 2.03186 287.107 
6.77e+08 0.0443944 -55.396 287.53 
6.78e+08 0.0811849 -93.8815 287.955 
6.79e+08 0.0335778 -45.6096 288.381 
6.8e+08 0.0251078 -21.4243 288.805 
6.81e+08 0.0366842 -46.1674 289.228 
6.82e+08 0.0697749 -102.431 289.653 
6.83e+08 0.0522191 -28.6623 290.077 
6.84e+08 0.0375347 -72.5181 290.5 
6.85e+08 0.0371132 -30.1335 290.926 
6.86e+08 0.0482606 -60.8621 291.351 
6.87e+08 0.0431726 -21.3964 291.775 
6.88e+08 0.0379963 -106.183 292.199 
6.89e+08 0.0451085 -60.0087 292.624 
6.9e+08 0.0809613 -84.1083 293.048 
6.91e+08 0.0580457 -39.1817 293.472 
6.92e+08 0.0199524 -38.0152 293.897 
6.93e+08 0.0406853 -48.812 294.322 
6.94e+08 0.0632858 -50.8511 294.747 
6.95e+08 0.0321628 -39.3774 295.171 
6.96e+08 0.0579305 -48.8506 295.596 
6.97e+08 0.0539774 -47.3056 296.021 
6.98e+08 0.0378125 -29.7826 296.445 
6.99e+08 0.0825461 -85.3755 296.87 
7e+08 0.0233626 -33.0425 297.294 
7.01e+08 0.0238556 -50.3163 297.717 
7.02e+08 0.0342255 -67.0416 298.141 
7.03e+08 0.0793978 -55.7866 298.565 
7.04e+08 0.0582916 -53.5372 298.99 
7.05e+08 0.047669 -44.442 299.414 
7.06e+08 0.0440978 -40.7397 299.838 
7.07e+08 0.034675 -43.3879 300.263 
7.08e+08 0.0448591 -27.8694 300.687 
7.09e+08 0.0412991 -45.5268 301.112 
7.1e+08 0.0872705 -115.101 301.536 
7.11e+08 0.0528143 -62.9123 301.961 
7.12e+08 0.0943255 -23.6408 302.385 
7.13e+08 0.0543184 -51.1867 302.811 
7.14e+08 0.0282157 -54.185 303.235 
7.15e+08 0.0419683 -61.3425 303.658 
7.16e+08 0.0691714 -34.1859 304.083 
7.17e+08 0.0647715 -46.9663 304.508 
7.18e+08 0.101963 -53.3502 304.932 
7.19e+08 0.0673291 -62.2986 305.357 
7.2e+08 0.0436698 -28.5066 305.781 
7.21e+08 0.0415629 -52.9262 306.205 
7.22e+08 0.0386924 -31.5045 306.628 
7.23e+08 0.0563305 -86.8611 307.053 
7.24e+08 0.0879305 -40.0144 307.478 
7.25e+08 0.038523 -52.4917 307.904 
7.26e+08 0.053259 -41.0015 308.328 
7.27e+08 0.0634552 -19.9282 308.754 
7.28e+08 0.0309338 -28.2143 309.18 
7.29e+08 0.0389048 -41.9195 309.603 
7.3e+08 0.0241846 -78.0377 310.027 
7.31e+08 0.0334913 -34.4448 310.452 
7.32e+08 0.0683731 -52.3042 310.879 
7.33e+08 0.0715702 -30.9851 311.303 
7.34e+08 0.0400649 -36.193 311.727 
7.35e+08 0.0485968 -54.6071 312.151 
7.36e+08 0.0290554 -31.3336 312.575 
7.37e+08 0.0640427 -117.578 313 
7.38e+08 0.0365242 -65.72 313.424 
7.39e+08 0.0438639 -50.1327 313.848 
7.4e+08 0.0179321 -62.975 314.272 
7.41e+08 0.0406541 -42.1472 314.696 
7.42e+08 0.0761992 -50.8959 315.121 
7.43e+08 0.023668 -51.5517 315.546 
7.44e+08 0.0512346 -84.6821 315.97 
7.45e+08 0.057759 -66.3211 316.396 
7.46e+08 0.0444202 -26.8207 316.82 
7.47e+08 0.0663881 -60.1658 317.245 
7.48e+08 0.0341949 -71.7875 317.668 
7.49e+08 0.0704918 -39.8787 318.093 
7.5e+08 0.0299421 -13.4469 318.518 
7.51e+08 0.0505846 -74.4393 318.944 
7.52e+08 0.0606701 -26.1652 319.369 
7.53e+08 0.0497394 -52.6152 319.792 
7.54e+08 0.0435642 -61.8782 320.216 
7.55e+08 0.0476679 -98.7394 320.641 
7.56e+08 0.0823118 -35.4192 321.065 
7.57e+08 0.0281989 -39.8464 321.489 
7.58e+08 0.0253313 -42.8183 321.914 
7.59e+08 0.0387109 -28.4476 322.339 
7.6e+08 0.0295157 -64.0509 322.763 
7.61e+08 0.0867556 -74.3958 323.188 
7.62e+08 0.0630569 -21.881 323.613 
7.63e+08 0.0292443 -49.2791 324.038 
7.64e+08 0.0369262 -33.0157 324.463 
7.65e+08 0.0381837 -71.8012 324.887 
7.66e+08 0.0505279 -61.7609 325.311 
7.67e+08 0.0420332 -59.4837 325.734 
7.68e+08 0.0280219 -70.1537 326.158 
7.69e+08 0.0414105 -39.2424 326.582 
7.7e+08 0.0233576 -36.0053 327.007 
7.71e+08 0.0254397 -19.2417 327.431 
7.72e+08 0.07491 -35.7385 327.855 
7.73e+08 0.0470945 -26.0733 328.281 
7.74e+08 0.0402502 -33.8846 328.703 
7.75e+08 0.0349013 -20.0673 329.127 
7.76e+08 0.0320081 -34.9096 329.551 
7.77e+08 0.0207358 -13.0437 329.975 
7.78e+08 0.0479555 -28.7737 330.399 
7.79e+08 0.00576419 -52.9964 330.824 
7.8e+08 0.0207974 -15.8499 331.248 
7.81e+08 0.0677051 -52.0785 331.672 
7.82e+08 0.03865 -37.6652 332.095 
7.83e+08 0.0409097 -76.0949 332.52 
7.84e+08 0.0639264 -64.4372 332.945 
7.85e+08 0.0401673 -43.2891 333.369 
7.86e+08 0.0680432 -74.7738 333.794 
7.87e+08 0.0747539 -49.2552 334.219 
7.88e+08 0.0388604 -42.1142 334.642 
7.89e+08 0.0509139 -65.6836 335.067 
7.9e+08 0.044259 -63.0771 335.491 
7.91e+08 0.00692972 -40.8267 335.915 
7.92e+08 0.0577442 -36.8857 336.34 
7.93e+08 0.0439896 -48.6529 336.765 
7.94e+08 0.0734286 -51.5449 337.19 
7.95e+08 0.0314998 -12.9659 337.614 
7.96e+08 0.0582937 -50.9021 338.038 
7.97e+08 0.0375351 -28.0257 338.463 
7.98e+08 0.0472344 -64.6049 338.887 
7.99e+08 0.0317127 -61.3254 339.312 
8e+08 0.0677077 -39.8936 339.737 
8.01e+08 0.0578308 -2.13817 340.162 
8.02e+08 0.0400885 -66.8106 340.585 
8.03e+08 0.0367542 -76.9365 341.009 
8.04e+08 0.0348999 -69.299 341.435 
8.05e+08 0.0437432 -56.873 341.859 
8.06e+08 0.0395952 -43.5772 342.283 
8.07e+08 0.0611445 -13.0629 342.708 
8.08e+08 0.046732 -56.8137 343.132 
8.09e+08 0.0285192 -81.9281 343.557 
8.1e+08 0.0554826 -88.9672 343.981 
8.11e+08 0.0493233 -25.1753 344.405 
8.12e+08 0.0691075 -80.0321 344.831 
8.13e+08 0.0565745 -44.52 345.256 
8.14e+08 0.0500396 -62.2751 345.682 
8.15e+08 0.0538016 -63.6284 346.107 
8.16e+08 0.0926684 -33.2011 346.532 
8.17e+08 0.0622522 -51.4764 346.958 
8.18e+08 0.0552684 -24.0968 347.382 
8.19e+08 0.0326092 -38.3804 347.805 
8.2e+08 0.0552789 -57.6026 348.231 
8.21e+08 0.0348815 -58.2762 348.658 
8.22e+08 0.0294644 -76.8404 349.082 
8.23e+08 0.084986 -36.5698 349.506 
8.24e+08 0.0308543 -25.5367 349.93 
8.25e+08 0.0272434 -66.4467 350.353 
8.26e+08 0.0927034 -43.3903 350.778 
8.27e+08 0.062153 -47.8563 351.203 
8.28e+08 0.0286899 -54.9977 351.626 
8.29e+08 0.0336718 -41.1115 352.05 
8.3e+08 0.0432261 -51.0815 352.474 
8.31e+08 0.0528391 -74.8678 352.898 
8.32e+08 0.00297407 -83.409 353.323 
8.33e+08 0.0167769 -33.9557 353.747 
8.34e+08 0.0512756 -91.0587 354.173 
8.35e+08 0.0199718 -43.3718 354.597 
8.36e+08 0.040663 -16.3131 355.022 
8.37e+08 0.0236199 -27.415 355.447 
8.38e+08 0.03836 -78.7603 355.871 
8.39e+08 0.0398714 -65.5266 356.296 
8.4e+08 0.039687 -63.8566 356.72 
8.41e+08 0.0354057 -50.2418 357.145 
8.42e+08 0.0616601 -48.552 357.569 
8.43e+08 0.0245551 -32.5195 357.994 
8.44e+08 0.0642784 -32.6825 358.419 
8.45e+08 0.0144637 -25.1843 358.844 
8.46e+08 0.0281503 -24.0395 359.269 
8.47e+08 0.0572705 -50.071 359.694 
8.48e+08 0.0541265 -46.0946 360.119 
8.49e+08 0.0545785 -46.0004 360.544 
8.5e+08 0.0418642 -83.5675 360.969 
8.51e+08 0.0399008 -58.194 361.393 
8.52e+08 0.0394938 -23.7559 361.818 
8.53e+08 0.0410281 -35.6979 362.242 
8.54e+08 0.0348121 -105.369 362.667 
8.55e+08 0.0170069 -52.8538 363.091 
8.56e+08 0.0503721 -33.8131 363.516 
8.57e+08 0.0174642 -46.2456 363.941 
8.58e+08 0.0363526 -82.0327 364.365 
8.59e+08 0.0393258 -44.9697 364.789 
8.6e+08 0.0451015 -85.3612 365.213 
8.61e+08 0.0861873 -63.9646 365.637 
8.62e+08 0.0274086 -16.5107 366.062 
8.63e+08 0.0939961 -45.1005 366.486 
8.64e+08 0.020343 -24.8732 366.91 
8.65e+08 0.0768524 -62.8422 367.334 
8.66e+08 0.059646 -109.444 367.759 
8.67e+08 0.0382332 -58.3167 368.183 
8.68e+08 0.0322427 -47.9623 368.607 
8.69e+08 0.0396804 -89.0049 369.031 
8.7e+08 0.0370127 -17.7958 369.454 
8.71e+08 0.0112396 -47.4773 369.878 
8.72e+08 0.0211518 -91.9418 370.304 
8.73e+08 0.0210346 -33.1954 370.729 
8.74e+08 0.0232739 -46.0579 371.156 
8.75e+08 0.0100764 -75.3864 371.581 
8.76e+08 0.0621343 -34.9264 372.006 
8.77e+08 0.076529 -87.8058 372.43 
8.78e+08 0.0483125 -29.3588 372.855 
8.79e+08 0.0252363 -65.6436 373.278 
8.8e+08 0.0453453 -63.0817 373.703 
8.81e+08 0.0462944 -80.5194 374.127 
8.82e+08 0.0623392 -84.845 374.552 
8.83e+08 0.0148403 -48.2316 374.977 
8.84e+08 0.0265894 -11.9404 375.402 
8.85e+08 0.0399412 -20.5665 375.826 
8.86e+08 0.0219223 -51.2836 376.252 
8.87e+08 0.0255312 -36.9792 376.676 
8.88e+08 0.0213007 -61.6557 377.1 
8.89e+08 0.05115 -67.0908 377.524 
8.9e+08 0.0662711 -65.8003 377.949 
8.91e+08 0.0482653 -75.3927 378.374 
8.92e+08 0.0436085 -45.3008 378.797 
8.93e+08 0.0186672 -11.5662 379.223 
8.94e+08 0.0243026 -77.6891 379.648 
8.95e+08 0.0335472 -81.2367 380.072 
8.96e+08 0.0442353 -15.7137 380.497 
8.97e+08 0.0507568 -14.8551 380.921 
8.98e+08 0.0619508 -49.7794 381.346 
8.99e+08 0.0184242 -39.9456 381.769 
9e+08 0.0541539 -70.6723 382.193 
9.01e+08 0.0238849 -45.868 382.617 
9.02e+08 0.0543395 -78.8735 383.041 
9.03e+08 0.046258 -53.3998 383.465 
9.04e+08 0.0940646 -50.5636 383.889 
9.05e+08 0.0458902 -46.5583 384.313 
9.06e+08 0.0478861 -82.7699 384.738 
9.07e+08 0.0706952 -31.0897 385.162 
9.08e+08 0.0611521 -54.9282 385.588 
9.09e+08 0.0422446 -37.6592 386.011 
9.1e+08 0.0716464 -71.7209 386.435 
9.11e+08 0.0415479 -60.4836 386.859 
9.12e+08 0.0222173 -73.6546 387.283 
9.13e+08 0.0355855 -70.9449 387.708 
9.14e+08 0.0184239 -21.7286 388.132 
9.15e+08 0.0455667 -36.4792 388.557 
9.16e+08 0.051323 -44.868 388.983 
9.17e+08 0.0205917 -90.8966 389.408 
9.18e+08 0.0183709 -44.6149 389.834 
9.19e+08 0.0408753 -16.7995 390.258 
9.2e+08 0.0659671 -46.6484 390.684 
9.21e+08 0.0688344 -65.5716 391.109 
9.22e+08 0.0151856 -10.6291 391.535 
9.23e+08 0.0684453 -66.7141 391.96 
9.24e+08 0.0473096 -43.6934 392.384 
9.25e+08 0.0268903 -53.4201 392.808 
9.26e+08 0.0801515 -44.2362 393.233 
9.27e+08 0.0244706 -14.6474 393.658 
9.28e+08 0.0455451 -72.6444 394.082 
9.29e+08 0.0824579 -61.9233 394.506 
9.3e+08 0.0402253 -25.3235 394.932 
9.31e+08 0.0183214 -96.7251 395.357 
9.32e+08 0.0586315 -84.8182 395.784 
9.33e+08 0.076179 -54.5587 396.283 
9.34e+08 0.0181036 -49.0505 396.71 
9.35e+08 0.0693669 -60.0205 397.133 
9.36e+08 0.0831201 -69.1928 397.556 
9.37e+08 0.0452725 -33.0721 397.98 
9.38e+08 0.0491904 -38.343 398.403 
9.39e+08 0.0765121 -45.6834 398.827 
9.4e+08 0.099289 -86.0327 399.249 
9.41e+08 0.0662187 -30.5008 399.673 
9.42e+08 0.0636846 -59.7412 400.097 
9.43e+08 0.0188134 -40.1432 400.52 
9.44e+08 0.0205345 -89.4636 400.943 
9.45e+08 0.0573144 -22.3262 401.366 
9.46e+08 0.0338455 -63.6548 401.79 
9.47e+08 0.00435952 -102.505 402.213 
9.48e+08 0.0272641 -53.1116 402.636 
9.49e+08 0.0204483 -25.8941 403.06 
9.5e+08 0.0319546 -59.4287 403.484 
9.51e+08 0.0477749 -65.4142 403.907 
9.52e+08 0.0262649 -76.2051 404.33 
9.53e+08 0.0839072 -38.4387 404.753 
9.54e+08 0.0475792 2.22297 405.177 
9.55e+08 0.03969 -75.3058 405.6 
9.56e+08 0.0427224 -19.4873 406.025 
9.57e+08 0.0697624 -41.9167 406.449 
9.58e+08 0.0731879 -65.157 406.872 
9.59e+08 0.0439622 -39.3675 407.295 
9.6e+08 0.0910798 -93.8987 407.719 
9.61e+08 0.0634652 -34.3731 408.142 
9.62e+08 0.0656007 -48.1847 408.566 
9.63e+08 0.0343204 -82.0064 408.989 
9.64e+08 0.0572455 -21.8384 409.412 
9.65e+08 0.0670838 -32.6382 409.836 
9.66e+08 0.0619803 -77.1646 410.26 
9.67e+08 0.0285716 5.51979 410.683 
9.68e+08 0.0160865 -85.0809 411.107 
9.69e+08 0.0111674 -43.1239 411.53 
9.7e+08 0.038259 -11.2179 411.955 
9.71e+08 0.0138812 -70.887 412.377 
9.72e+08 0.0573313 -66.9091 412.802 
9.73e+08 0.03521 -52.5991 413.226 
9.74e+08 0.0123292 -40.8961 413.65 
9.75e+08 0.102687 -95.5761 414.076 
9.76e+08 0.0464979 -35.3339 414.501 
9.77e+08 0.0349433 -58.9563 414.925 
9.78e+08 0.0604515 -89.6372 415.349 
9.79e+08 0.0711496 -51.8023 415.776 
9.8e+08 0.0480857 -65.7742 416.2 
9.81e+08 0.0158389 -43.9221 416.625 
9.82e+08 0.0476013 -47.7498 417.051 
9.83e+08 0.0300066 -28.0991 417.476 
9.84e+08 0.0513288 -41.8219 417.9 
9.85e+08 0.0618726 -61.5799 418.326 
9.86e+08 0.0531509 -43.7202 418.749 
9.87e+08 0.0168617 -20.0619 419.174 
9.88e+08 0.0782349 -54.7839 419.599 
9.89e+08 0.0781565 -81.2587 420.025 
9.9e+08 0.0346847 -102.003 420.449 
9.91e+08 0.032777 -36.3183 420.873 
9.92e+08 0.0338301 -5.85392 421.297 
9.93e+08 0.0423539 -22.1463 421.722 
9.94e+08 0.0276966 -39.9066 422.147 
9.95e+08 0.0342214 -52.9856 422.572 
9.96e+08 0.0568756 -48.3506 422.996 
9.97e+08 0.0664145 -82.6807 423.42 
9.98e+08 0.0155426 -60.2804 423.844 
9.99e+08 0.0860799 -70.8547 424.269 
1e+09 0.0472539 -84.3688 424.693 
