0 0.0469289 2.82565 0 
1e+06 0.056323 -67.7606 0.424153 
2e+06 0.0422092 -17.048 0.845722 
3e+06 0.02503 -89.0076 1.26755 
4e+06 0.0588908 -86.1422 1.68878 
5e+06 0.064046 -77.4022 2.11025 
6e+06 0.0725037 -92.3168 2.53156 
7e+06 0.0372565 -42.0904 2.95358 
8e+06 0.0532168 -80.6146 3.37486 
9e+06 0.028014 -82.6349 3.7972 
1e+07 0.0434598 -22.1916 4.21937 
1.1e+07 0.0856997 -36.7967 4.64172 
1.2e+07 0.0195785 -55.6033 5.06395 
1.3e+07 0.0363365 -59.118 5.48615 
1.4e+07 0.0775174 0.82314 5.90881 
1.5e+07 0.087107 -66.1535 6.3309 
1.6e+07 0.0478153 -35.3902 6.7532 
1.7e+07 0.0711037 -76.3699 7.17448 
1.8e+07 0.0643527 -92.2618 7.59603 
1.9e+07 0.0260524 -40.2569 8.01794 
2e+07 0.0531467 -59.8364 8.4394 
2.1e+07 0.0549803 -30.1258 8.86081 
2.2e+07 0.0394653 -43.0171 9.28233 
2.3e+07 0.0223386 -48.1229 9.69734 
2.4e+07 0.0413879 -73.998 10.1112 
2.5e+07 0.0348491 -51.0203 10.5328 
2.6e+07 0.0374806 -38.2979 10.9543 
2.7e+07 0.0376852 -44.6521 11.3756 
2.8e+07 0.0687198 -63.5479 11.7969 
2.9e+07 0.069243 -59.7614 12.2182 
3e+07 0.0758676 -38.5415 12.64 
3.1e+07 0.0369628 -40.0626 13.0614 
3.2e+07 0.018802 -59.4163 13.4828 
3.3e+07 0.0277033 -109.884 13.904 
3.4e+07 0.0272564 -22.9447 14.2935 
3.5e+07 0.0287041 -28.8993 14.6844 
3.6e+07 0.029062 -38.678 15.0948 
3.7e+07 0.0394929 -19.4395 15.5172 
3.8e+07 0.0180736 -77.2677 15.9394 
3.9e+07 0.0385975 -81.4465 16.3617 
4e+07 0.0370692 -78.9151 16.7839 
4.1e+07 0.0228676 -48.1783 17.2062 
4.2e+07 0.0590756 -46.0588 17.6286 
4.3e+07 0.0359149 -19.9323 18.0508 
4.4e+07 0.0426567 -58.735 18.4728 
4.5e+07 0.0839416 -67.5846 18.8949 
4.6e+07 0.0695672 -83.6433 19.3171 
4.7e+07 0.0199939 -66.1292 19.7395 
4.8e+07 0.0740817 -40.0953 20.162 
4.9e+07 0.0263218 -14.7824 20.5839 
5e+07 0.0422085 -25.2409 21.0063 
5.1e+07 0.0447209 -69.4797 21.4279 
5.2e+07 0.0466936 -65.2852 21.8494 
5.3e+07 0.0349781 -71.1062 22.2705 
5.4e+07 0.0194707 -15.9348 22.6916 
5.5e+07 0.0209071 -42.0565 23.1137 
5.6e+07 0.0339139 -71.2631 23.5357 
5.7e+07 0.0242942 -59.3176 23.957 
5.8e+07 0.0527408 -3.2542 24.3789 
5.9e+07 0.0649592 -82.6436 24.8012 
6e+07 0.0578648 -55.2246 25.2233 
6.1e+07 0.0361861 -58.6001 25.6456 
6.2e+07 0.070885 -35.938 26.068 
6.3e+07 0.0480482 -47.0518 26.4903 
6.4e+07 0.0453492 -41.6161 26.9125 
6.5e+07 0.0687388 -47.7013 27.3345 
6.6e+07 0.0749242 -33.1089 27.7436 
6.7e+07 0.0339172 -23.8227 28.1331 
6.8e+07 0.0255872 -57.7492 28.5261 
6.9e+07 0.037785 -20.774 28.9484 
7e+07 0.0345504 -101.926 29.3708 
7.1e+07 0.0478952 -67.7704 29.7929 
7.2e+07 0.0485047 -29.4035 30.1981 
7.3e+07 0.0374464 -66.9271 30.5897 
7.4e+07 0.0823706 -67.6706 30.9828 
7.5e+07 0.0677017 -52.7771 31.3754 
7.6e+07 0.0739726 -15.305 31.7688 
7.7e+07 0.0294189 -30.4564 32.1623 
7.8e+07 0.0589657 -78.1296 32.555 
7.9e+07 0.0417222 -13.2206 32.9458 
8e+07 0.00984581 -38.3255 33.3398 
8.1e+07 0.0345424 -55.3108 33.7329 
8.2e+07 0.0413319 -47.5653 34.1246 
8.3e+07 0.0624039 -67.8464 34.5202 
8.4e+07 0.0558367 -16.9978 34.9138 
8.5e+07 0.0605641 -57.4182 35.3078 
8.6e+07 0.0526627 -31.7105 35.7032 
8.7e+07 0.0437348 -64.5525 36.116 
8.8e+07 0.0578153 -66.0756 36.51 
8.9e+07 0.0661549 -39.0648 36.9046 
9e+07 0.0359358 -55.1342 37.3033 
9.1e+07 0.0606441 -63.2801 37.6967 
9.2e+07 0.0270346 -50.6045 38.1059 
9.3e+07 0.0539721 -45.859 38.5016 
9.4e+07 0.0381626 -41.1672 38.9004 
9.5e+07 0.0101258 -34.1526 39.2994 
9.6e+07 0.025397 -39.5845 39.6932 
9.7e+07 0.0530912 -102.968 40.087 
9.8e+07 0.0527758 -78.9503 40.4805 
9.9e+07 0.0467314 -25.4075 40.8748 
1e+08 0.041128 -36.2191 41.2714 
1.01e+08 0.0420531 -49.9527 41.6648 
1.02e+08 0.0474191 -46.1765 42.0574 
1.03e+08 0.0175731 -40.1955 42.4519 
1.04e+08 0.0658034 -54.7424 42.8469 
1.05e+08 0.0586302 -68.5505 43.2382 
1.06e+08 0.0858416 -83.2485 43.6306 
1.07e+08 0.0169349 -72.1245 44.0195 
1.08e+08 0.026892 -13.0806 44.4088 
1.09e+08 0.0786562 -61.8058 44.7985 
1.1e+08 0.00894675 -59.2751 45.1873 
1.11e+08 0.0324384 -77.4676 45.5793 
1.12e+08 0.0519812 -43.5671 46.0003 
1.13e+08 0.0554389 -84.7973 46.389 
1.14e+08 0.0605872 -78.0736 46.7781 
1.15e+08 0.0741815 -62.897 47.1673 
1.16e+08 0.0584238 -70.9511 47.5562 
1.17e+08 0.0446818 -68.957 47.9449 
1.18e+08 0.0542111 -44.2415 48.3335 
1.19e+08 0.0428672 -33.9446 48.7226 
1.2e+08 0.0650905 -57.8841 49.111 
1.21e+08 0.0628719 -60.6691 49.5004 
1.22e+08 0.022098 -34.9987 49.8891 
1.23e+08 0.0295727 -33.597 50.2778 
1.24e+08 0.0453725 -54.6865 50.6676 
1.25e+08 0.0492851 -44.1893 51.0563 
1.26e+08 0.0544407 -92.4854 51.4475 
1.27e+08 0.0537703 -59.7696 51.8369 
1.28e+08 0.087234 -66.6448 52.2259 
1.29e+08 0.0784713 -41.8486 52.6172 
1.3e+08 0.0368066 -47.4798 53.0083 
1.31e+08 0.0367718 -28.1512 53.4012 
1.32e+08 0.0450792 -40.1236 53.7939 
1.33e+08 0.0502026 -45.6442 54.1849 
1.34e+08 0.0626996 -41.2731 54.5781 
1.35e+08 0.0642564 -64.2771 54.9734 
1.36e+08 0.0513987 -60.9618 55.3687 
1.37e+08 0.0384641 -2.01227 55.7655 
1.38e+08 0.0708823 -68.621 56.1592 
1.39e+08 0.0176333 -65.0813 56.5574 
1.4e+08 0.00719247 0.445898 56.9546 
1.41e+08 0.0557713 -43.6021 57.3492 
1.42e+08 0.027505 -57.7292 57.7439 
1.43e+08 0.0168934 -42.6979 58.14 
1.44e+08 0.0485459 1.46971 58.5336 
1.45e+08 0.0688534 -74.7132 58.9275 
1.46e+08 0.0373919 -51.4681 59.3257 
1.47e+08 0.0325073 -67.3791 59.7206 
1.48e+08 0.0230146 -78.6951 60.1122 
1.49e+08 0.0915453 -79.1369 60.5036 
1.5e+08 0.0616058 -52.8567 60.8946 
1.51e+08 0.0464413 -51.2745 61.2871 
1.52e+08 0.0519925 -30.3889 61.6779 
1.53e+08 0.0587733 -78.8933 62.0989 
1.54e+08 0.0797027 -75.1846 62.4925 
1.55e+08 0.0497571 -43.2081 62.8848 
1.56e+08 0.068038 -30.2338 63.2761 
1.57e+08 0.0168435 -56.771 63.6691 
1.58e+08 0.0592118 -33.2331 64.0603 
1.59e+08 0.0199094 -57.2159 64.453 
1.6e+08 0.0317761 -37.267 64.845 
1.61e+08 0.0464443 -66.4581 65.238 
1.62e+08 0.0464645 -30.1233 65.6291 
1.63e+08 0.026378 -19.7341 66.0203 
1.64e+08 0.0269745 -43.0479 66.412 
1.65e+08 0.0334432 -44.1679 66.8023 
1.66e+08 0.0732678 -36.853 67.1933 
1.67e+08 0.0107503 -64.764 67.584 
1.68e+08 0.0242268 0.939947 67.9764 
1.69e+08 0.052797 -15.3381 68.3668 
1.7e+08 0.0147524 -45.9136 68.76 
1.71e+08 0.0535034 -53.425 69.1521 
1.72e+08 0.0608857 -99.0089 69.5427 
1.73e+08 0.104906 -126.423 69.9366 
1.74e+08 0.0516584 -40.1152 70.3285 
1.75e+08 0.0463113 -47.0494 70.7198 
1.76e+08 0.0256582 -64.4757 71.1101 
1.77e+08 0.0293352 -54.338 71.5025 
1.78e+08 0.0585984 -43.2251 71.8931 
1.79e+08 0.0284704 -72.0392 72.2848 
1.8e+08 0.0326427 -0.21195 72.6762 
1.81e+08 0.0545399 -29.3322 73.0686 
1.82e+08 0.0432514 -40.234 73.4602 
1.83e+08 0.0421286 -56.9992 73.8532 
1.84e+08 0.0693995 -88.9791 74.2439 
1.85e+08 0.0333891 -62.6891 74.6358 
1.86e+08 0.0748186 -85.8131 75.0279 
1.87e+08 0.0904321 -47.4482 75.4189 
1.88e+08 0.0772794 -61.0122 75.8122 
1.89e+08 0.0331232 -10.8152 76.2044 
1.9e+08 0.0446531 -41.5838 76.5975 
1.91e+08 0.0268993 -74.0493 76.9899 
1.92e+08 0.0294799 -67.5025 77.3846 
1.93e+08 0.0278547 -60.992 77.7786 
1.94e+08 0.0628026 -18.7408 78.1991 
1.95e+08 0.070124 -61.7773 78.5894 
1.96e+08 0.0541464 -42.2531 78.9796 
1.97e+08 0.0347914 13.9537 79.3728 
1.98e+08 0.0473814 -17.0463 79.7644 
1.99e+08 0.0285299 -19.5564 80.1548 
2e+08 0.0412195 -17.6777 80.5476 
2.01e+08 0.0520766 -67.8458 80.939 
2.02e+08 0.0514125 -45.7791 81.3298 
2.03e+08 0.0391508 -81.7099 81.7213 
2.04e+08 0.0270889 -19.4312 82.1121 
2.05e+08 0.0261403 -56.4686 82.5045 
2.06e+08 0.0733424 -56.4822 82.8965 
2.07e+08 0.0650564 -57.122 83.2874 
2.08e+08 0.0669147 -76.0327 83.6777 
2.09e+08 0.0589237 -74.3395 84.0693 
2.1e+08 0.037277 -90.8415 84.46 
2.11e+08 0.0133884 -9.57891 84.8527 
2.12e+08 0.0231685 -66.1557 85.2468 
2.13e+08 0.0642597 -53.7437 85.6392 
2.14e+08 0.0509143 -45.2004 86.0295 
2.15e+08 0.0650859 -79.1138 86.4201 
2.16e+08 0.0327397 -42.3481 86.8106 
2.17e+08 0.0468611 -17.1849 87.2024 
2.18e+08 0.0392158 -54.9061 87.5934 
2.19e+08 0.045574 -85.6622 87.9926 
2.2e+08 0.033953 -45.2377 88.3871 
2.21e+08 0.0212844 -83.53 88.7799 
2.22e+08 0.0477581 -21.0292 89.1715 
2.23e+08 0.0240133 -72.4607 89.563 
2.24e+08 0.0395793 -46.4391 89.9593 
2.25e+08 0.0146118 -38.824 90.3534 
2.26e+08 0.029194 -41.6384 90.7489 
2.27e+08 0.0789027 -51.6163 91.1562 
2.28e+08 0.0383804 -26.7851 91.5777 
2.29e+08 0.0483554 -32.6485 91.9993 
2.3e+08 0.0481917 -40.6632 92.404 
2.31e+08 0.0728206 -21.115 92.798 
2.32e+08 0.0233843 -23.8657 93.1892 
2.33e+08 0.0398884 -25.263 93.5817 
2.34e+08 0.0112243 -11.8978 93.9731 
2.35e+08 0.0328338 -19.0952 94.3685 
2.36e+08 0.0525861 -79.9566 94.7634 
2.37e+08 0.0715454 -28.083 95.1601 
2.38e+08 0.0366302 -26.6796 95.5528 
2.39e+08 0.0792354 -98.8142 95.9479 
2.4e+08 0.0467902 -52.4115 96.3432 
2.41e+08 0.0244764 -74.6563 96.7328 
2.42e+08 0.0158722 -50.4572 97.1276 
2.43e+08 0.0525262 -70.7055 97.5168 
2.44e+08 0.0756496 -105.105 97.907 
2.45e+08 0.0519742 -35.1453 98.2974 
2.46e+08 0.075964 -51.735 98.6874 
2.47e+08 0.0595128 -38.545 99.0768 
2.48e+08 0.0274138 -64.3721 99.4665 
2.49e+08 0.0731914 -84.4574 99.856 
2.5e+08 0.0109089 -48.3838 100.245 
2.51e+08 0.0460724 -55.4149 100.634 
2.52e+08 0.0414162 -11.9129 101.023 
2.53e+08 0.0627294 -47.6955 101.413 
2.54e+08 0.0347507 -97.6291 101.802 
2.55e+08 0.042852 -62.4145 102.192 
2.56e+08 0.0453183 -86.4391 102.581 
2.57e+08 0.0702275 -41.9194 102.972 
2.58e+08 0.0321338 -81.1183 103.391 
2.59e+08 0.0204224 -66.8195 103.813 
2.6e+08 0.0299548 -75.0774 104.224 
2.61e+08 0.0384115 -25.3253 104.646 
2.62e+08 0.0133598 -29.5834 105.068 
2.63e+08 0.0433086 -31.2745 105.489 
2.64e+08 0.0443644 -60.3638 105.911 
2.65e+08 0.0455143 -90.2985 106.332 
2.66e+08 0.0367012 -56.9708 106.754 
2.67e+08 0.0683228 -63.3815 107.175 
2.68e+08 0.0383405 -94.4298 107.596 
2.69e+08 0.0206759 -33.8268 108.017 
2.7e+08 0.0385629 -43.9915 108.439 
2.71e+08 0.0986566 -47.1766 108.86 
2.72e+08 0.0215467 -26.3425 109.281 
2.73e+08 0.0494313 -52.1713 109.703 
2.74e+08 0.0196807 9.81874 110.124 
2.75e+08 0.0458609 -27.6608 110.545 
2.76e+08 0.05527 -10.642 110.967 
2.77e+08 0.0224988 5.84896 111.388 
2.78e+08 0.0367722 -27.0068 111.81 
2.79e+08 0.0575876 -53.1588 112.231 
2.8e+08 0.0273712 -36.8577 112.652 
2.81e+08 0.0509241 -31.1816 113.074 
2.82e+08 0.0682189 -73.1981 113.495 
2.83e+08 0.0548597 -65.2423 113.917 
2.84e+08 0.0571992 -55.5044 114.338 
2.85e+08 0.032272 -17.933 114.754 
2.86e+08 0.0470515 -56.2155 115.143 
2.87e+08 0.0675673 -46.5387 115.532 
2.88e+08 0.0403704 -35.5783 115.922 
2.89e+08 0.00916864 -63.8728 116.311 
2.9e+08 0.0486869 -17.6181 116.701 
2.91e+08 0.00777559 -60.9179 117.09 
2.92e+08 0.0331176 -53.3237 117.48 
2.93e+08 0.0486142 -48.9025 117.869 
2.94e+08 0.0330479 -65.5472 118.259 
2.95e+08 0.0511123 -79.4647 118.649 
2.96e+08 0.0531116 -63.5068 119.045 
2.97e+08 0.0394149 -30.392 119.461 
2.98e+08 0.0397802 -76.1722 119.86 
2.99e+08 0.0256442 -31.9551 120.282 
3e+08 0.0226686 -18.8906 120.693 
3.01e+08 0.0433489 -0.974853 121.084 
3.02e+08 0.0476215 -59.278 121.473 
3.03e+08 0.0776155 -55.132 121.863 
3.04e+08 0.0622084 -51.1245 122.252 
3.05e+08 0.0916077 -27.3254 122.641 
3.06e+08 0.083846 -79.2869 123.031 
3.07e+08 0.0298998 -53.2397 123.42 
3.08e+08 0.0483576 -81.7363 123.809 
3.09e+08 0.0620247 -64.1878 124.223 
3.1e+08 0.0551299 -11.787 124.637 
3.11e+08 0.0671109 -63.239 125.027 
3.12e+08 0.0775205 -23.4062 125.416 
3.13e+08 0.0749884 -74.1673 125.805 
3.14e+08 0.0932025 -61.9158 126.195 
3.15e+08 0.0714241 -31.815 126.585 
3.16e+08 0.0416454 -63.8145 126.974 
3.17e+08 0.0658869 -4.04191 127.364 
3.18e+08 0.0452467 -77.6407 127.754 
3.19e+08 0.0379863 -54.2544 128.143 
3.2e+08 0.0585289 -81.3017 128.534 
3.21e+08 0.0669233 -48.0779 128.924 
3.22e+08 0.0421757 -55.03 129.314 
3.23e+08 0.056729 -53.9212 129.704 
3.24e+08 0.0474856 -62.2998 130.093 
3.25e+08 0.0238813 -43.7654 130.483 
3.26e+08 0.0499248 -91.4449 130.872 
3.27e+08 0.0475648 -42.9056 131.261 
3.28e+08 0.032454 -101.195 131.651 
3.29e+08 0.0467472 -53.7325 132.058 
3.3e+08 0.058449 -38.3941 132.447 
3.31e+08 0.0492331 -78.7373 132.839 
3.32e+08 0.0451359 -14.4423 133.236 
3.33e+08 0.0690852 -88.5328 133.626 
3.34e+08 0.0480498 -58.76 134.016 
3.35e+08 0.0313643 -22.2035 134.407 
3.36e+08 0.0755117 -90.9905 134.8 
3.37e+08 0.0670125 -53.7768 135.19 
3.38e+08 0.021284 -17.608 135.58 
3.39e+08 0.0422461 -45.9033 135.97 
3.4e+08 0.0484963 -62.6 136.361 
3.41e+08 0.0599063 -50.702 136.758 
3.42e+08 0.0436434 -45.8913 137.177 
3.43e+08 0.0611751 -84.4056 137.566 
3.44e+08 0.015089 -39.7163 137.956 
3.45e+08 0.0516757 -53.4085 138.349 
3.46e+08 0.0338876 -47.6712 138.74 
3.47e+08 0.016671 -24.1966 139.13 
3.48e+08 0.0599946 -64.5412 139.542 
3.49e+08 0.0173665 -57.8255 139.95 
3.5e+08 0.0263675 -40.3435 140.34 
3.51e+08 0.0483945 -38.5339 140.731 
3.52e+08 0.0423498 -30.1482 141.131 
3.53e+08 0.0763512 0.0440146 141.523 
3.54e+08 0.0572978 -61.8778 141.912 
3.55e+08 0.0346632 -61.673 142.302 
3.56e+08 0.0422413 -44.5462 142.694 
3.57e+08 0.0430786 -28.5953 143.113 
3.58e+08 0.0356374 -18.8963 143.503 
3.59e+08 0.0385573 -25.5199 143.893 
3.6e+08 0.0373688 -33.4589 144.284 
3.61e+08 0.0269412 -25.7171 144.674 
3.62e+08 0.0522628 -54.2215 145.065 
3.63e+08 0.0600178 -49.9231 145.46 
3.64e+08 0.0214373 -62.1541 145.851 
3.65e+08 0.0405478 -57.9379 146.241 
3.66e+08 0.0465602 -34.2911 146.631 
3.67e+08 0.0599344 -46.7789 147.021 
3.68e+08 0.0337244 -85.272 147.411 
3.69e+08 0.0491776 -96.9872 147.833 
3.7e+08 0.0525361 -90.0787 148.254 
3.71e+08 0.0545108 -24.7607 148.676 
3.72e+08 0.0485889 -46.9137 149.099 
3.73e+08 0.0265831 -60.8554 149.52 
3.74e+08 0.0381626 -37.5892 149.942 
3.75e+08 0.0207791 -63.6348 150.363 
3.76e+08 0.0338069 -76.4433 150.785 
3.77e+08 0.0550416 -71.1539 151.207 
3.78e+08 0.0344622 -28.4758 151.628 
3.79e+08 0.060186 -23.42 152.05 
3.8e+08 0.0489554 -57.5765 152.472 
3.81e+08 0.0664251 -45.4951 152.893 
3.82e+08 0.0710325 -66.7179 153.315 
3.83e+08 0.0536001 -51.3367 153.737 
3.84e+08 0.0334498 -56.6183 154.158 
3.85e+08 0.0311278 -72.2508 154.58 
3.86e+08 0.03039 -55.9881 155.002 
3.87e+08 0.00989893 -55.0955 155.424 
3.88e+08 0.0496759 -79.4255 155.845 
3.89e+08 0.035214 -35.0874 156.267 
3.9e+08 0.0211555 -23.5131 156.688 
3.91e+08 0.044217 -55.2874 157.11 
3.92e+08 0.0531347 -54.9539 157.531 
3.93e+08 0.0310289 -9.25655 157.953 
3.94e+08 0.018449 -24.5165 158.375 
3.95e+08 0.0318622 -84.3988 158.796 
3.96e+08 0.016551 -65.8198 159.218 
3.97e+08 0.0409514 -54.646 159.641 
3.98e+08 0.070167 -11.3053 160.062 
3.99e+08 0.0671077 -32.8519 160.484 
4e+08 0.024633 -73.1559 160.905 
4.01e+08 0.0232834 -52.3121 161.327 
4.02e+08 0.0576284 -53.5168 161.748 
4.03e+08 0.0444636 -64.2912 162.17 
4.04e+08 0.0562332 -23.9567 162.592 
4.05e+08 0.022677 -41.5379 163.013 
4.06e+08 0.0550738 -72.0869 163.435 
4.07e+08 0.0297555 -58.3293 163.857 
4.08e+08 0.05324 -34.5435 164.278 
4.09e+08 0.0393988 -28.5622 164.7 
4.1e+08 0.0220555 2.90218 165.122 
4.11e+08 0.0561869 -77.6286 165.544 
4.12e+08 0.00841902 -75.6878 165.965 
4.13e+08 0.0475435 -22.7998 166.387 
4.14e+08 0.0404227 -76.2756 166.808 
4.15e+08 0.0475672 -89.3724 167.23 
4.16e+08 0.0341902 -55.873 167.652 
4.17e+08 0.0553162 -38.4902 168.074 
4.18e+08 0.0432621 -46.2084 168.496 
4.19e+08 0.0519102 -65.3454 168.918 
4.2e+08 0.05082 -80.2814 169.339 
4.21e+08 0.0517027 -82.716 169.761 
4.22e+08 0.0278314 33.2011 170.182 
4.23e+08 0.017469 -52.7289 170.604 
4.24e+08 0.0338161 -76.4883 171.026 
4.25e+08 0.0267645 -34.2689 171.448 
4.26e+08 0.068365 -46.0122 171.869 
4.27e+08 0.0567929 -84.9711 172.291 
4.28e+08 0.018036 -34.5547 172.712 
4.29e+08 0.0510141 -90.0268 173.134 
4.3e+08 0.0242291 -61.4613 173.555 
4.31e+08 0.0453133 -56.4627 173.977 
4.32e+08 0.0227707 -42.1135 174.399 
4.33e+08 0.0571949 -71.8356 174.82 
4.34e+08 0.0297812 -79.4776 175.242 
4.35e+08 0.0698439 -80.9946 175.664 
4.36e+08 0.0800107 -35.6728 176.085 
4.37e+08 0.0559085 -34.7881 176.507 
4.38e+08 0.0442758 -93.2011 176.929 
4.39e+08 0.106036 -73.9073 177.351 
4.4e+08 0.0588817 -78.1873 177.773 
4.41e+08 0.0242028 -61.5217 178.194 
4.42e+08 0.00854109 -46.3476 178.616 
4.43e+08 0.0155474 -86.2977 179.038 
4.44e+08 0.0479306 -51.3873 179.459 
4.45e+08 0.0674217 -75.9846 179.881 
4.46e+08 0.0152194 -24.097 180.303 
4.47e+08 0.0492704 -57.416 180.725 
4.48e+08 0.0186164 -35.9272 181.146 
4.49e+08 0.025933 -60.4322 181.568 
4.5e+08 0.0536918 -34.5831 181.99 
4.51e+08 0.0581591 -17.9073 182.411 
4.52e+08 0.0605397 -86.0224 182.833 
4.53e+08 0.0638063 -32.8757 183.254 
4.54e+08 0.0442744 -20.2742 183.676 
4.55e+08 0.0425251 -10.6858 184.098 
4.56e+08 0.0749511 -56.393 184.52 
4.57e+08 0.05007 -61.5258 184.941 
4.58e+08 0.0537151 -18.52 185.363 
4.59e+08 0.0707149 -41.7857 185.784 
4.6e+08 0.0358937 -46.8082 186.206 
4.61e+08 0.0309176 -32.9338 186.628 
4.62e+08 0.0482791 -49.1577 187.05 
4.63e+08 0.0462097 -64.2873 187.472 
4.64e+08 0.0617995 -40.2703 187.894 
4.65e+08 0.0436455 -23.2774 188.316 
4.66e+08 0.0286735 -16.3332 188.738 
4.67e+08 0.0689204 -58.9173 189.16 
4.68e+08 0.050893 -85.8511 189.582 
4.69e+08 0.0564709 -19.1778 190.004 
4.7e+08 0.0345097 -71.7999 190.426 
4.71e+08 0.0665965 -57.8648 190.848 
4.72e+08 0.0299953 -24.4138 191.269 
4.73e+08 0.0785724 -85.305 191.691 
4.74e+08 0.0559984 -63.4071 192.113 
4.75e+08 0.0474516 -52.8965 192.535 
4.76e+08 0.0125928 -7.5415 192.957 
4.77e+08 0.0463663 -59.9807 193.379 
4.78e+08 0.0411715 -68.0203 193.801 
4.79e+08 0.048921 -100.243 194.223 
4.8e+08 0.0707542 -52.0251 194.646 
4.81e+08 0.0371336 -58.0275 195.068 
4.82e+08 0.0544774 -40.9489 195.49 
4.83e+08 0.0531153 -29.2623 195.912 
4.84e+08 0.0304764 -43.6824 196.333 
4.85e+08 0.0727433 -69.1788 196.755 
4.86e+08 0.0223494 -41.9976 197.176 
4.87e+08 0.00778868 -19.1933 197.597 
4.88e+08 0.0312006 -71.1633 198.019 
4.89e+08 0.020673 -52.8286 198.441 
4.9e+08 0.0514232 -24.4955 198.862 
4.91e+08 0.0654109 -45.3824 199.284 
4.92e+08 0.0446218 -44.9094 199.706 
4.93e+08 0.0596569 -22.156 200.127 
4.94e+08 0.104567 -49.8286 200.549 
4.95e+08 0.0303536 -53.3558 200.971 
4.96e+08 0.0561387 -67.7459 201.393 
4.97e+08 0.0458322 -62.0151 201.814 
4.98e+08 0.0373845 -20.4746 202.236 
4.99e+08 0.0144687 -41.2488 202.657 
5e+08 0.0330787 -47.6914 203.079 
5.01e+08 0.0420986 -42.9388 203.501 
5.02e+08 0.0256896 -29.4977 203.922 
5.03e+08 0.0800381 -60.5041 204.344 
5.04e+08 0.0636002 -51.1549 204.766 
5.05e+08 0.0519192 -74.4661 205.188 
5.06e+08 0.0348036 -60.5416 205.61 
5.07e+08 0.0259523 -28.8914 206.032 
5.08e+08 0.0677543 -36.3051 206.454 
5.09e+08 0.0614777 -58.3103 206.877 
5.1e+08 0.0247754 -49.2352 207.299 
5.11e+08 0.0309727 -29.5688 207.722 
5.12e+08 0.0708062 -67.2906 208.143 
5.13e+08 0.0561008 -26.516 208.564 
5.14e+08 0.0571926 -95.3741 208.986 
5.15e+08 0.025453 -41.7334 209.408 
5.16e+08 0.0162643 -41.4313 209.802 
5.17e+08 0.0285239 -84.2288 210.191 
5.18e+08 0.0806283 -63.4178 210.581 
5.19e+08 0.080009 -92.7094 210.973 
5.2e+08 0.0255716 -28.127 211.395 
5.21e+08 0.0740793 -71.7951 211.818 
5.22e+08 0.0550266 -40.3442 212.24 
5.23e+08 0.0142451 -58.8621 212.663 
5.24e+08 0.0681757 -54.4774 213.085 
5.25e+08 0.0496662 -48.9403 213.507 
5.26e+08 0.0503297 -91.0835 213.93 
5.27e+08 0.0236842 -33.6992 214.352 
5.28e+08 0.0652364 -58.4954 214.775 
5.29e+08 0.0604063 -62.5146 215.197 
5.3e+08 0.0842778 -47.3776 215.619 
5.31e+08 0.0110841 -38.4187 216.041 
5.32e+08 0.0557236 -75.0939 216.464 
5.33e+08 0.0568607 -85.7371 216.886 
5.34e+08 0.0462764 -43.2742 217.308 
5.35e+08 0.0498771 -41.5895 217.731 
5.36e+08 0.0349064 -39.4839 218.152 
5.37e+08 0.0488399 -48.6361 218.575 
5.38e+08 0.0396711 -38.6241 218.996 
5.39e+08 0.055711 -25.7981 219.418 
5.4e+08 0.0539541 -3.17141 219.84 
5.41e+08 0.0192474 -62.1418 220.233 
5.42e+08 0.0610752 -22.2311 220.622 
5.43e+08 0.0572167 -43.1084 221.012 
5.44e+08 0.0443111 -59.8224 221.402 
5.45e+08 0.0513335 -28.7865 221.791 
5.46e+08 0.0242256 -48.6868 222.181 
5.47e+08 0.0449124 -54.8917 222.582 
5.48e+08 0.0650958 -65.9258 223.004 
5.49e+08 0.0492072 -22.1412 223.425 
5.5e+08 0.042826 -49.2941 223.847 
5.51e+08 0.022899 -60.4785 224.269 
5.52e+08 0.0306182 -43.2609 224.691 
5.53e+08 0.0458871 -50.8223 225.114 
5.54e+08 0.0639422 -95.6861 225.536 
5.55e+08 0.0723511 -65.1698 225.958 
5.56e+08 0.0332138 -36.5789 226.38 
5.57e+08 0.0307256 -69.4852 226.803 
5.58e+08 0.0222672 -69.9191 227.225 
5.59e+08 0.0454246 -70.3922 227.647 
5.6e+08 0.0322154 -54.1261 228.07 
5.61e+08 0.0323867 -30.5554 228.474 
5.62e+08 0.0316481 -58.8558 228.864 
5.63e+08 0.0481949 -34.7801 229.28 
5.64e+08 0.0167577 -70.8178 229.703 
5.65e+08 0.0841008 -62.9619 230.124 
5.66e+08 0.0441125 -33.5825 230.546 
5.67e+08 0.045607 5.58499 230.968 
5.68e+08 0.0196177 -49.9954 231.39 
5.69e+08 0.0756477 -40.7657 231.812 
5.7e+08 0.0599824 -28.1296 232.234 
5.71e+08 0.0274778 -37.977 232.656 
5.72e+08 0.0277844 -67.0889 233.079 
5.73e+08 0.0350682 -100.756 233.502 
5.74e+08 0.0171783 -69.0716 233.924 
5.75e+08 0.0317005 -93.149 234.346 
5.76e+08 0.0814263 -43.7502 234.769 
5.77e+08 0.0426427 -50.9412 235.191 
5.78e+08 0.0121199 -46.7642 235.613 
5.79e+08 0.0149111 -29.8362 236.035 
5.8e+08 0.0281169 -42.6104 236.458 
5.81e+08 0.0559483 -33.5351 236.88 
5.82e+08 0.0343645 -35.1984 237.302 
5.83e+08 0.0498223 -49.635 237.723 
5.84e+08 0.0488269 -78.9097 238.145 
5.85e+08 0.0491779 -79.6967 238.566 
5.86e+08 0.0446422 -58.6816 238.988 
5.87e+08 0.0435078 -20.7885 239.409 
5.88e+08 0.0413924 -54.9073 239.832 
5.89e+08 0.0613485 -71.9998 240.226 
5.9e+08 0.0274495 -31.7647 240.615 
5.91e+08 0.0391499 -64.6128 241.006 
5.92e+08 0.0431259 -34.9573 241.397 
5.93e+08 0.0367526 -52.23 241.787 
5.94e+08 0.0385721 -83.8685 242.176 
5.95e+08 0.0422076 -41.815 242.566 
5.96e+08 0.0552962 -46.8202 242.957 
5.97e+08 0.0481005 -25.8379 243.346 
5.98e+08 0.0728786 -60.4601 243.735 
5.99e+08 0.0699978 -64.975 244.124 
6e+08 0.0481241 -51.626 244.515 
6.01e+08 0.0231732 -51.2664 244.904 
6.02e+08 0.0454007 -73.2317 245.293 
6.03e+08 0.0456121 -46.0592 245.683 
6.04e+08 0.0333816 -62.9933 246.072 
6.05e+08 0.0712943 -41.2904 246.461 
6.06e+08 0.0290224 -82.4946 246.85 
6.07e+08 0.0609918 -69.2661 247.24 
6.08e+08 0.0414759 -64.5992 247.629 
6.09e+08 0.0280577 -20.8449 248.019 
6.1e+08 0.0404526 -63.2968 248.408 
6.11e+08 0.042192 -79.266 248.797 
6.12e+08 0.0416694 -89.4816 249.191 
6.13e+08 0.0169585 0.584919 249.612 
6.14e+08 0.0855583 -83.0139 250.034 
6.15e+08 0.0486433 -52.5098 250.456 
6.16e+08 0.0126544 -75.3186 250.878 
6.17e+08 0.047161 -45.7132 251.3 
6.18e+08 0.0141492 -42.385 251.722 
6.19e+08 0.057083 -37.3114 252.143 
6.2e+08 0.0368173 -16.0086 252.565 
6.21e+08 0.0474843 -13.1863 252.987 
6.22e+08 0.0641378 -7.80516 253.408 
6.23e+08 0.0668712 -23.6077 253.83 
6.24e+08 0.0634675 -14.879 254.252 
6.25e+08 0.0542355 -57.3968 254.674 
6.26e+08 0.0587266 -29.7404 255.095 
6.27e+08 0.0797606 -108.947 255.517 
6.28e+08 0.0366922 -49.6619 255.938 
6.29e+08 0.0192219 -62.1989 256.36 
6.3e+08 0.0502169 -81.7347 256.781 
6.31e+08 0.0656132 -30.1895 257.203 
6.32e+08 0.0491104 -35.3486 257.624 
6.33e+08 0.0178178 -33.3139 258.046 
6.34e+08 0.0313304 -52.7313 258.467 
6.35e+08 0.0473325 -47.0668 258.889 
6.36e+08 0.0180688 -63.0432 259.31 
6.37e+08 0.0571651 -67.2739 259.732 
6.38e+08 0.00883862 -63.7238 260.153 
6.39e+08 0.0411663 -50.0497 260.575 
6.4e+08 0.0384145 -31.772 260.997 
6.41e+08 0.047779 -78.5535 261.42 
6.42e+08 0.0490129 -24.2329 261.841 
6.43e+08 0.0305956 -26.7614 262.263 
6.44e+08 0.079994 -43.2833 262.685 
6.45e+08 0.0260741 -88.1157 263.107 
6.46e+08 0.0581636 -51.1072 263.529 
6.47e+08 0.0327213 -49.559 263.951 
6.48e+08 0.0318694 -42.0959 264.373 
6.49e+08 0.0272675 -39.072 264.795 
6.5e+08 0.0481858 -73.4403 265.216 
6.51e+08 0.0154631 -59.3914 265.638 
6.52e+08 0.0264724 -47.6807 266.059 
6.53e+08 0.0285051 -53.6847 266.481 
6.54e+08 0.0819438 -80.669 266.902 
6.55e+08 0.0304605 -30.9858 267.324 
6.56e+08 0.0262663 -67.8299 267.745 
6.57e+08 0.0230244 -64.7262 268.167 
6.58e+08 0.0265433 -45.6189 268.588 
6.59e+08 0.0421161 -18.1005 269.01 
6.6e+08 0.0740204 -72.7859 269.432 
6.61e+08 0.0250978 -50.3438 269.854 
6.62e+08 0.0614108 -63.587 270.276 
6.63e+08 0.0195049 -46.5808 270.698 
6.64e+08 0.0535703 -51.5169 271.119 
6.65e+08 0.0204638 -70.4434 271.541 
6.66e+08 0.0512973 -55.2674 271.962 
6.67e+08 0.0191606 -46.3476 272.384 
6.68e+08 0.040916 -78.0951 272.806 
6.69e+08 0.0500336 -68.6645 273.227 
6.7e+08 0.037625 -51.0521 273.649 
6.71e+08 0.0394443 -47.1655 274.071 
6.72e+08 0.059188 -61.5808 274.492 
6.73e+08 0.050173 -51.1002 274.914 
6.74e+08 0.0178097 -41.8268 275.336 
6.75e+08 0.0290465 -64.591 275.757 
6.76e+08 0.0355732 -61.4839 276.179 
6.77e+08 0.0517333 -41.2375 276.6 
6.78e+08 0.0224026 -94.697 277.022 
6.79e+08 0.0582667 -29.0382 277.443 
6.8e+08 0.017489 -62.7112 277.865 
6.81e+08 0.0396547 -69.246 278.287 
6.82e+08 0.0795324 -64.8029 278.709 
6.83e+08 0.0533565 -27.8539 279.131 
6.84e+08 0.0552998 -79.8854 279.553 
6.85e+08 0.0337633 -59.25 279.974 
6.86e+08 0.0310711 -51.5812 280.396 
6.87e+08 0.075226 -41.7572 280.817 
6.88e+08 0.037657 -49.1552 281.24 
6.89e+08 0.0541854 -42.4935 281.661 
6.9e+08 0.0261572 -58.4337 282.083 
6.91e+08 0.053323 -28.1371 282.505 
6.92e+08 0.0429929 -59.1985 282.926 
6.93e+08 0.0648697 -43.2974 283.348 
6.94e+08 0.0437043 -17.3273 283.77 
6.95e+08 0.0678211 -79.1951 284.191 
6.96e+08 0.0373159 -15.3823 284.613 
6.97e+08 0.0369823 -50.623 285.034 
6.98e+08 0.0657961 -79.0545 285.456 
6.99e+08 0.072957 -68.3176 285.878 
7e+08 0.0427989 -32.713 286.299 
7.01e+08 0.0221278 -17.3899 286.721 
7.02e+08 0.0759549 -48.733 287.144 
7.03e+08 0.050328 -18.9867 287.565 
7.04e+08 0.0565619 -48.9426 287.987 
7.05e+08 0.0477202 -72.3261 288.409 
7.06e+08 0.0487401 -65.5289 288.83 
7.07e+08 0.0364249 -55.5832 289.252 
7.08e+08 0.0547427 -75.8275 289.674 
7.09e+08 0.0564542 -43.76 290.096 
7.1e+08 0.0447494 -30.602 290.517 
7.11e+08 0.0613922 -41.1892 290.939 
7.12e+08 0.0630283 -74.4361 291.361 
7.13e+08 0.050077 -28.3148 291.782 
7.14e+08 0.0507438 18.1296 292.204 
7.15e+08 0.0394372 -47.134 292.625 
7.16e+08 0.0762077 -51.6563 293.047 
7.17e+08 0.0317046 -58.4081 293.469 
7.18e+08 0.0502269 -84.5985 293.891 
7.19e+08 0.0740116 -20.1447 294.312 
7.2e+08 0.0568594 -73.6765 294.734 
7.21e+08 0.017336 -74.3656 295.155 
7.22e+08 0.042939 -91.0636 295.578 
7.23e+08 0.0379315 -19.331 296 
7.24e+08 0.0784312 -63.9743 296.422 
7.25e+08 0.0597719 -28.6851 296.843 
7.26e+08 0.0204379 -32.3311 297.265 
7.27e+08 0.0796854 -76.3123 297.686 
7.28e+08 0.0142307 -45.62 298.108 
7.29e+08 0.0682606 -58.1439 298.53 
7.3e+08 0.0223357 -69.1115 298.952 
7.31e+08 0.0540726 -20.2084 299.374 
7.32e+08 0.0480547 -50.2728 299.796 
7.33e+08 0.084993 -74.9799 300.217 
7.34e+08 0.0734338 -18.5552 300.639 
7.35e+08 0.0413593 -37.1566 301.06 
7.36e+08 0.0668363 -38.2877 301.482 
7.37e+08 0.0659144 -91.2973 301.904 
7.38e+08 0.0514125 -64.3287 302.325 
7.39e+08 0.0525072 -16.664 302.747 
7.4e+08 0.0479864 -49.1522 303.168 
7.41e+08 0.0578372 -29.7449 303.589 
7.42e+08 0.0403532 -109.714 304.011 
7.43e+08 0.0549562 -5.45581 304.433 
7.44e+08 0.0202831 -47.4865 304.855 
7.45e+08 0.0701448 -50.331 305.277 
7.46e+08 0.0541786 -37.0051 305.698 
7.47e+08 0.0314026 -75.6206 306.12 
7.48e+08 0.0255352 -47.4264 306.541 
7.49e+08 0.0574365 -25.8405 306.963 
7.5e+08 0.0537834 -79.0127 307.384 
7.51e+08 0.0243598 -16.9516 307.806 
7.52e+08 0.0363315 -28.3714 308.227 
7.53e+08 0.0720595 -38.9775 308.649 
7.54e+08 0.0618511 -95.8791 309.071 
7.55e+08 0.0215221 -46.4433 309.492 
7.56e+08 0.0266237 -45.4437 309.914 
7.57e+08 0.0421988 -23.9474 310.335 
7.58e+08 0.0304405 -47.2227 310.757 
7.59e+08 0.0555757 -66.0502 311.178 
7.6e+08 0.0436151 -86.7473 311.6 
7.61e+08 0.0762749 -41.6729 312.021 
7.62e+08 0.0131832 -11.864 312.442 
7.63e+08 0.0223786 -59.2551 312.864 
7.64e+08 0.0346845 -23.1246 313.285 
7.65e+08 0.0674046 -57.6016 313.707 
7.66e+08 0.0670539 -59.9114 314.129 
7.67e+08 0.0291035 -54.9765 314.55 
7.68e+08 0.0525681 -45.4672 314.972 
7.69e+08 0.0726218 -61.7575 315.394 
7.7e+08 0.103807 -86.2466 315.816 
7.71e+08 0.0313823 -39.8884 316.238 
7.72e+08 0.0143712 -50.6794 316.66 
7.73e+08 0.0383885 -55.6687 317.082 
7.74e+08 0.0754601 -69.7418 317.503 
7.75e+08 0.0719096 -31.4707 317.925 
7.76e+08 0.00786428 -65.653 318.346 
7.77e+08 0.027515 -47.7217 318.767 
7.78e+08 0.0410224 -39.5416 319.189 
7.79e+08 0.0547722 -61.2923 319.611 
7.8e+08 0.035471 -20.9726 320.032 
7.81e+08 0.0558979 -62.4895 320.454 
7.82e+08 0.0453348 -59.1381 320.876 
7.83e+08 0.0295808 -46.6084 321.298 
7.84e+08 0.0318428 -12.3208 321.719 
7.85e+08 0.0427409 -14.5884 322.14 
7.86e+08 0.0269909 -39.3975 322.562 
7.87e+08 0.0302887 -43.0347 322.984 
7.88e+08 0.0588167 -76.1022 323.406 
7.89e+08 0.0793444 -54.7693 323.827 
7.9e+08 0.0532184 -46.4409 324.249 
7.91e+08 0.0388051 -55.9081 324.67 
7.92e+08 0.0238686 -122.563 325.092 
7.93e+08 0.0209986 -23.8902 325.513 
7.94e+08 0.0513292 -66.4261 325.934 
7.95e+08 0.0670289 -87.2637 326.356 
7.96e+08 0.0613891 -48.7686 326.773 
7.97e+08 0.0687743 -62.1691 327.162 
7.98e+08 0.0492912 -54.506 327.579 
7.99e+08 0.0384827 -61.2155 328.001 
8e+08 0.0512956 -53.3976 328.424 
8.01e+08 0.0489378 -29.1179 328.846 
8.02e+08 0.0116282 -31.3566 329.268 
8.03e+08 0.109847 -79.4945 329.691 
8.04e+08 0.045124 1.64641 330.113 
8.05e+08 0.02179 -62.8007 330.535 
8.06e+08 0.012713 -34.092 330.957 
8.07e+08 0.0244855 -70.0618 331.379 
8.08e+08 0.0814072 -45.4126 331.801 
8.09e+08 0.0876974 -59.0092 332.223 
8.1e+08 0.0325369 -51.924 332.645 
8.11e+08 0.071901 -22.6904 333.068 
8.12e+08 0.0265848 -26.1317 333.49 
8.13e+08 0.0293138 -33.7711 333.913 
8.14e+08 0.0574035 -57.5654 334.335 
8.15e+08 0.0186071 -63.3979 334.758 
8.16e+08 0.0371466 -68.936 335.18 
8.17e+08 0.0529622 -51.6165 335.602 
8.18e+08 0.0313048 -31.7633 336.025 
8.19e+08 0.0516788 -45.3394 336.423 
8.2e+08 0.0436258 -42.742 336.816 
8.21e+08 0.0640226 -44.7203 337.221 
8.22e+08 0.0520335 -43.5169 337.611 
8.23e+08 0.0377335 -42.8255 338.03 
8.24e+08 0.0340866 -39.0831 338.42 
8.25e+08 0.0578348 -64.2813 338.809 
8.26e+08 0.0419016 -42.9092 339.199 
8.27e+08 0.0587768 -27.4875 339.588 
8.28e+08 0.0656725 -108.694 340.001 
8.29e+08 0.0292461 -57.3905 340.423 
8.3e+08 0.0845923 -67.173 340.846 
8.31e+08 0.0167953 -64.5889 341.268 
8.32e+08 0.0187656 -56.7307 341.691 
8.33e+08 0.0689266 -54.3803 342.113 
8.34e+08 0.0456772 -14.9547 342.535 
8.35e+08 0.0277471 -14.0345 342.958 
8.36e+08 0.0485734 -58.4592 343.38 
8.37e+08 0.0346899 -13.0271 343.802 
8.38e+08 0.041516 -45.2189 344.217 
8.39e+08 0.0887229 -37.645 344.607 
8.4e+08 0.0179013 -58.9274 344.996 
8.41e+08 0.0238684 -59.3172 345.404 
8.42e+08 0.0328013 -25.0088 345.826 
8.43e+08 0.0219113 -74.8706 346.248 
8.44e+08 0.0592774 -25.4734 346.67 
8.45e+08 0.0678249 -48.9611 347.092 
8.46e+08 0.0380561 -5.6778 347.514 
8.47e+08 0.0531864 -51.1932 347.936 
8.48e+08 0.0520316 -69.1569 348.359 
8.49e+08 0.045796 -20.0819 348.781 
8.5e+08 0.0587967 -17.5791 349.204 
8.51e+08 0.048603 -38.638 349.626 
8.52e+08 0.043468 -64.7047 350.049 
8.53e+08 0.0263607 -65.7686 350.471 
8.54e+08 0.0515562 -44.8999 350.893 
8.55e+08 0.0249445 -23.5062 351.315 
8.56e+08 0.0540976 -61.9034 351.738 
8.57e+08 0.0383418 -54.2023 352.16 
8.58e+08 0.0318499 -56.1566 352.582 
8.59e+08 0.0565363 -58.5522 353.005 
8.6e+08 0.035962 -75.6725 353.427 
8.61e+08 0.0500408 -11.4302 353.85 
8.62e+08 0.0561962 -70.2304 354.271 
8.63e+08 0.0778548 -58.7062 354.693 
8.64e+08 0.0587462 -109.567 355.114 
8.65e+08 0.0243335 -47.0893 355.536 
8.66e+08 0.064765 -47.9222 355.957 
8.67e+08 0.0324299 -38.1123 356.348 
8.68e+08 0.0719211 -87.1848 356.739 
8.69e+08 0.0713116 -61.715 357.137 
8.7e+08 0.0328689 -80.1497 357.527 
8.71e+08 0.0639253 -53.6241 357.916 
8.72e+08 0.0323295 -39.4205 358.305 
8.73e+08 0.062515 -27.945 358.694 
8.74e+08 0.0318981 -61.633 359.097 
8.75e+08 0.0501041 -34.5466 359.49 
8.76e+08 0.0230442 -65.0191 359.88 
8.77e+08 0.0451964 -79.4488 360.271 
8.78e+08 0.0787506 -57.3792 360.661 
8.79e+08 0.071299 -41.6119 361.05 
8.8e+08 0.0911291 -46.5508 361.439 
8.81e+08 0.0388762 -24.0267 361.829 
8.82e+08 0.0547861 -55.1142 362.219 
8.83e+08 0.0338992 -75.5654 362.608 
8.84e+08 0.0374989 -51.7946 362.999 
8.85e+08 0.0583931 -93.4735 363.388 
8.86e+08 0.0734468 -16.144 363.778 
8.87e+08 0.0716914 -35.7447 364.168 
8.88e+08 0.0324962 -20.489 364.557 
8.89e+08 0.0613927 -45.1578 364.946 
8.9e+08 0.050243 -45.0769 365.335 
8.91e+08 0.0336998 -74.7235 365.725 
8.92e+08 0.0781779 -35.9562 366.113 
8.93e+08 0.0564305 -49.3101 366.502 
8.94e+08 0.0682238 -46.7884 366.911 
8.95e+08 0.0433653 -46.8528 367.333 
8.96e+08 0.0562922 4.14984 367.755 
8.97e+08 0.0468857 -60.1972 368.177 
8.98e+08 0.0754383 -16.3571 368.599 
8.99e+08 0.0614417 -32.9658 369.021 
9e+08 0.0107848 -33.205 369.443 
9.01e+08 0.0810741 -38.3291 369.864 
9.02e+08 0.080202 -69.892 370.286 
9.03e+08 0.0513797 -96.9198 370.707 
9.04e+08 0.0157601 -35.8158 371.129 
9.05e+08 0.0297917 -54.4315 371.551 
9.06e+08 0.0578771 -51.826 371.973 
9.07e+08 0.0708176 -39.5373 372.394 
9.08e+08 0.0631345 -70.6621 372.816 
9.09e+08 0.0421193 -50.8741 373.237 
9.1e+08 0.0636829 -78.8021 373.658 
9.11e+08 0.0662218 -70.187 374.08 
9.12e+08 0.0497948 -63.0305 374.502 
9.13e+08 0.0757682 -33.1294 374.924 
9.14e+08 0.0361768 -55.8315 375.346 
9.15e+08 0.0390655 -82.9783 375.767 
9.16e+08 0.0263817 -20.4108 376.189 
9.17e+08 0.0461658 -36.7335 376.611 
9.18e+08 0.0392364 -8.51182 377.033 
9.19e+08 0.0536431 -41.4659 377.455 
9.2e+08 0.0093571 -35.6266 377.877 
9.21e+08 0.041519 -46.57 378.299 
9.22e+08 0.023804 -49.9282 378.72 
9.23e+08 0.0452612 -27.2511 379.142 
9.24e+08 0.0649823 -38.3083 379.564 
9.25e+08 0.0771903 -61.9586 379.985 
9.26e+08 0.103488 -68.1197 380.407 
9.27e+08 0.0345525 -75.0994 380.83 
9.28e+08 0.0300401 -29.0772 381.251 
9.29e+08 0.045811 -59.2786 381.673 
9.3e+08 0.102627 -39.1882 382.094 
9.31e+08 0.0764783 -49.9368 382.516 
9.32e+08 0.0351265 -51.3242 382.938 
9.33e+08 0.0896409 -62.9086 383.36 
9.34e+08 0.00739683 -38.0416 383.782 
9.35e+08 0.0932129 -64.0266 384.203 
9.36e+08 0.070843 -49.0156 384.625 
9.37e+08 0.0327836 -22.2326 385.047 
9.38e+08 0.0542106 -89.2599 385.468 
9.39e+08 0.0380261 0.442205 385.89 
9.4e+08 0.025337 -15.2851 386.312 
9.41e+08 0.0365698 -59.7398 386.733 
9.42e+08 0.0441869 -80.9697 387.155 
9.43e+08 0.0376811 -70.6548 387.576 
9.44e+08 0.0649909 -55.442 387.999 
9.45e+08 0.0704055 -65.1971 388.421 
9.46e+08 0.0559236 -19.8026 388.843 
9.47e+08 0.0189068 -24.3554 389.265 
9.48e+08 0.0755147 -79.0692 389.686 
9.49e+08 0.0559441 -59.8468 390.108 
9.5e+08 0.0100689 -44.1884 390.53 
9.51e+08 0.0388234 -31.7163 390.951 
9.52e+08 0.0151753 -37.2627 391.374 
9.53e+08 0.0290314 -53.0014 391.796 
9.54e+08 0.0841532 -44.9511 392.217 
9.55e+08 0.0503732 -34.5128 392.638 
9.56e+08 0.0457972 -51.2183 393.06 
9.57e+08 0.0417854 -22.0135 393.482 
9.58e+08 0.0104328 -19.1648 393.903 
9.59e+08 0.0261782 -38.388 394.325 
9.6e+08 0.0403452 -12.9164 394.747 
9.61e+08 0.0492749 -70.5993 395.168 
9.62e+08 0.0353031 -64.081 395.59 
9.63e+08 0.0371885 -60.1227 396.011 
9.64e+08 0.0373087 -68.4437 396.433 
9.65e+08 0.0450827 -59.5051 396.856 
9.66e+08 0.0361961 -46.1934 397.278 
9.67e+08 0.0547776 -77.5297 397.7 
9.68e+08 0.0396638 -62.8337 398.122 
9.69e+08 0.0430416 -62.6169 398.544 
9.7e+08 0.0628114 -56.3856 398.966 
9.71e+08 0.0365935 -28.5872 399.387 
9.72e+08 0.105045 -53.4755 399.809 
9.73e+08 0.0492912 -68.3334 400.231 
9.74e+08 0.0309297 -66.925 400.653 
9.75e+08 0.0307273 -84.2101 401.075 
9.76e+08 0.0110325 -47.6277 401.496 
9.77e+08 0.0431483 -75.0148 401.918 
9.78e+08 0.0788884 -50.0619 402.339 
9.79e+08 0.0156137 -74.5433 402.761 
9.8e+08 0.0449864 -14.9238 403.183 
9.81e+08 0.0403864 -14.8711 403.604 
9.82e+08 0.0410819 -79.2556 404.026 
9.83e+08 0.046649 -71.3178 404.448 
9.84e+08 0.0458103 -44.5141 404.871 
9.85e+08 0.0325117 -51.1002 405.295 
9.86e+08 0.0226354 -34.9364 405.718 
9.87e+08 0.0695116 -55.6177 406.139 
9.88e+08 0.0546721 -62.8509 406.561 
9.89e+08 0.0210495 -65.9654 406.983 
9.9e+08 0.0482676 -73.4093 407.405 
9.91e+08 0.0633591 -67.2921 407.827 
9.92e+08 0.0215501 -50.3331 408.249 
9.93e+08 0.0393804 4.26771 408.671 
9.94e+08 0.0136135 -70.7428 409.092 
9.95e+08 0.036206 -30.2286 409.514 
9.96e+08 0.0249356 -85.6117 409.936 
9.97e+08 0.0473449 -20.5546 410.358 
9.98e+08 0.0440088 -63.6875 410.78 
9.99e+08 0.0646978 -52.8437 411.201 
1e+09 0.0243448 -68.1709 411.623 
