0 0.0346818 -6.57074 0 
1e+06 0.064034 -32.6381 0.395726 
2e+06 0.0297594 -64.25 0.788665 
3e+06 0.0326161 -73.1384 1.18387 
4e+06 0.0200811 -41.5488 1.58192 
5e+06 0.0512986 -83.7311 1.97647 
6e+06 0.0315287 -29.695 2.36765 
7e+06 0.0304017 -18.0621 2.77482 
8e+06 0.00746043 -50.0057 3.17611 
9e+06 0.0443735 -39.1717 3.56849 
1e+07 0.0489845 -80.2676 3.98042 
1.1e+07 0.0301694 -48.2681 4.38017 
1.2e+07 0.0608516 -72.3619 4.77085 
1.3e+07 0.0821731 -63.0667 5.16103 
1.4e+07 0.0442418 -67.9849 5.56611 
1.5e+07 0.0191006 -38.7268 5.96384 
1.6e+07 0.02888 -21.8566 6.35442 
1.7e+07 0.0358319 -56.0944 6.74453 
1.8e+07 0.0471668 -10.2873 7.135 
1.9e+07 0.064604 -78.9911 7.52568 
2e+07 0.0235659 -70.6079 7.91665 
2.1e+07 0.0799936 -44.1238 8.30698 
2.2e+07 0.0666149 -46.7713 8.6976 
2.3e+07 0.0411562 -42.534 9.08782 
2.4e+07 0.0653221 -53.9955 9.47858 
2.5e+07 0.06697 -70.5143 9.86966 
2.6e+07 0.0448203 -61.2268 10.2693 
2.7e+07 0.0529306 -63.7439 10.6661 
2.8e+07 0.048553 -34.7423 11.067 
2.9e+07 0.0675681 -69.8151 11.4572 
3e+07 0.0279294 -65.2546 11.8467 
3.1e+07 0.0332057 -80.6882 12.2364 
3.2e+07 0.0144032 -27.8264 12.6257 
3.3e+07 0.06549 -38.9601 13.0153 
3.4e+07 0.0358079 -47.0975 13.4055 
3.5e+07 0.0383797 -52.6861 13.8073 
3.6e+07 0.0303748 -29.4128 14.2009 
3.7e+07 0.0616378 -51.2785 14.5969 
3.8e+07 0.039959 -49.1025 14.9884 
3.9e+07 0.0423751 -22.5268 15.3784 
4e+07 0.0038897 -38.829 15.7681 
4.1e+07 0.0373123 -47.2229 16.158 
4.2e+07 0.0567623 -37.4491 16.5476 
4.3e+07 0.0262432 -40.9044 16.9373 
4.4e+07 0.076812 -56.408 17.3269 
4.5e+07 0.0608505 -41.5293 17.7201 
4.6e+07 0.0678848 -93.8563 18.1099 
4.7e+07 0.0466512 -31.9155 18.4996 
4.8e+07 0.0612465 -53.768 18.8893 
4.9e+07 0.0303401 -17.7254 19.2792 
5e+07 0.0432865 -48.4862 19.6689 
5.1e+07 0.0365547 -28.1241 20.059 
5.2e+07 0.0359233 -7.2865 20.4491 
5.3e+07 0.0667514 -84.0227 20.8394 
5.4e+07 0.0323774 -39.7125 21.2294 
5.5e+07 0.0519074 -54.018 21.6193 
5.6e+07 0.0381752 -97.0752 22.0091 
5.7e+07 0.0673591 -22.906 22.3991 
5.8e+07 0.0164862 -48.703 22.7889 
5.9e+07 0.0407414 -28.5423 23.1785 
6e+07 0.0552185 -18.1728 23.5683 
6.1e+07 0.0656949 -25.7918 23.9581 
6.2e+07 0.0482153 -47.5356 24.348 
6.3e+07 0.0577834 -49.8121 24.7379 
6.4e+07 0.0695538 -35.7692 25.1279 
6.5e+07 0.0474205 -75.7877 25.5174 
6.6e+07 0.0345754 -26.1875 25.9069 
6.7e+07 0.0580686 -63.321 26.2963 
6.8e+07 0.0428664 -69.3789 26.6859 
6.9e+07 0.0684348 -48.468 27.0755 
7e+07 0.0555363 -55.6664 27.465 
7.1e+07 0.0405358 -7.8173 27.8545 
7.2e+07 0.0642086 -45.6358 28.2439 
7.3e+07 0.0340456 -7.95427 28.6336 
7.4e+07 0.034106 -44.7959 29.0231 
7.5e+07 0.0436919 -9.01551 29.4127 
7.6e+07 0.0438228 -47.1121 29.8022 
7.7e+07 0.0368003 -60.1633 30.1918 
7.8e+07 0.0149557 -53.2036 30.5853 
7.9e+07 0.0465441 -71.292 30.9747 
8e+07 0.0443241 -25.0371 31.3642 
8.1e+07 0.0160166 -60.6859 31.7539 
8.2e+07 0.0489161 -50.2581 32.1433 
8.3e+07 0.0295337 -56.1498 32.5337 
8.4e+07 0.0317025 -71.9973 32.9232 
8.5e+07 0.0383416 -103.442 33.3127 
8.6e+07 0.0301589 -53.9394 33.7024 
8.7e+07 0.0473005 -63.9847 34.0922 
8.8e+07 0.0198744 -3.07164 34.4819 
8.9e+07 0.0420722 -69.7608 34.8714 
9e+07 0.0757994 -60.5293 35.2609 
9.1e+07 0.0689854 -30.6903 35.6505 
9.2e+07 0.0215202 -19.4529 36.0427 
9.3e+07 0.0750716 -81.6421 36.4322 
9.4e+07 0.0405034 -26.0851 36.8216 
9.5e+07 0.0462648 -41.3183 37.2111 
9.6e+07 0.0241564 -90.8076 37.6006 
9.7e+07 0.0393357 -13.0118 37.99 
9.8e+07 0.0349754 -39.1663 38.3795 
9.9e+07 0.0202853 -45.5187 38.7693 
1e+08 0.0174921 -25.7262 39.1587 
1.01e+08 0.0867716 -31.1876 39.5482 
1.02e+08 0.0276344 -12.3591 39.9378 
1.03e+08 0.0345222 -23.2999 40.3274 
1.04e+08 0.0649885 -70.1234 40.7173 
1.05e+08 0.046146 -35.6281 41.1069 
1.06e+08 0.0401121 -77.9031 41.4966 
1.07e+08 0.0536233 2.40157 41.8861 
1.08e+08 0.0306752 -27.8959 42.2755 
1.09e+08 0.0647453 -84.8844 42.6651 
1.1e+08 0.0534898 -39.8175 43.0546 
1.11e+08 0.0346216 -84.9607 43.4441 
1.12e+08 0.0379023 -71.7826 43.8336 
1.13e+08 0.0503107 -34.4304 44.2231 
1.14e+08 0.0352647 -71.3385 44.6128 
1.15e+08 0.0561934 -30.4216 45.0034 
1.16e+08 0.0516386 -53.3749 45.3929 
1.17e+08 0.0249623 -67.2517 45.7823 
1.18e+08 0.05204 -46.4804 46.1718 
1.19e+08 0.049143 -14.6252 46.5614 
1.2e+08 0.055652 -58.7637 46.9509 
1.21e+08 0.0434474 -66.3413 47.3415 
1.22e+08 0.0307932 -44.7161 47.7315 
1.23e+08 0.0489482 -43.1098 48.121 
1.24e+08 0.049042 -49.0549 48.5107 
1.25e+08 0.0262986 -65.833 48.9003 
1.26e+08 0.0395411 -51.0064 49.2897 
1.27e+08 0.0745244 -37.5323 49.6792 
1.28e+08 0.051543 -49.9908 50.0686 
1.29e+08 0.0371181 -27.6466 50.4584 
1.3e+08 0.0160238 -37.5893 50.8484 
1.31e+08 0.0234954 -97.3131 51.2384 
1.32e+08 0.0437899 -44.9005 51.6282 
1.33e+08 0.0821282 -77.711 52.0179 
1.34e+08 0.0527377 -27.9281 52.4075 
1.35e+08 0.0598195 -55.5019 52.7977 
1.36e+08 0.0799669 -66.7878 53.1875 
1.37e+08 0.0236131 -63.4938 53.5773 
1.38e+08 0.0770343 -74.6503 53.9672 
1.39e+08 0.0424052 -82.1445 54.3569 
1.4e+08 0.0678204 -19.3291 54.7466 
1.41e+08 0.0597506 -16.5949 55.1363 
1.42e+08 0.0413544 -73.9356 55.526 
1.43e+08 0.0808052 -84.1534 55.9159 
1.44e+08 0.0332449 -55.4629 56.3056 
1.45e+08 0.0643427 -41.8695 56.6954 
1.46e+08 0.0456427 -60.9258 57.085 
1.47e+08 0.0407611 -49.6229 57.4748 
1.48e+08 0.0463184 -27.3052 57.8645 
1.49e+08 0.0422811 -41.0193 58.2541 
1.5e+08 0.05122 -37.3039 58.644 
1.51e+08 0.0713592 -61.3026 59.0339 
1.52e+08 0.0483393 -61.248 59.4241 
1.53e+08 0.0413945 -53.1089 59.8139 
1.54e+08 0.0490639 -36.9288 60.204 
1.55e+08 0.0438724 -43.9726 60.5936 
1.56e+08 0.0544655 -21.4975 60.9834 
1.57e+08 0.0213201 -47.0503 61.3731 
1.58e+08 0.0610321 -33.0355 61.7628 
1.59e+08 0.0389046 -79.1027 62.1527 
1.6e+08 0.0368914 -39.5697 62.5425 
1.61e+08 0.0645191 -65.0277 62.9323 
1.62e+08 0.02321 -58.0088 63.322 
1.63e+08 0.0493153 -36.1357 63.7119 
1.64e+08 0.0541779 -59.5353 64.1072 
1.65e+08 0.0150589 -30.5243 64.4969 
1.66e+08 0.0616306 -46.202 64.8867 
1.67e+08 0.06923 -53.9052 65.2762 
1.68e+08 0.0456199 -48.2249 65.6658 
1.69e+08 0.0350948 -101.825 66.059 
1.7e+08 0.0375243 -26.4648 66.4491 
1.71e+08 0.0524856 -52.5947 66.8392 
1.72e+08 0.011354 -51.9786 67.2289 
1.73e+08 0.07441 -31.095 67.6266 
1.74e+08 0.0718111 -37.4006 68.0165 
1.75e+08 0.0684688 -30.061 68.4063 
1.76e+08 0.0475955 -33.8078 68.796 
1.77e+08 0.0230834 -56.0809 69.1859 
1.78e+08 0.023962 -23.5244 69.5754 
1.79e+08 0.0389318 -78.6548 69.9653 
1.8e+08 0.0178967 -70.2888 70.355 
1.81e+08 0.0246372 -48.3772 70.7447 
1.82e+08 0.0543741 -73.7673 71.1343 
1.83e+08 0.034897 -44.4313 71.5239 
1.84e+08 0.0535841 -40.9659 71.9136 
1.85e+08 0.0361491 -95.378 72.3035 
1.86e+08 0.0233319 0.685113 72.6932 
1.87e+08 0.113225 -30.8263 73.0829 
1.88e+08 0.0864816 -33.1804 73.4727 
1.89e+08 0.0345296 -58.0283 73.8625 
1.9e+08 0.0418385 -33.0928 74.2524 
1.91e+08 0.0246374 -43.6127 74.642 
1.92e+08 0.0340473 -51.9418 75.0319 
1.93e+08 0.0356354 -83.6924 75.4216 
1.94e+08 0.0382803 -30.9845 75.8113 
1.95e+08 0.0511613 -32.8939 76.2011 
1.96e+08 0.0606203 -59.2682 76.591 
1.97e+08 0.0280931 -108.356 76.9808 
1.98e+08 0.0507377 -66.0552 77.3705 
1.99e+08 0.0418638 -48.5596 77.764 
2e+08 0.0356701 -51.1723 78.1536 
2.01e+08 0.0167626 -43.0884 78.5434 
2.02e+08 0.0193909 -60.4436 78.9332 
2.03e+08 0.0562821 -25.674 79.3228 
2.04e+08 0.0207889 -57.6831 79.7126 
2.05e+08 0.0401013 12.8568 80.1025 
2.06e+08 0.0352584 -57.0735 80.5138 
2.07e+08 0.0266359 -46.8684 80.9107 
2.08e+08 0.0206756 -52.6482 81.3005 
2.09e+08 0.0206584 -64.9071 81.6903 
2.1e+08 0.055958 -19.6147 82.0799 
2.11e+08 0.0703226 -19.0581 82.4696 
2.12e+08 0.0628303 -83.9042 82.8596 
2.13e+08 0.0339289 -73.0093 83.2493 
2.14e+08 0.0712868 -63.6134 83.6391 
2.15e+08 0.0146658 -64.1773 84.0289 
2.16e+08 0.0489787 -13.1057 84.4188 
2.17e+08 0.0511272 -31.1548 84.8084 
2.18e+08 0.0472374 -70.859 85.198 
2.19e+08 0.0362742 -67.1775 85.5877 
2.2e+08 0.0413529 -48.2668 85.9774 
2.21e+08 0.045179 -27.7598 86.3672 
2.22e+08 0.046929 -54.7032 86.7568 
2.23e+08 0.0421564 -39.1202 87.1465 
2.24e+08 0.0743559 -37.4548 87.5362 
2.25e+08 0.041787 -58.1628 87.926 
2.26e+08 0.0431177 -79.4167 88.3157 
2.27e+08 0.0308725 -66.7896 88.7055 
2.28e+08 0.0314686 -45.582 89.0953 
2.29e+08 0.021722 -36.783 89.4865 
2.3e+08 0.0340146 -24.2904 89.8763 
2.31e+08 0.0307463 -88.8843 90.2661 
2.32e+08 0.0906798 -64.5102 90.6558 
2.33e+08 0.0272796 -53.4063 91.0454 
2.34e+08 0.0438324 -43.9704 91.4349 
2.35e+08 0.0643343 -52.1331 91.8246 
2.36e+08 0.0719726 -43.6486 92.2145 
2.37e+08 0.070622 -83.8312 92.6043 
2.38e+08 0.0578062 -66.7404 92.9939 
2.39e+08 0.0206426 -48.4428 93.3836 
2.4e+08 0.0448207 -62.2806 93.7733 
2.41e+08 0.022369 -69.3494 94.1632 
2.42e+08 0.0568637 -59.9344 94.5529 
2.43e+08 0.0277807 -68.8533 94.9425 
2.44e+08 0.0770941 -53.8264 95.3322 
2.45e+08 0.0572851 -35.081 95.7222 
2.46e+08 0.0360053 -53.8247 96.112 
2.47e+08 0.033838 -65.4341 96.502 
2.48e+08 0.0193575 -21.2452 96.8918 
2.49e+08 0.0322482 -55.8805 97.2815 
2.5e+08 0.0217597 -19.7927 97.6712 
2.51e+08 0.0296229 -70.8771 98.061 
2.52e+08 0.0809108 -46.4318 98.4508 
2.53e+08 0.0590258 -44.2756 98.8405 
2.54e+08 0.0422647 -15.8838 99.2304 
2.55e+08 0.0683514 -40.2445 99.6203 
2.56e+08 0.025425 -43.3334 100.01 
2.57e+08 0.0510064 -50.0911 100.4 
2.58e+08 0.0523749 -17.6413 100.79 
2.59e+08 0.0295193 -47.2472 101.18 
2.6e+08 0.0142901 -79.7491 101.569 
2.61e+08 0.0477825 -24.6704 101.959 
2.62e+08 0.0776069 -60.2758 102.349 
2.63e+08 0.0585615 -73.4525 102.738 
2.64e+08 0.0307352 -0.851057 103.129 
2.65e+08 0.085833 -55.5574 103.519 
2.66e+08 0.0454813 -66.0351 103.909 
2.67e+08 0.0375338 -32.8924 104.299 
2.68e+08 0.0578731 -61.7856 104.689 
2.69e+08 0.0472346 -19.0021 105.08 
2.7e+08 0.0593443 -96.4105 105.469 
2.71e+08 0.0438535 -32.4956 105.859 
2.72e+08 0.0378141 -78.129 106.249 
2.73e+08 0.0456835 -52.8795 106.639 
2.74e+08 0.0805357 -71.7726 107.029 
2.75e+08 0.0469374 -67.1418 107.419 
2.76e+08 0.0278965 -31.4392 107.808 
2.77e+08 0.016705 -17.9729 108.198 
2.78e+08 0.04663 -57.0945 108.589 
2.79e+08 0.0318149 9.0336 108.979 
2.8e+08 0.0394778 -43.3731 109.369 
2.81e+08 0.0335224 -10.1786 109.758 
2.82e+08 0.0248606 -41.6513 110.148 
2.83e+08 0.0135526 -37.6313 110.538 
2.84e+08 0.0653041 -73.5907 110.928 
2.85e+08 0.0571065 -43.919 111.318 
2.86e+08 0.0387228 -44.5295 111.707 
2.87e+08 0.020204 -35.1076 112.098 
2.88e+08 0.0449185 -50.0132 112.488 
2.89e+08 0.0589877 -31.0695 112.878 
2.9e+08 0.029004 -69.1641 113.267 
2.91e+08 0.0423097 -9.83418 113.657 
2.92e+08 0.0554172 -100.32 114.047 
2.93e+08 0.0166454 -25.6832 114.437 
2.94e+08 0.0482812 -44.7384 114.827 
2.95e+08 0.0390071 -62.0408 115.217 
2.96e+08 0.0224953 -74.198 115.607 
2.97e+08 0.0489994 -19.262 116.001 
2.98e+08 0.0114666 -60.7658 116.393 
2.99e+08 0.0213231 -55.5339 116.783 
3e+08 0.0215204 -58.8003 117.173 
3.01e+08 0.0172516 -67.9931 117.562 
3.02e+08 0.0473372 -35.49 117.954 
3.03e+08 0.0176383 -65.041 118.344 
3.04e+08 0.0341919 -46.3683 118.734 
3.05e+08 0.0753549 -74.1423 119.123 
3.06e+08 0.0684514 -66.0574 119.513 
3.07e+08 0.0280427 -49.6012 119.904 
3.08e+08 0.0418551 -68.4213 120.294 
3.09e+08 0.0198488 -71.5829 120.687 
3.1e+08 0.018039 -31.3245 121.079 
3.11e+08 0.0252663 -2.93842 121.469 
3.12e+08 0.0315845 -43.6068 121.858 
3.13e+08 0.0351486 -9.79451 122.248 
3.14e+08 0.0254445 -51.7696 122.638 
3.15e+08 0.0482842 -27.6422 123.028 
3.16e+08 0.0420507 -24.1648 123.418 
3.17e+08 0.058566 -36.5411 123.808 
3.18e+08 0.0541112 -30.9833 124.198 
3.19e+08 0.0382121 -58.0491 124.588 
3.2e+08 0.0807724 -75.0297 124.977 
3.21e+08 0.0425133 -50.6204 125.367 
3.22e+08 0.0330439 2.04734 125.757 
3.23e+08 0.0332324 -44.9057 126.147 
3.24e+08 0.0802037 -32.7713 126.537 
3.25e+08 0.0380971 -100.241 126.927 
3.26e+08 0.0290524 -33.1627 127.317 
3.27e+08 0.0870712 -43.9022 127.711 
3.28e+08 0.0865251 -51.4284 128.101 
3.29e+08 0.0394782 -56.6546 128.491 
3.3e+08 0.0115292 -47.5308 128.881 
3.31e+08 0.0390071 -47.9714 129.271 
3.32e+08 0.0420766 -71.8468 129.661 
3.33e+08 0.0657428 -41.947 130.05 
3.34e+08 0.0760749 -31.4677 130.44 
3.35e+08 0.0271851 -24.8468 130.83 
3.36e+08 0.051663 -35.3265 131.22 
3.37e+08 0.0598272 -51.8605 131.61 
3.38e+08 0.0312611 -67.6726 132 
3.39e+08 0.0401009 -31.1329 132.394 
3.4e+08 0.0616607 -52.1956 132.784 
3.41e+08 0.0608259 -61.0574 133.173 
3.42e+08 0.0377953 -36.7128 133.563 
3.43e+08 0.0459578 -36.7821 133.953 
3.44e+08 0.0492619 -29.5568 134.343 
3.45e+08 0.0442956 -38.9683 134.733 
3.46e+08 0.0262471 -67.5923 135.123 
3.47e+08 0.0671708 -57.6132 135.513 
3.48e+08 0.0513908 -42.3244 135.903 
3.49e+08 0.00725794 -94.0916 136.292 
3.5e+08 0.0140083 -33.3069 136.682 
3.51e+08 0.0158954 -43.6791 137.072 
3.52e+08 0.0477697 -36.9534 137.462 
3.53e+08 0.0229886 -80.947 137.856 
3.54e+08 0.0455442 -42.9362 138.246 
3.55e+08 0.0271138 -35.1293 138.636 
3.56e+08 0.0726892 -60.5348 139.026 
3.57e+08 0.0436034 -30.5893 139.416 
3.58e+08 0.0206171 -41.0184 139.805 
3.59e+08 0.0593965 -56.2746 140.195 
3.6e+08 0.0214341 -63.1354 140.585 
3.61e+08 0.0802355 -81.6619 140.975 
3.62e+08 0.0537626 -60.2621 141.365 
3.63e+08 0.0395637 -78.9119 141.755 
3.64e+08 0.0313788 -17.5547 142.145 
3.65e+08 0.0612016 -32.5981 142.534 
3.66e+08 0.0597414 -67.1036 142.925 
3.67e+08 0.0385809 -54.228 143.315 
3.68e+08 0.0334825 -35.6561 143.705 
3.69e+08 0.0610469 -59.0827 144.095 
3.7e+08 0.0401285 -36.8862 144.485 
3.71e+08 0.0211477 -62.7737 144.874 
3.72e+08 0.0183862 -35.912 145.264 
3.73e+08 0.0313882 -22.3062 145.654 
3.74e+08 0.0433309 -30.5686 146.044 
3.75e+08 0.0392352 -32.539 146.434 
3.76e+08 0.0161867 -12.9609 146.824 
3.77e+08 0.0442047 -22.4017 147.214 
3.78e+08 0.112347 -101.175 147.604 
3.79e+08 0.0262312 -74.7569 147.994 
3.8e+08 0.0251066 -49.652 148.383 
3.81e+08 0.0589181 -37.5103 148.773 
3.82e+08 0.0302423 20.5587 149.163 
3.83e+08 0.0530738 -101.163 149.556 
3.84e+08 0.0459066 -64.2723 149.95 
3.85e+08 0.0175941 -25.5354 150.34 
3.86e+08 0.042555 -61.8233 150.73 
3.87e+08 0.0546355 -56.8602 151.119 
3.88e+08 0.0198275 -66.0279 151.509 
3.89e+08 0.0459649 -48.7834 151.899 
3.9e+08 0.105747 -76.6838 152.289 
3.91e+08 0.0206128 -65.7856 152.679 
3.92e+08 0.0736833 -87.0234 153.069 
3.93e+08 0.0391103 -29.7117 153.458 
3.94e+08 0.0403222 -28.5201 153.848 
3.95e+08 0.0337937 -90.7244 154.238 
3.96e+08 0.0415535 -49.8553 154.628 
3.97e+08 0.0330017 -100.651 155.018 
3.98e+08 0.0507231 -71.6512 155.407 
3.99e+08 0.0668277 -64.8237 155.797 
4e+08 0.0520043 -64.2244 156.187 
4.01e+08 0.0451739 -34.2474 156.577 
4.02e+08 0.0361658 -32.3801 156.966 
4.03e+08 0.0138331 -43.4423 157.356 
4.04e+08 0.0605568 -55.7283 157.746 
4.05e+08 0.0654276 -45.6332 158.136 
4.06e+08 0.026383 -61.092 158.526 
4.07e+08 0.0434141 -40.4459 158.915 
4.08e+08 0.0884364 -76.5723 159.305 
4.09e+08 0.0407132 -23.9672 159.695 
4.1e+08 0.0516168 -32.8018 160.085 
4.11e+08 0.0552899 -56.0102 160.474 
4.12e+08 0.0375408 -16.4632 160.864 
4.13e+08 0.0582566 -81.6171 161.254 
4.14e+08 0.0204044 -19.2541 161.644 
4.15e+08 0.0880196 -61.5001 162.034 
4.16e+08 0.0523272 -66.0378 162.424 
4.17e+08 0.031198 -57.0185 162.813 
4.18e+08 0.0685405 -48.5263 163.203 
4.19e+08 0.0220222 -42.5409 163.593 
4.2e+08 0.0494236 -25.271 163.983 
4.21e+08 0.0382763 -52.2341 164.373 
4.22e+08 0.020479 -35.9978 164.763 
4.23e+08 0.0910872 -50.6396 165.156 
4.24e+08 0.0603903 -60.947 165.547 
4.25e+08 0.0304765 -60.1182 165.937 
4.26e+08 0.0290336 -74.331 166.326 
4.27e+08 0.0417544 -50.4877 166.716 
4.28e+08 0.0170151 -74.301 167.106 
4.29e+08 0.0304304 9.04966 167.496 
4.3e+08 0.0855562 -43.658 167.886 
4.31e+08 0.0434547 -65.9037 168.275 
4.32e+08 0.045041 -8.09724 168.665 
4.33e+08 0.0600805 -82.2784 169.055 
4.34e+08 0.0481489 -12.8971 169.445 
4.35e+08 0.0534985 -41.2885 169.834 
4.36e+08 0.0239744 -8.42929 170.224 
4.37e+08 0.043134 -18.1432 170.614 
4.38e+08 0.0195479 -41.8631 171.005 
4.39e+08 0.0410406 -72.7453 171.394 
4.4e+08 0.0248994 -55.1523 171.784 
4.41e+08 0.0389183 -66.3564 172.174 
4.42e+08 0.0227562 -7.09634 172.564 
4.43e+08 0.0170428 -38.5703 172.954 
4.44e+08 0.0615054 -44.5323 173.344 
4.45e+08 0.0611797 -93.8538 173.734 
4.46e+08 0.0551413 -51.2198 174.124 
4.47e+08 0.0180093 -58.8749 174.513 
4.48e+08 0.0328754 -64.3287 174.903 
4.49e+08 0.039886 -50.3868 175.293 
4.5e+08 0.0399913 -68.3327 175.683 
4.51e+08 0.0257851 -44.866 176.073 
4.52e+08 0.0472989 -65.7795 176.463 
4.53e+08 0.0518563 -39.4605 176.852 
4.54e+08 0.0366374 -62.9111 177.242 
4.55e+08 0.0379358 -111.974 177.632 
4.56e+08 0.0481437 -34.8877 178.021 
4.57e+08 0.0283421 -35.3858 178.411 
4.58e+08 0.0202567 -28.2648 178.801 
4.59e+08 0.0250304 -50.2947 179.19 
4.6e+08 0.0485736 -10.5024 179.58 
4.61e+08 0.0156872 -59.0772 179.97 
4.62e+08 0.0569775 -37.0171 180.36 
4.63e+08 0.0535213 -55.9409 180.749 
4.64e+08 0.0417196 -4.59283 181.139 
4.65e+08 0.0708532 -66.2096 181.529 
4.66e+08 0.0311672 -55.5359 181.918 
4.67e+08 0.0230525 -48.2291 182.308 
4.68e+08 0.0497656 -34.4121 182.698 
4.69e+08 0.0398281 -51.6117 183.09 
4.7e+08 0.0265535 -54.9037 183.481 
4.71e+08 0.0617246 -41.5468 183.871 
4.72e+08 0.0592011 -69.4703 184.26 
4.73e+08 0.0454344 -44.5225 184.65 
4.74e+08 0.0302813 -68.8807 185.04 
4.75e+08 0.0744955 1.8572 185.43 
4.76e+08 0.0385894 -56.2588 185.82 
4.77e+08 0.0518731 -23.6398 186.209 
4.78e+08 0.0498719 -83.4274 186.599 
4.79e+08 0.0271444 -57.5484 186.989 
4.8e+08 0.0558126 -91.7315 187.379 
4.81e+08 0.056472 -91.4985 187.772 
4.82e+08 0.0357424 -56.2523 188.162 
4.83e+08 0.0386385 -38.3038 188.552 
4.84e+08 0.0549843 -55.9944 188.941 
4.85e+08 0.0933338 -57.0411 189.331 
4.86e+08 0.0541897 -72.6432 189.721 
4.87e+08 0.0400367 -60.8369 190.111 
4.88e+08 0.0404018 -55.6508 190.5 
4.89e+08 0.0250904 -32.3256 190.89 
4.9e+08 0.0653768 -43.9623 191.28 
4.91e+08 0.0402171 -60.7606 191.67 
4.92e+08 0.064439 -84.6384 192.06 
4.93e+08 0.03164 -43.4448 192.449 
4.94e+08 0.0272135 -49.2863 192.839 
4.95e+08 0.0466269 -43.5355 193.229 
4.96e+08 0.0493594 -46.1879 193.618 
4.97e+08 0.0612897 -38.9898 194.008 
4.98e+08 0.0810756 -34.7441 194.398 
4.99e+08 0.0531637 -31.1715 194.787 
5e+08 0.045718 -59.8047 195.177 
5.01e+08 0.0559125 -32.1186 195.567 
5.02e+08 0.0275662 -63.186 195.957 
5.03e+08 0.0726884 -68.2376 196.347 
5.04e+08 0.022277 -48.2198 196.737 
5.05e+08 0.0589501 -59.63 197.126 
5.06e+08 0.0717667 -59.39 197.516 
5.07e+08 0.0260874 -34.6146 197.91 
5.08e+08 0.0454534 -59.5859 198.3 
5.09e+08 0.0613463 -82.0378 198.689 
5.1e+08 0.0453361 -70.8741 199.079 
5.11e+08 0.024701 -76.5247 199.469 
5.12e+08 0.0973908 -45.796 199.863 
5.13e+08 0.0171589 -17.7094 200.257 
5.14e+08 0.051956 -63.9482 200.651 
5.15e+08 0.0696793 -58.2855 201.044 
5.16e+08 0.0208404 -40.9356 201.435 
5.17e+08 0.0297838 -37.845 201.824 
5.18e+08 0.0796235 -28.5173 202.214 
5.19e+08 0.0245777 -49.0876 202.604 
5.2e+08 0.0196633 -51.9334 202.994 
5.21e+08 0.0450201 -53.7382 203.384 
5.22e+08 0.048573 -28.0404 203.774 
5.23e+08 0.0336901 -67.8333 204.163 
5.24e+08 0.0480547 -51.6932 204.553 
5.25e+08 0.0299699 -31.7302 204.943 
5.26e+08 0.0407785 -86.1067 205.333 
5.27e+08 0.0522788 -61.1015 205.722 
5.28e+08 0.0516761 -39.9057 206.112 
5.29e+08 0.0350173 -88.7777 206.502 
5.3e+08 0.0578025 -68.0279 206.892 
5.31e+08 0.0420872 -37.3873 207.282 
5.32e+08 0.0793232 -41.3583 207.672 
5.33e+08 0.0482568 -63.5488 208.061 
5.34e+08 0.0734153 -53.5761 208.451 
5.35e+08 0.0280962 -57.2944 208.841 
5.36e+08 0.025634 -85.7596 209.231 
5.37e+08 0.039011 -43.5852 209.621 
5.38e+08 0.0405198 -91.1013 210.011 
5.39e+08 0.0432938 -24.5067 210.4 
5.4e+08 0.0528422 -46.0745 210.79 
5.41e+08 0.0375811 -46.5387 211.18 
5.42e+08 0.00947164 -48.4316 211.57 
5.43e+08 0.0419719 -30.1362 211.96 
5.44e+08 0.0496485 -36.8714 212.35 
5.45e+08 0.0445802 -38.3676 212.74 
5.46e+08 0.0164234 -23.7363 213.129 
5.47e+08 0.027229 -60.9458 213.519 
5.48e+08 0.0209735 -93.7533 213.909 
5.49e+08 0.0452326 -27.9383 214.299 
5.5e+08 0.0272505 -87.6185 214.689 
5.51e+08 0.0486418 -28.3168 215.078 
5.52e+08 0.0527452 -57.2583 215.468 
5.53e+08 0.021405 -83.4259 215.861 
5.54e+08 0.0497139 -77.8488 216.251 
5.55e+08 0.0359623 -89.5401 216.641 
5.56e+08 0.0564596 -69.214 217.031 
5.57e+08 0.0369722 -19.9708 217.421 
5.58e+08 0.0677318 -70.8249 217.811 
5.59e+08 0.0241544 -35.1296 218.202 
5.6e+08 0.0432992 -26.3058 218.592 
5.61e+08 0.0473532 -28.725 218.982 
5.62e+08 0.0354756 -28.6673 219.371 
5.63e+08 0.0470326 -102.711 219.761 
5.64e+08 0.0619921 -28.4633 220.151 
5.65e+08 0.0494084 -40.1929 220.541 
5.66e+08 0.0862875 -59.5874 220.931 
5.67e+08 0.0313404 -33.0098 221.321 
5.68e+08 0.0392525 -46.634 221.711 
5.69e+08 0.0320051 -46.7077 222.1 
5.7e+08 0.0533415 -33.7058 222.49 
5.71e+08 0.0441158 -49.8441 222.88 
5.72e+08 0.0669078 -63.4526 223.27 
5.73e+08 0.0132043 -60.791 223.659 
5.74e+08 0.0738391 -46.1329 224.049 
5.75e+08 0.0463276 -90.2509 224.439 
5.76e+08 0.0677591 -50.9932 224.829 
5.77e+08 0.014651 -61.3377 225.225 
5.78e+08 0.0764145 -75.0212 225.621 
5.79e+08 0.0361811 -35.2497 226.013 
5.8e+08 0.035246 5.90857 226.403 
5.81e+08 0.0653831 -78.4119 226.793 
5.82e+08 0.0370696 -84.4072 227.183 
5.83e+08 0.0705105 -96.6011 227.573 
5.84e+08 0.0500603 -35.7583 227.963 
5.85e+08 0.0384821 -65.6793 228.353 
5.86e+08 0.0818024 -66.5494 228.742 
5.87e+08 0.0322204 -27.0312 229.132 
5.88e+08 0.0438178 -55.4833 229.522 
5.89e+08 0.0872345 -46.9579 229.912 
5.9e+08 0.0730793 -46.0111 230.302 
5.91e+08 0.052905 -70.3342 230.692 
5.92e+08 0.0581676 -72.3424 231.082 
5.93e+08 0.0608445 -73.2641 231.471 
5.94e+08 0.0799564 -29.1954 231.861 
5.95e+08 0.0502775 -26.5069 232.251 
5.96e+08 0.025474 -26.523 232.641 
5.97e+08 0.0568604 -64.9565 233.031 
5.98e+08 0.0634417 -74.9395 233.421 
5.99e+08 0.0439322 -55.7364 233.811 
6e+08 0.0142334 -43.4173 234.201 
6.01e+08 0.0620908 -102.947 234.59 
6.02e+08 0.0836455 -86.6369 234.98 
6.03e+08 0.0215927 -14.0333 235.37 
6.04e+08 0.078606 -37.1927 235.76 
6.05e+08 0.0612926 -20.6375 236.15 
6.06e+08 0.0106712 -75.6031 236.539 
6.07e+08 0.0441152 -13.2984 236.929 
6.08e+08 0.0427743 -48.4435 237.319 
6.09e+08 0.0309656 -7.96743 237.709 
6.1e+08 0.0107176 -28.1996 238.101 
6.11e+08 0.0231559 -64.6403 238.491 
6.12e+08 0.0218884 -65.3033 238.88 
6.13e+08 0.0362178 -48.0971 239.27 
6.14e+08 0.059297 -39.241 239.66 
6.15e+08 0.0516026 -52.3909 240.05 
6.16e+08 0.0330605 -83.293 240.44 
6.17e+08 0.0415197 -68.9646 240.831 
6.18e+08 0.0349955 -34.6812 241.225 
6.19e+08 0.0321731 -47.8284 241.615 
6.2e+08 0.0921904 -41.8284 242.005 
6.21e+08 0.0860198 -56.6181 242.395 
6.22e+08 0.0504251 -55.9424 242.784 
6.23e+08 0.0501733 -68.2973 243.174 
6.24e+08 0.0272398 -49.1079 243.564 
6.25e+08 0.058402 -25.3563 243.954 
6.26e+08 0.0411971 -48.6995 244.343 
6.27e+08 0.0567804 -24.1517 244.733 
6.28e+08 0.0230652 -82.7831 245.123 
6.29e+08 0.0466684 -35.6023 245.512 
6.3e+08 0.0434743 -35.7481 245.902 
6.31e+08 0.0315497 -1.21604 246.292 
6.32e+08 0.0296444 -26.0124 246.682 
6.33e+08 0.0169447 -55.4554 247.072 
6.34e+08 0.0381903 -59.2645 247.462 
6.35e+08 0.0430402 -73.5458 247.851 
6.36e+08 0.0281904 -25.5412 248.241 
6.37e+08 0.0685372 -50.9883 248.631 
6.38e+08 0.0585954 -42.4498 249.021 
6.39e+08 0.0871739 -39.5585 249.41 
6.4e+08 0.0515747 -14.1612 249.8 
6.41e+08 0.0256025 -36.1157 250.19 
6.42e+08 0.0170839 -35.9342 250.58 
6.43e+08 0.0535634 -35.1496 250.97 
6.44e+08 0.0328343 -55.0246 251.36 
6.45e+08 0.0825128 -65.6087 251.749 
6.46e+08 0.0171607 -70.7595 252.139 
6.47e+08 0.0611399 -55.7378 252.529 
6.48e+08 0.0520996 -30.3572 252.919 
6.49e+08 0.0515462 -15.6988 253.309 
6.5e+08 0.0886959 -38.812 253.698 
6.51e+08 0.0386351 -38.1898 254.088 
6.52e+08 0.0164008 -38.2271 254.478 
6.53e+08 0.027783 -53.2395 254.868 
6.54e+08 0.0439749 -80.222 255.258 
6.55e+08 0.0673173 -64.6853 255.648 
6.56e+08 0.0169488 -44.3075 256.038 
6.57e+08 0.0662144 -32.5459 256.428 
6.58e+08 0.0757911 -51.1043 256.817 
6.59e+08 0.0306289 -74.9531 257.207 
6.6e+08 0.0460956 -74.8492 257.6 
6.61e+08 0.0522782 -62.2507 257.99 
6.62e+08 0.0356206 -40.5636 258.38 
6.63e+08 0.0580191 -29.553 258.77 
6.64e+08 0.0307311 -22.4551 259.159 
6.65e+08 0.0567508 -33.3422 259.549 
6.66e+08 0.0448226 -17.0773 259.939 
6.67e+08 0.0527722 -40.3889 260.329 
6.68e+08 0.0676405 -38.1752 260.719 
6.69e+08 0.0290865 -39.2183 261.109 
6.7e+08 0.0844316 -56.5814 261.499 
6.71e+08 0.0452747 -30.9016 261.888 
6.72e+08 0.0346579 -21.2486 262.278 
6.73e+08 0.0426169 -91.2881 262.668 
6.74e+08 0.0746987 -47.2876 263.058 
6.75e+08 0.0619589 -57.6724 263.448 
6.76e+08 0.0690341 -96.8964 263.838 
6.77e+08 0.0244773 -29.9413 264.227 
6.78e+08 0.0440258 -66.6781 264.617 
6.79e+08 0.0394715 -51.5276 265.007 
6.8e+08 0.0142774 -56.0016 265.397 
6.81e+08 0.0381811 -45.8723 265.787 
6.82e+08 0.0433257 -68.977 266.177 
6.83e+08 0.0145467 -75.8251 266.566 
6.84e+08 0.0678255 -12.1421 266.957 
6.85e+08 0.0692662 -60.4758 267.346 
6.86e+08 0.0757317 -64.2512 267.736 
6.87e+08 0.0576906 -50.2176 268.126 
6.88e+08 0.0375292 -27.0776 268.516 
6.89e+08 0.056983 -58.5993 268.906 
6.9e+08 0.0146243 -87.6575 269.296 
6.91e+08 0.0334441 -35.7312 269.686 
6.92e+08 0.0513195 -62.5977 270.076 
6.93e+08 0.0385035 -37.6519 270.465 
6.94e+08 0.0225959 -47.179 270.855 
6.95e+08 0.0261969 -63.6484 271.245 
6.96e+08 0.0679233 -45.8349 271.635 
6.97e+08 0.037787 -34.7626 272.025 
6.98e+08 0.0346472 -63.8581 272.415 
6.99e+08 0.0534189 -62.8574 272.805 
7e+08 0.0227695 -92.0343 273.195 
7.01e+08 0.0574644 -22.8346 273.585 
7.02e+08 0.0236115 -76.2551 273.975 
7.03e+08 0.027194 -49.7748 274.364 
7.04e+08 0.0391635 -84.4775 274.755 
7.05e+08 0.0695645 -80.1476 275.145 
7.06e+08 0.027501 -39.7171 275.535 
7.07e+08 0.0452601 -81.8344 275.925 
7.08e+08 0.0192178 -90.5222 276.314 
7.09e+08 0.0625443 -80.6132 276.704 
7.1e+08 0.0285612 -28.3308 277.094 
7.11e+08 0.0314356 -64.6107 277.484 
7.12e+08 0.0268617 -48.6202 277.873 
7.13e+08 0.0618168 -20.5358 278.263 
7.14e+08 0.0385349 -79.2981 278.653 
7.15e+08 0.0461905 -49.8442 279.043 
7.16e+08 0.0739458 -85.5165 279.432 
7.17e+08 0.0721703 -63.5089 279.822 
7.18e+08 0.0233299 -24.5959 280.212 
7.19e+08 0.059999 -32.1053 280.602 
7.2e+08 0.0559618 -94.081 280.992 
7.21e+08 0.0608566 -43.1572 281.382 
7.22e+08 0.0175958 -57.4498 281.772 
7.23e+08 0.0390817 -33.3621 282.161 
7.24e+08 0.0419693 -55.9868 282.551 
7.25e+08 0.0311828 -52.6079 282.941 
7.26e+08 0.0514642 -53.6869 283.331 
7.27e+08 0.0395966 -45.7673 283.721 
7.28e+08 0.0621021 -31.5627 284.11 
7.29e+08 0.0707349 -53.0863 284.5 
7.3e+08 0.0401412 -48.832 284.89 
7.31e+08 0.0628363 -47.6872 285.281 
7.32e+08 0.072152 -52.3904 285.671 
7.33e+08 0.0714753 -39.3314 286.06 
7.34e+08 0.0143234 -7.28864 286.45 
7.35e+08 0.0253162 -49.502 286.84 
7.36e+08 0.0295207 -30.2251 287.23 
7.37e+08 0.0395322 -54.8859 287.62 
7.38e+08 0.0226021 -77.0568 288.01 
7.39e+08 0.0411561 -71.6244 288.399 
7.4e+08 0.0255469 -40.1098 288.789 
7.41e+08 0.0203697 -40.4993 289.179 
7.42e+08 0.0164782 -43.2051 289.569 
7.43e+08 0.0522966 -50.0332 289.959 
7.44e+08 0.0333108 -28.8275 290.348 
7.45e+08 0.0951301 -73.4322 290.739 
7.46e+08 0.0291503 -57.0051 291.134 
7.47e+08 0.0563859 -38.4286 291.524 
7.48e+08 0.0130126 -1.05318 291.914 
7.49e+08 0.0411193 -45.028 292.304 
7.5e+08 0.0563566 -80.5938 292.694 
7.51e+08 0.0396095 -82.6057 293.084 
7.52e+08 0.0865707 20.4961 293.473 
7.53e+08 0.038586 -47.4897 293.863 
7.54e+08 0.0404977 -38.9001 294.253 
7.55e+08 0.046792 -31.4022 294.643 
7.56e+08 0.0354983 -42.9072 295.033 
7.57e+08 0.0309241 -30.0743 295.423 
7.58e+08 0.0509727 -11.0472 295.813 
7.59e+08 0.0647438 -80.3115 296.202 
7.6e+08 0.0289438 -73.7065 296.593 
7.61e+08 0.0449175 -43.5847 296.982 
7.62e+08 0.0431912 -50.5184 297.372 
7.63e+08 0.0252845 -39.9052 297.762 
7.64e+08 0.0498374 -102.487 298.152 
7.65e+08 0.0646108 -69.281 298.542 
7.66e+08 0.105878 -68.8016 298.932 
7.67e+08 0.0634105 -36.2405 299.322 
7.68e+08 0.0774411 -39.4056 299.712 
7.69e+08 0.0281599 -22.4834 300.102 
7.7e+08 0.0191761 -68.0598 300.492 
7.71e+08 0.0397799 -42.0147 300.882 
7.72e+08 0.0741184 -81.4995 301.272 
7.73e+08 0.0616992 -31.715 301.662 
7.74e+08 0.073065 -51.5807 302.051 
7.75e+08 0.017974 -36.9363 302.441 
7.76e+08 0.0801905 -64.216 302.831 
7.77e+08 0.021616 -35.332 303.221 
7.78e+08 0.0475704 3.87879 303.611 
7.79e+08 0.0170777 -45.8719 304.001 
7.8e+08 0.0680311 -48.1055 304.391 
7.81e+08 0.0459256 -78.9087 304.781 
7.82e+08 0.0373874 -36.6244 305.171 
7.83e+08 0.0672898 -46.4836 305.562 
7.84e+08 0.0306589 -64.7604 305.952 
7.85e+08 0.0313517 -41.8623 306.342 
7.86e+08 0.0341575 -58.3356 306.732 
7.87e+08 0.0315117 -52.7576 307.121 
7.88e+08 0.0249629 -24.7716 307.513 
7.89e+08 0.0540983 -43.6547 307.905 
7.9e+08 0.0670777 -35.1653 308.295 
7.91e+08 0.0555529 -83.8664 308.685 
7.92e+08 0.0218761 -25.2585 309.075 
7.93e+08 0.0242866 18.0906 309.464 
7.94e+08 0.0443266 -23.5715 309.854 
7.95e+08 0.0256848 -60.6297 310.244 
7.96e+08 0.0201408 -82.6835 310.634 
7.97e+08 0.0639312 -75.5202 311.024 
7.98e+08 0.0649852 -46.8943 311.414 
7.99e+08 0.0438853 -74.1566 311.804 
8e+08 0.0436608 -88.7267 312.194 
8.01e+08 0.0439532 -14.4362 312.584 
8.02e+08 0.0745741 -75.6147 312.974 
8.03e+08 0.0220295 -34.557 313.364 
8.04e+08 0.0382812 -43.7681 313.755 
8.05e+08 0.0567611 -47.291 314.145 
8.06e+08 0.0555451 -51.3349 314.535 
8.07e+08 0.0312105 -75.2107 314.925 
8.08e+08 0.0409008 -56.9252 315.315 
8.09e+08 0.0698165 -88.0775 315.705 
8.1e+08 0.0309358 -39.8859 316.095 
8.11e+08 0.0687461 -55.2224 316.485 
8.12e+08 0.0683152 -61.683 316.875 
8.13e+08 0.0407774 -36.8429 317.265 
8.14e+08 0.0300329 -36.6471 317.658 
8.15e+08 0.0559953 -66.6807 318.048 
8.16e+08 0.0246128 -56.3621 318.438 
8.17e+08 0.029636 -42.6586 318.828 
8.18e+08 0.026766 -28.5949 319.218 
8.19e+08 0.0467184 -73.8768 319.607 
8.2e+08 0.0566019 -4.35863 319.997 
8.21e+08 0.0539494 -42.8073 320.388 
8.22e+08 0.0467619 -96.2009 320.779 
8.23e+08 0.0817851 -39.4866 321.169 
8.24e+08 0.0486963 -34.1062 321.559 
8.25e+08 0.0441573 -82.4448 321.949 
8.26e+08 0.0387968 -60.9755 322.339 
8.27e+08 0.027328 -33.32 322.729 
8.28e+08 0.039265 -72.0413 323.119 
8.29e+08 0.0425015 -85.0099 323.511 
8.3e+08 0.0739632 -89.356 323.902 
8.31e+08 0.0409276 1.94198 324.292 
8.32e+08 0.0372594 -21.4006 324.682 
8.33e+08 0.0595784 -66.741 325.072 
8.34e+08 0.0264793 -53.8321 325.462 
8.35e+08 0.0516886 -50.2713 325.851 
8.36e+08 0.0358968 -19.9551 326.241 
8.37e+08 0.0476426 -28.5056 326.631 
8.38e+08 0.0443447 -82.6426 327.021 
8.39e+08 0.0139574 -25.7661 327.411 
8.4e+08 0.0328798 -51.7242 327.801 
8.41e+08 0.0645645 -49.1756 328.191 
8.42e+08 0.0545905 -49.6094 328.581 
8.43e+08 0.0310304 -65.8002 328.971 
8.44e+08 0.00485926 -38.2452 329.361 
8.45e+08 0.0404351 -36.6812 329.751 
8.46e+08 0.0421105 -71.5458 330.141 
8.47e+08 0.0491823 4.59569 330.531 
8.48e+08 0.0455497 -92.0233 330.921 
8.49e+08 0.0379243 -57.1611 331.311 
8.5e+08 0.0681221 -59.2283 331.701 
8.51e+08 0.0171145 -15.7483 332.091 
8.52e+08 0.0653954 -60.4979 332.482 
8.53e+08 0.0500437 -40.7824 332.872 
8.54e+08 0.0435361 -46.1102 333.262 
8.55e+08 0.0522579 -7.18172 333.652 
8.56e+08 0.0632941 -32.0551 334.042 
8.57e+08 0.0477415 -75.5947 334.432 
8.58e+08 0.0853962 -96.8248 334.822 
8.59e+08 0.0433784 -26.3285 335.212 
8.6e+08 0.0236526 -83.4623 335.602 
8.61e+08 0.0225412 1.65132 335.993 
8.62e+08 0.040081 -48.0299 336.383 
8.63e+08 0.0350548 -26.0549 336.773 
8.64e+08 0.105148 -43.874 337.163 
8.65e+08 0.0319324 -56.6069 337.553 
8.66e+08 0.0477563 -25.5245 337.943 
8.67e+08 0.047341 -50.09 338.333 
8.68e+08 0.032413 -51.5808 338.723 
8.69e+08 0.0616478 -48.1236 339.113 
8.7e+08 0.0679774 -67.1977 339.503 
8.71e+08 0.0747487 -89.5492 339.893 
8.72e+08 0.0448491 -74.3525 340.283 
8.73e+08 0.0229229 -80.5586 340.674 
8.74e+08 0.0200161 -58.2919 341.064 
8.75e+08 0.0302722 7.54447 341.454 
8.76e+08 0.0232645 -47.6217 341.844 
8.77e+08 0.0321282 -65.0565 342.234 
8.78e+08 0.0684759 -69.0885 342.624 
8.79e+08 0.0235551 -52.0328 343.014 
8.8e+08 0.0179267 -47.6625 343.404 
8.81e+08 0.0340604 -65.4458 343.793 
8.82e+08 0.0563619 -61.7834 344.183 
8.83e+08 0.0333246 -74.3871 344.573 
8.84e+08 0.0670653 -39.9 344.963 
8.85e+08 0.0354211 -19.3372 345.354 
8.86e+08 0.0716049 -62.0404 345.744 
8.87e+08 0.0584673 -32.0667 346.134 
8.88e+08 0.0434876 -0.613264 346.524 
8.89e+08 0.0583284 -35.736 346.914 
8.9e+08 0.0534091 -98.2198 347.304 
8.91e+08 0.0647105 -77.0976 347.694 
8.92e+08 0.0645208 -9.13773 348.084 
8.93e+08 0.0873442 -106.84 348.474 
8.94e+08 0.0254251 -8.00281 348.864 
8.95e+08 0.0484309 -63.6258 349.253 
8.96e+08 0.0791798 -41.737 349.643 
8.97e+08 0.0689878 -18.0368 350.033 
8.98e+08 0.0537427 -57.254 350.423 
8.99e+08 0.0290438 -68.851 350.813 
9e+08 0.0398675 -62.014 351.203 
9.01e+08 0.0641257 -69.7848 351.593 
9.02e+08 0.0534078 -24.8107 351.983 
9.03e+08 0.0836771 -93.3621 352.373 
9.04e+08 0.070714 -54.233 352.763 
9.05e+08 0.069266 -66.818 353.153 
9.06e+08 0.0219075 -20.8241 353.543 
9.07e+08 0.0359741 -37.504 353.933 
9.08e+08 0.0388174 -64.0887 354.323 
9.09e+08 0.0253143 -65.5028 354.713 
9.1e+08 0.0541042 -63.9093 355.103 
9.11e+08 0.0520486 -71.1254 355.493 
9.12e+08 0.0629278 -69.3256 355.883 
9.13e+08 0.0308601 -32.2994 356.274 
9.14e+08 0.0336124 -15.2047 356.664 
9.15e+08 0.0762899 -100.67 357.054 
9.16e+08 0.0589699 -50.3103 357.444 
9.17e+08 0.0171341 -50.0954 357.834 
9.18e+08 0.0798382 -26.7655 358.225 
9.19e+08 0.036601 -84.0132 358.615 
9.2e+08 0.0364984 -54.989 359.005 
9.21e+08 0.041811 -60.2219 359.395 
9.22e+08 0.0373357 -46.3939 359.785 
9.23e+08 0.0293342 -55.4152 360.175 
9.24e+08 0.0166455 -47.8639 360.565 
9.25e+08 0.0465479 -38.8626 360.955 
9.26e+08 0.0463484 -24.028 361.344 
9.27e+08 0.0739021 -58.8242 361.734 
9.28e+08 0.0359291 -65.921 362.124 
9.29e+08 0.0356596 -76.6693 362.514 
9.3e+08 0.0638051 -48.5229 362.904 
9.31e+08 0.0351702 -41.2708 363.294 
9.32e+08 0.0381877 -48.8087 363.684 
9.33e+08 0.0252582 -107.816 364.074 
9.34e+08 0.0612438 -60.7239 364.464 
9.35e+08 0.0188138 -40.5023 364.854 
9.36e+08 0.0371054 -66.684 365.243 
9.37e+08 0.0515132 -77.087 365.633 
9.38e+08 0.0529279 -53.8093 366.023 
9.39e+08 0.054946 -15.7365 366.416 
9.4e+08 0.0601662 -38.5304 366.805 
9.41e+08 0.0413659 -47.0938 367.195 
9.42e+08 0.0300279 -44.8245 367.588 
9.43e+08 0.0270018 -60.9778 367.98 
9.44e+08 0.0555607 -39.1515 368.37 
9.45e+08 0.0563438 -34.0435 368.76 
9.46e+08 0.0442821 -49.0581 369.15 
9.47e+08 0.024012 -90.8697 369.54 
9.48e+08 0.00965766 -3.18732 369.93 
9.49e+08 0.0865945 -55.485 370.32 
9.5e+08 0.0285381 -90.6001 370.71 
9.51e+08 0.0506629 2.10915 371.1 
9.52e+08 0.0586194 -68.8101 371.49 
9.53e+08 0.0362352 -63.1629 371.88 
9.54e+08 0.0339078 -67.2325 372.269 
9.55e+08 0.0670948 -72.9741 372.659 
9.56e+08 0.026683 -22.7454 373.049 
9.57e+08 0.0493128 -59.8662 373.439 
9.58e+08 0.009345 -69.785 373.829 
9.59e+08 0.0693141 -40.2173 374.221 
9.6e+08 0.0477221 -36.6997 374.611 
9.61e+08 0.0333031 -69.7448 375.001 
9.62e+08 0.0515818 -51.606 375.391 
9.63e+08 0.0567124 -41.149 375.781 
9.64e+08 0.0649994 -72.617 376.171 
9.65e+08 0.0751669 -65.7479 376.561 
9.66e+08 0.0298197 -75.6836 376.951 
9.67e+08 0.0523515 -49.8368 377.341 
9.68e+08 0.0782528 -35.8902 377.741 
9.69e+08 0.0439337 -45.412 378.137 
9.7e+08 0.0194744 -83.4594 378.531 
9.71e+08 0.0429865 -29.8577 378.925 
9.72e+08 0.0544916 -69.4791 379.316 
9.73e+08 0.0281261 -34.4103 379.707 
9.74e+08 0.0851775 -60.7153 380.098 
9.75e+08 0.0260277 -49.3671 380.489 
9.76e+08 0.0230518 -46.6514 380.879 
9.77e+08 0.028837 -16.2959 381.269 
9.78e+08 0.0880097 -59.1629 381.659 
9.79e+08 0.030039 -12.8768 382.049 
9.8e+08 0.0269332 -57.4217 382.439 
9.81e+08 0.0311107 -56.2481 382.829 
9.82e+08 0.0760449 -77.0151 383.219 
9.83e+08 0.0276313 -58.1587 383.609 
9.84e+08 0.0246342 -54.7085 383.999 
9.85e+08 0.0638191 -29.2031 384.389 
9.86e+08 0.053091 -62.8604 384.779 
9.87e+08 0.0332221 -41.5492 385.169 
9.88e+08 0.0544777 -51.396 385.559 
9.89e+08 0.0584378 -33.1175 385.948 
9.9e+08 0.0626101 -68.9274 386.338 
9.91e+08 0.0251948 -77.6653 386.728 
9.92e+08 0.0756611 -68.0377 387.118 
9.93e+08 0.0228602 -51.3011 387.508 
9.94e+08 0.0395019 -64.5304 387.898 
9.95e+08 0.0658996 -66.7701 388.288 
9.96e+08 0.0455272 -79.2912 388.678 
9.97e+08 0.0251857 -51.4961 389.068 
9.98e+08 0.0478889 -19.562 389.462 
9.99e+08 0.0182246 -41.6772 389.856 
1e+09 0.0594126 -25.3295 390.246 
