0 0.10193 -49.9656 0 
1e+06 0.0608562 -45.7631 0.392677 
2e+06 0.0623621 -104.991 0.785599 
3e+06 0.0610011 -78.0717 1.17879 
4e+06 0.0355212 -85.5789 1.57283 
5e+06 0.0523256 -89.6032 1.96611 
6e+06 0.0884599 -41.8866 2.35925 
7e+06 0.0374273 -33.1937 2.75268 
8e+06 0.0254724 -55.0131 3.14655 
9e+06 0.0413648 -44.626 3.54017 
1e+07 0.0373942 -36.2064 3.93343 
1.1e+07 0.0340385 -10.8842 4.32619 
1.2e+07 0.0365478 -75.0157 4.71974 
1.3e+07 0.0371661 -55.8283 5.11258 
1.4e+07 0.0388154 -14.3188 5.50467 
1.5e+07 0.0656963 -69.4387 5.89698 
1.6e+07 0.0428169 -94.5289 6.28927 
1.7e+07 0.0331733 -26.3082 6.69775 
1.8e+07 0.0181212 -71.6287 7.12207 
1.9e+07 0.0752565 -71.1715 7.53599 
2e+07 0.054493 -67.82 7.92841 
2.1e+07 0.0343652 -34.383 8.3218 
2.2e+07 0.0300878 -22.3272 8.7149 
2.3e+07 0.0222205 -45.7677 9.10811 
2.4e+07 0.069842 -64.2535 9.50219 
2.5e+07 0.0359376 -70.0737 9.89554 
2.6e+07 0.045485 -55.2634 10.2882 
2.7e+07 0.0441145 -75.3288 10.6805 
2.8e+07 0.0296883 -37.0936 11.0739 
2.9e+07 0.0122371 -32.9436 11.4704 
3e+07 0.0541914 -37.8004 11.8651 
3.1e+07 0.0308141 -15.9149 12.2583 
3.2e+07 0.0431793 -67.097 12.6532 
3.3e+07 0.0572763 -58.1118 13.0471 
3.4e+07 0.0480387 -67.001 13.4402 
3.5e+07 0.0175872 -31.0375 13.8332 
3.6e+07 0.0392654 -3.90566 14.2254 
3.7e+07 0.02717 -12.3001 14.618 
3.8e+07 0.0367253 -61.9068 15.0109 
3.9e+07 0.0553478 -45.7138 15.4038 
4e+07 0.00959699 -78.527 15.7959 
4.1e+07 0.048089 -46.6272 16.1884 
4.2e+07 0.0461892 -45.18 16.5833 
4.3e+07 0.0269489 -44.1295 16.9769 
4.4e+07 0.0352289 -18.9881 17.3687 
4.5e+07 0.0490352 -22.1307 17.761 
4.6e+07 0.0308601 -87.9069 18.1533 
4.7e+07 0.032009 -30.026 18.5465 
4.8e+07 0.0834778 -74.6215 18.9395 
4.9e+07 0.0545166 -38.316 19.3318 
5e+07 0.0632813 -65.1167 19.7243 
5.1e+07 0.0194276 -30.4511 20.1172 
5.2e+07 0.0483888 -36.4119 20.51 
5.3e+07 0.0159234 -9.05225 20.9028 
5.4e+07 0.0279655 -44.7212 21.2962 
5.5e+07 0.0465969 -47.8689 21.6895 
5.6e+07 0.0531935 -81.2058 22.0836 
5.7e+07 0.0387079 -49.6605 22.4754 
5.8e+07 0.0451797 -15.5118 22.8685 
5.9e+07 0.0761616 -52.7264 23.2612 
6e+07 0.0236142 -17.1217 23.6546 
6.1e+07 0.0548799 -43.5174 24.047 
6.2e+07 0.0221204 -48.0465 24.4398 
6.3e+07 0.0384418 -29.4378 24.833 
6.4e+07 0.0442507 -38.0325 25.2263 
6.5e+07 0.0428852 -72.0357 25.6197 
6.6e+07 0.0468073 -41.73 26.0117 
6.7e+07 0.0419365 -29.4577 26.4047 
6.8e+07 0.0326075 3.48369 26.8062 
6.9e+07 0.0461497 -49.0342 27.2275 
7e+07 0.078329 -58.7337 27.6206 
7.1e+07 0.0237696 -77.6142 28.0128 
7.2e+07 0.028301 -90.4875 28.4058 
7.3e+07 0.0421718 -50.3201 28.7991 
7.4e+07 0.0429775 -26.7077 29.1917 
7.5e+07 0.046594 -68.1479 29.5871 
7.6e+07 0.0491485 -55.0722 29.9795 
7.7e+07 0.0660319 -70.5177 30.3722 
7.8e+07 0.0429199 -95.7294 30.7652 
7.9e+07 0.0351792 -43.8851 31.1576 
8e+07 0.0457858 -43.9984 31.5496 
8.1e+07 0.0542371 -13.566 31.9424 
8.2e+07 0.0287994 -45.174 32.3351 
8.3e+07 0.0360075 -44.5122 32.7283 
8.4e+07 0.0442733 -9.86017 33.1217 
8.5e+07 0.0790955 -57.6467 33.5151 
8.6e+07 0.0327167 -31.6981 33.9081 
8.7e+07 0.0391169 -58.5854 34.3012 
8.8e+07 0.0493238 -73.3656 34.6944 
8.9e+07 0.068854 -35.1296 35.0876 
9e+07 0.0330642 -20.3723 35.4802 
9.1e+07 0.0144144 -50.7783 35.8735 
9.2e+07 0.0514637 -17.1975 36.2663 
9.3e+07 0.0407855 -50.5603 36.6594 
9.4e+07 0.0574385 -42.2729 37.0512 
9.5e+07 0.0465728 -24.8371 37.4468 
9.6e+07 0.0811607 -76.7274 37.8549 
9.7e+07 0.0359286 -45.6061 38.2478 
9.8e+07 0.0522232 -34.2936 38.6534 
9.9e+07 0.0699547 -64.6558 39.0784 
1e+08 0.0474654 -42.1604 39.5039 
1.01e+08 0.0393375 -72.8244 39.9221 
1.02e+08 0.055146 -68.1617 40.3147 
1.03e+08 0.048588 -47.5458 40.7078 
1.04e+08 0.0341603 -70.7206 41.1022 
1.05e+08 0.0758012 -5.72221 41.4949 
1.06e+08 0.110526 -59.6114 41.8892 
1.07e+08 0.0140671 -26.6157 42.2825 
1.08e+08 0.0633927 -66.9871 42.6762 
1.09e+08 0.0466773 -54.7736 43.0731 
1.1e+08 0.0593078 -27.0502 43.4664 
1.11e+08 0.04683 -30.9506 43.8596 
1.12e+08 0.046386 -57.7305 44.2529 
1.13e+08 0.0489895 -72.3345 44.6471 
1.14e+08 0.0321487 -28.5005 45.0405 
1.15e+08 0.0342489 -42.2849 45.4344 
1.16e+08 0.0394135 -49.6806 45.8272 
1.17e+08 0.0717133 -53.4034 46.2205 
1.18e+08 0.0392378 -24.2591 46.6142 
1.19e+08 0.0143162 -86.3753 47.0068 
1.2e+08 0.0734149 -11.3735 47.3994 
1.21e+08 0.0569421 -83.9567 47.7924 
1.22e+08 0.0725796 -82.9896 48.1842 
1.23e+08 0.0167184 -91.2478 48.5774 
1.24e+08 0.0496009 -44.5522 48.9705 
1.25e+08 0.0307375 -58.0214 49.3638 
1.26e+08 0.0424537 -76.0156 49.7566 
1.27e+08 0.0388874 -78.3355 50.15 
1.28e+08 0.0519949 -88.2487 50.5437 
1.29e+08 0.0510146 -58.3099 50.9365 
1.3e+08 0.0227493 -15.742 51.33 
1.31e+08 0.037659 -30.3723 51.7229 
1.32e+08 0.0318727 -47.0307 52.1154 
1.33e+08 0.0416134 -69.0856 52.5081 
1.34e+08 0.00855695 -70.9495 52.9016 
1.35e+08 0.0373002 -38.9945 53.2948 
1.36e+08 0.0344613 -48.9241 53.6888 
1.37e+08 0.0718775 -18.4359 54.0836 
1.38e+08 0.0274115 -89.8901 54.4765 
1.39e+08 0.0433275 -81.2366 54.8685 
1.4e+08 0.103969 -67.4687 55.2834 
1.41e+08 0.0536301 -77.7507 55.6941 
1.42e+08 0.0304402 -33.0156 56.087 
1.43e+08 0.0395239 -5.13267 56.4807 
1.44e+08 0.0531211 -43.1932 56.8739 
1.45e+08 0.0752381 -46.1673 57.2671 
1.46e+08 0.0393819 -49.7383 57.6599 
1.47e+08 0.0509625 -64.1363 58.0535 
1.48e+08 0.0382023 -59.8691 58.447 
1.49e+08 0.0425967 -77.0551 58.8398 
1.5e+08 0.0129701 -68.7178 59.2324 
1.51e+08 0.0442168 -83.7637 59.6259 
1.52e+08 0.018629 -63.442 60.0183 
1.53e+08 0.0513068 -54.2538 60.4104 
1.54e+08 0.0693635 -56.0109 60.8035 
1.55e+08 0.0559848 -40.1701 61.1967 
1.56e+08 0.0779278 -58.171 61.5906 
1.57e+08 0.0377729 -55.4547 61.9903 
1.58e+08 0.0388605 -93.9486 62.3834 
1.59e+08 0.0346334 -58.2158 62.777 
1.6e+08 0.0435613 -69.4703 63.1694 
1.61e+08 0.0258264 -60.5343 63.5645 
1.62e+08 0.0260286 -17.8927 63.9669 
1.63e+08 0.0411121 -37.621 64.3602 
1.64e+08 0.0450563 -31.0933 64.7535 
1.65e+08 0.0683429 -55.3894 65.1467 
1.66e+08 0.0297068 -45.028 65.5405 
1.67e+08 0.0397382 -64.2166 65.9335 
1.68e+08 0.021503 0.673474 66.3263 
1.69e+08 0.0535428 -46.5182 66.7192 
1.7e+08 0.0672706 -92.6739 67.1126 
1.71e+08 0.0490403 -33.0627 67.5052 
1.72e+08 0.0478951 -73.3516 67.898 
1.73e+08 0.0341295 -60.151 68.2918 
1.74e+08 0.0645686 -50.7256 68.6852 
1.75e+08 0.0195315 -12.2176 69.0776 
1.76e+08 0.0326745 -17.0046 69.47 
1.77e+08 0.0588132 -46.7568 69.8628 
1.78e+08 0.021866 -71.8274 70.2557 
1.79e+08 0.0313858 -38.4676 70.648 
1.8e+08 0.0494814 -64.5764 71.0402 
1.81e+08 0.0327958 -60.7669 71.4358 
1.82e+08 0.0452409 -23.4644 71.8599 
1.83e+08 0.0518342 -61.0355 72.2523 
1.84e+08 0.0568791 -64.3655 72.6469 
1.85e+08 0.0740662 -74.0759 73.0401 
1.86e+08 0.0191864 -20.2142 73.4331 
1.87e+08 0.0780438 -41.641 73.8255 
1.88e+08 0.0654099 -26.6374 74.2192 
1.89e+08 0.0331521 -41.4781 74.6154 
1.9e+08 0.0465423 -27.0507 75.0133 
1.91e+08 0.0938261 -80.0886 75.4065 
1.92e+08 0.0579349 -59.2971 75.7996 
1.93e+08 0.0353814 -39.9154 76.1922 
1.94e+08 0.0333502 -87.9056 76.5861 
1.95e+08 0.0287348 -46.7213 76.9785 
1.96e+08 0.0307682 -49.1299 77.3721 
1.97e+08 0.0580433 -18.8488 77.7652 
1.98e+08 0.05042 -20.232 78.1588 
1.99e+08 0.0191674 -59.9376 78.5527 
2e+08 0.0529251 -15.7779 78.945 
2.01e+08 0.0532584 -45.454 79.3374 
2.02e+08 0.0390133 -65.2194 79.7306 
2.03e+08 0.0600632 -79.1317 80.1241 
2.04e+08 0.0176724 -40.0911 80.5179 
2.05e+08 0.0551607 -39.2011 80.9102 
2.06e+08 0.0586197 -38.4556 81.3022 
2.07e+08 0.0652694 -50.1223 81.6949 
2.08e+08 0.0495811 -56.4152 82.0876 
2.09e+08 0.052051 -64.6782 82.4813 
2.1e+08 0.0487506 -14.5396 82.8738 
2.11e+08 0.0212883 -42.6162 83.2667 
2.12e+08 0.0790544 -50.8443 83.6599 
2.13e+08 0.0313228 -40.2412 84.0529 
2.14e+08 0.0555592 -9.35929 84.4463 
2.15e+08 0.0766367 15.6773 84.8459 
2.16e+08 0.0409593 -99.1467 85.2389 
2.17e+08 0.0378221 -105.726 85.6332 
2.18e+08 0.0373974 -68.2603 86.0259 
2.19e+08 0.0504687 -51.0872 86.4187 
2.2e+08 0.0364306 -102.039 86.8118 
2.21e+08 0.0264408 -69.5715 87.2057 
2.22e+08 0.0461828 -35.3917 87.5992 
2.23e+08 0.0635847 -47.9876 87.9924 
2.24e+08 0.0411868 -33.4755 88.3854 
2.25e+08 0.101206 -78.7965 88.7843 
2.26e+08 0.0375454 -72.8068 89.1783 
2.27e+08 0.0192012 -2.272 89.5728 
2.28e+08 0.0598506 -42.1995 89.9652 
2.29e+08 0.0438015 -67.4395 90.3583 
2.3e+08 0.0779741 -69.89 90.777 
2.31e+08 0.0591143 -63.3635 91.1775 
2.32e+08 0.0874199 -45.9648 91.5702 
2.33e+08 0.031658 -34.9137 91.9633 
2.34e+08 0.0472452 -1.63302 92.3554 
2.35e+08 0.0336204 -30.2701 92.7498 
2.36e+08 0.0378436 -86.0286 93.1432 
2.37e+08 0.0129938 -38.3956 93.5374 
2.38e+08 0.0159891 -49.6578 93.9303 
2.39e+08 0.0385495 -54.5551 94.3228 
2.4e+08 0.0570187 -100.584 94.7154 
2.41e+08 0.0436079 -33.3639 95.1067 
2.42e+08 0.0468396 -59.8222 95.5 
2.43e+08 0.0834604 -46.7955 95.8923 
2.44e+08 0.0200292 -65.7352 96.2863 
2.45e+08 0.0565526 -71.8798 96.6792 
2.46e+08 0.0399564 -16.9231 97.0726 
2.47e+08 0.0200978 -37.0002 97.4656 
2.48e+08 0.0538824 -67.5906 97.858 
2.49e+08 0.0581851 -4.04131 98.2514 
2.5e+08 0.059601 -3.42932 98.6443 
2.51e+08 0.0553894 -31.7175 99.0371 
2.52e+08 0.0768532 -42.4006 99.4311 
2.53e+08 0.0241824 11.822 99.8238 
2.54e+08 0.0449461 -69.5073 100.217 
2.55e+08 0.0689816 -81.8712 100.611 
2.56e+08 0.0606841 -34.8198 101.005 
2.57e+08 0.0475449 -25.9757 101.398 
2.58e+08 0.0330419 -41.9838 101.792 
2.59e+08 0.0496171 -30.5428 102.185 
2.6e+08 0.0676476 -43.779 102.577 
2.61e+08 0.0164945 -53.7441 102.97 
2.62e+08 0.0167339 -49.1534 103.363 
2.63e+08 0.0295825 -65.3297 103.761 
2.64e+08 0.026119 -63.6408 104.154 
2.65e+08 0.0549514 -26.4956 104.551 
2.66e+08 0.040664 -90.058 104.947 
2.67e+08 0.0430982 -77.8542 105.34 
2.68e+08 0.0840681 -81.1422 105.733 
2.69e+08 0.0550984 -62.1552 106.126 
2.7e+08 0.0314449 -80.1625 106.52 
2.71e+08 0.0990397 -9.04523 106.912 
2.72e+08 0.0667582 -36.652 107.304 
2.73e+08 0.0988127 -70.8658 107.697 
2.74e+08 0.0527972 -26.7363 108.09 
2.75e+08 0.0273639 -79.2521 108.511 
2.76e+08 0.0314259 -46.6865 108.911 
2.77e+08 0.0223155 -47.8406 109.305 
2.78e+08 0.0701891 -56.8692 109.699 
2.79e+08 0.0620767 -36.377 110.092 
2.8e+08 0.0676864 -74.7862 110.485 
2.81e+08 0.0362462 -40.8659 110.877 
2.82e+08 0.0563738 -81.8096 111.268 
2.83e+08 0.0530933 -24.6098 111.661 
2.84e+08 0.0541039 -36.5739 112.054 
2.85e+08 0.0200694 2.63067 112.446 
2.86e+08 0.0578405 -70.0286 112.852 
2.87e+08 0.0549113 -79.8452 113.253 
2.88e+08 0.0623715 -88.6731 113.646 
2.89e+08 0.0423512 -48.4173 114.04 
2.9e+08 0.0479513 -95.7864 114.432 
2.91e+08 0.0412301 -24.4265 114.824 
2.92e+08 0.0564086 -56.1242 115.217 
2.93e+08 0.0159026 -85.797 115.61 
2.94e+08 0.08624 -55.8736 116.003 
2.95e+08 0.0411529 -12.0239 116.396 
2.96e+08 0.115875 -37.3643 116.789 
2.97e+08 0.021511 -48.9528 117.182 
2.98e+08 0.0401436 -22.8167 117.575 
2.99e+08 0.0449741 -88.29 117.968 
3e+08 0.0205725 -56.9426 118.361 
3.01e+08 0.0141449 -10.1521 118.754 
3.02e+08 0.0564744 -10.8793 119.147 
3.03e+08 0.0346065 -42.5705 119.54 
3.04e+08 0.0552985 -43.8166 119.934 
3.05e+08 0.0514551 -60.7081 120.326 
3.06e+08 0.0412853 -37.7581 120.719 
3.07e+08 0.0513942 -55.8732 121.111 
3.08e+08 0.035506 -48.3531 121.504 
3.09e+08 0.0379808 -35.021 121.897 
3.1e+08 0.0900422 -52.5187 122.29 
3.11e+08 0.0394228 -82.8689 122.683 
3.12e+08 0.0376336 -56.4359 123.078 
3.13e+08 0.033277 -76.6639 123.471 
3.14e+08 0.0346433 -78.8911 123.871 
3.15e+08 0.0301399 -75.318 124.265 
3.16e+08 0.0214127 -5.67965 124.659 
3.17e+08 0.0126035 -68.2237 125.068 
3.18e+08 0.0163058 -44.6739 125.483 
3.19e+08 0.0876826 -70.4923 125.876 
3.2e+08 0.0395016 -44.144 126.269 
3.21e+08 0.0664053 -28.0192 126.661 
3.22e+08 0.048209 -41.5139 127.054 
3.23e+08 0.0272399 -25.1294 127.447 
3.24e+08 0.0220053 -38.7682 127.84 
3.25e+08 0.046474 -73.2014 128.234 
3.26e+08 0.0180632 -72.2966 128.627 
3.27e+08 0.0296452 -60.6749 129.027 
3.28e+08 0.0545842 -67.8033 129.42 
3.29e+08 0.0294381 -35.9858 129.814 
3.3e+08 0.0661921 -74.0063 130.207 
3.31e+08 0.0418766 -35.441 130.599 
3.32e+08 0.0417416 -51.0626 130.993 
3.33e+08 0.019926 -54.8524 131.385 
3.34e+08 0.0459741 -91.1916 131.793 
3.35e+08 0.0325681 -45.8315 132.186 
3.36e+08 0.018093 -48.1681 132.579 
3.37e+08 0.0560722 -43.8561 132.973 
3.38e+08 0.00640416 -73.6113 133.367 
3.39e+08 0.0578286 -53.9657 133.761 
3.4e+08 0.0662089 -40.1682 134.155 
3.41e+08 0.0408655 -95.6729 134.55 
3.42e+08 0.0432015 -33.072 134.942 
3.43e+08 0.057469 -58.4783 135.334 
3.44e+08 0.0489378 -38.3967 135.727 
3.45e+08 0.0488745 -56.5557 136.121 
3.46e+08 0.0278062 -49.2657 136.515 
3.47e+08 0.0232643 -107.852 136.907 
3.48e+08 0.0301733 -57.8743 137.301 
3.49e+08 0.0672189 -53.7485 137.693 
3.5e+08 0.0470213 -42.4249 138.087 
3.51e+08 0.0476246 -83.7213 138.48 
3.52e+08 0.0307477 4.68877 138.873 
3.53e+08 0.0465538 -62.631 139.267 
3.54e+08 0.0238388 -48.8592 139.659 
3.55e+08 0.0378515 -37.4801 140.073 
3.56e+08 0.0434658 -40.6077 140.481 
3.57e+08 0.0526151 -85.1272 140.874 
3.58e+08 0.0359228 -64.9638 141.268 
3.59e+08 0.0399255 -49.9306 141.661 
3.6e+08 0.0498865 -24.6402 142.055 
3.61e+08 0.0198197 -11.6753 142.448 
3.62e+08 0.0774619 -35.0972 142.841 
3.63e+08 0.046466 -56.4866 143.234 
3.64e+08 0.0446705 -45.7917 143.627 
3.65e+08 0.018573 -34.2935 144.02 
3.66e+08 0.0363502 -51.2555 144.414 
3.67e+08 0.031284 -3.63184 144.807 
3.68e+08 0.0221863 -73.6331 145.2 
3.69e+08 0.0308149 -69.6012 145.594 
3.7e+08 0.0319213 -45.8521 145.987 
3.71e+08 0.0404026 -53.7544 146.38 
3.72e+08 0.0167223 -81.456 146.773 
3.73e+08 0.0375774 -39.0394 147.166 
3.74e+08 0.0425885 -44.1384 147.558 
3.75e+08 0.0589767 -35.1423 147.951 
3.76e+08 0.0673197 -64.6997 148.343 
3.77e+08 0.0307597 -69.2664 148.735 
3.78e+08 0.0504769 -46.9746 149.128 
3.79e+08 0.0338017 -50.3018 149.523 
3.8e+08 0.0396927 -68.977 149.915 
3.81e+08 0.0489026 -73.9579 150.308 
3.82e+08 0.0605521 -43.2354 150.7 
3.83e+08 0.0363595 -63.7929 151.092 
3.84e+08 0.041287 -65.4811 151.484 
3.85e+08 0.0487206 -8.9236 151.877 
3.86e+08 0.0686605 -27.5227 152.269 
3.87e+08 0.0402846 -76.4523 152.662 
3.88e+08 0.0295104 -42.9647 153.055 
3.89e+08 0.0269594 -46.782 153.449 
3.9e+08 0.028978 -76.4821 153.842 
3.91e+08 0.030386 -79.5329 154.235 
3.92e+08 0.0549135 -28.1352 154.644 
3.93e+08 0.0676044 -74.2327 155.052 
3.94e+08 0.0222623 -63.5337 155.445 
3.95e+08 0.0624719 -64.4916 155.838 
3.96e+08 0.0291329 -73.1614 156.231 
3.97e+08 0.0534294 -24.5304 156.623 
3.98e+08 0.0190029 -50.0362 157.016 
3.99e+08 0.0373958 -28.9842 157.409 
4e+08 0.0257089 -49.6083 157.801 
4.01e+08 0.0461189 -49.9548 158.192 
4.02e+08 0.0420155 -76.2142 158.586 
4.03e+08 0.0673792 -56.4433 158.978 
4.04e+08 0.081705 -27.8948 159.371 
4.05e+08 0.0650879 -59.3852 159.764 
4.06e+08 0.054075 3.45525 160.155 
4.07e+08 0.0282617 -50.5263 160.549 
4.08e+08 0.0272243 -64.0934 160.942 
4.09e+08 0.0921634 -96.1233 161.335 
4.1e+08 0.0394057 -72.7393 161.727 
4.11e+08 0.0407751 -95.1648 162.119 
4.12e+08 0.0291371 -23.6826 162.511 
4.13e+08 0.0365886 -47.4125 162.903 
4.14e+08 0.0408023 -19.0284 163.296 
4.15e+08 0.0437678 -60.9225 163.688 
4.16e+08 0.0387673 -57.8605 164.081 
4.17e+08 0.057799 -51.1633 164.475 
4.18e+08 0.0393263 -60.018 164.869 
4.19e+08 0.0434446 -55.2435 165.262 
4.2e+08 0.0423111 -56.9797 165.656 
4.21e+08 0.0832487 -64.8925 166.05 
4.22e+08 0.0771709 -53.6824 166.443 
4.23e+08 0.0347241 -85.2405 166.84 
4.24e+08 0.0524663 -61.6446 167.24 
4.25e+08 0.0411146 -52.6568 167.634 
4.26e+08 0.0627742 -52.9675 168.028 
4.27e+08 0.0239735 -9.22008 168.424 
4.28e+08 0.0730056 -56.2855 168.849 
4.29e+08 0.0827829 -44.5491 169.245 
4.3e+08 0.0210795 -18.4667 169.639 
4.31e+08 0.0506843 -43.8073 170.031 
4.32e+08 0.0118521 -50.812 170.424 
4.33e+08 0.061851 -73.6535 170.82 
4.34e+08 0.0534438 -64.565 171.215 
4.35e+08 0.0691644 -33.4738 171.608 
4.36e+08 0.0198322 -100.579 172.002 
4.37e+08 0.0445808 -33.4378 172.396 
4.38e+08 0.0276076 -20.0294 172.789 
4.39e+08 0.0550732 -38.0797 173.183 
4.4e+08 0.0480018 -66.5358 173.576 
4.41e+08 0.0469469 -31.2415 173.968 
4.42e+08 0.0198892 -69.7395 174.36 
4.43e+08 0.0289428 -21.7758 174.754 
4.44e+08 0.0450009 -66.5836 175.147 
4.45e+08 0.0395269 -45.3934 175.541 
4.46e+08 0.0778012 -44.1021 175.933 
4.47e+08 0.0110739 -64.9562 176.328 
4.48e+08 0.0240669 -33.0389 176.72 
4.49e+08 0.0342746 -38.788 177.113 
4.5e+08 0.0560311 -77.9457 177.505 
4.51e+08 0.045655 -60.861 177.899 
4.52e+08 0.0235721 -55.9094 178.291 
4.53e+08 0.0741297 -70.7043 178.685 
4.54e+08 0.0354916 -43.5769 179.077 
4.55e+08 0.0546004 -29.7253 179.47 
4.56e+08 0.0524106 -36.7054 179.862 
4.57e+08 0.103566 -60.4645 180.256 
4.58e+08 0.031225 -26.7429 180.649 
4.59e+08 0.0531427 -34.3541 181.041 
4.6e+08 0.0454423 -20.7398 181.434 
4.61e+08 0.0692367 -71.4737 181.827 
4.62e+08 0.0334353 -50.634 182.22 
4.63e+08 0.031431 -56.1368 182.613 
4.64e+08 0.0363092 -73.0985 183.006 
4.65e+08 0.0554032 -13.9396 183.399 
4.66e+08 0.0427955 -63.8207 183.797 
4.67e+08 0.0432138 -58.934 184.19 
4.68e+08 0.0488984 -42.2118 184.583 
4.69e+08 0.0225987 -53.134 184.977 
4.7e+08 0.0184187 -30.181 185.376 
4.71e+08 0.0570552 -20.0189 185.801 
4.72e+08 0.0339036 -17.8405 186.196 
4.73e+08 0.0454774 -57.7541 186.589 
4.74e+08 0.0358125 -34.5228 186.981 
4.75e+08 0.0498294 -51.9201 187.373 
4.76e+08 0.0369927 -33.7401 187.766 
4.77e+08 0.0226935 -89.7713 188.159 
4.78e+08 0.0364138 -44.7575 188.554 
4.79e+08 0.0623285 -49.2436 188.947 
4.8e+08 0.0765905 -39.4918 189.34 
4.81e+08 0.0232047 -10.8507 189.732 
4.82e+08 0.0584493 -53.2816 190.126 
4.83e+08 0.0573179 -104.085 190.518 
4.84e+08 0.0324684 -57.573 190.911 
4.85e+08 0.0548026 -16.6692 191.304 
4.86e+08 0.0366844 -27.8996 191.702 
4.87e+08 0.0401343 -46.2532 192.095 
4.88e+08 0.0270861 -65.1734 192.489 
4.89e+08 0.0543079 -41.9217 192.882 
4.9e+08 0.0727549 -45.258 193.275 
4.91e+08 0.0405296 -53.45 193.669 
4.92e+08 0.0157062 -84.2005 194.063 
4.93e+08 0.0390572 -17.1959 194.455 
4.94e+08 0.0358105 -17.5037 194.849 
4.95e+08 0.0478275 -79.3067 195.241 
4.96e+08 0.0424883 -58.7123 195.634 
4.97e+08 0.0470024 -66.5311 196.027 
4.98e+08 0.0319884 -61.2721 196.42 
4.99e+08 0.0236386 -45.2154 196.813 
5e+08 0.0418114 -57.2308 197.205 
5.01e+08 0.0596853 -29.1677 197.598 
5.02e+08 0.0282276 -88.7392 197.99 
5.03e+08 0.0618667 -45.871 198.381 
5.04e+08 0.0435644 -69.6341 198.774 
5.05e+08 0.0982333 -108.261 199.168 
5.06e+08 0.029003 -82.1085 199.561 
5.07e+08 0.0426172 -77.4601 199.953 
5.08e+08 0.0419386 -49.6926 200.344 
5.09e+08 0.0388277 -31.7967 200.738 
5.1e+08 0.0526152 -59.1747 201.129 
5.11e+08 0.0314389 -23.9779 201.522 
5.12e+08 0.0290594 -48.9567 201.913 
5.13e+08 0.0458274 -42.6852 202.304 
5.14e+08 0.036455 -67.1343 202.697 
5.15e+08 0.0398755 -27.5973 203.096 
5.16e+08 0.0632272 -43.3178 203.522 
5.17e+08 0.0783892 -81.5988 203.92 
5.18e+08 0.0143338 -60.4115 204.314 
5.19e+08 0.0526741 -85.1307 204.707 
5.2e+08 0.0602224 -55.3273 205.099 
5.21e+08 0.0361885 -46.6972 205.493 
5.22e+08 0.0267858 -39.0162 205.886 
5.23e+08 0.0356566 -11.7266 206.279 
5.24e+08 0.0282003 -63.1106 206.672 
5.25e+08 0.056326 -25.4252 207.064 
5.26e+08 0.0311476 -34.238 207.455 
5.27e+08 0.0259775 -62.4549 207.848 
5.28e+08 0.0519783 -69.3967 208.239 
5.29e+08 0.0425568 -61.839 208.632 
5.3e+08 0.0405878 -55.9524 209.029 
5.31e+08 0.0311368 -79.3048 209.422 
5.32e+08 0.0537817 -35.1135 209.815 
5.33e+08 0.0326345 -61.6218 210.207 
5.34e+08 0.0722413 -23.1414 210.601 
5.35e+08 0.0290055 -91.0202 210.993 
5.36e+08 0.0369994 -69.5811 211.385 
5.37e+08 0.0533654 -45.8178 211.778 
5.38e+08 0.0533606 -70.5149 212.171 
5.39e+08 0.0813029 -34.4352 212.565 
5.4e+08 0.0455177 -76.9657 212.957 
5.41e+08 0.0213566 -61.5106 213.353 
5.42e+08 0.0446857 -39.9249 213.746 
5.43e+08 0.0680594 -51.2067 214.139 
5.44e+08 0.0447505 -12.2841 214.533 
5.45e+08 0.067859 -65.9006 214.925 
5.46e+08 0.0322806 -2.27416 215.318 
5.47e+08 0.0431603 -75.1445 215.711 
5.48e+08 0.0742492 -66.5819 216.103 
5.49e+08 0.0525917 -3.29989 216.497 
5.5e+08 0.0741052 -63.4359 216.89 
5.51e+08 0.0363955 -31.1751 217.283 
5.52e+08 0.0690617 -21.955 217.675 
5.53e+08 0.0823708 -93.2325 218.068 
5.54e+08 0.0321116 -58.8637 218.46 
5.55e+08 0.0908418 -118.467 218.853 
5.56e+08 0.0154333 -63.2777 219.244 
5.57e+08 0.0546662 -64.8667 219.648 
5.58e+08 0.0196351 -59.573 220.073 
5.59e+08 0.0422501 -48.6434 220.49 
5.6e+08 0.0295569 -49.2512 220.882 
5.61e+08 0.0253561 -84.0081 221.276 
5.62e+08 0.0627198 -89.7841 221.668 
5.63e+08 0.0157036 -68.4627 222.061 
5.64e+08 0.0488605 -58.7391 222.453 
5.65e+08 0.0128195 -39.6145 222.845 
5.66e+08 0.0381466 -36.0145 223.239 
5.67e+08 0.0466021 -27.1437 223.632 
5.68e+08 0.0349087 -67.4151 224.024 
5.69e+08 0.0584586 -7.12156 224.418 
5.7e+08 0.0390027 -81.2959 224.811 
5.71e+08 0.0797709 -35.3602 225.203 
5.72e+08 0.0405612 -7.01725 225.596 
5.73e+08 0.0641716 -72.4442 225.989 
5.74e+08 0.0560402 -66.7604 226.387 
5.75e+08 0.0547552 -47.1163 226.78 
5.76e+08 0.0163173 -39.3732 227.172 
5.77e+08 0.0388669 -86.9065 227.565 
5.78e+08 0.0219047 -78.9898 227.958 
5.79e+08 0.0276002 -86.0352 228.351 
5.8e+08 0.043972 -30.3937 228.744 
5.81e+08 0.0337041 -15.4569 229.137 
5.82e+08 0.0555351 -94.7992 229.53 
5.83e+08 0.0350692 -39.5663 229.922 
5.84e+08 0.0534238 -51.528 230.314 
5.85e+08 0.0281261 -61.5227 230.706 
5.86e+08 0.039731 -78.3426 231.098 
5.87e+08 0.0696881 -65.0883 231.49 
5.88e+08 0.0702523 -31.3356 231.884 
5.89e+08 0.0187868 -79.8954 232.277 
5.9e+08 0.0334439 -52.7088 232.67 
5.91e+08 0.0387193 -36.5852 233.062 
5.92e+08 0.0227735 -57.5378 233.455 
5.93e+08 0.0326462 -74.7384 233.848 
5.94e+08 0.0911953 -70.662 234.241 
5.95e+08 0.0117031 -34.7055 234.639 
5.96e+08 0.0482591 -38.0679 235.031 
5.97e+08 0.0343878 -48.1598 235.424 
5.98e+08 0.0298766 -51.7886 235.816 
5.99e+08 0.030922 -87.862 236.223 
6e+08 0.0451676 -50.5923 236.631 
6.01e+08 0.0459092 -21.2088 237.024 
6.02e+08 0.0729427 -75.4742 237.417 
6.03e+08 0.0584434 -42.8798 237.809 
6.04e+08 0.0473202 -45.3997 238.201 
6.05e+08 0.0141519 -46.848 238.593 
6.06e+08 0.0233823 -30.6924 238.985 
6.07e+08 0.0717179 -94.9117 239.376 
6.08e+08 0.041171 -62.2874 239.769 
6.09e+08 0.0554658 -75.5369 240.162 
6.1e+08 0.053096 -79.5658 240.555 
6.11e+08 0.0750304 -53.0724 240.947 
6.12e+08 0.0684715 -54.9977 241.339 
6.13e+08 0.0702575 -74.143 241.732 
6.14e+08 0.0725184 -81.6256 242.124 
6.15e+08 0.0749513 -27.5676 242.517 
6.16e+08 0.0360486 -67.0032 242.909 
6.17e+08 0.0593442 -82.4987 243.301 
6.18e+08 0.0616182 -89.3865 243.694 
6.19e+08 0.0328549 -54.1307 244.087 
6.2e+08 0.0180099 -29.5218 244.479 
6.21e+08 0.0383241 -41.8031 244.872 
6.22e+08 0.0378566 -16.2744 245.263 
6.23e+08 0.0197853 -57.9939 245.656 
6.24e+08 0.0594608 26.6074 246.049 
6.25e+08 0.0538692 -66.7047 246.44 
6.26e+08 0.0567566 -63.8468 246.833 
6.27e+08 0.0422756 -12.8797 247.227 
6.28e+08 0.0284547 -60.3081 247.619 
6.29e+08 0.0181102 -35.8949 248.011 
6.3e+08 0.0650556 -64.5401 248.403 
6.31e+08 0.0588972 -29.3455 248.827 
6.32e+08 0.0443876 -18.0189 249.252 
6.33e+08 0.0118086 -63.0065 249.677 
6.34e+08 0.0558814 -42.4475 250.07 
6.35e+08 0.033442 -43.0453 250.463 
6.36e+08 0.023403 -56.9294 250.856 
6.37e+08 0.05939 -61.592 251.247 
6.38e+08 0.0468889 -22.1378 251.652 
6.39e+08 0.0318875 -62.3347 252.045 
6.4e+08 0.0550186 -81.5293 252.438 
6.41e+08 0.0187919 -73.8669 252.832 
6.42e+08 0.0283071 -33.8873 253.224 
6.43e+08 0.0272302 -35.6872 253.616 
6.44e+08 0.0601623 -60.3692 254.009 
6.45e+08 0.0618329 -31.0215 254.402 
6.46e+08 0.024596 -76.0485 254.795 
6.47e+08 0.0277756 -6.99765 255.186 
6.48e+08 0.06946 -21.3143 255.579 
6.49e+08 0.0636333 -25.7473 255.971 
6.5e+08 0.0419358 -63.0388 256.363 
6.51e+08 0.0439982 -17.0512 256.757 
6.52e+08 0.0185987 -51.8886 257.15 
6.53e+08 0.0212291 -45.9665 257.547 
6.54e+08 0.0573293 -71.9958 257.94 
6.55e+08 0.0256244 -74.9145 258.334 
6.56e+08 0.0348954 -80.9187 258.726 
6.57e+08 0.0267199 -28.8381 259.119 
6.58e+08 0.0575766 -42.8987 259.513 
6.59e+08 0.0384212 -48.929 259.905 
6.6e+08 0.0358507 -69.7635 260.298 
6.61e+08 0.0134519 -42.1117 260.691 
6.62e+08 0.0395666 -81.7172 261.082 
6.63e+08 0.014776 -78.1003 261.474 
6.64e+08 0.0487962 -12.3071 261.866 
6.65e+08 0.0440713 -85.0553 262.258 
6.66e+08 0.0666332 -59.6086 262.649 
6.67e+08 0.0207104 -59.1488 263.04 
6.68e+08 0.0400293 -41.2632 263.432 
6.69e+08 0.0721096 -46.3579 263.824 
6.7e+08 0.061898 -60.7866 264.216 
6.71e+08 0.0187175 -21.0395 264.609 
6.72e+08 0.067322 -88.5721 265 
6.73e+08 0.0717319 -67.5961 265.392 
6.74e+08 0.0481934 -82.9378 265.812 
6.75e+08 0.0451965 -49.2152 266.206 
6.76e+08 0.0526327 -19.5793 266.599 
6.77e+08 0.0493041 -55.4104 266.992 
6.78e+08 0.0544955 -51.5245 267.385 
6.79e+08 0.0609045 -47.6542 267.778 
6.8e+08 0.0472617 -60.6376 268.171 
6.81e+08 0.0403797 -32.8749 268.565 
6.82e+08 0.0393585 -53.1019 268.958 
6.83e+08 0.0422844 -57.8832 269.352 
6.84e+08 0.0634021 -16.3439 269.745 
6.85e+08 0.0890019 -14.4406 270.138 
6.86e+08 0.0511761 -40.6802 270.531 
6.87e+08 0.0281339 -67.9629 270.924 
6.88e+08 0.0335951 -53.6316 271.317 
6.89e+08 0.0356262 -42.9749 271.71 
6.9e+08 0.0405325 -74.7457 272.103 
6.91e+08 0.0620537 -76.5518 272.496 
6.92e+08 0.0331252 -58.698 272.888 
6.93e+08 0.0778186 -47.8645 273.282 
6.94e+08 0.0664961 -9.37797 273.675 
6.95e+08 0.0389677 -48.5313 274.067 
6.96e+08 0.0628617 -65.8079 274.46 
6.97e+08 0.0491535 -56.1864 274.852 
6.98e+08 0.0401233 -28.9866 275.246 
6.99e+08 0.0790966 -57.73 275.638 
7e+08 0.0245146 -33.4545 276.03 
7.01e+08 0.0524403 -26.9054 276.423 
7.02e+08 0.044615 -35.7828 276.816 
7.03e+08 0.0320513 -39.8969 277.209 
7.04e+08 0.0325165 -75.8968 277.603 
7.05e+08 0.0471633 -55.8175 277.996 
7.06e+08 0.0344154 -44.4285 278.39 
7.07e+08 0.0483114 -70.7831 278.783 
7.08e+08 0.0495392 -57.6072 279.176 
7.09e+08 0.0285592 -40.6623 279.569 
7.1e+08 0.0478835 -2.73387 279.962 
7.11e+08 0.0285364 -74.2375 280.354 
7.12e+08 0.0457746 -37.8807 280.748 
7.13e+08 0.02426 -35.5965 281.142 
7.14e+08 0.0295768 -8.79144 281.536 
7.15e+08 0.0313086 -32.436 281.928 
7.16e+08 0.0493528 -27.6884 282.321 
7.17e+08 0.0502069 -59.3284 282.713 
7.18e+08 0.0374156 -29.4301 283.106 
7.19e+08 0.038135 -79.9318 283.499 
7.2e+08 0.0225801 -33.2165 283.892 
7.21e+08 0.0333485 -67.3111 284.285 
7.22e+08 0.0178174 -42.3689 284.702 
7.23e+08 0.0461943 -71.4059 285.101 
7.24e+08 0.0427804 -30.8391 285.494 
7.25e+08 0.0963793 -63.1526 285.888 
7.26e+08 0.0583738 -61.3232 286.28 
7.27e+08 0.0564773 -24.4043 286.674 
7.28e+08 0.0368923 -15.554 287.067 
7.29e+08 0.0138763 -49.7041 287.46 
7.3e+08 0.0194191 -46.5315 287.853 
7.31e+08 0.0605881 -68.1716 288.247 
7.32e+08 0.029028 -48.3798 288.641 
7.33e+08 0.0427141 -54.2977 289.034 
7.34e+08 0.053693 -67.2875 289.428 
7.35e+08 0.0370854 -49.2619 289.821 
7.36e+08 0.0111411 -33.9055 290.214 
7.37e+08 0.0251341 -54.5618 290.608 
7.38e+08 0.0497537 -64.1637 291.001 
7.39e+08 0.0810271 -89.8598 291.395 
7.4e+08 0.0454109 -31.5751 291.788 
7.41e+08 0.0633424 -59.3482 292.18 
7.42e+08 0.0574119 -97.6699 292.574 
7.43e+08 0.0314118 -45.0526 292.967 
7.44e+08 0.0446432 -55.3985 293.362 
7.45e+08 0.0332835 -51.8114 293.755 
7.46e+08 0.0513676 -5.87899 294.148 
7.47e+08 0.0645413 -84.0085 294.542 
7.48e+08 0.0598956 -81.598 294.935 
7.49e+08 0.0604703 -63.2707 295.328 
7.5e+08 0.0454927 -39.5174 295.721 
7.51e+08 0.0769404 -39.9822 296.114 
7.52e+08 0.051676 -65.4191 296.506 
7.53e+08 0.0486874 -87.548 296.902 
7.54e+08 0.0265564 -33.6548 297.295 
7.55e+08 0.0374888 -20.5864 297.689 
7.56e+08 0.0686322 -58.1691 298.083 
7.57e+08 0.0420372 -36.8528 298.476 
7.58e+08 0.0263587 -18.5084 298.869 
7.59e+08 0.0513865 -71.9557 299.262 
7.6e+08 0.025991 -48.5546 299.655 
7.61e+08 0.0190605 -57.685 300.049 
7.62e+08 0.033564 -73.917 300.447 
7.63e+08 0.0414889 -38.4493 300.861 
7.64e+08 0.0529304 -54.2936 301.254 
7.65e+08 0.0402394 -45.2882 301.646 
7.66e+08 0.0599707 -35.5773 302.04 
7.67e+08 0.0510961 -51.1863 302.432 
7.68e+08 0.0358063 -110.224 302.825 
7.69e+08 0.0390681 -81.2783 303.217 
7.7e+08 0.0191436 -66.0747 303.611 
7.71e+08 0.0713221 -69.8012 304.008 
7.72e+08 0.0830123 -39.5301 304.401 
7.73e+08 0.0119758 -72.6155 304.793 
7.74e+08 0.0217986 -62.2023 305.186 
7.75e+08 0.0363893 -36.9184 305.578 
7.76e+08 0.03892 -82.2304 305.97 
7.77e+08 0.0389431 -42.628 306.362 
7.78e+08 0.026341 -64.0449 306.754 
7.79e+08 0.0311869 -63.2825 307.146 
7.8e+08 0.0337086 -55.9236 307.539 
7.81e+08 0.0567773 -55.4263 307.932 
7.82e+08 0.0507758 -43.1121 308.324 
7.83e+08 0.0439682 12.4218 308.716 
7.84e+08 0.0591 -58.4636 309.109 
7.85e+08 0.0464111 -24.3155 309.503 
7.86e+08 0.0606524 -16.6343 309.896 
7.87e+08 0.0599674 -37.1114 310.289 
7.88e+08 0.0400857 -56.3605 310.683 
7.89e+08 0.034226 -61.2474 311.076 
7.9e+08 0.0276021 -47.9758 311.478 
7.91e+08 0.0313308 -47.8731 311.903 
7.92e+08 0.043122 -46.1933 312.305 
7.93e+08 0.0230943 -93.4491 312.701 
7.94e+08 0.0150365 -12.9351 313.102 
7.95e+08 0.0492867 -7.40183 313.496 
7.96e+08 0.0404595 -34.6493 313.889 
7.97e+08 0.0544564 -56.4687 314.282 
7.98e+08 0.0540156 -63.3928 314.676 
7.99e+08 0.0342014 -81.6556 315.069 
8e+08 0.0398425 -38.8583 315.462 
8.01e+08 0.0458647 -6.21292 315.855 
8.02e+08 0.0194615 -61.6356 316.248 
8.03e+08 0.0831731 -62.4894 316.642 
8.04e+08 0.037694 -81.5787 317.06 
8.05e+08 0.0874354 -56.2152 317.467 
8.06e+08 0.0406778 -51.5487 317.859 
8.07e+08 0.0440939 -90.1701 318.252 
8.08e+08 0.00694331 -86.7309 318.645 
8.09e+08 0.0266476 -32.8429 319.039 
8.1e+08 0.0439591 -7.03134 319.432 
8.11e+08 0.0378106 -96.1793 319.825 
8.12e+08 0.0286038 -57.6684 320.219 
8.13e+08 0.0392675 -40.8244 320.613 
8.14e+08 0.0697113 -86.2623 321.005 
8.15e+08 0.0383871 -31.4202 321.4 
8.16e+08 0.0223978 -54.3644 321.794 
8.17e+08 0.0368339 -72.742 322.188 
8.18e+08 0.0343611 -59.0135 322.584 
8.19e+08 0.0608876 -44.6051 322.976 
8.2e+08 0.0713168 -26.9658 323.37 
8.21e+08 0.0682237 -57.024 323.762 
8.22e+08 0.0650397 -99.7825 324.155 
8.23e+08 0.0127448 -71.712 324.548 
8.24e+08 0.0587426 5.61859 324.941 
8.25e+08 0.016551 -50.0915 325.335 
8.26e+08 0.0360077 -43.961 325.727 
8.27e+08 0.0658863 -60.043 326.121 
8.28e+08 0.0633504 -40.2474 326.514 
8.29e+08 0.0758788 -29.5599 326.906 
8.3e+08 0.0430434 -73.6754 327.299 
8.31e+08 0.0236157 7.93625 327.692 
8.32e+08 0.0388709 -13.7003 328.085 
8.33e+08 0.0349095 -28.0315 328.479 
8.34e+08 0.0594187 -23.2361 328.875 
8.35e+08 0.0207508 -45.0786 329.269 
8.36e+08 0.0839114 -17.0441 329.662 
8.37e+08 0.0401696 -86.735 330.054 
8.38e+08 0.0332191 -46.9142 330.447 
8.39e+08 0.0655962 -86.1079 330.841 
8.4e+08 0.0585565 -53.7858 331.234 
8.41e+08 0.0236743 -59.7367 331.63 
8.42e+08 0.0312104 -4.48963 332.045 
8.43e+08 0.0198124 -40.0533 332.438 
8.44e+08 0.0301658 -65.4169 332.832 
8.45e+08 0.0618863 -42.1487 333.224 
8.46e+08 0.0357958 -45.873 333.618 
8.47e+08 0.041924 -36.4547 334.011 
8.48e+08 0.105355 -54.3966 334.404 
8.49e+08 0.0480664 -41.6815 334.796 
8.5e+08 0.0708359 -38.6846 335.189 
8.51e+08 0.0415884 -13.4878 335.582 
8.52e+08 0.0393637 -74.2365 335.974 
8.53e+08 0.0651666 -57.3614 336.368 
8.54e+08 0.0657887 -35.8452 336.761 
8.55e+08 0.0709467 -47.3177 337.154 
8.56e+08 0.0430054 -52.7976 337.546 
8.57e+08 0.0455305 -55.4126 337.943 
8.58e+08 0.019428 -19.7286 338.34 
8.59e+08 0.00550779 -91.1829 338.736 
8.6e+08 0.0782901 -29.6425 339.129 
8.61e+08 0.045945 -51.7329 339.521 
8.62e+08 0.0166705 -54.8199 339.915 
8.63e+08 0.0416044 -71.8712 340.308 
8.64e+08 0.05206 -35.4532 340.702 
8.65e+08 0.0477812 -5.99402 341.095 
8.66e+08 0.0438071 3.60178 341.489 
8.67e+08 0.0788118 -19.9282 341.883 
8.68e+08 0.0400623 -61.1058 342.275 
8.69e+08 0.054246 -32.3563 342.668 
8.7e+08 0.0350307 -78.7389 343.065 
8.71e+08 0.0386819 -16.2061 343.457 
8.72e+08 0.0749698 -71.9418 343.85 
8.73e+08 0.0715249 -36.6201 344.242 
8.74e+08 0.0406261 -97.939 344.635 
8.75e+08 0.0392146 -36.4519 345.027 
8.76e+08 0.0765594 -50.2967 345.42 
8.77e+08 0.0389445 -56.2085 345.813 
8.78e+08 0.0309971 -62.882 346.206 
8.79e+08 0.0194097 -50.9039 346.6 
8.8e+08 0.0687093 -13.2801 346.992 
8.81e+08 0.0425622 -35.4445 347.386 
8.82e+08 0.064625 -43.2432 347.778 
8.83e+08 0.0178936 -101.43 348.172 
8.84e+08 0.0509256 -12.0186 348.565 
8.85e+08 0.0342027 -40.4893 348.958 
8.86e+08 0.0689505 -71.7475 349.351 
8.87e+08 0.0220478 -46.1758 349.761 
8.88e+08 0.0403493 -62.1388 350.165 
8.89e+08 0.0219728 -89.5876 350.559 
8.9e+08 0.0401279 -73.0653 350.951 
8.91e+08 0.0335171 -54.1009 351.342 
8.92e+08 0.0604133 -69.1236 351.735 
8.93e+08 0.05606 -38.7254 352.128 
8.94e+08 0.0475995 -56.1472 352.521 
8.95e+08 0.0900832 -62.5354 352.914 
8.96e+08 0.0620184 -66.0262 353.306 
8.97e+08 0.0597935 -66.2852 353.699 
8.98e+08 0.0675118 -57.9307 354.093 
8.99e+08 0.0603529 -98.136 354.485 
9e+08 0.0380017 -84.0878 354.879 
9.01e+08 0.0265452 -50.7118 355.273 
9.02e+08 0.0756349 -49.1186 355.665 
9.03e+08 0.0885938 -42.3341 356.057 
9.04e+08 0.0460293 -72.9883 356.45 
9.05e+08 0.0499949 -54.4492 356.843 
9.06e+08 0.0709993 -104.029 357.236 
9.07e+08 0.0672584 -37.3158 357.628 
9.08e+08 0.0425689 -66.709 358.021 
9.09e+08 0.0433685 -23.6295 358.412 
9.1e+08 0.0304836 -55.6802 358.806 
9.11e+08 0.0402965 -32.1683 359.2 
9.12e+08 0.0684593 -24.3083 359.592 
9.13e+08 0.0215126 -28.8441 359.985 
9.14e+08 0.0373864 -39.3635 360.377 
9.15e+08 0.121863 -54.314 360.77 
9.16e+08 0.0428488 -35.8859 361.162 
9.17e+08 0.0237825 -42.5572 361.556 
9.18e+08 0.0171628 -58.0011 361.955 
9.19e+08 0.0664616 -38.3842 362.348 
9.2e+08 0.0560199 -29.7156 362.747 
9.21e+08 0.0315932 -47.2418 363.147 
9.22e+08 0.0373158 -59.7794 363.54 
9.23e+08 0.0371738 -51.0707 363.933 
9.24e+08 0.0171495 -35.5303 364.326 
9.25e+08 0.0425236 -46.5915 364.718 
9.26e+08 0.0602363 0.790311 365.112 
9.27e+08 0.0406619 -27.6763 365.515 
9.28e+08 0.022017 -47.5779 365.928 
9.29e+08 0.0463979 -39.0412 366.321 
9.3e+08 0.0298892 -50.0645 366.715 
9.31e+08 0.0177854 -58.7681 367.108 
9.32e+08 0.0643892 -81.6814 367.502 
9.33e+08 0.0441343 -82.0129 367.895 
9.34e+08 0.0673017 -60.9547 368.288 
9.35e+08 0.0202005 -76.0257 368.68 
9.36e+08 0.0451703 -54.7391 369.073 
9.37e+08 0.0479012 -31.9356 369.466 
9.38e+08 0.0323321 -48.7536 369.859 
9.39e+08 0.0371784 -49.3996 370.252 
9.4e+08 0.0771939 -56.726 370.646 
9.41e+08 0.0222265 -79.4314 371.038 
9.42e+08 0.0418942 -21.0486 371.436 
9.43e+08 0.0475939 -44.0667 371.833 
9.44e+08 0.0214545 -56.0908 372.227 
9.45e+08 0.0499762 -52.0769 372.62 
9.46e+08 0.0760364 -36.8093 373.014 
9.47e+08 0.0399343 -42.1068 373.407 
9.48e+08 0.0473564 -36.2316 373.8 
9.49e+08 0.0358447 -30.5841 374.194 
9.5e+08 0.062537 -52.8549 374.588 
9.51e+08 0.027141 -88.3896 374.981 
9.52e+08 0.026975 -21.0504 375.373 
9.53e+08 0.016039 -71.434 375.766 
9.54e+08 0.023631 -28.3467 376.16 
9.55e+08 0.0591451 -33.8556 376.552 
9.56e+08 0.0662327 -58.4168 376.945 
9.57e+08 0.0505664 -31.7184 377.338 
9.58e+08 0.0104063 -34.1941 377.731 
9.59e+08 0.0476631 -21.7382 378.125 
9.6e+08 0.0457592 -65.5455 378.518 
9.61e+08 0.0330268 -33.3902 378.912 
9.62e+08 0.0665887 -28.5877 379.305 
9.63e+08 0.0244506 -90.5708 379.723 
9.64e+08 0.0699329 -46.765 380.13 
9.65e+08 0.0301656 -63.03 380.524 
9.66e+08 0.0937084 -74.4981 380.917 
9.67e+08 0.0362398 -46.4848 381.31 
9.68e+08 0.0516659 -45.5871 381.702 
9.69e+08 0.0111387 -24.333 382.095 
9.7e+08 0.0120381 -60.8502 382.489 
9.71e+08 0.0629058 -78.2589 382.883 
9.72e+08 0.0436477 -46.1681 383.276 
9.73e+08 0.0359328 -71.7286 383.669 
9.74e+08 0.0331949 -37.5812 384.062 
9.75e+08 0.0308183 -69.4933 384.455 
9.76e+08 0.0793416 -89.5096 384.846 
9.77e+08 0.00972505 -72.5373 385.239 
9.78e+08 0.0545811 -77.0917 385.633 
9.79e+08 0.0567773 -52.525 386.026 
9.8e+08 0.0373053 -28.516 386.419 
9.81e+08 0.046263 -37.531 386.812 
9.82e+08 0.105812 -60.6131 387.206 
9.83e+08 0.0348255 -69.9484 387.598 
9.84e+08 0.03068 -82.0147 387.992 
9.85e+08 0.0375448 -29.268 388.385 
9.86e+08 0.0294794 -20.1666 388.778 
9.87e+08 0.0656188 -76.1764 389.174 
9.88e+08 0.0324261 -60.2673 389.571 
9.89e+08 0.0242251 -4.37901 389.963 
9.9e+08 0.0336097 -61.5804 390.357 
9.91e+08 0.0567328 -39.3733 390.751 
9.92e+08 0.0273732 -38.0672 391.144 
9.93e+08 0.0774201 -46.1676 391.537 
9.94e+08 0.0546375 -34.6941 391.93 
9.95e+08 0.0398688 -31.5237 392.322 
9.96e+08 0.0281059 -43.6821 392.716 
9.97e+08 0.0601782 -42.7989 393.11 
9.98e+08 0.0556729 -51.3189 393.504 
9.99e+08 0.0545222 -27.8107 393.897 
1e+09 0.0259506 -71.9441 394.293 
