0 0.0402621 18.116 0 
1e+06 0.0838176 -70.8828 0.423246 
2e+06 0.0410503 -42.1101 0.846545 
3e+06 0.0924494 -50.1994 1.26943 
4e+06 0.0306398 -66.8079 1.69191 
5e+06 0.0418061 -53.5992 2.11437 
6e+06 0.0448886 -8.54355 2.5366 
7e+06 0.0576228 -80.0204 2.95913 
8e+06 0.0700082 -67.8271 3.38277 
9e+06 0.0619526 -59.5252 3.80582 
1e+07 0.0556162 -72.9939 4.22918 
1.1e+07 0.0293781 -74.654 4.65249 
1.2e+07 0.0361595 -61.7975 5.07547 
1.3e+07 0.0634944 -56.0578 5.49861 
1.4e+07 0.0158121 -26.8382 5.92094 
1.5e+07 0.0471506 -50.0958 6.34344 
1.6e+07 0.0707938 -48.2316 6.76591 
1.7e+07 0.0788915 -45.5029 7.18837 
1.8e+07 0.0582881 -58.2469 7.61138 
1.9e+07 0.036581 -28.595 8.03423 
2e+07 0.0371898 -8.46113 8.45716 
2.1e+07 0.0301471 -34.7518 8.87986 
2.2e+07 0.0443661 0.99783 9.30263 
2.3e+07 0.0274854 -44.342 9.72586 
2.4e+07 0.05505 -63.0577 10.1488 
2.5e+07 0.0180943 -64.3993 10.572 
2.6e+07 0.00873039 -41.6226 10.9949 
2.7e+07 0.0165306 -36.0415 11.4178 
2.8e+07 0.094198 -52.2223 11.8424 
2.9e+07 0.0670794 -76.3982 12.2653 
3e+07 0.0527002 -56.7023 12.6881 
3.1e+07 0.0470006 -27.1552 13.1104 
3.2e+07 0.00855111 -23.0876 13.533 
3.3e+07 0.0583774 -64.7918 13.9555 
3.4e+07 0.0350901 -17.3153 14.3781 
3.5e+07 0.0188591 -29.0224 14.8008 
3.6e+07 0.0456852 -4.48165 15.224 
3.7e+07 0.0379326 -66.0035 15.6465 
3.8e+07 0.0361966 -77.3228 16.0689 
3.9e+07 0.0527721 -48.9869 16.4927 
4e+07 0.0369462 -66.2611 16.9153 
4.1e+07 0.0666763 -46.5195 17.3384 
4.2e+07 0.0506699 -30.9952 17.7618 
4.3e+07 0.025531 -23.7604 18.1849 
4.4e+07 0.045649 -27.2384 18.6083 
4.5e+07 0.0637756 -84.3453 19.0314 
4.6e+07 0.0387662 -97.696 19.4546 
4.7e+07 0.0274434 -30.9061 19.8778 
4.8e+07 0.0193408 -109.016 20.301 
4.9e+07 0.0491866 -12.4365 20.7242 
5e+07 0.0253319 -62.9479 21.1475 
5.1e+07 0.0526986 -41.788 21.5708 
5.2e+07 0.0491754 -75.1043 21.9936 
5.3e+07 0.0592713 -52.0527 22.4173 
5.4e+07 0.0281468 -35.5427 22.8405 
5.5e+07 0.0608584 -107.56 23.2639 
5.6e+07 0.0450188 -22.6521 23.6873 
5.7e+07 0.0648863 -7.84759 24.1103 
5.8e+07 0.0378047 -39.6744 24.5334 
5.9e+07 0.0175304 -74.6654 24.9564 
6e+07 0.0721286 -66.1636 25.3796 
6.1e+07 0.0144775 -22.2421 25.8025 
6.2e+07 0.0330088 -80.16 26.2255 
6.3e+07 0.0241277 -50.9956 26.6488 
6.4e+07 0.0369065 -91.4109 27.0718 
6.5e+07 0.0478064 -55.5016 27.4947 
6.6e+07 0.0284438 -61.3406 27.9179 
6.7e+07 0.0301255 -39.71 28.3411 
6.8e+07 0.0236608 -69.2167 28.764 
6.9e+07 0.0499622 -54.7957 29.187 
7e+07 0.0355721 -62.3626 29.6101 
7.1e+07 0.0692062 -30.4375 30.033 
7.2e+07 0.0437639 -60.962 30.4565 
7.3e+07 0.0339627 -42.4971 30.8795 
7.4e+07 0.038865 -22.7737 31.3025 
7.5e+07 0.0543382 -41.6582 31.7252 
7.6e+07 0.0614964 -27.2021 32.148 
7.7e+07 0.0341298 -33.4297 32.5712 
7.8e+07 0.0721619 -94.8019 32.9942 
7.9e+07 0.0425408 -31.2335 33.4174 
8e+07 0.0466103 -12.5946 33.8401 
8.1e+07 0.0405494 -71.0184 34.2631 
8.2e+07 0.0540369 -91.3465 34.6862 
8.3e+07 0.0475803 5.17212 35.1089 
8.4e+07 0.0260455 -44.2021 35.5321 
8.5e+07 0.0681537 -95.8762 35.9552 
8.6e+07 0.0595606 -96.5276 36.3781 
8.7e+07 0.0597761 -40.0405 36.8011 
8.8e+07 0.0500455 -28.4251 37.2232 
8.9e+07 0.0502298 -71.5779 37.6455 
9e+07 0.0129449 -55.3624 38.0681 
9.1e+07 0.0464961 -20.0021 38.4915 
9.2e+07 0.0152646 -57.4479 38.9144 
9.3e+07 0.054793 -112.847 39.3375 
9.4e+07 0.0345824 -81.5112 39.7605 
9.5e+07 0.0561784 -58.5549 40.1832 
9.6e+07 0.022291 -32.4074 40.6062 
9.7e+07 0.0270163 -36.4337 41.029 
9.8e+07 0.062809 -49.4265 41.4523 
9.9e+07 0.0746686 -41.9382 41.8752 
1e+08 0.0165486 -60.6183 42.2978 
1.01e+08 0.038333 -66.5076 42.7204 
1.02e+08 0.032465 -111.315 43.1431 
1.03e+08 0.0354149 -51.0528 43.5663 
1.04e+08 0.0550802 -40.7826 43.9893 
1.05e+08 0.0593247 -34.6384 44.4123 
1.06e+08 0.0478987 -62.4195 44.8354 
1.07e+08 0.0526255 -64.4584 45.2583 
1.08e+08 0.0380322 -39.0395 45.6814 
1.09e+08 0.051291 -28.3845 46.1044 
1.1e+08 0.0547863 -42.4042 46.5282 
1.11e+08 0.0193535 -40.0651 46.9515 
1.12e+08 0.0283701 -66.2983 47.3748 
1.13e+08 0.030736 -70.5378 47.7978 
1.14e+08 0.0441831 -48.114 48.2208 
1.15e+08 0.0416797 -48.3044 48.6444 
1.16e+08 0.0198592 -40.0946 49.0673 
1.17e+08 0.0721748 -38.3852 49.4905 
1.18e+08 0.0772213 -30.1409 49.9141 
1.19e+08 0.0483086 -7.64058 50.337 
1.2e+08 0.0508224 -18.8581 50.7601 
1.21e+08 0.0466976 -14.365 51.1826 
1.22e+08 0.0400405 -38.4876 51.6057 
1.23e+08 0.0456165 -45.0849 52.0285 
1.24e+08 0.0362313 -62.4492 52.4517 
1.25e+08 0.0651889 -75.8194 52.8748 
1.26e+08 0.0287416 -7.69028 53.2977 
1.27e+08 0.0231958 -50.485 53.72 
1.28e+08 0.0608929 -73.8677 54.1424 
1.29e+08 0.0623454 -36.2268 54.5652 
1.3e+08 0.0290351 -22.0678 54.9878 
1.31e+08 0.0402989 -61.5105 55.4107 
1.32e+08 0.0529889 -52.7578 55.8333 
1.33e+08 0.0319308 -65.6089 56.2563 
1.34e+08 0.0724271 -64.4966 56.6795 
1.35e+08 0.0346072 -67.714 57.1026 
1.36e+08 0.0497717 -50.529 57.526 
1.37e+08 0.084319 -77.2094 57.9491 
1.38e+08 0.061283 -52.8375 58.3717 
1.39e+08 0.0574752 -36.2428 58.794 
1.4e+08 0.0517506 -5.95093 59.2169 
1.41e+08 0.0322199 -33.7242 59.6402 
1.42e+08 0.0388905 -56.2504 60.0632 
1.43e+08 0.0273403 -90.0685 60.4861 
1.44e+08 0.048547 -2.38137 60.9093 
1.45e+08 0.0464589 -75.1703 61.3322 
1.46e+08 0.0639096 -60.7948 61.7559 
1.47e+08 0.0570326 -39.7501 62.1796 
1.48e+08 0.0413185 7.32729 62.6033 
1.49e+08 0.0616346 -37.4843 63.0265 
1.5e+08 0.046972 -25.72 63.4495 
1.51e+08 0.0585404 -35.4692 63.8729 
1.52e+08 0.0553519 -70.6304 64.2963 
1.53e+08 0.0745486 -41.388 64.7194 
1.54e+08 0.0727794 -18.5626 65.1427 
1.55e+08 0.0344502 -7.69401 65.5663 
1.56e+08 0.0495618 -57.0401 65.9896 
1.57e+08 0.0536887 -72.609 66.413 
1.58e+08 0.0474855 -80.8761 66.8362 
1.59e+08 0.043874 -113.494 67.2594 
1.6e+08 0.0213317 -101.804 67.6825 
1.61e+08 0.0749152 -53.922 68.1059 
1.62e+08 0.00435583 -83.3691 68.5292 
1.63e+08 0.0586535 -31.4862 68.9521 
1.64e+08 0.0402568 -40.308 69.3751 
1.65e+08 0.0195848 -60.8658 69.798 
1.66e+08 0.0139976 -100.811 70.2208 
1.67e+08 0.060082 -6.64874 70.6438 
1.68e+08 0.0572388 -11.2919 71.0667 
1.69e+08 0.0532007 -61.9847 71.49 
1.7e+08 0.0566385 -39.5981 71.9149 
1.71e+08 0.0769526 -86.5172 72.3379 
1.72e+08 0.0355548 -61.7938 72.7606 
1.73e+08 0.0355717 -60.9026 73.1836 
1.74e+08 0.0334807 -36.6829 73.6065 
1.75e+08 0.014871 -90.111 74.0295 
1.76e+08 0.0829173 -71.1256 74.4531 
1.77e+08 0.0599757 -12.42 74.876 
1.78e+08 0.0469612 -82.014 75.2987 
1.79e+08 0.0310931 -74.8468 75.7217 
1.8e+08 0.0625923 -17.2064 76.1444 
1.81e+08 0.0842499 -59.3008 76.568 
1.82e+08 0.0630749 -81.6274 76.991 
1.83e+08 0.0304145 -57.6967 77.414 
1.84e+08 0.0366255 -46.0436 77.8368 
1.85e+08 0.0232726 -33.9868 78.2595 
1.86e+08 0.0723732 -3.90459 78.6825 
1.87e+08 0.0450955 -48.7075 79.1052 
1.88e+08 0.0307161 -44.8092 79.5284 
1.89e+08 0.0458567 -69.2206 79.951 
1.9e+08 0.0598373 -104.815 80.3737 
1.91e+08 0.056832 -49.8108 80.7967 
1.92e+08 0.0579212 -97.1231 81.2195 
1.93e+08 0.0304313 -9.37895 81.6424 
1.94e+08 0.0449677 -66.8635 82.0655 
1.95e+08 0.0721793 -0.819 82.4884 
1.96e+08 0.0756666 -27.8313 82.9113 
1.97e+08 0.025736 -39.3021 83.3344 
1.98e+08 0.0485724 -90.558 83.7573 
1.99e+08 0.065491 -47.937 84.1801 
2e+08 0.0687595 -59.3479 84.6037 
2.01e+08 0.0258438 -49.9586 85.0264 
2.02e+08 0.0531541 -54.3351 85.4491 
2.03e+08 0.0362264 -49.6824 85.8721 
2.04e+08 0.0527053 -58.9377 86.2951 
2.05e+08 0.0252493 -3.24251 86.7182 
2.06e+08 0.0420306 -86.3057 87.1414 
2.07e+08 0.0243914 4.20418 87.5646 
2.08e+08 0.0498518 -58.3881 87.988 
2.09e+08 0.0603674 -29.1367 88.411 
2.1e+08 0.0691053 -62.5616 88.8344 
2.11e+08 0.0198115 -46.2413 89.2578 
2.12e+08 0.0315415 -88.1847 89.6812 
2.13e+08 0.0416524 -32.6696 90.1046 
2.14e+08 0.0302222 -65.2411 90.5279 
2.15e+08 0.0432185 -60.0349 90.9511 
2.16e+08 0.0631748 -90.5597 91.3745 
2.17e+08 0.0294012 -46.962 91.7979 
2.18e+08 0.0644804 -101.893 92.2212 
2.19e+08 0.0287961 -24.232 92.6447 
2.2e+08 0.0603958 -69.4722 93.0679 
2.21e+08 0.0746878 -43.1763 93.4913 
2.22e+08 0.0229852 -77.8236 93.9138 
2.23e+08 0.0468685 -60.69 94.337 
2.24e+08 0.0249177 6.05168 94.7604 
2.25e+08 0.0696537 -61.7062 95.1834 
2.26e+08 0.050389 -60.514 95.6068 
2.27e+08 0.0407833 -42.1221 96.0301 
2.28e+08 0.0549105 -23.5449 96.4535 
2.29e+08 0.0200783 -64.2652 96.8775 
2.3e+08 0.0483197 -61.0362 97.3007 
2.31e+08 0.055573 -44.7715 97.7241 
2.32e+08 0.0444797 -55.9242 98.1475 
2.33e+08 0.0410067 -52.4022 98.5711 
2.34e+08 0.0771528 -38.7299 98.9939 
2.35e+08 0.0316204 -33.0486 99.4171 
2.36e+08 0.0234169 -13.1264 99.8399 
2.37e+08 0.0318282 -49.6961 100.263 
2.38e+08 0.0350107 -29.768 100.686 
2.39e+08 0.0315134 -71.9845 101.109 
2.4e+08 0.044768 -30.2994 101.532 
2.41e+08 0.0613054 -99.9581 101.955 
2.42e+08 0.0167303 -52.4708 102.378 
2.43e+08 0.036118 -66.2364 102.801 
2.44e+08 0.0688695 -21.9628 103.224 
2.45e+08 0.0458066 -54.7298 103.647 
2.46e+08 0.0413974 -57.6886 104.07 
2.47e+08 0.0790457 -59.1429 104.493 
2.48e+08 0.0205825 -93.3454 104.917 
2.49e+08 0.0454517 -42.0657 105.339 
2.5e+08 0.095427 -65.1221 105.762 
2.51e+08 0.0562864 -60.0427 106.185 
2.52e+08 0.0435397 -51.096 106.608 
2.53e+08 0.0683536 -50.8173 107.031 
2.54e+08 0.056079 -25.5351 107.454 
2.55e+08 0.0389297 -57.2289 107.878 
2.56e+08 0.0331593 -51.7558 108.301 
2.57e+08 0.0482153 -42.828 108.724 
2.58e+08 0.0709854 -51.4318 109.148 
2.59e+08 0.0314358 -43.2828 109.571 
2.6e+08 0.0422727 -52.7821 109.994 
2.61e+08 0.0642512 -66.8074 110.417 
2.62e+08 0.0184911 -73.2703 110.84 
2.63e+08 0.0368703 -55.2187 111.264 
2.64e+08 0.0344335 2.94233 111.687 
2.65e+08 0.0579107 -79.0053 112.11 
2.66e+08 0.00608305 -37.5766 112.534 
2.67e+08 0.0533217 -77.4171 112.957 
2.68e+08 0.0358408 -28.3221 113.38 
2.69e+08 0.0158741 -49.6722 113.803 
2.7e+08 0.0394738 -93.2225 114.227 
2.71e+08 0.0506684 -40.3344 114.65 
2.72e+08 0.0240709 -57.7721 115.073 
2.73e+08 0.0383208 -52.9346 115.496 
2.74e+08 0.0337677 -75.4878 115.92 
2.75e+08 0.0683379 -68.0067 116.343 
2.76e+08 0.0141341 -95.6219 116.766 
2.77e+08 0.0569238 -75.5788 117.19 
2.78e+08 0.0330376 -30.9478 117.613 
2.79e+08 0.0180717 -6.81488 118.036 
2.8e+08 0.0724404 19.6721 118.46 
2.81e+08 0.0977334 -27.8968 118.883 
2.82e+08 0.0488982 -87.5606 119.307 
2.83e+08 0.0329775 -43.5524 119.73 
2.84e+08 0.0231857 -68.0273 120.153 
2.85e+08 0.0315383 -38.0489 120.577 
2.86e+08 0.0566479 -62.3295 121 
2.87e+08 0.0662443 -78.0918 121.423 
2.88e+08 0.0559292 -18.7345 121.846 
2.89e+08 0.034894 -68.8493 122.269 
2.9e+08 0.0714468 -103.021 122.693 
2.91e+08 0.0278358 -27.0159 123.116 
2.92e+08 0.017332 -42.2995 123.539 
2.93e+08 0.00757683 -49.4152 123.962 
2.94e+08 0.0670535 -66.3267 124.386 
2.95e+08 0.0620672 -27.3175 124.809 
2.96e+08 0.0265184 -27.0928 125.232 
2.97e+08 0.0583023 -69.8943 125.655 
2.98e+08 0.0274168 -55.2709 126.079 
2.99e+08 0.095983 -50.5665 126.502 
3e+08 0.0458079 -35.3871 126.925 
3.01e+08 0.0302678 -71.236 127.348 
3.02e+08 0.0322332 -57.0807 127.772 
3.03e+08 0.0521993 -42.9021 128.195 
3.04e+08 0.0281541 -64.2051 128.618 
3.05e+08 0.0321446 -55.1876 129.042 
3.06e+08 0.0440788 -76.6026 129.465 
3.07e+08 0.0424313 -46.5241 129.888 
3.08e+08 0.0799346 -60.1003 130.311 
3.09e+08 0.0538803 -84.4378 130.735 
3.1e+08 0.00745744 -78.031 131.158 
3.11e+08 0.0401607 -78.2216 131.581 
3.12e+08 0.0145101 -52.4676 132.006 
3.13e+08 0.0221319 -64.0521 132.43 
3.14e+08 0.0489072 -32.0696 132.853 
3.15e+08 0.0462272 -72.7925 133.276 
3.16e+08 0.0605373 -83.9468 133.699 
3.17e+08 0.0357427 -38.6171 134.123 
3.18e+08 0.0381233 -32.8772 134.546 
3.19e+08 0.0434686 -48.1393 134.97 
3.2e+08 0.0272069 -52.1768 135.393 
3.21e+08 0.101621 -49.4942 135.816 
3.22e+08 0.0159501 -49.1128 136.239 
3.23e+08 0.0233477 -28.8894 136.661 
3.24e+08 0.0660304 -61.8829 137.085 
3.25e+08 0.0369321 -25.7979 137.508 
3.26e+08 0.0370477 -37.8069 137.931 
3.27e+08 0.0638721 -15.8108 138.355 
3.28e+08 0.0667783 -45.1084 138.777 
3.29e+08 0.0436395 -86.7672 139.201 
3.3e+08 0.0729978 -45.2149 139.625 
3.31e+08 0.0518799 -54.5706 140.048 
3.32e+08 0.0337403 -38.946 140.471 
3.33e+08 0.0563174 -24.7489 140.895 
3.34e+08 0.0243844 -50.6926 141.318 
3.35e+08 0.0246603 -33.3326 141.741 
3.36e+08 0.0253477 -73.9014 142.164 
3.37e+08 0.0714592 -82.4742 142.587 
3.38e+08 0.0454923 -37.6013 143.011 
3.39e+08 0.0291559 -23.841 143.434 
3.4e+08 0.0328323 -41.0052 143.858 
3.41e+08 0.0570367 -81.2636 144.281 
3.42e+08 0.0406465 -22.8332 144.705 
3.43e+08 0.0600221 -73.7165 145.128 
3.44e+08 0.063906 -43.3276 145.552 
3.45e+08 0.0591978 -79.8428 145.975 
3.46e+08 0.0318688 -53.4679 146.398 
3.47e+08 0.0266914 -39.8016 146.821 
3.48e+08 0.0367016 -73.529 147.244 
3.49e+08 0.0581821 -37.8188 147.667 
3.5e+08 0.0306517 -52.9365 148.091 
3.51e+08 0.0543449 -30.3455 148.514 
3.52e+08 0.0722909 -45.2892 148.937 
3.53e+08 0.026445 1.11693 149.361 
3.54e+08 0.055821 -52.0099 149.784 
3.55e+08 0.0710101 -34.979 150.207 
3.56e+08 0.0521182 -93.0822 150.63 
3.57e+08 0.0413971 -66.5833 151.053 
3.58e+08 0.0673565 -62.3132 151.477 
3.59e+08 0.0454825 -65.0911 151.9 
3.6e+08 0.0329313 -8.25139 152.323 
3.61e+08 0.0695764 -81.4833 152.746 
3.62e+08 0.0434354 -82.6522 153.17 
3.63e+08 0.0575759 -61.2701 153.593 
3.64e+08 0.0450335 -3.18668 154.016 
3.65e+08 0.0190194 1.27208 154.439 
3.66e+08 0.045007 -65.3552 154.862 
3.67e+08 0.0502366 -42.3724 155.285 
3.68e+08 0.0348348 -68.1901 155.709 
3.69e+08 0.0325103 -23.3981 156.132 
3.7e+08 0.0363599 -81.1842 156.555 
3.71e+08 0.0290532 -47.566 156.978 
3.72e+08 0.0313009 -54.4239 157.402 
3.73e+08 0.0789363 -37.5607 157.825 
3.74e+08 0.0145157 -27.4619 158.249 
3.75e+08 0.0737817 -58.1852 158.672 
3.76e+08 0.0645021 -68.4804 159.095 
3.77e+08 0.0208213 -52.4867 159.519 
3.78e+08 0.0359746 -32.8351 159.942 
3.79e+08 0.0732067 -26.6971 160.365 
3.8e+08 0.0546532 -49.1697 160.789 
3.81e+08 0.0569498 -72.7287 161.212 
3.82e+08 0.0478731 -38.6531 161.636 
3.83e+08 0.0505331 -79.2258 162.059 
3.84e+08 0.0533115 -55.1466 162.483 
3.85e+08 0.0346274 -37.0355 162.906 
3.86e+08 0.0872513 -63.8765 163.33 
3.87e+08 0.0417285 -28.9819 163.753 
3.88e+08 0.0363729 -42.9752 164.177 
3.89e+08 0.0713035 -40.6647 164.6 
3.9e+08 0.0665773 -39.798 165.024 
3.91e+08 0.0491263 -44.0862 165.447 
3.92e+08 0.0291129 -27.6807 165.871 
3.93e+08 0.0174106 -67.7602 166.294 
3.94e+08 0.0517658 -49.5814 166.718 
3.95e+08 0.0750069 -78.5169 167.142 
3.96e+08 0.0471821 -57.1367 167.565 
3.97e+08 0.0720215 -81.4082 167.989 
3.98e+08 0.0634572 -41.1197 168.412 
3.99e+08 0.0531225 -30.3844 168.836 
4e+08 0.0686694 -33.0494 169.259 
4.01e+08 0.0433475 -27.1975 169.683 
4.02e+08 0.0753459 -104.501 170.106 
4.03e+08 0.0326745 -26.1184 170.53 
4.04e+08 0.0894219 -29.8631 170.953 
4.05e+08 0.0475787 -80.8594 171.377 
4.06e+08 0.0764199 -32.9866 171.801 
4.07e+08 0.0528852 -43.4658 172.224 
4.08e+08 0.0190486 -35.3415 172.648 
4.09e+08 0.0444634 -9.67178 173.071 
4.1e+08 0.046832 -26.1449 173.493 
4.11e+08 0.0303665 -11.9889 173.916 
4.12e+08 0.0489754 -65.1142 174.339 
4.13e+08 0.0601951 -69.7056 174.763 
4.14e+08 0.0568414 -80.8308 175.186 
4.15e+08 0.0645884 -81.0711 175.609 
4.16e+08 0.0254296 -52.8775 176.032 
4.17e+08 0.0162212 -22.5744 176.455 
4.18e+08 0.045249 -43.5672 176.879 
4.19e+08 0.0844293 -35.0645 177.302 
4.2e+08 0.0327536 -25.4658 177.726 
4.21e+08 0.0727562 -36.6457 178.149 
4.22e+08 0.0647624 -60.5677 178.572 
4.23e+08 0.052147 -76.6873 178.996 
4.24e+08 0.0835485 -59.1753 179.419 
4.25e+08 0.0326218 -46.1664 179.843 
4.26e+08 0.0129595 -46.0732 180.266 
4.27e+08 0.0812172 -47.9205 180.69 
4.28e+08 0.03871 -39.104 181.113 
4.29e+08 0.079695 -59.0196 181.537 
4.3e+08 0.0449639 -44.3904 181.96 
4.31e+08 0.047541 -1.69679 182.383 
4.32e+08 0.039359 -69.8355 182.807 
4.33e+08 0.030031 -47.6116 183.23 
4.34e+08 0.117879 -79.6139 183.653 
4.35e+08 0.0226223 -70.5217 184.077 
4.36e+08 0.0318823 -61.7256 184.5 
4.37e+08 0.0180303 -45.2432 184.923 
4.38e+08 0.0463904 -79.5169 185.347 
4.39e+08 0.03179 -24.7797 185.77 
4.4e+08 0.0293422 -38.5362 186.194 
4.41e+08 0.0184206 -54.9538 186.618 
4.42e+08 0.0514339 -56.7991 187.041 
4.43e+08 0.0171373 -42.9847 187.464 
4.44e+08 0.0314617 -71.959 187.888 
4.45e+08 0.04616 -68.5733 188.311 
4.46e+08 0.0483159 -65.1718 188.735 
4.47e+08 0.0393547 -53.0903 189.158 
4.48e+08 0.0245264 -34.3648 189.582 
4.49e+08 0.0858719 -41.2721 190.005 
4.5e+08 0.043355 -88.3571 190.428 
4.51e+08 0.0200843 -8.41007 190.851 
4.52e+08 0.0260386 -85.6697 191.276 
4.53e+08 0.0291756 -72.9715 191.699 
4.54e+08 0.0630057 -66.4638 192.124 
4.55e+08 0.048924 14.645 192.548 
4.56e+08 0.0665116 -33.3971 192.972 
4.57e+08 0.0558305 -101.55 193.395 
4.58e+08 0.0691074 -94.6942 193.817 
4.59e+08 0.0386 -68.2282 194.24 
4.6e+08 0.051365 -56.837 194.664 
4.61e+08 0.044975 -8.58153 195.087 
4.62e+08 0.0561723 -41.0254 195.51 
4.63e+08 0.0543837 -48.7283 195.933 
4.64e+08 0.0787014 -65.1464 196.357 
4.65e+08 0.0437814 -37.8514 196.78 
4.66e+08 0.0424828 -65.8517 197.204 
4.67e+08 0.0729588 -62.6303 197.627 
4.68e+08 0.0229443 -56.3529 198.051 
4.69e+08 0.0501041 -72.3344 198.474 
4.7e+08 0.0143303 -38.8103 198.898 
4.71e+08 0.0162381 -51.5294 199.321 
4.72e+08 0.0300254 -11.9568 199.745 
4.73e+08 0.0561471 -64.1789 200.169 
4.74e+08 0.0545373 -91.3167 200.592 
4.75e+08 0.0402296 -42.847 201.016 
4.76e+08 0.0578472 -87.4017 201.439 
4.77e+08 0.0298788 -22.5734 201.862 
4.78e+08 0.0205486 -36.0004 202.286 
4.79e+08 0.0235408 -51.2083 202.71 
4.8e+08 0.0217089 -63.0053 203.133 
4.81e+08 0.0717288 -56.7991 203.557 
4.82e+08 0.0467939 -37.4585 203.98 
4.83e+08 0.0858473 -48.6642 204.404 
4.84e+08 0.0765231 -24.3495 204.827 
4.85e+08 0.0410624 -44.1162 205.251 
4.86e+08 0.0333508 -24.7245 205.675 
4.87e+08 0.0316039 -64.6017 206.098 
4.88e+08 0.0336994 -79.2634 206.522 
4.89e+08 0.0778213 -64.2035 206.945 
4.9e+08 0.0644953 -23.6275 207.369 
4.91e+08 0.03559 -21.9062 207.792 
4.92e+08 0.0511836 -56.2804 208.215 
4.93e+08 0.0743242 -75.7704 208.639 
4.94e+08 0.033933 -46.261 209.061 
4.95e+08 0.0592265 -61.6181 209.484 
4.96e+08 0.0561045 -49.604 209.907 
4.97e+08 0.0119328 -55.3134 210.331 
4.98e+08 0.038363 -12.3532 210.754 
4.99e+08 0.0532384 -41.7312 211.176 
5e+08 0.0668012 -81.035 211.6 
5.01e+08 0.0215159 -74.9629 212.023 
5.02e+08 0.0315884 -73.5845 212.446 
5.03e+08 0.037451 -29.84 212.869 
5.04e+08 0.0397685 -34.2228 213.293 
5.05e+08 0.0265375 -54.1222 213.716 
5.06e+08 0.0598147 -42.0716 214.139 
5.07e+08 0.0691312 -39.0999 214.563 
5.08e+08 0.0330162 -66.1137 214.986 
5.09e+08 0.0373631 -46.3003 215.41 
5.1e+08 0.0520746 -39.9067 215.833 
5.11e+08 0.0598787 -35.0304 216.257 
5.12e+08 0.0288813 -87.6261 216.68 
5.13e+08 0.0505571 -67.5286 217.103 
5.14e+08 0.0834875 -57.8792 217.527 
5.15e+08 0.0333564 -35.6057 217.95 
5.16e+08 0.0255624 -71.1503 218.374 
5.17e+08 0.0429304 -57.4677 218.797 
5.18e+08 0.0431286 -64.9449 219.22 
5.19e+08 0.0361701 -58.817 219.644 
5.2e+08 0.0480285 -37.0669 220.067 
5.21e+08 0.0836204 -33.1454 220.49 
5.22e+08 0.0388479 -64.7477 220.914 
5.23e+08 0.0502845 -12.456 221.337 
5.24e+08 0.0492813 -68.1856 221.76 
5.25e+08 0.0616083 -72.5436 222.184 
5.26e+08 0.0366286 -65.3 222.607 
5.27e+08 0.0254958 -101.22 223.03 
5.28e+08 0.0467043 -76.5852 223.455 
5.29e+08 0.0394943 -84.5948 223.878 
5.3e+08 0.0326802 -35.5405 224.301 
5.31e+08 0.045302 -13.3075 224.725 
5.32e+08 0.0224317 -69.2433 225.148 
5.33e+08 0.021549 -25.0472 225.572 
5.34e+08 0.0142393 -62.0737 225.996 
5.35e+08 0.0395059 -36.4276 226.419 
5.36e+08 0.0477926 -46.2884 226.843 
5.37e+08 0.0449631 -62.33 227.266 
5.38e+08 0.0451058 -52.5692 227.69 
5.39e+08 0.0665132 -68.3653 228.113 
5.4e+08 0.0332251 -44.0875 228.536 
5.41e+08 0.0233694 -76.8573 228.96 
5.42e+08 0.0444026 -39.8468 229.383 
5.43e+08 0.0378296 -24.2099 229.807 
5.44e+08 0.0642403 -69.1323 230.23 
5.45e+08 0.0430655 -83.0144 230.654 
5.46e+08 0.0580226 -16.7879 231.077 
5.47e+08 0.0136116 -56.7832 231.501 
5.48e+08 0.0514102 -24.082 231.924 
5.49e+08 0.0791417 -62.4482 232.348 
5.5e+08 0.0290249 -84.5852 232.771 
5.51e+08 0.0503672 -16.0855 233.195 
5.52e+08 0.0326058 -30.7184 233.618 
5.53e+08 0.0555715 -43.1651 234.042 
5.54e+08 0.0386584 -87.364 234.465 
5.55e+08 0.0395006 -26.5214 234.888 
5.56e+08 0.0452708 -60.0269 235.311 
5.57e+08 0.0412967 -54.1125 235.735 
5.58e+08 0.0830787 -77.9836 236.158 
5.59e+08 0.0467285 -64.6342 236.582 
5.6e+08 0.0490235 -129.524 237.005 
5.61e+08 0.0362534 -36.0762 237.429 
5.62e+08 0.0122801 -45.4661 237.852 
5.63e+08 0.0246252 -48.4897 238.276 
5.64e+08 0.0494279 -84.6311 238.699 
5.65e+08 0.0561822 -39.6147 239.123 
5.66e+08 0.0597805 -71.2552 239.546 
5.67e+08 0.0609821 -47.6861 239.97 
5.68e+08 0.051734 -44.8018 240.393 
5.69e+08 0.0438401 -68.0401 240.816 
5.7e+08 0.0409652 -81.7574 241.239 
5.71e+08 0.0402359 -45.5032 241.663 
5.72e+08 0.0319427 -44.8192 242.086 
5.73e+08 0.0338385 -50.5805 242.51 
5.74e+08 0.0684016 -42.727 242.933 
5.75e+08 0.0321682 -60.7724 243.357 
5.76e+08 0.0102436 -71.5122 243.78 
5.77e+08 0.0488833 -34.0401 244.204 
5.78e+08 0.0672593 -65.9949 244.627 
5.79e+08 0.0569194 -33.8523 245.05 
5.8e+08 0.0425239 -74.3971 245.474 
5.81e+08 0.0346072 -70.1375 245.897 
5.82e+08 0.0643335 -87.4797 246.32 
5.83e+08 0.0394561 -33.1108 246.744 
5.84e+08 0.0392667 -17.4149 247.167 
5.85e+08 0.0529749 -29.6453 247.591 
5.86e+08 0.0390905 -24.016 248.015 
5.87e+08 0.0901382 -58.8364 248.438 
5.88e+08 0.0516866 -34.7602 248.861 
5.89e+08 0.0227998 -68.4574 249.284 
5.9e+08 0.0347077 -56.6878 249.707 
5.91e+08 0.0849683 -36.5251 250.13 
5.92e+08 0.0615453 -44.5673 250.553 
5.93e+08 0.0465858 -42.7831 250.976 
5.94e+08 0.00818214 -88.4718 251.4 
5.95e+08 0.0441069 -29.0278 251.823 
5.96e+08 0.0629358 -66.1148 252.248 
5.97e+08 0.0460988 -74.7378 252.671 
5.98e+08 0.0606407 -30.1353 253.095 
5.99e+08 0.0445714 -60.0753 253.518 
6e+08 0.0502263 -41.2966 253.942 
6.01e+08 0.0331322 -58.8259 254.365 
6.02e+08 0.0379568 -47.633 254.789 
6.03e+08 0.0612207 -64.9241 255.212 
6.04e+08 0.0399962 -41.3042 255.636 
6.05e+08 0.0215424 -75.6674 256.059 
6.06e+08 0.0198067 -5.98935 256.482 
6.07e+08 0.0515643 -39.9231 256.905 
6.08e+08 0.0740054 -46.3223 257.328 
6.09e+08 0.0450759 -17.8233 257.752 
6.1e+08 0.0432112 -29.1078 258.175 
6.11e+08 0.0921487 -58.3056 258.599 
6.12e+08 0.0283025 -35.0066 259.021 
6.13e+08 0.050291 -13.6517 259.445 
6.14e+08 0.0443736 -61.7717 259.868 
6.15e+08 0.033274 -47.953 260.291 
6.16e+08 0.0532631 -49.9766 260.714 
6.17e+08 0.0265854 -37.8772 261.136 
6.18e+08 0.0668808 -64.8672 261.559 
6.19e+08 0.0141265 -61.599 261.982 
6.2e+08 0.0261084 -78.973 262.405 
6.21e+08 0.0550227 -8.14523 262.828 
6.22e+08 0.0482139 -24.8494 263.25 
6.23e+08 0.0578861 -38.0378 263.673 
6.24e+08 0.0689756 -69.8619 264.095 
6.25e+08 0.0297041 -55.1655 264.519 
6.26e+08 0.0404816 -61.0083 264.942 
6.27e+08 0.0302223 -36.038 265.365 
6.28e+08 0.0391309 -43.1157 265.788 
6.29e+08 0.0139909 -43.676 266.212 
6.3e+08 0.0366158 -91.8266 266.635 
6.31e+08 0.0511894 -39.9145 267.057 
6.32e+08 0.0769946 -59.8827 267.479 
6.33e+08 0.0813132 -87.9825 267.902 
6.34e+08 0.043515 -16.7694 268.324 
6.35e+08 0.0394798 -52.8164 268.747 
6.36e+08 0.056764 -51.4574 269.169 
6.37e+08 0.0590449 -22.4665 269.591 
6.38e+08 0.084423 -85.6283 270.014 
6.39e+08 0.070213 -46.8345 270.436 
6.4e+08 0.0251024 -69.0209 270.859 
6.41e+08 0.05438 -30.0542 271.282 
6.42e+08 0.0693063 -50.0017 271.705 
6.43e+08 0.0497186 -46.1363 272.129 
6.44e+08 0.0426357 -68.4568 272.552 
6.45e+08 0.0167531 -27.8768 272.975 
6.46e+08 0.0338308 -19.6196 273.398 
6.47e+08 0.0423171 -43.8942 273.821 
6.48e+08 0.0234661 -29.322 274.245 
6.49e+08 0.0225078 -59.1093 274.668 
6.5e+08 0.0518552 -75.7525 275.091 
6.51e+08 0.0560244 -47.7877 275.515 
6.52e+08 0.043122 -40.2771 275.938 
6.53e+08 0.0293273 -5.88902 276.361 
6.54e+08 0.0576098 -30.1369 276.784 
6.55e+08 0.0300243 -62.8082 277.208 
6.56e+08 0.0429224 -61.4047 277.631 
6.57e+08 0.029122 -53.1351 278.054 
6.58e+08 0.0195891 -52.1392 278.478 
6.59e+08 0.0669854 -71.435 278.901 
6.6e+08 0.0618888 -60.8753 279.324 
6.61e+08 0.0395075 -71.5166 279.747 
6.62e+08 0.0469658 -53.0684 280.17 
6.63e+08 0.0697187 -74.3693 280.594 
6.64e+08 0.0115237 -64.4633 281.017 
6.65e+08 0.0167324 -2.33528 281.44 
6.66e+08 0.0185094 -23.2104 281.864 
6.67e+08 0.0185314 -57.2521 282.287 
6.68e+08 0.0628264 -69.8327 282.71 
6.69e+08 0.0448454 -23.7854 283.134 
6.7e+08 0.0694864 -53.6956 283.557 
6.71e+08 0.0503761 -47.8244 283.98 
6.72e+08 0.0428765 -21.0653 284.403 
6.73e+08 0.0250928 -64.5435 284.827 
6.74e+08 0.049267 -69.7717 285.25 
6.75e+08 0.052737 -68.5108 285.673 
6.76e+08 0.028837 -39.1361 286.097 
6.77e+08 0.0741105 -42.6871 286.52 
6.78e+08 0.0221899 -32.3472 286.943 
6.79e+08 0.0175716 -54.1668 287.367 
6.8e+08 0.033002 -9.46793 287.79 
6.81e+08 0.0925467 -52.9068 288.214 
6.82e+08 0.0721125 -76.8941 288.637 
6.83e+08 0.0919816 -73.5361 289.06 
6.84e+08 0.0429214 -78.3349 289.484 
6.85e+08 0.0393031 -65.9123 289.908 
6.86e+08 0.0279946 -44.7941 290.331 
6.87e+08 0.0794002 -52.734 290.754 
6.88e+08 0.0571481 -80.9005 291.177 
6.89e+08 0.0819029 -28.9205 291.6 
6.9e+08 0.0429182 -50.5432 292.024 
6.91e+08 0.0413 -65.7176 292.447 
6.92e+08 0.0391766 -67.9268 292.87 
6.93e+08 0.0507345 -9.76328 293.293 
6.94e+08 0.0723158 -38.279 293.717 
6.95e+08 0.026388 -35.4961 294.14 
6.96e+08 0.0542828 -23.3792 294.563 
6.97e+08 0.0410685 -70.3593 294.986 
6.98e+08 0.032268 -20.3438 295.409 
6.99e+08 0.0328698 -49.6826 295.831 
7e+08 0.022803 -54.4826 296.255 
7.01e+08 0.0386745 -89.6076 296.678 
7.02e+08 0.043867 -69.838 297.101 
7.03e+08 0.0521237 -38.4291 297.524 
7.04e+08 0.014806 -47.1409 297.948 
7.05e+08 0.0343672 -39.7061 298.371 
7.06e+08 0.0180312 -81.2124 298.794 
7.07e+08 0.0160726 -35.219 299.217 
7.08e+08 0.0909047 -66.9608 299.641 
7.09e+08 0.0481932 -74.7688 300.064 
7.1e+08 0.0312976 -31.8916 300.487 
7.11e+08 0.0463436 -85.0193 300.911 
7.12e+08 0.0427436 -75.7368 301.334 
7.13e+08 0.0219503 -32.8172 301.757 
7.14e+08 0.0800772 -94.6344 302.181 
7.15e+08 0.0823755 -68.4499 302.604 
7.16e+08 0.0131462 -56.5431 303.027 
7.17e+08 0.0380729 -77.2858 303.45 
7.18e+08 0.0355539 -97.855 303.874 
7.19e+08 0.0324759 -58.9856 304.298 
7.2e+08 0.0230333 -34.5808 304.721 
7.21e+08 0.0514823 -65.8798 305.144 
7.22e+08 0.0206391 -42.3144 305.568 
7.23e+08 0.0300177 -35.1358 305.991 
7.24e+08 0.0861538 -71.7708 306.414 
7.25e+08 0.0484778 -69.2193 306.838 
7.26e+08 0.0840361 -51.185 307.261 
7.27e+08 0.0749575 -44.6762 307.685 
7.28e+08 0.0290555 -60.5818 308.108 
7.29e+08 0.0554484 -44.3229 308.531 
7.3e+08 0.0446839 -35.5082 308.954 
7.31e+08 0.0652788 -40.815 309.378 
7.32e+08 0.0437222 -76.6388 309.801 
7.33e+08 0.014422 -65.3556 310.225 
7.34e+08 0.0190678 -31.7798 310.648 
7.35e+08 0.0213898 -39.624 311.071 
7.36e+08 0.0240084 -40.3733 311.495 
7.37e+08 0.045361 -61.2458 311.919 
7.38e+08 0.0359204 -15.0238 312.343 
7.39e+08 0.0339474 -86.2768 312.766 
7.4e+08 0.0590875 -107.211 313.19 
7.41e+08 0.0262141 -72.1516 313.613 
7.42e+08 0.0152178 -64.1303 314.036 
7.43e+08 0.0365596 -67.2495 314.46 
7.44e+08 0.0381312 -87.5811 314.883 
7.45e+08 0.0469575 -43.8593 315.306 
7.46e+08 0.0727884 -39.2197 315.73 
7.47e+08 0.0539314 -121.28 316.153 
7.48e+08 0.0120442 -37.7082 316.576 
7.49e+08 0.0426559 -85.9905 317 
7.5e+08 0.0376104 -43.5339 317.424 
7.51e+08 0.0634692 -71.6092 317.847 
7.52e+08 0.045998 -57.4828 318.271 
7.53e+08 0.0383668 -51.6771 318.694 
7.54e+08 0.0587701 -55.9163 319.118 
7.55e+08 0.0301493 -31.4941 319.541 
7.56e+08 0.061193 -26.9656 319.965 
7.57e+08 0.0376798 -27.8303 320.388 
7.58e+08 0.0424174 -55.9823 320.811 
7.59e+08 0.0385261 -37.4069 321.234 
7.6e+08 0.0289593 -29.41 321.657 
7.61e+08 0.133438 -97.4935 322.081 
7.62e+08 0.0622706 -48.5733 322.504 
7.63e+08 0.0344991 -55.4514 322.928 
7.64e+08 0.0628236 -8.58868 323.351 
7.65e+08 0.06044 -69.4164 323.775 
7.66e+08 0.0481249 -43.6744 324.198 
7.67e+08 0.0273949 -1.39066 324.622 
7.68e+08 0.0440998 -44.7778 325.045 
7.69e+08 0.0650811 -56.0246 325.468 
7.7e+08 0.0496516 -70.4342 325.892 
7.71e+08 0.065697 -53.6057 326.314 
7.72e+08 0.0316744 -36.0356 326.737 
7.73e+08 0.0216524 -74.2945 327.159 
7.74e+08 0.0605953 -74.2231 327.582 
7.75e+08 0.0251173 -51.3766 328.004 
7.76e+08 0.0210495 -71.849 328.426 
7.77e+08 0.0537744 -52.1001 328.849 
7.78e+08 0.0453508 -105.569 329.271 
7.79e+08 0.0461896 -19.5769 329.694 
7.8e+08 0.0811934 -55.4053 330.116 
7.81e+08 0.0786888 0.966594 330.539 
7.82e+08 0.0432716 -20.5038 330.961 
7.83e+08 0.0561937 -58.0763 331.383 
7.84e+08 0.0264406 -42.0181 331.807 
7.85e+08 0.0456135 -9.41881 332.23 
7.86e+08 0.0581293 -54.7474 332.653 
7.87e+08 0.0674083 -35.0486 333.076 
7.88e+08 0.0247453 -38.6641 333.499 
7.89e+08 0.0370573 -27.7896 333.923 
7.9e+08 0.0572337 -81.2175 334.345 
7.91e+08 0.0564512 -35.0826 334.768 
7.92e+08 0.0593842 -35.2403 335.192 
7.93e+08 0.0712661 -51.8873 335.615 
7.94e+08 0.0500996 -28.0811 336.038 
7.95e+08 0.0712041 -61.1103 336.462 
7.96e+08 0.060578 -79.1359 336.885 
7.97e+08 0.0381379 -55.5643 337.308 
7.98e+08 0.027021 -68.3825 337.731 
7.99e+08 0.0217466 -72.1666 338.153 
8e+08 0.0675597 -43.6094 338.576 
8.01e+08 0.0344185 -28.006 338.999 
8.02e+08 0.0196964 -66.6283 339.422 
8.03e+08 0.0334518 -74.9134 339.846 
8.04e+08 0.0450287 -79.5405 340.269 
8.05e+08 0.0379856 -89.5693 340.692 
8.06e+08 0.0317916 -66.661 341.115 
8.07e+08 0.0425601 -52.6484 341.538 
8.08e+08 0.0290311 -92.6012 341.961 
8.09e+08 0.0790038 -54.6491 342.383 
8.1e+08 0.0272112 -23.2524 342.806 
8.11e+08 0.032674 -57.8722 343.229 
8.12e+08 0.0327597 -18.3636 343.652 
8.13e+08 0.0467044 -36.4341 344.075 
8.14e+08 0.041442 -5.49287 344.498 
8.15e+08 0.0472821 -77.731 344.922 
8.16e+08 0.0265421 -32.1196 345.345 
8.17e+08 0.0375005 -74.9181 345.768 
8.18e+08 0.0653833 -79.9111 346.19 
8.19e+08 0.0568795 -65.2306 346.613 
8.2e+08 0.0396733 -31.7334 347.036 
8.21e+08 0.043424 -104.788 347.459 
8.22e+08 0.0158987 -44.159 347.882 
8.23e+08 0.0282102 -3.74723 348.305 
8.24e+08 0.0624231 -75.3314 348.728 
8.25e+08 0.0754535 -59.2638 349.151 
8.26e+08 0.0324917 -64.1571 349.575 
8.27e+08 0.0179434 -87.9449 349.998 
8.28e+08 0.0387322 -85.9176 350.42 
8.29e+08 0.0736721 -65.7334 350.843 
8.3e+08 0.041056 -56.4092 351.266 
8.31e+08 0.0259909 -54.3658 351.69 
8.32e+08 0.0218021 -40.583 352.112 
8.33e+08 0.0392779 -51.816 352.535 
8.34e+08 0.0347837 -16.5664 352.958 
8.35e+08 0.0769695 -43.4904 353.381 
8.36e+08 0.034708 -60.622 353.804 
8.37e+08 0.0546774 -25.1167 354.227 
8.38e+08 0.0407576 -49.3429 354.65 
8.39e+08 0.0177736 -54.3899 355.073 
8.4e+08 0.0186951 -43.7794 355.495 
8.41e+08 0.0442302 -48.1556 355.918 
8.42e+08 0.0293929 -56.8305 356.341 
8.43e+08 0.0403002 -28.8127 356.763 
8.44e+08 0.0940072 -60.2643 357.186 
8.45e+08 0.0655889 -75.366 357.609 
8.46e+08 0.0295385 -85.8674 358.032 
8.47e+08 0.0383667 -63.192 358.455 
8.48e+08 0.035142 -59.707 358.878 
8.49e+08 0.0835396 -67.3425 359.301 
8.5e+08 0.0628063 -18.5696 359.724 
8.51e+08 0.0814006 -62.8399 360.147 
8.52e+08 0.0513963 -57.7138 360.57 
8.53e+08 0.0589756 -61.4737 360.993 
8.54e+08 0.0360126 -29.255 361.417 
8.55e+08 0.0466288 -56.4779 361.84 
8.56e+08 0.0544519 -63.662 362.263 
8.57e+08 0.0438664 -59.7942 362.686 
8.58e+08 0.0560915 -61.9264 363.11 
8.59e+08 0.0551315 -33.9398 363.533 
8.6e+08 0.0613243 -99.9568 363.956 
8.61e+08 0.0136229 -37.1912 364.38 
8.62e+08 0.0400828 -73.1008 364.803 
8.63e+08 0.0316668 -35.3733 365.226 
8.64e+08 0.0845288 -42.194 365.649 
8.65e+08 0.0711696 -64.1402 366.073 
8.66e+08 0.0430481 -21.6562 366.496 
8.67e+08 0.0511404 -55.3933 366.919 
8.68e+08 0.0178329 -23.8508 367.341 
8.69e+08 0.0105086 -63.6655 367.763 
8.7e+08 0.0429414 -65.0419 368.186 
8.71e+08 0.0645319 -20.6469 368.61 
8.72e+08 0.0400769 -32.2446 369.033 
8.73e+08 0.0712551 -56.5237 369.455 
8.74e+08 0.08665 -75.0462 369.879 
8.75e+08 0.0155575 -46.3812 370.302 
8.76e+08 0.0600762 -41.1613 370.725 
8.77e+08 0.0505921 -76.9124 371.149 
8.78e+08 0.0453986 -30.5604 371.572 
8.79e+08 0.0625444 -28.8945 371.997 
8.8e+08 0.0446112 -55.6035 372.42 
8.81e+08 0.0194375 -56.9506 372.844 
8.82e+08 0.00943194 -69.9843 373.267 
8.83e+08 0.0661435 -61.085 373.69 
8.84e+08 0.0577725 -40.3204 374.113 
8.85e+08 0.0396119 1.92838 374.535 
8.86e+08 0.0585438 -45.5811 374.959 
8.87e+08 0.0180631 -23.3426 375.382 
8.88e+08 0.0283363 -77.3697 375.805 
8.89e+08 0.0864467 -72.4717 376.228 
8.9e+08 0.0243687 -21.9028 376.652 
8.91e+08 0.057262 -65.957 377.075 
8.92e+08 0.0476716 -49.4961 377.498 
8.93e+08 0.0154127 -46.3455 377.92 
8.94e+08 0.0744568 10.5383 378.343 
8.95e+08 0.0683121 -52.4772 378.767 
8.96e+08 0.0564431 -62.2998 379.19 
8.97e+08 0.037447 -50.8872 379.614 
8.98e+08 0.0174352 -23.4071 380.037 
8.99e+08 0.0557745 -0.0254167 380.46 
9e+08 0.0254606 -37.2196 380.884 
9.01e+08 0.0143357 -93.8189 381.307 
9.02e+08 0.0106463 -60.2074 381.73 
9.03e+08 0.042377 -77.7719 382.154 
9.04e+08 0.0501118 -68.4181 382.577 
9.05e+08 0.0650087 -83.1404 383.001 
9.06e+08 0.0366245 -53.9507 383.424 
9.07e+08 0.0760789 -82.3215 383.847 
9.08e+08 0.0254491 -30.7865 384.271 
9.09e+08 0.0268904 -30.7387 384.694 
9.1e+08 0.016769 -51.6326 385.118 
9.11e+08 0.0274199 -36.147 385.541 
9.12e+08 0.0612315 -36.8856 385.965 
9.13e+08 0.0566163 -36.5061 386.388 
9.14e+08 0.0304587 -44.1349 386.812 
9.15e+08 0.0784609 -42.0687 387.235 
9.16e+08 0.0359934 -50.7402 387.659 
9.17e+08 0.0259636 -65.0933 388.082 
9.18e+08 0.0599309 -46.879 388.506 
9.19e+08 0.0188336 -28.8985 388.929 
9.2e+08 0.03523 -75.5563 389.353 
9.21e+08 0.0350548 -99.3925 389.776 
9.22e+08 0.0828115 -47.1935 390.2 
9.23e+08 0.0620358 -19.6503 390.623 
9.24e+08 0.0743772 -16.4116 391.047 
9.25e+08 0.0445734 -87.8508 391.47 
9.26e+08 0.0591693 -36.0275 391.894 
9.27e+08 0.0557067 -41.8071 392.317 
9.28e+08 0.0430695 -32.8864 392.741 
9.29e+08 0.0195763 -28.1734 393.164 
9.3e+08 0.0512643 -54.3926 393.587 
9.31e+08 0.0493893 -50.8949 394.011 
9.32e+08 0.0558361 -61.5188 394.434 
9.33e+08 0.0246273 -59.4618 394.857 
9.34e+08 0.0216227 -64.8417 395.281 
9.35e+08 0.0204064 -67.6413 395.704 
9.36e+08 0.0551106 -52.2953 396.128 
9.37e+08 0.0313332 5.27801 396.551 
9.38e+08 0.0293799 -61.3337 396.974 
9.39e+08 0.0355099 -11.1274 397.398 
9.4e+08 0.043215 -46.407 397.821 
9.41e+08 0.0522846 -63.8308 398.245 
9.42e+08 0.0427818 -61.3002 398.669 
9.43e+08 0.0744261 -37.4112 399.092 
9.44e+08 0.0487787 -19.9606 399.516 
9.45e+08 0.0624633 -10.8459 399.939 
9.46e+08 0.0424309 -45.5406 400.362 
9.47e+08 0.03209 -53.0906 400.785 
9.48e+08 0.0795039 -36.7234 401.208 
9.49e+08 0.0631531 -71.836 401.632 
9.5e+08 0.0324692 -54.9839 402.055 
9.51e+08 0.0925033 -56.053 402.478 
9.52e+08 0.0844162 -92.0317 402.901 
9.53e+08 0.0400389 -33.4648 403.324 
9.54e+08 0.0562175 -35.4309 403.748 
9.55e+08 0.0423727 -38.3697 404.171 
9.56e+08 0.0474318 -56.8733 404.595 
9.57e+08 0.0266864 -68.0623 405.018 
9.58e+08 0.03018 -45.9326 405.441 
9.59e+08 0.0210689 -51.4175 405.863 
9.6e+08 0.0444244 -48.3616 406.286 
9.61e+08 0.0255157 -57.7598 406.709 
9.62e+08 0.0496034 -54.3178 407.132 
9.63e+08 0.0450292 -41.9848 407.555 
9.64e+08 0.0442621 -49.0769 407.978 
9.65e+08 0.049005 -70.2311 408.401 
9.66e+08 0.0857708 -36.4203 408.824 
9.67e+08 0.0439075 -43.4826 409.247 
9.68e+08 0.0386488 -26.8269 409.671 
9.69e+08 0.0404179 -40.8507 410.094 
9.7e+08 0.0512579 -74.5118 410.517 
9.71e+08 0.0217555 -46.0809 410.94 
9.72e+08 0.0242395 -21.9765 411.363 
9.73e+08 0.0355499 -69.5961 411.787 
9.74e+08 0.0325157 -27.3301 412.21 
9.75e+08 0.0572075 -72.9077 412.633 
9.76e+08 0.0566358 -63.5959 413.056 
9.77e+08 0.0595969 -63.403 413.479 
9.78e+08 0.0569734 -28.788 413.902 
9.79e+08 0.0315733 -61.2752 414.326 
9.8e+08 0.0708144 -88.93 414.749 
9.81e+08 0.0714444 -55.7466 415.172 
9.82e+08 0.0701202 -96.6809 415.595 
9.83e+08 0.0352067 -8.57677 416.018 
9.84e+08 0.0812798 -19.6475 416.442 
9.85e+08 0.0249799 -61.3223 416.865 
9.86e+08 0.057993 -47.3214 417.288 
9.87e+08 0.0568116 -25.6837 417.711 
9.88e+08 0.0461096 -65.7569 418.135 
9.89e+08 0.0349497 -35.4857 418.558 
9.9e+08 0.055748 -90.4652 418.982 
9.91e+08 0.00891207 -19.5577 419.405 
9.92e+08 0.049325 -79.2108 419.828 
9.93e+08 0.0605404 -64.6895 420.251 
9.94e+08 0.059676 -112.369 420.674 
9.95e+08 0.0681675 -82.3285 421.098 
9.96e+08 0.0590588 -23.9513 421.521 
9.97e+08 0.0290406 -43.5616 421.945 
9.98e+08 0.0708212 -40.2947 422.368 
9.99e+08 0.0465699 -78.6808 422.792 
1e+09 0.0568948 -4.35693 423.215 
