0 0.0381574 -12.0363 0 
1e+06 0.0231669 -31.7209 0.423637 
2e+06 0.0336414 -104.942 0.847979 
3e+06 0.0409392 -37.2592 1.27159 
4e+06 0.0350943 -65.8143 1.69468 
5e+06 0.0150704 -37.4887 2.11722 
6e+06 0.0360445 -55.128 2.53955 
7e+06 0.043581 -72.7737 2.9618 
8e+06 0.0337274 -46.4887 3.38414 
9e+06 0.0485759 -53.7806 3.80639 
1e+07 0.0711294 -9.15071 4.22876 
1.1e+07 0.0445645 -57.4015 4.65162 
1.2e+07 0.0618062 -84.7999 5.07428 
1.3e+07 0.0855723 -73.6997 5.49675 
1.4e+07 0.0482188 -55.1082 5.91909 
1.5e+07 0.0273036 -61.1522 6.34153 
1.6e+07 0.0652912 -79.0296 6.76434 
1.7e+07 0.0397326 -68.6421 7.18712 
1.8e+07 0.0358643 -26.8953 7.60992 
1.9e+07 0.038148 -43.8675 8.0328 
2e+07 0.0199405 -107.732 8.45621 
2.1e+07 0.0483385 -47.2741 8.87956 
2.2e+07 0.0152772 -69.3856 9.30425 
2.3e+07 0.057481 -54.9463 9.72789 
2.4e+07 0.0364496 -40.0543 10.1509 
2.5e+07 0.0318822 -48.8423 10.5763 
2.6e+07 0.0441428 -83.2689 11.0001 
2.7e+07 0.0296133 -57.7154 11.4227 
2.8e+07 0.0404353 -43.1137 11.8452 
2.9e+07 0.0395246 -58.4012 12.2692 
3e+07 0.0809124 -68.8304 12.694 
3.1e+07 0.0479076 -66.2571 13.1197 
3.2e+07 0.0265123 -68.9143 13.5476 
3.3e+07 0.0654787 -34.7404 13.9745 
3.4e+07 0.0215979 -33.0709 14.4005 
3.5e+07 0.0428902 -6.40591 14.8262 
3.6e+07 0.0844648 -60.4113 15.2528 
3.7e+07 0.0294679 -52.6255 15.6801 
3.8e+07 0.0506148 -29.5716 16.1066 
3.9e+07 0.0404794 -9.85146 16.534 
4e+07 0.0238074 -56.2957 16.9601 
4.1e+07 0.0238999 -81.1722 17.3857 
4.2e+07 0.0338816 -67.8193 17.8115 
4.3e+07 0.0735515 -43.5364 18.2385 
4.4e+07 0.0374652 -24.0415 18.6658 
4.5e+07 0.0293683 -13.0382 19.0913 
4.6e+07 0.0747986 -54.1971 19.5153 
4.7e+07 0.0634658 -64.3138 19.9384 
4.8e+07 0.014498 -54.0331 20.3612 
4.9e+07 0.0291974 -4.99221 20.7846 
5e+07 0.0390788 -1.59891 21.2077 
5.1e+07 0.0164878 -43.037 21.6307 
5.2e+07 0.0353376 -58.5553 22.0546 
5.3e+07 0.0811151 -68.2141 22.4773 
5.4e+07 0.0160386 -18.4346 22.8997 
5.5e+07 0.0377951 -63.3799 23.3223 
5.6e+07 0.0825627 -52.7798 23.7449 
5.7e+07 0.0621524 -78.3152 24.1673 
5.8e+07 0.0498105 -51.011 24.59 
5.9e+07 0.0395396 -41.1789 25.0124 
6e+07 0.064954 -31.5109 25.4364 
6.1e+07 0.0556802 -56.7215 25.8606 
6.2e+07 0.04386 -68.189 26.2853 
6.3e+07 0.0682418 -46.0777 26.709 
6.4e+07 0.0439513 -46.0928 27.1322 
6.5e+07 0.0571698 -40.1397 27.5553 
6.6e+07 0.0235981 -58.2546 27.9786 
6.7e+07 0.015005 -29.5172 28.4016 
6.8e+07 0.0600918 -61.4924 28.8268 
6.9e+07 0.0377399 -57.0524 29.2527 
7e+07 0.0244503 -53.0513 29.6787 
7.1e+07 0.0121513 -35.9326 30.1049 
7.2e+07 0.0674294 -1.0305 30.531 
7.3e+07 0.0713885 -66.2294 30.9572 
7.4e+07 0.0444951 -72.8483 31.3837 
7.5e+07 0.0442529 -48.791 31.8105 
7.6e+07 0.0282732 -32.1216 32.2367 
7.7e+07 0.0312222 -51.6655 32.6603 
7.8e+07 0.037706 -71.0022 33.0827 
7.9e+07 0.0287343 -72.7506 33.5049 
8e+07 0.0487036 -42.5346 33.9272 
8.1e+07 0.072983 -72.141 34.3509 
8.2e+07 0.0332636 -47.0152 34.7757 
8.3e+07 0.0541626 -46.1089 35.1991 
8.4e+07 0.0514919 -81.8279 35.6226 
8.5e+07 0.0797468 -59.834 36.0452 
8.6e+07 0.0645684 -15.3367 36.468 
8.7e+07 0.0338077 -18.2418 36.8906 
8.8e+07 0.0555533 -43.5675 37.3131 
8.9e+07 0.0252433 -56.9799 37.7356 
9e+07 0.081973 -77.5336 38.1579 
9.1e+07 0.0533874 -62.0116 38.5804 
9.2e+07 0.0387542 -88.4811 39.003 
9.3e+07 0.0806443 -57.2314 39.4256 
9.4e+07 0.047062 -50.197 39.8479 
9.5e+07 0.0287025 -10.8904 40.2703 
9.6e+07 0.0376041 -23.8164 40.6926 
9.7e+07 0.0287444 -64.405 41.1149 
9.8e+07 0.0535101 -33.9312 41.5374 
9.9e+07 0.0722235 -53.5062 41.963 
1e+08 0.0275488 -43.4613 42.3892 
1.01e+08 0.0432294 -64.7994 42.8147 
1.02e+08 0.0483587 -34.9583 43.241 
1.03e+08 0.0430913 -35.2051 43.6655 
1.04e+08 0.0428261 -23.2111 44.091 
1.05e+08 0.0476016 -51.8832 44.5141 
1.06e+08 0.0194842 -56.7243 44.9381 
1.07e+08 0.0335064 -22.3167 45.361 
1.08e+08 0.0376851 -30.6629 45.7845 
1.09e+08 0.0536198 -56.3371 46.2078 
1.1e+08 0.0883114 -50.802 46.6319 
1.11e+08 0.0394449 -15.0324 47.0545 
1.12e+08 0.0130127 -36.4989 47.4772 
1.13e+08 0.0642368 -56.2219 47.8994 
1.14e+08 0.036906 -50.7934 48.3216 
1.15e+08 0.0493772 -48.2175 48.7442 
1.16e+08 0.0785325 -83.1876 49.1666 
1.17e+08 0.0368316 -42.6486 49.5892 
1.18e+08 0.0254042 -33.5619 50.0115 
1.19e+08 0.0762145 -12.1714 50.4364 
1.2e+08 0.0392936 -74.7071 50.8617 
1.21e+08 0.05201 -93.987 51.2845 
1.22e+08 0.0527965 -35.5158 51.707 
1.23e+08 0.0312142 -67.0714 52.1307 
1.24e+08 0.0283016 -24.2193 52.5539 
1.25e+08 0.0342715 -67.564 52.9778 
1.26e+08 0.0309642 -36.2543 53.401 
1.27e+08 0.0219859 -85.8895 53.8251 
1.28e+08 0.0256023 -58.5344 54.2485 
1.29e+08 0.0200638 -63.928 54.6722 
1.3e+08 0.0305813 -41.8393 55.0949 
1.31e+08 0.0409013 -86.716 55.5176 
1.32e+08 0.0447505 10.0324 55.9439 
1.33e+08 0.0505785 -33.9744 56.3711 
1.34e+08 0.0837256 -58.6568 56.7978 
1.35e+08 0.0776689 -47.1468 57.2249 
1.36e+08 0.0490163 -45.5761 57.6509 
1.37e+08 0.067902 -64.2316 58.0776 
1.38e+08 0.0469424 -55.7628 58.5051 
1.39e+08 0.0287462 -60.1356 58.9319 
1.4e+08 0.0464389 -27.344 59.3586 
1.41e+08 0.0624882 -37.4455 59.785 
1.42e+08 0.0478632 -75.4905 60.2092 
1.43e+08 0.0297169 -19.6831 60.6353 
1.44e+08 0.0167131 -31.6845 61.0617 
1.45e+08 0.021534 2.54696 61.4873 
1.46e+08 0.0213559 -59.5711 61.9121 
1.47e+08 0.0306585 -60.7152 62.3349 
1.48e+08 0.0375806 -68.0582 62.7589 
1.49e+08 0.0527225 -52.62 63.1823 
1.5e+08 0.0513596 -44.0834 63.6057 
1.51e+08 0.0457011 -36.9589 64.0289 
1.52e+08 0.055762 -70.4108 64.4528 
1.53e+08 0.0307486 -35.7023 64.8756 
1.54e+08 0.0418423 -76.5539 65.2984 
1.55e+08 0.0368242 -44.237 65.7212 
1.56e+08 0.0663761 -79.6496 66.1438 
1.57e+08 0.0365428 -9.11996 66.5664 
1.58e+08 0.061072 -87.2632 66.9891 
1.59e+08 0.0503192 -56.9384 67.4119 
1.6e+08 0.0440602 -60.9446 67.8346 
1.61e+08 0.0621455 -41.5227 68.2572 
1.62e+08 0.059442 -30.2623 68.68 
1.63e+08 0.0356082 -38.115 69.1056 
1.64e+08 0.0241675 -58.9603 69.5323 
1.65e+08 0.0391761 -67.7702 69.9568 
1.66e+08 0.0255785 -30.1277 70.3831 
1.67e+08 0.045509 -70.6565 70.8076 
1.68e+08 0.0663068 -47.6212 71.2306 
1.69e+08 0.041301 -51.146 71.6544 
1.7e+08 0.0439717 -88.2409 72.0784 
1.71e+08 0.0560333 -20.0815 72.5028 
1.72e+08 0.0643075 -59.9929 72.9269 
1.73e+08 0.032019 -48.352 73.3525 
1.74e+08 0.0215164 -36.5806 73.7768 
1.75e+08 0.0304914 -43.1888 74.1994 
1.76e+08 0.0281689 -29.7127 74.6222 
1.77e+08 0.0364308 -73.2775 75.0471 
1.78e+08 0.0263889 -35.9238 75.472 
1.79e+08 0.0847406 -88.3022 75.895 
1.8e+08 0.0170492 -26.1193 76.3224 
1.81e+08 0.0313402 -12.9504 76.7474 
1.82e+08 0.0958498 -51.6857 77.1732 
1.83e+08 0.0206473 -36.6517 77.6002 
1.84e+08 0.0562403 -42.4858 78.0266 
1.85e+08 0.048946 -60.568 78.4525 
1.86e+08 0.027011 -33.4018 78.8783 
1.87e+08 0.042847 -88.0717 79.3052 
1.88e+08 0.0204086 -45.8661 79.7323 
1.89e+08 0.0430224 -39.8262 80.1564 
1.9e+08 0.0419731 -30.3686 80.5794 
1.91e+08 0.0590294 -14.5965 81.0029 
1.92e+08 0.0244167 -14.5981 81.4262 
1.93e+08 0.0599291 -27.9267 81.8493 
1.94e+08 0.0400541 -72.3723 82.2724 
1.95e+08 0.0444777 -31.9795 82.6954 
1.96e+08 0.0553156 -72.068 83.1194 
1.97e+08 0.0347746 -78.7063 83.5421 
1.98e+08 0.0198554 -51.9964 83.9647 
1.99e+08 0.0545772 -68.7112 84.3872 
2e+08 0.0757686 -30.703 84.81 
2.01e+08 0.0341495 -78.2711 85.2343 
2.02e+08 0.0504503 -47.8817 85.6571 
2.03e+08 0.0802397 -73.8578 86.0797 
2.04e+08 0.0332844 -45.3376 86.5038 
2.05e+08 0.0755955 -44.8289 86.9286 
2.06e+08 0.0501194 -22.9757 87.3528 
2.07e+08 0.0113108 -59.3718 87.7757 
2.08e+08 0.0289482 -10.2366 88.1994 
2.09e+08 0.0372601 -36.2074 88.6223 
2.1e+08 0.0166384 -13.7953 89.0456 
2.11e+08 0.0536882 -28.8345 89.4695 
2.12e+08 0.0470138 -36.5545 89.8921 
2.13e+08 0.0678338 -41.9777 90.3146 
2.14e+08 0.0560258 -21.5558 90.7373 
2.15e+08 0.0634273 -35.6975 91.1599 
2.16e+08 0.104941 -59.5139 91.5863 
2.17e+08 0.0119909 -64.2192 92.0111 
2.18e+08 0.0631258 -87.4521 92.4339 
2.19e+08 0.0436267 -16.9708 92.8566 
2.2e+08 0.0138586 -8.20912 93.2809 
2.21e+08 0.0578611 -43.9236 93.7054 
2.22e+08 0.073478 -55.0799 94.1297 
2.23e+08 0.0726989 -71.186 94.5543 
2.24e+08 0.0111653 -55.4433 94.9787 
2.25e+08 0.0251478 -42.6445 95.403 
2.26e+08 0.0360666 -32.9603 95.8271 
2.27e+08 0.0628929 -84.0388 96.2497 
2.28e+08 0.0537554 -9.72988 96.6743 
2.29e+08 0.0204105 -48.434 97.1004 
2.3e+08 0.0865728 -95.6294 97.5269 
2.31e+08 0.0209734 -24.769 97.9531 
2.32e+08 0.0549034 -5.35576 98.3783 
2.33e+08 0.00380741 -89.5229 98.8044 
2.34e+08 0.0290537 -72.88 99.2322 
2.35e+08 0.0269652 -38.3371 99.6595 
2.36e+08 0.0403618 -98.0301 100.086 
2.37e+08 0.0349825 -7.71891 100.512 
2.38e+08 0.0237123 -46.4628 100.94 
2.39e+08 0.0240373 -55.0556 101.368 
2.4e+08 0.0181271 -44.0847 101.794 
2.41e+08 0.0314986 -15.0224 102.221 
2.42e+08 0.0664898 -45.8033 102.646 
2.43e+08 0.0448749 -68.3323 103.073 
2.44e+08 0.0306242 -83.9406 103.5 
2.45e+08 0.0538546 -59.6765 103.928 
2.46e+08 0.0167031 -39.433 104.355 
2.47e+08 0.0511491 -47.4216 104.779 
2.48e+08 0.0439931 -59.3951 105.202 
2.49e+08 0.0372354 -60.8332 105.626 
2.5e+08 0.0601193 -47.052 106.05 
2.51e+08 0.030815 -56.4061 106.474 
2.52e+08 0.0556887 -76.324 106.898 
2.53e+08 0.0387149 -69.9929 107.323 
2.54e+08 0.0176675 -42.0733 107.747 
2.55e+08 0.0434158 -27.8081 108.173 
2.56e+08 0.0410492 -47.7153 108.598 
2.57e+08 0.0361043 -67.4764 109.022 
2.58e+08 0.0217236 -71.3125 109.448 
2.59e+08 0.0623605 -30.896 109.873 
2.6e+08 0.0647814 -49.7769 110.297 
2.61e+08 0.0234007 -88.0209 110.723 
2.62e+08 0.042379 -51.5015 111.15 
2.63e+08 0.0642415 -51.1874 111.574 
2.64e+08 0.0452445 -54.8236 111.998 
2.65e+08 0.0577846 -62.3061 112.422 
2.66e+08 0.0474138 -43.3009 112.848 
2.67e+08 0.0587699 -35.2098 113.272 
2.68e+08 0.0579428 -44.297 113.695 
2.69e+08 0.0645947 -51.9226 114.119 
2.7e+08 0.0128964 -40.6445 114.546 
2.71e+08 0.0329272 -80.6012 114.972 
2.72e+08 0.0405162 -18.0153 115.398 
2.73e+08 0.00941908 5.55854 115.821 
2.74e+08 0.0386453 -63.6484 116.247 
2.75e+08 0.0551395 -25.5608 116.671 
2.76e+08 0.0734571 -62.5253 117.093 
2.77e+08 0.0472555 -55.6146 117.516 
2.78e+08 0.0619172 -76.9921 117.939 
2.79e+08 0.0419382 -57.5759 118.362 
2.8e+08 0.0330471 -33.3329 118.788 
2.81e+08 0.0280566 -57.6018 119.215 
2.82e+08 0.0456751 -78.0341 119.64 
2.83e+08 0.0381529 -41.4486 120.064 
2.84e+08 0.068616 -32.3917 120.488 
2.85e+08 0.0032397 -10.1927 120.914 
2.86e+08 0.0717875 -82.5317 121.34 
2.87e+08 0.0560305 -8.566 121.767 
2.88e+08 0.0413372 -70.4487 122.194 
2.89e+08 0.0115339 -2.92291 122.621 
2.9e+08 0.0450403 -45.3386 123.046 
2.91e+08 0.0329402 11.3267 123.468 
2.92e+08 0.0455858 -53.9762 123.891 
2.93e+08 0.0341922 -55.5904 124.318 
2.94e+08 0.0260659 -50.8108 124.743 
2.95e+08 0.0430246 -26.2505 125.17 
2.96e+08 0.0513866 -67.0969 125.595 
2.97e+08 0.0375156 -3.58782 126.022 
2.98e+08 0.0418559 -25.1846 126.45 
2.99e+08 0.0540703 -44.2298 126.873 
3e+08 0.0568018 -37.1729 127.297 
3.01e+08 0.0546957 -35.8142 127.721 
3.02e+08 0.0572297 -48.5352 128.144 
3.03e+08 0.0635102 -74.7173 128.568 
3.04e+08 0.032071 -64.6778 128.991 
3.05e+08 0.0814425 -45.1494 129.414 
3.06e+08 0.0429736 -41.9517 129.837 
3.07e+08 0.0461345 -50.8991 130.26 
3.08e+08 0.0360902 -86.4838 130.685 
3.09e+08 0.0596237 -56.0024 131.112 
3.1e+08 0.0638846 -54.8784 131.537 
3.11e+08 0.0446665 -98.6435 131.964 
3.12e+08 0.0644231 -53.661 132.391 
3.13e+08 0.0486495 -48.0839 132.817 
3.14e+08 0.0495376 -55.1336 133.243 
3.15e+08 0.0325097 -59.6063 133.669 
3.16e+08 0.021334 0.822025 134.096 
3.17e+08 0.054195 -67.8925 134.523 
3.18e+08 0.0905421 -60.6763 134.949 
3.19e+08 0.0287331 -66.6986 135.372 
3.2e+08 0.012938 -16.9527 135.797 
3.21e+08 0.0394983 -77.0192 136.223 
3.22e+08 0.0707147 -48.4604 136.651 
3.23e+08 0.0719768 -41.4515 137.077 
3.24e+08 0.0509606 -78.0731 137.502 
3.25e+08 0.0466464 -88.0083 137.926 
3.26e+08 0.0904633 -58.9461 138.351 
3.27e+08 0.0539678 -31.721 138.775 
3.28e+08 0.0311733 -57.4297 139.197 
3.29e+08 0.0266364 -50.8878 139.62 
3.3e+08 0.028103 -41.0578 140.043 
3.31e+08 0.0438281 -70.8028 140.466 
3.32e+08 0.0473059 -87.5075 140.893 
3.33e+08 0.0362479 -70.7757 141.32 
3.34e+08 0.0516045 -26.15 141.747 
3.35e+08 0.0265988 -54.4713 142.174 
3.36e+08 0.0495726 -102.685 142.601 
3.37e+08 0.0530611 -72.0417 143.025 
3.38e+08 0.0553167 -43.0441 143.452 
3.39e+08 0.01345 -35.149 143.879 
3.4e+08 0.0695446 -11.2871 144.305 
3.41e+08 0.0498044 -50.9585 144.731 
3.42e+08 0.0769543 -59.0606 145.157 
3.43e+08 0.059256 -56.1433 145.584 
3.44e+08 0.0326346 -72.4197 146.009 
3.45e+08 0.0425171 -79.0739 146.436 
3.46e+08 0.0091798 -67.6017 146.863 
3.47e+08 0.0398197 -37.1996 147.29 
3.48e+08 0.0258359 -85.0144 147.715 
3.49e+08 0.0631021 -58.6791 148.141 
3.5e+08 0.0797498 -60.2953 148.569 
3.51e+08 0.0511639 -48.9897 148.993 
3.52e+08 0.0533981 -74.9302 149.417 
3.53e+08 0.0112027 -82.2372 149.841 
3.54e+08 0.0647827 -69.3095 150.265 
3.55e+08 0.0166317 -39.1213 150.689 
3.56e+08 0.0500918 -62.9886 151.113 
3.57e+08 0.0344156 -24.2839 151.536 
3.58e+08 0.0385604 -40.4968 151.959 
3.59e+08 0.0760143 -95.4388 152.382 
3.6e+08 0.0477015 -55.9092 152.804 
3.61e+08 0.0206841 -60.8703 153.227 
3.62e+08 0.0573569 -36.7194 153.65 
3.63e+08 0.0710997 -45.5377 154.073 
3.64e+08 0.0402921 -42.6151 154.5 
3.65e+08 0.0760944 -90.5127 154.927 
3.66e+08 0.0297851 -69.914 155.354 
3.67e+08 0.0551491 -44.4625 155.78 
3.68e+08 0.0570809 -60.5412 156.205 
3.69e+08 0.0249891 -39.3205 156.632 
3.7e+08 0.0809041 -68.8712 157.059 
3.71e+08 0.059637 -91.1013 157.485 
3.72e+08 0.0572817 -94.7393 157.909 
3.73e+08 0.0612419 -39.0945 158.332 
3.74e+08 0.0347496 -64.2291 158.756 
3.75e+08 0.0530923 -69.1923 159.179 
3.76e+08 0.0396318 -11.686 159.603 
3.77e+08 0.0673519 -63.2031 160.027 
3.78e+08 0.0527766 -74.7311 160.452 
3.79e+08 0.0233915 -4.69706 160.878 
3.8e+08 0.0324257 -31.2207 161.303 
3.81e+08 0.0286655 -28.6425 161.728 
3.82e+08 0.0456854 -57.0031 162.153 
3.83e+08 0.0311949 -90.8419 162.577 
3.84e+08 0.041639 -53.0273 163.002 
3.85e+08 0.025115 -61.1719 163.426 
3.86e+08 0.058125 -49.0923 163.852 
3.87e+08 0.0546329 -92.696 164.277 
3.88e+08 0.0133241 -75.2313 164.7 
3.89e+08 0.0532873 -22.5875 165.125 
3.9e+08 0.0412968 -79.7998 165.551 
3.91e+08 0.0469501 -55.6241 165.977 
3.92e+08 0.0156388 4.42325 166.404 
3.93e+08 0.0494626 -25.9715 166.827 
3.94e+08 0.0261252 -33.2493 167.254 
3.95e+08 0.0691944 -47.9275 167.678 
3.96e+08 0.0844449 -31.6703 168.101 
3.97e+08 0.0284408 -31.7831 168.525 
3.98e+08 0.0506991 -63.4491 168.949 
3.99e+08 0.0397913 -43.6097 169.373 
4e+08 0.0290618 -22.2255 169.798 
4.01e+08 0.027118 -103.99 170.222 
4.02e+08 0.0625247 -20.1042 170.647 
4.03e+08 0.0447688 -74.8791 171.07 
4.04e+08 0.0302583 -72.129 171.492 
4.05e+08 0.0303543 -59.8492 171.915 
4.06e+08 0.0382219 -52.8031 172.337 
4.07e+08 0.0700857 -33.5931 172.762 
4.08e+08 0.0560571 -86.9465 173.187 
4.09e+08 0.0311797 -66.496 173.613 
4.1e+08 0.0452068 -26.6397 174.038 
4.11e+08 0.0482768 -63.7059 174.461 
4.12e+08 0.0453331 -79.2177 174.884 
4.13e+08 0.0399125 -27.9261 175.308 
4.14e+08 0.0247109 -41.7022 175.733 
4.15e+08 0.061373 -43.357 176.157 
4.16e+08 0.0952811 -55.7116 176.581 
4.17e+08 0.0760344 -71.9626 177.006 
4.18e+08 0.0201895 -55.4514 177.429 
4.19e+08 0.0358484 -11.4465 177.851 
4.2e+08 0.0214463 -71.6051 178.274 
4.21e+08 0.0793128 -20.6711 178.696 
4.22e+08 0.0357502 -73.5003 179.119 
4.23e+08 0.0319494 -21.9585 179.542 
4.24e+08 0.0593259 -81.375 179.966 
4.25e+08 0.0464452 -19.5911 180.392 
4.26e+08 0.0601758 -25.883 180.819 
4.27e+08 0.0809038 -54.6218 181.246 
4.28e+08 0.0243292 -57.3475 181.672 
4.29e+08 0.0628284 -84.2445 182.095 
4.3e+08 0.0431513 -18.9365 182.522 
4.31e+08 0.0414253 -95.4807 182.948 
4.32e+08 0.0372893 -45.0753 183.376 
4.33e+08 0.0405664 -8.8999 183.8 
4.34e+08 0.0305111 -64.6084 184.223 
4.35e+08 0.064811 -40.004 184.648 
4.36e+08 0.0334707 -22.2751 185.072 
4.37e+08 0.065013 -48.5655 185.497 
4.38e+08 0.0212566 -37.6189 185.921 
4.39e+08 0.108495 -68.555 186.346 
4.4e+08 0.0578048 -68.7444 186.772 
4.41e+08 0.00531853 -21.6343 187.197 
4.42e+08 0.0448533 -45.4929 187.621 
4.43e+08 0.0478499 -35.9983 188.045 
4.44e+08 0.0257746 -37.5112 188.47 
4.45e+08 0.0198374 -62.6992 188.895 
4.46e+08 0.0222953 -20.2822 189.319 
4.47e+08 0.0819812 -44.1544 189.744 
4.48e+08 0.0433056 -45.5217 190.169 
4.49e+08 0.0748662 -24.636 190.595 
4.5e+08 0.0393403 -38.0796 191.022 
4.51e+08 0.0528139 -50.5182 191.449 
4.52e+08 0.0220822 -52.4997 191.874 
4.53e+08 0.0435993 -34.5761 192.3 
4.54e+08 0.0506041 -37.8968 192.726 
4.55e+08 0.029737 -41.4074 193.152 
4.56e+08 0.0422401 -48.1093 193.578 
4.57e+08 0.0653705 -19.0241 194.005 
4.58e+08 0.0341307 -27.6195 194.432 
4.59e+08 0.0378689 -110.264 194.858 
4.6e+08 0.0545768 -70.7682 195.285 
4.61e+08 0.0395641 -43.9745 195.708 
4.62e+08 0.0306951 -98.7967 196.132 
4.63e+08 0.00841544 -26.0091 196.555 
4.64e+08 0.0422162 -42.934 196.979 
4.65e+08 0.0451676 -58.2434 197.402 
4.66e+08 0.0422857 -47.271 197.825 
4.67e+08 0.0641152 -43.9239 198.248 
4.68e+08 0.0425958 -35.1518 198.673 
4.69e+08 0.0326643 -22.8185 199.096 
4.7e+08 0.0287698 -43.5187 199.518 
4.71e+08 0.0294331 -12.2168 199.941 
4.72e+08 0.0306798 -58.1744 200.366 
4.73e+08 0.0306001 -67.1717 200.792 
4.74e+08 0.076001 -44.4341 201.218 
4.75e+08 0.0675796 -92.2824 201.644 
4.76e+08 0.0458173 -66.1502 202.069 
4.77e+08 0.0271152 -26.3483 202.495 
4.78e+08 0.0549487 -80.1718 202.92 
4.79e+08 0.0497817 -87.0974 203.343 
4.8e+08 0.0596179 -81.081 203.766 
4.81e+08 0.0384764 -80.8745 204.189 
4.82e+08 0.0212937 -84.277 204.613 
4.83e+08 0.0698013 -28.0188 205.037 
4.84e+08 0.0283566 -54.0537 205.461 
4.85e+08 0.0468567 -50.9887 205.886 
4.86e+08 0.0628721 -41.4563 206.31 
4.87e+08 0.0392044 -12.9768 206.734 
4.88e+08 0.0557621 -6.19731 207.16 
4.89e+08 0.0571645 -32.2617 207.583 
4.9e+08 0.0524872 -58.1281 208.007 
4.91e+08 0.0412955 -81.9523 208.434 
4.92e+08 0.0477532 -15.9921 208.86 
4.93e+08 0.0631947 -9.16173 209.287 
4.94e+08 0.0331866 -44.6782 209.715 
4.95e+08 0.0514697 -12.9231 210.142 
4.96e+08 0.0264153 -53.0558 210.568 
4.97e+08 0.0467123 -26.4266 210.995 
4.98e+08 0.0359751 -14.8572 211.42 
4.99e+08 0.0543338 -53.3051 211.846 
5e+08 0.0346276 -73.4385 212.271 
5.01e+08 0.0456509 -12.2357 212.695 
5.02e+08 0.0165949 -52.1918 213.117 
5.03e+08 0.0471287 -73.3057 213.541 
5.04e+08 0.0437243 -59.998 213.965 
5.05e+08 0.0473299 -35.7855 214.39 
5.06e+08 0.0549193 -53.1303 214.814 
5.07e+08 0.0628039 -86.5758 215.238 
5.08e+08 0.0375702 -9.96629 215.661 
5.09e+08 0.0425488 -44.717 216.084 
5.1e+08 0.0590658 -71.1284 216.51 
5.11e+08 0.0507889 -51.7681 216.934 
5.12e+08 0.050748 -12.2345 217.357 
5.13e+08 0.0378016 -38.7199 217.78 
5.14e+08 0.0502416 -29.998 218.203 
5.15e+08 0.0430398 -53.8754 218.626 
5.16e+08 0.0274107 -60.6732 219.053 
5.17e+08 0.0182789 -70.1899 219.481 
5.18e+08 0.0495341 -39.717 219.908 
5.19e+08 0.0283797 -34.9447 220.334 
5.2e+08 0.0800551 -75.7989 220.759 
5.21e+08 0.0401382 -50.9296 221.186 
5.22e+08 0.0851005 -51.2341 221.61 
5.23e+08 0.110631 -12.4412 222.036 
5.24e+08 0.0327509 -30.4685 222.46 
5.25e+08 0.0532889 -64.8971 222.883 
5.26e+08 0.0268979 -23.4054 223.307 
5.27e+08 0.0481205 -65.2099 223.73 
5.28e+08 0.0466493 -66.6906 224.154 
5.29e+08 0.0375359 -104.961 224.577 
5.3e+08 0.0267432 -56.9274 225.001 
5.31e+08 0.0637883 -47.8497 225.425 
5.32e+08 0.0470581 -60.0913 225.851 
5.33e+08 0.0716165 -72.6721 226.278 
5.34e+08 0.0501639 -55.1109 226.704 
5.35e+08 0.0333092 -50.5033 227.13 
5.36e+08 0.028782 -55.6392 227.556 
5.37e+08 0.080068 -67.825 227.982 
5.38e+08 0.0347702 -78.7633 228.409 
5.39e+08 0.0257725 -50.0284 228.836 
5.4e+08 0.0419423 -29.4814 229.262 
5.41e+08 0.0726596 -88.7994 229.686 
5.42e+08 0.0392324 -44.5212 230.112 
5.43e+08 0.0318951 -29.5771 230.537 
5.44e+08 0.0521219 -25.4983 230.964 
5.45e+08 0.0365271 -49.0323 231.389 
5.46e+08 0.051644 -53.3184 231.816 
5.47e+08 0.00503213 -32.3265 232.24 
5.48e+08 0.0694557 -50.803 232.664 
5.49e+08 0.0355898 -23.4072 233.089 
5.5e+08 0.0364104 0.934671 233.514 
5.51e+08 0.0571956 -53.8683 233.938 
5.52e+08 0.115882 -51.4411 234.361 
5.53e+08 0.0282091 -53.3769 234.785 
5.54e+08 0.0621865 -47.9489 235.208 
5.55e+08 0.0462106 -62.57 235.632 
5.56e+08 0.0449061 -59.8842 236.055 
5.57e+08 0.0166707 -78.8581 236.478 
5.58e+08 0.050767 -54.2632 236.902 
5.59e+08 0.0173715 -41.8042 237.327 
5.6e+08 0.0382394 -41.7847 237.754 
5.61e+08 0.0393148 -27.6187 238.181 
5.62e+08 0.0609287 -15.5069 238.607 
5.63e+08 0.05197 -61.4523 239.033 
5.64e+08 0.0425441 -54.592 239.459 
5.65e+08 0.0319238 -17.2936 239.885 
5.66e+08 0.0396594 -61.1807 240.312 
5.67e+08 0.0257616 -73.8382 240.74 
5.68e+08 0.0367589 -51.8607 241.166 
5.69e+08 0.038976 -60.9258 241.592 
5.7e+08 0.0192525 -35.5625 242.018 
5.71e+08 0.01869 -53.1074 242.446 
5.72e+08 0.0855535 -53.6966 242.871 
5.73e+08 0.0637413 -71.6088 243.297 
5.74e+08 0.0377911 -43.3779 243.724 
5.75e+08 0.0563219 -29.1833 244.149 
5.76e+08 0.0734098 -77.4577 244.574 
5.77e+08 0.0593382 -34.4146 245.001 
5.78e+08 0.0584155 -59.4397 245.428 
5.79e+08 0.0686501 -84.1488 245.855 
5.8e+08 0.0257539 -53.2625 246.279 
5.81e+08 0.028131 -45.1402 246.703 
5.82e+08 0.0518973 -29.3307 247.127 
5.83e+08 0.0260773 -25.6504 247.55 
5.84e+08 0.0499625 -16.6014 247.974 
5.85e+08 0.0473466 -84.4339 248.398 
5.86e+08 0.0245568 -37.2119 248.821 
5.87e+08 0.0433634 -58.4268 249.246 
5.88e+08 0.0635945 -39.2547 249.672 
5.89e+08 0.0233873 -15.0996 250.099 
5.9e+08 0.0657366 -79.7074 250.525 
5.91e+08 0.0382188 -40.1865 250.952 
5.92e+08 0.0457356 -52.4469 251.377 
5.93e+08 0.0170269 -28.2516 251.801 
5.94e+08 0.0361434 -43.5277 252.226 
5.95e+08 0.0207419 -37.5913 252.653 
5.96e+08 0.0431783 -53.0114 253.08 
5.97e+08 0.0490527 -58.0337 253.506 
5.98e+08 0.0416588 -40.0859 253.933 
5.99e+08 0.0281696 -34.889 254.36 
6e+08 0.0451499 -34.9915 254.786 
6.01e+08 0.0193571 -44.3424 255.211 
6.02e+08 0.0566986 -28.843 255.634 
6.03e+08 0.0513286 -90.6108 256.057 
6.04e+08 0.0393048 -57.1819 256.482 
6.05e+08 0.0523275 -48.0741 256.908 
6.06e+08 0.0306509 -55.7651 257.331 
6.07e+08 0.056813 -54.3171 257.754 
6.08e+08 0.0496762 -86.1858 258.177 
6.09e+08 0.0376529 -14.9091 258.601 
6.1e+08 0.0334002 -82.9364 259.024 
6.11e+08 0.0279028 -55.3376 259.449 
6.12e+08 0.0330503 -32.8444 259.871 
6.13e+08 0.0531727 5.86181 260.294 
6.14e+08 0.0176118 -2.41578 260.717 
6.15e+08 0.0428371 -13.7003 261.139 
6.16e+08 0.0630264 -27.8944 261.562 
6.17e+08 0.0851712 -53.5939 261.984 
6.18e+08 0.0490171 -46.1134 262.407 
6.19e+08 0.0429108 -55.061 262.83 
6.2e+08 0.0571468 -2.07757 263.253 
6.21e+08 0.0250011 -58.7818 263.675 
6.22e+08 0.0585873 -64.2017 264.1 
6.23e+08 0.0619633 -67.4716 264.526 
6.24e+08 0.0493195 -27.5949 264.949 
6.25e+08 0.0295968 -76.2925 265.375 
6.26e+08 0.0556216 -71.037 265.799 
6.27e+08 0.0629212 -66.3073 266.226 
6.28e+08 0.0595436 -60.679 266.653 
6.29e+08 0.0693892 -40.4403 267.077 
6.3e+08 0.0987017 -54.2337 267.499 
6.31e+08 0.0467168 -76.4164 267.922 
6.32e+08 0.0568377 -99.2005 268.346 
6.33e+08 0.0480627 -35.6198 268.768 
6.34e+08 0.035144 -34.2183 269.191 
6.35e+08 0.0403326 -47.2469 269.614 
6.36e+08 0.0761032 -66.8749 270.037 
6.37e+08 0.0262101 -41.9214 270.46 
6.38e+08 0.0418826 -62.4096 270.882 
6.39e+08 0.0447522 -75.6361 271.304 
6.4e+08 0.0406782 -79.7664 271.727 
6.41e+08 0.0592957 -49.2948 272.149 
6.42e+08 0.0247304 -67.3742 272.572 
6.43e+08 0.044006 -73.8551 272.994 
6.44e+08 0.0259247 18.2279 273.417 
6.45e+08 0.0816745 -45.522 273.84 
6.46e+08 0.0583363 -74.2346 274.262 
6.47e+08 0.0367873 -44.3677 274.686 
6.48e+08 0.089974 -65.0602 275.111 
6.49e+08 0.0497664 -28.4114 275.537 
6.5e+08 0.035479 -66.6297 275.964 
6.51e+08 0.0635922 -88.1396 276.391 
6.52e+08 0.0135383 -53.1618 276.816 
6.53e+08 0.04649 -16.3466 277.239 
6.54e+08 0.069185 -52.6162 277.662 
6.55e+08 0.0276424 -32.5248 278.086 
6.56e+08 0.0629601 -37.4342 278.51 
6.57e+08 0.0490452 -72.9974 278.933 
6.58e+08 0.0540996 -52.0389 279.357 
6.59e+08 0.0506632 -25.9333 279.78 
6.6e+08 0.0391674 -63.9612 280.202 
6.61e+08 0.0710939 -72.5179 280.625 
6.62e+08 0.0502221 -59.5575 281.047 
6.63e+08 0.0615299 -44.9985 281.47 
6.64e+08 0.0496429 -60.4792 281.893 
6.65e+08 0.0682599 -38.3863 282.315 
6.66e+08 0.0581125 -19.315 282.738 
6.67e+08 0.00165368 -35.4009 283.162 
6.68e+08 0.0391633 -39.2752 283.588 
6.69e+08 0.0671317 -52.7456 284.015 
6.7e+08 0.0354491 -64.8381 284.441 
6.71e+08 0.0592953 -58.2911 284.867 
6.72e+08 0.0372629 -45.7654 285.289 
6.73e+08 0.0173503 -57.4002 285.712 
6.74e+08 0.0544415 -63.3907 286.137 
6.75e+08 0.0623435 -43.7318 286.562 
6.76e+08 0.0300757 -28.7283 286.986 
6.77e+08 0.0287609 -44.0834 287.41 
6.78e+08 0.0340172 -34.4278 287.834 
6.79e+08 0.0301041 -26.4382 288.258 
6.8e+08 0.0440087 -23.4073 288.682 
6.81e+08 0.0595412 -96.2097 289.105 
6.82e+08 0.0613912 -74.3935 289.527 
6.83e+08 0.045081 -21.5486 289.95 
6.84e+08 0.0891979 -71.5564 290.376 
6.85e+08 0.0803465 -54.2906 290.802 
6.86e+08 0.0397598 -14.5697 291.229 
6.87e+08 0.0572273 -43.3971 291.655 
6.88e+08 0.0248248 -8.33425 292.081 
6.89e+08 0.053957 -124.465 292.509 
6.9e+08 0.0440085 -38.8061 292.936 
6.91e+08 0.0477043 -48.7452 293.358 
6.92e+08 0.0251808 -36.8504 293.783 
6.93e+08 0.0591054 -50.3977 294.209 
6.94e+08 0.0873619 -50.7258 294.636 
6.95e+08 0.0199334 -68.2329 295.061 
6.96e+08 0.0633993 -57.7425 295.485 
6.97e+08 0.0704245 -60.7705 295.909 
6.98e+08 0.0450392 -50.8929 296.333 
6.99e+08 0.0325792 -72.1415 296.756 
7e+08 0.0167441 -28.1413 297.18 
7.01e+08 0.038827 -9.30035 297.604 
7.02e+08 0.0295305 -47.9418 298.029 
7.03e+08 0.0695102 -49.1403 298.454 
7.04e+08 0.0412284 -59.6187 298.876 
7.05e+08 0.0375911 -53.8307 299.299 
7.06e+08 0.0318631 -49.4818 299.722 
7.07e+08 0.0591922 -84.1347 300.146 
7.08e+08 0.0330168 -25.893 300.573 
7.09e+08 0.0822896 -18.2465 300.997 
7.1e+08 0.0731052 -47.6334 301.422 
7.11e+08 0.0128211 -47.1891 301.849 
7.12e+08 0.0650412 -34.632 302.277 
7.13e+08 0.0328913 -56.5557 302.7 
7.14e+08 0.0845503 -64.2001 303.123 
7.15e+08 0.0298837 -14.9073 303.547 
7.16e+08 0.0511703 -67.4572 303.971 
7.17e+08 0.0255178 -30.3616 304.394 
7.18e+08 0.0222658 -55.0393 304.818 
7.19e+08 0.050486 -29.0116 305.242 
7.2e+08 0.0502945 -37.922 305.667 
7.21e+08 0.0365748 -23.509 306.094 
7.22e+08 0.0788309 -19.0952 306.52 
7.23e+08 0.0326579 -65.1822 306.944 
7.24e+08 0.03925 -69.2478 307.369 
7.25e+08 0.0441348 -32.3302 307.793 
7.26e+08 0.0222675 -71.178 308.219 
7.27e+08 0.063027 -63.0741 308.645 
7.28e+08 0.0426653 -46.4072 309.073 
7.29e+08 0.0509921 -59.8685 309.499 
7.3e+08 0.0641833 -18.2694 309.925 
7.31e+08 0.0441905 -67.9537 310.352 
7.32e+08 0.0750547 -49.0319 310.779 
7.33e+08 0.0716361 -54.9307 311.208 
7.34e+08 0.0411152 -61.539 311.634 
7.35e+08 0.0415514 2.40875 312.058 
7.36e+08 0.0565517 -12.4391 312.485 
7.37e+08 0.0501486 -64.9365 312.911 
7.38e+08 0.0655868 -44.9757 313.338 
7.39e+08 0.048717 -85.0439 313.764 
7.4e+08 0.060524 -75.3953 314.191 
7.41e+08 0.0260785 -61.9823 314.614 
7.42e+08 0.0862387 -34.6295 315.037 
7.43e+08 0.0766831 -80.9229 315.46 
7.44e+08 0.0663322 -9.44313 315.883 
7.45e+08 0.0389382 -38.1029 316.307 
7.46e+08 0.0391301 -70.6727 316.731 
7.47e+08 0.0252718 -79.2484 317.155 
7.48e+08 0.0371075 14.0555 317.577 
7.49e+08 0.0563076 -79.0511 318 
7.5e+08 0.0700246 -54.869 318.423 
7.51e+08 0.0385384 -46.3381 318.845 
7.52e+08 0.0729069 -69.1144 319.268 
7.53e+08 0.0445684 -55.0475 319.691 
7.54e+08 0.0649592 -25.4309 320.113 
7.55e+08 0.0500347 -59.272 320.537 
7.56e+08 0.0807289 -94.4896 320.96 
7.57e+08 0.0446909 -8.64531 321.384 
7.58e+08 0.0217861 -56.4901 321.806 
7.59e+08 0.0691901 -47.9383 322.229 
7.6e+08 0.0401264 1.02743 322.653 
7.61e+08 0.0555128 -68.9969 323.076 
7.62e+08 0.00983292 -37.5039 323.503 
7.63e+08 0.0973382 -63.9822 323.93 
7.64e+08 0.036215 -16.565 324.357 
7.65e+08 0.0121097 -56.9227 324.783 
7.66e+08 0.0192662 -35.7864 325.208 
7.67e+08 0.00743713 -30.1919 325.634 
7.68e+08 0.0180507 -32.534 326.06 
7.69e+08 0.061101 -49.0321 326.488 
7.7e+08 0.037269 12.4222 326.915 
7.71e+08 0.067447 -43.0021 327.342 
7.72e+08 0.0382131 -28.9278 327.768 
7.73e+08 0.0662083 -71.3483 328.192 
7.74e+08 0.0369999 -68.2058 328.619 
7.75e+08 0.0350384 -67.5604 329.042 
7.76e+08 0.0188259 -24.8471 329.465 
7.77e+08 0.045875 -65.9568 329.887 
7.78e+08 0.0523699 -68.5184 330.311 
7.79e+08 0.0540054 -59.9157 330.735 
7.8e+08 0.015946 -60.7018 331.159 
7.81e+08 0.0550143 -40.7129 331.583 
7.82e+08 0.0526519 -55.8122 332.007 
7.83e+08 0.0761839 -57.4627 332.432 
7.84e+08 0.0563746 -34.9543 332.855 
7.85e+08 0.0623919 -69.8253 333.278 
7.86e+08 0.0325014 -45.6458 333.701 
7.87e+08 0.0626372 -63.7726 334.123 
7.88e+08 0.0523705 -81.1403 334.546 
7.89e+08 0.061169 -47.9595 334.969 
7.9e+08 0.0564728 -29.5952 335.392 
7.91e+08 0.0672348 -82.9699 335.814 
7.92e+08 0.0100869 -67.0427 336.238 
7.93e+08 0.0409114 -87.9106 336.662 
7.94e+08 0.038908 -92.729 337.086 
7.95e+08 0.0126772 -50.1578 337.511 
7.96e+08 0.0466458 -50.6043 337.935 
7.97e+08 0.0519497 -70.6727 338.358 
7.98e+08 0.037471 -27.8124 338.783 
7.99e+08 0.0535641 -63.7956 339.208 
8e+08 0.0525142 -75.0332 339.633 
8.01e+08 0.0481058 -85.0993 340.057 
8.02e+08 0.022169 -28.2401 340.482 
8.03e+08 0.0435176 -23.9181 340.906 
8.04e+08 0.0348352 -95.0643 341.33 
8.05e+08 0.0422135 -58.9984 341.755 
8.06e+08 0.0461355 -64.2661 342.18 
8.07e+08 0.0466125 -42.445 342.607 
8.08e+08 0.0254497 -73.6096 343.034 
8.09e+08 0.0541103 -1.66812 343.461 
8.1e+08 0.0230345 -10.3209 343.885 
8.11e+08 0.0442983 -16.9147 344.311 
8.12e+08 0.0348423 -35.4256 344.736 
8.13e+08 0.060281 -43.2515 345.158 
8.14e+08 0.0232237 -14.1956 345.581 
8.15e+08 0.0409199 -81.5882 346.005 
8.16e+08 0.0316953 -62.8022 346.43 
8.17e+08 0.0492792 -28.1427 346.854 
8.18e+08 0.0453889 -36.6839 347.277 
8.19e+08 0.0351274 -16.6927 347.701 
8.2e+08 0.0237443 -85.7751 348.124 
8.21e+08 0.061816 -51.3202 348.548 
8.22e+08 0.0586318 -110.473 348.974 
8.23e+08 0.0590507 -49.7507 349.398 
8.24e+08 0.0517275 -71.2661 349.821 
8.25e+08 0.0575538 -44.0859 350.243 
8.26e+08 0.0155636 -31.1712 350.666 
8.27e+08 0.0499681 -67.0009 351.088 
8.28e+08 0.0395461 -27.5364 351.511 
8.29e+08 0.0830458 -56.5814 351.933 
8.3e+08 0.0371261 -54.2708 352.357 
8.31e+08 0.0743067 -76.0176 352.78 
8.32e+08 0.0540422 -57.1852 353.203 
8.33e+08 0.0428285 -39.7329 353.627 
8.34e+08 0.0654073 -30.3526 354.05 
8.35e+08 0.0730258 -40.5353 354.474 
8.36e+08 0.0721486 -74.0717 354.898 
8.37e+08 0.0568872 -26.9301 355.322 
8.38e+08 0.036461 -55.8125 355.744 
8.39e+08 0.061258 -71.344 356.167 
8.4e+08 0.101203 -58.3072 356.59 
8.41e+08 0.0534467 -15.7294 357.012 
8.42e+08 0.0391294 -39.3935 357.435 
8.43e+08 0.0507518 -44.4275 357.86 
8.44e+08 0.0485441 -44.8171 358.286 
8.45e+08 0.0215476 -37.0614 358.713 
8.46e+08 0.0181539 -59.9653 359.14 
8.47e+08 0.0444889 -61.8626 359.566 
8.48e+08 0.0678776 -59.3897 359.989 
8.49e+08 0.0691457 -94.1469 360.413 
8.5e+08 0.0176783 -40.4733 360.837 
8.51e+08 0.0887894 -70.9209 361.26 
8.52e+08 0.0361958 -64.7607 361.684 
8.53e+08 0.026031 -74.8494 362.108 
8.54e+08 0.0887856 -71.2094 362.532 
8.55e+08 0.0161125 -60.0052 362.959 
8.56e+08 0.02445 -34.3574 363.385 
8.57e+08 0.0518288 -86.6156 363.812 
8.58e+08 0.0571291 -51.7838 364.239 
8.59e+08 0.0261361 -43.2823 364.665 
8.6e+08 0.0508921 -34.4764 365.092 
8.61e+08 0.0340995 -56.4586 365.519 
8.62e+08 0.0222677 -53.6007 365.946 
8.63e+08 0.0382403 -48.4692 366.373 
8.64e+08 0.0531685 -54.5007 366.8 
8.65e+08 0.039121 -35.0945 367.227 
8.66e+08 0.0608699 -30.9157 367.653 
8.67e+08 0.0405063 -45.9673 368.079 
8.68e+08 0.0608908 -47.6599 368.502 
8.69e+08 0.049809 -66.905 368.925 
8.7e+08 0.0380852 -56.3536 369.35 
8.71e+08 0.020506 -88.0087 369.774 
8.72e+08 0.0447911 -79.689 370.198 
8.73e+08 0.0434548 -78.8391 370.621 
8.74e+08 0.0623974 -60.173 371.046 
8.75e+08 0.0300664 -85.4272 371.469 
8.76e+08 0.0108887 -39.4588 371.892 
8.77e+08 0.0643761 -55.9594 372.315 
8.78e+08 0.0507519 -73.4744 372.738 
8.79e+08 0.0450083 -30.048 373.16 
8.8e+08 0.0509517 -87.7833 373.583 
8.81e+08 0.01867 -79.5964 374.006 
8.82e+08 0.0664767 -67.1754 374.428 
8.83e+08 0.095447 -33.9045 374.855 
8.84e+08 0.0183855 -34.7094 375.283 
8.85e+08 0.0746343 -79.3504 375.709 
8.86e+08 0.0371727 -22.3852 376.136 
8.87e+08 0.0191263 -70.8623 376.563 
8.88e+08 0.046216 -56.4371 376.989 
8.89e+08 0.0486196 -6.63433 377.417 
8.9e+08 0.0474147 -46.6504 377.844 
8.91e+08 0.071179 -51.5694 378.27 
8.92e+08 0.110105 -75.4846 378.693 
8.93e+08 0.0144597 -68.8537 379.117 
8.94e+08 0.0480751 -42.9784 379.54 
8.95e+08 0.0336434 -79.3991 379.964 
8.96e+08 0.0752254 -23.1737 380.388 
8.97e+08 0.0335176 -57.8269 380.811 
8.98e+08 0.0353802 -71.3023 381.236 
8.99e+08 0.0598548 -40.0009 381.661 
9e+08 0.0517281 -69.2754 382.083 
9.01e+08 0.0028719 -98.863 382.506 
9.02e+08 0.0236194 -26.6435 382.929 
9.03e+08 0.0707227 -56.132 383.354 
9.04e+08 0.0599384 -61.0978 383.781 
9.05e+08 0.0169141 -14.3273 384.203 
9.06e+08 0.0295622 -33.1822 384.626 
9.07e+08 0.0688739 -55.3691 385.05 
9.08e+08 0.0303724 -34.2239 385.476 
9.09e+08 0.0749136 -63.1421 385.9 
9.1e+08 0.0615872 -64.5425 386.324 
9.11e+08 0.0506834 -26.7011 386.749 
9.12e+08 0.0857099 -22.5339 387.173 
9.13e+08 0.0846 -58.2078 387.598 
9.14e+08 0.038469 -39.1516 388.023 
9.15e+08 0.0402755 -22.7445 388.446 
9.16e+08 0.0357178 -69.3547 388.868 
9.17e+08 0.0349718 -65.9495 389.291 
9.18e+08 0.0782764 -91.705 389.714 
9.19e+08 0.0417381 -64.4578 390.14 
9.2e+08 0.0324865 -56.1034 390.567 
9.21e+08 0.0472766 -87.8968 390.995 
9.22e+08 0.0628824 -21.5027 391.422 
9.23e+08 0.0990469 -69.7242 391.849 
9.24e+08 0.064957 -66.8232 392.276 
9.25e+08 0.0441573 -60.5379 392.703 
9.26e+08 0.0400257 -54.493 393.127 
9.27e+08 0.0454561 -50.1066 393.55 
9.28e+08 0.0522378 -64.9046 393.975 
9.29e+08 0.0401619 -31.0144 394.4 
9.3e+08 0.0254424 -69.8383 394.824 
9.31e+08 0.062559 -30.1794 395.249 
9.32e+08 0.025593 -21.8584 395.674 
9.33e+08 0.0722555 -84.4117 396.098 
9.34e+08 0.0287337 -66.7868 396.522 
9.35e+08 0.0667064 -74.8064 396.948 
9.36e+08 0.0607343 -73.9551 397.372 
9.37e+08 0.0450689 -42.34 397.796 
9.38e+08 0.0659986 -68.4031 398.223 
9.39e+08 0.0783556 -68.6896 398.65 
9.4e+08 0.0629124 -92.2864 399.077 
9.41e+08 0.0673011 -61.2167 399.503 
9.42e+08 0.0365725 -33.4156 399.929 
9.43e+08 0.0303763 -47.3556 400.356 
9.44e+08 0.0647423 -57.9486 400.781 
9.45e+08 0.0479425 -60.164 401.206 
9.46e+08 0.0251612 -9.32007 401.631 
9.47e+08 0.0622839 -59.1497 402.056 
9.48e+08 0.0310851 -69.3227 402.483 
9.49e+08 0.035472 -68.4466 402.91 
9.5e+08 0.0614887 -42.7263 403.337 
9.51e+08 0.0677015 -55.7728 403.765 
9.52e+08 0.0225002 -39.3487 404.19 
9.53e+08 0.0287785 -45.9407 404.613 
9.54e+08 0.0232882 -18.4683 405.037 
9.55e+08 0.0258071 -44.6947 405.461 
9.56e+08 0.0188234 -73.0346 405.884 
9.57e+08 0.032035 -60.2144 406.308 
9.58e+08 0.0393023 -59.2558 406.732 
9.59e+08 0.0731999 -75.0671 407.158 
9.6e+08 0.0398072 -71.0927 407.581 
9.61e+08 0.0457907 -65.1584 408.003 
9.62e+08 0.0310522 -53.5815 408.429 
9.63e+08 0.021946 -49.0666 408.856 
9.64e+08 0.0265967 -28.583 409.284 
9.65e+08 0.0520555 -42.8475 409.711 
9.66e+08 0.083938 -38.7053 410.137 
9.67e+08 0.0572856 -43.5407 410.563 
9.68e+08 0.0468893 -36.597 410.988 
9.69e+08 0.0526305 -26.7193 411.415 
9.7e+08 0.0140987 -8.74958 411.841 
9.71e+08 0.0558024 -52.8775 412.264 
9.72e+08 0.0296268 -48.281 412.686 
9.73e+08 0.10049 -53.8354 413.11 
9.74e+08 0.0429862 -9.07332 413.535 
9.75e+08 0.0691469 -40.9074 413.96 
9.76e+08 0.0210387 -22.9444 414.384 
9.77e+08 0.0336895 -87.8718 414.808 
9.78e+08 0.0410161 -81.8474 415.232 
9.79e+08 0.0425165 -52.8316 415.657 
9.8e+08 0.0248544 -27.8033 416.082 
9.81e+08 0.0604486 -83.5185 416.505 
9.82e+08 0.0230498 -23.311 416.928 
9.83e+08 0.0705471 -50.4591 417.35 
9.84e+08 0.0216642 -88.1365 417.774 
9.85e+08 0.0508488 -26.4091 418.202 
9.86e+08 0.0266464 -62.3357 418.625 
9.87e+08 0.073516 -67.2047 419.048 
9.88e+08 0.00850299 -63.7882 419.473 
9.89e+08 0.0539984 -12.4563 419.9 
9.9e+08 0.0732512 -41.5191 420.327 
9.91e+08 0.0687148 -42.3836 420.751 
9.92e+08 0.0343235 -60.8351 421.174 
9.93e+08 0.0372513 -68.2423 421.598 
9.94e+08 0.0347258 -52.1443 422.022 
9.95e+08 0.085957 -47.4074 422.446 
9.96e+08 0.0243507 -18.7163 422.87 
9.97e+08 0.0961681 -23.8355 423.295 
9.98e+08 0.0225027 -85.699 423.721 
9.99e+08 0.0658438 -37.4976 424.148 
1e+09 0.0517177 -41.0548 424.574 
