0 0.00892575 0.157089 0 
1e+06 0.0289614 -46.2052 0.422333 
2e+06 0.0543083 -53.1614 0.84451 
3e+06 0.0413844 -17.7258 1.26676 
4e+06 0.10481 -49.2648 1.68895 
5e+06 0.0424084 -40.355 2.11111 
6e+06 0.0364165 -42.2178 2.53334 
7e+06 0.0201638 -34.068 2.95554 
8e+06 0.018952 -50.9435 3.37777 
9e+06 0.0718904 -86.9511 3.80104 
1e+07 0.0282728 -95.1794 4.22436 
1.1e+07 0.0688469 -73.1823 4.64752 
1.2e+07 0.0446154 -34.4982 5.07083 
1.3e+07 0.082034 -83.6532 5.49424 
1.4e+07 0.0456983 -59.8816 5.91714 
1.5e+07 0.0883474 -80.9271 6.33947 
1.6e+07 0.0478573 -64.0932 6.76181 
1.7e+07 0.0650165 -44.3985 7.18413 
1.8e+07 0.0585888 -72.1002 7.60627 
1.9e+07 0.0535649 -85.7345 8.02891 
2e+07 0.0312752 -92.5341 8.45104 
2.1e+07 0.0359838 -68.5632 8.8734 
2.2e+07 0.0431103 -61.1743 9.29564 
2.3e+07 0.0231599 -46.1666 9.71782 
2.4e+07 0.0217063 -71.2085 10.1401 
2.5e+07 0.0326014 -69.7839 10.5623 
2.6e+07 0.0167176 -40.2143 10.9848 
2.7e+07 0.081223 -72.3572 11.4072 
2.8e+07 0.061323 -48.3644 11.8293 
2.9e+07 0.0711039 -73.3214 12.2524 
3e+07 0.0554494 -17.7734 12.6746 
3.1e+07 0.0243674 -38.8197 13.0968 
3.2e+07 0.0503477 -47.6404 13.519 
3.3e+07 0.00785805 1.34356 13.9415 
3.4e+07 0.0272395 -95.2572 14.3641 
3.5e+07 0.0423875 -52.2396 14.7866 
3.6e+07 0.0311904 -23.2803 15.2102 
3.7e+07 0.0674453 -41.2102 15.6338 
3.8e+07 0.0427324 -24.6223 16.0575 
3.9e+07 0.0760338 -68.7223 16.481 
4e+07 0.0246951 -40.4638 16.9044 
4.1e+07 0.0501164 -70.307 17.3279 
4.2e+07 0.0816936 -68.515 17.7504 
4.3e+07 0.0387613 -43.8903 18.1732 
4.4e+07 0.0396294 -25.593 18.5958 
4.5e+07 0.0498727 -86.5455 19.0185 
4.6e+07 0.0636641 -29.4364 19.4411 
4.7e+07 0.0752247 -65.9622 19.8636 
4.8e+07 0.028235 -27.8916 20.2865 
4.9e+07 0.045376 -51.6697 20.709 
5e+07 0.0420721 -70.1525 21.1317 
5.1e+07 0.0621525 -91.6075 21.5542 
5.2e+07 0.0426071 -57.0564 21.9769 
5.3e+07 0.0219222 -42.4713 22.3995 
5.4e+07 0.0485559 -49.2532 22.8222 
5.5e+07 0.037324 -46.2478 23.2449 
5.6e+07 0.0853684 -64.7958 23.6674 
5.7e+07 0.0129472 -67.7797 24.0908 
5.8e+07 0.0267616 -49.8788 24.5144 
5.9e+07 0.0714392 -16.6939 24.9379 
6e+07 0.0411472 -47.0646 25.3616 
6.1e+07 0.0343552 -24.7921 25.785 
6.2e+07 0.0527819 -55.3671 26.2087 
6.3e+07 0.0152677 -48.2374 26.6323 
6.4e+07 0.0534904 -59.0196 27.0559 
6.5e+07 0.0139332 -54.6982 27.4791 
6.6e+07 0.013295 -27.7462 27.9024 
6.7e+07 0.0836644 -76.762 28.3255 
6.8e+07 0.0687774 -9.59572 28.7489 
6.9e+07 0.0255336 -14.3529 29.1723 
7e+07 0.0494566 -29.557 29.5954 
7.1e+07 0.0108956 -55.7662 30.0184 
7.2e+07 0.0695275 -45.4115 30.4416 
7.3e+07 0.0144365 -63.9411 30.8649 
7.4e+07 0.0289274 -95.7512 31.2882 
7.5e+07 0.0297593 -66.7885 31.7114 
7.6e+07 0.0561596 -69.3558 32.1346 
7.7e+07 0.0393861 -49.2771 32.5578 
7.8e+07 0.0272981 -62.2718 32.9812 
7.9e+07 0.0616897 -35.8704 33.4044 
8e+07 0.0361181 -59.1226 33.8278 
8.1e+07 0.0399642 -57.2312 34.2508 
8.2e+07 0.0139713 -40.6745 34.674 
8.3e+07 0.0268188 -73.8046 35.0974 
8.4e+07 0.0281869 -70.6117 35.5209 
8.5e+07 0.0609829 -88.4131 35.9437 
8.6e+07 0.0532523 -54.8219 36.366 
8.7e+07 0.0319954 -55.3174 36.7883 
8.8e+07 0.027277 -84.1742 37.2105 
8.9e+07 0.0470572 -28.3495 37.6326 
9e+07 0.0412009 -64.0318 38.0549 
9.1e+07 0.0251681 -30.8111 38.477 
9.2e+07 0.0347972 -30.3008 38.8992 
9.3e+07 0.041267 -41.9186 39.3214 
9.4e+07 0.0374723 -66.2842 39.744 
9.5e+07 0.0279229 -61.8716 40.1666 
9.6e+07 0.0704717 -29.0717 40.5889 
9.7e+07 0.0447931 -72.9233 41.0111 
9.8e+07 0.0339112 -85.5242 41.4335 
9.9e+07 0.037346 -52.4125 41.8557 
1e+08 0.0276197 -80.5891 42.2781 
1.01e+08 0.0386317 -51.6147 42.7005 
1.02e+08 0.0388962 -38.268 43.1229 
1.03e+08 0.0518659 -25.4375 43.5452 
1.04e+08 0.0523401 -59.8045 43.9676 
1.05e+08 0.0478363 -71.5107 44.3898 
1.06e+08 0.0193783 -47.9375 44.812 
1.07e+08 0.0308333 -42.8579 45.235 
1.08e+08 0.0460453 -65.6617 45.6575 
1.09e+08 0.0254115 -33.4238 46.0798 
1.1e+08 0.0746755 -58.4356 46.502 
1.11e+08 0.0367193 -68.3884 46.9243 
1.12e+08 0.0189748 -53.6245 47.3465 
1.13e+08 0.0258621 -45.7756 47.7687 
1.14e+08 0.0563853 -71.7313 48.1913 
1.15e+08 0.0429538 -36.9984 48.6139 
1.16e+08 0.0724993 -72.6018 49.0372 
1.17e+08 0.0149723 -40.4678 49.4604 
1.18e+08 0.0188644 -59.1605 49.8835 
1.19e+08 0.0569159 -35.0273 50.3071 
1.2e+08 0.0519784 -69.3077 50.7303 
1.21e+08 0.042114 -60.5612 51.1537 
1.22e+08 0.0640073 -41.2822 51.5769 
1.23e+08 0.0283777 -75.7026 51.9999 
1.24e+08 0.0355576 -56.4456 52.423 
1.25e+08 0.0370791 -46.0666 52.8459 
1.26e+08 0.0672406 -81.0225 53.2692 
1.27e+08 0.0892614 -48.0622 53.6924 
1.28e+08 0.0401835 -50.9595 54.1156 
1.29e+08 0.05185 -34.4242 54.5386 
1.3e+08 0.0279761 -51.9796 54.9619 
1.31e+08 0.0374019 -18.7017 55.3853 
1.32e+08 0.0805297 -56.2315 55.8084 
1.33e+08 0.0190626 -62.0538 56.2316 
1.34e+08 0.0268703 -66.675 56.6548 
1.35e+08 0.0441553 -83.6501 57.0777 
1.36e+08 0.0186721 -75.9061 57.5009 
1.37e+08 0.0181949 -33.4143 57.9238 
1.38e+08 0.0538104 -63.8854 58.3468 
1.39e+08 0.0911662 -73.8177 58.7691 
1.4e+08 0.0478815 -39.3745 59.1914 
1.41e+08 0.0480019 -106.213 59.6137 
1.42e+08 0.0491494 -35.8099 60.036 
1.43e+08 0.0325688 -59.0591 60.4581 
1.44e+08 0.0501709 2.25028 60.8803 
1.45e+08 0.0488645 -47.5168 61.3025 
1.46e+08 0.0358759 -44.8853 61.7249 
1.47e+08 0.0800871 -68.2635 62.1473 
1.48e+08 0.0658297 -34.6483 62.5694 
1.49e+08 0.0375536 -50.9295 62.9916 
1.5e+08 0.0606201 -84.3577 63.4138 
1.51e+08 0.0185562 -50.2395 63.836 
1.52e+08 0.0376454 -39.8162 64.2583 
1.53e+08 0.0693964 -60.96 64.6805 
1.54e+08 0.0432359 -13.5588 65.1028 
1.55e+08 0.0398336 -85.2538 65.5251 
1.56e+08 0.0282659 -71.8242 65.9473 
1.57e+08 0.0706154 -80.1668 66.3697 
1.58e+08 0.0242709 -38.3434 66.7919 
1.59e+08 0.0688111 -56.6774 67.2142 
1.6e+08 0.0578932 -46.2428 67.6364 
1.61e+08 0.0382317 -36.3521 68.0587 
1.62e+08 0.0846184 -35.8532 68.481 
1.63e+08 0.0605021 -57.3806 68.9032 
1.64e+08 0.0483612 -15.8254 69.3254 
1.65e+08 0.0608961 -0.479057 69.7478 
1.66e+08 0.0447466 -79.5501 70.1701 
1.67e+08 0.0449074 -66.5468 70.5923 
1.68e+08 0.047099 -76.6114 71.0146 
1.69e+08 0.0355923 -41.8727 71.4368 
1.7e+08 0.0194053 -58.6321 71.8592 
1.71e+08 0.0552915 -53.1299 72.2823 
1.72e+08 0.0489504 -28.7756 72.7045 
1.73e+08 0.0466556 -27.1593 73.1268 
1.74e+08 0.0502573 -38.779 73.549 
1.75e+08 0.051146 -33.8554 73.9713 
1.76e+08 0.0361612 -60.305 74.3935 
1.77e+08 0.0237354 -33.1061 74.8157 
1.78e+08 0.027534 -72.8666 75.2388 
1.79e+08 0.0459766 -36.8479 75.6618 
1.8e+08 0.0642046 -41.9268 76.0849 
1.81e+08 0.0821095 -56.3596 76.5079 
1.82e+08 0.0203369 -25.033 76.931 
1.83e+08 0.0205688 -39.936 77.3543 
1.84e+08 0.037246 -58.731 77.7775 
1.85e+08 0.0673639 -58.1172 78.2013 
1.86e+08 0.0412864 -27.7379 78.6244 
1.87e+08 0.0386502 -23.5534 79.0476 
1.88e+08 0.031632 -20.1209 79.4707 
1.89e+08 0.0589444 -73.4341 79.8938 
1.9e+08 0.0334431 -61.7613 80.3174 
1.91e+08 0.0325205 -37.3724 80.7404 
1.92e+08 0.0724598 -55.3684 81.1637 
1.93e+08 0.0299511 -83.6163 81.5869 
1.94e+08 0.0343069 -60.7866 82.0098 
1.95e+08 0.0527632 -32.963 82.4325 
1.96e+08 0.0830061 -20.0535 82.8549 
1.97e+08 0.0303392 -7.61321 83.2774 
1.98e+08 0.0691483 -74.684 83.6996 
1.99e+08 0.00885962 -93.8703 84.1219 
2e+08 0.0500432 -64.2377 84.544 
2.01e+08 0.0485225 -39.7172 84.9662 
2.02e+08 0.0612158 -34.0287 85.3885 
2.03e+08 0.0357838 -53.5579 85.8106 
2.04e+08 0.0538693 -62.8209 86.2328 
2.05e+08 0.0211761 -22.9313 86.655 
2.06e+08 0.0881331 -60.3102 87.0772 
2.07e+08 0.0806076 -70.2651 87.4994 
2.08e+08 0.0346217 -57.6754 87.9219 
2.09e+08 0.0608681 -64.0316 88.3441 
2.1e+08 0.0413669 -39.9171 88.7663 
2.11e+08 0.0664937 -37.4928 89.1886 
2.12e+08 0.0341424 -72.7102 89.6108 
2.13e+08 0.05419 -22.4611 90.033 
2.14e+08 0.0600262 -88.7447 90.4552 
2.15e+08 0.0348548 -40.0599 90.8774 
2.16e+08 0.035819 -60.6723 91.2998 
2.17e+08 0.060503 0.42784 91.722 
2.18e+08 0.0669756 -43.0806 92.1443 
2.19e+08 0.0717691 -55.0645 92.5665 
2.2e+08 0.0484457 -56.3545 92.989 
2.21e+08 0.0610014 -113.522 93.4116 
2.22e+08 0.0560316 -48.4069 93.8344 
2.23e+08 0.0643095 -70.8861 94.2575 
2.24e+08 0.0461482 -70.1596 94.6808 
2.25e+08 0.0650468 -88.532 95.1041 
2.26e+08 0.0807847 -74.9912 95.5275 
2.27e+08 0.0821802 -104.805 95.9505 
2.28e+08 0.0293949 -38.7976 96.3736 
2.29e+08 0.0603609 -51.8073 96.7969 
2.3e+08 0.0834473 -127.081 97.22 
2.31e+08 0.015995 -42.9875 97.6431 
2.32e+08 0.0408036 -48.1368 98.0663 
2.33e+08 0.0693704 -61.2459 98.4895 
2.34e+08 0.0487383 -82.1393 98.9127 
2.35e+08 0.0528887 -75.4979 99.3358 
2.36e+08 0.0738701 -103.914 99.759 
2.37e+08 0.0658226 -66.2823 100.182 
2.38e+08 0.0453595 -86.0814 100.605 
2.39e+08 0.00936296 -69.5275 101.028 
2.4e+08 0.0255254 -63.8639 101.45 
2.41e+08 0.0315189 -44.7605 101.873 
2.42e+08 0.0284615 -50.0673 102.295 
2.43e+08 0.0413818 -52.2039 102.717 
2.44e+08 0.0683251 -29.645 103.14 
2.45e+08 0.080309 -49.0674 103.562 
2.46e+08 0.0517197 -58.7754 103.985 
2.47e+08 0.0748402 -53.5287 104.407 
2.48e+08 0.0837741 -54.0908 104.829 
2.49e+08 0.044468 -34.1277 105.252 
2.5e+08 0.0492625 2.40622 105.675 
2.51e+08 0.0371219 -17.5651 106.099 
2.52e+08 0.0357111 -77.481 106.522 
2.53e+08 0.0901966 -79.6599 106.945 
2.54e+08 0.0505749 -44.717 107.368 
2.55e+08 0.0216645 -36.9657 107.791 
2.56e+08 0.0512022 -31.2313 108.215 
2.57e+08 0.0205495 -33.1505 108.638 
2.58e+08 0.0334331 -71.9776 109.061 
2.59e+08 0.0525901 -78.7289 109.484 
2.6e+08 0.0447719 -23.949 109.907 
2.61e+08 0.0740207 -41.3236 110.331 
2.62e+08 0.0456735 -58.0105 110.754 
2.63e+08 0.0381798 -21.4779 111.177 
2.64e+08 0.0764448 -70.0041 111.601 
2.65e+08 0.0306165 -47.2391 112.024 
2.66e+08 0.0716076 -36.5711 112.446 
2.67e+08 0.0600728 -62.2121 112.868 
2.68e+08 0.0312741 -34.6843 113.291 
2.69e+08 0.0386521 -62.8234 113.713 
2.7e+08 0.0141655 -84.5391 114.135 
2.71e+08 0.0523332 -33.9041 114.557 
2.72e+08 0.047545 -84.7625 114.979 
2.73e+08 0.0730904 -51.7922 115.402 
2.74e+08 0.0450106 -64.6949 115.824 
2.75e+08 0.0268713 -45.6806 116.246 
2.76e+08 0.0340709 -13.7545 116.668 
2.77e+08 0.0525349 9.33708 117.09 
2.78e+08 0.0390518 -50.5399 117.513 
2.79e+08 0.0827919 -29.2049 117.935 
2.8e+08 0.00825416 8.26613 118.357 
2.81e+08 0.0509003 -39.1527 118.779 
2.82e+08 0.0498846 -114.647 119.202 
2.83e+08 0.0425185 -24.0009 119.624 
2.84e+08 0.0377656 -92.8884 120.046 
2.85e+08 0.0366198 -61.28 120.468 
2.86e+08 0.0739091 -9.03029 120.891 
2.87e+08 0.0374342 -82.0464 121.313 
2.88e+08 0.0568822 -77.7796 121.735 
2.89e+08 0.00784787 -77.4479 122.158 
2.9e+08 0.0676959 -79.359 122.58 
2.91e+08 0.0486773 -50.744 123.002 
2.92e+08 0.0234446 -56.0679 123.425 
2.93e+08 0.0478808 -55.4654 123.847 
2.94e+08 0.0357297 -78.9327 124.269 
2.95e+08 0.059658 -86.2928 124.692 
2.96e+08 0.0407724 -64.4766 125.114 
2.97e+08 0.0463091 -50.6884 125.536 
2.98e+08 0.0211576 -62.1954 125.958 
2.99e+08 0.0169667 -55.0888 126.38 
3e+08 0.0595156 -43.9524 126.802 
3.01e+08 0.0306401 -67.9683 127.224 
3.02e+08 0.0313415 -60.3974 127.647 
3.03e+08 0.0300101 -70.3453 128.069 
3.04e+08 0.0420878 -51.0926 128.491 
3.05e+08 0.0385089 -35.9448 128.913 
3.06e+08 0.0693662 -47.0707 129.335 
3.07e+08 0.0834266 -62.6369 129.757 
3.08e+08 0.069689 -51.9211 130.18 
3.09e+08 0.0827028 -80.3722 130.602 
3.1e+08 0.0458052 -77.3565 131.024 
3.11e+08 0.0698002 -43.8755 131.446 
3.12e+08 0.0366471 -48.7937 131.869 
3.13e+08 0.0590897 -31.9585 132.292 
3.14e+08 0.0463441 -34.9089 132.714 
3.15e+08 0.0436175 -74.9077 133.136 
3.16e+08 0.0394961 -2.42938 133.559 
3.17e+08 0.0115249 -54.2045 133.981 
3.18e+08 0.0548813 -22.3705 134.403 
3.19e+08 0.0339457 -60.4592 134.825 
3.2e+08 0.0243306 -61.2652 135.247 
3.21e+08 0.0453463 -37.8916 135.67 
3.22e+08 0.0261719 -75.8693 136.092 
3.23e+08 0.0794708 -45.1751 136.514 
3.24e+08 0.053298 -78.1997 136.936 
3.25e+08 0.0370023 -31.9546 137.359 
3.26e+08 0.0156428 -57.8928 137.781 
3.27e+08 0.0509825 -69.8853 138.204 
3.28e+08 0.046585 -47.4441 138.626 
3.29e+08 0.0370247 -82.0588 139.049 
3.3e+08 0.0293542 -45.4454 139.471 
3.31e+08 0.0359316 -89.365 139.893 
3.32e+08 0.0235019 -50.5473 140.316 
3.33e+08 0.0134936 -49.0945 140.738 
3.34e+08 0.0521103 -73.2997 141.16 
3.35e+08 0.0447649 -43.9018 141.583 
3.36e+08 0.0483204 -51.3084 142.005 
3.37e+08 0.0450077 -57.6223 142.427 
3.38e+08 0.0285717 -37.2723 142.85 
3.39e+08 0.0282064 -21.4122 143.272 
3.4e+08 0.0328397 -18.3595 143.694 
3.41e+08 0.0933174 -92.7753 144.116 
3.42e+08 0.0457255 -30.5892 144.538 
3.43e+08 0.0463452 -68.3321 144.961 
3.44e+08 0.0536503 -74.1659 145.383 
3.45e+08 0.0366198 -51.0792 145.806 
3.46e+08 0.0507441 -46.7072 146.228 
3.47e+08 0.0531373 -62.2609 146.65 
3.48e+08 0.0673931 -55.4212 147.072 
3.49e+08 0.0692877 -43.6957 147.494 
3.5e+08 0.0651422 -45.631 147.917 
3.51e+08 0.0246068 -35.8406 148.339 
3.52e+08 0.0281995 -64.4178 148.761 
3.53e+08 0.0531603 -13.1909 149.184 
3.54e+08 0.018229 -93.5044 149.606 
3.55e+08 0.0202287 -1.67382 150.028 
3.56e+08 0.0471373 -23.1979 150.45 
3.57e+08 0.082687 -71.9448 150.872 
3.58e+08 0.0200199 -48.629 151.295 
3.59e+08 0.0341565 -27.0765 151.717 
3.6e+08 0.0525981 -59.836 152.139 
3.61e+08 0.0598397 -71.8491 152.561 
3.62e+08 0.023151 -39.2954 152.984 
3.63e+08 0.0173773 -55.0128 153.406 
3.64e+08 0.0344608 -44.5551 153.828 
3.65e+08 0.0434872 -68.711 154.25 
3.66e+08 0.0231944 -68.3588 154.673 
3.67e+08 0.0519384 -47.2453 155.095 
3.68e+08 0.0639049 -62.6384 155.517 
3.69e+08 0.0613228 -22.1926 155.941 
3.7e+08 0.0425904 -47.3152 156.363 
3.71e+08 0.0729375 -79.6418 156.785 
3.72e+08 0.0336663 -52.9106 157.207 
3.73e+08 0.0364811 -53.1354 157.629 
3.74e+08 0.0407282 -3.79771 158.052 
3.75e+08 0.0209676 -75.5722 158.474 
3.76e+08 0.0342702 -39.518 158.896 
3.77e+08 0.02631 -73.6069 159.318 
3.78e+08 0.02621 -66.4828 159.741 
3.79e+08 0.0385708 -59.5959 160.163 
3.8e+08 0.0429059 -68.4302 160.585 
3.81e+08 0.0373973 -60.6352 161.007 
3.82e+08 0.0296829 -34.4698 161.429 
3.83e+08 0.0424423 -72.6908 161.852 
3.84e+08 0.0181033 -48.2814 162.274 
3.85e+08 0.0498672 -45.5825 162.696 
3.86e+08 0.032213 -39.8037 163.118 
3.87e+08 0.0186115 -22.0101 163.54 
3.88e+08 0.0563207 -59.6368 163.963 
3.89e+08 0.0771181 -94.047 164.385 
3.9e+08 0.0169711 -39.4872 164.807 
3.91e+08 0.0366156 -75.8729 165.229 
3.92e+08 0.0586165 -66.029 165.652 
3.93e+08 0.0752135 -41.7398 166.074 
3.94e+08 0.0654444 -84.9005 166.497 
3.95e+08 0.0259607 -26.6712 166.919 
3.96e+08 0.0273973 -52.1709 167.341 
3.97e+08 0.060473 -78.343 167.764 
3.98e+08 0.0743438 -84.0866 168.186 
3.99e+08 0.0195259 -27.024 168.609 
4e+08 0.0334582 -29.7303 169.031 
4.01e+08 0.0706606 -26.6941 169.453 
4.02e+08 0.0272645 -42.019 169.875 
4.03e+08 0.0309655 -38.6906 170.298 
4.04e+08 0.0520563 -18.3636 170.72 
4.05e+08 0.0414032 -25.4379 171.143 
4.06e+08 0.050741 -61.5085 171.565 
4.07e+08 0.0846544 -31.6817 171.987 
4.08e+08 0.0415235 -72.9982 172.41 
4.09e+08 0.045263 -107.589 172.832 
4.1e+08 0.0175998 -36.9784 173.254 
4.11e+08 0.0503934 -78.4593 173.677 
4.12e+08 0.0179681 -30.9218 174.099 
4.13e+08 0.0489916 -40.1771 174.521 
4.14e+08 0.0660139 -35.8703 174.944 
4.15e+08 0.0651045 -27.6207 175.366 
4.16e+08 0.0449422 -25.2879 175.788 
4.17e+08 0.0526845 -12.9643 176.21 
4.18e+08 0.0551952 -29.7417 176.632 
4.19e+08 0.0545335 -43.0467 177.055 
4.2e+08 0.0474212 -32.4536 177.477 
4.21e+08 0.0759152 -99.6083 177.899 
4.22e+08 0.0237928 -48.0696 178.322 
4.23e+08 0.0190442 -46.7113 178.744 
4.24e+08 0.0598814 -58.1005 179.166 
4.25e+08 0.0361964 -97.0827 179.588 
4.26e+08 0.0337863 -61.2047 180.011 
4.27e+08 0.016078 -17.3331 180.433 
4.28e+08 0.0346006 -73.4569 180.855 
4.29e+08 0.0476075 -27.1995 181.277 
4.3e+08 0.0708875 -16.1682 181.699 
4.31e+08 0.0196853 -2.06918 182.122 
4.32e+08 0.0338384 -73.7288 182.544 
4.33e+08 0.0317515 -45.6054 182.966 
4.34e+08 0.0259054 -64.3864 183.388 
4.35e+08 0.0354956 -16.7211 183.811 
4.36e+08 0.0407272 -91.6399 184.233 
4.37e+08 0.0461732 -1.75729 184.655 
4.38e+08 0.059741 -62.4412 185.077 
4.39e+08 0.0559259 -75.8779 185.499 
4.4e+08 0.050685 -37.8508 185.922 
4.41e+08 0.0693897 -44.8043 186.344 
4.42e+08 0.0410011 -35.7498 186.766 
4.43e+08 0.037423 -35.1353 187.188 
4.44e+08 0.0692175 -24.7873 187.611 
4.45e+08 0.0373737 -71.0456 188.033 
4.46e+08 0.0641341 -86.3989 188.455 
4.47e+08 0.057524 -27.5337 188.877 
4.48e+08 0.0611773 -87.0169 189.299 
4.49e+08 0.0464517 -12.0098 189.721 
4.5e+08 0.06308 -33.6399 190.144 
4.51e+08 0.00379268 -21.8757 190.566 
4.52e+08 0.0525337 -58.98 190.989 
4.53e+08 0.0504456 -42.1972 191.411 
4.54e+08 0.0455181 -49.7277 191.834 
4.55e+08 0.0379577 -37.801 192.258 
4.56e+08 0.0197179 -47.2356 192.681 
4.57e+08 0.0919267 -28.6502 193.104 
4.58e+08 0.0438295 -12.4041 193.528 
4.59e+08 0.0467219 -57.5509 193.951 
4.6e+08 0.0423322 -39.8601 194.374 
4.61e+08 0.0265101 -23.8922 194.797 
4.62e+08 0.0135015 -64.0872 195.22 
4.63e+08 0.0710112 -62.734 195.643 
4.64e+08 0.0474541 -78.2563 196.067 
4.65e+08 0.0409451 -30.764 196.49 
4.66e+08 0.0471471 -80.0763 196.912 
4.67e+08 0.0280648 -48.285 197.335 
4.68e+08 0.0630488 -90.1148 197.757 
4.69e+08 0.0251584 -77.8536 198.179 
4.7e+08 0.0312905 -42.1986 198.601 
4.71e+08 0.0347452 -57.9352 199.024 
4.72e+08 0.0506467 -59.1383 199.446 
4.73e+08 0.0130847 -51.2565 199.868 
4.74e+08 0.0384717 -49.4955 200.29 
4.75e+08 0.044858 -36.8059 200.712 
4.76e+08 0.034284 -54.2149 201.135 
4.77e+08 0.0558567 -30.8069 201.557 
4.78e+08 0.0293544 -27.9712 201.979 
4.79e+08 0.0536643 -51.0865 202.401 
4.8e+08 0.0411896 -71.9008 202.823 
4.81e+08 0.0529119 -34.5932 203.246 
4.82e+08 0.0177024 -33.3846 203.668 
4.83e+08 0.0336778 -75.3473 204.09 
4.84e+08 0.0685867 -86.1212 204.512 
4.85e+08 0.00498662 -65.0285 204.935 
4.86e+08 0.0444908 -31.9609 205.357 
4.87e+08 0.0242901 -52.1419 205.779 
4.88e+08 0.0541089 -76.5674 206.202 
4.89e+08 0.0273918 -48.814 206.624 
4.9e+08 0.0584866 -62.6745 207.046 
4.91e+08 0.05801 -44.9853 207.468 
4.92e+08 0.0575235 -67.1771 207.891 
4.93e+08 0.0256686 -97.7783 208.313 
4.94e+08 0.0389555 -61.6307 208.735 
4.95e+08 0.054176 -66.4278 209.158 
4.96e+08 0.0203497 -34.1447 209.58 
4.97e+08 0.0432467 -53.4384 210.002 
4.98e+08 0.0167573 -26.6674 210.424 
4.99e+08 0.0409717 -25.519 210.847 
5e+08 0.0501635 -21.3531 211.269 
5.01e+08 0.0901791 -46.2993 211.691 
5.02e+08 0.0325848 -71.0814 212.114 
5.03e+08 0.0261926 -59.9856 212.536 
5.04e+08 0.0966662 -64.3082 212.959 
5.05e+08 0.0467845 -1.04609 213.381 
5.06e+08 0.0402704 -54.3487 213.803 
5.07e+08 0.0348192 -90.2833 214.226 
5.08e+08 0.0290756 -32.7374 214.648 
5.09e+08 0.0548502 -66.4305 215.07 
5.1e+08 0.0508817 -72.8726 215.492 
5.11e+08 0.0618377 -37.9133 215.915 
5.12e+08 0.040324 -36.1024 216.337 
5.13e+08 0.0542265 -77.6764 216.759 
5.14e+08 0.0777277 -62.0779 217.181 
5.15e+08 0.0220127 -80.6537 217.603 
5.16e+08 0.0508941 -87.867 218.025 
5.17e+08 0.0534626 -42.8363 218.448 
5.18e+08 0.0557694 -49.4578 218.87 
5.19e+08 0.085884 -48.8626 219.292 
5.2e+08 0.0431834 -40.1388 219.714 
5.21e+08 0.0482216 -44.5616 220.136 
5.22e+08 0.0389401 -40.2514 220.559 
5.23e+08 0.0742555 -95.0006 220.981 
5.24e+08 0.0150826 -39.2423 221.403 
5.25e+08 0.0334687 -52.2239 221.825 
5.26e+08 0.0345852 -70.2025 222.248 
5.27e+08 0.0485507 -26.8607 222.67 
5.28e+08 0.0296694 -36.0623 223.092 
5.29e+08 0.0763576 -45.4817 223.514 
5.3e+08 0.0663522 -54.9878 223.937 
5.31e+08 0.0575676 -41.2025 224.359 
5.32e+08 0.0683058 -65.3591 224.781 
5.33e+08 0.0797764 -76.1803 225.204 
5.34e+08 0.115804 -51.6478 225.626 
5.35e+08 0.0591979 -86.6334 226.048 
5.36e+08 0.0278815 -30.0129 226.471 
5.37e+08 0.0707454 -34.455 226.893 
5.38e+08 0.0346403 -37.1805 227.315 
5.39e+08 0.0289974 -58.6546 227.737 
5.4e+08 0.0858144 -55.3116 228.16 
5.41e+08 0.0173174 -64.5721 228.582 
5.42e+08 0.0256091 -63.7717 229.005 
5.43e+08 0.0497969 -38.4851 229.427 
5.44e+08 0.0274104 -54.2452 229.849 
5.45e+08 0.0388718 -40.5357 230.272 
5.46e+08 0.0308262 -43.5596 230.695 
5.47e+08 0.0824662 -50.1966 231.118 
5.48e+08 0.0266855 -72.3957 231.542 
5.49e+08 0.0747811 -52.3494 231.965 
5.5e+08 0.0390449 -45.787 232.388 
5.51e+08 0.0297099 -53.0373 232.811 
5.52e+08 0.0870277 -82.7279 233.234 
5.53e+08 0.0344228 -77.8732 233.657 
5.54e+08 0.0610104 -15.0886 234.08 
5.55e+08 0.0346472 -26.4833 234.504 
5.56e+08 0.0452771 -22.3802 234.927 
5.57e+08 0.0573656 -14.4089 235.35 
5.58e+08 0.0389647 -62.935 235.773 
5.59e+08 0.0660824 -46.9344 236.197 
5.6e+08 0.0450221 -46.624 236.62 
5.61e+08 0.0736072 -48.594 237.043 
5.62e+08 0.0190446 -56.3197 237.466 
5.63e+08 0.0443302 -15.8379 237.889 
5.64e+08 0.0508005 -88.9472 238.312 
5.65e+08 0.0413237 -49.4384 238.734 
5.66e+08 0.0467702 -40.564 239.157 
5.67e+08 0.00998012 -33.9022 239.579 
5.68e+08 0.086137 -60.9839 240.001 
5.69e+08 0.0353339 -77.0949 240.423 
5.7e+08 0.0218683 -33.8473 240.845 
5.71e+08 0.0620464 -67.7614 241.268 
5.72e+08 0.0259598 -61.9299 241.69 
5.73e+08 0.035889 -55.4799 242.112 
5.74e+08 0.0471998 -65.4564 242.535 
5.75e+08 0.0777299 -80.578 242.957 
5.76e+08 0.0831972 -116.513 243.379 
5.77e+08 0.0404736 -88.1746 243.801 
5.78e+08 0.0458619 -91.7256 244.224 
5.79e+08 0.0446796 -36.1944 244.647 
5.8e+08 0.0459949 -34.6967 245.07 
5.81e+08 0.0595069 -58.8452 245.493 
5.82e+08 0.0459235 -24.2848 245.916 
5.83e+08 0.0350011 -77.4808 246.339 
5.84e+08 0.0250792 -23.2613 246.763 
5.85e+08 0.0822099 -60.3535 247.186 
5.86e+08 0.0361595 -18.7472 247.609 
5.87e+08 0.0237588 -76.1691 248.032 
5.88e+08 0.0425879 -16.2735 248.455 
5.89e+08 0.0559994 -62.4481 248.877 
5.9e+08 0.0350972 -6.92592 249.3 
5.91e+08 0.0652208 -52.9012 249.722 
5.92e+08 0.0419044 -94.4976 250.144 
5.93e+08 0.0379131 -55.96 250.567 
5.94e+08 0.0642626 -53.3702 250.989 
5.95e+08 0.0706375 -16.0493 251.411 
5.96e+08 0.0318105 -19.082 251.833 
5.97e+08 0.0479351 -88.8864 252.256 
5.98e+08 0.0268981 -49.9059 252.678 
5.99e+08 0.0528526 -81.8917 253.1 
6e+08 0.0503293 -33.9405 253.523 
6.01e+08 0.0391907 -58.679 253.945 
6.02e+08 0.0158401 -56.7013 254.367 
6.03e+08 0.0346269 -35.9471 254.79 
6.04e+08 0.062161 -62.3447 255.213 
6.05e+08 0.0418321 -85.9417 255.636 
6.06e+08 0.0448433 -116.247 256.06 
6.07e+08 0.0457412 -55.029 256.483 
6.08e+08 0.0512541 -53.5904 256.905 
6.09e+08 0.061155 -85.0405 257.327 
6.1e+08 0.0283335 -47.2054 257.749 
6.11e+08 0.0469114 -58.1114 258.172 
6.12e+08 0.0620237 -39.0998 258.594 
6.13e+08 0.0700298 -90.2109 259.016 
6.14e+08 0.035868 -14.5196 259.438 
6.15e+08 0.0212402 -60.4566 259.861 
6.16e+08 0.061801 -57.0416 260.283 
6.17e+08 0.0525048 -35.1943 260.705 
6.18e+08 0.0342567 -54.0835 261.128 
6.19e+08 0.0522721 -37.2956 261.55 
6.2e+08 0.0209495 -77.0363 261.973 
6.21e+08 0.0478411 -18.6095 262.395 
6.22e+08 0.0768646 -35.3608 262.817 
6.23e+08 0.0137643 -71.5365 263.239 
6.24e+08 0.0471192 -16.4027 263.662 
6.25e+08 0.0522094 -18.1024 264.084 
6.26e+08 0.0338025 36.8522 264.506 
6.27e+08 0.0267708 -56.752 264.928 
6.28e+08 0.0405932 -48.6661 265.35 
6.29e+08 0.0435907 -83.3701 265.772 
6.3e+08 0.0354638 -17.6061 266.195 
6.31e+08 0.026707 -69.8691 266.617 
6.32e+08 0.0145095 -24.978 267.039 
6.33e+08 0.0707074 -68.5823 267.461 
6.34e+08 0.0369727 -29.8215 267.884 
6.35e+08 0.0206267 -3.70628 268.306 
6.36e+08 0.0449992 -86.7348 268.728 
6.37e+08 0.0292384 -64.0263 269.15 
6.38e+08 0.0648216 -11.156 269.573 
6.39e+08 0.046991 -56.3627 269.995 
6.4e+08 0.0388489 -21.6903 270.418 
6.41e+08 0.0573074 -64.7764 270.84 
6.42e+08 0.0579717 -86.1719 271.262 
6.43e+08 0.0217513 -48.4922 271.685 
6.44e+08 0.0703798 -48.9178 272.107 
6.45e+08 0.0220016 -55.0776 272.529 
6.46e+08 0.0699679 -41.0607 272.951 
6.47e+08 0.0742879 -42.5348 273.374 
6.48e+08 0.0561411 -80.2649 273.796 
6.49e+08 0.0381112 -29.1499 274.218 
6.5e+08 0.0420376 -25.5906 274.641 
6.51e+08 0.0731979 -47.2942 275.063 
6.52e+08 0.0646984 -118 275.485 
6.53e+08 0.0496892 -51.8899 275.908 
6.54e+08 0.0128558 -51.6989 276.33 
6.55e+08 0.0882573 -38.1881 276.752 
6.56e+08 0.0361245 -38.8817 277.174 
6.57e+08 0.0269951 -65.8013 277.597 
6.58e+08 0.0167202 -47.1318 278.019 
6.59e+08 0.0556859 -66.5952 278.441 
6.6e+08 0.0524264 -57.2475 278.864 
6.61e+08 0.0603693 -60.5703 279.286 
6.62e+08 0.0523795 -28.7934 279.708 
6.63e+08 0.0257391 -2.80259 280.13 
6.64e+08 0.0243127 -62.4162 280.553 
6.65e+08 0.0645152 -75.6583 280.975 
6.66e+08 0.0345786 -72.3328 281.397 
6.67e+08 0.0690876 -85.8455 281.819 
6.68e+08 0.0330272 -11.634 282.242 
6.69e+08 0.0343135 -66.8363 282.664 
6.7e+08 0.032508 -65.3598 283.086 
6.71e+08 0.0600771 -19.4385 283.509 
6.72e+08 0.0601889 -38.7376 283.931 
6.73e+08 0.0729635 -20.331 284.353 
6.74e+08 0.089799 -82.5559 284.775 
6.75e+08 0.0602667 -47.1037 285.198 
6.76e+08 0.0215878 -66.3016 285.62 
6.77e+08 0.0297682 -1.71481 286.042 
6.78e+08 0.0344219 -30.3262 286.465 
6.79e+08 0.0307054 -59.569 286.887 
6.8e+08 0.0569708 -65.7425 287.309 
6.81e+08 0.0307215 -68.4419 287.731 
6.82e+08 0.0494033 -17.7172 288.154 
6.83e+08 0.0387775 -59.6992 288.576 
6.84e+08 0.0471539 -20.7297 288.998 
6.85e+08 0.0400953 -67.2031 289.421 
6.86e+08 0.0287824 -29.4701 289.843 
6.87e+08 0.0422763 -32.2812 290.266 
6.88e+08 0.0685478 -73.5139 290.688 
6.89e+08 0.0372187 -59.5115 291.11 
6.9e+08 0.0421963 -91.9501 291.533 
6.91e+08 0.0740829 -51.9728 291.955 
6.92e+08 0.044917 -81.227 292.377 
6.93e+08 0.0744129 -33.6736 292.8 
6.94e+08 0.00997603 -34.7366 293.222 
6.95e+08 0.0241485 -18.7828 293.644 
6.96e+08 0.0578737 -93.251 294.067 
6.97e+08 0.0213505 -24.4262 294.489 
6.98e+08 0.0722023 -78.8567 294.911 
6.99e+08 0.027727 -78.3573 295.333 
7e+08 0.0397247 -50.0626 295.756 
7.01e+08 0.0281125 -50.703 296.178 
7.02e+08 0.0176108 -52.0629 296.6 
7.03e+08 0.0375384 -40.0048 297.023 
7.04e+08 0.0383386 -74.555 297.445 
7.05e+08 0.0488768 -75.262 297.867 
7.06e+08 0.065714 -80.1276 298.289 
7.07e+08 0.0232964 -63.6023 298.712 
7.08e+08 0.0428887 -64.8538 299.134 
7.09e+08 0.0504519 -58.1055 299.556 
7.1e+08 0.085077 -75.2129 299.979 
7.11e+08 0.0439671 -19.2532 300.401 
7.12e+08 0.0324121 -49.577 300.823 
7.13e+08 0.0411012 -32.0372 301.246 
7.14e+08 0.0552773 -34.6853 301.668 
7.15e+08 0.0211311 -34.1966 302.091 
7.16e+08 0.0535561 -99.175 302.513 
7.17e+08 0.0432732 -57.0415 302.935 
7.18e+08 0.0291153 -87.219 303.357 
7.19e+08 0.0322552 -79.3392 303.78 
7.2e+08 0.0751188 -57.4151 304.202 
7.21e+08 0.0269536 -28.4329 304.624 
7.22e+08 0.0476942 7.83584 305.047 
7.23e+08 0.0395631 -87.9668 305.469 
7.24e+08 0.033626 -73.739 305.891 
7.25e+08 0.0567103 -66.4426 306.314 
7.26e+08 0.037574 -5.39405 306.736 
7.27e+08 0.0174757 -22.2448 307.158 
7.28e+08 0.0495848 -69.9478 307.581 
7.29e+08 0.0241088 -80.7532 308.003 
7.3e+08 0.0483945 7.5818 308.425 
7.31e+08 0.0486252 -43.6718 308.848 
7.32e+08 0.0814194 -82.4036 309.27 
7.33e+08 0.0468601 1.25927 309.692 
7.34e+08 0.0401869 -79.1214 310.115 
7.35e+08 0.0258667 -12.5511 310.537 
7.36e+08 0.0597879 -39.2866 310.96 
7.37e+08 0.0257544 -51.0998 311.382 
7.38e+08 0.0434747 -8.21128 311.804 
7.39e+08 0.0504631 -14.1023 312.228 
7.4e+08 0.0518377 -18.6391 312.65 
7.41e+08 0.0723183 -58.12 313.072 
7.42e+08 0.0335135 -66.8482 313.494 
7.43e+08 0.00736335 -60.337 313.917 
7.44e+08 0.0235057 -77.4207 314.339 
7.45e+08 0.0344554 -64.2833 314.761 
7.46e+08 0.0634465 -42.684 315.184 
7.47e+08 0.0509894 -62.803 315.606 
7.48e+08 0.0334328 -63.3083 316.028 
7.49e+08 0.0640976 -64.7145 316.45 
7.5e+08 0.0308523 -53.2251 316.873 
7.51e+08 0.0479478 -95.214 317.295 
7.52e+08 0.093967 -81.2452 317.717 
7.53e+08 0.0421165 -87.5392 318.14 
7.54e+08 0.0496479 -60.0868 318.562 
7.55e+08 0.0219302 -34.286 318.985 
7.56e+08 0.0125027 -50.3229 319.407 
7.57e+08 0.0302367 -45.851 319.829 
7.58e+08 0.0836635 -38.1121 320.252 
7.59e+08 0.0176419 -30.5803 320.674 
7.6e+08 0.0368077 -43.5218 321.097 
7.61e+08 0.0257971 -50.2848 321.519 
7.62e+08 0.0321356 -100.037 321.941 
7.63e+08 0.0645698 -44.0557 322.364 
7.64e+08 0.02437 -58.6539 322.786 
7.65e+08 0.0222474 -77.6753 323.208 
7.66e+08 0.0271799 -72.6203 323.631 
7.67e+08 0.0430595 -40.1248 324.053 
7.68e+08 0.0649827 -28.0089 324.475 
7.69e+08 0.0466307 -28.7691 324.898 
7.7e+08 0.0551666 -39.2723 325.32 
7.71e+08 0.0170869 -48.0468 325.742 
7.72e+08 0.0219585 -49.0976 326.165 
7.73e+08 0.092851 -49.3697 326.587 
7.74e+08 0.0534901 -58.8533 327.01 
7.75e+08 0.0462919 -68.742 327.432 
7.76e+08 0.0489131 -59.9931 327.854 
7.77e+08 0.0717556 -63.6018 328.278 
7.78e+08 0.0142712 -54.2005 328.701 
7.79e+08 0.0451385 -36.2634 329.124 
7.8e+08 0.0387443 -92.2127 329.548 
7.81e+08 0.0499978 -107.094 329.97 
7.82e+08 0.0520487 -101.462 330.392 
7.83e+08 0.0484014 -80.6399 330.814 
7.84e+08 0.0747851 -86.3128 331.237 
7.85e+08 0.0370624 -36.3356 331.659 
7.86e+08 0.0214547 -49.3896 332.081 
7.87e+08 0.0609532 -34.1443 332.504 
7.88e+08 0.0818501 -62.7417 332.926 
7.89e+08 0.0447958 -61.9525 333.348 
7.9e+08 0.0414687 -31.2137 333.77 
7.91e+08 0.0704595 -93.9203 334.193 
7.92e+08 0.0208396 -62.9013 334.615 
7.93e+08 0.0927655 -25.2909 335.038 
7.94e+08 0.0672464 -68.792 335.461 
7.95e+08 0.0123441 -30.7643 335.883 
7.96e+08 0.0105074 -59.1006 336.306 
7.97e+08 0.0262003 -65.7564 336.728 
7.98e+08 0.0436422 -92.6217 337.15 
7.99e+08 0.0667181 -46.1936 337.573 
8e+08 0.0327516 -75.2477 337.995 
8.01e+08 0.0496441 -44.5731 338.417 
8.02e+08 0.0348197 -85.105 338.839 
8.03e+08 0.0141333 -35.2193 339.262 
8.04e+08 0.0612112 -108.957 339.684 
8.05e+08 0.0468523 -14.625 340.107 
8.06e+08 0.0147908 -71.3195 340.529 
8.07e+08 0.0506172 -31.3899 340.951 
8.08e+08 0.0308478 -53.4842 341.373 
8.09e+08 0.0575976 -26.5948 341.796 
8.1e+08 0.0413204 -65.6323 342.218 
8.11e+08 0.0359849 -62.0532 342.64 
8.12e+08 0.0806998 -21.2188 343.063 
8.13e+08 0.0644526 -69.4375 343.485 
8.14e+08 0.0172937 -49.7798 343.907 
8.15e+08 0.0926646 -58.3144 344.33 
8.16e+08 0.0288409 -48.2814 344.752 
8.17e+08 0.0556885 -47.1847 345.175 
8.18e+08 0.0297562 -22.2037 345.598 
8.19e+08 0.0406418 -23.2529 346.022 
8.2e+08 0.043063 -50.6404 346.445 
8.21e+08 0.0340249 -73.0652 346.868 
8.22e+08 0.0521334 -40.6014 347.292 
8.23e+08 0.0136175 -55.4086 347.714 
8.24e+08 0.0685291 -52.8256 348.137 
8.25e+08 0.0698962 -42.8447 348.56 
8.26e+08 0.053172 -40.9034 348.983 
8.27e+08 0.0394644 -50.5403 349.406 
8.28e+08 0.0483413 -66.8427 349.829 
8.29e+08 0.0410575 -110.041 350.252 
8.3e+08 0.0390163 -34.3635 350.674 
8.31e+08 0.0382053 -52.3349 351.096 
8.32e+08 0.0362443 -77.8949 351.519 
8.33e+08 0.039447 -58.6083 351.941 
8.34e+08 0.0266618 -87.8718 352.363 
8.35e+08 0.0505649 -54.3659 352.785 
8.36e+08 0.0503769 -34.9554 353.208 
8.37e+08 0.0392382 -53.0316 353.63 
8.38e+08 0.064836 -38.3954 354.052 
8.39e+08 0.0279658 -72.6057 354.475 
8.4e+08 0.013069 -68.0819 354.897 
8.41e+08 0.0808593 -35.7845 355.319 
8.42e+08 0.0404474 -46.1106 355.742 
8.43e+08 0.0301951 -47.6514 356.164 
8.44e+08 0.032442 -54.3601 356.586 
8.45e+08 0.0323777 -45.3831 357.008 
8.46e+08 0.0302517 -59.8482 357.43 
8.47e+08 0.00883328 -30.5585 357.852 
8.48e+08 0.0165038 -56.6604 358.274 
8.49e+08 0.0243237 -51.25 358.697 
8.5e+08 0.0253217 -23.2525 359.119 
8.51e+08 0.0263079 -74.0904 359.541 
8.52e+08 0.0678723 -49.6846 359.964 
8.53e+08 0.0750713 -25.5685 360.386 
8.54e+08 0.0709902 -68.0807 360.808 
8.55e+08 0.0366645 8.86092 361.23 
8.56e+08 0.0405895 -74.489 361.652 
8.57e+08 0.0571679 -63.1395 362.074 
8.58e+08 0.0372518 -86.4313 362.497 
8.59e+08 0.00740848 -72.8453 362.919 
8.6e+08 0.0372247 -25.5359 363.341 
8.61e+08 0.0510189 -49.4559 363.763 
8.62e+08 0.0141144 -42.3361 364.186 
8.63e+08 0.054062 -74.0394 364.608 
8.64e+08 0.0648239 -30.3969 365.03 
8.65e+08 0.043045 -67.1341 365.453 
8.66e+08 0.0375407 -62.0319 365.875 
8.67e+08 0.0362476 -52.4078 366.297 
8.68e+08 0.0532894 -54.2564 366.719 
8.69e+08 0.0403156 -72.9404 367.142 
8.7e+08 0.0673686 -104.988 367.565 
8.71e+08 0.0442198 -23.7424 367.988 
8.72e+08 0.0616371 -36.6598 368.412 
8.73e+08 0.0411036 -78.0351 368.835 
8.74e+08 0.0511368 -60.5241 369.258 
8.75e+08 0.0525807 -39.0476 369.681 
8.76e+08 0.00971527 -42.5071 370.105 
8.77e+08 0.0551736 -80.6289 370.528 
8.78e+08 0.0475687 -32.7169 370.951 
8.79e+08 0.105592 -31.202 371.374 
8.8e+08 0.0621142 -78.125 371.797 
8.81e+08 0.0387164 -57.6043 372.222 
8.82e+08 0.0387691 -80.1485 372.644 
8.83e+08 0.0439927 -95.2667 373.067 
8.84e+08 0.0264883 -61.2318 373.491 
8.85e+08 0.0388275 -25.7606 373.914 
8.86e+08 0.037101 -66.4247 374.336 
8.87e+08 0.033192 -30.4905 374.759 
8.88e+08 0.0521725 -65.1898 375.181 
8.89e+08 0.0816327 -69.912 375.603 
8.9e+08 0.0494192 -29.5779 376.025 
8.91e+08 0.0172173 -13.8258 376.448 
8.92e+08 0.0510014 -23.0277 376.87 
8.93e+08 0.0334172 -13.6128 377.292 
8.94e+08 0.0556257 -71.185 377.714 
8.95e+08 0.0532262 -29.7014 378.137 
8.96e+08 0.0576005 -44.9788 378.559 
8.97e+08 0.0707584 -70.0584 378.981 
8.98e+08 0.0577382 -69.2602 379.403 
8.99e+08 0.035914 -62.331 379.826 
9e+08 0.089669 -25.4536 380.248 
9.01e+08 0.0335381 -45.8173 380.67 
9.02e+08 0.0470863 -20.0605 381.093 
9.03e+08 0.060894 -71.8901 381.515 
9.04e+08 0.065786 -61.0486 381.937 
9.05e+08 0.0188428 -28.3063 382.359 
9.06e+08 0.013119 -42.2408 382.782 
9.07e+08 0.0574911 -99.8401 383.204 
9.08e+08 0.0496187 -32.6111 383.626 
9.09e+08 0.0356125 -78.6776 384.048 
9.1e+08 0.0377237 -47.5196 384.471 
9.11e+08 0.0459205 -57.959 384.893 
9.12e+08 0.0947964 -69.4833 385.315 
9.13e+08 0.0420833 -72.0674 385.737 
9.14e+08 0.0443274 -58.8108 386.159 
9.15e+08 0.0542797 -46.7637 386.581 
9.16e+08 0.0432544 -48.3245 387.004 
9.17e+08 0.0254989 -82.4368 387.426 
9.18e+08 0.0170806 -13.1131 387.848 
9.19e+08 0.0571853 -78.5357 388.271 
9.2e+08 0.0325955 -54.8411 388.693 
9.21e+08 0.0460834 -56.404 389.116 
9.22e+08 0.00458135 -50.3844 389.539 
9.23e+08 0.032537 -102.11 389.962 
9.24e+08 0.0651181 -51.2849 390.385 
9.25e+08 0.0534457 -50.5295 390.808 
9.26e+08 0.043304 -82.6134 391.232 
9.27e+08 0.0253216 -102.866 391.655 
9.28e+08 0.0240781 -59.8018 392.078 
9.29e+08 0.0409019 -13.0211 392.501 
9.3e+08 0.0342064 -52.3843 392.924 
9.31e+08 0.0637621 -76.2667 393.348 
9.32e+08 0.00609242 -49.2274 393.771 
9.33e+08 0.0452487 -107.824 394.194 
9.34e+08 0.0251684 -41.1421 394.618 
9.35e+08 0.0423953 -17.7797 395.041 
9.36e+08 0.0424244 -42.1484 395.464 
9.37e+08 0.0435164 -2.31561 395.887 
9.38e+08 0.0579045 -47.5638 396.31 
9.39e+08 0.0497261 -65.8642 396.734 
9.4e+08 0.0683006 -63.8737 397.157 
9.41e+08 0.0448853 -37.2465 397.58 
9.42e+08 0.0353772 -19.7675 398.004 
9.43e+08 0.0232491 -36.1004 398.426 
9.44e+08 0.0563451 -29.1961 398.85 
9.45e+08 0.0728339 -76.2341 399.272 
9.46e+08 0.0403906 -54.8914 399.694 
9.47e+08 0.0680123 -49.0928 400.117 
9.48e+08 0.0407539 -72.9848 400.539 
9.49e+08 0.0177325 -40.5009 400.962 
9.5e+08 0.0511719 -59.4018 401.384 
9.51e+08 0.0370898 -50.7579 401.806 
9.52e+08 0.0360898 -45.1136 402.228 
9.53e+08 0.0510161 -65.9224 402.65 
9.54e+08 0.0688617 -81.8873 403.072 
9.55e+08 0.0397922 -46.5857 403.495 
9.56e+08 0.0621035 -33.3841 403.917 
9.57e+08 0.0631131 -83.4972 404.339 
9.58e+08 0.0935518 -67.6678 404.762 
9.59e+08 0.0323859 -18.8901 405.184 
9.6e+08 0.0292176 -30.2658 405.607 
9.61e+08 0.0736679 -84.1819 406.031 
9.62e+08 0.0572511 -54.0546 406.454 
9.63e+08 0.0491567 -79.6072 406.877 
9.64e+08 0.0714392 -47.4854 407.3 
9.65e+08 0.0717249 -37.7561 407.723 
9.66e+08 0.0323097 -55.0368 408.147 
9.67e+08 0.0357542 -73.96 408.57 
9.68e+08 0.0174766 -56.6984 408.993 
9.69e+08 0.0963786 -62.0757 409.416 
9.7e+08 0.054631 -62.9509 409.839 
9.71e+08 0.0481288 -50.5107 410.263 
9.72e+08 0.0215378 -71.2399 410.686 
9.73e+08 0.0485486 -69.6004 411.109 
9.74e+08 0.0589124 -37.2612 411.532 
9.75e+08 0.0280701 -77.2374 411.956 
9.76e+08 0.0325015 -34.6389 412.379 
9.77e+08 0.066557 -52.3524 412.801 
9.78e+08 0.0413497 -47.7309 413.223 
9.79e+08 0.021046 14.9673 413.646 
9.8e+08 0.064336 -57.3694 414.068 
9.81e+08 0.0263744 -52.1263 414.49 
9.82e+08 0.0588821 -35.6921 414.912 
9.83e+08 0.0644071 -58.5227 415.335 
9.84e+08 0.0408451 -53.1765 415.757 
9.85e+08 0.0468278 -49.2068 416.179 
9.86e+08 0.0705671 -81.8559 416.602 
9.87e+08 0.0697308 -82.4388 417.025 
9.88e+08 0.0530574 -74.9929 417.448 
9.89e+08 0.0763958 -68.1306 417.872 
9.9e+08 0.0229913 -33.5692 418.294 
9.91e+08 0.0748691 -83.3334 418.717 
9.92e+08 0.0724553 -40.7639 419.139 
9.93e+08 0.0384553 -34.7786 419.561 
9.94e+08 0.0176672 -48.0989 419.984 
9.95e+08 0.0378831 -48.4314 420.406 
9.96e+08 0.038072 -26.3215 420.828 
9.97e+08 0.012765 -72.3028 421.25 
9.98e+08 0.0722469 -24.3704 421.672 
9.99e+08 0.046207 -73.9328 422.095 
1e+09 0.0269699 -32.2701 422.517 
