0 0.0398019 -0.0339061 -34131 0 
816 0.0316982 -0.0293964 -37414 0.136857 
1632 0.0337371 -0.029905 -38581.4 0.273906 
2448 0.0259113 0.0199691 -40408.6 0.411261 
3264 0.0444571 0.0417755 -40180.3 0.548825 
4080 0.0467464 0.0458597 -40962 0.686324 
4896 0.0293463 0.0185651 -40189 0.824084 
5712 0.0399842 0.00492336 -39548.8 0.961395 
6528 0.0482006 -0.00591813 -40412.7 1.09865 
7344 0.0544835 -0.0295437 -40951.7 1.23613 
8160 0.051975 -0.0503143 -40614.6 1.37362 
8976 0.0318207 -0.00887661 -40084.8 1.51092 
9792 0.0489557 -0.00510083 -40743.9 1.64808 
10608 0.0553172 -0.0190931 -41963.9 1.78524 
11424 0.0276407 -0.0169456 -41962.3 1.92222 
12240 0.0502219 -0.0304004 -41259.2 2.05945 
13056 0.0626876 -0.0351403 -41878.2 2.19669 
13872 0.0911238 -0.0570868 -41713.7 2.33385 
14688 0.0824382 -0.0467989 -41367.3 2.47107 
15504 0.0558053 -0.026803 -40773.6 2.60817 
16320 0.0811447 -0.0581113 -41200.4 2.7455 
17136 0.0769191 -0.0583917 -40960 2.88264 
17952 0.0453668 -0.0268667 -41204.6 3.01986 
18768 0.0356787 -0.0217547 -42085.9 3.157 
19584 0.0297314 -0.00530403 -41638.9 3.29428 
20400 0.0206888 -0.0127461 -40629.5 3.43168 
21216 0.0311896 0.0100722 -41815.4 3.56891 
22032 0.012922 0.0118222 -41980.7 3.70604 
22848 0.0136114 0.0111483 -41757.8 3.84326 
23664 0.0259584 0.000835759 -41830.6 3.98071 
24480 0.0435027 0.014241 -42193.9 4.11771 
25296 0.0481508 0.000784535 -42229.5 4.25492 
26112 0.0176367 -0.0131222 -41793 4.39206 
26928 0.0604893 -0.0411102 -41895 4.5281 
27744 0.0463309 -0.029695 -41227.9 4.66553 
28560 0.0758298 -0.0675336 -41656.6 4.80258 
29376 0.0872268 -0.0582279 -41115.5 4.93984 
30192 0.0539866 -0.00781349 -41387.2 5.07704 
31008 0.0716987 -0.00311929 -41464.9 5.21418 
31824 0.038506 0.0122065 -41717.6 5.35126 
32640 0.0198007 0.0152813 -41641.1 5.48876 
33456 0.0204489 0.00299346 -42289.6 5.62551 
34272 0.0267038 -0.015649 -41785.8 5.76263 
35088 0.0171791 0.0157112 -40986.6 5.90008 
35904 0.0283092 0.0270732 -41491.1 6.0376 
36720 0.0398257 0.0358664 -41772.3 6.1752 
37536 0.0544044 0.0509172 -41934.9 6.31242 
38352 0.07557 0.0753132 -41907.7 6.44981 
39168 0.0518676 0.0391819 -42983.1 6.58684 
39984 0.0619763 0.0486641 -41862.1 6.72341 
40800 0.058574 0.0546493 -42200.1 6.86065 
41616 0.0514068 0.0396681 -42493.1 6.99769 
42432 0.0513478 0.0372205 -42621.9 7.13515 
43248 0.0486741 -0.042386 -42710.9 7.27244 
44064 0.012269 0.00934619 -42583.2 7.40991 
44880 0.025276 0.0127466 -43330 7.54668 
45696 0.0484195 0.0198959 -43586.5 7.6838 
46512 0.0292059 0.00999987 -43907.8 7.82111 
47328 0.0156157 -0.00506252 -43238.5 7.95807 
48144 0.0680334 0.0163098 -43435.2 8.09573 
48960 0.06409 0.0122451 -43351.1 8.23298 
49776 0.0619403 0.0381816 -43746.6 8.37026 
50592 0.0495635 0.0257973 -44167.4 8.50748 
51408 0.0703365 0.0191856 -44067.4 8.64449 
52224 0.0590268 0.0423536 -42893 8.78177 
53040 0.0441842 0.0303928 -42553.7 8.91917 
53856 0.0333625 0.0120948 -42966 9.05647 
54672 0.0603215 -0.0215209 -42640.7 9.19381 
55488 0.0605277 -0.0460596 -43232.2 9.33073 
56304 0.0562258 -0.000671217 -43571.8 9.46825 
57120 0.0341445 0.024056 -43212.4 9.60538 
57936 0.0609385 0.0164013 -44198 9.7426 
58752 0.0616593 -0.0139684 -43651.1 9.87985 
59568 0.0408456 0.0134811 -43337.7 10.0172 
60384 0.0367623 0.00764362 -43571.6 10.1546 
61200 0.0365443 0.0245311 -43807.4 10.292 
62016 0.0527128 0.00923111 -43448.3 10.4292 
62832 0.0822112 -0.0495051 -43680.5 10.5667 
63648 0.0902599 -0.0621227 -43303.5 10.7041 
64464 0.0558505 0.00232795 -43849 10.8413 
65280 0.0193933 -0.010507 -43584.6 10.9785 
66096 0.0165023 0.00144358 -45083.2 11.1159 
66912 0.0238394 0.0210506 -44102.6 11.2531 
67728 0.0191679 0.00124683 -44359.7 11.3902 
68544 0.0293848 0.022945 -43257.7 11.5275 
69360 0.0504994 0.0411392 -42444.3 11.6648 
70176 0.0468023 0.0450989 -43852.1 11.802 
70992 0.0161027 0.00635035 -43903.1 11.9391 
71808 0.0248808 0.0232205 -44361.9 12.0763 
72624 0.0305867 -0.0257688 -43775.2 12.2136 
73440 0.0242589 -0.0211077 -43701.3 12.3507 
74256 0.0123745 -0.00881 -44086.8 12.488 
75072 0.0399653 0.0363489 -43810.1 12.6252 
75888 0.0331543 0.0222011 -44662.2 12.7625 
76704 0.0300869 0.00842851 -45006.4 12.8998 
77520 0.0375243 0.0148487 -45212.2 13.0373 
78336 0.0566425 -0.00231819 -45211.9 13.1746 
79152 0.0598354 -0.0269939 -44467.5 13.3121 
79968 0.0792934 -0.0399836 -44798.8 13.4496 
80784 0.0732338 0.00646827 -44382.6 13.5869 
81600 0.0538471 -0.00141164 -44471.2 13.724 
82416 0.040836 5.71319e-05 -44090.2 13.8616 
83232 0.0226867 0.00282064 -43361.7 13.999 
84048 0.033959 -0.0252039 -42431.7 14.1366 
84864 0.0360356 -0.0220211 -42381.9 14.274 
85680 0.0265866 0.017558 -42501.4 14.411 
86496 0.0622549 0.0484495 -42632.2 14.5484 
87312 0.0341359 -0.0060379 -42425.5 14.6857 
88128 0.043457 -0.00949591 -42527.4 14.8229 
88944 0.0484487 -0.0253031 -42165.8 14.9601 
89760 0.0578021 -0.0373457 -42349.4 15.0971 
90576 0.0111425 0.000865056 -42680.5 15.2342 
91392 0.0400132 -0.0131558 -41974.5 15.3713 
92208 0.00908704 0.00605449 -42271.7 15.5083 
93024 0.0306778 -0.02096 -43283.6 15.6454 
93840 0.042246 0.0194937 -43107.9 15.7826 
94656 0.0724113 0.0635935 -43095 15.9198 
95472 0.0502387 0.0332796 -41969 16.0571 
96288 0.0571558 0.0387706 -42459.3 16.1944 
97104 0.0454601 0.0243591 -41826.8 16.3317 
97920 0.0553108 0.0410186 -42402.2 16.4692 
98736 0.0461 0.0382632 -42172.2 16.6065 
99552 0.0593117 0.0571882 -41715.9 16.7442 
100368 0.0674608 0.0407788 -41975.1 16.8817 
101184 0.0603029 0.049323 -41833.9 17.019 
102000 0.0556444 0.0257508 -41964.4 17.1563 
102816 0.0439614 0.00372302 -42712.9 17.2933 
103632 0.0439258 0.0116558 -41678.3 17.4305 
104448 0.0530222 0.0288899 -42154.7 17.5677 
105264 0.0369616 0.0123619 -41976.7 17.705 
106080 0.0440379 0.0264468 -42295.3 17.8423 
106896 0.0514382 0.0355913 -41651.6 17.9794 
107712 0.0399082 0.0235917 -41301.9 18.1166 
108528 0.0574742 0.0553519 -41869.6 18.2539 
109344 0.0295649 0.0216155 -42124.6 18.3911 
110160 0.0598367 0.0546813 -42069 18.5282 
110976 0.0692439 0.0653071 -42451.3 18.6654 
111792 0.0625959 0.0452787 -42168.4 18.8026 
112608 0.0528533 0.0411321 -42596.7 18.9397 
113424 0.0442006 0.0384925 -42865.6 19.0766 
114240 0.037912 0.0344513 -43137.7 19.2137 
115056 0.0567394 0.0492741 -43737.2 19.3508 
115872 0.0345458 0.0222516 -42991 19.4882 
116688 0.0347591 0.00921907 -43326.6 19.6254 
117504 0.0406535 0.0352467 -42913 19.7625 
118320 0.0255652 0.00846799 -42150.2 19.8998 
119136 0.0526839 0.0194232 -41881.6 20.037 
119952 0.0339591 0.0291035 -41840.8 20.1742 
120768 0.0134737 0.00711654 -42772.5 20.3113 
121584 0.060844 0.0421513 -42896.4 20.4486 
122400 0.036879 -0.00193488 -42443.3 20.5858 
123216 0.0397617 -0.028401 -42739.8 20.7232 
124032 0.0391365 0.0370169 -43648.8 20.8602 
124848 0.0390629 0.0217108 -43563.8 20.9975 
125664 0.0485792 0.0359504 -43312.7 21.1346 
126480 0.0718453 0.0589748 -42681.4 21.2717 
127296 0.0650352 0.0593772 -42697.5 21.4091 
128112 0.031176 0.0258435 -42809.6 21.5464 
128928 0.0480493 0.0360501 -42394.8 21.6836 
129744 0.0692793 0.0631484 -42453.4 21.8208 
130560 0.0561826 0.0476736 -41997.5 21.9579 
131376 0.0312381 0.00884961 -42890.4 22.0951 
132192 0.00963458 -8.28239e-05 -42637.1 22.2322 
133008 0.037204 -0.00911714 -42255.7 22.3692 
133824 0.0346551 -0.000857094 -43308.3 22.5063 
134640 0.0248713 -0.00883944 -43724.7 22.6439 
135456 0.0186283 -0.0130193 -43638 22.7811 
136272 0.0522956 -0.0239094 -43412.9 22.9182 
137088 0.0629774 -0.0314789 -43423.2 23.0555 
137904 0.065732 -0.0178192 -43820.4 23.1928 
138720 0.041926 0.0175051 -44031.4 23.3301 
139536 0.0326976 -0.00240932 -44288 23.4673 
140352 0.0308247 0.0144055 -43826.6 23.6047 
141168 0.0388497 0.03494 -43549.3 23.742 
141984 0.0679553 0.0625654 -43880.4 23.8793 
142800 0.0350646 0.0314523 -44018.4 24.0166 
143616 0.0182857 -0.0174559 -43870 24.154 
144432 0.0386192 -0.0212503 -43938.6 24.2912 
145248 0.0572389 -4.26699e-05 -43696.6 24.4286 
146064 0.0647091 0.00605536 -43259.2 24.5661 
146880 0.0662476 -0.0553423 -42305.6 24.7032 
147696 0.0535518 -0.0505708 -41955.3 24.8403 
148512 0.0471967 -0.043121 -41640.9 24.9772 
149328 0.0622407 -0.055583 -41715.6 25.1146 
150144 0.0172449 -0.0159396 -41815.9 25.2518 
150960 0.0466113 -0.0301318 -41977.6 25.3892 
151776 0.029427 -0.0177268 -42631.1 25.5267 
152592 0.0460926 -0.0286523 -42467.9 25.6639 
153408 0.0433096 -0.027492 -42301.9 25.8008 
154224 0.0482625 -0.0339258 -41746.8 25.938 
155040 0.037721 -0.0163145 -41365 26.0752 
155856 0.0299323 -0.0100955 -40328.9 26.2125 
156672 0.0407124 -0.027841 -40133 26.3498 
157488 0.0431843 -0.026323 -41047.4 26.4869 
158304 0.0219889 -0.012521 -41442 26.6242 
159120 0.0191472 -0.0107117 -41274.8 26.7616 
159936 0.0305903 -0.00727309 -42938.8 26.8989 
160752 0.0543227 0.0436242 -43201 27.0361 
161568 0.0335298 -0.0236383 -42411.6 27.1733 
162384 0.0642233 0.0424961 -42956.6 27.3106 
163200 0.0358931 0.0217895 -43352.1 27.4478 
164016 0.0332534 0.0256788 -42618.2 27.5851 
164832 0.026378 -0.0142892 -41682.4 27.7221 
165648 0.03916 -0.0341787 -42256.9 27.859 
166464 0.0280208 -0.00929207 -42215.8 27.9962 
167280 0.0454378 0.0422819 -42758.7 28.1335 
168096 0.0630677 0.0591327 -43869.8 28.2708 
168912 0.0536453 0.0471159 -43469.7 28.408 
169728 0.0100378 0.00909279 -43232.2 28.5453 
170544 0.0476621 0.0269398 -42292.8 28.6838 
171360 0.0404076 0.00125949 -43189.2 28.8211 
172176 0.0534174 0.00962451 -42836.7 28.9583 
172992 0.0367544 -0.0117586 -43300.9 29.0954 
173808 0.023921 -0.00943637 -42446.1 29.2326 
174624 0.0351642 -0.0346326 -42747.6 29.3701 
175440 0.0316647 -0.0234144 -42707.2 29.5072 
176256 0.0371392 0.018549 -43362.9 29.6445 
177072 0.047231 -0.019817 -42881.9 29.7816 
177888 0.033839 0.0148789 -42836.4 29.9188 
178704 0.0530059 0.0171238 -42152.1 30.056 
179520 0.0431958 -0.00750581 -42208.2 30.1929 
180336 0.053628 -0.0283713 -41916.2 30.3299 
181152 0.0378045 -0.00586121 -42587.6 30.467 
181968 0.0523267 0.016169 -41893.6 30.6045 
182784 0.0572811 -0.00865704 -42408.6 30.7418 
183600 0.0318616 -0.00925566 -42227.7 30.8792 
184416 0.0119608 -0.00857772 -41750.3 31.0162 
185232 0.021387 0.0130847 -41613.1 31.1534 
186048 0.0265838 0.0176227 -42247.7 31.2905 
186864 0.0242779 -0.0103322 -42726.9 31.4275 
187680 0.0330283 -0.0258657 -42796 31.565 
188496 0.0528157 -0.0405903 -43458.5 31.7022 
189312 0.0136577 -0.00187758 -43705.6 31.8394 
190128 0.0430529 0.0374105 -44089.5 31.9767 
190944 0.0138651 -0.00583286 -43188.8 32.1138 
191760 0.032514 -0.0229184 -43651.1 32.2507 
192576 0.0528676 -0.0502682 -42272.2 32.388 
193392 0.0356341 0.00251343 -42100 32.525 
194208 0.0136072 0.00958531 -41827.7 32.6623 
195024 0.0305752 0.00311047 -41189.5 32.7994 
195840 0.0367994 -0.00910437 -41123.1 32.9363 
196656 0.0451341 -0.00800099 -40961.8 33.0734 
197472 0.0388789 -0.0111279 -40647.2 33.2105 
198288 0.0293999 -0.00718602 -40355.8 33.3475 
199104 0.0339506 0.0149267 -39680.7 33.4844 
199920 0.0573372 0.048627 -39932.4 33.6213 
200736 0.0608139 0.0579448 -40137.5 33.7583 
201552 0.0231779 0.0211311 -41493.4 33.8955 
202368 0.0595842 0.0586568 -41178.4 34.0329 
203184 0.0464291 0.0451645 -41045 34.1698 
204000 0.0559464 0.0555618 -41931.9 34.3068 
204816 0.0473219 0.0398702 -42639.8 34.4437 
205632 0.0353869 -0.0235313 -43415 34.5809 
206448 0.0573334 -0.0520655 -43315.1 34.7182 
207264 0.0704906 -0.0655918 -43740.4 34.8557 
208080 0.0472692 -0.0217295 -44097.6 34.9931 
208896 0.0637036 -0.0333398 -43956 35.1302 
209712 0.0455131 -0.0069976 -43938.7 35.2679 
210528 0.0442992 -0.031692 -43832 35.4053 
211344 0.0642109 -0.043404 -42749.5 35.5425 
212160 0.0233786 -0.00952313 -42687.1 35.6799 
212976 0.0244298 -0.0107182 -42792.6 35.8171 
213792 0.0359837 0.0133172 -42914.2 35.9544 
214608 0.0568811 -0.00658719 -42952.2 36.0915 
215424 0.07522 0.0672693 -43298.2 36.229 
216240 0.0637203 0.0567905 -43803.9 36.3663 
217056 0.044032 0.0425093 -44414.7 36.5034 
217872 0.0502334 0.0322087 -44019.4 36.6407 
218688 0.0846347 0.0402408 -43874.8 36.7783 
219504 0.0521467 -0.0088929 -44507.2 36.9157 
220320 0.0526383 0.00753002 -44127 37.053 
221136 0.0360847 -0.0133727 -44026.9 37.1904 
221952 0.0210626 -0.0162616 -43439.7 37.3278 
222768 0.0192758 -0.00519215 -44002.1 37.465 
223584 0.0417263 -0.0108894 -44090 37.6023 
224400 0.0192755 -0.00255861 -43753.3 37.7396 
225216 0.0246998 0.0074487 -44593.2 37.8771 
226032 0.0376832 -0.0268731 -44236.2 38.0144 
226848 0.0215084 -0.00314549 -44067.7 38.1514 
227664 0.0251432 -0.0126525 -43908.9 38.2886 
228480 0.0266922 0.0013441 -44049.9 38.4259 
229296 0.0172782 -0.0130468 -43629.8 38.563 
230112 0.0289842 -0.0215595 -42799.1 38.7 
230928 0.0132666 0.000350008 -42215.8 38.8376 
231744 0.0198613 -0.00607163 -42314.2 38.975 
232560 0.0428075 -0.0381422 -42583.7 39.1123 
233376 0.036574 -0.0363435 -43128.9 39.2495 
234192 0.038108 -0.0234995 -43016.6 39.3865 
235008 0.0454783 -0.034193 -43404.2 39.5237 
235824 0.035709 -0.00907427 -42207.3 39.6612 
236640 0.0303484 -0.0192327 -41727.2 39.7983 
237456 0.0495209 -0.031749 -41876.2 39.9357 
238272 0.0632995 -0.0477122 -42387.5 40.0732 
239088 0.06639 -0.0413141 -42405.3 40.2105 
239904 0.0510845 -0.0237213 -42083.9 40.3481 
240720 0.0835522 -0.0571912 -42951.5 40.4852 
241536 0.0922883 -0.045974 -43560.7 40.6227 
242352 0.0957419 -0.0440855 -43602.9 40.76 
243168 0.0886864 -0.0570681 -43224.9 40.897 
243984 0.0606293 -0.0171521 -42954 41.0342 
244800 0.0427929 -0.0164525 -42947.1 41.1714 
245616 0.029089 -0.010368 -43218.7 41.3085 
246432 0.0305684 0.0070373 -43726.5 41.4458 
247248 0.0154687 -0.0144113 -43178.3 41.583 
248064 0.032956 -0.00180909 -43646.6 41.7202 
248880 0.0136789 0.0127261 -43871.7 41.8573 
249696 0.025913 0.00417845 -42688.1 41.9944 
250512 0.0335357 0.0064737 -43030.4 42.1313 
251328 0.0242807 -0.00415739 -43246 42.2686 
252144 0.021 0.0171326 -43243.6 42.4056 
252960 0.059053 0.0363322 -42690.8 42.5431 
253776 0.0544027 -0.0262517 -41817 42.6805 
254592 0.0488849 -0.0249376 -42522.2 42.8179 
255408 0.0442672 -0.0198658 -42043.7 42.9553 
256224 0.0249284 -0.0223525 -41853.8 43.0929 
257040 0.0418958 -0.0357141 -42664.9 43.2305 
257856 0.0514723 -0.0389706 -42620 43.3677 
258672 0.0458283 -0.0413626 -42644.4 43.5049 
259488 0.0115038 0.00911941 -42481.9 43.6421 
260304 0.0255042 -0.0215591 -42194.4 43.7794 
261120 0.0404615 -0.00658922 -42004.1 43.9169 
261936 0.0430917 0.0164581 -42720.6 44.0541 
262752 0.0470559 -0.0254851 -42214.9 44.1912 
263568 0.0752424 -0.0420064 -42919.9 44.3285 
264384 0.0655867 -0.0292549 -42894.8 44.4658 
265200 0.0268113 -0.00742281 -42907.5 44.6031 
266016 0.0167174 0.00258346 -43448 44.7403 
266832 0.0396688 -0.0162849 -43451.5 44.8778 
267648 0.0460029 0.00750403 -43568.5 45.015 
268464 0.0570446 0.00110001 -43334.1 45.1522 
269280 0.0535676 0.00102123 -42486.9 45.289 
270096 0.0553112 -0.00243387 -41825 45.4264 
270912 0.0111854 -0.000996453 -42501.6 45.5637 
271728 0.0319209 0.0204519 -41835.1 45.7011 
272544 0.0307877 0.00425538 -42142.8 45.8385 
273360 0.0345519 0.022773 -42617.3 45.976 
274176 0.0368544 0.0263879 -43583.1 46.1135 
274992 0.040555 0.0351425 -43263.1 46.2509 
275808 0.0609141 0.0411507 -43053.2 46.3881 
276624 0.0472319 0.00979183 -42417.4 46.5254 
277440 0.0572085 0.0334766 -43018.1 46.6628 
278256 0.0457383 0.0383672 -42983.4 46.8002 
279072 0.053774 0.0312756 -43162.3 46.9375 
279888 0.0422878 0.0234581 -43437.1 47.0747 
280704 0.0542058 0.0152192 -42722.5 47.2118 
281520 0.0429927 -0.0276481 -41765.6 47.3492 
282336 0.0182006 0.00624078 -42201.3 47.4864 
283152 0.0176064 -0.00916284 -41298 47.6238 
283968 0.0115898 -0.00673872 -41455.2 47.761 
284784 0.0193637 0.00524667 -40939.4 47.8987 
285600 0.052827 0.0173084 -41098.2 48.036 
286416 0.0456855 0.0150137 -42499.6 48.1735 
287232 0.0521022 0.0100866 -43105.1 48.3109 
288048 0.0639565 0.0165645 -43234 48.4482 
288864 0.0326612 0.015352 -43986.2 48.586 
289680 0.0385242 0.0144387 -44098.3 48.7232 
290496 0.023981 0.0158262 -42866.5 48.8607 
291312 0.0448568 0.044749 -43135.1 48.998 
292128 0.0311549 0.0262318 -44285.5 49.1355 
292944 0.0363009 0.0188232 -44994.4 49.2726 
293760 0.0503624 0.0172157 -44258.5 49.4102 
294576 0.0559116 0.00768207 -44160.4 49.5472 
295392 0.0351602 -0.0216241 -44379.9 49.6846 
296208 0.0336425 -0.0298091 -43030.4 49.8222 
297024 0.0264181 4.88639e-05 -43591.1 49.9599 
297840 0.0200054 -0.00270281 -43845.1 50.0975 
298656 0.0438073 0.0363002 -43443 50.2348 
299472 0.0541333 0.0407555 -42844.1 50.3726 
300288 0.0281345 0.00476167 -42415.2 50.51 
301104 0.0521785 0.0231234 -42411.6 50.6473 
301920 0.0512839 0.0259386 -42637.1 50.7849 
302736 0.0250659 -0.000421508 -42580 50.9226 
303552 0.0645982 -0.00944534 -43244.4 51.0598 
304368 0.0483925 0.00339265 -42597.3 51.1973 
305184 0.0261636 0.00969907 -42631.3 51.3351 
306000 0.0418216 0.0286422 -43011.5 51.4723 
306816 0.0408508 0.0230071 -43760.4 51.6098 
307632 0.0245758 0.000334964 -43319.7 51.7476 
308448 0.0281567 0.0227306 -43702.8 51.885 
309264 0.0262309 0.0236168 -42752 52.0228 
310080 0.0502784 -0.000430574 -42698.1 52.1601 
310896 0.0563125 0.0297862 -42332.1 52.2973 
311712 0.0707652 0.0497751 -42801.1 52.4348 
312528 0.0135052 0.00221644 -42596.1 52.5723 
313344 0.0347333 -0.0219221 -42902 52.7098 
314160 0.045439 -0.0425511 -43337.8 52.8474 
314976 0.0453709 -0.0379772 -43880.6 52.9845 
315792 0.0354845 -0.0233727 -43435.4 53.122 
316608 0.0334433 -0.00823967 -43448.6 53.2593 
317424 0.0273423 -0.0271866 -42720.7 53.3969 
318240 0.0220851 -0.0193364 -42443.7 53.5342 
319056 0.0352246 -0.0257485 -42589.2 53.6717 
319872 0.0194787 -0.00632308 -42181.9 53.8089 
320688 0.0318152 -0.0275787 -42841.6 53.9462 
321504 0.0608052 -0.0570381 -44247.9 54.0836 
322320 0.0177736 -0.000752949 -44408.2 54.2207 
323136 0.0180749 -0.00533125 -43381.9 54.3581 
323952 0.0569467 0.0309693 -43831.5 54.4954 
324768 0.0475956 0.0312714 -43692.6 54.6327 
325584 0.0459425 0.0410483 -43102.1 54.7704 
326400 0.0483136 0.0210796 -43561 54.9077 
327216 0.023581 -0.0100943 -42962 55.0451 
328032 0.0304328 0.0296824 -42599.9 55.1823 
328848 0.0138238 0.00837229 -42385.1 55.3198 
329664 0.0327106 0.00426495 -42751.9 55.4571 
330480 0.0320919 -0.0181934 -43642.8 55.5944 
331296 0.0418502 -0.00825897 -42531.1 55.7316 
332112 0.0341289 -0.0271669 -42235.4 55.869 
332928 0.0542094 -0.0464289 -42720.6 56.0063 
333744 0.0483055 0.00266598 -42881.2 56.1437 
334560 0.0487759 -0.00614016 -42847.2 56.2809 
335376 0.0600604 -0.0187434 -42288.7 56.4179 
336192 0.0723527 0.0102627 -44040.9 56.5552 
337008 0.0638227 0.0370678 -44719.9 56.6924 
337824 0.0404912 0.0176922 -44007 56.8298 
338640 0.0379245 0.0191805 -43921 56.9671 
339456 0.0548738 0.0460926 -44207.3 57.1043 
340272 0.0457651 0.0178575 -44062.8 57.2415 
341088 0.0685557 0.0286116 -43734.2 57.3789 
341904 0.0716456 0.00737715 -43314.1 57.516 
342720 0.0688312 0.03163 -42602.8 57.6533 
343536 0.0705612 0.0316127 -42903.1 57.791 
344352 0.0594718 0.000338663 -42819.5 57.9284 
345168 0.0308407 0.0101738 -42841.3 58.0658 
345984 0.0328396 0.010172 -43080.3 58.2031 
346800 0.0409646 -0.0113598 -42689.9 58.3403 
347616 0.04321 -0.0363918 -42193.3 58.4775 
348432 0.0301358 -0.029286 -41141.1 58.6146 
349248 0.00954719 0.000606475 -40989.4 58.7519 
350064 0.0380599 0.0201454 -41927.7 58.8891 
350880 0.0650747 0.0164649 -42319.4 59.0263 
351696 0.0422464 -0.0159728 -42057.1 59.1634 
352512 0.0346866 0.0211908 -42000.2 59.3009 
353328 0.0196431 0.0129235 -41044.9 59.4382 
354144 0.0593916 0.0445834 -41909.5 59.5754 
354960 0.0780577 0.0328822 -41095.3 59.713 
355776 0.0642726 0.0068446 -40926.7 59.8502 
356592 0.0690682 -0.0297861 -40769 59.9874 
357408 0.0556009 -0.0393747 -41255.4 60.1249 
358224 0.0667561 -0.0455031 -41643 60.2622 
359040 0.0781778 -0.0685773 -42459.9 60.3997 
359856 0.0847098 -0.0545277 -43207.6 60.537 
360672 0.0633318 -0.0282505 -42491.5 60.6743 
361488 0.0447301 -0.0256075 -41965.1 60.8116 
362304 0.0372137 -0.0247368 -43192.2 60.9489 
363120 0.0633234 0.0151127 -42633.9 61.0865 
363936 0.0307784 0.012841 -43431.6 61.2241 
364752 0.0406363 0.0176343 -43018.9 61.3615 
365568 0.0406468 0.0281834 -42317.8 61.4991 
366384 0.0530754 0.0454792 -43123.4 61.6365 
367200 0.0410829 0.039741 -42756 61.774 
368016 0.0441698 0.0404256 -42747.6 61.9114 
368832 0.049423 0.0487791 -42468.4 62.0489 
369648 0.0444111 0.0420821 -42320 62.1862 
370464 0.0286742 0.0147293 -42474 62.3233 
371280 0.048944 0.0126333 -42394.1 62.4607 
372096 0.0448065 -0.00890229 -42520.9 62.598 
372912 0.0364142 -0.00715268 -42968.5 62.7353 
373728 0.0187151 0.00295497 -42560.5 62.8725 
374544 0.0221021 -0.0184787 -41687.8 63.0098 
375360 0.0510138 -0.0499797 -42020.1 63.1471 
376176 0.018163 -0.0158837 -42244.3 63.2843 
376992 0.0136981 0.00112876 -42423.3 63.4219 
377808 0.024024 0.0174725 -42094 63.5591 
378624 0.0185218 0.017123 -42449.2 63.6966 
379440 0.0250538 0.0135574 -42634.6 63.8337 
380256 0.046667 -0.0339242 -42959.5 63.971 
381072 0.022945 -0.0178924 -42973.3 64.1083 
381888 0.0348816 0.0144148 -42339.2 64.2456 
382704 0.0476528 0.0314764 -43208 64.3829 
383520 0.0535978 0.0484479 -43553 64.5201 
384336 0.06299 0.0358763 -44247.7 64.6574 
385152 0.0493307 0.0191283 -43583.8 64.7948 
385968 0.0284891 0.00123867 -43599.2 64.9319 
386784 0.0391671 0.00396977 -43089.7 65.0693 
387600 0.0689556 0.0377825 -43194 65.2065 
388416 0.0497727 0.0269026 -43303.5 65.344 
389232 0.046676 0.0160925 -42046.9 65.4813 
390048 0.028201 0.0213449 -41407.9 65.6185 
390864 0.0412762 -0.0219635 -42035.9 65.7559 
391680 0.0582503 -0.0417982 -42417.7 65.8936 
392496 0.0761703 -0.0644014 -42026.3 66.0306 
393312 0.0595913 -0.0419202 -41868.2 66.1679 
394128 0.0590417 0.00329288 -41650.9 66.3053 
394944 0.0761453 0.0138628 -42104.3 66.4427 
395760 0.093947 -0.0165238 -42735.2 66.5797 
396576 0.0984611 -0.00161782 -42840.5 66.7169 
397392 0.0977493 0.0058192 -42962.6 66.8544 
398208 0.0900118 0.033222 -42776.9 66.9919 
399024 0.0924617 0.050504 -42861.9 67.1293 
399840 0.0891371 0.0324631 -43775.8 67.2668 
400656 0.0566823 -0.00386148 -44367.7 67.404 
401472 0.0817415 -0.0177481 -44205 67.5411 
402288 0.0398645 -0.023548 -43611.2 67.6782 
403104 0.0536178 -0.0059216 -43101.6 67.8156 
403920 0.0524074 -0.00576969 -43478 67.9527 
404736 0.0622606 0.0452468 -43285.2 68.0899 
405552 0.0326915 0.0213195 -42571.4 68.2273 
406368 0.0467727 0.0360918 -43132.3 68.3645 
407184 0.0578848 0.05265 -43777.9 68.5018 
408000 0.0462954 0.0382407 -43632.4 68.6391 
408816 0.0461933 0.035916 -43126 68.7765 
409632 0.0377664 0.0232737 -42687.2 68.9136 
410448 0.0367694 0.0347505 -42988.2 69.0512 
411264 0.0160918 0.00140364 -42914.2 69.1884 
412080 0.0438908 0.0366321 -42510.2 69.3255 
412896 0.0837678 0.0789915 -42459.5 69.4631 
413712 0.0799441 0.0648022 -41720.3 69.6003 
414528 0.0650731 0.0563018 -40946.6 69.7377 
415344 0.0709073 0.0502657 -41133.5 69.875 
416160 0.0488037 0.0236769 -42295.5 70.0123 
416976 0.0567145 0.0529013 -42058.7 70.1498 
417792 0.0558092 0.0530825 -42125 70.2869 
418608 0.0731033 0.0726918 -41957.5 70.4243 
419424 0.049661 0.0490722 -42053.6 70.5619 
420240 0.0891086 0.0790942 -41287.6 70.6991 
421056 0.068076 0.0484399 -41845.4 70.8363 
421872 0.0650776 0.00144378 -42505.6 70.9737 
422688 0.0562993 0.00050615 -42350.1 71.1112 
423504 0.0560788 -0.0182441 -42197.2 71.2485 
424320 0.0501233 -0.00268088 -43414.2 71.3857 
425136 0.0640232 -0.0171811 -43794.4 71.5231 
425952 0.097338 0.0177613 -43382.8 71.6603 
426768 0.126719 0.035182 -44051.2 71.7977 
427584 0.0976367 0.0458841 -43614.3 71.9346 
428400 0.0733684 0.0571165 -43780.9 72.0722 
429216 0.0541522 0.0236393 -43456.4 72.2096 
430032 0.0250677 -0.00261328 -43089.6 72.3469 
430848 0.0509179 -0.0234224 -42034.1 72.4841 
431664 0.0567385 0.0230365 -42245.7 72.6214 
432480 0.0302527 0.0184095 -41463.9 72.7589 
433296 0.0377701 -0.00758744 -41468.7 72.8962 
434112 0.0533347 0.00278277 -41695.3 73.0336 
434928 0.0487807 0.0347032 -42297.6 73.171 
435744 0.0419873 0.0409022 -43783.6 73.3083 
436560 0.0307873 0.0259584 -44279.1 73.4455 
437376 0.0481239 0.0239193 -43237.7 73.583 
438192 0.0315687 -0.026555 -42973.2 73.7203 
439008 0.0304519 -0.0121063 -42731.1 73.8575 
439824 0.0494148 0.00690784 -42852.1 73.9945 
440640 0.0274634 0.0161498 -42981 74.1321 
441456 0.036439 0.00687621 -42944.7 74.2694 
442272 0.037305 0.00859194 -43311 74.4067 
443088 0.055009 -0.0272182 -43516.4 74.5442 
443904 0.0436427 -0.000863814 -42567.7 74.6817 
444720 0.0615713 -0.00436905 -42936.6 74.819 
445536 0.0701297 -0.0341233 -43383.5 74.9566 
446352 0.0931661 -0.0463032 -43986.6 75.0939 
447168 0.0538414 -0.0436321 -43177.3 75.2311 
447984 0.055213 -0.0438509 -42851 75.3684 
448800 0.0551354 -0.0353546 -42125.7 75.5055 
449616 0.105191 -0.0796207 -42878 75.6429 
450432 0.0707815 -0.0497039 -43551.8 75.7802 
451248 0.0347261 -0.0341435 -43227 75.9176 
452064 0.0396721 -0.02765 -43085.4 76.0551 
452880 0.0545282 -0.0418271 -42770.3 76.1923 
453696 0.0470364 -0.00634418 -42251.3 76.3297 
454512 0.0161487 -0.00975657 -42799.5 76.467 
455328 0.0257453 -0.00521315 -43138.3 76.6045 
456144 0.0407656 -0.00426959 -43024.1 76.7417 
456960 0.0406626 0.0148255 -42668.7 76.8791 
457776 0.0384298 0.0300108 -42589.6 77.0165 
458592 0.0379018 0.013573 -42460.4 77.1536 
459408 0.0410262 -0.000635524 -42990.4 77.2915 
460224 0.0570917 0.0237481 -43202.6 77.4287 
461040 0.0632625 0.0562277 -43342.4 77.5661 
461856 0.0526978 0.048736 -41928.6 77.7035 
462672 0.0464695 0.0427204 -42055.1 77.8407 
463488 0.0271561 0.00174044 -41532.3 77.9781 
464304 0.031983 0.00619518 -41143.1 78.1154 
465120 0.0341928 0.00607495 -41578.3 78.253 
465936 0.0183651 0.00416155 -43005.5 78.3903 
466752 0.0393282 0.0342368 -43333.8 78.5275 
467568 0.0400153 0.0298262 -42758.4 78.6649 
468384 0.0411992 0.0380653 -42657.6 78.8021 
469200 0.049628 0.0337147 -43033.3 78.9394 
470016 0.024771 -0.0172123 -42689.8 79.0769 
470832 0.0535688 -0.0122522 -42514.8 79.2145 
471648 0.0495572 -0.0133001 -42702.2 79.3522 
472464 0.0510326 -0.00278839 -42750 79.4893 
473280 0.0835577 0.018121 -43442.1 79.6271 
474096 0.0728771 0.000389111 -42612.1 79.7646 
474912 0.0677892 0.00918507 -43389.2 79.9018 
475728 0.0590959 0.0101414 -43595.8 80.0393 
476544 0.0718378 0.017522 -43140.7 80.1769 
477360 0.0388909 0.00573846 -42721.1 80.3145 
478176 0.055567 -0.0265964 -43020.6 80.4521 
478992 0.0595913 -0.00240881 -43065.4 80.5894 
479808 0.0452506 -0.0120477 -42649.7 80.7271 
480624 0.0425147 0.0202552 -42596.3 80.8646 
481440 0.0569293 -0.0200907 -42575.3 81.0032 
482256 0.0607497 -0.00442448 -41612 81.1406 
483072 0.075276 0.0234567 -42387.4 81.2779 
483888 0.05254 0.0148775 -42469.1 81.4152 
484704 0.0435774 -0.00258118 -43075.4 81.5526 
485520 0.0155516 -0.00291116 -43214 81.6902 
486336 0.0401523 -0.00863032 -42708.4 81.8277 
487152 0.0501967 0.0210782 -43221.4 81.9651 
487968 0.0352286 0.0308158 -43564.1 82.1024 
488784 0.0293177 0.000140728 -44108 82.24 
489600 0.0261753 -0.00783351 -43532.7 82.3773 
490416 0.063319 0.0485446 -43081.1 82.5147 
491232 0.0477685 -0.00924355 -43642.7 82.6523 
492048 0.0261157 -0.0055456 -43345.4 82.7897 
492864 0.00932519 0.00810784 -43922.5 82.9273 
493680 0.0542063 0.0472671 -43072.9 83.0648 
494496 0.0341739 0.0336852 -43326.1 83.2019 
495312 0.0326174 0.02748 -43112.8 83.3392 
496128 0.0256645 0.011745 -42764.5 83.4768 
496944 0.0525068 0.0484364 -43025.7 83.6141 
497760 0.037221 0.0185221 -42837.3 83.7514 
498576 0.0501549 -0.0248386 -43077.3 83.8886 
499392 0.0266302 -0.00162102 -42547.6 84.0261 
500208 0.0176586 -0.00260289 -42659.8 84.1636 
501024 0.0174506 -0.0153789 -42714 84.301 
501840 0.0644672 -0.0565734 -42067.3 84.4385 
502656 0.0355811 -0.0147201 -42470.4 84.576 
503472 0.0288247 -0.00164809 -42463.8 84.7132 
504288 0.0634317 -0.0551347 -42509.1 84.8507 
505104 0.0208192 -0.0155813 -42033 84.9881 
505920 0.0186456 -0.014539 -42045 85.1254 
506736 0.0177786 -0.00753423 -41526.6 85.2628 
507552 0.0432575 0.0269214 -41568.1 85.4001 
508368 0.0307269 0.0154972 -41061.8 85.5373 
509184 0.011288 0.000166861 -42086.2 85.6747 
510000 0.0281946 0.00803481 -42496.7 85.8119 
510816 0.0333659 -0.0109145 -43163.9 85.9491 
511632 0.0574207 0.00558876 -44442.1 86.0868 
512448 0.051163 -0.0107488 -44430.9 86.2244 
513264 0.0273253 0.00417522 -44992.1 86.362 
514080 0.0796938 -0.0627584 -44408.4 86.4994 
514896 0.0625065 -0.0105365 -42636.3 86.6369 
515712 0.0882706 -0.0384115 -43076.5 86.7741 
516528 0.0725342 -0.0580692 -43670.9 86.9117 
517344 0.0348748 -0.0323185 -43902.1 87.0493 
518160 0.0422651 -0.0365718 -43495 87.1866 
518976 0.0523909 -0.0494221 -43342.4 87.3243 
519792 0.0339534 -0.022467 -43588 87.4617 
520608 0.0249621 -0.0220944 -43946.9 87.5993 
521424 0.0360964 0.00867659 -43450.7 87.7368 
522240 0.0218936 -0.0073337 -44097.1 87.8741 
523056 0.0303825 0.0239417 -43310.6 88.0113 
523872 0.0350638 0.0336207 -43443 88.1488 
524688 0.0471865 0.0105324 -43533.3 88.2861 
525504 0.0173378 -0.00410008 -44187.7 88.4232 
526320 0.0459203 0.0120629 -44672.8 88.5607 
527136 0.0487382 0.0145624 -44329.7 88.6978 
527952 0.0375061 -0.0148043 -43958.8 88.8354 
528768 0.0603762 0.0150149 -43048.7 88.9726 
529584 0.0524568 0.0194313 -43303.8 89.1097 
530400 0.0423877 0.0105114 -42836.4 89.2472 
531216 0.0575196 -0.0164628 -43294.7 89.3847 
532032 0.056211 -0.0146535 -43815 89.5219 
532848 0.0631911 0.017045 -43153.8 89.6591 
533664 0.0654379 -0.00878904 -42980.7 89.7965 
534480 0.0536164 0.00458641 -42174.5 89.934 
535296 0.0587041 0.0111351 -42040 90.0716 
536112 0.0634658 0.049651 -42631.9 90.209 
536928 0.0557823 0.0344148 -42486.5 90.3463 
537744 0.0315372 0.03044 -41906 90.484 
538560 0.0495176 0.0462402 -43138 90.6215 
539376 0.0598164 0.0533253 -43502.7 90.7591 
540192 0.0807501 0.0586123 -43364.1 90.8964 
541008 0.039356 -0.00990415 -43448.7 91.0336 
541824 0.0539829 0.0278994 -42825.2 91.1712 
542640 0.0416739 0.0172144 -42370.4 91.3086 
543456 0.0461714 0.00846511 -43076.1 91.4463 
544272 0.0412465 0.0192952 -42585.5 91.5837 
545088 0.0478392 -0.0184424 -43202.2 91.721 
545904 0.0433927 -0.0131003 -43417.1 91.8582 
546720 0.00847755 -0.000613051 -42880.5 91.9957 
547536 0.01326 -0.0093887 -43432.5 92.1331 
548352 0.0192511 0.0075449 -44114.5 92.2704 
549168 0.0396072 -0.0159696 -43503.1 92.4077 
549984 0.023618 -0.00267921 -43930.8 92.5452 
550800 0.0298614 0.0122208 -43424.1 92.6825 
551616 0.0421248 0.0315365 -43172.9 92.8201 
552432 0.0634282 0.0512489 -42778.6 92.9575 
553248 0.0294324 0.0208642 -41886.7 93.0951 
554064 0.0245304 -0.003116 -41604.3 93.2325 
554880 0.0419489 0.0382282 -41107.2 93.3698 
555696 0.020796 0.0143523 -40793.6 93.507 
556512 0.016068 -0.0081914 -41232.9 93.6445 
557328 0.00811641 0.00256435 -41637.6 93.7819 
558144 0.0229907 0.0010153 -43175.3 93.9193 
558960 0.0223762 0.0118671 -42644.1 94.0566 
559776 0.0441855 -0.00994825 -42908.4 94.1942 
560592 0.0727829 -0.0372202 -42967.5 94.3317 
561408 0.0492087 0.0193023 -42781.2 94.4694 
562224 0.0324802 0.0105347 -41603.4 94.6067 
563040 0.0271191 0.00622032 -40684.5 94.744 
563856 0.0411424 0.00446156 -40734.9 94.8815 
564672 0.0632211 0.0340495 -40496.9 95.019 
565488 0.0692621 0.0209099 -40635.7 95.1564 
566304 0.0513172 0.00403031 -40860 95.2941 
567120 0.0527082 0.0247173 -41761.1 95.4316 
567936 0.0224613 0.0113368 -40914.3 95.569 
568752 0.0241206 0.0174721 -41703.8 95.7063 
569568 0.0156659 0.00917082 -41368.4 95.8436 
570384 0.027551 -0.000568923 -42036.8 95.981 
571200 0.022285 0.0208863 -42158.1 96.1181 
572016 0.0633827 -0.0410444 -41482.7 96.2555 
572832 0.0403684 0.00837926 -43020.9 96.3926 
573648 0.0740568 -0.0179116 -43108.1 96.5299 
574464 0.0551111 -0.0397391 -43015 96.6674 
575280 0.0188845 -0.00374545 -42831.8 96.8048 
576096 0.0294781 -0.0177001 -42314.6 96.9423 
576912 0.0333569 -0.00744962 -42986.5 97.0796 
577728 0.0256008 -0.011953 -42830.6 97.2169 
578544 0.0457433 0.0320388 -43218 97.3541 
579360 0.0440425 0.00392183 -43025.2 97.4915 
580176 0.0273993 -0.0089438 -43719.1 97.6288 
580992 0.0505694 0.00668907 -43829.4 97.7659 
581808 0.0479566 0.0215606 -44186.1 97.9033 
582624 0.0532599 -0.0265147 -44418 98.0406 
583440 0.0427812 0.0016534 -44300.5 98.1778 
584256 0.0341614 -0.0255322 -44949.6 98.3154 
585072 0.0274923 -0.0244356 -44280.3 98.4528 
585888 0.0404453 -0.00035061 -44263.4 98.5904 
586704 0.0201796 0.00588946 -44016.9 98.7276 
587520 0.0372581 -0.0309231 -43870.4 98.865 
588336 0.027293 -0.00169334 -44094.6 99.0023 
589152 0.0471416 0.0138094 -43199.3 99.1395 
589968 0.0424029 0.0244399 -43041.4 99.2769 
590784 0.0107062 0.00791422 -43469 99.4145 
591600 0.0322937 -0.0111527 -43645.6 99.5522 
592416 0.0464912 0.0196748 -43270.3 99.6897 
593232 0.0433245 0.0313282 -43819.2 99.8269 
594048 0.042903 0.0274064 -42982.8 99.9643 
594864 0.0513971 0.0268184 -43239.7 100.102 
595680 0.0720596 -0.0108035 -43540.6 100.239 
596496 0.0615494 -0.00890256 -42974.5 100.376 
597312 0.0470703 0.0237276 -43828 100.514 
598128 0.0459928 0.00253807 -42715.9 100.651 
598944 0.0313668 0.0028641 -42584 100.789 
599760 0.0142587 -0.013131 -42824.2 100.926 
600576 0.0188989 0.0023703 -42408.1 101.063 
601392 0.046766 0.0348924 -43055.7 101.201 
602208 0.0608035 0.0593406 -43470.9 101.338 
603024 0.0482288 0.0430408 -42839.7 101.476 
603840 0.0412137 0.0262049 -42850.6 101.613 
604656 0.0414481 0.0343959 -41777.8 101.751 
605472 0.0434239 0.0172383 -42655.8 101.888 
606288 0.0345659 0.0225006 -42605.6 102.025 
607104 0.0195024 -0.0127959 -42487.4 102.163 
607920 0.0284316 0.0173012 -43195.4 102.3 
608736 0.0765061 0.0193271 -42571.9 102.437 
609552 0.0656335 0.00624979 -42041 102.574 
610368 0.0317051 -0.00135258 -41810.3 102.711 
611184 0.0418732 -0.00396516 -42249.9 102.849 
612000 0.0133344 0.0012174 -42162.9 102.986 
612816 0.0401534 -0.0124335 -41705.8 103.124 
613632 0.0558629 -0.000378982 -42260.2 103.261 
614448 0.0534979 -0.00732415 -41886.6 103.398 
615264 0.0351348 -0.00058696 -42440.3 103.535 
616080 0.00963777 -0.00135639 -42674.3 103.673 
616896 0.0287953 -0.0169426 -42512 103.81 
617712 0.0314646 -0.0166608 -42157.8 103.947 
618528 0.0304542 -0.0212026 -42181.9 104.084 
619344 0.0374886 -0.00311504 -42853.4 104.222 
620160 0.0352303 -0.0198006 -41290.1 104.359 
620976 0.0694831 -0.00974095 -41912.6 104.497 
621792 0.0900646 0.0107514 -41977.8 104.634 
622608 0.103416 0.0285419 -42928.1 104.772 
623424 0.0767519 0.0452234 -41874.4 104.909 
624240 0.0544725 0.0283053 -42136.5 105.046 
625056 0.0806961 0.0392248 -41909.1 105.184 
625872 0.0199926 0.0118492 -42172.7 105.322 
626688 0.0285235 -0.0119196 -42213.5 105.459 
627504 0.0522249 0.0124401 -42208.5 105.596 
628320 0.0487812 0.0148467 -41226.5 105.734 
629136 0.0417012 -0.00291581 -40388.8 105.871 
629952 0.0161285 -0.0133646 -40854.8 106.009 
630768 0.0323611 -0.00295705 -42218.6 106.146 
631584 0.0657916 -0.0480021 -42140 106.284 
632400 0.0404543 -0.0213818 -43039.6 106.421 
633216 0.0440563 0.00316003 -42167.2 106.559 
634032 0.0382828 -0.000442499 -41791.3 106.696 
634848 0.0169326 -0.00996944 -41221.3 106.833 
635664 0.0313651 0.0155328 -41669 106.971 
636480 0.0206559 -0.00945227 -41598.1 107.108 
637296 0.0286511 -0.0147748 -42026.6 107.246 
638112 0.0303386 -0.0140452 -42385.4 107.383 
638928 0.0223958 -0.0141524 -42242.6 107.521 
639744 0.0401821 -0.0229002 -42265.9 107.658 
640560 0.0181459 0.00161808 -41825.5 107.795 
641376 0.0487785 0.0100541 -42619.2 107.933 
642192 0.0441386 0.0152716 -43049.5 108.07 
643008 0.0400162 -0.0218086 -42728.9 108.207 
643824 0.0548117 -0.0509076 -42589.2 108.345 
644640 0.018638 0.00102557 -42692.1 108.482 
645456 0.0266826 -0.0155429 -42798 108.619 
646272 0.027597 -0.0184159 -43845.2 108.757 
647088 0.0337419 -0.0306465 -44227.9 108.894 
647904 0.022795 -0.0195334 -43557.3 109.032 
648720 0.0224381 -0.00173987 -43077.6 109.169 
649536 0.0348399 0.0331555 -44111.7 109.306 
650352 0.0384384 -0.0163598 -43764.7 109.444 
651168 0.0606203 -0.0247231 -43832.4 109.581 
651984 0.0656739 0.0006063 -43893.8 109.718 
652800 0.0422529 0.0131538 -44147.8 109.856 
653616 0.0480261 -0.0247173 -43373.1 109.993 
654432 0.0332134 0.0100602 -42930.4 110.131 
655248 0.0310716 0.00805098 -43581.2 110.268 
656064 0.0368691 0.0351001 -43088.7 110.405 
656880 0.0383882 0.0125878 -43341.4 110.543 
657696 0.0582712 -0.00799653 -43660.8 110.68 
658512 0.0485682 -0.00586993 -43605.8 110.818 
659328 0.0424208 -0.002765 -43688 110.955 
660144 0.0442055 0.0209073 -43017.5 111.092 
660960 0.0757795 0.0717736 -42719.1 111.229 
661776 0.0462241 0.0332433 -42887.7 111.367 
662592 0.0597797 0.0422401 -43032.9 111.504 
663408 0.0611233 0.0524761 -43197.7 111.641 
664224 0.0561624 0.0156621 -42778 111.779 
665040 0.045944 0.0332356 -43188.8 111.916 
665856 0.026617 0.00342717 -43404.8 112.054 
666672 0.014042 0.0122067 -44124 112.191 
667488 0.0226926 0.00772284 -44736.7 112.328 
668304 0.0252364 0.0206857 -43425.5 112.466 
669120 0.0441798 0.0151263 -43600.9 112.603 
669936 0.0521171 0.0395437 -43840.3 112.741 
670752 0.0384574 0.014456 -43879.1 112.878 
671568 0.0368902 -0.033801 -43328.5 113.015 
672384 0.0568453 -0.0557958 -43710.3 113.153 
673200 0.060885 -0.0493937 -44081 113.289 
674016 0.0420843 0.0145054 -43476.9 113.426 
674832 0.0415928 0.0271516 -43936.5 113.564 
675648 0.048245 0.0383735 -45110.5 113.701 
676464 0.0468678 0.0437102 -44378.5 113.839 
677280 0.0456951 0.029263 -43798.4 113.977 
678096 0.0517237 0.051328 -43175.1 114.114 
678912 0.0492224 0.0470142 -42830.5 114.251 
679728 0.0327071 0.0308524 -41800.7 114.389 
680544 0.0364986 -0.019616 -41560.9 114.526 
681360 0.0331359 -0.00690631 -41372.9 114.663 
682176 0.0575225 -0.0521698 -41913.7 114.801 
682992 0.0681628 -0.0277882 -42657.3 114.938 
683808 0.0290092 -0.0239375 -42966.9 115.076 
684624 0.0412178 -0.0173427 -42932 115.213 
685440 0.0173301 -0.0092218 -42567.9 115.35 
686256 0.0227419 -0.0220125 -42604.8 115.488 
687072 0.0277718 -0.0258308 -42329.6 115.625 
687888 0.00974213 0.00249743 -43049.6 115.763 
688704 0.00724472 -0.00521997 -42955.3 115.901 
689520 0.0296232 0.0234399 -42340 116.038 
690336 0.0307838 0.0288988 -42149.6 116.175 
691152 0.0207566 -0.00600546 -42815.4 116.313 
691968 0.0409534 -0.0167898 -42308.8 116.45 
692784 0.0296528 -0.0122009 -42951.2 116.588 
693600 0.0471614 -0.0145871 -42538.4 116.725 
694416 0.0498586 -0.0230296 -43212.7 116.863 
695232 0.0381011 -0.0226576 -42709.6 117 
696048 0.0464365 -0.0357959 -42744.5 117.138 
696864 0.037903 -0.0183303 -42834.8 117.275 
697680 0.024479 0.0211276 -43250.4 117.412 
698496 0.0329426 -0.0324734 -42588 117.55 
699312 0.0240832 -0.0152112 -41945.1 117.687 
700128 0.0275368 0.0143658 -41551.3 117.824 
700944 0.0110632 0.0101533 -42218.7 117.962 
701760 0.0518906 -0.0497566 -41715.1 118.099 
702576 0.073662 -0.0718443 -42729.1 118.237 
703392 0.0587448 -0.0408729 -42496.6 118.374 
704208 0.0406118 -0.00261381 -42978.2 118.512 
705024 0.0818211 -0.0662011 -43285.1 118.649 
705840 0.0444004 -0.0297339 -42469.3 118.786 
706656 0.041579 -0.00299287 -42222.3 118.924 
707472 0.033902 -0.0186723 -41575.8 119.061 
708288 0.0284497 -0.0163492 -41657.4 119.199 
709104 0.0293599 0.0227011 -42467.7 119.336 
709920 0.0187532 0.0149625 -42741.1 119.473 
710736 0.0251586 0.010678 -41529.5 119.61 
711552 0.0553008 0.0153949 -42139.6 119.747 
712368 0.0527625 0.00768391 -42728.5 119.885 
713184 0.0325215 -0.00647878 -43304.4 120.022 
714000 0.0372543 -0.0350126 -42947.6 120.159 
714816 0.0406274 -0.0297641 -42176.9 120.297 
715632 0.0398679 -0.0282443 -41966.9 120.434 
716448 0.0245965 0.00613148 -41556.7 120.572 
717264 0.0285756 -0.00588072 -41227.5 120.709 
718080 0.0571723 -0.0191708 -42509.5 120.846 
718896 0.0665152 0.0209022 -42565.9 120.984 
719712 0.0608447 0.0120148 -43885.8 121.122 
720528 0.0391133 0.0270198 -44027.1 121.259 
721344 0.0494501 0.0277685 -43810.9 121.396 
722160 0.0708141 0.0485825 -43350 121.534 
722976 0.0620325 0.0184677 -42891.6 121.671 
723792 0.0579332 0.00242611 -43050.1 121.808 
724608 0.0404836 0.00891577 -42938.7 121.946 
725424 0.0534291 0.0185309 -43557.1 122.083 
726240 0.0411112 0.0191413 -43112 122.22 
727056 0.0396307 -0.00565797 -42780.5 122.357 
727872 0.0203174 0.00381271 -42445.5 122.495 
728688 0.0449795 -0.00845141 -42592.4 122.632 
729504 0.0229753 -0.00518828 -41917.7 122.77 
730320 0.0167717 0.00991126 -42214.2 122.907 
731136 0.0264545 -0.0220062 -41571.6 123.045 
731952 0.0540379 0.0150106 -41357.3 123.182 
732768 0.053293 0.0321085 -40879 123.32 
733584 0.044635 0.0278743 -40714.2 123.457 
734400 0.0361155 0.0157995 -41474.7 123.595 
735216 0.0180141 -0.0160179 -41966.6 123.732 
736032 0.0273203 0.00793839 -42974.2 123.87 
736848 0.0412054 0.0300072 -42630.8 124.007 
737664 0.0364286 -0.000778814 -42563.6 124.145 
738480 0.0531596 0.0194882 -42372.2 124.282 
739296 0.0407384 -0.00122748 -42286.1 124.42 
740112 0.037767 -0.00348924 -42360.2 124.557 
740928 0.017184 -0.00163115 -44329.2 124.695 
741744 0.012413 0.0102533 -43895.9 124.832 
742560 0.0717779 0.0508258 -43708.2 124.97 
743376 0.0507452 -0.0336979 -43440.5 125.107 
744192 0.0631517 -0.0255577 -44218.1 125.245 
745008 0.0467028 -0.0289083 -43209.1 125.382 
745824 0.0624867 -0.0525314 -43494.5 125.52 
746640 0.0593849 -0.0476601 -43668.5 125.657 
747456 0.0595471 -0.0525681 -43247.2 125.795 
748272 0.0623917 -0.0525444 -43510.6 125.932 
749088 0.0463022 -0.029078 -44118.8 126.07 
749904 0.0586321 -0.0552214 -43385.9 126.207 
750720 0.0389365 -0.0368745 -43270.2 126.345 
751536 0.0366065 0.00694785 -43147.3 126.482 
752352 0.0479183 -0.0262787 -43357.8 126.62 
753168 0.0339035 -0.00617627 -43249.5 126.757 
753984 0.0304461 -0.0285844 -42929.1 126.895 
754800 0.0372178 -0.0238825 -43063.2 127.032 
755616 0.0214394 -0.0156233 -43067.8 127.17 
756432 0.0260631 -0.00391565 -42408 127.307 
757248 0.0740205 -0.0593123 -43247.8 127.445 
758064 0.0458311 -0.0412246 -44167.7 127.582 
758880 0.0600777 -0.0417851 -44339.7 127.72 
759696 0.0810718 -0.0572438 -44284.7 127.858 
760512 0.0844072 -0.00071841 -43628.9 127.995 
761328 0.0855364 -0.0255947 -44060.2 128.132 
762144 0.0798514 -0.0159279 -45123.4 128.27 
762960 0.0487656 -0.0273858 -44410.6 128.407 
763776 0.0603263 -0.0310958 -44786.6 128.545 
764592 0.0584344 -0.0424598 -43978.9 128.682 
765408 0.031525 -0.0147442 -43702.4 128.82 
766224 0.0589831 -0.0414106 -43517.7 128.957 
767040 0.0582565 -0.0406046 -43292.9 129.095 
767856 0.0671903 -0.06227 -43558.8 129.232 
768672 0.0542539 -0.0308294 -43755.7 129.369 
769488 0.0292024 0.0054879 -43213.4 129.507 
770304 0.0518406 -0.0340804 -43429.8 129.644 
771120 0.0800278 -0.0431975 -43170.5 129.782 
771936 0.0611633 0.0102182 -43127 129.919 
772752 0.0399998 -0.0137879 -42883.5 130.056 
773568 0.0282998 0.0212687 -42686.1 130.194 
774384 0.0481138 0.0298133 -43276.7 130.331 
775200 0.0272201 0.02596 -43295.5 130.469 
776016 0.00855778 0.0063385 -44532.5 130.606 
776832 0.0245094 -0.0125291 -43349.3 130.744 
777648 0.0268108 -0.00683247 -44758.7 130.881 
778464 0.025878 0.0225312 -43711.8 131.019 
779280 0.038675 0.0371739 -43186.5 131.156 
780096 0.0337373 0.00485343 -42737.5 131.293 
780912 0.0387431 -0.00656415 -43164.6 131.431 
781728 0.0527682 -0.030165 -43164.4 131.568 
782544 0.0400605 0.00598319 -42652.4 131.705 
783360 0.0143294 -0.0114601 -43365.9 131.842 
784176 0.0417112 -0.0361739 -44062.4 131.98 
784992 0.0290274 -0.0162071 -44427 132.117 
785808 0.0126818 -0.009192 -43912.3 132.254 
786624 0.0217483 -0.00531621 -44466.3 132.392 
787440 0.0565021 -0.0447466 -44554.8 132.53 
788256 0.0305785 -0.021586 -43857.5 132.667 
789072 0.0387526 -0.0292838 -43923.7 132.805 
789888 0.0394775 0.0252881 -43228.3 132.942 
790704 0.0473878 -0.0105738 -41894.5 133.079 
791520 0.029727 -0.0145219 -41452.7 133.217 
792336 0.0443776 -0.0199547 -41417 133.354 
793152 0.0297103 -0.0295068 -40558.6 133.491 
793968 0.0619016 -0.0606382 -41229.8 133.628 
794784 0.0613738 -0.0591207 -41035.9 133.766 
795600 0.0409584 -0.0326754 -40695.8 133.903 
796416 0.0154713 -0.00171644 -40841.9 134.04 
797232 0.0456144 0.00413481 -42358.4 134.178 
798048 0.0263298 -0.0106458 -41969.1 134.315 
798864 0.0358633 0.0138543 -42378.1 134.452 
799680 0.0370104 0.0057448 -42778.3 134.59 
800496 0.0664775 -0.0229644 -43378.5 134.727 
801312 0.053866 0.00156815 -43783.9 134.865 
802128 0.0329451 -0.000935584 -42872.7 135.002 
802944 0.0373678 0.00840452 -42901.5 135.14 
803760 0.0315828 0.00843931 -42923.1 135.277 
804576 0.0698076 -0.0322547 -43013 135.414 
805392 0.0571279 0.00666979 -42242.1 135.552 
806208 0.025333 -0.00818587 -41613.9 135.689 
807024 0.0383569 0.0062974 -40612.4 135.826 
807840 0.0619132 0.0211144 -41077.8 135.964 
808656 0.0533138 0.00837379 -41458.1 136.101 
809472 0.0291867 0.0036562 -41403.7 136.238 
810288 0.0330231 0.028106 -41697.3 136.375 
811104 0.0616767 0.0608965 -42824.2 136.513 
811920 0.05147 0.0505704 -42298.6 136.65 
812736 0.0445483 0.0335292 -43265.7 136.787 
813552 0.0385615 0.0162432 -43832.7 136.925 
814368 0.062433 -0.0310045 -44260.2 137.062 
815184 0.0687095 -0.0659157 -45138.2 137.2 
