0 0.0216865 -0.0186168 -32518 0 
816 0.0281369 -0.0228918 -33671.7 0.142374 
1632 0.025415 -0.0195724 -36355.3 0.28653 
2448 0.0399779 -0.0201289 -37975.9 0.429689 
3264 0.0448836 0.015729 -39035.9 0.574018 
4080 0.054043 0.0152339 -40299.6 0.717014 
4896 0.0592963 0.0154096 -40819.3 0.85995 
5712 0.0444897 0.0188226 -40630.2 1.00387 
6528 0.0519876 0.0259893 -40540 1.14655 
7344 0.0218051 0.0122652 -40947.6 1.29077 
8160 0.0444085 0.0411165 -41808.1 1.43366 
8976 0.0406282 0.0293235 -41650.9 1.57656 
9792 0.0230865 0.0158786 -41184 1.72037 
10608 0.0397548 -0.0275284 -42381.9 1.86297 
11424 0.0352284 -0.0285942 -42124.4 2.00706 
12240 0.0312651 -0.0253691 -42363.9 2.15032 
13056 0.0521271 -0.046684 -41540.6 2.29286 
13872 0.0641914 -0.0591555 -41861.8 2.43648 
14688 0.0581682 -0.0363559 -42904.6 2.57932 
15504 0.0762652 -0.0674223 -42901.1 2.72319 
16320 0.0649982 -0.0580704 -41939.8 2.86553 
17136 0.0721112 -0.0654722 -42726.3 3.00899 
17952 0.0391903 -0.0342544 -42318.2 3.15135 
18768 0.0457155 -0.0411579 -42804.8 3.29478 
19584 0.0189543 0.00171316 -42281.8 3.43733 
20400 0.0387109 -0.00277002 -42472.9 3.58086 
21216 0.0384268 -0.00125326 -42118.6 3.72458 
22032 0.068963 -0.030022 -42224.4 3.86708 
22848 0.0667625 -0.0308562 -41665.9 4.01088 
23664 0.0787378 -0.0420661 -41511.4 4.15359 
24480 0.0621834 0.0197014 -41949.4 4.29665 
25296 0.0315323 0.0266812 -42225.7 4.44032 
26112 0.0291811 0.000819671 -42331.6 4.58424 
26928 0.0472663 0.0166246 -42372.3 4.72683 
27744 0.0363028 0.026781 -41716.4 4.86957 
28560 0.0344565 -0.0231305 -41647.7 5.01288 
29376 0.0357061 0.00555552 -43253.8 5.15518 
30192 0.0282495 -0.00178204 -43956.4 5.29805 
31008 0.0250093 0.00364849 -44690.6 5.44183 
31824 0.0338356 0.0166142 -44568.4 5.58452 
32640 0.029299 0.0172588 -44202.3 5.72674 
33456 0.0313234 -0.0170656 -43650.8 5.87019 
34272 0.0211357 -0.0132924 -44109.7 6.0139 
35088 0.0147609 -0.0128731 -44439.8 6.15641 
35904 0.0300912 -0.0296962 -44483.3 6.29963 
36720 0.0334686 -0.00938317 -44166.5 6.44193 
37536 0.0379179 0.00427727 -43764.9 6.5855 
38352 0.053551 -0.0424097 -43042.9 6.72782 
39168 0.045817 -0.031629 -42783.4 6.87107 
39984 0.0402077 -0.0209069 -42943.9 7.01464 
40800 0.06634 0.0420957 -41769.5 7.15701 
41616 0.0613419 0.040631 -42021.7 7.30032 
42432 0.0745435 0.0448388 -42824.3 7.44352 
43248 0.0937613 0.081684 -42918.4 7.58653 
44064 0.0801941 0.0708571 -43739 7.72995 
44880 0.0686899 0.0495393 -44429.9 7.87281 
45696 0.0548546 0.0529475 -43880 8.01642 
46512 0.0873139 0.0848113 -43856 8.15897 
47328 0.0381652 0.0348373 -42795 8.30159 
48144 0.0586141 0.0337046 -43008.6 8.44471 
48960 0.0537318 0.0190248 -43570 8.58819 
49776 0.0678484 -0.0193956 -42597.2 8.73084 
50592 0.0442115 -0.0105133 -41951.7 8.87387 
51408 0.0318965 0.0148188 -40830.3 9.01725 
52224 0.0207807 -0.00528416 -41042 9.15967 
53040 0.0207601 0.00767641 -41807.3 9.30349 
53856 0.00729509 0.00655591 -42206.9 9.44612 
54672 0.00427303 -0.000438994 -42284.3 9.58967 
55488 0.0346454 0.0290092 -42495.2 9.73226 
56304 0.0238964 0.00988815 -42476.5 9.87582 
57120 0.0174106 0.0106957 -42440.1 10.0184 
57936 0.0253106 -0.0091844 -42427.7 10.1613 
58752 0.0268881 0.00889414 -41995.3 10.3052 
59568 0.0479184 0.0345563 -42112.9 10.4489 
60384 0.0467679 0.0351553 -41890.7 10.5917 
61200 0.0606373 0.031153 -41105.6 10.7354 
62016 0.0537528 0.0139654 -40874.9 10.8783 
62832 0.0696334 0.0241143 -41672.9 11.0218 
63648 0.0853031 0.00887247 -42458.8 11.1641 
64464 0.0740877 0.00832209 -41613.2 11.3067 
65280 0.0741285 0.0369034 -41714.7 11.45 
66096 0.0561512 0.033908 -41653.5 11.5935 
66912 0.076231 0.0340635 -41707.1 11.7364 
67728 0.0627464 0.00985022 -42707.1 11.8794 
68544 0.0630105 -0.00313608 -41758.5 12.0221 
69360 0.0904654 0.0269202 -42445.4 12.1656 
70176 0.0892553 0.0342849 -42761 12.3079 
70992 0.0771349 0.0415716 -42597.4 12.4502 
71808 0.0534222 0.0151203 -41915.3 12.5938 
72624 0.0572755 0.0178121 -43025.5 12.7364 
73440 0.0606796 0.0349105 -43723.6 12.88 
74256 0.0498701 0.0190404 -43851.7 13.0227 
75072 0.0523814 0.0415248 -44142.5 13.1664 
75888 0.0462053 0.0301387 -43243.1 13.3089 
76704 0.0244484 0.0108297 -43836 13.4529 
77520 0.0587264 0.0235958 -43228.3 13.5954 
78336 0.0363441 -0.0150875 -43718.2 13.7392 
79152 0.0554583 0.0346931 -43354.3 13.8821 
79968 0.0439168 0.0374322 -43808.1 14.0258 
80784 0.0435199 0.00183777 -43639.6 14.1683 
81600 0.0493469 0.00376442 -43820 14.311 
82416 0.0441928 -0.0137508 -43564 14.4547 
83232 0.0514583 -0.0419644 -43925.6 14.5977 
84048 0.0463327 -0.0365398 -44100.5 14.7413 
84864 0.0213714 -0.0151251 -44172.9 14.8837 
85680 0.0313339 0.0128724 -44022.7 15.0262 
86496 0.0533715 0.0184419 -43330.5 15.1697 
87312 0.0401856 0.0186615 -43827.4 15.3122 
88128 0.0680068 0.041045 -43343.6 15.456 
88944 0.0316758 -0.00390967 -42853.8 15.5989 
89760 0.0455416 0.0109098 -43206.4 15.7423 
90576 0.0756428 0.0719105 -43641 15.8846 
91392 0.0575961 0.0554334 -42287.2 16.028 
92208 0.0271066 0.0260862 -42631.3 16.1705 
93024 0.0453341 0.042813 -41917.8 16.3132 
93840 0.0338224 0.032312 -42076.3 16.4567 
94656 0.0167615 -0.00684214 -42570.1 16.5994 
95472 0.0294589 0.0259374 -43091.9 16.7431 
96288 0.0155949 -0.00254619 -42746.9 16.8858 
97104 0.0185322 -0.00660935 -42838.5 17.0285 
97920 0.062663 -0.0582807 -42568.2 17.1718 
98736 0.0496671 -0.045296 -41960 17.3143 
99552 0.0604915 -0.0434589 -41838.4 17.4582 
100368 0.0546612 -0.0259329 -41567 17.6005 
101184 0.0795061 -0.00497988 -41575.2 17.7437 
102000 0.085389 -0.0424257 -41285.5 17.8873 
102816 0.0683341 -0.0345881 -41583.9 18.0304 
103632 0.0467252 -0.0223018 -40991.8 18.1741 
104448 0.0679209 -0.00820535 -41717.7 18.3167 
105264 0.0473326 -0.00563755 -41280.8 18.4607 
106080 0.0433079 0.00979774 -42077 18.6033 
106896 0.0451467 -0.0129446 -42550.3 18.7473 
107712 0.0278158 -0.0135414 -42732.7 18.8903 
108528 0.0394329 -0.0169514 -43257.5 19.0333 
109344 0.0490101 0.00968443 -43652.1 19.1771 
110160 0.0479015 0.0343849 -43275.3 19.3199 
110976 0.0112175 0.0103049 -42589.8 19.4637 
111792 0.0160718 0.00544324 -41666.9 19.6074 
112608 0.0277592 -0.00613703 -41373.9 19.7499 
113424 0.0396352 0.0280508 -41963.2 19.8934 
114240 0.0198689 0.0153166 -41981.2 20.0361 
115056 0.0153117 0.00121575 -42291.4 20.1798 
115872 0.0069766 0.000290898 -42049 20.3232 
116688 0.00774596 0.00101976 -42478.1 20.4675 
117504 0.0126656 0.00410525 -42904.7 20.6101 
118320 0.0593006 0.0513736 -43224.6 20.7531 
119136 0.0585903 0.0471816 -42867.8 20.8959 
119952 0.0529958 -0.012957 -43437.7 21.0388 
120768 0.0611259 -0.00572673 -42550.2 21.1826 
121584 0.0569777 0.0038234 -42055.5 21.3258 
122400 0.0729317 0.011467 -43022.7 21.4693 
123216 0.0711294 0.0320067 -43528 21.6131 
124032 0.0717923 0.0271746 -43233.2 21.756 
124848 0.0455617 0.0240872 -43233.7 21.9002 
125664 0.0742457 0.0386569 -42785.2 22.0427 
126480 0.0953353 0.0545788 -42737 22.1863 
127296 0.0697428 0.0285886 -42256.8 22.3289 
128112 0.0584108 0.0284751 -42465.4 22.4727 
128928 0.0440778 0.011216 -42614.1 22.6152 
129744 0.0668831 -0.00420915 -42255.4 22.7592 
130560 0.0633281 0.0106593 -42734.4 22.902 
131376 0.0859943 0.0415008 -41688.5 23.0454 
132192 0.0860836 0.0406211 -41591.9 23.1886 
133008 0.0601269 0.0168557 -41589 23.3313 
133824 0.0693104 0.0124848 -41976.5 23.475 
134640 0.0608917 0.030877 -41945.3 23.6184 
135456 0.0309341 0.0251018 -41638.4 23.7616 
136272 0.0518107 0.038987 -41930.4 23.905 
137088 0.030424 0.0142193 -41662.3 24.0479 
137904 0.0284234 -0.0224073 -41943.9 24.191 
138720 0.0478769 -0.0235713 -43080.9 24.3342 
139536 0.00864044 -0.00640888 -41686.1 24.4775 
140352 0.0313647 -0.0216883 -41722.5 24.6211 
141168 0.0575452 -0.0512762 -41755.3 24.7639 
141984 0.0482123 -0.0453636 -41720.5 24.9066 
142800 0.0518575 -0.0339116 -41969 25.0503 
143616 0.0432815 -0.0170355 -42479.2 25.1927 
144432 0.0607956 -0.0426643 -42810.1 25.3362 
145248 0.0635101 -0.0629992 -43199.1 25.4791 
146064 0.0255896 0.00197483 -43177.5 25.6219 
146880 0.021148 -0.00861254 -43390.3 25.7658 
147696 0.0372593 0.00466893 -43715.5 25.9094 
148512 0.0354071 -0.00704104 -42952.1 26.0525 
149328 0.0611862 -0.0398222 -42673.2 26.1965 
150144 0.00917984 -0.00458784 -42171.3 26.3401 
150960 0.0158103 -0.00313818 -42909.4 26.4841 
151776 0.00371704 0.000234761 -42966.4 26.6272 
152592 0.0369709 -0.0159593 -41778.2 26.7699 
153408 0.0317258 -0.0113463 -40784.4 26.9137 
154224 0.0388731 0.0223446 -40866.2 27.0576 
155040 0.0308411 -0.0197487 -41197.1 27.2005 
155856 0.0315392 0.00649259 -41401.3 27.3428 
156672 0.0312028 0.0119355 -42103.2 27.4863 
157488 0.0537411 0.0450732 -42632.1 27.6287 
158304 0.0274114 0.0228493 -42243 27.7726 
159120 0.0680629 0.0641742 -41971.9 27.9162 
159936 0.0544475 0.0414513 -42480.2 28.0595 
160752 0.0448541 0.0403956 -42039.9 28.2039 
161568 0.0713485 0.0583629 -42051.4 28.3468 
162384 0.0501242 0.0216386 -42232.4 28.4905 
163200 0.0654846 0.00853167 -42912.2 28.6331 
164016 0.0336918 0.0162243 -43591.5 28.7761 
164832 0.0297426 0.0100703 -42987.4 28.9189 
165648 0.0564584 0.0277722 -42628.3 29.0628 
166464 0.0453444 0.0272457 -42497.8 29.2054 
167280 0.0177118 0.0128303 -42489.9 29.3488 
168096 0.0137529 -0.0109661 -42527.7 29.4918 
168912 0.0254512 0.00696815 -42452.3 29.6354 
169728 0.0261159 0.0235963 -42126.9 29.7781 
170544 0.0303395 0.0145104 -42957.4 29.9218 
171360 0.0243409 0.017275 -42227.4 30.065 
172176 0.0304821 0.0230436 -41073.6 30.2077 
172992 0.0449079 0.0341926 -41309.6 30.3512 
173808 0.0158795 0.010969 -41893.7 30.4939 
174624 0.0226004 -0.0197763 -42227.8 30.6372 
175440 0.0385608 -0.0369979 -41528 30.7804 
176256 0.00757454 0.00428197 -42069.2 30.9226 
177072 0.0301863 0.0136148 -41725.8 31.0665 
177888 0.0417318 0.0278096 -42333.4 31.2101 
178704 0.0360123 0.0276269 -42746.7 31.3532 
179520 0.0490533 0.0269221 -42568 31.4957 
180336 0.0307485 0.000181086 -43528.7 31.639 
181152 0.0420442 -0.00298372 -44007.6 31.7815 
181968 0.0517042 0.00548405 -43668.3 31.9256 
182784 0.0512688 -0.0218892 -44036.3 32.0685 
183600 0.0338686 -0.000704411 -44319.5 32.2121 
184416 0.095743 -0.0311766 -44016.3 32.3557 
185232 0.0378096 -0.00575145 -44087.5 32.4983 
186048 0.0304551 0.0114446 -42893.6 32.6417 
186864 0.0251807 0.00781126 -42047.2 32.7835 
187680 0.0267485 -0.00668594 -42320.6 32.927 
188496 0.0346154 0.0106126 -41794.6 33.0697 
189312 0.0349241 -0.00829437 -43351.7 33.2119 
190128 0.035536 0.00373724 -44996.3 33.3547 
190944 0.0659693 -0.0235364 -45481.2 33.4968 
191760 0.0226674 -0.00604876 -44110.2 33.6402 
192576 0.0414953 -0.0221681 -43415.8 33.7838 
193392 0.037608 0.00181319 -42684.1 33.9271 
194208 0.0526244 -0.0200728 -42522.2 34.0694 
195024 0.0228864 -0.0138091 -42829.5 34.2129 
195840 0.0442394 0.000737358 -42511.8 34.3556 
196656 0.0223074 -0.0216602 -42257.9 34.4987 
197472 0.0169251 0.000892168 -41382.9 34.6424 
198288 0.0435307 -0.00671242 -41784.3 34.7852 
199104 0.0446683 -0.0116194 -41430.1 34.9288 
199920 0.0550912 0.0241245 -43495.1 35.0711 
200736 0.0613872 0.0434938 -43523.4 35.214 
201552 0.0250339 0.0056289 -42919 35.3568 
202368 0.0100245 0.00489015 -43184.8 35.4995 
203184 0.0447063 0.0122781 -43699 35.6433 
204000 0.0824346 0.038404 -44356.7 35.7857 
204816 0.0426898 -0.0195808 -43859.6 35.929 
205632 0.0674473 -0.0147261 -44533.7 36.0719 
206448 0.0474786 -0.0360499 -44549.8 36.2145 
207264 0.0854645 -0.0529316 -44434.2 36.358 
208080 0.0603802 -0.0276246 -43319.7 36.5003 
208896 0.0249594 0.0221479 -42845.4 36.6436 
209712 0.023963 0.0196048 -43368.6 36.7873 
210528 0.0442962 0.0307887 -43212.7 36.9314 
211344 0.0227123 -0.000706827 -42950 37.074 
212160 0.0310939 -0.0231829 -43704.6 37.2175 
212976 0.041879 -0.0237325 -43212.8 37.3603 
213792 0.0558049 0.00144033 -43404.7 37.504 
214608 0.0645362 -0.0215567 -43671.2 37.647 
215424 0.0318665 -0.0146117 -44206.6 37.7909 
216240 0.0282235 0.0168479 -44205.1 37.9347 
217056 0.0266848 0.00803933 -43618.9 38.0777 
217872 0.0433097 0.00910394 -42944.3 38.2217 
218688 0.00856576 -0.00476316 -42857 38.3647 
219504 0.0610631 0.0433885 -44114.5 38.5088 
220320 0.0629225 0.0392727 -44489.5 38.6519 
221136 0.0337602 0.0104446 -44218.4 38.7959 
221952 0.035089 0.0220201 -43871.4 38.9394 
222768 0.018895 -0.00863627 -44011.4 39.0835 
223584 0.0409032 -0.028292 -42895.6 39.2269 
224400 0.0500558 -0.0250009 -43040.5 39.3697 
225216 0.0335748 -0.0287055 -42909.6 39.5136 
226032 0.0364355 -0.0128617 -43593.7 39.6565 
226848 0.0240876 -0.00968993 -43248.5 39.8002 
227664 0.0414288 -0.02365 -42527.1 39.9437 
228480 0.0173808 -0.0160493 -42141 40.0866 
229296 0.0450311 -0.0203387 -41739.8 40.2304 
230112 0.033222 0.0256004 -42300.6 40.3732 
230928 0.0440561 0.0326714 -42035.6 40.517 
231744 0.0583694 -0.0290646 -40902.2 40.6605 
232560 0.0249241 -0.0216078 -41549.3 40.8045 
233376 0.0182366 0.000801612 -42077.1 40.9474 
234192 0.0333341 0.0199146 -42379.9 41.0903 
235008 0.0532014 0.0356842 -42465.8 41.234 
235824 0.0614969 0.0426114 -41802.9 41.3767 
236640 0.0291867 0.0209341 -42158.4 41.5207 
237456 0.0356525 -0.0266964 -42405 41.6632 
238272 0.0286405 0.0175811 -42402.4 41.8068 
239088 0.0126208 0.00341825 -42181.8 41.9501 
239904 0.0690642 -0.0463201 -42734.9 42.0928 
240720 0.0132522 -0.00262816 -42718.1 42.2369 
241536 0.0177461 -0.00216227 -42415.6 42.3797 
242352 0.0414856 -0.0274294 -43341.8 42.5229 
243168 0.0627039 0.00493096 -43770.8 42.6666 
243984 0.0698904 -0.0504758 -43763.3 42.8097 
244800 0.0572558 -0.00722696 -42803.1 42.9539 
245616 0.0469915 0.0164355 -43468.3 43.0976 
246432 0.0465995 -0.00531737 -42997.5 43.2404 
247248 0.0529511 -0.00538118 -42477.6 43.3842 
248064 0.0749288 0.0130251 -41378.2 43.5281 
248880 0.0461798 0.0233186 -40553.4 43.6709 
249696 0.0319544 0.0122268 -40913.6 43.8139 
250512 0.0205776 0.0155198 -41507.8 43.9576 
251328 0.0101692 0.00257042 -42236.8 44.1004 
252144 0.0537443 -0.0396981 -42281.7 44.2435 
252960 0.0709025 -0.0626443 -42913.7 44.3873 
253776 0.0482248 -0.0445337 -42673.2 44.5299 
254592 0.0488249 -0.0106629 -42969.6 44.6731 
255408 0.0412947 0.0214533 -42756.6 44.8158 
256224 0.0280604 0.0261629 -42274.5 44.9581 
257040 0.0591283 0.0263555 -42779.2 45.1016 
257856 0.0444603 0.0237824 -41988.1 45.2452 
258672 0.0256452 0.0145562 -42337.3 45.3884 
259488 0.0274172 0.0070444 -41593.4 45.531 
260304 0.027814 -0.00065721 -42543.8 45.6746 
261120 0.0705164 0.049395 -43603.2 45.8176 
261936 0.0580732 0.0456446 -43975.2 45.9608 
262752 0.0415389 0.0372148 -43543.8 46.1034 
263568 0.0364223 0.0299693 -43253.7 46.2468 
264384 0.0378706 0.0256346 -43992.4 46.3896 
265200 0.0457102 0.0309543 -43328.8 46.5328 
266016 0.0423194 -0.0167551 -41874.1 46.676 
266832 0.0713722 -0.0429253 -42171.4 46.8194 
267648 0.110862 -0.105205 -41773.1 46.9632 
268464 0.0818073 -0.0720753 -42088.6 47.1058 
269280 0.0453522 -0.00347596 -42522.7 47.2484 
270096 0.0443158 -0.000778427 -42149.2 47.3921 
270912 0.0500934 0.00477125 -42558.1 47.5354 
271728 0.0444915 0.00434215 -42253.1 47.6782 
272544 0.0229814 -0.00352504 -43159.3 47.8207 
273360 0.0298939 -0.0123143 -43031.9 47.9643 
274176 0.024533 0.00955055 -42568.1 48.1067 
274992 0.0171193 -0.00618979 -42235.6 48.2506 
275808 0.0453999 0.0163124 -41926.9 48.3935 
276624 0.04344 -0.00730529 -42504.7 48.5369 
277440 0.0535494 -0.0233101 -42281.4 48.6797 
278256 0.0706657 0.00731055 -42122.7 48.8232 
279072 0.0515806 0.0295444 -42277.3 48.966 
279888 0.044563 0.0222854 -41729.3 49.1085 
280704 0.0268333 0.0216385 -41482.4 49.2519 
281520 0.0496626 0.0306991 -41512.7 49.3959 
282336 0.0612727 0.0550819 -42082.4 49.5392 
283152 0.0333505 0.000438 -42574.3 49.6819 
283968 0.0393439 0.0386528 -42636.8 49.8257 
284784 0.0526402 0.0259979 -42526.4 49.9692 
285600 0.0589108 0.0493677 -42806.1 50.1126 
286416 0.0460371 0.0102323 -43183 50.256 
287232 0.0448 0.0246058 -43199.4 50.3999 
288048 0.0438231 0.0382342 -43450.6 50.5423 
288864 0.0739945 0.0612663 -43501.8 50.6851 
289680 0.0863182 0.059315 -43522.1 50.8288 
290496 0.027687 0.0175904 -43424.7 50.9716 
291312 0.029903 -0.00392976 -43004.3 51.1155 
292128 0.0378267 0.0223215 -43703.2 51.2581 
292944 0.0657811 0.00268482 -44304.5 51.4002 
293760 0.0495547 0.010694 -44099.5 51.544 
294576 0.0445481 -0.00156223 -44841.2 51.6878 
295392 0.0594955 0.0216191 -44810.7 51.8306 
296208 0.0442239 0.00848017 -43919.3 51.973 
297024 0.0438312 -0.0401953 -44137.5 52.1164 
297840 0.0513399 -0.0491967 -43261.8 52.2587 
298656 0.0370056 -0.0347605 -43157 52.4019 
299472 0.0337063 -0.0289941 -43616.4 52.545 
300288 0.0383125 -0.0145892 -42625.4 52.6885 
301104 0.0221759 -0.0216943 -44198.1 52.8313 
301920 0.0424084 -0.0265102 -43954.4 52.975 
302736 0.0473551 -0.00298769 -43894.2 53.1176 
303552 0.0526908 -0.0470756 -43898.1 53.2611 
304368 0.044547 -0.0311713 -43904.4 53.4044 
305184 0.0298447 -0.0254248 -43477.2 53.5481 
306000 0.0318137 -0.0304354 -42971.5 53.6909 
306816 0.0613399 0.0325233 -43627.9 53.8336 
307632 0.0761353 -0.010725 -42786.5 53.977 
308448 0.0876326 0.0308634 -42903.8 54.1194 
309264 0.0517916 0.0126085 -42926 54.2617 
310080 0.0374806 0.0088809 -43461.5 54.4055 
310896 0.0445374 0.00138329 -43152.2 54.5485 
311712 0.0587289 0.0467393 -43559.1 54.6909 
312528 0.0312122 0.0183736 -44182.1 54.8343 
313344 0.0277523 0.0135105 -43859.2 54.9765 
314160 0.0363936 0.0115149 -43959.8 55.1198 
314976 0.0190191 0.0102411 -44928.2 55.262 
315792 0.0199286 0.00342572 -45131.8 55.4056 
316608 0.0226472 -0.0185658 -44238.8 55.5485 
317424 0.0482452 -0.0393475 -43250.4 55.6927 
318240 0.0267104 -0.0121191 -43054.9 55.8358 
319056 0.0280824 0.0187954 -42918.7 55.9796 
319872 0.0464361 0.0278879 -42931.3 56.1227 
320688 0.060125 0.0404841 -43075.6 56.2665 
321504 0.0635543 0.0389093 -43397.4 56.4095 
322320 0.0744715 0.0398188 -42070.1 56.5521 
323136 0.0628851 0.00753347 -41591.5 56.6951 
323952 0.0721381 -0.00736822 -41526.9 56.8373 
324768 0.0579058 -0.0336337 -42641.2 56.9808 
325584 0.0724065 -0.0147616 -42292.9 57.1235 
326400 0.0634442 0.0160681 -42573.5 57.2661 
327216 0.0389225 -0.0224019 -42302.1 57.4105 
328032 0.0244391 -0.0180637 -43623.6 57.5533 
328848 0.0492107 -0.0202034 -43723 57.6968 
329664 0.0394838 -0.0238608 -44025.4 57.8394 
330480 0.0504481 -0.0397905 -44228.2 57.9825 
331296 0.0446955 -0.00527605 -43740.8 58.1263 
332112 0.0317397 -0.0137039 -43793.1 58.2697 
332928 0.0494987 -0.0347981 -42638.2 58.4127 
333744 0.0308969 0.00817963 -43357.5 58.5554 
334560 0.0169495 0.0131078 -43916.1 58.6985 
335376 0.00877862 -0.007946 -43670.2 58.841 
336192 0.0219162 0.011184 -44345.1 58.9845 
337008 0.029355 -0.0103863 -44250.1 59.127 
337824 0.0495742 0.00404878 -44442.4 59.2701 
338640 0.0232532 -0.0146831 -43684.4 59.413 
339456 0.0386142 -0.0170069 -43972.5 59.5552 
340272 0.0396786 0.00408335 -43738 59.6984 
341088 0.0299072 -0.0101017 -44353.8 59.8415 
341904 0.0292082 0.00549486 -43582.3 59.9843 
342720 0.0510898 0.0147075 -43451.3 60.1264 
343536 0.0311494 -0.00735952 -43406.9 60.2703 
344352 0.0380191 -0.0122849 -43688.9 60.4129 
345168 0.0109054 -0.00182966 -43428.2 60.5557 
345984 0.0360214 0.0316518 -43324.4 60.6988 
346800 0.0440001 0.0244148 -42772 60.8433 
347616 0.0521843 0.0213891 -43482.4 60.9849 
348432 0.0443926 0.00693628 -43211.3 61.1288 
349248 0.0654619 -0.022439 -42645.2 61.2724 
350064 0.0551981 -0.00606301 -42480.6 61.4152 
350880 0.0651825 0.0327385 -42528.3 61.5591 
351696 0.0324734 -0.00346326 -42274.8 61.7018 
352512 0.0128519 -0.00429629 -42279.2 61.8448 
353328 0.0134142 0.00810706 -41954.3 61.9882 
354144 0.0361327 0.00894171 -42722.5 62.1313 
354960 0.03614 0.00647383 -41951 62.2755 
355776 0.058036 0.0452471 -42244.7 62.4185 
356592 0.040479 -0.0185001 -42411.4 62.5626 
357408 0.0233982 0.00614348 -42506.2 62.7063 
358224 0.0253668 0.0017215 -42189.9 62.85 
359040 0.030888 -0.0205353 -41178.2 62.9933 
359856 0.0371036 0.0143705 -41022.2 63.1366 
360672 0.0368611 -0.00344052 -41128.1 63.2801 
361488 0.0743591 -0.0302272 -41527.6 63.4213 
362304 0.0595158 0.0124137 -42608.9 63.5653 
363120 0.0100849 0.00277679 -42517.8 63.7084 
363936 0.012826 -0.0100284 -42368.5 63.8523 
364752 0.0273214 0.000366312 -42562.3 63.995 
365568 0.06082 0.0381519 -42481.8 64.1388 
366384 0.0267275 0.0107953 -42099 64.2817 
367200 0.0453748 0.0349799 -42511.9 64.4252 
368016 0.0522871 -0.00880575 -41924.3 64.568 
368832 0.0440738 -0.00422843 -41532.1 64.7109 
369648 0.051547 0.0123083 -41546.6 64.855 
370464 0.0526164 0.0184619 -40820.9 64.9973 
371280 0.0453758 0.0341417 -41250 65.1409 
372096 0.0697258 0.0373087 -41186.7 65.2842 
372912 0.0444627 0.0128016 -41382.3 65.428 
373728 0.0491657 0.0249738 -43391.4 65.571 
374544 0.0319815 0.0296063 -42630.7 65.7148 
375360 0.00945909 0.0043291 -42376.8 65.8579 
376176 0.0334868 0.00423473 -41925.7 66.0013 
376992 0.0353848 0.00928849 -42191.5 66.1451 
377808 0.0339942 0.00510922 -42203.3 66.2876 
378624 0.0556332 0.0285371 -41521 66.4313 
379440 0.0475919 0.0332777 -41212.2 66.574 
380256 0.0650443 0.0608273 -42003.8 66.7166 
381072 0.0291273 0.0273509 -42086.2 66.8606 
381888 0.0169302 0.0163235 -42351 67.0035 
382704 0.0342022 -0.0111279 -41861 67.1471 
383520 0.0353547 0.022932 -42599.8 67.2899 
384336 0.0262948 0.0063007 -43006.9 67.4331 
385152 0.0105798 -0.00468781 -43495.4 67.5766 
385968 0.0290321 -0.0232569 -44698.9 67.7201 
386784 0.0491791 0.0128695 -44068.8 67.8631 
387600 0.0315827 0.00803934 -44035.4 68.0057 
388416 0.016699 -0.0132067 -44306.6 68.1495 
389232 0.0609702 0.057784 -44208.2 68.2921 
390048 0.0646344 0.0621456 -44530.4 68.4356 
390864 0.0521611 0.0375389 -45926.1 68.5785 
391680 0.0517243 0.0408203 -45099.6 68.7221 
392496 0.0470173 -0.0227721 -44673.2 68.8647 
393312 0.0356784 0.0285858 -45386.9 69.0083 
394128 0.0334911 -0.0126098 -44429.8 69.1512 
394944 0.044192 -0.034185 -45204.8 69.2945 
395760 0.0426768 -0.0228636 -45583.4 69.4369 
396576 0.0683824 -0.0241515 -46005.1 69.5806 
397392 0.0465808 -0.0100049 -46214.8 69.7232 
398208 0.0280552 0.0142157 -46099.8 69.8665 
399024 0.0182258 0.00906622 -45032.4 70.0103 
399840 0.00983279 -0.00703794 -44807.6 70.1533 
400656 0.0402584 -0.0402214 -44578.4 70.2971 
401472 0.0396954 -0.0396542 -44463.5 70.4404 
402288 0.0310741 -0.0176688 -43562.7 70.583 
403104 0.0166627 -0.00412239 -44282.2 70.7267 
403920 0.0316314 -0.0303681 -44009.6 70.8692 
404736 0.0459509 -0.033974 -43774.4 71.0124 
405552 0.0427803 -0.0227302 -43646.8 71.1556 
406368 0.0166077 -0.00688135 -44040.7 71.2988 
407184 0.0403382 -0.0368976 -43918.3 71.443 
408000 0.0298281 0.00673278 -43834.1 71.5855 
408816 0.0287467 0.0132441 -43891.4 71.7283 
409632 0.0225199 -0.00241644 -43800.3 71.8724 
410448 0.058951 0.00607629 -43624.8 72.0162 
411264 0.0517516 -0.0122823 -42912.1 72.1589 
412080 0.056086 0.0019653 -43102.2 72.3011 
412896 0.0568417 -0.0255712 -42983.4 72.4446 
413712 0.0309288 0.00309262 -43580.8 72.5873 
414528 0.031393 0.00650975 -43801.2 72.7309 
415344 0.0262843 -0.0153604 -43050.7 72.8739 
416160 0.046135 0.0210677 -44457.1 73.0165 
416976 0.0682479 0.0162188 -44516 73.1604 
417792 0.0574389 0.00212948 -43745.5 73.3026 
418608 0.0529055 0.0417839 -43342.5 73.4459 
419424 0.0567444 0.00329862 -43106.2 73.5882 
420240 0.0442712 0.0182453 -42540.9 73.7308 
421056 0.0572334 -0.0122423 -42317.5 73.8746 
421872 0.0591109 -0.0176198 -41881.5 74.0174 
422688 0.0714976 -0.0307239 -41992.1 74.1613 
423504 0.0461002 -0.00627864 -42728.6 74.3039 
424320 0.0508722 -0.0435913 -43299.2 74.4474 
425136 0.0341006 0.00220582 -43400.7 74.5899 
425952 0.0477164 0.0393698 -43212.8 74.7335 
426768 0.0615894 0.0540997 -43549.7 74.8766 
427584 0.0409798 0.00343032 -42252.8 75.0192 
428400 0.0469692 -0.00392164 -42266.2 75.1623 
429216 0.057255 -0.00876135 -41348.2 75.3062 
430032 0.0600023 -0.00503858 -41070.9 75.4493 
430848 0.0349886 -0.0113775 -40923.1 75.5929 
431664 0.043258 -0.0269476 -41357.3 75.7366 
432480 0.043887 0.0135771 -41729.5 75.88 
433296 0.0372715 -0.00705832 -41897.6 76.0234 
434112 0.0354357 0.00370474 -42342.5 76.1658 
434928 0.0283131 -0.0046681 -41783.7 76.3096 
435744 0.053633 0.0468698 -42228.9 76.4521 
436560 0.0433471 0.0277662 -42790 76.5959 
437376 0.0444973 0.04047 -42992.8 76.7388 
438192 0.0177244 -0.0112774 -43828.3 76.8812 
439008 0.0216275 -0.0188932 -44127.7 77.0242 
439824 0.0178526 0.00240487 -43503.8 77.167 
440640 0.0390431 0.0142651 -43046.2 77.3107 
441456 0.0353962 -0.00572169 -42592.3 77.4534 
442272 0.0422761 -0.0178041 -43172.8 77.5958 
443088 0.043881 -0.00456097 -43286 77.7394 
443904 0.0549989 -0.00874065 -43556.9 77.8834 
444720 0.0565187 0.00978824 -43631.6 78.0262 
445536 0.056579 0.0408576 -43269.1 78.1691 
446352 0.0615794 0.0395341 -43401.7 78.3117 
447168 0.0891671 0.0353981 -43070 78.4556 
447984 0.0389487 -0.00684634 -43242 78.5992 
448800 0.0508843 -0.0483316 -43618.6 78.7433 
449616 0.0141827 -0.00233021 -43079.2 78.8872 
450432 0.0321695 -0.0281263 -42173.4 79.0303 
451248 0.0215185 -0.0123028 -42493.8 79.1745 
452064 0.0350552 -0.00524663 -42457 79.317 
452880 0.0318774 -0.0279557 -43019.6 79.4608 
453696 0.0248838 -0.0221183 -42911.8 79.6044 
454512 0.0508979 0.0273477 -42738.1 79.7478 
455328 0.0523109 -0.0187248 -43445.7 79.8902 
456144 0.032514 0.0145748 -42950.3 80.0342 
456960 0.0270014 -0.00481247 -42476.3 80.177 
457776 0.0311162 -0.000166925 -42420.8 80.3207 
458592 0.0620917 -0.0547591 -41892.9 80.4639 
459408 0.0281152 -0.0152933 -41587.9 80.6062 
460224 0.0197315 -0.00666653 -42080.8 80.7498 
461040 0.0264446 -0.0190714 -42700.2 80.8924 
461856 0.0171155 -0.00148355 -42784.7 81.0362 
462672 0.0351759 0.0279056 -43347.5 81.1791 
463488 0.0383064 -0.0219865 -42864.6 81.3228 
464304 0.0563079 -0.0043373 -43702.9 81.466 
465120 0.0502419 -0.00425366 -44581.3 81.6099 
465936 0.0447297 0.0230371 -44472.5 81.7529 
466752 0.0133752 -0.00667626 -43747.1 81.8966 
467568 0.0520131 -0.0313705 -43993.9 82.0392 
468384 0.0493562 -0.0234564 -43229.3 82.1829 
469200 0.0306741 -0.0305941 -43500.2 82.3263 
470016 0.0295853 -0.0126223 -43744.1 82.47 
470832 0.0284393 -0.0139849 -42759.9 82.6127 
471648 0.0454013 -0.0191623 -42947.7 82.7563 
472464 0.0778811 -0.0586133 -42888.4 82.8988 
473280 0.0608731 -0.0476654 -43092.8 83.0425 
474096 0.056307 0.0167103 -42908.4 83.1852 
474912 0.0368071 0.0148568 -42496 83.3287 
475728 0.0561013 -0.0166748 -41944.5 83.4716 
476544 0.0384257 -0.0143242 -42325.8 83.6159 
477360 0.0265497 -0.0202837 -42894.2 83.7587 
478176 0.0461276 -0.00616721 -43266.3 83.9024 
478992 0.0349352 -0.00246763 -42311.2 84.0454 
479808 0.0444675 -0.018488 -41935.5 84.1883 
480624 0.0065 0.00488036 -42453.2 84.3326 
481440 0.0113388 0.00759359 -42505.8 84.4756 
482256 0.0440735 -0.0022971 -42946.5 84.6199 
483072 0.0595056 -0.0175376 -42828.4 84.7628 
483888 0.0420322 -0.0056581 -42970.4 84.9062 
484704 0.0714749 0.0128725 -42082.7 85.0491 
485520 0.0353973 0.0160182 -42824.6 85.1933 
486336 0.0398578 0.0159034 -43024.1 85.3365 
487152 0.022895 -0.00103884 -43438.2 85.4809 
487968 0.0473016 0.0168617 -43851.7 85.6236 
488784 0.055247 -0.042916 -43790.9 85.7677 
489600 0.0336964 -0.0119218 -43411.2 85.911 
490416 0.0277503 0.0160512 -44222.9 86.0551 
491232 0.0143921 -0.0132712 -44425.6 86.1981 
492048 0.0484903 -0.0129282 -44160.7 86.342 
492864 0.0536685 -0.0030919 -42862.7 86.4849 
493680 0.0312566 0.0253123 -42835.5 86.6292 
494496 0.0456914 -0.00649801 -43564.4 86.7726 
495312 0.0604488 0.0359575 -43539.9 86.9152 
496128 0.0193388 0.00256263 -43250.9 87.0593 
496944 0.0425786 -0.00663298 -42342.1 87.2035 
497760 0.0493716 0.0476844 -42047.9 87.3475 
498576 0.0346916 0.0335897 -42241.1 87.4912 
499392 0.0513505 0.0485261 -43129.8 87.6344 
500208 0.0382367 0.018374 -42858.8 87.7778 
501024 0.0555094 0.0396737 -43366.8 87.9212 
501840 0.0380746 0.0339869 -42991.6 88.0641 
502656 0.0462617 0.0423539 -42470.5 88.2083 
503472 0.0254343 0.00619966 -43113.2 88.3514 
504288 0.0342574 0.0268952 -43099.7 88.4944 
505104 0.0672652 0.0101394 -42287.9 88.6373 
505920 0.0745146 0.019934 -42444 88.7809 
506736 0.0538001 0.00440025 -42237.6 88.9234 
507552 0.083217 -0.0258595 -43006 89.0672 
508368 0.0539935 0.00559232 -43336.1 89.211 
509184 0.0618894 -0.00848394 -43781.5 89.3538 
510000 0.0643207 -0.0286682 -43498.6 89.4977 
510816 0.050973 -0.0149778 -43916.3 89.6418 
511632 0.0401397 0.00831657 -44212 89.7847 
512448 0.0573668 0.0111659 -43787.6 89.9286 
513264 0.0694695 0.00623376 -43551.3 90.0723 
514080 0.0632628 0.00858678 -42734.2 90.2155 
514896 0.0569341 0.0106886 -42187.5 90.3589 
515712 0.0291278 0.00678541 -43091.5 90.5021 
516528 0.0176067 0.0156082 -43166.7 90.6459 
517344 0.0165862 0.0136008 -43768.7 90.7887 
518160 0.0245781 0.0191978 -42921.2 90.9315 
518976 0.0137034 -0.00301587 -42962.9 91.0751 
519792 0.0255205 0.0168229 -42899.8 91.2186 
520608 0.0405464 0.0387516 -42595.2 91.3613 
521424 0.058559 0.054565 -42295.6 91.504 
522240 0.0253891 0.0151652 -42877.1 91.6477 
523056 0.0313494 0.00664999 -43302.2 91.791 
523872 0.035561 0.0052602 -42174.5 91.9342 
524688 0.0191942 -0.0080789 -42379.8 92.0769 
525504 0.0392892 -0.0166954 -42044.7 92.2205 
526320 0.0345747 0.0244275 -41613.5 92.3633 
527136 0.0214762 0.0203418 -41963.8 92.5068 
527952 0.0698128 0.0146768 -42599.2 92.6502 
528768 0.0514001 -0.0274433 -42392.5 92.793 
529584 0.0354675 -0.015095 -42890.1 92.9366 
530400 0.0328719 -0.0226937 -43154.5 93.0805 
531216 0.0194126 -0.00711494 -43026.3 93.2237 
532032 0.0291277 -0.00723072 -43818.1 93.3667 
532848 0.0385955 0.00400351 -43898.4 93.5103 
533664 0.0264398 -0.0140514 -43165.4 93.6527 
534480 0.0363048 0.0335559 -42500.6 93.7961 
535296 0.0316278 0.00781486 -42689.8 93.9397 
536112 0.00831977 0.00694144 -43242.1 94.0823 
536928 0.0130727 -0.00644196 -42480.4 94.2263 
537744 0.0229632 -0.0130666 -43021.9 94.3689 
538560 0.0381984 -0.0312371 -42207.5 94.5119 
539376 0.0377341 -0.0337366 -42034.2 94.6547 
540192 0.0367347 -0.0324207 -41719.6 94.7974 
541008 0.0320483 -0.0305102 -41745 94.9411 
541824 0.0386184 -0.0300488 -41276.7 95.0848 
542640 0.0382212 -0.0262846 -41719.7 95.2279 
543456 0.0503821 -0.0210211 -41709.7 95.3706 
544272 0.0334331 -0.009071 -42190.2 95.514 
545088 0.0276723 0.0125163 -41760.7 95.6563 
545904 0.0369021 0.0347403 -42188.8 95.7996 
546720 0.00881407 -0.000577565 -42444 95.9433 
547536 0.0582306 0.0415587 -42065.7 96.0865 
548352 0.121777 0.10028 -41930.6 96.2304 
549168 0.102752 0.0878015 -42343.5 96.3735 
549984 0.0616044 0.05383 -41754.7 96.5171 
550800 0.0796384 0.0665008 -42721.2 96.6601 
551616 0.0815721 0.0796714 -42363.6 96.8036 
552432 0.0821638 0.080916 -42597.1 96.9465 
553248 0.0660465 0.0638798 -42923.6 97.0891 
554064 0.0387191 0.0343379 -42718.2 97.2333 
554880 0.0160215 0.01304 -42628.7 97.3757 
555696 0.0261164 0.0228637 -42080.3 97.5198 
556512 0.0104722 -0.00867418 -43120.3 97.6635 
557328 0.0268544 0.00679696 -41913.6 97.8075 
558144 0.0283588 -0.0023746 -42253.7 97.9503 
558960 0.0282747 0.0101108 -43081.1 98.0927 
559776 0.0406463 0.0127141 -43036.2 98.2353 
560592 0.0254303 0.0223132 -42921.6 98.3788 
561408 0.0247781 0.00964588 -42941.4 98.5224 
562224 0.0241531 -0.00283277 -43358.6 98.6655 
563040 0.0366818 0.0152667 -43054.8 98.809 
563856 0.0553069 -0.0321573 -43181.1 98.9516 
564672 0.0366631 0.00266732 -44095.7 99.0955 
565488 0.0594629 -0.0547421 -43835.2 99.2386 
566304 0.0564989 -0.0231177 -43037 99.3828 
567120 0.0463871 -0.0265407 -43313.1 99.5258 
567936 0.0697172 -0.00264738 -43715.3 99.6692 
568752 0.0238949 0.00690995 -43786.8 99.8122 
569568 0.0439541 0.042336 -43433.1 99.9552 
570384 0.0390936 0.0373949 -43343.1 100.099 
571200 0.009671 -0.00771055 -43541.1 100.242 
572016 0.0601016 0.0148661 -43871.8 100.386 
572832 0.0476895 0.0176803 -43930.4 100.529 
573648 0.046853 0.0387938 -43632.2 100.671 
574464 0.0657435 0.00481626 -44787.7 100.815 
575280 0.0662285 -0.00201793 -44320.3 100.957 
576096 0.0508261 -0.000352046 -43889.1 101.101 
576912 0.0682785 0.0500644 -43460.1 101.244 
577728 0.0447292 0.0172629 -43673.7 101.386 
578544 0.039618 -0.0328808 -43520.7 101.53 
579360 0.045311 -0.034963 -43649.9 101.672 
580176 0.033133 -0.00141812 -43721.5 101.816 
580992 0.0566937 -0.0427173 -43659.4 101.959 
581808 0.0218364 -0.00230071 -44390.5 102.102 
582624 0.0481881 0.0428148 -43741.1 102.245 
583440 0.0434478 0.0239858 -43373.2 102.389 
584256 0.0334913 -0.0114029 -43323.2 102.532 
585072 0.0434741 0.0101249 -43496.8 102.676 
585888 0.0495195 -0.00340008 -43866.9 102.818 
586704 0.0519979 -0.00422672 -43708 102.962 
587520 0.0429865 0.0128906 -43768.9 103.105 
588336 0.0891173 0.0395492 -44723.6 103.249 
589152 0.0974551 0.0464085 -44618.2 103.392 
589968 0.0756616 -0.0157235 -43776.8 103.535 
590784 0.0320807 -0.00790585 -43691.7 103.678 
591600 0.0429867 0.00349922 -43687.1 103.822 
592416 0.0412752 0.0381502 -43682.4 103.964 
593232 0.100286 0.0952669 -44497.9 104.108 
594048 0.0579037 0.0554098 -44242.6 104.251 
594864 0.0744878 0.0545231 -43733.8 104.395 
595680 0.0906401 0.0153358 -43854 104.538 
596496 0.0756812 0.0446624 -43648.3 104.681 
597312 0.08369 0.0536813 -43499.6 104.825 
598128 0.0864682 0.0538505 -44074.4 104.968 
598944 0.0845702 0.0567905 -43594.6 105.112 
599760 0.0774829 0.0656783 -42440.2 105.255 
600576 0.0491414 0.0339043 -41464 105.397 
601392 0.0668512 0.0349739 -41147.4 105.541 
602208 0.0336906 0.0273918 -41776.3 105.684 
603024 0.0355018 0.0257078 -42712.5 105.826 
603840 0.0466533 0.0384977 -42592.4 105.97 
604656 0.0686218 0.0535053 -42462.6 106.112 
605472 0.0565635 0.0263999 -43017.9 106.256 
606288 0.0170096 0.00349699 -42866.3 106.399 
607104 0.0331154 0.0114922 -42691.2 106.542 
607920 0.0571536 0.00168595 -43791.8 106.686 
608736 0.037472 -0.00949372 -43177.4 106.83 
609552 0.0323243 -0.000365555 -43747.3 106.973 
610368 0.0374163 -0.0185006 -43732.5 107.116 
611184 0.0243586 -0.0160428 -43243.4 107.26 
612000 0.0223694 -0.0192897 -43656.4 107.403 
612816 0.0251829 -0.020605 -42536.1 107.547 
613632 0.0216791 -0.018625 -42193.8 107.69 
614448 0.0230886 -0.0161416 -41455.1 107.834 
615264 0.013661 0.00466293 -41407.4 107.978 
616080 0.0387717 -0.0243231 -41241.7 108.121 
616896 0.0117834 -0.00252766 -40459.8 108.264 
617712 0.0304992 0.000366105 -40099.2 108.407 
618528 0.0353666 0.0130342 -39222.2 108.55 
619344 0.0454579 0.0316509 -40630.2 108.694 
620160 0.0497947 0.0385652 -41197.8 108.837 
620976 0.067459 0.0412865 -42103.8 108.981 
621792 0.0656674 0.0391569 -41650.3 109.124 
622608 0.0444697 0.00403189 -41426.3 109.267 
623424 0.0405933 0.00443483 -41236.7 109.411 
624240 0.0124691 0.000824228 -41424.5 109.554 
625056 0.0441121 -0.0372286 -41745.8 109.698 
625872 0.0264698 -0.0241627 -41667.6 109.841 
626688 0.0327909 -0.00243869 -41205.2 109.984 
627504 0.0323267 -0.0167317 -41666.5 110.128 
628320 0.0272539 -0.0227098 -42238 110.271 
629136 0.023494 0.0221651 -41908.2 110.414 
629952 0.020062 0.00540982 -41863.6 110.558 
630768 0.0239791 -0.00277545 -42398.1 110.702 
631584 0.0252853 -0.0191369 -42555.8 110.846 
632400 0.0139991 -0.0090627 -43175.9 110.988 
633216 0.026219 0.0214916 -43570.6 111.131 
634032 0.0361077 0.0292628 -44218.1 111.275 
634848 0.055009 0.0271188 -44656.9 111.417 
635664 0.0390119 0.01509 -45258.9 111.561 
636480 0.0340498 -0.000494498 -45268.4 111.705 
637296 0.044415 -0.0248056 -45093.4 111.849 
638112 0.0573024 -0.02329 -44825.6 111.991 
638928 0.0631197 -0.0499548 -45365.1 112.135 
639744 0.0484753 -0.0147513 -45438 112.278 
640560 0.0503462 -0.031941 -44727.8 112.422 
641376 0.0325174 -0.0251294 -44279.9 112.566 
642192 0.0274049 -0.0156921 -43457.2 112.708 
643008 0.0328719 -0.0281686 -43839.7 112.852 
643824 0.0326889 -0.0324372 -43855.1 112.995 
644640 0.0321387 -0.0221133 -43639.5 113.138 
645456 0.0285494 -0.0267262 -42996.4 113.281 
646272 0.0272272 -0.0181588 -43004.3 113.424 
647088 0.046775 -0.0453166 -42883.2 113.566 
647904 0.034432 -0.0223604 -43213.7 113.709 
648720 0.0451166 -0.041942 -42900.2 113.852 
649536 0.0422653 -0.0422502 -43022.9 113.995 
650352 0.058113 -0.0357555 -43120.9 114.138 
651168 0.0745688 -0.060095 -42756.3 114.282 
651984 0.0597375 -0.0385847 -42761.6 114.424 
652800 0.0347115 -0.0145654 -42578.6 114.568 
653616 0.0349627 0.0112249 -42626.6 114.711 
654432 0.0407569 -0.0294112 -42683.5 114.855 
655248 0.022904 -0.0108421 -42620 114.997 
656064 0.0674886 -0.044238 -42557.4 115.141 
656880 0.0322793 -0.0189399 -41901 115.284 
657696 0.0289609 -0.00222661 -42301.4 115.428 
658512 0.0398303 -0.0365169 -42826.8 115.57 
659328 0.00951448 -0.00937916 -42457.5 115.715 
660144 0.0448444 -0.0398734 -43063.6 115.858 
660960 0.0141534 0.0077708 -43603.3 116.002 
661776 0.0368219 0.0310321 -44368.3 116.145 
662592 0.039062 -0.0237664 -43879.3 116.289 
663408 0.0341214 0.0229777 -43557.6 116.432 
664224 0.0562662 0.0242598 -42526.1 116.575 
665040 0.0672957 0.0348915 -41973.2 116.718 
665856 0.0766104 0.0270208 -41646.5 116.861 
666672 0.0511775 -0.0169573 -41890.9 117.004 
667488 0.0740081 0.0319643 -41673 117.147 
668304 0.0761355 0.00283629 -42664.6 117.29 
669120 0.085731 -0.0447875 -42562.2 117.433 
669936 0.0381172 -0.0194515 -43914.5 117.577 
670752 0.0117899 0.00108406 -44277.8 117.719 
671568 0.019974 -0.0183625 -44046.3 117.862 
672384 0.0222358 -0.0188417 -43420.5 118.005 
673200 0.04565 -0.0258594 -42946.7 118.149 
674016 0.030594 -0.0124353 -43191.5 118.291 
674832 0.0309193 -0.00959616 -43137.6 118.435 
675648 0.0543458 -0.0153319 -43299.1 118.578 
676464 0.0649972 0.040032 -43760.3 118.722 
677280 0.056889 0.0164443 -43606.4 118.864 
678096 0.0706314 0.0380998 -43325.3 119.008 
678912 0.0337094 0.00995508 -42332.9 119.151 
679728 0.0372638 0.0290092 -43037.4 119.294 
680544 0.0218915 0.00431009 -43095.3 119.437 
681360 0.0212876 -0.0094403 -43285.2 119.58 
682176 0.0256481 0.00593581 -42698.6 119.723 
682992 0.0441763 0.0113481 -42873.2 119.866 
683808 0.0672668 0.00300065 -42585.6 120.009 
684624 0.0863128 -0.00189838 -43297 120.153 
685440 0.058106 0.0273606 -42170.1 120.295 
686256 0.0338614 -0.0109764 -43341.1 120.438 
687072 0.047824 0.0205451 -43957.1 120.582 
687888 0.0554996 0.0295968 -42946.6 120.725 
688704 0.0483939 0.0282894 -43416.3 120.868 
689520 0.0708948 0.043047 -43088.9 121.011 
690336 0.0721053 0.0318069 -42345.7 121.155 
691152 0.0671654 -0.00598367 -42554.4 121.298 
691968 0.037131 0.0153548 -41901 121.441 
692784 0.0493871 0.00399894 -41846 121.584 
693600 0.0291374 0.0103462 -42431.4 121.726 
694416 0.0664416 -0.0281852 -42698.3 121.87 
695232 0.0635231 -0.020255 -42379 122.012 
696048 0.0640844 -0.0168721 -43219.7 122.156 
696864 0.0564265 -0.0105929 -43364 122.299 
697680 0.0423526 -0.00172831 -43062.7 122.443 
698496 0.0492102 -0.0133471 -42688.3 122.585 
699312 0.0612153 -0.00713129 -42989.5 122.728 
700128 0.0605729 0.001738 -42366.9 122.871 
700944 0.0701821 0.000799102 -43079.8 123.013 
701760 0.0729143 -0.023131 -43606 123.157 
702576 0.0626833 -0.0247233 -43503.7 123.301 
703392 0.0373767 -0.0147494 -43090.3 123.444 
704208 0.0290836 -0.00654445 -42072.1 123.588 
705024 0.0311532 0.0141563 -40986.6 123.73 
705840 0.0367272 0.0113723 -41837.3 123.874 
706656 0.0585595 0.0419015 -42205.6 124.017 
707472 0.0659065 0.0607283 -43068.8 124.159 
708288 0.0905513 0.0773511 -43723.7 124.303 
709104 0.041607 0.0235725 -42625.1 124.446 
709920 0.0786922 0.0317011 -42963.6 124.589 
710736 0.0368577 0.0174696 -42110.1 124.732 
711552 0.06233 0.0119496 -43040.1 124.876 
712368 0.0417116 -0.00785522 -43582.1 125.019 
713184 0.0225571 0.0215274 -42759.1 125.162 
714000 0.0152129 0.0134775 -42831.1 125.305 
714816 0.0381556 -0.0111738 -42299.2 125.449 
715632 0.0584904 0.00772817 -42716.7 125.591 
716448 0.0443061 0.0282485 -42335.7 125.735 
717264 0.0458874 0.0248477 -42491.7 125.877 
718080 0.0489497 0.0158504 -43523.6 126.021 
718896 0.0425679 0.000499071 -43715.5 126.164 
719712 0.0474548 -0.0338689 -43538.7 126.307 
720528 0.0337171 -0.0272172 -43281.3 126.45 
721344 0.0387496 -0.02184 -43086.6 126.594 
722160 0.0568179 0.0415818 -43888.5 126.736 
722976 0.0672996 0.0245544 -44000.5 126.881 
723792 0.065742 0.0238007 -44466.3 127.023 
724608 0.0634867 0.0319172 -43441.9 127.166 
725424 0.0460803 -0.0356735 -43632.4 127.309 
726240 0.0438114 0.00404088 -43446.7 127.452 
727056 0.0317943 0.00129945 -42669.9 127.596 
727872 0.03371 0.00596751 -42781.6 127.739 
728688 0.0331682 -0.0100041 -42583.2 127.883 
729504 0.0140794 -0.00956025 -42502.5 128.026 
730320 0.0224889 0.00679196 -42472.7 128.17 
731136 0.0401024 -0.00493359 -42829.4 128.313 
731952 0.0686344 -0.0318957 -42906.8 128.457 
732768 0.0431498 -0.00498527 -42380.6 128.6 
733584 0.040181 0.018199 -42441.8 128.743 
734400 0.0687182 0.0431219 -43563.8 128.886 
735216 0.0366031 0.00488971 -43160.5 129.03 
736032 0.0523528 0.0329949 -42684 129.172 
736848 0.074519 0.0411561 -42903.9 129.317 
737664 0.0716826 0.0377765 -41772.1 129.46 
738480 0.0597449 0.0367957 -41942.6 129.604 
739296 0.0647276 0.0228398 -41610.6 129.748 
740112 0.0614139 0.028801 -41664.2 129.892 
740928 0.0730883 0.0114458 -41468.9 130.035 
741744 0.0479206 -0.0255067 -41752.4 130.179 
742560 0.0454723 0.0184287 -41760 130.322 
743376 0.0573878 0.0166806 -42765.9 130.465 
744192 0.0457913 0.0132414 -42451.5 130.608 
745008 0.0360278 0.0255013 -42337.4 130.752 
745824 0.0325595 -0.0221891 -42460 130.895 
746640 0.0256383 0.00662244 -43127.5 131.039 
747456 0.00807903 0.00337582 -42919.2 131.182 
748272 0.101194 -0.0288572 -44498.8 131.326 
749088 0.108292 -0.0339633 -43685.2 131.469 
749904 0.0963431 -0.0140293 -44153 131.613 
750720 0.110987 -0.00598059 -43533.3 131.756 
751536 0.0729421 -0.00633745 -42599.2 131.899 
752352 0.0811202 -0.06215 -42084.4 132.042 
753168 0.0606509 -0.010966 -42684.1 132.185 
753984 0.0569796 -0.0116573 -42068.1 132.329 
754800 0.058338 -0.0181365 -41990 132.472 
755616 0.0353673 -0.0175852 -42560.3 132.616 
756432 0.0290871 -0.023177 -44087.3 132.759 
757248 0.0258714 0.00944323 -43914.1 132.903 
758064 0.0447469 0.000618008 -43911.3 133.046 
758880 0.0433725 0.0162546 -44524.2 133.189 
759696 0.0428468 -0.0339888 -44022 133.332 
760512 0.0422363 -0.0135362 -43455.5 133.475 
761328 0.0375245 0.0313016 -43516.8 133.619 
762144 0.0497104 0.0461461 -44000.5 133.761 
762960 0.0245847 0.0179313 -43786.2 133.904 
763776 0.0369431 0.0243914 -43580.3 134.047 
764592 0.0491375 0.0183333 -43258.2 134.191 
765408 0.0364328 -0.0046277 -43138.4 134.334 
766224 0.0257007 0.000163265 -43419.8 134.477 
767040 0.0449618 -0.0302305 -43921.7 134.621 
767856 0.0445689 -0.0290794 -43619.3 134.764 
768672 0.0820993 -0.0628342 -44011.9 134.908 
769488 0.0580182 -0.0446269 -43205.6 135.052 
770304 0.0607404 -0.0480295 -43122 135.195 
771120 0.0335552 0.00042757 -43611.7 135.339 
771936 0.0354641 -0.0345472 -44183.2 135.483 
772752 0.0212203 -0.018044 -43260.4 135.626 
773568 0.0271218 -0.00425742 -43157.1 135.769 
774384 0.0275502 -0.000934414 -43794.6 135.913 
775200 0.0216365 0.00954175 -44494.3 136.055 
776016 0.0459354 0.00968634 -44002.9 136.199 
776832 0.0423709 0.0258845 -43891.4 136.341 
777648 0.0619563 0.0238468 -43542.4 136.484 
778464 0.0547577 0.00626816 -43594 136.628 
779280 0.08046 -0.0640961 -43774.1 136.771 
780096 0.0379395 -0.020011 -43266.3 136.916 
780912 0.0302249 0.00963686 -43227.3 137.06 
781728 0.0370948 -0.00109397 -42948.6 137.202 
782544 0.0316148 -0.00708121 -43649.7 137.346 
783360 0.0291015 -0.0127743 -43453 137.489 
784176 0.0184685 0.000460687 -43913.7 137.632 
784992 0.0689448 0.0308467 -42688.9 137.776 
785808 0.0468767 0.00696243 -43256.8 137.919 
786624 0.0409941 0.0151991 -43401.9 138.063 
787440 0.0544649 0.0214911 -44251.6 138.206 
788256 0.0382428 0.0114457 -44146.1 138.349 
789072 0.0325157 0.00392006 -44441.3 138.492 
789888 0.0296525 0.0295548 -44634.7 138.636 
790704 0.0568465 0.0337231 -44531.5 138.78 
791520 0.0529983 0.0282758 -43855.5 138.924 
792336 0.0360813 0.0165461 -42612.7 139.066 
793152 0.0232315 0.00833241 -44014.7 139.209 
793968 0.0412894 -0.0344834 -43890.7 139.353 
794784 0.0568553 -0.0369882 -44084 139.495 
795600 0.0332805 -0.0131403 -44005.6 139.639 
796416 0.0346916 0.00177682 -43795.5 139.782 
797232 0.0220417 -0.00140134 -42369.9 139.925 
798048 0.0396382 0.0236614 -42803.2 140.067 
798864 0.0375746 0.0164385 -42255.9 140.211 
799680 0.0299451 -0.0223242 -42331.8 140.354 
800496 0.0599537 -0.0567041 -42053.4 140.497 
801312 0.0310926 -0.0183444 -42293.4 140.64 
802128 0.0585493 -0.0180424 -41837.9 140.783 
802944 0.0679184 0.00175305 -41589.8 140.926 
803760 0.0569976 -0.0117789 -41395.5 141.069 
804576 0.0826993 -0.0238325 -41952.2 141.211 
805392 0.0775496 -0.0304852 -43072.7 141.354 
806208 0.0514711 -0.0259668 -42949.9 141.497 
807024 0.0205485 -0.00264592 -43072.5 141.641 
807840 0.0589692 -0.0319897 -43632.7 141.783 
808656 0.0806444 -0.0372165 -43826.8 141.927 
809472 0.0784405 -0.054213 -43703.9 142.07 
810288 0.12258 -0.0827976 -43065.3 142.213 
811104 0.064271 -0.0487808 -42952.6 142.356 
811920 0.0543874 -0.0372006 -42926 142.5 
812736 0.0444762 -0.0223503 -43130.7 142.643 
813552 0.051454 -0.0404769 -43027.3 142.786 
814368 0.0252304 -0.0210096 -42559.6 142.93 
815184 0.0631232 -0.0458491 -43235.3 143.073 
