0 0.0266566 -0.0138129 -33810.9 0 
816 0.0451692 0.0182331 -35065.8 0.137996 
1632 0.12262 0.114547 -36132 0.276373 
2448 0.105235 0.0962531 -38398.6 0.416916 
3264 0.0296907 0.017968 -39838.9 0.55768 
4080 0.0692555 -0.0010413 -40044.4 0.697759 
4896 0.0337698 0.0137956 -39936.7 0.839845 
5712 0.053027 0.0273624 -40301.4 0.981682 
6528 0.0558447 0.029768 -40537.9 1.12246 
7344 0.0358621 0.00807389 -41263.7 1.26326 
8160 0.0505712 0.0351669 -41747.1 1.40694 
8976 0.0711649 0.0287377 -41874.5 1.54789 
9792 0.0406651 -0.0356121 -42966.8 1.69064 
10608 0.0380727 -0.0300615 -42372 1.833 
11424 0.0465755 -0.0321806 -42471.2 1.97596 
12240 0.0653165 -0.0307973 -42179.9 2.11865 
13056 0.0227486 -0.0128132 -42367.4 2.26007 
13872 0.0249148 0.00216382 -42253.4 2.40368 
14688 0.0557954 0.00052694 -43368.4 2.5448 
15504 0.0439039 0.0196952 -42684.9 2.68575 
16320 0.0431246 -0.0134153 -42471.2 2.82905 
17136 0.061101 -0.032804 -42392.5 2.96951 
17952 0.0150124 -0.00876451 -42561.6 3.11285 
18768 0.0308019 -0.00607702 -43063.7 3.25441 
19584 0.0229327 0.0144438 -42319.7 3.39745 
20400 0.0427875 0.0356213 -42790.1 3.53909 
21216 0.0223787 -0.0114442 -43388.9 3.68009 
22032 0.0439622 -0.0436237 -43456.8 3.8216 
22848 0.0424102 -0.0132117 -43066 3.96232 
23664 0.0339562 0.0171091 -44049.6 4.10524 
24480 0.0294634 0.004798 -43240.1 4.24393 
25296 0.0291355 0.0203968 -42997.1 4.38451 
26112 0.0162247 0.00768568 -42837.6 4.52324 
26928 0.0180686 -0.0139645 -42426.3 4.66188 
27744 0.0148427 0.00561969 -42896.7 4.801 
28560 0.0489166 0.0363125 -42746.4 4.94004 
29376 0.0495057 0.0311228 -42969.8 5.07857 
30192 0.038809 0.0102649 -43724.1 5.2165 
31008 0.0799446 0.0551542 -43634.8 5.35623 
31824 0.072718 0.0259364 -44243 5.49456 
32640 0.0661729 0.00922521 -43222.4 5.636 
33456 0.0465742 0.0141758 -42570.8 5.77616 
34272 0.0441772 0.0179174 -42211.7 5.91846 
35088 0.0457671 0.0182629 -42003.4 6.06093 
35904 0.0515091 0.0101595 -42625.8 6.20132 
36720 0.0500261 0.0179199 -42412.1 6.34069 
37536 0.0287468 0.00407698 -42823.6 6.48303 
38352 0.0340091 -0.0172469 -42282.2 6.62506 
39168 0.049019 0.00704363 -42647.1 6.76406 
39984 0.0262245 -0.0141317 -42994.1 6.90774 
40800 0.0739113 -0.0723615 -41996.1 7.04775 
41616 0.0440045 -0.0415817 -42745.7 7.18806 
42432 0.0631087 -0.0599934 -42220.3 7.32965 
43248 0.085977 -0.0772616 -42309.2 7.47247 
44064 0.0550238 -0.0199211 -42123.5 7.6148 
44880 0.0736633 -0.0186846 -41774.6 7.75448 
45696 0.0784227 -0.0419908 -42416.6 7.89697 
46512 0.0696079 -0.0134928 -42258.7 8.03922 
47328 0.0301407 -0.0141291 -42294.8 8.17851 
48144 0.0175369 -0.0129504 -42194.9 8.31964 
48960 0.0326322 0.0057793 -43384 8.45851 
49776 0.0680258 0.0637895 -42992.4 8.59745 
50592 0.0286213 0.0261731 -42577.9 8.73688 
51408 0.00763184 -0.00694555 -43355.8 8.87577 
52224 0.0235512 0.0199032 -43454.6 9.017 
53040 0.0151608 -0.0103174 -43059.4 9.15899 
53856 0.0108166 0.00874151 -42211 9.29769 
54672 0.0459413 0.00540343 -40369.9 9.44088 
55488 0.033258 0.0184528 -40417.6 9.57975 
56304 0.0623745 0.0537815 -41147.7 9.7204 
57120 0.0525483 0.0415008 -42631.3 9.85865 
57936 0.0390798 -0.0124187 -42450 9.99802 
58752 0.0376676 -0.0291074 -42022.9 10.1374 
59568 0.080665 -0.0695279 -41509 10.2781 
60384 0.0656093 -0.0511385 -41957.3 10.4169 
61200 0.0472128 0.028647 -41609.3 10.5547 
62016 0.0295648 0.0156338 -42275.8 10.6942 
62832 0.0339822 0.00840342 -42849.8 10.8322 
63648 0.0466754 -0.016804 -42717.8 10.97 
64464 0.0479334 -0.0240905 -42452.9 11.1091 
65280 0.016897 -0.0103764 -42458.2 11.2485 
66096 0.038915 -0.0203868 -42896.5 11.387 
66912 0.023378 0.0194033 -43829.5 11.5251 
67728 0.019155 -0.00770616 -43207.3 11.6633 
68544 0.0244192 0.014698 -42877.1 11.802 
69360 0.0408841 0.0385439 -43542.6 11.9426 
70176 0.0449866 0.0204833 -43101.9 12.082 
70992 0.0358357 -0.0242784 -42214.9 12.2232 
71808 0.0388775 -0.0323221 -42690.1 12.3636 
72624 0.0288851 -0.0218459 -42221.3 12.5051 
73440 0.0468708 -0.0382391 -41340.9 12.6471 
74256 0.0419928 -0.00125109 -42118 12.7874 
75072 0.0440693 0.0169006 -41943.3 12.9298 
75888 0.0562226 -0.00340414 -42080.2 13.0701 
76704 0.0233146 -0.00223903 -41841.6 13.2104 
77520 0.0491959 -0.0437642 -41859.6 13.3544 
78336 0.0303277 -0.0238055 -41829.6 13.4944 
79152 0.0321158 -0.0174707 -41274.6 13.6375 
79968 0.0497508 0.000611764 -41949.1 13.7806 
80784 0.0508533 0.03078 -42239.6 13.9214 
81600 0.0509424 0.0212207 -42949 14.0641 
82416 0.0807718 -0.0440548 -43197.3 14.2056 
83232 0.0633357 -0.00680497 -43241.8 14.3488 
84048 0.0645909 -0.0389072 -43913 14.4907 
84864 0.0446099 -0.0394186 -43909.3 14.6311 
85680 0.0265733 -0.0171861 -44214 14.7749 
86496 0.0291506 0.0228052 -44224 14.9149 
87312 0.0207252 0.0189205 -43993.2 15.0575 
88128 0.0175206 0.0153211 -43749.8 15.1993 
88944 0.0463605 0.0347803 -43942.9 15.3421 
89760 0.0181394 0.00623792 -43854.9 15.4835 
90576 0.00712245 -0.00480242 -44451.9 15.6244 
91392 0.0216232 -0.0178158 -44486.9 15.7658 
92208 0.0513143 -0.045336 -43809.6 15.9085 
93024 0.0855149 -0.0765839 -43390.4 16.0498 
93840 0.03543 -0.0287169 -43757.5 16.1905 
94656 0.0201459 0.00649332 -43485.7 16.3345 
95472 0.0213488 -0.0139545 -44012.4 16.4751 
96288 0.0467269 -0.0381464 -44233 16.6186 
97104 0.0566802 -0.0324134 -43962.9 16.7602 
97920 0.0383701 -0.0321354 -43521 16.8988 
98736 0.0704784 -0.0689677 -43388.8 17.0373 
99552 0.0468052 -0.0459378 -42756 17.18 
100368 0.064924 -0.0601033 -42931.1 17.321 
101184 0.0382013 0.0127418 -43091.3 17.461 
102000 0.029993 0.00682536 -42595.8 17.6036 
102816 0.0250468 -0.0227223 -41843.4 17.745 
103632 0.0240236 -0.0212045 -41984.9 17.8881 
104448 0.0415994 -0.0415919 -41316.7 18.029 
105264 0.0464294 -0.0451546 -40545.8 18.1716 
106080 0.041361 -0.0353761 -40662.1 18.3133 
106896 0.0345746 0.00581569 -41236.5 18.4525 
107712 0.0346282 0.00836395 -41040.8 18.5945 
108528 0.0375883 0.0118176 -42296.8 18.7361 
109344 0.035683 -0.000320253 -42587.6 18.8759 
110160 0.0315309 0.00553321 -42674.7 19.0197 
110976 0.0295078 0.00289539 -43308.6 19.1602 
111792 0.0449617 0.00161564 -42911.9 19.304 
112608 0.024565 -0.00700289 -42340.9 19.4456 
113424 0.041993 -0.00600742 -42835.9 19.5859 
114240 0.0741231 -0.0467921 -42398.6 19.7293 
115056 0.0549119 -0.015059 -42830.6 19.8706 
115872 0.034716 -0.0157004 -42934.1 20.0122 
116688 0.0380682 -0.0331809 -42983.5 20.1533 
117504 0.0690873 -0.0527198 -44018 20.2962 
118320 0.0522366 -0.0350887 -43880.5 20.4379 
119136 0.0426477 -0.0242114 -44442.9 20.5776 
119952 0.060981 -0.0484685 -45282.5 20.7207 
120768 0.0243847 -0.0204035 -45210.9 20.862 
121584 0.0610584 0.00629243 -45397.9 21.0051 
122400 0.0457047 -0.0318328 -45890 21.1478 
123216 0.0580717 -0.0495695 -44862.5 21.2887 
124032 0.0200189 -0.0104352 -44511.8 21.4292 
124848 0.0423482 0.0246677 -44005.5 21.5704 
125664 0.0376377 -0.00504883 -43693.9 21.7118 
126480 0.0448337 0.0305649 -44635.5 21.8503 
127296 0.0198478 -0.00576635 -43781.6 21.9937 
128112 0.0446993 0.0360865 -42485.7 22.1351 
128928 0.0307455 0.0213877 -42154.8 22.2754 
129744 0.0472393 0.0439573 -42239.4 22.4182 
130560 0.0117145 0.0072131 -42982.5 22.5596 
131376 0.021642 -0.0038713 -43109.7 22.7008 
132192 0.0296032 0.0136154 -42966.5 22.8457 
133008 0.033165 -0.004499 -42565.8 22.9854 
133824 0.038912 -0.00412265 -42049.8 23.1297 
134640 0.0530545 -0.0500114 -42748.1 23.2722 
135456 0.0210614 -0.0111526 -42342 23.4136 
136272 0.0298432 -0.0112502 -42330.8 23.5547 
137088 0.0430456 -0.0231029 -41799.5 23.6983 
137904 0.0295438 0.00544894 -41526.2 23.8387 
138720 0.0347015 0.0331638 -41203.2 23.9823 
139536 0.0320245 -0.014846 -41498 24.1236 
140352 0.0593766 -0.0304167 -41254.7 24.2645 
141168 0.0234435 -0.00972635 -42181.4 24.4081 
141984 0.0285524 0.0173358 -42081.8 24.5502 
142800 0.0381989 -0.0154351 -43138 24.6926 
143616 0.0384295 -0.00445421 -41594.4 24.834 
144432 0.0284995 -0.0194652 -42259.8 24.9742 
145248 0.0393005 -0.003007 -42447.3 25.1158 
146064 0.0179079 0.00890846 -42823.8 25.2544 
146880 0.0172059 0.0127703 -43653.8 25.3947 
147696 0.030219 -0.0275345 -43111.3 25.538 
148512 0.046711 -0.0459661 -42923.1 25.6767 
149328 0.0338639 -0.0325439 -42404.1 25.8195 
150144 0.0395008 -0.0152972 -42878.9 25.9586 
150960 0.0326783 -0.0107038 -43868.1 26.1018 
151776 0.0245728 0.00614435 -43451.2 26.245 
152592 0.0539158 -0.0296326 -44255.1 26.3848 
153408 0.0547602 -0.0153065 -43902.9 26.5259 
154224 0.0553554 -0.0507765 -44160.8 26.6674 
155040 0.0478855 -0.0413025 -43745.6 26.8101 
155856 0.0567066 -0.0192154 -44360.1 26.9533 
156672 0.0388867 -0.0195612 -44254.3 27.0932 
157488 0.0331671 -0.0277096 -44116.9 27.2351 
158304 0.035584 -0.0342707 -43374.6 27.3767 
159120 0.0575739 -0.0238732 -44127.3 27.5172 
159936 0.0419418 -0.0352844 -44178 27.6586 
160752 0.0643305 -0.0498849 -44673.2 27.8007 
161568 0.0659568 -0.0269511 -43867.3 27.9405 
162384 0.0509631 -0.0388154 -42737.1 28.0833 
163200 0.0327427 -0.0167822 -42310.5 28.2244 
164016 0.019899 -0.000977866 -42426.3 28.3648 
164832 0.0560043 -0.0165295 -42949.2 28.5082 
165648 0.0536199 -0.0129452 -42483.9 28.648 
166464 0.0348954 -0.0154813 -42385.3 28.7906 
167280 0.0580574 -0.0495166 -42632.2 28.9321 
168096 0.0290544 -0.019127 -43049.5 29.0726 
168912 0.0272388 -0.00155503 -42828.5 29.2156 
169728 0.0039264 -0.00304144 -42688.8 29.3577 
170544 0.0171725 0.0133645 -42537.4 29.4977 
171360 0.026418 0.0138202 -42777.2 29.643 
172176 0.0409671 0.0163506 -43214.1 29.7832 
172992 0.0449526 0.00772043 -42979.5 29.9245 
173808 0.0875852 0.017657 -43052.2 30.0649 
174624 0.0725599 -0.00429892 -42897.1 30.2084 
175440 0.0368549 0.0118167 -42297.3 30.3491 
176256 0.0613809 -0.0375273 -41873.5 30.4891 
177072 0.0449052 -0.0211492 -42265.6 30.6301 
177888 0.0160586 0.00681795 -42268.5 30.7729 
178704 0.0268692 -0.0132365 -41590.6 30.9141 
179520 0.0541038 0.0129348 -42888.4 31.0549 
180336 0.0768623 0.0102774 -43092.6 31.1959 
181152 0.0731262 -0.00227542 -43130 31.3362 
181968 0.0569515 0.0177947 -43592.2 31.4776 
182784 0.0118649 -0.00273488 -43525.1 31.6163 
183600 0.0232515 0.0169037 -42824.9 31.7567 
184416 0.0288111 0.00848136 -42862.7 31.8977 
185232 0.0277222 0.0182092 -42721.8 32.0404 
186048 0.0170892 0.0146719 -42866.6 32.18 
186864 0.0609242 0.0168405 -41914.9 32.3218 
187680 0.0622396 0.0097833 -42230.9 32.4616 
188496 0.0407976 0.014364 -42282 32.6019 
189312 0.0666764 -0.064609 -41605.6 32.7429 
190128 0.0302129 -0.0214057 -43573.1 32.8839 
190944 0.0573214 -0.0538462 -43610.2 33.0222 
191760 0.0366383 -0.0334567 -43227.2 33.1633 
192576 0.0251953 0.0142419 -43473.8 33.3042 
193392 0.0464135 0.0205283 -43702.9 33.4471 
194208 0.0519825 0.0227431 -43698.8 33.5877 
195024 0.0654354 0.0214828 -43406.6 33.7281 
195840 0.0402729 0.00905204 -43114.7 33.8705 
196656 0.0680196 -0.0267731 -41557.7 34.0121 
197472 0.0480033 -0.0334658 -40798 34.1553 
198288 0.0364256 -0.00418263 -41230.3 34.2958 
199104 0.0303164 -0.0208114 -40849.9 34.4367 
199920 0.0390382 -0.0171441 -41265.3 34.5777 
200736 0.0526648 -0.0371254 -41475 34.7181 
201552 0.0151279 0.00338718 -42600.8 34.8612 
202368 0.0330456 -0.0297603 -42635.9 35.0023 
203184 0.0186375 0.00415974 -42540.8 35.1452 
204000 0.028086 0.0267309 -42410 35.2839 
204816 0.0532258 -0.0379584 -42375.3 35.4271 
205632 0.073372 -0.0521987 -42859 35.5695 
206448 0.0516663 -0.0378223 -42665.3 35.7088 
207264 0.0291074 -0.0232141 -43012.4 35.8513 
208080 0.0459874 0.00784091 -42938.2 35.9925 
208896 0.043164 -0.0320784 -42785 36.1318 
209712 0.0207594 -0.0188635 -43076.7 36.2744 
210528 0.041671 -0.0177055 -42582.3 36.4134 
211344 0.0680583 -0.0277898 -42842.9 36.5555 
212160 0.045684 0.0181441 -43067.2 36.698 
212976 0.0323032 0.0273778 -42936 36.8369 
213792 0.0545738 0.00992397 -43990.5 36.9787 
214608 0.0561953 0.00181156 -43662.4 37.1182 
215424 0.0329289 -0.00929551 -43475.1 37.2619 
216240 0.0251967 0.0180167 -44137.9 37.4025 
217056 0.0241678 0.0240564 -44104 37.5459 
217872 0.0339106 0.0316695 -43872.6 37.687 
218688 0.0469918 0.0386145 -43404.8 37.826 
219504 0.0453411 0.0380071 -43819.3 37.9647 
220320 0.0208211 -0.00778902 -44205.6 38.1044 
221136 0.0400355 0.00949263 -43709 38.2433 
221952 0.0527015 0.0257943 -43751.4 38.3836 
222768 0.0367586 0.0219122 -44629.8 38.5219 
223584 0.0274528 0.0026747 -44357.1 38.6622 
224400 0.0199407 -0.00293396 -44144.7 38.8023 
225216 0.00992939 0.0071866 -43441.7 38.9412 
226032 0.012385 0.00686009 -43578.4 39.0834 
226848 0.019957 0.00349892 -43670.3 39.2247 
227664 0.0578065 -0.0428784 -43763.3 39.3637 
228480 0.0215814 -0.000946879 -43671.9 39.5058 
229296 0.0168317 -0.0133754 -44378.7 39.6467 
230112 0.0453701 -0.0209038 -43489.7 39.787 
230928 0.0176615 -0.00879038 -43254.1 39.9296 
231744 0.0354467 -0.0196797 -42805.6 40.0703 
232560 0.0336363 0.0238154 -42445.6 40.2126 
233376 0.0333374 0.0184251 -42623.9 40.3547 
234192 0.0491422 0.0166925 -43004.7 40.4944 
235008 0.0371689 -0.0156277 -43312.6 40.6359 
235824 0.0247879 -0.000922307 -42545.3 40.7779 
236640 0.0538874 -0.0472316 -42390.2 40.9211 
237456 0.0753389 -0.059073 -42727.3 41.0618 
238272 0.102983 -0.0711142 -43378.5 41.2026 
239088 0.095978 -0.0666371 -43288.4 41.3439 
239904 0.0667526 0.00241294 -43384.9 41.4824 
240720 0.0677564 -0.0162019 -42206.4 41.6213 
241536 0.0554343 0.0119127 -42625.8 41.7618 
242352 0.0374588 -0.0180746 -42010.5 41.9039 
243168 0.0188504 -0.00971091 -42262.9 42.0438 
243984 0.0460263 -0.0399261 -42431.1 42.1868 
244800 0.0424249 -0.0285355 -42895.8 42.3265 
245616 0.0347776 -0.0329335 -42350.3 42.4684 
246432 0.054938 0.00462091 -41590.6 42.6113 
247248 0.0323244 -0.000500621 -41885.1 42.7524 
248064 0.0596521 -0.0466119 -41383.7 42.8919 
248880 0.0494062 -0.0384583 -41267.2 43.0312 
249696 0.0351171 0.0169174 -42022.8 43.1713 
250512 0.0464101 0.0305207 -42067.8 43.3124 
251328 0.0403912 0.0144094 -41946.7 43.4515 
252144 0.0254049 0.0108033 -41104.8 43.5913 
252960 0.0416263 -0.0181878 -42118.9 43.7303 
253776 0.031558 -0.00520145 -42290.9 43.8689 
254592 0.075959 -0.0449555 -42385.2 44.009 
255408 0.0509161 -0.00918832 -42577 44.1492 
256224 0.0381331 0.0261408 -43077.3 44.2871 
257040 0.0544368 0.0328195 -43380.1 44.4264 
257856 0.0259447 -0.00517481 -43112.6 44.5663 
258672 0.0490836 -0.00938889 -43395.7 44.7061 
259488 0.0509786 0.0195191 -43114.1 44.848 
260304 0.0537455 0.0300263 -43442.3 44.9883 
261120 0.0203605 0.00926007 -42879.5 45.1276 
261936 0.0272574 -0.0169128 -43731.6 45.2667 
262752 0.0439601 -0.0217969 -43810.4 45.4075 
263568 0.0155876 -0.00274114 -45104 45.5492 
264384 0.0218727 0.00894739 -44256.8 45.6892 
265200 0.0369162 0.0206996 -43381.6 45.8292 
266016 0.024471 -0.0103878 -42785.3 45.9711 
266832 0.0257361 -0.0227557 -42663.5 46.1117 
267648 0.0183147 -0.0150339 -43492.1 46.2546 
268464 0.0508673 0.00385465 -42902.1 46.3956 
269280 0.0739575 -0.0438531 -43164.5 46.536 
270096 0.0599494 -0.0431209 -43391.2 46.6781 
270912 0.0377034 -0.0310273 -42654.9 46.819 
271728 0.0222659 -9.94563e-05 -42232.2 46.9603 
272544 0.0408368 0.0403192 -41738.8 47.1042 
273360 0.0417589 0.0266426 -42519.2 47.2447 
274176 0.0354194 0.0161343 -43941.2 47.3873 
274992 0.0312513 0.0306807 -43195.3 47.5304 
275808 0.0337183 0.027505 -43106.6 47.6718 
276624 0.0695376 0.0502589 -42794.9 47.8122 
277440 0.0601691 -0.00386327 -42517.1 47.9554 
278256 0.0685219 0.0468201 -42500.9 48.0971 
279072 0.0586192 0.0210237 -42910.6 48.2401 
279888 0.0702677 0.00771716 -42773.9 48.3816 
280704 0.0696984 0.0332755 -43352.4 48.5224 
281520 0.0579427 0.0250161 -43138.7 48.6651 
282336 0.0418346 0.0278907 -43440.5 48.8069 
283152 0.0218996 0.0167692 -43795.8 48.9502 
283968 0.0602481 0.0567604 -44706.2 49.0938 
284784 0.0593694 0.0331518 -42900.2 49.2337 
285600 0.0573219 0.028409 -43004.8 49.3757 
286416 0.061564 0.0383191 -43536 49.5193 
287232 0.0387447 -0.0169734 -44352.6 49.661 
288048 0.0301164 0.0281674 -45023 49.8029 
288864 0.0237147 0.00858073 -43935.9 49.9441 
289680 0.0456777 0.0384685 -44459.9 50.0865 
290496 0.0356879 -0.0129308 -43579.8 50.229 
291312 0.0281029 0.0188579 -42827 50.3685 
292128 0.0157158 0.000855851 -43118.8 50.5116 
292944 0.0447003 0.000230522 -43986.3 50.6535 
293760 0.0290534 -0.0132188 -43328.8 50.7974 
294576 0.0793904 -0.0692021 -43774.5 50.941 
295392 0.0670542 -0.0525346 -43396.5 51.0832 
296208 0.111228 -0.0265681 -43103.4 51.2239 
297024 0.0496877 0.0108063 -42430.9 51.3668 
297840 0.033446 0.0330753 -42815 51.5086 
298656 0.0498825 0.0469615 -42372.2 51.6482 
299472 0.0517124 0.0516001 -41236.3 51.7868 
300288 0.035246 0.0156409 -41355.3 51.9235 
301104 0.0389437 0.0302168 -41693.1 52.0652 
301920 0.0215857 0.0206617 -42376.7 52.2083 
302736 0.0225882 0.0210957 -42851.6 52.3486 
303552 0.0346636 0.0318907 -42896.6 52.489 
304368 0.0378169 0.0156474 -42391.1 52.6311 
305184 0.0458756 -0.0155821 -41829.7 52.7726 
306000 0.0557041 -0.0472057 -42192.7 52.9155 
306816 0.0428039 -0.0380842 -42201.9 53.0568 
307632 0.0369279 -0.0211777 -42213.8 53.1978 
308448 0.0454423 -0.0182221 -42645.6 53.3398 
309264 0.0520333 -0.0484879 -42007.3 53.4817 
310080 0.0390969 -0.0173162 -42690.2 53.6217 
310896 0.0425107 0.0373542 -41694.2 53.7664 
311712 0.0170047 0.00373589 -41770.9 53.9055 
312528 0.0166401 -0.014239 -41558.3 54.0484 
313344 0.0143767 0.0127164 -41098.9 54.192 
314160 0.0105401 0.0098348 -41476.9 54.3332 
314976 0.0117532 0.00825959 -42130.6 54.4741 
315792 0.0249331 0.0121911 -42297 54.6174 
316608 0.042726 0.0138503 -42113 54.7586 
317424 0.0410923 -0.0239317 -42094.4 54.9016 
318240 0.0271231 -0.00359813 -42819 55.0431 
319056 0.0294376 -0.00134583 -42036.5 55.1832 
319872 0.0528877 -0.0288299 -42644.5 55.3268 
320688 0.0368595 0.0137088 -42946.5 55.4684 
321504 0.0156788 -0.00920423 -42365.6 55.6123 
322320 0.0292818 0.018289 -42873.5 55.7535 
323136 0.0374639 0.0141448 -43295.1 55.8937 
323952 0.0608986 -0.0305653 -43315.8 56.0361 
324768 0.0391715 0.00346246 -42476.1 56.1787 
325584 0.0140119 0.00416231 -43560.8 56.3181 
326400 0.0152019 -0.00095259 -43077.2 56.4625 
327216 0.0185486 -0.00680625 -43240 56.6022 
328032 0.052427 -0.0518667 -42117.9 56.7452 
328848 0.0272669 -0.0214703 -42359 56.8885 
329664 0.0408773 -0.0391309 -42227.6 57.0296 
330480 0.0499092 -0.0346517 -43584.8 57.1707 
331296 0.0397714 -0.0149131 -43736.5 57.3107 
332112 0.0306143 0.0162785 -43607 57.4505 
332928 0.0422049 -0.0269205 -43907.9 57.5898 
333744 0.0318365 -0.0262328 -45424.9 57.7308 
334560 0.0251699 -0.00485293 -44262.5 57.8719 
335376 0.0194933 0.0186954 -43913 58.0128 
336192 0.0464997 0.0116979 -43528.9 58.1518 
337008 0.0348945 -0.0168567 -43387.9 58.2923 
337824 0.0688848 -0.0546739 -42889.5 58.4326 
338640 0.0773899 -0.0253538 -42691.1 58.5728 
339456 0.0702895 0.0269988 -42665.3 58.7161 
340272 0.0770186 0.031749 -43246.8 58.8568 
341088 0.0813442 -0.0220424 -43978.4 58.999 
341904 0.0490504 -0.0164392 -43292 59.1397 
342720 0.0501417 0.0326598 -44111 59.2803 
343536 0.0451837 0.0444886 -43686.4 59.4227 
344352 0.0358586 0.0167674 -42508.9 59.5639 
345168 0.055048 0.0156006 -42816.7 59.704 
345984 0.0368382 -0.0249922 -42702.4 59.8427 
346800 0.0356331 -0.0229679 -43683.6 59.9839 
347616 0.0734598 -0.0720642 -43654.7 60.1228 
348432 0.03934 -0.0359253 -43420.5 60.262 
349248 0.0205009 0.0123424 -43389.4 60.4039 
350064 0.0217781 0.00120993 -43783.4 60.5448 
350880 0.0310205 0.0249139 -42937.2 60.684 
351696 0.0305327 0.0271647 -43145.6 60.8258 
352512 0.0357282 -0.00451179 -44016.5 60.9674 
353328 0.0481652 0.0366112 -42699 61.1076 
354144 0.0538542 -0.00213711 -41886.6 61.2471 
354960 0.0462804 0.0117467 -42427.5 61.3894 
355776 0.0616067 -0.019248 -42558.3 61.5315 
356592 0.0674807 -0.0519777 -42657.2 61.6698 
357408 0.0545526 -0.0460832 -43225 61.8127 
358224 0.0239656 -0.00644085 -43546.6 61.9545 
359040 0.0499528 -0.0345737 -42448.1 62.0954 
359856 0.0485352 -0.0468545 -42812.4 62.2376 
360672 0.0169021 -0.0157066 -43038.3 62.3783 
361488 0.0410758 0.0224221 -42783.8 62.5213 
362304 0.0292816 0.0237069 -42079.2 62.6626 
363120 0.0302002 0.00258138 -42159.1 62.8034 
363936 0.0388916 0.0266426 -41628.5 62.9459 
364752 0.0496764 0.0334164 -42093.7 63.0871 
365568 0.0582114 0.0315139 -42684.1 63.2303 
366384 0.090789 0.0720003 -43045.4 63.3719 
367200 0.083641 0.0642624 -42555.5 63.5117 
368016 0.0643257 0.0251193 -42833.3 63.6553 
368832 0.0456136 0.0240158 -41809.6 63.7965 
369648 0.0423666 0.00746309 -41979.2 63.9371 
370464 0.0459159 0.0278153 -42158.3 64.0786 
371280 0.0474326 0.0150648 -41977.1 64.2174 
372096 0.0637615 0.0352349 -42650.1 64.3562 
372912 0.0329343 -0.0261584 -43243 64.4952 
373728 0.0190857 -0.0156453 -43647.9 64.6341 
374544 0.0547455 0.0511935 -44231.1 64.7726 
375360 0.0350057 0.0342753 -44059.9 64.9117 
376176 0.0572224 0.0416787 -43381 65.052 
376992 0.0655353 0.0259308 -42683.5 65.1929 
377808 0.0419634 0.0114854 -42952 65.3334 
378624 0.0391376 -0.0107749 -42328.1 65.4761 
379440 0.0610482 0.00386304 -43367.1 65.6167 
380256 0.0514197 0.0315083 -43694.2 65.757 
381072 0.0488964 0.0111658 -43787.6 65.8976 
381888 0.0685392 0.0257438 -43832 66.0406 
382704 0.0830698 0.0471578 -44008 66.1806 
383520 0.0500705 0.0353014 -44374.5 66.3214 
384336 0.0421021 0.0222872 -44690.1 66.4633 
385152 0.0559773 0.0272995 -44227.9 66.6039 
385968 0.0344237 0.0149305 -43891.7 66.7444 
386784 0.0255587 -0.00302987 -43781.4 66.8876 
387600 0.0474557 -0.0372806 -44783.7 67.0281 
388416 0.0243062 -0.00514654 -43846.2 67.1709 
389232 0.0168899 -0.00799925 -43877.9 67.3123 
390048 0.0203488 -0.0139732 -44391.2 67.4529 
390864 0.0212243 0.00789092 -44673.3 67.5943 
391680 0.0299112 -0.0251759 -44231.4 67.7345 
392496 0.03233 0.0134963 -43905.7 67.876 
393312 0.0441353 -0.0430678 -43695.6 68.0149 
394128 0.0526254 -0.0455125 -43523 68.1536 
394944 0.0444232 -0.0211618 -44293 68.2931 
395760 0.0225121 0.0109827 -43493.6 68.4344 
396576 0.0185362 0.00151947 -43536.9 68.5746 
397392 0.0235551 -0.00168165 -42235 68.7147 
398208 0.0208768 -0.0176738 -42065.1 68.8569 
399024 0.0174954 -0.0035446 -42255.2 68.9989 
399840 0.01802 -0.011269 -42201.1 69.1379 
400656 0.0284884 0.0145618 -43218.7 69.2811 
401472 0.020171 -0.00507585 -43875.2 69.4217 
402288 0.0433345 -0.0375652 -43636.2 69.5623 
403104 0.0582828 -0.00897864 -43907.7 69.7012 
403920 0.0807634 0.0291559 -44299.8 69.8411 
404736 0.0451039 0.02573 -43612.3 69.9835 
405552 0.0160152 0.00844033 -42958.2 70.1241 
406368 0.0395272 -0.0315444 -42474.7 70.263 
407184 0.0171647 0.0001119 -43344.6 70.4015 
408000 0.0403454 -0.0361939 -43060.6 70.5414 
408816 0.0542447 -0.0270529 -43005.2 70.682 
409632 0.0551939 0.0179766 -43477.8 70.8205 
410448 0.0612938 0.032043 -44051.3 70.9592 
411264 0.0606472 0.0546967 -43565.6 71.0975 
412080 0.0762339 0.0612085 -43960.8 71.2368 
412896 0.0627615 0.035711 -43158.6 71.3762 
413712 0.0147681 0.00534971 -43719.5 71.5173 
414528 0.0605581 -0.0603224 -43390.4 71.6586 
415344 0.0234628 -0.0192342 -43588.2 71.7975 
416160 0.0384324 -0.0352844 -43628.5 71.9385 
416976 0.0166464 -0.00116509 -43756.9 72.0789 
417792 0.0387032 0.00317447 -43932.6 72.2212 
418608 0.0463216 0.00864669 -43355.1 72.3627 
419424 0.0256661 -0.00973978 -43418 72.5027 
420240 0.0335487 -0.0288749 -43344.1 72.6449 
421056 0.0252847 0.0209092 -43427 72.7871 
421872 0.035733 -0.0261993 -43331.1 72.928 
422688 0.036721 -0.0108328 -44513.9 73.0707 
423504 0.0226592 -0.0154199 -44393.1 73.2104 
424320 0.0501003 -0.0226487 -44200.3 73.3535 
425136 0.0673279 0.025133 -44023.9 73.4962 
425952 0.101026 -0.000880959 -44413.7 73.6356 
426768 0.088377 -0.00489236 -43834.4 73.7779 
427584 0.0521361 -0.0025899 -44187.6 73.9198 
428400 0.0628634 0.0357584 -44107 74.0633 
429216 0.0629285 0.0446005 -43796.6 74.2045 
430032 0.0347736 0.0288481 -43682.4 74.346 
430848 0.0362518 0.0270925 -43908.6 74.4871 
431664 0.0600515 0.0405203 -44117.9 74.6279 
432480 0.0341926 0.0246501 -44865.2 74.7699 
433296 0.0318884 0.0214494 -44963.7 74.9107 
434112 0.0333085 0.0120768 -45170.9 75.0522 
434928 0.0331068 -0.00657129 -44299 75.195 
435744 0.0312809 -0.00853943 -43320.1 75.3365 
436560 0.0333571 -0.0300136 -42178.1 75.4772 
437376 0.0300248 -0.0285654 -42109.2 75.6203 
438192 0.00895672 -0.00107695 -42242.2 75.7623 
439008 0.0453826 -0.0402577 -42410.5 75.9025 
439824 0.0250731 0.00408948 -41392.7 76.0466 
440640 0.0460063 -0.0209603 -41450.1 76.1869 
441456 0.0481409 -0.0173337 -41967.4 76.3302 
442272 0.0631375 0.0142264 -42112.9 76.4717 
443088 0.0634497 -0.0186102 -41888.2 76.6123 
443904 0.0351107 -0.00764714 -41899.5 76.7556 
444720 0.0325619 -0.0118624 -42274.1 76.897 
445536 0.0660351 -0.0390949 -42868.3 77.0401 
446352 0.0379102 -0.014906 -42986.2 77.1814 
447168 0.0481569 -0.0430316 -43074.3 77.3222 
447984 0.0685721 -0.0483782 -42330.1 77.4614 
448800 0.0339344 -0.00219279 -41871.9 77.6041 
449616 0.0375217 -0.019559 -42193.3 77.7474 
450432 0.0650782 0.0412373 -42348.6 77.8887 
451248 0.0685871 0.0444428 -42206.8 78.0305 
452064 0.042389 0.00960822 -42609 78.1705 
452880 0.0564669 0.0157556 -43607.1 78.3118 
453696 0.0314417 0.0118087 -43692 78.4508 
454512 0.0271752 -0.0201852 -43243.4 78.5913 
455328 0.0442898 0.0249549 -44066.9 78.7304 
456144 0.0468361 -0.00471222 -43772.8 78.8729 
456960 0.040083 -0.0244696 -42659.1 79.0148 
457776 0.0697719 -0.0428559 -44064 79.1541 
458592 0.0407647 0.003529 -43207.1 79.2956 
459408 0.0608174 -0.0419291 -43536.9 79.4378 
460224 0.0616956 -0.0226132 -44028 79.5787 
461040 0.0358348 -0.0164746 -42590.3 79.719 
461856 0.0333861 -0.0185657 -43031.5 79.8619 
462672 0.0176627 -0.016283 -43683.1 80.003 
463488 0.0164359 -0.0113319 -43917.5 80.1432 
464304 0.0473952 -0.0361573 -44269.5 80.2859 
465120 0.0487552 -0.0390471 -44301.2 80.4273 
465936 0.0662832 -0.0234293 -43928.9 80.5707 
466752 0.0491414 -0.0091883 -43867.3 80.7121 
467568 0.0379971 0.00868087 -43062.2 80.8522 
468384 0.0537172 0.0199093 -42197.2 80.9953 
469200 0.0664116 0.0131906 -42581.1 81.1371 
470016 0.0702697 0.00170088 -42938.5 81.2764 
470832 0.051864 -0.0268395 -42051.4 81.4189 
471648 0.0388778 -0.00915263 -42740.9 81.562 
472464 0.0221189 -0.00238784 -42106.3 81.7024 
473280 0.0261953 -0.0198927 -41801.4 81.8441 
474096 0.0470793 -0.0373278 -41837.5 81.9876 
474912 0.0851389 -0.042141 -41732.4 82.1284 
475728 0.0652717 -0.038794 -41648.9 82.2711 
476544 0.0641972 -0.039728 -42592.6 82.4124 
477360 0.0724789 -0.0185915 -42402.9 82.5532 
478176 0.0515294 -0.014103 -43289.7 82.6961 
478992 0.0867396 -0.0696559 -43223.3 82.8381 
479808 0.0412891 -0.00514432 -42520.6 82.9787 
480624 0.052213 -0.0277956 -42188.1 83.1204 
481440 0.0458581 -0.0146486 -41635.4 83.2634 
482256 0.0589072 -0.0143598 -41612.6 83.4067 
483072 0.0600779 -0.00893713 -41980.1 83.5481 
483888 0.0493301 0.0246194 -41816.5 83.6889 
484704 0.0403917 0.0351465 -41866.2 83.8327 
485520 0.0236719 -0.00112091 -42077 83.9745 
486336 0.00766496 -0.00294836 -42055.3 84.1139 
487152 0.0500119 0.0204405 -42550.8 84.2568 
487968 0.0390158 -0.00720754 -43213.9 84.3984 
488784 0.0489277 0.0028269 -42945.8 84.5391 
489600 0.0627121 0.00814313 -42291.7 84.6809 
490416 0.0801534 0.00137331 -42628.9 84.822 
491232 0.097254 0.0506646 -42720.7 84.9631 
492048 0.100925 0.0401285 -43551.9 85.1019 
492864 0.0960474 0.0247784 -43031.8 85.2427 
493680 0.0412521 -0.00987003 -43860.5 85.3839 
494496 0.0633949 -0.00401846 -44177.3 85.5267 
495312 0.0395699 -0.0299645 -44417.5 85.6669 
496128 0.0497796 -0.0186407 -44644.6 85.8079 
496944 0.0257736 -0.021821 -44237.3 85.9509 
497760 0.0366032 -0.0344367 -44689.8 86.0914 
498576 0.0213428 0.00381657 -44023.8 86.2322 
499392 0.0496738 -0.0235521 -44065.5 86.3736 
500208 0.0341421 -0.0306157 -43382.4 86.5127 
501024 0.0252679 -0.00871373 -43495.1 86.6519 
501840 0.0491454 -0.031719 -43059.3 86.7936 
502656 0.0583247 -0.0570438 -43102.2 86.934 
503472 0.0468212 -0.0428921 -43429 87.0742 
504288 0.041563 -0.01937 -43021.3 87.2138 
505104 0.0485823 -0.0124538 -43906.1 87.3553 
505920 0.0539929 -0.0276052 -43941.1 87.4949 
506736 0.0520593 -0.0349816 -44231.9 87.6367 
507552 0.0533802 -0.0310429 -42227.7 87.7779 
508368 0.03889 -0.02955 -42413.3 87.9192 
509184 0.0308091 -0.00978483 -42844.1 88.0594 
510000 0.0350381 0.0303815 -43151.3 88.2016 
510816 0.0248287 0.0175247 -42975.9 88.3422 
511632 0.0453023 0.0302523 -43340.7 88.4825 
512448 0.0599285 0.0343763 -43354.1 88.6249 
513264 0.0536392 0.0400637 -43574.3 88.7658 
514080 0.0290536 0.0119828 -43679.3 88.9095 
514896 0.0260416 0.0189731 -42413.5 89.0506 
515712 0.0396764 0.020851 -42399.2 89.1915 
516528 0.0610438 0.0384249 -42592.6 89.3331 
517344 0.0107897 0.00652643 -42585.5 89.4739 
518160 0.0461579 0.00274944 -42423.9 89.6149 
518976 0.0446083 0.01758 -42515.9 89.7556 
519792 0.0508757 0.0255978 -42709.1 89.8964 
520608 0.0372472 0.0211876 -42865.7 90.0395 
521424 0.0353473 0.0175156 -43289.1 90.1795 
522240 0.00783175 -0.00551075 -42741.2 90.32 
523056 0.0509219 0.0127532 -43004.7 90.4624 
523872 0.0507571 0.011198 -42670.5 90.6031 
524688 0.0638787 0.0341485 -42222.4 90.7426 
525504 0.0824358 -0.0294262 -41438 90.882 
526320 0.0605328 -0.00069707 -41107.9 91.0205 
527136 0.0452701 -1.62602e-05 -40788.3 91.1604 
527952 0.0203448 -0.0124912 -40999.7 91.3012 
528768 0.0470692 -0.0278923 -40248.6 91.4404 
529584 0.0395767 -0.01835 -39894.9 91.579 
530400 0.0515746 -0.0322168 -40294.2 91.7175 
531216 0.0692654 0.0357828 -40293.5 91.8557 
532032 0.032742 -0.0130678 -41392.3 91.9937 
532848 0.0235623 0.00277351 -42150.8 92.134 
533664 0.0370205 -0.0129063 -41880.4 92.2749 
534480 0.0569854 0.0040267 -41064.1 92.4135 
535296 0.0682803 -0.054833 -40934 92.555 
536112 0.0606214 -0.0335244 -41583.1 92.6971 
536928 0.0408604 -0.0232728 -41901.1 92.837 
537744 0.027638 -0.0218543 -42396.7 92.9783 
538560 0.0428653 -0.0391417 -42657.9 93.1181 
539376 0.0676473 -0.0616768 -42641.3 93.2604 
540192 0.014271 0.011001 -42009.7 93.4032 
541008 0.0187329 0.00225912 -41092.9 93.5437 
541824 0.0246539 -0.0149248 -41617.2 93.6842 
542640 0.0389919 -0.0366325 -41443.1 93.8249 
543456 0.0527232 -0.0438187 -41831.8 93.9673 
544272 0.0717715 -0.0664267 -42161.6 94.1098 
545088 0.039001 -0.0330478 -41739.5 94.2502 
545904 0.054194 -0.045633 -42194.8 94.3911 
546720 0.0568579 -0.0520726 -42734.7 94.5328 
547536 0.0467678 -0.0275774 -42134.9 94.6717 
548352 0.0415634 -0.0389365 -42544.6 94.8113 
549168 0.0410765 -0.0212169 -42337.1 94.9511 
549984 0.0763182 -0.0339969 -43148.2 95.0919 
550800 0.0689647 -0.0177413 -42818 95.2326 
551616 0.047047 -0.0167376 -43056.1 95.3727 
552432 0.0188839 0.0153933 -43073.6 95.5149 
553248 0.00720258 0.00304307 -42755.3 95.6551 
554064 0.0556972 0.0460229 -43318.8 95.7962 
554880 0.0544278 0.0208189 -43440.1 95.9382 
555696 0.0738149 -0.00636778 -43653 96.079 
556512 0.0641739 0.0276777 -44174.3 96.2182 
557328 0.0644184 0.030823 -44167.5 96.3571 
558144 0.0801409 0.0583271 -43700.9 96.4991 
558960 0.0789449 0.0629128 -43904.1 96.6399 
559776 0.0565774 0.0311208 -43217.1 96.7796 
560592 0.0693437 0.039436 -43856.6 96.9205 
561408 0.0573303 0.0548873 -43328.9 97.0598 
562224 0.0302607 0.0263955 -43768.9 97.2006 
563040 0.0255806 -0.0196114 -44282.4 97.3408 
563856 0.0506205 0.0138583 -44215.1 97.4798 
564672 0.0397264 0.0322617 -44171.7 97.6186 
565488 0.0240489 -0.00027802 -43512.6 97.7583 
566304 0.017695 -0.00488909 -44019 97.8984 
567120 0.0463027 0.0078238 -43150.8 98.0397 
567936 0.0458876 0.0045252 -43362.7 98.1783 
568752 0.0671495 -0.022787 -43913.9 98.3195 
569568 0.0392682 -0.00424575 -44369.4 98.4605 
570384 0.0342304 -0.00197218 -45107.7 98.6009 
571200 0.0354286 0.00695442 -43790.2 98.743 
572016 0.0430575 -0.00599466 -43846.4 98.8838 
572832 0.0519756 0.0175159 -43318.7 99.0263 
573648 0.0201975 0.0150874 -43297.5 99.1671 
574464 0.0231273 0.0223076 -43579.2 99.3076 
575280 0.0380585 0.0225145 -42987.9 99.4499 
576096 0.0346119 0.0124077 -44149.2 99.5907 
576912 0.0332127 0.00343504 -43656.8 99.7313 
577728 0.0687958 -0.0161716 -44147.2 99.8729 
578544 0.0751557 -0.0578964 -43930.6 100.016 
579360 0.0205662 -0.0119921 -42983.3 100.158 
580176 0.0292069 -0.0289285 -43181 100.297 
580992 0.0437912 -0.0176124 -43356.2 100.438 
581808 0.0313384 0.00173019 -43158.8 100.579 
582624 0.0381071 0.0271044 -43134.2 100.722 
583440 0.058177 0.0343013 -42997.2 100.863 
584256 0.0605724 0.0116415 -42910.2 101.005 
585072 0.0402629 0.020407 -42422.2 101.144 
585888 0.0386232 0.0144368 -42346.3 101.287 
586704 0.0409345 0.0303625 -42674.2 101.428 
587520 0.0364936 0.0116193 -42329.2 101.569 
588336 0.0503848 -0.0162863 -42538.8 101.712 
589152 0.0536533 0.00491355 -42955.4 101.854 
589968 0.0436035 -0.00178198 -42506.6 101.997 
590784 0.0469598 0.0308642 -42549.2 102.138 
591600 0.0295729 0.0138381 -42190.3 102.278 
592416 0.0385977 0.0218915 -43445 102.421 
593232 0.0486798 0.00566191 -44147.2 102.563 
594048 0.0526609 0.0017526 -44058.8 102.703 
594864 0.0617495 0.0417856 -43843.4 102.845 
595680 0.0472306 0.00432626 -43594.6 102.987 
596496 0.066902 0.000912387 -44053.9 103.131 
597312 0.0752353 0.0114396 -44205 103.272 
598128 0.0515671 0.00794758 -44055.1 103.414 
598944 0.0595292 -0.0232419 -44030.9 103.556 
599760 0.0290751 0.00131455 -43666 103.694 
600576 0.0196835 0.00507359 -43641.4 103.834 
601392 0.0409815 -0.0112245 -42741.5 103.976 
602208 0.0602461 0.00414364 -42608.7 104.117 
603024 0.0599854 0.0272288 -42436.4 104.258 
603840 0.0511431 0.0195543 -42246 104.399 
604656 0.020362 0.00719222 -42888.3 104.539 
605472 0.0270962 0.0259631 -43361.9 104.682 
606288 0.037851 0.0362533 -42258.1 104.824 
607104 0.0614935 0.0301325 -41578.8 104.964 
607920 0.0435017 0.0163515 -41000 105.105 
608736 0.0494603 -0.0327572 -41761.6 105.244 
609552 0.0463106 -0.0243662 -41459.3 105.383 
610368 0.0462793 -0.0334438 -42707.1 105.525 
611184 0.047549 -0.03547 -43930.6 105.666 
612000 0.0207372 -0.00293238 -42726.2 105.807 
612816 0.0362228 -0.00369913 -43593.7 105.949 
613632 0.0686867 -0.0205936 -44369.2 106.091 
614448 0.0867776 -0.0616557 -43961.7 106.231 
615264 0.0786574 -0.041255 -44643.5 106.374 
616080 0.0567033 -0.0121905 -43822.4 106.515 
616896 0.0700457 -0.0371144 -43824.1 106.658 
617712 0.0872589 -0.0433756 -43583.3 106.799 
618528 0.0753702 -0.0612691 -42341 106.941 
619344 0.024736 -0.0187641 -42977 107.083 
620160 0.0416809 -0.0106012 -42645 107.224 
620976 0.0198662 0.0137638 -43080.3 107.366 
621792 0.0580229 0.0331197 -43623.8 107.506 
622608 0.039798 0.0231858 -43782.1 107.648 
623424 0.0494691 0.0259481 -42870.9 107.792 
624240 0.0541626 0.0128716 -43993.8 107.932 
625056 0.0320803 0.0235749 -43320.2 108.074 
625872 0.0511417 0.0153122 -43399 108.215 
626688 0.0288427 0.0197776 -43406.1 108.358 
627504 0.0151711 -0.00261175 -42304.9 108.5 
628320 0.0363988 -0.0284567 -41935.7 108.641 
629136 0.0410448 -0.032662 -42408.7 108.783 
629952 0.0556566 -0.0142256 -42355.9 108.925 
630768 0.056948 -0.0454658 -42839.4 109.067 
631584 0.0312002 -0.0240695 -43667.2 109.208 
632400 0.0315278 -0.00936935 -43854.2 109.349 
633216 0.0371637 0.0138659 -43366.9 109.489 
634032 0.0524228 0.0192688 -43488.4 109.632 
634848 0.0516846 0.0238455 -43148.1 109.774 
635664 0.0516233 -0.00767705 -42853.1 109.914 
636480 0.0479881 -0.0427346 -43293.6 110.058 
637296 0.0308948 -0.0203874 -43290.4 110.199 
638112 0.0383135 -0.0166169 -42800.3 110.338 
638928 0.0572091 0.015513 -42567.6 110.481 
639744 0.0455622 -0.0299502 -43406.3 110.622 
640560 0.0647001 0.00599254 -43025.6 110.763 
641376 0.0778776 0.0166224 -42547.4 110.904 
642192 0.0740985 0.0248553 -43792.9 111.045 
643008 0.0505544 0.0164604 -44119 111.186 
643824 0.0566707 0.0326322 -42857.2 111.327 
644640 0.0547924 0.0403786 -43184 111.468 
645456 0.0678959 0.0423966 -42189.5 111.607 
646272 0.0387703 0.0161528 -42788.3 111.747 
647088 0.0424679 0.0111617 -42503.3 111.886 
647904 0.0272516 -0.0141974 -43236.7 112.028 
648720 0.0722921 0.0630548 -43964 112.17 
649536 0.0609297 0.0551124 -43685.8 112.311 
650352 0.045092 0.0436564 -42717.8 112.452 
651168 0.0683586 0.0593526 -42426.2 112.594 
651984 0.0874612 0.0739278 -42534.5 112.735 
652800 0.0683281 0.0303522 -43521.9 112.874 
653616 0.0297977 0.0254635 -42632.9 113.013 
654432 0.0235067 -0.0175786 -41731.5 113.153 
655248 0.00943503 0.00400297 -42226.9 113.299 
656064 0.0281999 -0.00436735 -42305.4 113.441 
656880 0.0557718 -0.020166 -43010.3 113.586 
657696 0.0487633 -0.0460865 -42725.1 113.729 
658512 0.01057 -0.00444236 -42971.9 113.874 
659328 0.0460731 0.0198519 -43122 114.016 
660144 0.0353584 0.0169944 -43837.7 114.165 
660960 0.0616404 -0.00343694 -43561.5 114.305 
661776 0.0445579 0.0281938 -43804.7 114.453 
662592 0.0656985 0.00700499 -42034.8 114.593 
663408 0.0737991 0.0418796 -42275 114.732 
664224 0.0404845 0.0161348 -41649.8 114.871 
665040 0.029242 0.025875 -41332.2 115.011 
665856 0.0147647 0.0129981 -41316.3 115.154 
666672 0.0323099 0.0286455 -41879 115.296 
667488 0.0172635 0.00227931 -42453.3 115.437 
668304 0.0105483 0.00582614 -42587.6 115.576 
669120 0.0233148 -0.0197387 -41400.5 115.716 
669936 0.0407819 -0.0161881 -42688.9 115.858 
670752 0.0396484 0.0165145 -42756.2 115.999 
671568 0.0292132 -0.00481374 -43174.1 116.139 
672384 0.0181854 0.00444859 -43571.9 116.279 
673200 0.0332379 0.0101305 -43469.3 116.418 
674016 0.0311297 -0.0187815 -43376 116.56 
674832 0.0267609 -0.0238251 -43066.6 116.701 
675648 0.0262201 0.00886331 -42776.4 116.841 
676464 0.0491156 -0.0222167 -41520.9 116.98 
677280 0.0372558 -0.0364615 -41317.2 117.121 
678096 0.020681 -0.0125077 -41433.1 117.262 
678912 0.036102 -0.0346482 -42347.4 117.403 
679728 0.028953 -0.0244225 -42276.7 117.544 
680544 0.0334332 -0.0176245 -42037 117.683 
681360 0.022295 -0.0106936 -42389.7 117.825 
682176 0.0253888 0.00198523 -41663.2 117.968 
682992 0.0325838 -0.0134202 -42261.3 118.106 
683808 0.0235196 -0.0218973 -42427.4 118.249 
684624 0.0344048 -0.0195932 -43359.1 118.389 
685440 0.0443156 -0.0306271 -44673.2 118.533 
686256 0.0328501 0.0208247 -45526.6 118.674 
687072 0.0572755 0.0261109 -44858.8 118.814 
687888 0.0257563 0.00358985 -44785.4 118.958 
688704 0.0338687 0.0133549 -44321.7 119.098 
689520 0.0424246 0.0259537 -44483.9 119.239 
690336 0.0314151 0.0147119 -44698.9 119.379 
691152 0.0383569 0.000323097 -44375.1 119.52 
691968 0.0498197 -0.00812214 -44227.4 119.661 
692784 0.0641835 -0.0203787 -44150.7 119.801 
693600 0.0635828 -0.0228675 -43563.3 119.941 
694416 0.0643393 -0.0334522 -43334 120.08 
695232 0.0433473 -0.010648 -42271.3 120.22 
696048 0.0322228 0.0152726 -42440.7 120.36 
696864 0.0348845 0.00846758 -42524.2 120.503 
697680 0.0258838 -0.0162592 -43669.4 120.643 
698496 0.0409226 -0.0404975 -43349.9 120.785 
699312 0.0393847 -0.0386408 -42946.9 120.927 
700128 0.0531987 -0.0512213 -42625.6 121.068 
700944 0.0349237 0.0182511 -42259.7 121.212 
701760 0.054045 0.0283643 -42726.6 121.353 
702576 0.0429281 -0.0267029 -41674.7 121.493 
703392 0.0302938 -0.0139426 -42193.6 121.636 
704208 0.0163784 0.00464157 -42954.4 121.778 
705024 0.0414566 -0.0389935 -43196.3 121.921 
705840 0.0797647 -0.0643736 -43091.8 122.062 
706656 0.0798865 -0.0518845 -43713.7 122.203 
707472 0.0414063 -0.0349021 -43550.9 122.345 
708288 0.0477857 -0.0441827 -43007.9 122.487 
709104 0.0378339 -0.0232864 -42703.2 122.63 
709920 0.06287 -0.0559945 -42413 122.772 
710736 0.0698088 -0.0586206 -41742.5 122.912 
711552 0.0800689 -0.0385666 -41321.6 123.055 
712368 0.0830833 -0.0629644 -40732.8 123.197 
713184 0.0440584 -0.0170064 -41602.4 123.341 
714000 0.0495173 0.00282934 -41570.9 123.482 
714816 0.057833 -0.0307279 -41727.5 123.622 
715632 0.0320104 0.00588799 -41355.9 123.764 
716448 0.032107 0.0120674 -42072.4 123.908 
717264 0.048867 0.0479034 -42775.4 124.049 
718080 0.030367 0.0223397 -42160.4 124.189 
718896 0.0267647 -0.00477353 -42704.4 124.328 
719712 0.0335263 -0.0182928 -42657.3 124.467 
720528 0.0392516 -0.0317922 -42730.9 124.607 
721344 0.0575333 -0.032136 -42331 124.747 
722160 0.043232 0.00294576 -42165.7 124.887 
722976 0.0461382 0.0190757 -42710.5 125.026 
723792 0.0369121 -0.015928 -42541.9 125.164 
724608 0.0267842 -0.00490723 -41939 125.303 
725424 0.0475274 -0.0101198 -42413.7 125.442 
726240 0.0323855 0.0195547 -42014.1 125.58 
727056 0.048262 0.0227921 -42697.4 125.72 
727872 0.0422958 0.00497204 -42802.1 125.858 
728688 0.0202478 0.00137196 -42405.2 125.999 
729504 0.0286605 -0.00500568 -41994.8 126.139 
730320 0.0246185 0.0219092 -41569.5 126.281 
731136 0.0324 0.0244231 -41354.2 126.422 
731952 0.0338191 -0.0304237 -41919.3 126.561 
732768 0.023078 -0.0097495 -42401.1 126.702 
733584 0.0321001 0.0277785 -42648.2 126.845 
734400 0.0274045 0.0230264 -43046.4 126.985 
735216 0.0421655 -0.00257046 -42740.1 127.125 
736032 0.0457196 -0.0268045 -43044.3 127.265 
736848 0.0199795 0.00824646 -43103.8 127.408 
737664 0.0333734 -0.0162609 -43061.6 127.549 
738480 0.0672588 0.0450886 -43218.3 127.688 
739296 0.0194538 -0.00198071 -43321.5 127.827 
740112 0.0400152 0.00999218 -43545.4 127.965 
740928 0.0720432 0.0249461 -43512.8 128.105 
741744 0.0455116 -0.00671642 -43545.2 128.247 
742560 0.0690006 0.0329335 -43892.2 128.387 
743376 0.0856484 0.0451135 -43466.3 128.529 
744192 0.0851952 0.0643419 -43139.7 128.67 
745008 0.0411892 0.0222446 -42770.6 128.813 
745824 0.0677244 -0.0624826 -42562.7 128.953 
746640 0.0848251 -0.0811614 -42101.7 129.094 
747456 0.0650285 -0.0591705 -42509.2 129.234 
748272 0.0479068 -0.0428915 -41889.9 129.378 
749088 0.0437326 -0.00522817 -42359.4 129.52 
749904 0.0749679 -0.0744663 -43382.9 129.66 
750720 0.0233444 -0.0230536 -43702.6 129.801 
751536 0.0173166 -0.00038991 -43119.7 129.939 
752352 0.0287703 0.00818016 -42463 130.078 
753168 0.0671924 0.0353133 -43299 130.219 
753984 0.0523861 0.0396924 -43639.7 130.359 
754800 0.0376441 0.03208 -43802.9 130.5 
755616 0.0470921 0.0451071 -43407 130.639 
756432 0.0516578 0.0381543 -42671.7 130.777 
757248 0.040514 0.00816951 -42048.9 130.917 
758064 0.0307846 0.0112523 -41400.5 131.057 
758880 0.049317 0.00255013 -41982.6 131.196 
759696 0.0522638 0.0151903 -41896.6 131.334 
760512 0.0605421 -0.0338621 -42571.5 131.472 
761328 0.0564992 0.0276914 -41804.2 131.614 
762144 0.0560574 0.0306018 -41810.2 131.754 
762960 0.0570518 0.0464347 -42228.4 131.894 
763776 0.0540288 0.0489383 -41583.2 132.037 
764592 0.053365 0.0485209 -41871.6 132.179 
765408 0.0509038 0.0437737 -42401.7 132.318 
766224 0.0451954 0.0105211 -43170.4 132.462 
767040 0.041011 0.0124905 -42488.3 132.601 
767856 0.0358952 -0.0144225 -42268.5 132.743 
768672 0.0517858 -0.0122619 -42507.9 132.885 
769488 0.0406695 -0.0228115 -43087.4 133.026 
770304 0.0303405 0.00519211 -43023.6 133.17 
771120 0.059759 0.0448416 -42694.1 133.311 
771936 0.0319205 0.0227565 -42513 133.453 
772752 0.0219648 -0.0128855 -42211.3 133.595 
773568 0.0310024 -0.0226 -42480.7 133.735 
774384 0.0419807 -0.0361116 -42743 133.877 
775200 0.0329439 -0.0257243 -42744.2 134.016 
776016 0.0284077 -0.0102319 -43059.7 134.159 
776832 0.0318874 -0.00681375 -42441.3 134.299 
777648 0.0294974 -0.00596048 -43688.4 134.44 
778464 0.0296103 -0.00159056 -43232.6 134.581 
779280 0.0299338 0.01552 -43104.6 134.724 
780096 0.0351815 -0.00321572 -43885.1 134.867 
780912 0.0272382 0.00335212 -43980.7 135.008 
781728 0.0728014 0.0607065 -44032.1 135.151 
782544 0.0335386 0.031718 -43503.7 135.292 
783360 0.0143994 0.00956965 -43599.9 135.433 
784176 0.0271661 0.0263099 -43365.9 135.577 
784992 0.0218536 0.0183277 -43312.2 135.717 
785808 0.0328023 0.0259059 -42196.3 135.861 
786624 0.0774098 0.0656188 -43133.6 136.003 
787440 0.0431697 0.0355364 -43727.2 136.145 
788256 0.052042 0.0403394 -43544.8 136.289 
789072 0.0482306 0.0418288 -43613.6 136.43 
789888 0.0523226 0.00879512 -43660.6 136.574 
790704 0.0494523 0.0109216 -43421.3 136.715 
791520 0.0228552 0.01124 -43144 136.856 
792336 0.0361298 0.0211271 -43442.7 137 
793152 0.0242144 0.00104162 -43678.5 137.139 
793968 0.0423367 0.00586253 -43649.4 137.283 
794784 0.0431253 -0.00921796 -43186.5 137.426 
795600 0.0257494 0.000124143 -43728.5 137.568 
796416 0.0106896 0.00749447 -43844.2 137.712 
797232 0.0239439 0.0193118 -43518.9 137.853 
798048 0.0501628 0.00634587 -43371.1 137.996 
798864 0.035443 0.025713 -42731.3 138.137 
799680 0.0572654 -0.0212907 -42681.4 138.276 
800496 0.045384 -0.0209178 -41511.9 138.414 
801312 0.0374627 -0.00901388 -42651.6 138.554 
802128 0.0441604 -0.0399761 -42922.2 138.695 
802944 0.0225763 -0.022014 -42192.2 138.838 
803760 0.0346719 -0.0236671 -42017.8 138.98 
804576 0.0245896 0.00121879 -42030.5 139.119 
805392 0.0220691 0.0146329 -42775 139.265 
806208 0.0358278 -0.0327229 -42915.8 139.405 
807024 0.0367866 -0.0345879 -43779.5 139.547 
807840 0.0513402 -0.0465806 -44597.3 139.69 
808656 0.0492847 -0.0483622 -44768.9 139.83 
809472 0.0419912 -0.041802 -44203 139.973 
810288 0.0106828 -0.00262044 -43862.3 140.115 
811104 0.00996869 -0.00425244 -43505.7 140.258 
811920 0.0419524 0.0381566 -42623.6 140.4 
812736 0.0267187 -0.0125099 -41934.7 140.542 
813552 0.0707681 -0.0681349 -42191.9 140.683 
814368 0.0366773 -0.0298475 -41646.6 140.825 
815184 0.0648554 -0.0556817 -42208.2 140.967 
