0 0.0359786 -0.00616475 -31974.6 0 
816 0.0309624 -0.0161433 -33499.1 0.159873 
1632 0.0332631 -0.0253545 -36305.4 0.314198 
2448 0.0444571 -0.0132728 -37659.8 0.467679 
3264 0.0411979 0.0202756 -38672.6 0.620247 
4080 0.0533537 0.0517521 -38148.4 0.777049 
4896 0.0261445 -0.000425127 -38373.8 0.930708 
5712 0.0444654 0.00831478 -39741.7 1.08394 
6528 0.0846829 -0.0756854 -40858.6 1.23726 
7344 0.0827434 -0.063785 -41749.6 1.39001 
8160 0.0356326 -0.0185774 -42156.5 1.53988 
8976 0.0507876 -0.0332346 -41822.1 1.69097 
9792 0.0679253 -0.0545315 -42065.4 1.84539 
10608 0.0619284 -0.0434742 -41041.1 1.99903 
11424 0.0420267 -0.0388993 -41979.2 2.15167 
12240 0.00319059 -0.00186085 -42445.9 2.30426 
13056 0.0116658 -0.000379332 -42138.4 2.45746 
13872 0.0165055 0.00388472 -42460.5 2.61136 
14688 0.0753505 -0.0535317 -41833.9 2.76784 
15504 0.0720761 -0.0185765 -41875.4 2.92089 
16320 0.0380536 0.00493054 -42270.3 3.07315 
17136 0.0344194 0.0120216 -42470.5 3.22584 
17952 0.0265949 0.00310114 -42214.5 3.38176 
18768 0.0486239 -0.0127127 -41684.3 3.53458 
19584 0.0697342 -0.041405 -42094.8 3.68901 
20400 0.0499405 -0.000326346 -42242.5 3.8418 
21216 0.0660602 0.00281712 -42847.8 3.9973 
22032 0.0321719 0.00983519 -42304.6 4.15162 
22848 0.0262245 0.0252877 -42926.7 4.30387 
23664 0.0213621 0.0141175 -43028.6 4.45793 
24480 0.011074 0.00244698 -43314.5 4.61225 
25296 0.0238855 0.0207404 -43707.8 4.76567 
26112 0.049875 0.0474642 -44134 4.9186 
26928 0.046962 0.023365 -43276.9 5.07101 
27744 0.0410144 0.0354203 -43326.4 5.22382 
28560 0.0511465 0.0415194 -43536.8 5.37676 
29376 0.0494159 0.0447997 -44011.1 5.52846 
30192 0.0583968 0.0506332 -43962 5.67918 
31008 0.0613196 0.0406465 -44060.3 5.83173 
31824 0.0644339 0.0336148 -43417.3 5.98434 
32640 0.0556842 0.0256127 -43213.5 6.13775 
33456 0.0715537 0.0514106 -43753.4 6.28962 
34272 0.0450792 0.0225542 -43247.7 6.43871 
35088 0.0134531 -0.00170837 -44175.6 6.59176 
35904 0.0185339 -0.000952009 -44325.2 6.74418 
36720 0.0402319 0.0244915 -44010.8 6.89856 
37536 0.0240039 0.0209122 -43617.5 7.04797 
38352 0.0133009 0.0125253 -43392.4 7.19956 
39168 0.0174327 0.00605236 -44260.8 7.34999 
39984 0.0174681 0.00445708 -43209.7 7.50236 
40800 0.0449442 0.044407 -42165.3 7.65545 
41616 0.0314812 0.000163355 -42043.3 7.80891 
42432 0.0167161 0.00453125 -42245.4 7.96053 
43248 0.0167029 -0.00965946 -42875.3 8.11169 
44064 0.0365838 -0.0318176 -42343.1 8.26367 
44880 0.042969 -0.00519882 -43524.5 8.41865 
45696 0.0510513 -0.0103625 -43184.7 8.57091 
46512 0.0344809 0.00734335 -43552.8 8.7227 
47328 0.0622061 -0.0542694 -43060.6 8.87437 
48144 0.0938898 -0.0831543 -43639.3 9.0291 
48960 0.0588473 -0.0499429 -43316.8 9.18133 
49776 0.0502125 -0.0404286 -43652.8 9.3332 
50592 0.0207008 -0.0191951 -42514.4 9.48546 
51408 0.0183721 -0.0176626 -43121.9 9.63591 
52224 0.049716 -0.0234254 -43688 9.78923 
53040 0.0449269 0.00499679 -44012.8 9.94365 
53856 0.0580161 0.0465418 -43022.9 10.0963 
54672 0.0695856 0.067639 -42642.5 10.247 
55488 0.0693143 0.0681479 -41751.2 10.4008 
56304 0.0515648 0.0438235 -41400.2 10.5546 
57120 0.0248914 0.00265803 -41710.5 10.7075 
57936 0.0422378 -0.00315863 -42801.7 10.857 
58752 0.0552469 -0.00387874 -42579.1 11.0112 
59568 0.057954 0.00175514 -42382.5 11.1644 
60384 0.0671279 0.00974007 -42413.1 11.3171 
61200 0.0585799 0.00142712 -42234 11.4653 
62016 0.0437149 -0.0333797 -42771.8 11.6171 
62832 0.0575794 -0.0450854 -42167.9 11.7709 
63648 0.0504111 -0.0345326 -43441.7 11.9224 
64464 0.0250799 -0.0231937 -43277.7 12.074 
65280 0.0381029 -0.0357274 -42784.5 12.2252 
66096 0.0530909 -0.0227649 -42917 12.3757 
66912 0.0695961 -0.0175424 -42456.4 12.5258 
67728 0.086946 0.0194288 -43047.9 12.6771 
68544 0.0771914 0.00449278 -42137.4 12.8295 
69360 0.0702818 -0.0322333 -43021.2 12.9808 
70176 0.0592349 -0.0144334 -42761.1 13.1331 
70992 0.0395713 0.0137994 -43441.2 13.2834 
71808 0.0405627 -0.0115551 -42949.8 13.4384 
72624 0.0340447 0.0162985 -43052.7 13.5882 
73440 0.0460294 -0.00538141 -42961.9 13.7398 
74256 0.047114 -0.0218194 -42465.2 13.8923 
75072 0.0410543 -0.0151117 -42729.3 14.0469 
75888 0.0429318 0.00208456 -42265.8 14.1987 
76704 0.0534605 -0.0427218 -42263.1 14.3497 
77520 0.0472875 0.0092702 -41823.9 14.5022 
78336 0.021823 -0.00552823 -42449.2 14.6548 
79152 0.0163972 0.00255336 -41949.2 14.807 
79968 0.0226529 0.0148097 -41799.5 14.9582 
80784 0.027742 0.00287813 -41655 15.1104 
81600 0.0228899 0.0225092 -41369.6 15.2596 
82416 0.0580422 0.0533432 -41452.8 15.4124 
83232 0.0558153 0.051138 -41760 15.5671 
84048 0.0262532 0.0126763 -42340.2 15.7199 
84864 0.0303074 0.00974494 -43039.5 15.869 
85680 0.0433633 0.0285675 -43341.2 16.0205 
86496 0.0422875 0.0402344 -42285.2 16.1733 
87312 0.0476585 -0.00968822 -43039 16.3252 
88128 0.0346295 0.00649155 -43337.8 16.4744 
88944 0.0632833 0.0150304 -43625 16.6259 
89760 0.0215839 0.0108433 -43659.9 16.7773 
90576 0.0355412 -0.0264418 -44428 16.9287 
91392 0.0347605 -0.0273911 -43958.5 17.0819 
92208 0.0431288 -0.0424332 -44129 17.2347 
93024 0.0615243 0.00812889 -44017.7 17.3865 
93840 0.0418821 -0.0132244 -43925.9 17.5379 
94656 0.0556087 -0.0379323 -43317 17.6883 
95472 0.0425366 -0.0269234 -44209.6 17.8427 
96288 0.0552599 -0.0368065 -44552.7 17.9946 
97104 0.05971 0.0353271 -44275.8 18.1455 
97920 0.0439285 0.0278143 -44146.5 18.298 
98736 0.0211209 -0.0162707 -43994.5 18.4524 
99552 0.0206141 0.0153139 -43620.4 18.6039 
100368 0.0288241 0.0169172 -43060.9 18.7538 
101184 0.0296895 0.000759879 -42923.8 18.9053 
102000 0.0184592 0.00842563 -43532.6 19.0567 
102816 0.0233499 0.0225081 -43550.9 19.2089 
103632 0.0188532 0.000466729 -43552.5 19.3613 
104448 0.0475051 0.00816274 -43432.8 19.512 
105264 0.0529549 0.03357 -43278.6 19.66 
106080 0.062289 0.0552812 -43637.6 19.8137 
106896 0.0371646 0.0360422 -43661.2 19.9657 
107712 0.0244598 0.0120436 -43313.1 20.1195 
108528 0.0554674 0.0497075 -43624 20.2681 
109344 0.0816513 0.0509314 -43921.2 20.4198 
110160 0.0603737 0.00989224 -43137.5 20.5705 
110976 0.07415 0.00411339 -43390.3 20.723 
111792 0.0864117 0.0213748 -43391.3 20.8741 
112608 0.0641257 0.0358043 -42670.8 21.0258 
113424 0.0646802 0.0435962 -42750.7 21.1775 
114240 0.0648349 0.0227593 -43549.1 21.3283 
115056 0.03968 0.00534541 -44096.6 21.4822 
115872 0.049838 0.0468898 -43625.3 21.6346 
116688 0.038294 0.0377329 -43590.9 21.7867 
117504 0.0259652 -0.00683296 -43421.2 21.938 
118320 0.0253312 0.022248 -42631.1 22.0896 
119136 0.0412355 0.0145833 -42959.7 22.2443 
119952 0.0454805 -0.024754 -42302.5 22.396 
120768 0.0310179 -0.0227403 -42752.4 22.5477 
121584 0.0318548 -0.0157543 -43004.2 22.6988 
122400 0.0482044 0.00339856 -42884.5 22.8534 
123216 0.0659992 -0.0270662 -42224.8 23.0048 
124032 0.0671987 -0.016529 -42943.8 23.153 
124848 0.0831259 -0.00635118 -43725.6 23.3051 
125664 0.0918145 0.0166897 -43909 23.4579 
126480 0.0943693 0.0398667 -42105.8 23.6105 
127296 0.0879945 0.00933605 -43053.2 23.7628 
128112 0.0493138 0.00103592 -42924.1 23.915 
128928 0.0658696 -0.0417423 -43446.1 24.0659 
129744 0.0381326 -0.0193607 -44437.6 24.2181 
130560 0.0363671 -0.0307952 -43482 24.3702 
131376 0.0108916 0.00790258 -42956.4 24.5262 
132192 0.0500084 -0.0336309 -42749 24.6786 
133008 0.0662081 -0.0331356 -41574.1 24.8311 
133824 0.0169766 -0.0115636 -41754.6 24.9816 
134640 0.0343907 0.0207997 -43014.4 25.1291 
135456 0.040114 -0.0132702 -43461.1 25.2808 
136272 0.044747 -0.0201752 -42976 25.434 
137088 0.0194634 -0.00658176 -43138.6 25.5857 
137904 0.0246173 -0.0166513 -43530.2 25.7341 
138720 0.0146413 -0.00918502 -41899.1 25.8851 
139536 0.0260956 -0.0022604 -42417.5 26.0354 
140352 0.0278229 -0.0193294 -42980.6 26.1871 
141168 0.0478586 -0.0418248 -43708.9 26.3378 
141984 0.0252059 -0.0181493 -43112.5 26.4914 
142800 0.0207733 -0.0166771 -43762.7 26.6437 
143616 0.0334409 -0.0301493 -44205.2 26.7956 
144432 0.0658638 -0.0618719 -43259 26.9475 
145248 0.0450693 -0.0203817 -42590.1 27.0986 
146064 0.0286458 -0.00396204 -43325.7 27.2525 
146880 0.0547804 -0.0233997 -42070.3 27.4042 
147696 0.0423563 0.0169975 -42079.9 27.5556 
148512 0.0347931 -0.027501 -42553.7 27.7036 
149328 0.0412394 -0.0254273 -42904.2 27.855 
150144 0.038796 0.0237413 -42376.1 28.0097 
150960 0.0549324 0.0226026 -41887.3 28.1614 
151776 0.0465185 0.0256641 -42567.6 28.313 
152592 0.0277432 0.00334037 -42443.1 28.465 
153408 0.0123132 0.00250601 -42173.9 28.6161 
154224 0.0448179 0.00970565 -41555.5 28.7677 
155040 0.0424063 -0.00449122 -41237.5 28.9188 
155856 0.0416648 -0.00924481 -42531.6 29.0726 
156672 0.0351445 0.0103316 -42652.3 29.2239 
157488 0.0306443 -0.0145108 -42950 29.3762 
158304 0.0554874 -0.0442669 -42813.2 29.5276 
159120 0.0330858 -0.0313555 -43272.3 29.6759 
159936 0.00908794 0.00172769 -42630.9 29.827 
160752 0.0402897 -0.0397901 -43694.5 29.9784 
161568 0.0452204 -0.0358587 -43355.3 30.1306 
162384 0.0721768 -0.0569976 -42972.4 30.2824 
163200 0.061104 -0.0362728 -43182.2 30.4338 
164016 0.0589042 -0.0445122 -43502.4 30.585 
164832 0.0767192 -0.0763356 -43288.7 30.7357 
165648 0.0930632 -0.0908297 -44396.3 30.8877 
166464 0.0361568 -0.0222139 -43723.7 31.0359 
167280 0.022423 -0.0170614 -42965.2 31.1881 
168096 0.0432674 -0.0124005 -42967 31.3412 
168912 0.0472805 -0.021929 -42744.4 31.4927 
169728 0.0319823 0.000406127 -42873.3 31.6446 
170544 0.0361697 0.00274671 -42649.6 31.7954 
171360 0.0449577 -0.00894364 -42688.9 31.9458 
172176 0.0296431 -0.0181656 -42964.5 32.0963 
172992 0.02726 0.00989349 -43677.3 32.2473 
173808 0.0199665 0.0153495 -44588.8 32.3992 
174624 0.0260891 0.0185323 -44494.2 32.5509 
175440 0.0117713 -0.00187253 -45047.5 32.7042 
176256 0.0321256 -0.0257542 -44444.8 32.8556 
177072 0.0422543 0.028548 -43972.5 33.0044 
177888 0.0530176 0.0520813 -43482.6 33.1556 
178704 0.0183396 0.00472947 -44741.6 33.3071 
179520 0.044875 -0.0374715 -44114.6 33.4591 
180336 0.0469384 -0.0200118 -44820.5 33.6114 
181152 0.062197 -0.0150769 -43963.8 33.7633 
181968 0.0540867 0.00257784 -44139.6 33.9147 
182784 0.053873 -0.0407012 -43949.8 34.0663 
183600 0.0590432 -0.0483352 -42826.2 34.2173 
184416 0.0479758 -0.0157338 -42153.2 34.3686 
185232 0.0628941 -0.0572914 -41786 34.5227 
186048 0.0456617 -0.0342492 -42144.8 34.6745 
186864 0.0414274 -0.0356548 -42520.4 34.8276 
187680 0.0514751 -0.0512282 -42042.9 34.9749 
188496 0.0308237 -0.0239728 -42204.8 35.1267 
189312 0.0415865 -0.0355339 -41865.5 35.278 
190128 0.0920565 -0.0734472 -42578 35.4294 
190944 0.0678322 -0.065225 -42569.4 35.5817 
191760 0.0677599 -0.0636582 -43197.2 35.7362 
192576 0.0206501 -0.00415505 -43567.5 35.8874 
193392 0.0598864 -0.0465725 -42122.8 36.0392 
194208 0.0648396 -0.0495096 -42847.7 36.1905 
195024 0.0440826 -0.0248584 -42710.7 36.3403 
195840 0.0560653 -0.0380336 -42516 36.4928 
196656 0.0681195 0.0530294 -42517.6 36.646 
197472 0.0374917 0.00126716 -41346.7 36.7989 
198288 0.0418639 0.00448033 -41921.9 36.9475 
199104 0.0315777 -0.0136093 -42842.2 37.0996 
199920 0.0493911 -0.0312465 -42761.6 37.2504 
200736 0.0253154 -0.000828937 -42332.5 37.4017 
201552 0.0343123 0.0198448 -42701.8 37.5531 
202368 0.0220051 -0.0186516 -43429.1 37.7057 
203184 0.0219798 0.00665533 -43026.1 37.8573 
204000 0.0472606 -0.0267237 -42877.3 38.0078 
204816 0.0349915 -0.0278355 -43167.5 38.1591 
205632 0.0644331 -0.0137324 -43873.8 38.3073 
206448 0.0639641 -0.0422327 -44115.3 38.4616 
207264 0.051231 -0.0375634 -44119.6 38.6135 
208080 0.0367188 -0.0345391 -43843.2 38.7663 
208896 0.0271024 0.0038715 -43398.4 38.9145 
209712 0.0310561 0.0144113 -43497.5 39.0653 
210528 0.0317054 -0.00158423 -42842.7 39.2164 
211344 0.0393589 -0.0298118 -42829.5 39.3684 
212160 0.0357031 -0.0127355 -42534.9 39.5191 
212976 0.0300679 -0.0246019 -43193.5 39.6706 
213792 0.0382829 -0.029858 -44144.8 39.823 
214608 0.0500464 -0.0445449 -43793.5 39.9762 
215424 0.0453707 -0.0393295 -44200.8 40.1268 
216240 0.0385958 -0.0347729 -43687.2 40.2744 
217056 0.051663 -0.0416495 -43748.8 40.4202 
217872 0.0356408 -0.00994742 -43047.5 40.5671 
218688 0.0353694 -0.00579183 -43491.9 40.7304 
219504 0.0611274 -0.0155393 -42816.2 40.8797 
220320 0.0267643 -0.020548 -42303.8 41.0421 
221136 0.0599606 -0.051598 -42130.6 41.1931 
221952 0.021345 0.00313608 -42294.4 41.3535 
222768 0.0316013 -0.00444792 -42334.5 41.508 
223584 0.060026 0.0209891 -42088.7 41.666 
224400 0.0375862 0.0296912 -42638.7 41.8238 
225216 0.0224203 0.0094075 -43187.9 41.9776 
226032 0.0180416 -0.0064025 -43318.1 42.1249 
226848 0.0183503 0.0173444 -42560.5 42.2721 
227664 0.048272 -0.0211328 -43006.8 42.4249 
228480 0.037504 -0.0247002 -42316.5 42.5777 
229296 0.018412 -0.0155598 -41824.3 42.7299 
230112 0.0467621 -0.0401365 -42467.9 42.8822 
230928 0.0647556 -0.0104666 -41907.8 43.0352 
231744 0.0366241 -0.0106386 -42379.1 43.1875 
232560 0.0709351 0.0666883 -42551.3 43.344 
233376 0.0453525 0.0244962 -43135.6 43.4966 
234192 0.0222675 -0.019717 -42719.2 43.6496 
235008 0.0415043 -0.0159975 -42324.2 43.801 
235824 0.0396313 0.01873 -42311.6 43.9521 
236640 0.0288063 -0.00734016 -42575.4 44.1034 
237456 0.0276067 0.0198881 -42371.2 44.2549 
238272 0.0230095 0.0102142 -41597.2 44.4076 
239088 0.033113 0.0296136 -40743.1 44.5581 
239904 0.0313607 0.0223339 -40607.1 44.7109 
240720 0.0332255 -0.00626644 -40621 44.8617 
241536 0.0257403 -0.0064235 -40756.2 45.0139 
242352 0.028743 -0.016652 -41380.5 45.1643 
243168 0.0490864 -0.0327202 -41584 45.3146 
243984 0.0473177 -0.00823537 -41653.9 45.4672 
244800 0.0492019 0.00791334 -41638.5 45.6168 
245616 0.0345701 0.00319681 -41728.3 45.7671 
246432 0.0215919 0.0083274 -42247.7 45.9198 
247248 0.0235959 0.0161493 -42720.8 46.0696 
248064 0.0324969 -0.000389455 -42209.4 46.2192 
248880 0.0684756 -0.0570153 -42447.1 46.3725 
249696 0.0356319 -0.018664 -42814.4 46.5236 
250512 0.0436606 0.000106386 -42772.5 46.6763 
251328 0.0414374 -0.00138235 -42985.3 46.8292 
252144 0.0243781 -0.0143662 -43395.5 46.9858 
252960 0.0387917 -0.0329316 -43299.7 47.1371 
253776 0.0185133 -0.0167076 -43674.1 47.2873 
254592 0.0332519 -0.0325698 -43430.6 47.4424 
255408 0.0157502 -0.0072101 -43189.9 47.5935 
256224 0.0325378 -0.0212763 -43639.1 47.7457 
257040 0.0344862 -0.0304382 -43935.9 47.898 
257856 0.0460275 -0.0375169 -43200.6 48.0476 
258672 0.0390285 -0.000186353 -42440.1 48.1993 
259488 0.064279 0.0578444 -43355.9 48.3496 
260304 0.0170082 0.0137546 -42543.1 48.5005 
261120 0.0302823 -0.00720987 -43057.6 48.6526 
261936 0.0281875 -0.0193636 -43148.8 48.8092 
262752 0.0175655 0.00465961 -42921.9 48.9611 
263568 0.0424328 -0.0298978 -43694 49.1132 
264384 0.0575842 -0.0314507 -42600.2 49.2651 
265200 0.0523209 -0.0252152 -42665.8 49.4208 
266016 0.0739867 -0.0483893 -42685.9 49.5718 
266832 0.0606575 -0.0404444 -42444.3 49.7268 
267648 0.0305858 -0.00346014 -43361.7 49.8781 
268464 0.0352162 -0.0152236 -43853.7 50.0281 
269280 0.028542 -0.0222733 -42804.3 50.1797 
270096 0.0186433 -0.0182599 -43515.9 50.328 
270912 0.0073883 -0.00734474 -44060.6 50.48 
271728 0.0303351 -0.0265305 -43675.6 50.6308 
272544 0.0150283 0.00795798 -42803 50.7816 
273360 0.0430198 0.0254908 -42599.5 50.9326 
274176 0.0458754 0.0324622 -43218.2 51.0851 
274992 0.0472829 0.0424146 -42974.6 51.2377 
275808 0.0390293 0.00883304 -42403.2 51.3893 
276624 0.0123233 -0.00773539 -43153.5 51.5413 
277440 0.0249095 -0.000908295 -43294.2 51.6945 
278256 0.0555936 -0.0315302 -43045.2 51.8447 
279072 0.0640454 -0.038215 -42695.9 52.0011 
279888 0.0902512 -0.0876449 -42399.3 52.1538 
280704 0.103792 -0.0945668 -42134.4 52.3094 
281520 0.0593507 -0.0590381 -42395.2 52.4621 
282336 0.0452458 -0.0306647 -41627.2 52.616 
283152 0.0287829 -0.0259425 -40345.7 52.7683 
283968 0.0468317 -0.0420238 -39701.7 52.9156 
284784 0.0274281 -0.0271267 -39206.6 53.0688 
285600 0.0203299 0.0160956 -38864.1 53.2208 
286416 0.0406566 0.0354894 -39107.2 53.3725 
287232 0.0242215 0.00916461 -39208.4 53.5249 
288048 0.0380754 -0.0361218 -39638.2 53.677 
288864 0.0328216 0.0196026 -41104.6 53.8295 
289680 0.0669488 0.0596621 -42213.7 53.9854 
290496 0.0308341 0.0011059 -42119.6 54.1355 
291312 0.019632 0.0127648 -42016.8 54.2906 
292128 0.0212041 0.0200576 -42427 54.4417 
292944 0.0131647 -0.00307354 -42523 54.5965 
293760 0.027803 0.0276413 -43087.1 54.7481 
294576 0.0400386 0.031523 -43043.8 54.9002 
295392 0.0848536 0.079706 -43300.9 55.053 
296208 0.0583186 0.0314345 -42567.6 55.2022 
297024 0.0585281 0.020011 -42694.5 55.3545 
297840 0.0706126 -0.0171503 -43220.2 55.5054 
298656 0.103239 -0.0321316 -43757.2 55.6564 
299472 0.0780508 -0.0150891 -43346.7 55.8082 
300288 0.0889439 -0.0377688 -43714.8 55.9617 
301104 0.085388 -0.0217122 -43502 56.1121 
301920 0.0885771 -0.0285943 -43362.6 56.2668 
302736 0.102888 -0.0559343 -42582.9 56.4166 
303552 0.107985 -0.0208733 -43034.6 56.5682 
304368 0.0831132 -0.00265585 -43793.1 56.7202 
305184 0.0738662 -0.0395687 -45305.4 56.8761 
306000 0.0641235 -0.0523312 -45083 57.0281 
306816 0.0415177 -0.0412817 -45409 57.18 
307632 0.0391182 -0.0354147 -45202.6 57.3326 
308448 0.0723592 -0.0700346 -44273.9 57.4883 
309264 0.0605589 -0.0596566 -43901.3 57.6392 
310080 0.0572425 -0.0527534 -43144.4 57.7891 
310896 0.0346903 -0.0151591 -42818.2 57.9403 
311712 0.0274878 -0.00991261 -43164.2 58.0933 
312528 0.0640939 -0.0595642 -43389.8 58.2458 
313344 0.0718834 -0.0199718 -43474.6 58.3968 
314160 0.068119 -0.0460802 -43162.1 58.5491 
314976 0.0292394 -0.0124553 -43764.2 58.7017 
315792 0.0474488 -0.0277845 -43018.5 58.8544 
316608 0.0469652 0.0290215 -42578.4 59.0062 
317424 0.0608644 0.0363527 -42630.1 59.158 
318240 0.0458596 0.0185547 -43113.7 59.3105 
319056 0.0310599 -0.0272342 -42500.3 59.4625 
319872 0.0575042 -0.0384461 -42037.1 59.6131 
320688 0.0544614 -0.0152114 -42658.4 59.7626 
321504 0.0420244 0.0410731 -43043.1 59.9121 
322320 0.0195862 -0.0183633 -43486.6 60.0629 
323136 0.0590859 -0.0566019 -44099.1 60.2142 
323952 0.0363346 -0.0170576 -43655.3 60.3673 
324768 0.0168998 -0.0108221 -42835.1 60.518 
325584 0.0242609 -0.0204054 -42953.1 60.6698 
326400 0.0151121 -0.0128471 -43408.7 60.8217 
327216 0.0457069 0.0013795 -44227.8 60.9751 
328032 0.0515459 0.0110293 -44018.1 61.1267 
328848 0.0301274 0.0210881 -43998.7 61.2811 
329664 0.0551949 -0.0334559 -44652.6 61.4326 
330480 0.0536091 -0.0143409 -44041.2 61.5848 
331296 0.0345813 -0.0098605 -43792.9 61.7358 
332112 0.0357993 0.00350092 -43496.9 61.891 
332928 0.0459361 -0.0127294 -44110.9 62.0416 
333744 0.0729491 -0.0288882 -44934.4 62.1926 
334560 0.0917745 -0.0495682 -45469.2 62.3449 
335376 0.0524992 -0.0374669 -45239.1 62.4964 
336192 0.024606 -0.00779922 -45211.3 62.6481 
337008 0.055492 -0.0338697 -45548.3 62.7991 
337824 0.0445518 0.0172302 -45762.6 62.95 
338640 0.0346159 0.0295379 -44540 63.0999 
339456 0.0499136 0.0113453 -44379.5 63.2517 
340272 0.0334013 -0.0118002 -43893.9 63.4046 
341088 0.0468202 -0.0227363 -43759.7 63.5543 
341904 0.0284943 0.0195296 -44303.3 63.7055 
342720 0.0161452 -0.00474975 -42783.3 63.8583 
343536 0.0188356 0.00861805 -43151 64.0109 
344352 0.0232162 0.0218918 -43065.9 64.1624 
345168 0.0288045 0.0222868 -43335.5 64.315 
345984 0.0214923 -0.000689907 -43842.2 64.4704 
346800 0.0604753 -0.0579775 -43380.3 64.6221 
347616 0.0418625 -0.0325168 -43185.3 64.772 
348432 0.0242673 -0.0209504 -43601.4 64.9216 
349248 0.0215713 0.019146 -43561.2 65.0731 
350064 0.0573922 0.0452525 -44469.8 65.2257 
350880 0.0408099 0.0315873 -43944.2 65.378 
351696 0.0609797 0.0575781 -44325.4 65.5293 
352512 0.045271 0.0451504 -43689.6 65.6804 
353328 0.00183407 -0.000129272 -43503.8 65.8289 
354144 0.0378236 0.0253636 -42608.8 65.9806 
354960 0.0503655 0.00956871 -43046.2 66.1316 
355776 0.0513359 -0.0104389 -43151.9 66.281 
356592 0.039056 0.0119066 -42622.1 66.4326 
357408 0.0385095 -0.0108986 -42548.5 66.5809 
358224 0.0456271 -0.0414342 -42695.1 66.7276 
359040 0.0418754 -0.0402467 -43162.7 66.8767 
359856 0.0270438 -0.013998 -42621.4 67.0278 
360672 0.0430561 0.0243913 -43050.5 67.1794 
361488 0.0324499 0.00983034 -43140.2 67.3306 
362304 0.0267047 0.00521417 -41879.2 67.4824 
363120 0.0295578 0.0133983 -42177.6 67.6352 
363936 0.0135256 0.000743875 -42091.8 67.7856 
364752 0.0298511 -0.00677129 -42162.3 67.9361 
365568 0.0400079 0.0209582 -41737.5 68.0864 
366384 0.0440325 0.0343666 -42370.7 68.2375 
367200 0.0377869 -0.032375 -42301.1 68.3904 
368016 0.0297231 -0.0116309 -42595.3 68.5403 
368832 0.0471188 0.0390491 -43329.3 68.6898 
369648 0.0796538 0.0191428 -42798.9 68.8392 
370464 0.0891526 0.0400778 -42569.9 68.9881 
371280 0.0607333 0.0405633 -42832 69.1389 
372096 0.0742337 0.0459009 -42795.1 69.289 
372912 0.0896825 0.0893427 -42709.8 69.4384 
373728 0.0960136 0.0958512 -42845.1 69.5878 
374544 0.0442802 0.0315358 -42761.8 69.7378 
375360 0.0739364 0.0499412 -42819.8 69.8881 
376176 0.0499006 0.0286669 -42551 70.0379 
376992 0.0358953 0.0306533 -42189.3 70.1894 
377808 0.0413063 0.0402874 -42575.8 70.3415 
378624 0.023097 0.00940445 -42542.3 70.4911 
379440 0.0324329 -0.0267112 -41958.4 70.6408 
380256 0.0242916 0.0190239 -41126.3 70.7903 
381072 0.0459091 -0.0219512 -41493.5 70.9386 
381888 0.03005 0.00391869 -42674.2 71.087 
382704 0.0305028 0.00251798 -42856.9 71.2343 
383520 0.0581849 0.0116629 -43394.7 71.3827 
384336 0.0620702 0.0279844 -43792.7 71.5333 
385152 0.0662398 0.0422347 -44257.8 71.6838 
385968 0.049955 0.000143971 -43642.9 71.8341 
386784 0.0502017 -0.0251433 -43944.7 71.9834 
387600 0.101293 -0.0484542 -43751.1 72.1344 
388416 0.078939 -0.0345186 -44072.6 72.2878 
389232 0.0596984 -0.0446496 -43570.4 72.4376 
390048 0.0678516 -0.0190149 -43141.8 72.5871 
390864 0.075483 -0.0294003 -42857.9 72.7369 
391680 0.0573239 -0.0376173 -43417.7 72.8904 
392496 0.0777508 -0.00633551 -42191.1 73.0401 
393312 0.0564031 -0.0376054 -41160.7 73.1885 
394128 0.0758702 -0.075625 -41380.1 73.3378 
394944 0.0495396 -0.0422254 -41949 73.487 
395760 0.0124834 0.00859621 -41782.2 73.6362 
396576 0.0378285 -0.0183708 -42372.2 73.785 
397392 0.00979356 -0.000500675 -42314 73.9348 
398208 0.0209193 -0.012474 -42644.1 74.0824 
399024 0.0345024 0.0132359 -42511.3 74.2327 
399840 0.0353314 -0.00763861 -42773.1 74.3817 
400656 0.0289001 -0.0187601 -42797.9 74.5326 
401472 0.0189464 -0.000769989 -43338.5 74.6837 
402288 0.0344147 -0.0236079 -42803.1 74.834 
403104 0.0390778 -0.0244183 -42117.5 74.9843 
403920 0.0228337 0.00340817 -43072.9 75.1362 
404736 0.0282421 0.00868567 -42849.7 75.2859 
405552 0.0524912 0.0335551 -44287.4 75.439 
406368 0.0483378 -0.00160386 -43827.2 75.5887 
407184 0.012797 0.00176683 -43733.1 75.7388 
408000 0.0531128 -0.0482055 -44036.7 75.8887 
408816 0.0675199 -0.0614984 -43616.3 76.0377 
409632 0.0625833 -0.0499627 -43022.9 76.1866 
410448 0.100164 -0.0757139 -43591.6 76.3352 
411264 0.101662 -0.0791071 -43375.5 76.4867 
412080 0.0831207 -0.0495661 -43154.2 76.6367 
412896 0.0677657 -0.0189822 -43098.6 76.7873 
413712 0.0745384 -0.032816 -43013.8 76.9373 
414528 0.0627848 -0.016764 -42161.7 77.0864 
415344 0.0529556 -0.00983991 -43047.5 77.2373 
416160 0.0491429 0.00175699 -43558.2 77.3908 
416976 0.0678977 -0.0145611 -43566.6 77.5414 
417792 0.0681723 -0.023723 -43436.3 77.6907 
418608 0.0345474 -0.0229374 -42974.7 77.8403 
419424 0.0375014 -0.0156683 -43308.2 77.9892 
420240 0.0531458 -0.0249636 -42750 78.1381 
421056 0.0361637 -0.0173829 -41946.2 78.2866 
421872 0.0574334 -0.0502233 -42928.9 78.4358 
422688 0.0429423 -0.0244769 -42752.9 78.5842 
423504 0.0183046 -0.017897 -43467.8 78.7348 
424320 0.0680637 0.0473482 -43536.1 78.8848 
425136 0.0386271 0.0154729 -44714.9 79.035 
425952 0.0552096 0.0444652 -44460.6 79.1855 
426768 0.0586655 0.0542711 -43529 79.3398 
427584 0.0377506 -0.0210153 -43585.4 79.491 
428400 0.0366572 -0.0124517 -43630.8 79.6412 
429216 0.0558036 -0.0177303 -42521.7 79.7921 
430032 0.0574082 0.0131979 -42690 79.9465 
430848 0.0682935 0.0595991 -42459.4 80.096 
431664 0.0687496 0.0645717 -43139.4 80.2463 
432480 0.0123545 0.00488846 -43596.6 80.3966 
433296 0.0507285 0.0468891 -42825.9 80.5433 
434112 0.0491753 0.0398961 -43468.6 80.6936 
434928 0.0501833 -0.00667577 -43119.9 80.844 
435744 0.038048 -0.019218 -42339.4 80.9945 
436560 0.0213558 -0.00849762 -41148.1 81.1438 
437376 0.0361169 -0.035363 -40654.2 81.2964 
438192 0.0503218 -0.0462727 -42290 81.4463 
439008 0.0256713 -0.0177485 -42337.8 81.5969 
439824 0.0264466 0.00343479 -42171.2 81.7464 
440640 0.0303202 0.0250804 -42307.4 81.8988 
441456 0.00511302 0.00373029 -42397.8 82.0496 
442272 0.0327599 0.0161574 -42183.8 82.1984 
443088 0.0362165 0.033052 -42808.3 82.3487 
443904 0.026917 0.00560404 -43247.4 82.4953 
444720 0.0249955 0.0138505 -43376.5 82.6453 
445536 0.0231637 0.00470322 -44456.1 82.7959 
446352 0.0249669 -0.00131019 -43526.1 82.9478 
447168 0.0185584 -0.0129072 -43611.5 83.0986 
447984 0.0286759 -0.0242175 -43318.4 83.2481 
448800 0.0392477 -0.0349975 -43842.3 83.398 
449616 0.0101668 0.00365406 -44154.8 83.5484 
450432 0.0279518 -0.0085698 -43741.9 83.6991 
451248 0.0547966 -0.0319571 -43471.2 83.8532 
452064 0.0369921 -0.0106266 -43911.1 84.0038 
452880 0.0501844 -0.0285395 -43809.3 84.1541 
453696 0.0612332 -0.000210575 -43089.4 84.3046 
454512 0.0241699 0.0193157 -42584.2 84.4586 
455328 0.0272082 0.00209398 -42787 84.6086 
456144 0.0265815 0.00366905 -42570.7 84.7586 
456960 0.0372691 -0.0365079 -43262.6 84.9096 
457776 0.0471235 0.0349426 -43414.5 85.0566 
458592 0.0199622 0.0164528 -43080.7 85.2079 
459408 0.0298542 0.0250111 -43210.8 85.3591 
460224 0.0193743 0.0108351 -43409 85.5095 
461040 0.0472448 0.0448505 -43864.9 85.6593 
461856 0.0677867 0.0509825 -43778.1 85.8087 
462672 0.0561507 0.0377778 -43413.3 85.959 
463488 0.0277932 -0.000156639 -43959.5 86.1092 
464304 0.0413864 -0.00551807 -43183.3 86.2597 
465120 0.0254518 0.00410442 -42668.7 86.4118 
465936 0.042771 -0.0153472 -41860.9 86.5641 
466752 0.0504805 -0.0290161 -42435 86.7171 
467568 0.0548834 0.0250671 -42623.5 86.8673 
468384 0.0521511 0.028213 -42678.3 87.0212 
469200 0.0409916 0.0143379 -43218.2 87.1714 
470016 0.0173588 -0.0104125 -44343.3 87.3212 
470832 0.0497783 -0.0208759 -44316.3 87.4727 
471648 0.0316645 -0.0191267 -44564.6 87.6275 
472464 0.0376073 -0.0369003 -43897.2 87.779 
473280 0.0268774 -0.0112705 -43545.1 87.9301 
474096 0.0492966 0.0285995 -43291.4 88.0803 
474912 0.0422643 -0.0098844 -41760.8 88.2274 
475728 0.0632065 0.00122576 -42044.5 88.3781 
476544 0.0442327 -0.00191532 -42426.6 88.5317 
477360 0.0433046 0.0129568 -42790 88.6831 
478176 0.0692247 0.0170588 -43255.4 88.8358 
478992 0.0878934 0.0395319 -43148.1 88.9869 
479808 0.0499406 -0.00513202 -43842 89.1354 
480624 0.0625128 -0.0489278 -43407.6 89.2863 
481440 0.0527837 -0.0437096 -44074.6 89.4386 
482256 0.00798619 0.00787662 -42603 89.5929 
483072 0.0258317 -0.0224098 -42274.1 89.7437 
483888 0.0324468 -0.0113946 -43130.5 89.8947 
484704 0.0603106 -0.0452062 -42828.8 90.0474 
485520 0.027684 -0.0141582 -43376.1 90.2012 
486336 0.0167391 0.0109417 -43411 90.3515 
487152 0.034031 -0.00766393 -43450.2 90.5018 
487968 0.0348386 -0.0191026 -43092.5 90.6526 
488784 0.0215258 -0.00445793 -42829.3 90.8016 
489600 0.063032 0.00617956 -42589 90.9534 
490416 0.0461303 0.01355 -42418 91.104 
491232 0.0269991 -0.0154477 -42868.4 91.2543 
492048 0.0240318 -0.0216449 -42612.2 91.4042 
492864 0.0529048 0.00949958 -42954.8 91.5569 
493680 0.0568936 -0.00300853 -43876.9 91.7082 
494496 0.0613098 -0.0236034 -43606.3 91.8565 
495312 0.0546793 -0.0314277 -43341.5 92.0078 
496128 0.0414326 -0.00655652 -43072.3 92.159 
496944 0.0368288 -0.0174369 -43827.8 92.3098 
497760 0.0189067 -0.00565828 -44018.2 92.4599 
498576 0.0360567 -0.000310932 -44246.3 92.6116 
499392 0.0365172 0.0175645 -43835.3 92.7618 
500208 0.0236176 -0.000161397 -43712.7 92.9157 
501024 0.0385879 -0.0185605 -44142.8 93.0673 
501840 0.0737413 -0.073108 -44126.4 93.2179 
502656 0.0638706 -0.0519379 -43245.6 93.3695 
503472 0.0878124 -0.0753847 -43162.2 93.5204 
504288 0.0403813 -0.0292368 -42510.4 93.6725 
505104 0.013626 0.00144114 -42581.6 93.826 
505920 0.0331363 0.0175506 -43905.9 93.9768 
506736 0.0385868 0.0264336 -43496.9 94.1265 
507552 0.0513066 -0.010329 -43131.1 94.2755 
508368 0.0465092 0.0166739 -42714.5 94.4261 
509184 0.0556036 -0.00497644 -43383.6 94.5788 
510000 0.0587597 0.0297129 -42518.6 94.7291 
510816 0.0587346 0.0152005 -42484.9 94.8807 
511632 0.0271186 0.0224956 -42850.6 95.0312 
512448 0.0170918 -0.0122692 -42853.1 95.1809 
513264 0.0598265 0.0438156 -42989 95.3316 
514080 0.0227179 -0.0195548 -43003 95.4828 
514896 0.0352487 0.0322353 -42859.8 95.6346 
515712 0.0669322 0.0366885 -43250.6 95.7851 
516528 0.024566 0.0041281 -42906.5 95.9345 
517344 0.020205 0.00904874 -43464.3 96.0832 
518160 0.0678474 0.0594374 -42755.2 96.2345 
518976 0.0396659 0.0305929 -42684 96.3853 
519792 0.0215256 0.0187169 -42788.2 96.5357 
520608 0.0362735 0.0158295 -43157.6 96.6855 
521424 0.0454933 0.0265537 -42392.6 96.8386 
522240 0.046742 0.0457273 -41911.1 96.9898 
523056 0.0256303 -0.00112736 -42677.5 97.1403 
523872 0.0418109 -0.0413337 -43689.2 97.2908 
524688 0.0719379 -0.0547778 -43825.4 97.438 
525504 0.0470664 -0.015701 -44361 97.5907 
526320 0.0489666 -0.0119342 -44872.5 97.7409 
527136 0.0442999 0.0279011 -43894.2 97.8917 
527952 0.0359531 0.00207349 -43926.8 98.0408 
528768 0.0479787 -0.0294111 -43347.8 98.1905 
529584 0.0234255 -0.0153719 -43333.3 98.3412 
530400 0.0472109 0.0377798 -43879.4 98.4913 
531216 0.0302273 -0.000247865 -44457.1 98.6424 
532032 0.0418126 0.0305796 -45034.1 98.7954 
532848 0.0540284 0.0312683 -44381.9 98.9474 
533664 0.0369087 0.0324497 -44361.5 99.0999 
534480 0.0279813 -0.0259271 -43298.9 99.2506 
535296 0.0555896 -0.0535732 -42779.7 99.398 
536112 0.0791693 -0.077835 -43713.5 99.5486 
536928 0.0461737 -0.0430985 -42809.6 99.699 
537744 0.0318396 -0.0317256 -43678.9 99.8499 
538560 0.0699701 -0.0519306 -44220.5 100.001 
539376 0.0747436 -0.0336986 -43987.3 100.153 
540192 0.0527157 -0.0419181 -43464.4 100.303 
541008 0.0564543 -0.0378079 -43307.3 100.453 
541824 0.069642 -0.0537333 -43013.8 100.604 
542640 0.0542876 -0.0259321 -42950.8 100.756 
543456 0.048862 -0.00661527 -42548.9 100.907 
544272 0.0309183 -0.00446141 -42899 101.058 
545088 0.0261385 0.0112574 -42278.1 101.209 
545904 0.0340014 0.0255407 -43805 101.357 
546720 0.0259064 0.00121244 -43892.8 101.507 
547536 0.0132076 -0.00518233 -44311.7 101.658 
548352 0.0259139 0.0113296 -44408.2 101.809 
549168 0.0252896 0.0220534 -43972.7 101.961 
549984 0.0185328 0.0154892 -44286.1 102.111 
550800 0.0420328 0.0261604 -43186.9 102.262 
551616 0.051812 0.0428497 -43385.9 102.413 
552432 0.040426 0.0303554 -42980.8 102.564 
553248 0.0309324 0.0225974 -42904.3 102.718 
554064 0.0225123 0.0114172 -43468.9 102.869 
554880 0.0120111 -0.0109063 -43096.4 103.021 
555696 0.0743892 0.00168149 -44484.9 103.171 
556512 0.0667855 0.00305227 -43877 103.32 
557328 0.0717513 0.0431444 -42981.7 103.471 
558144 0.0561816 0.031926 -42739.1 103.623 
558960 0.0445881 -0.0112254 -42574.8 103.775 
559776 0.0309665 -0.00286143 -41891.1 103.923 
560592 0.0377167 -0.000923947 -41732.4 104.075 
561408 0.00704154 0.0057677 -42339.4 104.227 
562224 0.0313867 -0.0218879 -42600.9 104.38 
563040 0.0383295 -0.0156629 -42266.1 104.531 
563856 0.0272289 -0.0168434 -42635 104.682 
564672 0.0281563 -0.00950581 -42162.9 104.834 
565488 0.0375977 -0.00722821 -42176.8 104.985 
566304 0.035862 -0.00858185 -41926.6 105.135 
567120 0.0202042 -0.0147037 -42626.7 105.288 
567936 0.0406751 -0.00978637 -42285.7 105.439 
568752 0.0393795 0.00101412 -42726.3 105.59 
569568 0.0475097 0.0113325 -42927.5 105.741 
570384 0.0432539 -0.0222568 -42816 105.889 
571200 0.0514854 -0.0443532 -42492 106.039 
572016 0.0362038 -0.0170915 -43290.2 106.19 
572832 0.0477535 -0.0354708 -42184.2 106.34 
573648 0.0429775 -0.00716066 -43052.4 106.489 
574464 0.0637594 -0.0512711 -42771.9 106.64 
575280 0.0368872 -0.00089324 -42718.2 106.79 
576096 0.038478 -0.0168614 -42075.1 106.94 
576912 0.0441921 -0.024264 -41901.2 107.092 
577728 0.0373675 -0.014525 -41535.9 107.247 
578544 0.035466 -0.028546 -41257 107.397 
579360 0.0537623 -0.0189695 -40532.7 107.548 
580176 0.0534159 -0.0391783 -40330.6 107.697 
580992 0.0542365 -0.0206285 -40550.2 107.848 
581808 0.0205462 -0.00417023 -40665.1 107.999 
582624 0.0240925 -0.00705639 -40314 108.15 
583440 0.0178917 0.00404068 -41122.7 108.301 
584256 0.0334189 -0.00370614 -41177.7 108.448 
585072 0.0281397 0.0262476 -41675.2 108.598 
585888 0.0333473 -0.0190802 -41403.5 108.748 
586704 0.0424848 -0.0353336 -42127.3 108.9 
587520 0.0180527 -0.0138457 -41698.9 109.053 
588336 0.036376 -0.0160822 -41892.4 109.204 
589152 0.0242606 -0.0111844 -41180.3 109.354 
589968 0.0160418 0.0116716 -40614.9 109.505 
590784 0.0323344 -0.0209032 -41188.4 109.656 
591600 0.0253394 -0.00519432 -41620.2 109.806 
592416 0.0300357 0.016774 -42019.7 109.96 
593232 0.0507465 0.00806522 -42455.7 110.11 
594048 0.0482804 -0.00204254 -42693.5 110.262 
594864 0.0514158 0.0108363 -42827.9 110.411 
595680 0.0468085 -0.000920603 -43160.1 110.563 
596496 0.0623519 -0.0413624 -43687.6 110.714 
597312 0.0615948 -0.0408618 -42716.1 110.868 
598128 0.0411216 -0.00701894 -42250.1 111.021 
598944 0.0706771 -0.0180204 -42026.2 111.165 
599760 0.0490932 -0.0181692 -42528.6 111.313 
600576 0.0303876 0.00348936 -43613.1 111.469 
601392 0.040397 0.0110057 -43904.8 111.621 
602208 0.0671771 -0.0356568 -43552.5 111.782 
603024 0.0568557 -0.0248516 -43712.8 111.933 
603840 0.0744541 -0.0244357 -43649.6 112.096 
604656 0.0618716 -0.0297782 -43838.3 112.249 
605472 0.0731598 -0.0665644 -44427.1 112.411 
606288 0.0615047 -0.0297607 -43476.8 112.567 
607104 0.0548748 -0.0205281 -43731.2 112.725 
607920 0.0703934 -0.0303136 -44119.7 112.873 
608736 0.0347538 0.00159528 -44192.6 113.02 
609552 0.0133067 -0.00913103 -43389.3 113.172 
610368 0.0386291 -0.0325885 -43354 113.324 
611184 0.0490777 -0.0211174 -43678.4 113.475 
612000 0.0299682 0.00938247 -43759.4 113.627 
612816 0.045431 -0.0360825 -43647.3 113.777 
613632 0.0400347 -0.0267988 -43232.3 113.93 
614448 0.0610393 -0.0410937 -43203.7 114.082 
615264 0.0560041 -0.0247141 -43651.4 114.235 
616080 0.0482275 -0.0156778 -43484.7 114.386 
616896 0.0411268 -0.0273795 -44251.8 114.537 
617712 0.0241866 0.0093881 -45234.4 114.688 
618528 0.0464487 0.04537 -45169.7 114.84 
619344 0.0160554 0.0121501 -43424.7 114.991 
620160 0.044544 -0.0345303 -43474.4 115.143 
620976 0.0380634 -0.0321036 -43855.4 115.297 
621792 0.0267104 -0.00255137 -44004.3 115.449 
622608 0.0400397 -0.0167067 -45073.8 115.601 
623424 0.046847 -0.01913 -44579.2 115.752 
624240 0.0603854 -0.018374 -44651.2 115.904 
625056 0.0205073 -0.0124008 -44455 116.057 
625872 0.0442399 -0.038382 -44657.4 116.213 
626688 0.0413053 -0.0342643 -44380.1 116.363 
627504 0.0237548 -0.00496241 -44046.4 116.515 
628320 0.0505245 -0.0422358 -43922.6 116.668 
629136 0.0487644 -0.0435417 -43795 116.82 
629952 0.0410784 -0.0410249 -43006.8 116.972 
630768 0.0458835 -0.0425317 -42930.8 117.129 
631584 0.0244105 0.00142474 -42766.9 117.283 
632400 0.0239928 0.0158039 -42105.3 117.437 
633216 0.0581123 0.0464632 -42583.5 117.593 
634032 0.022273 -0.0125016 -42503 117.747 
634848 0.00678979 0.00221437 -41375.9 117.9 
635664 0.0264283 0.0112865 -42676 118.05 
636480 0.0322934 -0.0146222 -42103.4 118.206 
637296 0.035909 -0.0296714 -43026.5 118.359 
638112 0.0146897 -0.00714116 -41763.7 118.513 
638928 0.0333438 0.0169231 -41877.3 118.667 
639744 0.0265329 0.0144657 -42540.9 118.822 
640560 0.0640083 0.053858 -42690.9 118.975 
641376 0.0496275 0.0282446 -42722 119.131 
642192 0.0354283 -0.0255629 -43533.7 119.284 
643008 0.0313946 -0.0214366 -44099.9 119.436 
643824 0.0496517 -0.020364 -43296.3 119.588 
644640 0.0500114 -0.0196331 -43685.2 119.742 
645456 0.0463071 -0.0227978 -42668.8 119.894 
646272 0.0709795 0.0201127 -42433.8 120.044 
647088 0.0670777 -0.0320596 -42807.1 120.198 
647904 0.0719228 -0.0405154 -42393 120.352 
648720 0.0768951 -0.0352672 -42545.9 120.505 
649536 0.0636079 -0.0550993 -42667.3 120.659 
650352 0.0526165 -0.0373776 -43136.9 120.813 
651168 0.0574096 -0.0316542 -43313.8 120.965 
651984 0.0830326 -0.0230985 -43559.3 121.122 
652800 0.0636695 -0.00740263 -43083.4 121.274 
653616 0.0971414 -0.0439331 -43539.1 121.424 
654432 0.0799323 -0.0409465 -42615.3 121.579 
655248 0.0707554 -0.0175326 -42444.2 121.732 
656064 0.0720363 -0.0481922 -43101.5 121.886 
656880 0.0470275 -0.0296175 -44035.1 122.039 
657696 0.0396826 -0.0305881 -42877.3 122.192 
658512 0.0769826 -0.073773 -43759.6 122.344 
659328 0.0556205 -0.0435896 -43021.7 122.499 
660144 0.0387338 -0.0208554 -42062.6 122.652 
660960 0.0488463 -0.0437708 -42435.6 122.808 
661776 0.0440737 -0.0353879 -41981.7 122.962 
662592 0.0362147 -0.0257933 -41407.4 123.12 
663408 0.0303689 -0.0290524 -40858.5 123.273 
664224 0.0505274 -0.0501599 -41236.3 123.425 
665040 0.0439379 -0.043663 -41157.9 123.577 
665856 0.0441664 -0.0366106 -41829.2 123.727 
666672 0.0678327 -0.0626156 -41730 123.878 
667488 0.0384005 -0.0294432 -41972.9 124.031 
668304 0.0650391 0.0527164 -42392.5 124.182 
669120 0.0661834 0.0357574 -43094.6 124.334 
669936 0.0508521 0.03287 -42093.7 124.491 
670752 0.0757186 0.066665 -42480.9 124.643 
671568 0.0645716 0.0544635 -42496.4 124.799 
672384 0.0380794 0.0197117 -42766.2 124.951 
673200 0.0451226 0.0382568 -43468.4 125.109 
674016 0.0279247 0.0273787 -42871.4 125.263 
674832 0.0347238 0.0340818 -43342.4 125.42 
675648 0.0411055 0.0228704 -44043.9 125.574 
676464 0.0859958 -0.0013069 -43818.6 125.726 
677280 0.061071 0.00459249 -43610.1 125.878 
678096 0.0462611 0.0240031 -43570.1 126.028 
678912 0.0294023 0.0221365 -44080.1 126.18 
679728 0.050771 0.0463548 -44249.4 126.334 
680544 0.0571244 0.04866 -44100.1 126.485 
681360 0.0627767 0.0619738 -44445.5 126.637 
682176 0.0650427 0.0631357 -44368.7 126.792 
682992 0.0656705 0.0419638 -44354.9 126.944 
683808 0.0580716 0.0377109 -43816.5 127.098 
684624 0.0453367 0.0396952 -43822.6 127.25 
685440 0.0129644 -0.00581514 -42927.7 127.401 
686256 0.0261751 -0.00372698 -42610.5 127.551 
687072 0.0493669 -0.00565662 -43182.2 127.702 
687888 0.0132751 0.00227965 -43224.6 127.854 
688704 0.0185245 -0.00184575 -43722.7 128.009 
689520 0.0266331 -0.0032654 -43059.7 128.161 
690336 0.0294127 0.0179944 -43865.8 128.313 
691152 0.0492343 0.0116486 -43612.1 128.466 
691968 0.0618998 -0.0110766 -42745.2 128.619 
692784 0.0760389 0.0322902 -42415.1 128.773 
693600 0.0647826 -0.0049239 -42820.8 128.924 
694416 0.0822542 -0.0247071 -42789 129.079 
695232 0.0969439 0.0140222 -42923.9 129.232 
696048 0.0832997 0.0111184 -43607.1 129.383 
696864 0.0684553 0.0257979 -43115.2 129.536 
697680 0.0649966 -0.000529878 -43144 129.691 
698496 0.0446083 -0.000560996 -42984.2 129.844 
699312 0.0588545 -0.015017 -42558.5 129.997 
700128 0.0598172 -0.003451 -43445.1 130.149 
700944 0.0657895 0.0353962 -43205.3 130.306 
701760 0.0864533 -0.000661113 -43089.4 130.458 
702576 0.0728482 0.0261964 -43638 130.612 
703392 0.0398224 -0.00786257 -43579.7 130.764 
704208 0.0260401 -0.0224649 -43013.9 130.917 
705024 0.0355226 -0.0268068 -43492.2 131.07 
705840 0.0581452 -0.041079 -42790.4 131.224 
706656 0.0499882 -0.00648299 -43352.5 131.377 
707472 0.0278729 0.00448162 -42566 131.53 
708288 0.0350715 -0.0115058 -42612.1 131.683 
709104 0.0325098 -0.000893458 -42573.4 131.837 
709920 0.0478014 0.00873784 -42358.3 131.99 
710736 0.0419977 0.016817 -41581.8 132.143 
711552 0.0610704 0.0438257 -43186.4 132.298 
712368 0.0714292 0.0404634 -43474.8 132.449 
713184 0.0669642 0.0483643 -43746.3 132.602 
714000 0.0597722 0.0459354 -43834.8 132.752 
714816 0.0303935 -0.00351664 -44052.8 132.901 
715632 0.0448417 0.0279774 -43139.7 133.053 
716448 0.0408846 -0.0241942 -43809 133.208 
717264 0.0515651 -0.0355113 -43618 133.357 
718080 0.0205219 -0.00458897 -45133.2 133.514 
718896 0.0321008 0.00220039 -46584.9 133.664 
719712 0.0297768 -0.00928748 -45683.4 133.817 
720528 0.0543739 -0.0542263 -45263.3 133.969 
721344 0.0610586 -0.0465286 -44504.6 134.126 
722160 0.0508123 -0.0436533 -44857.6 134.279 
722976 0.0429993 -0.0427915 -44710 134.431 
723792 0.0282455 -0.021134 -45180.3 134.583 
724608 0.0422443 -0.0103037 -43727.6 134.74 
725424 0.0383192 -0.0298557 -44102.2 134.892 
726240 0.045322 0.0421165 -43017.4 135.046 
727056 0.0528879 0.0502954 -43390.2 135.198 
727872 0.0421552 0.0342197 -43020 135.355 
728688 0.0195467 -0.0121476 -42551.3 135.508 
729504 0.0479398 0.0325594 -41950.8 135.659 
730320 0.0599283 0.043996 -42068.4 135.809 
731136 0.0300749 -0.015213 -41847.2 135.963 
731952 0.0236608 0.0121763 -42341.3 136.115 
732768 0.0414242 0.0213069 -42850.6 136.266 
733584 0.0454286 0.0314627 -42113.7 136.417 
734400 0.0234685 0.0104485 -41655.3 136.57 
735216 0.0274146 0.00568666 -41577.1 136.724 
736032 0.0271812 0.0268323 -41618.4 136.877 
736848 0.0333353 0.0222839 -42284.7 137.03 
737664 0.00714677 0.00536268 -42341.9 137.184 
738480 0.0190966 0.00663449 -42325.9 137.338 
739296 0.0266951 -0.0193437 -41569.7 137.489 
740112 0.0196666 0.0150253 -41994.9 137.641 
740928 0.0438157 0.0300896 -42031.6 137.793 
741744 0.0234961 -0.00902746 -42908.9 137.948 
742560 0.0458693 -0.0221324 -43331.5 138.101 
743376 0.0673686 -0.0348195 -44022.5 138.252 
744192 0.0484728 -0.0195262 -43932.5 138.401 
745008 0.0509963 -0.0468538 -43208.9 138.553 
745824 0.0598459 -0.0547591 -43098.2 138.709 
746640 0.0381457 -0.023592 -42029.6 138.861 
747456 0.0514467 -0.0175505 -42520.1 139.012 
748272 0.0670938 -0.0529941 -42255.8 139.162 
749088 0.0600323 -0.00395335 -41916.2 139.313 
749904 0.0558668 0.0401402 -43065.5 139.459 
750720 0.0160346 0.0113462 -42776.8 139.607 
751536 0.0272001 0.0261428 -42392.3 139.763 
752352 0.0480324 0.0322028 -42650.1 139.916 
753168 0.0168544 -0.000773333 -43109.5 140.068 
753984 0.033398 0.0237833 -42885.9 140.22 
754800 0.0390753 0.0114271 -43053.3 140.372 
755616 0.0477306 0.0241149 -43119.7 140.523 
756432 0.0310059 0.00173023 -43114.6 140.674 
757248 0.0385952 -0.0208638 -43569.7 140.825 
758064 0.031227 0.00688825 -42216.7 140.979 
758880 0.0422429 -0.0326756 -42468 141.133 
759696 0.0467066 -0.0418467 -42977.8 141.286 
760512 0.0226413 0.00413618 -43538.5 141.439 
761328 0.058897 -0.0452409 -42975.2 141.591 
762144 0.0829969 -0.0723882 -42938.6 141.744 
762960 0.0613379 -0.026377 -42522.8 141.898 
763776 0.0714013 -0.0692614 -42904.9 142.052 
764592 0.0499646 -0.0416234 -42898.4 142.203 
765408 0.0621338 -0.0588831 -44140.1 142.357 
766224 0.0716012 -0.0572725 -42829.2 142.51 
767040 0.0529018 -0.037893 -43286.6 142.664 
767856 0.0277552 -0.0159335 -43341.9 142.815 
768672 0.0332382 -0.00171188 -43190.3 142.967 
769488 0.0535645 0.0288462 -42987.4 143.122 
770304 0.0232338 9.08582e-05 -43027.7 143.275 
771120 0.044459 0.0380272 -43419.2 143.427 
771936 0.0165055 -0.0143432 -43380.8 143.579 
772752 0.0419969 0.0187928 -42673.9 143.732 
773568 0.0531245 -0.0169632 -41503.5 143.886 
774384 0.0449686 0.00645207 -41288 144.039 
775200 0.048164 0.0378661 -41049.1 144.195 
776016 0.0489813 0.0149262 -41584.6 144.347 
776832 0.0352927 0.0340644 -41118.9 144.498 
777648 0.0245543 0.0224736 -41755.2 144.648 
778464 0.0161288 0.0157358 -42010.9 144.801 
779280 0.0062036 0.00279628 -42247.6 144.952 
780096 0.0217382 -0.0163673 -42211 145.103 
780912 0.0441372 -0.0361789 -41612.7 145.255 
781728 0.0384817 -0.0382841 -42760.5 145.409 
782544 0.0246667 -0.0138649 -42022.4 145.562 
783360 0.0614657 -0.00141023 -42420.3 145.713 
784176 0.0762146 0.0500713 -42190.1 145.865 
784992 0.0733241 0.0452288 -42359.3 146.017 
785808 0.0418939 0.035827 -42298.9 146.171 
786624 0.0390887 -0.00257214 -43077.1 146.323 
787440 0.0681528 -0.0126152 -42843.5 146.476 
788256 0.0558364 -0.0185339 -42239.9 146.628 
789072 0.040327 -0.0164942 -42601.5 146.781 
789888 0.0605013 0.0430006 -42556.6 146.934 
790704 0.0367012 0.018256 -42136.8 147.087 
791520 0.0400855 0.0220621 -42885 147.236 
792336 0.0396472 0.0387541 -43509.5 147.392 
793152 0.0345771 0.0279769 -44040.5 147.545 
793968 0.0355174 0.0203013 -42830.3 147.699 
794784 0.04753 0.0323095 -42935.3 147.85 
795600 0.0239241 -0.0133346 -42449.4 148.003 
796416 0.0229181 -0.0153858 -43336 148.158 
797232 0.013272 -0.00765633 -42317.7 148.311 
798048 0.0298388 0.0226818 -42492.4 148.464 
798864 0.0266898 0.0185764 -42842.9 148.617 
799680 0.0129886 -0.00474653 -43695.7 148.769 
800496 0.027955 0.00156438 -43430 148.924 
801312 0.0285235 0.0169145 -42920.4 149.078 
802128 0.0329191 -0.0047444 -43351.7 149.232 
802944 0.0568167 -0.0542896 -43375 149.385 
803760 0.038106 -0.0295666 -43401.2 149.539 
804576 0.077862 -0.0697019 -43414.7 149.692 
805392 0.0166066 -0.015108 -42699.3 149.847 
806208 0.0560035 -0.0509407 -42693.6 149.999 
807024 0.0469968 -0.0429005 -42332.2 150.151 
807840 0.0556213 -0.055302 -42023.9 150.304 
808656 0.0539872 -0.0512997 -42258.3 150.457 
809472 0.0176503 0.00448972 -41467.1 150.612 
810288 0.0317161 -0.0183746 -42543.7 150.766 
811104 0.0774945 -0.0644807 -42844 150.918 
811920 0.0598263 -0.0547357 -41877.9 151.069 
812736 0.059182 -0.0590161 -42708.8 151.223 
813552 0.0581063 -0.0578563 -42508.6 151.377 
814368 0.0196693 -0.00818118 -43111 151.529 
815184 0.0423805 -0.032408 -42489 151.679 
