0 0.0283399 0.00463415 -32219.1 0 
816 0.0294608 -0.0128254 -34075.5 0.137105 
1632 0.0508565 -0.0410685 -36723.9 0.274573 
2448 0.0079507 -0.00303598 -38769.1 0.412361 
3264 0.0640038 0.063031 -39547.3 0.550284 
4080 0.0616796 0.050795 -40498.8 0.688546 
4896 0.041475 -0.00466643 -39741.2 0.826281 
5712 0.0668726 0.0471621 -39867.2 0.963913 
6528 0.089424 0.0595232 -40139.7 1.10163 
7344 0.0626253 0.0168221 -41105.9 1.23954 
8160 0.0589092 0.0162074 -41306.1 1.37763 
8976 0.0278087 0.00758495 -42080.7 1.51549 
9792 0.016643 -0.00266719 -41862.1 1.6533 
10608 0.0217298 0.0191417 -42153.2 1.79097 
11424 0.0444217 0.0413818 -42785.2 1.92872 
12240 0.0471575 0.0381285 -43638.3 2.06682 
13056 0.0449257 -0.0215113 -43578 2.20461 
13872 0.0491463 -0.0366713 -44015.5 2.34246 
14688 0.065315 -0.0555364 -43553.5 2.47998 
15504 0.029609 -0.0104033 -44054.3 2.61789 
16320 0.0235787 0.0104356 -44651.9 2.75565 
17136 0.0474784 0.0282338 -44151.9 2.89336 
17952 0.0555645 0.0359315 -43470.5 3.03098 
18768 0.0878228 0.0527902 -44038.3 3.16872 
19584 0.0634019 0.0285374 -43950.9 3.30649 
20400 0.0240111 0.0195847 -44036.4 3.44411 
21216 0.0290378 0.0226171 -44110.8 3.58199 
22032 0.0345576 0.0202456 -43847.6 3.71978 
22848 0.0331066 6.44043e-05 -43342.6 3.85737 
23664 0.0355822 -0.0033783 -43056.8 3.99497 
24480 0.0635991 -0.00586967 -42797.8 4.13282 
25296 0.0316462 -0.0116452 -43138.9 4.27035 
26112 0.0315408 -0.00408272 -42737.4 4.40657 
26928 0.056091 -0.0414689 -42650.4 4.5444 
27744 0.0169349 0.000731848 -42457.8 4.68233 
28560 0.0437669 0.0302645 -43185 4.82036 
29376 0.0432685 0.00490845 -43385.5 4.95832 
30192 0.0408894 -0.00137054 -43761.1 5.09637 
31008 0.022562 0.00318576 -43977.5 5.23424 
31824 0.0444728 0.0125939 -43110.6 5.37192 
32640 0.0772186 0.0264097 -42598 5.50992 
33456 0.0777266 0.055329 -43023.8 5.64773 
34272 0.0372058 0.0244994 -42950.5 5.78558 
35088 0.0389146 0.0378934 -42891.6 5.92396 
35904 0.0562412 0.0541965 -43452.4 6.06217 
36720 0.0661023 0.0632362 -43652.5 6.20007 
37536 0.0665539 0.0536715 -44522.6 6.33792 
38352 0.0343036 0.0321497 -44463.4 6.47549 
39168 0.0633815 0.0147068 -44403.4 6.61346 
39984 0.0445929 -0.0219015 -43651 6.7513 
40800 0.0450294 -0.0138781 -43951 6.8891 
41616 0.0563094 0.0179532 -42635.8 7.02694 
42432 0.0781228 0.0267295 -42528.3 7.16454 
43248 0.0637363 0.0101153 -42427 7.3023 
44064 0.0556212 -0.0141777 -42158.3 7.44012 
44880 0.0517648 -0.0300668 -41978.9 7.57808 
45696 0.02281 0.00130788 -41789.1 7.71598 
46512 0.0351911 -0.0315597 -41498.7 7.85387 
47328 0.0186618 0.00295772 -42450.1 7.99176 
48144 0.0406565 -0.0225698 -43367.4 8.12944 
48960 0.0186469 0.00790276 -43359.5 8.26725 
49776 0.0466218 -0.000634977 -44036.7 8.40515 
50592 0.0166603 0.0130035 -44080.1 8.54301 
51408 0.0483305 0.00453907 -43938.4 8.68124 
52224 0.0396054 0.00485891 -44462.1 8.81905 
53040 0.0334658 0.00944063 -44728.8 8.95699 
53856 0.0159272 0.0136873 -43564.1 9.09467 
54672 0.0308124 0.00610928 -43683.7 9.23242 
55488 0.0406402 -0.00264611 -42930.8 9.3702 
56304 0.0337547 -0.00353421 -43605.6 9.50772 
57120 0.0281607 -0.0224164 -43136.8 9.64565 
57936 0.0681478 -0.0576433 -43292.1 9.78341 
58752 0.0740336 -0.0651565 -42723.8 9.92126 
59568 0.0495993 -0.0485866 -42123.5 10.0589 
60384 0.0103433 0.00407893 -42200.7 10.1968 
61200 0.0145602 0.00162284 -42758.9 10.3349 
62016 0.0471301 0.043536 -43711.6 10.4725 
62832 0.0387346 0.0370938 -42522.3 10.6103 
63648 0.0222218 0.00677294 -42975.3 10.748 
64464 0.0404995 0.00343183 -42830.4 10.8859 
65280 0.0323936 0.0128392 -43219.1 11.0237 
66096 0.0190345 0.00411099 -42401.5 11.1615 
66912 0.0342696 -0.0263407 -42255.7 11.2992 
67728 0.0367139 -0.029529 -43130.5 11.4369 
68544 0.0147992 0.0102793 -42807.4 11.5748 
69360 0.0465517 0.0292448 -42869.8 11.7127 
70176 0.0525154 0.051858 -42802.7 11.8507 
70992 0.0292385 0.0238042 -42056.3 11.9886 
71808 0.0321452 0.0146626 -41291.7 12.1264 
72624 0.0305921 -0.00294471 -42065.4 12.2643 
73440 0.0178193 0.0104875 -42202.6 12.402 
74256 0.0220246 0.0160106 -42788.8 12.5396 
75072 0.025173 0.020582 -42801.7 12.6773 
75888 0.0440961 0.0157851 -43036 12.8146 
76704 0.0407402 0.0228844 -43155.1 12.9522 
77520 0.0398241 0.0269261 -42605.4 13.09 
78336 0.0592979 0.0393401 -42900.8 13.2276 
79152 0.0526075 0.0050383 -43098.8 13.3654 
79968 0.0732748 -0.00735782 -42767.3 13.5031 
80784 0.0530242 0.0226584 -42770 13.641 
81600 0.0278725 0.0199832 -43581.6 13.7788 
82416 0.0406242 0.0391078 -43476.3 13.9165 
83232 0.0314891 0.028222 -43969.3 14.0544 
84048 0.0267783 -0.00629476 -43859.8 14.1921 
84864 0.0392384 -0.00511071 -44213.9 14.33 
85680 0.0712584 -0.0349267 -44835.2 14.4678 
86496 0.069057 -0.0231842 -44969.1 14.6054 
87312 0.069019 -0.0353903 -44214.8 14.743 
88128 0.0409035 -0.029306 -43421.3 14.8807 
88944 0.0571424 -0.0344243 -43567 15.0183 
89760 0.0522194 -0.014329 -43874.1 15.1559 
90576 0.0476765 -0.0385294 -43928 15.2935 
91392 0.0283278 0.00525284 -44327.5 15.4313 
92208 0.0563932 0.0179791 -43898.4 15.5689 
93024 0.0995618 0.0365687 -43016.2 15.7067 
93840 0.094747 0.00701379 -43641.7 15.8445 
94656 0.0779256 -0.0210362 -43841.6 15.9822 
95472 0.0744494 -0.0150957 -43654 16.1199 
96288 0.0509297 -0.00554944 -43278.8 16.2578 
97104 0.0487971 0.0232879 -43908.1 16.3955 
97920 0.0309387 0.00206879 -44135.3 16.5331 
98736 0.0296027 0.00663119 -43487.8 16.671 
99552 0.0294083 0.0192707 -43981.1 16.8088 
100368 0.0284325 0.00581239 -43432.4 16.9465 
101184 0.0393245 -0.0157933 -44098.9 17.0841 
102000 0.0370093 -0.00477296 -44995.3 17.2218 
102816 0.0510437 -0.0180106 -45003.4 17.3596 
103632 0.0228806 0.0182353 -44584.7 17.4974 
104448 0.038533 0.0329931 -44471.5 17.6351 
105264 0.0440906 0.0285189 -44273.5 17.7731 
106080 0.0408806 0.0307344 -43592.7 17.9108 
106896 0.022708 0.0130072 -43285.7 18.0488 
107712 0.0268735 -0.000550764 -43466.8 18.1865 
108528 0.0298713 0.0296583 -43379.9 18.3239 
109344 0.0843965 0.0789862 -43927.7 18.462 
110160 0.0434108 0.0205826 -43230.4 18.6 
110976 0.026156 0.0204955 -42890.8 18.7377 
111792 0.0375213 -0.0311715 -43929.5 18.8757 
112608 0.0357154 -0.0169539 -43984.1 19.0135 
113424 0.0509459 -0.0212932 -43969.9 19.1513 
114240 0.0484582 -0.0275974 -42976.3 19.2891 
115056 0.0296485 -0.0221746 -41958.3 19.4267 
115872 0.0228955 -0.0139947 -41788.3 19.5645 
116688 0.0378717 -0.0300661 -42475 19.7022 
117504 0.0609924 -0.0216763 -42779.7 19.8401 
118320 0.0632177 0.00862723 -42860.5 19.9779 
119136 0.0851514 -0.0782722 -42955.3 20.116 
119952 0.0745058 -0.0422679 -42791.2 20.2537 
120768 0.0345501 -0.0151632 -42487.5 20.3918 
121584 0.0472132 -0.0470601 -42099.7 20.5296 
122400 0.0340824 -0.0255279 -42618.3 20.6674 
123216 0.0343823 -0.0327336 -42282.7 20.8052 
124032 0.0247638 -0.00667123 -43364.7 20.9433 
124848 0.0378199 -0.0283099 -42812.6 21.0813 
125664 0.0512744 -0.0233638 -43595.5 21.2193 
126480 0.0499631 -0.0161578 -43752.6 21.3569 
127296 0.02288 0.00948091 -42796.3 21.4947 
128112 0.011574 0.003798 -42033.5 21.6301 
128928 0.0692599 0.0113004 -43066.9 21.7681 
129744 0.0389478 0.0109647 -41530.1 21.9057 
130560 0.0531301 -0.0191413 -41531.8 22.0434 
131376 0.0279494 0.0215814 -41443.6 22.1811 
132192 0.023258 -0.00569099 -42349.8 22.3189 
133008 0.0307242 -0.00117027 -41949.3 22.4566 
133824 0.0428304 -0.00142938 -41394.6 22.5949 
134640 0.040689 0.00263034 -42059.9 22.7328 
135456 0.0550227 -0.00596287 -42565.9 22.8706 
136272 0.0578169 -0.0173785 -42314.5 23.0083 
137088 0.0445197 -0.0262678 -42228.1 23.1462 
137904 0.0266358 -0.0117724 -43331.6 23.2839 
138720 0.0316604 0.0193345 -43060 23.4221 
139536 0.0184187 0.011269 -43465.4 23.5599 
140352 0.0663353 0.033049 -42696.3 23.6979 
141168 0.0437565 0.0304466 -42713.4 23.8356 
141984 0.032905 0.0226679 -43052.3 23.9737 
142800 0.0620952 0.03783 -42896.1 24.1116 
143616 0.0536179 0.0428378 -43506.5 24.2497 
144432 0.0278898 0.011612 -43943.6 24.3875 
145248 0.0268018 -0.00453228 -43531 24.5252 
146064 0.0203674 -0.0176011 -44084.1 24.6631 
146880 0.0162378 0.0155816 -43303 24.801 
147696 0.0383575 -0.0368497 -42342.3 24.9386 
148512 0.0358885 -0.0336208 -42617.4 25.0762 
149328 0.021052 0.00458984 -42056.5 25.2139 
150144 0.0193861 -0.016352 -42118 25.3517 
150960 0.0268902 0.00843444 -42901.5 25.4893 
151776 0.048723 -0.0095865 -42398.2 25.6269 
152592 0.0322766 -0.0084621 -42490 25.7644 
153408 0.0338416 -0.0233611 -42664.1 25.8991 
154224 0.0321901 -0.0307313 -42972.3 26.0367 
155040 0.055394 -0.0480057 -42573.9 26.1743 
155856 0.0376368 -0.0105168 -43423.8 26.3122 
156672 0.0321199 0.000311622 -42217.5 26.4501 
157488 0.0650297 0.00163459 -43030 26.5877 
158304 0.0706469 -0.0303758 -42006.7 26.7255 
159120 0.0542385 0.00319055 -43028.4 26.863 
159936 0.0730152 -0.0200226 -43770.9 27.0005 
160752 0.0584634 -0.0234128 -43456 27.138 
161568 0.0424549 -0.0317802 -43540.6 27.2757 
162384 0.023365 -0.0137147 -43100.7 27.4135 
163200 0.0235457 0.00025347 -43965.1 27.5514 
164016 0.0190454 -0.00227823 -43704 27.689 
164832 0.0366847 0.00563305 -42807.3 27.8266 
165648 0.0236792 -0.0184993 -43690.3 27.9643 
166464 0.0409786 -0.0297422 -44217.2 28.1018 
167280 0.0360325 -0.00453807 -44675.5 28.2398 
168096 0.0438407 -0.0151312 -45155.8 28.3777 
168912 0.039309 -0.00891604 -44465.5 28.5152 
169728 0.0513237 0.0056243 -44410.3 28.6537 
170544 0.0330359 0.012219 -44297.6 28.7916 
171360 0.0543013 0.00762919 -43345.8 28.9293 
172176 0.0581515 0.0565012 -42351.3 29.067 
172992 0.0649341 0.0600932 -42359.2 29.2049 
173808 0.0627105 0.0460545 -42876.5 29.3426 
174624 0.034876 0.0315428 -41981.5 29.4804 
175440 0.0900167 0.0847007 -42303.6 29.6182 
176256 0.0631288 0.0504028 -42331.2 29.7561 
177072 0.0637506 0.0493145 -42136.2 29.8939 
177888 0.0706366 0.0428923 -41974.3 30.0318 
178704 0.0660193 0.0481423 -42309.2 30.1697 
179520 0.0407108 -0.0272861 -41634.2 30.3076 
180336 0.0198064 -0.00583201 -40800.8 30.4453 
181152 0.0261885 0.00342923 -41794.8 30.5835 
181968 0.0482471 -0.0460686 -42043.4 30.7217 
182784 0.0198998 0.00533249 -42531.5 30.8595 
183600 0.0421816 -0.0385263 -41004.1 30.9971 
184416 0.0508228 -0.0463536 -41441.7 31.1347 
185232 0.0676556 -0.0598401 -42511.3 31.2725 
186048 0.0773871 -0.0741804 -43044.4 31.4103 
186864 0.0640367 -0.0622172 -42728.4 31.548 
187680 0.0435435 -0.038559 -42032.5 31.6858 
188496 0.0522412 -0.0427794 -41826.4 31.8235 
189312 0.0319237 0.00634994 -41782.3 31.961 
190128 0.022126 0.0140031 -42945.4 32.0987 
190944 0.0475468 -0.00581329 -42079.5 32.2366 
191760 0.0342373 -0.0281685 -41257.6 32.3743 
192576 0.0144908 -0.0102478 -40317.8 32.5121 
193392 0.0456767 -0.0211634 -41118.8 32.65 
194208 0.0498143 -0.0301279 -40798.2 32.7878 
195024 0.0649427 -0.029378 -41580.8 32.9253 
195840 0.0455726 -0.0357639 -42486.2 33.063 
196656 0.0654839 -0.0559791 -42279 33.2011 
197472 0.0647696 -0.0599122 -42690.2 33.3392 
198288 0.0473562 0.00260355 -43305.3 33.4772 
199104 0.0754931 0.0129714 -43399.6 33.6149 
199920 0.023544 0.0150904 -43259.8 33.7524 
200736 0.0329279 0.0242132 -43004.6 33.8903 
201552 0.0287328 -0.000646822 -42877 34.0279 
202368 0.0239841 -0.0037265 -42748.9 34.1659 
203184 0.0542147 0.0184998 -42705.3 34.3038 
204000 0.0625368 0.0187915 -43353 34.4416 
204816 0.0500789 0.0235457 -42739.6 34.5792 
205632 0.0636566 0.0378825 -42617.1 34.7171 
206448 0.0706507 0.0151684 -41996 34.8548 
207264 0.0452496 0.0285727 -42217.7 34.9924 
208080 0.0315687 -0.00396058 -41747 35.1303 
208896 0.023448 -0.00867964 -41964.2 35.2682 
209712 0.0323944 0.0302207 -41919.9 35.4058 
210528 0.0261574 0.00121994 -42088.6 35.5438 
211344 0.0421997 0.00169527 -41113.9 35.6817 
212160 0.044192 -0.0122988 -41970.8 35.8195 
212976 0.0533424 0.020937 -41509.8 35.9572 
213792 0.0595497 0.00924657 -40928.5 36.0951 
214608 0.0338298 0.00364368 -41830.3 36.2328 
215424 0.0596143 -0.0414522 -42510.7 36.3706 
216240 0.0836081 -0.0537181 -43846.9 36.5084 
217056 0.0265642 -0.0211788 -45046.4 36.6463 
217872 0.047294 -0.0216271 -44392.5 36.7839 
218688 0.0385917 0.00422223 -44272.6 36.9217 
219504 0.0299964 -0.0177763 -44255.1 37.0596 
220320 0.0472166 -0.0035405 -43789.2 37.1973 
221136 0.0585464 0.0245154 -42772.4 37.3352 
221952 0.0437083 0.00660999 -42435.9 37.4732 
222768 0.0258933 -0.00990271 -42371.3 37.6109 
223584 0.0445373 -0.0347025 -42275.6 37.7488 
224400 0.0362005 -0.0272454 -42935.6 37.8866 
225216 0.0408331 -0.0342689 -42596.1 38.0243 
226032 0.0189584 0.0088277 -40973.2 38.1622 
226848 0.0101537 0.00680477 -40746.1 38.3 
227664 0.0358166 0.0234021 -40697.8 38.438 
228480 0.0707572 0.0414903 -40775.7 38.5759 
229296 0.0493247 0.0229656 -40945.4 38.7134 
230112 0.0574794 0.0527242 -40598 38.8513 
230928 0.0461217 0.0383551 -40883.1 38.9889 
231744 0.0805986 0.0274467 -41030.4 39.1266 
232560 0.0479219 0.0119206 -40909.2 39.2643 
233376 0.042939 0.0151615 -39904.9 39.4021 
234192 0.0504775 0.000359921 -40625.7 39.54 
235008 0.0291953 0.0046137 -41497.7 39.6777 
235824 0.0327961 0.00133083 -42143.8 39.8155 
236640 0.0828905 -0.0806714 -42724.5 39.9534 
237456 0.0547032 -0.0490807 -42690.8 40.0913 
238272 0.0669715 -0.0638723 -42384.2 40.229 
239088 0.0779345 -0.0755448 -41724 40.3668 
239904 0.0779854 -0.050104 -41803.3 40.5047 
240720 0.0440469 -0.00316524 -43003.6 40.6425 
241536 0.0249303 0.017151 -42641 40.7803 
242352 0.0248506 -0.0228936 -43214.4 40.9181 
243168 0.0317506 -0.0310152 -43363.7 41.0559 
243984 0.0404162 -0.0375368 -41947.2 41.1937 
244800 0.0675177 -0.0635881 -41399.8 41.3314 
245616 0.0527639 -0.0500191 -41423.4 41.469 
246432 0.0513001 -0.0481566 -41462.3 41.607 
247248 0.033134 -0.0308774 -40802 41.7446 
248064 0.0490404 -0.0410483 -41188.9 41.8823 
248880 0.0552612 -0.0323994 -41840.1 42.0203 
249696 0.0303978 -0.00544517 -42194 42.1583 
250512 0.0513915 -0.00870681 -43056.7 42.296 
251328 0.05167 -0.008162 -43391.3 42.4337 
252144 0.0196147 -0.0188035 -43680.3 42.5717 
252960 0.0439736 0.0314979 -43881 42.7096 
253776 0.0243177 0.00247147 -43533.2 42.8472 
254592 0.0537074 0.0237856 -43417.5 42.9852 
255408 0.0462567 -0.0118579 -43178.7 43.1228 
256224 0.0519037 -0.0167191 -43355.1 43.2606 
257040 0.053898 -0.00040978 -43730.2 43.3983 
257856 0.0659636 0.0406343 -43985.4 43.5361 
258672 0.0436823 0.0361399 -43726.4 43.6736 
259488 0.0364791 -0.0198828 -44296.6 43.8115 
260304 0.0431583 -0.0382048 -44062.8 43.9494 
261120 0.0350189 -0.0225536 -43957.2 44.0872 
261936 0.0262813 0.0124208 -44437.7 44.225 
262752 0.00780283 -0.00348994 -43774.5 44.3629 
263568 0.026692 -0.00243218 -42447.1 44.5008 
264384 0.0436544 0.0223631 -42311.4 44.6383 
265200 0.043397 0.0248652 -42860.7 44.7762 
266016 0.048393 0.00957967 -42973.2 44.9142 
266832 0.0379439 -0.00190234 -42924.1 45.0519 
267648 0.0362208 0.0154192 -43100.3 45.19 
268464 0.0176595 0.00333928 -43856.3 45.3277 
269280 0.040535 -0.000997819 -43410.3 45.4655 
270096 0.0387918 -0.0282056 -43481.8 45.6032 
270912 0.0600452 -0.0514275 -43447.1 45.7409 
271728 0.0569281 -0.0531992 -42839.7 45.8788 
272544 0.0631004 -0.0589353 -43794.5 46.0164 
273360 0.0628523 -0.0551151 -43974.1 46.1541 
274176 0.0410985 -0.0290053 -43838.8 46.2919 
274992 0.0517262 -0.0427784 -43853.8 46.4296 
275808 0.0496393 -0.0430633 -44815.5 46.5674 
276624 0.0373657 -0.0364416 -44122.9 46.7051 
277440 0.0149522 -0.0122571 -43960.9 46.8429 
278256 0.0586286 -0.0585957 -44555.1 46.9806 
279072 0.040937 -0.0398676 -44666.4 47.1185 
279888 0.0356437 -0.026548 -43318.5 47.2562 
280704 0.0340528 -0.0272892 -42833.3 47.3939 
281520 0.0137747 -0.0127823 -43317.3 47.5314 
282336 0.0432046 0.0214457 -43652.1 47.6693 
283152 0.0473897 0.0325991 -43150.8 47.8068 
283968 0.0531912 0.000769276 -43838.1 47.9442 
284784 0.0465323 0.0165046 -43643.7 48.0818 
285600 0.0808117 0.0586206 -42756 48.2195 
286416 0.0364042 0.0353795 -43100.5 48.357 
287232 0.0575797 0.0388876 -43750.3 48.4944 
288048 0.0520687 0.0469531 -43645.6 48.6319 
288864 0.0526434 0.035256 -43482.1 48.7693 
289680 0.0403865 0.0314523 -42774.3 48.9069 
290496 0.0622882 0.0142885 -42776.6 49.0445 
291312 0.0879281 0.0208953 -42548.3 49.1819 
292128 0.0676271 -0.0292556 -43054.3 49.3197 
292944 0.0658472 -0.016425 -43306.5 49.4571 
293760 0.0457685 -0.00259917 -44134.1 49.5945 
294576 0.0334504 0.00988427 -43968.7 49.7323 
295392 0.00929369 -0.00342634 -42908.3 49.8699 
296208 0.0421617 -0.0283003 -43341.5 50.0073 
297024 0.0499709 -0.0368543 -42336.8 50.1448 
297840 0.0387472 -0.0254566 -42449.1 50.2823 
298656 0.0161229 -0.0140743 -42003.1 50.4201 
299472 0.0471328 0.0217754 -41999 50.5576 
300288 0.0641874 -0.0174942 -42312.5 50.6951 
301104 0.0686477 -0.00101283 -42258.3 50.8327 
301920 0.0779431 0.0153818 -42614.6 50.9703 
302736 0.0573974 0.0259909 -42313.7 51.1082 
303552 0.0884669 0.0442817 -42631.8 51.2457 
304368 0.0470988 -0.0145176 -42067.4 51.3831 
305184 0.0562835 -0.021055 -42203.9 51.5211 
306000 0.0582025 -0.0121954 -42900.7 51.6589 
306816 0.0702199 0.0413447 -42433.9 51.7971 
307632 0.065524 0.0139115 -41880.2 51.935 
308448 0.0931285 0.014188 -43125.3 52.0728 
309264 0.0797839 0.0294301 -43755.5 52.2104 
310080 0.0067868 -0.00438284 -43215.8 52.3484 
310896 0.0229832 0.0162439 -43679.6 52.4862 
311712 0.0283897 0.000953868 -43624.8 52.6241 
312528 0.0358962 -0.00439759 -42193.1 52.762 
313344 0.0232539 -0.00275921 -43081 52.8998 
314160 0.0217551 0.0187883 -42483.6 53.0374 
314976 0.0239598 0.0106875 -42835 53.1754 
315792 0.024696 0.0161411 -42808.3 53.3132 
316608 0.0326478 0.0267701 -42126.9 53.451 
317424 0.0648814 0.0609627 -42164.6 53.5888 
318240 0.0280123 0.0195996 -42279.5 53.7264 
319056 0.0435272 0.0146899 -42946.6 53.8641 
319872 0.0387538 -0.00449695 -43187.2 54.0019 
320688 0.0430269 -0.0200394 -42217.2 54.1398 
321504 0.0627921 -0.0215363 -42993.2 54.2776 
322320 0.0670467 0.00629145 -42791 54.4153 
323136 0.0888772 0.0251155 -43440.3 54.5531 
323952 0.0613992 0.0206893 -43121.7 54.6908 
324768 0.064063 0.00810605 -42985.6 54.8286 
325584 0.0565573 0.015594 -43687 54.9664 
326400 0.0514121 0.0124071 -43475.6 55.1043 
327216 0.0393472 -0.0248834 -42881.6 55.2421 
328032 0.0229104 -0.00918182 -43071.9 55.3799 
328848 0.0390708 -0.0193917 -42981.6 55.5179 
329664 0.0472662 -0.0296273 -43067.3 55.6555 
330480 0.061697 -0.0376979 -43299 55.7933 
331296 0.0465684 -0.035576 -44295.9 55.9312 
332112 0.0518594 -0.0479839 -44844.2 56.0689 
332928 0.0684262 0.00258763 -45478.9 56.2067 
333744 0.0364162 -0.0201362 -44774.7 56.3448 
334560 0.0445232 -0.0269536 -44698.4 56.4825 
335376 0.0243913 -0.00400902 -45551.1 56.6203 
336192 0.0345135 -0.0166459 -44315.8 56.7581 
337008 0.0187467 -0.0169662 -45046.9 56.8958 
337824 0.0181691 0.00345997 -43921.8 57.0339 
338640 0.0402097 -0.0131241 -42989.6 57.1718 
339456 0.0770309 -0.0657608 -43170.3 57.3095 
340272 0.0557657 -0.0345907 -43353.9 57.4475 
341088 0.0516181 -0.043433 -43634.9 57.5854 
341904 0.0381872 0.00390074 -43623.6 57.7234 
342720 0.0394 -0.00747249 -43970.7 57.8611 
343536 0.0462392 -0.00397172 -43700.7 57.9988 
344352 0.0349987 0.00848043 -44228.6 58.1365 
345168 0.0368281 0.0329532 -43447.8 58.2744 
345984 0.0303121 0.00357152 -43527.6 58.412 
346800 0.0104401 0.0042369 -43299.6 58.5497 
347616 0.0104386 0.00648486 -43783 58.6877 
348432 0.0223843 -0.00101906 -43822.7 58.8256 
349248 0.0530686 0.00863295 -43635.2 58.9634 
350064 0.05077 0.0243928 -43761.1 59.1013 
350880 0.0594075 0.00731418 -44202.4 59.2391 
351696 0.0445872 0.031672 -44083 59.3769 
352512 0.0655875 0.0528025 -43824.6 59.5148 
353328 0.0529849 0.0374096 -43979 59.6531 
354144 0.0163513 -0.0124552 -43222.5 59.7907 
354960 0.0333074 0.00980671 -42926.6 59.9283 
355776 0.0346617 -0.0131382 -42223.3 60.066 
356592 0.0225824 -0.0165277 -41341.8 60.2036 
357408 0.0368288 -0.0313014 -42552.3 60.3414 
358224 0.0508824 -0.0294119 -42047.2 60.4792 
359040 0.0296375 0.00414476 -42684.6 60.6171 
359856 0.0265603 -0.00016677 -42696.6 60.7549 
360672 0.0251744 0.00073581 -42664.4 60.8926 
361488 0.0236996 0.00104465 -42988.4 61.0305 
362304 0.0572656 0.0407124 -43504.4 61.1689 
363120 0.0497689 0.0367872 -43560 61.3068 
363936 0.0407577 0.0241123 -43479.6 61.4451 
364752 0.0324004 0.0249127 -43175.6 61.5829 
365568 0.043521 0.0241186 -43439.9 61.7207 
366384 0.0488952 -0.00110185 -42853.6 61.8587 
367200 0.0241893 -0.0186567 -42726.4 61.9966 
368016 0.0218892 -0.0174011 -42702.4 62.1345 
368832 0.0235464 0.0128621 -42953.8 62.2725 
369648 0.0317405 -0.00905756 -43404.9 62.4105 
370464 0.0188561 -0.0133112 -43376 62.5484 
371280 0.034951 0.000576773 -42861.2 62.6861 
372096 0.0202116 -0.0179828 -42604.8 62.8241 
372912 0.0320995 -0.0309438 -43777.3 62.9621 
373728 0.0236287 0.0137554 -42990.9 63.0998 
374544 0.0169334 -0.0108376 -42859.3 63.2377 
375360 0.0569865 0.0552214 -43347 63.3756 
376176 0.00472205 -0.00411537 -42752 63.5134 
376992 0.0349978 0.03024 -42796 63.6515 
377808 0.0364863 -0.0338294 -42449.8 63.7895 
378624 0.0320977 -0.0115562 -41959.6 63.9275 
379440 0.0194968 0.00753897 -42536.3 64.0658 
380256 0.0440795 0.0350409 -42647.1 64.2037 
381072 0.0208552 0.00243947 -42911.3 64.3416 
381888 0.0319499 0.0266551 -43575.6 64.4797 
382704 0.0116485 -0.00816871 -44264.3 64.6179 
383520 0.0604714 -0.0504967 -43937.3 64.756 
384336 0.053136 -0.0202044 -44557.3 64.8941 
385152 0.0736036 -0.0241505 -43857.3 65.0322 
385968 0.0974913 -0.0387281 -43143.4 65.1701 
386784 0.0940976 -0.0187784 -42233.6 65.3081 
387600 0.0800631 -0.00896542 -42975.6 65.4449 
388416 0.0573973 -0.00688944 -43062.5 65.5829 
389232 0.0479475 0.010318 -43237 65.7207 
390048 0.0534572 -0.00300282 -42895.5 65.8586 
390864 0.0439058 0.00951179 -42268.7 65.9966 
391680 0.0429464 0.0190277 -42084.1 66.1349 
392496 0.0262582 0.0156926 -41917.4 66.2729 
393312 0.0400519 0.0221197 -42912.8 66.4107 
394128 0.0660021 0.0203905 -42314.8 66.5484 
394944 0.0593423 -0.00250136 -43283.2 66.6861 
395760 0.0416365 0.0287308 -43216.1 66.8241 
396576 0.0379862 0.0332602 -43463.9 66.9619 
397392 0.0196654 0.014728 -42575.6 67.0998 
398208 0.0250361 0.0166257 -42690.9 67.2381 
399024 0.017329 0.00213545 -43469 67.3759 
399840 0.0298417 -0.0218541 -42709 67.5135 
400656 0.0166275 -0.012734 -43085.5 67.6515 
401472 0.0168282 0.0039307 -42806.2 67.7896 
402288 0.0187503 -0.0167524 -42483.9 67.9274 
403104 0.0252157 0.0183848 -42771.4 68.0653 
403920 0.0347482 0.0200529 -42154.1 68.203 
404736 0.0256402 0.0182709 -41386.9 68.3411 
405552 0.0634118 0.0457962 -41951.7 68.479 
406368 0.0438271 0.0136238 -42011.7 68.6169 
407184 0.0300319 0.0244235 -41475.4 68.7546 
408000 0.0315921 0.00520254 -41772.8 68.8925 
408816 0.00956488 -0.0047329 -41713.1 69.0306 
409632 0.0527646 -0.0153706 -43003.8 69.1687 
410448 0.0565915 -0.00154503 -43262.1 69.3063 
411264 0.0461215 -0.00324315 -42894.7 69.4439 
412080 0.0446022 -0.034081 -43627.3 69.5808 
412896 0.0524997 -0.0331816 -43657.3 69.7186 
413712 0.0507117 -0.0387545 -42814.8 69.8564 
414528 0.0277713 -0.0177187 -42234.6 69.994 
415344 0.0674686 -0.0295488 -42503.2 70.1317 
416160 0.0426193 0.0347566 -43177.9 70.2694 
416976 0.0457169 0.0173563 -43725.3 70.4072 
417792 0.0940946 0.0398081 -42354.8 70.5449 
418608 0.075886 0.0279782 -42369 70.6825 
419424 0.031015 0.0176891 -41901.2 70.8204 
420240 0.0156197 -0.00956357 -41905.6 70.9582 
421056 0.030088 -0.0276657 -42477.2 71.0958 
421872 0.0255702 0.00110667 -43122.6 71.2336 
422688 0.0508326 0.0243687 -43628 71.3712 
423504 0.063582 -0.00810786 -44548.3 71.5091 
424320 0.0635441 -0.000407206 -44419.6 71.6468 
425136 0.023603 0.0200676 -44675.9 71.7847 
425952 0.0479326 0.0179288 -44804.5 71.9222 
426768 0.0118538 -0.00921784 -43993.9 72.0598 
427584 0.0358986 -0.0291235 -44092 72.1977 
428400 0.0449355 -0.0393691 -43318.7 72.3354 
429216 0.0481812 -0.0386329 -42632.6 72.4731 
430032 0.0476642 -0.012759 -42136 72.6108 
430848 0.0265284 -0.0154476 -42759.7 72.7485 
431664 0.0412071 0.00538374 -42917.5 72.8865 
432480 0.0366333 -0.021574 -42535.5 73.0243 
433296 0.0461976 -0.0360856 -43067.6 73.162 
434112 0.0447002 -0.0137773 -43470.3 73.2995 
434928 0.0637311 0.00119896 -43526.1 73.4372 
435744 0.0763973 -0.0336175 -42861.4 73.5754 
436560 0.0629876 -0.049849 -43122.4 73.713 
437376 0.0249043 -0.00513184 -43118.9 73.8508 
438192 0.0490279 0.0470424 -44169.2 73.9887 
439008 0.00924476 0.00476418 -43493.9 74.1266 
439824 0.027869 -0.00374853 -43786.6 74.2642 
440640 0.0468031 0.00069117 -43782.2 74.4018 
441456 0.0600557 0.0283793 -43568.1 74.5395 
442272 0.024127 0.0205256 -44397.4 74.6775 
443088 0.0668823 0.0629366 -43956.2 74.8153 
443904 0.0332862 0.0306327 -45258.1 74.9529 
444720 0.0527031 0.0392843 -45331.5 75.0908 
445536 0.0369009 0.0223144 -44162.2 75.2284 
446352 0.0362131 0.0197168 -44293 75.3665 
447168 0.0657276 0.0468756 -44359 75.5043 
447984 0.0820009 0.0567025 -44685.1 75.6422 
448800 0.039219 0.0194989 -43696.1 75.7799 
449616 0.0629157 0.0517898 -43488.7 75.9176 
450432 0.064588 0.0528177 -43032.5 76.0554 
451248 0.074205 0.032325 -43177.6 76.193 
452064 0.0635252 0.0206777 -44823.8 76.3305 
452880 0.0599779 0.0125066 -44546.5 76.4681 
453696 0.0723399 0.0300578 -43627.3 76.6059 
454512 0.0739418 0.00375149 -44466.6 76.7437 
455328 0.0310718 0.0167164 -44598.2 76.8815 
456144 0.0319848 0.00527445 -44604.8 77.0194 
456960 0.0347513 0.01534 -44032 77.1569 
457776 0.0506815 0.0034978 -44134 77.2945 
458592 0.037379 0.0199686 -44179.7 77.4322 
459408 0.0255946 0.00922554 -43801 77.5699 
460224 0.0198283 -0.0189855 -44365.4 77.7077 
461040 0.013081 0.00497922 -44240.2 77.8457 
461856 0.0259694 0.00207583 -43586.4 77.9835 
462672 0.0349555 0.00911267 -43448.4 78.1213 
463488 0.0439766 -0.03829 -42111.4 78.2591 
464304 0.0148572 -0.00815748 -43185.3 78.3969 
465120 0.0296348 -0.0122436 -42783.5 78.5345 
465936 0.0557177 0.0165284 -43023.1 78.6723 
466752 0.0286917 0.0152465 -43098.3 78.8099 
467568 0.0296053 0.023714 -43313 78.9478 
468384 0.0268703 0.0124328 -44316.1 79.0852 
469200 0.0350792 0.00499057 -43261.6 79.2226 
470016 0.0401947 0.0105742 -44192.1 79.36 
470832 0.0523766 0.00232812 -43367.2 79.4977 
471648 0.0581888 0.0291443 -43033.6 79.6352 
472464 0.0650379 0.0421623 -42507.5 79.7728 
473280 0.0463922 0.037908 -42857.9 79.9108 
474096 0.0561375 -0.0251937 -42183.8 80.0486 
474912 0.0403036 0.0192091 -42028.9 80.1866 
475728 0.0316247 -0.0110118 -42020.2 80.3241 
476544 0.0305733 -0.00813966 -42301.5 80.4617 
477360 0.0277394 -0.0139116 -41713.9 80.5999 
478176 0.0736901 -0.0530555 -42194.4 80.738 
478992 0.0506775 -0.034031 -42099 80.8772 
479808 0.0677432 -0.0502559 -42630.1 81.0151 
480624 0.0643795 0.00320084 -42708.8 81.1528 
481440 0.0255092 -0.0225821 -42790.1 81.2907 
482256 0.0400809 -0.0396913 -42133.2 81.4289 
483072 0.0413974 -0.0342758 -42585.6 81.5666 
483888 0.0241283 -0.0178695 -42334.8 81.7047 
484704 0.0671111 -0.0564853 -42509.3 81.8428 
485520 0.0799731 -0.0713785 -42191.3 81.9809 
486336 0.0393172 -0.0260529 -42549.6 82.1193 
487152 0.0421927 0.015629 -43631 82.2572 
487968 0.0217233 -0.0125619 -43721.6 82.395 
488784 0.0219657 0.000805518 -43527.6 82.5328 
489600 0.027757 0.0236713 -43312.4 82.6705 
490416 0.0242019 0.023862 -42973.9 82.8084 
491232 0.0255464 -0.00352435 -42248.9 82.9462 
492048 0.0635259 0.016252 -42520.2 83.0838 
492864 0.0688193 0.0073836 -42702.4 83.2215 
493680 0.0754337 0.00460465 -43132.2 83.3592 
494496 0.0464418 -0.005549 -43553.4 83.4968 
495312 0.044191 0.0185901 -43467.7 83.6345 
496128 0.00169816 -0.00141529 -43949.6 83.772 
496944 0.0381521 -0.0349625 -44639.9 83.9099 
497760 0.0251518 -0.0201862 -43467.4 84.0475 
498576 0.0127518 0.00889383 -42968.2 84.1849 
499392 0.0219759 0.0111122 -42680.9 84.3225 
500208 0.0332415 0.0202377 -42708.8 84.4603 
501024 0.0205423 0.0188959 -42471 84.598 
501840 0.0231059 -0.00942029 -42519.7 84.7357 
502656 0.0610984 0.0369085 -43012.4 84.8736 
503472 0.0674179 0.0278886 -43079.8 85.0111 
504288 0.0361449 -0.00381676 -42542.3 85.149 
505104 0.0455283 0.00648104 -42664.8 85.2868 
505920 0.0719618 0.014609 -42885.8 85.4247 
506736 0.0689225 0.0359946 -43297.8 85.5627 
507552 0.0505044 0.0249514 -42539.8 85.7008 
508368 0.0798612 0.0691834 -42128.4 85.8389 
509184 0.079649 0.0771151 -42414 85.977 
510000 0.0739925 0.0737962 -42936.3 86.1151 
510816 0.0754348 0.0648966 -43703.3 86.2532 
511632 0.0225845 0.0150209 -42782.8 86.391 
512448 0.0196644 -0.000499698 -42508.1 86.5289 
513264 0.0318344 -0.0242907 -41948.5 86.6669 
514080 0.0255782 -0.0201117 -41077.9 86.8048 
514896 0.0200245 -0.00418774 -41009.2 86.9427 
515712 0.0171223 -0.0117187 -40700.2 87.0805 
516528 0.0365072 -0.0162214 -41171.9 87.2184 
517344 0.0724801 -0.0597808 -41484.7 87.3563 
518160 0.0732398 -0.0354724 -41233.1 87.4943 
518976 0.0743178 -0.06641 -41677 87.6322 
519792 0.0493175 -0.0375145 -41828.7 87.7703 
520608 0.0213941 -0.00694493 -42004.3 87.9082 
521424 0.0262788 -0.0041582 -42329 88.0461 
522240 0.0489137 0.0468595 -42319.5 88.1842 
523056 0.0559479 0.0507413 -42600.2 88.3223 
523872 0.0250001 0.0176217 -42835.2 88.4602 
524688 0.0343524 0.0311113 -42785.4 88.5983 
525504 0.0352021 0.0107855 -42876.4 88.7362 
526320 0.0753862 0.00387 -43278.5 88.8745 
527136 0.0533938 0.00322813 -42604.4 89.0123 
527952 0.0477326 0.0138373 -43467.1 89.1503 
528768 0.0578968 0.0390443 -42795.4 89.2884 
529584 0.0524611 0.0338889 -42758.2 89.4263 
530400 0.0200948 9.82176e-05 -43381.2 89.564 
531216 0.0170271 0.00307344 -42866.4 89.7019 
532032 0.0265346 -0.0139392 -43281.1 89.8398 
532848 0.00894489 -0.00635395 -43178.8 89.978 
533664 0.0316907 0.0160732 -42803.4 90.116 
534480 0.0694956 0.0474513 -43045.5 90.254 
535296 0.0517405 0.0321869 -43196.3 90.392 
536112 0.0333581 0.0176482 -43050.9 90.5298 
536928 0.0316092 -0.00411914 -43037.4 90.6679 
537744 0.0286392 -0.00673275 -42646 90.8059 
538560 0.0303787 0.029356 -42761.7 90.9438 
539376 0.0304119 -0.0236699 -43402.9 91.0819 
540192 0.0276262 -0.0273071 -43692.5 91.2199 
541008 0.0437959 0.00330207 -44654.7 91.3579 
541824 0.0545265 0.000154921 -44570.2 91.4959 
542640 0.0655861 -0.041947 -43165.8 91.6328 
543456 0.0403123 -0.0253042 -42929.3 91.771 
544272 0.0508388 -0.0288745 -42983.4 91.9088 
545088 0.0518147 -0.051651 -42993.6 92.0469 
545904 0.0343603 -0.000474869 -43719.6 92.1849 
546720 0.0580475 -0.024154 -42817 92.3229 
547536 0.0450395 0.00112743 -42906.9 92.461 
548352 0.0530311 -0.050499 -42793.7 92.5989 
549168 0.0253858 -0.000110163 -43188.1 92.7366 
549984 0.0285351 0.0214631 -43387.3 92.8746 
550800 0.0430874 0.00960661 -43361.5 93.0126 
551616 0.0284158 0.0113181 -42551.2 93.1506 
552432 0.0204843 -0.00469534 -42802.8 93.2884 
553248 0.0360688 0.017052 -42605.8 93.4264 
554064 0.0582208 0.0219025 -41969.5 93.5643 
554880 0.0350159 0.0181144 -42305.4 93.7021 
555696 0.0253051 -0.00559418 -41890.1 93.8402 
556512 0.0716895 -0.0633867 -41933.9 93.978 
557328 0.0584719 -0.0558951 -42859.1 94.1158 
558144 0.0381099 -0.0366586 -43200.8 94.2536 
558960 0.0380695 -0.034651 -43068.2 94.3915 
559776 0.0545567 -0.0489042 -42288.5 94.5296 
560592 0.0813181 -0.0770797 -42603.4 94.6675 
561408 0.0678167 -0.0528842 -43190.6 94.8051 
562224 0.0445003 -0.0299722 -43640.6 94.9431 
563040 0.0578524 -0.041997 -43013.7 95.0799 
563856 0.038465 -0.0107108 -43439.7 95.2176 
564672 0.0334942 -0.0189497 -43496.2 95.3555 
565488 0.0178815 -0.00702907 -44176.9 95.4936 
566304 0.0362344 -0.0307884 -44813.5 95.6313 
567120 0.0411617 0.0254406 -44253.9 95.7691 
567936 0.0271737 0.00956579 -43414.8 95.9075 
568752 0.0273006 0.00366988 -43434.4 96.0455 
569568 0.0155908 -0.00885089 -43459.5 96.1834 
570384 0.030058 -0.0269515 -43655.5 96.3213 
571200 0.0167688 -0.0133866 -43413.8 96.4593 
572016 0.0268335 0.00482626 -43469 96.5974 
572832 0.0266121 -0.00161563 -43625.2 96.7354 
573648 0.0454342 0.0320059 -44602.8 96.8734 
574464 0.059685 0.037638 -44008.6 97.0117 
575280 0.0681438 0.0446644 -43468.8 97.1499 
576096 0.0405571 0.025065 -43214 97.2882 
576912 0.0424155 0.00638279 -43296.5 97.4261 
577728 0.0506445 0.0337391 -44198.8 97.5643 
578544 0.0937134 0.0754579 -43930.3 97.7023 
579360 0.037102 0.0129217 -44104.6 97.8403 
580176 0.0465036 0.000429982 -44020.6 97.9784 
580992 0.0284988 0.0157721 -43948.6 98.1165 
581808 0.0159278 -0.0130517 -43811.5 98.2545 
582624 0.0217921 -0.000517575 -43808.2 98.3924 
583440 0.0303388 0.022184 -43988.3 98.5303 
584256 0.040091 0.0282018 -44232.7 98.6683 
585072 0.0108989 0.00672385 -43998.2 98.8063 
585888 0.0568099 0.0557337 -43221.5 98.9444 
586704 0.0514806 0.0458072 -42896.2 99.0823 
587520 0.0512199 0.0288694 -42669.1 99.2203 
588336 0.031729 0.0178684 -43247.6 99.3582 
589152 0.0304422 -0.0164788 -42688.6 99.4962 
589968 0.0370842 -0.0187328 -42768.5 99.6342 
590784 0.0363026 -0.0101046 -43149.5 99.7722 
591600 0.0417713 -0.00378892 -42780.2 99.9099 
592416 0.0635399 -0.0417484 -42697.3 100.048 
593232 0.0378268 0.0186603 -42266 100.186 
594048 0.0184922 -0.00218913 -42547.9 100.324 
594864 0.0593836 0.0442084 -42511.1 100.462 
595680 0.0746776 0.0557316 -42227.1 100.6 
596496 0.0919608 0.0797271 -41889.9 100.738 
597312 0.0295688 0.0207093 -41735.3 100.876 
598128 0.0675252 0.0419905 -41914.6 101.014 
598944 0.0211664 0.0201086 -41349.7 101.152 
599760 0.04566 0.0268662 -40890.9 101.29 
600576 0.0292215 0.021042 -41115.1 101.428 
601392 0.0424622 0.0340139 -40848.3 101.566 
602208 0.0497417 0.0413682 -41042.9 101.704 
603024 0.037312 0.0208806 -41431.1 101.842 
603840 0.0154585 -0.00267089 -41375 101.98 
604656 0.0504206 -0.0305993 -41070.3 102.118 
605472 0.010502 0.00165727 -41900.4 102.256 
606288 0.0222093 0.00700013 -40882 102.394 
607104 0.0489793 -0.035221 -41170 102.532 
607920 0.0169049 -0.0096849 -41197.5 102.67 
608736 0.012566 0.0072993 -41236.4 102.807 
609552 0.0183049 -0.0132696 -40496.1 102.945 
610368 0.0367526 0.00370096 -40989.4 103.083 
611184 0.0266672 -0.0123561 -41101 103.221 
612000 0.0441642 -0.0305082 -40962.2 103.359 
612816 0.0832225 -0.0784379 -41842.1 103.497 
613632 0.083178 -0.0714793 -41564.7 103.635 
614448 0.0502145 -0.0374369 -41777.4 103.773 
615264 0.0331216 -0.0181914 -41287.9 103.911 
616080 0.0367212 -0.0309703 -41655.8 104.047 
616896 0.0471128 -0.0435288 -41817.7 104.185 
617712 0.0327038 -0.0157985 -41496.7 104.323 
618528 0.0231987 -0.0061235 -42120.5 104.461 
619344 0.0418542 0.021986 -42532.9 104.599 
620160 0.0547108 -0.00728831 -42925.7 104.737 
620976 0.0374241 -0.0163585 -42935.6 104.875 
621792 0.031995 0.00574397 -42790.4 105.013 
622608 0.0443598 0.0176848 -42831.8 105.151 
623424 0.0477852 0.0280306 -42406.3 105.289 
624240 0.0466008 0.0366472 -42437.3 105.427 
625056 0.0257106 0.000217429 -42851.2 105.565 
625872 0.0258233 0.00323803 -43169.6 105.703 
626688 0.0384335 0.00758044 -42626.6 105.841 
627504 0.0138154 0.00189498 -42140.8 105.978 
628320 0.0374985 0.0207637 -42099.5 106.116 
629136 0.0548741 -0.00848826 -43048.8 106.253 
629952 0.0340415 0.00350729 -42539.3 106.391 
630768 0.0289061 0.000829488 -43241.5 106.529 
631584 0.0230001 -0.0122017 -43791.6 106.666 
632400 0.0204214 -0.017721 -43784.8 106.804 
633216 0.0517692 0.0403914 -44163.2 106.942 
634032 0.0568712 0.0487696 -43860.2 107.079 
634848 0.0431085 0.0113649 -42531.9 107.217 
635664 0.0435435 0.018775 -42562 107.355 
636480 0.0512892 -0.0144837 -42334.5 107.493 
637296 0.0416161 -0.0212271 -42975.3 107.631 
638112 0.0151579 -0.00500338 -43874.5 107.768 
638928 0.0439897 -0.039125 -44136.6 107.906 
639744 0.0620702 -0.0534219 -43867.3 108.044 
640560 0.0448524 -0.00553389 -43990.1 108.182 
641376 0.0604214 -0.000299923 -43409.9 108.319 
642192 0.0454886 -0.0115912 -43336.3 108.457 
643008 0.0229306 0.00397559 -43784.3 108.595 
643824 0.0148881 0.0040226 -44036.8 108.732 
644640 0.0378306 0.0300332 -43780.3 108.87 
645456 0.0184035 0.00536162 -43597.5 109.008 
646272 0.0218489 -0.0162711 -43376 109.145 
647088 0.0477113 0.0166247 -43877.3 109.283 
647904 0.0516728 -0.0207583 -42773.5 109.421 
648720 0.0400482 -0.0315536 -42465.9 109.559 
649536 0.00873856 0.00637253 -43040.6 109.696 
650352 0.0178778 0.0131195 -42877.6 109.834 
651168 0.0348579 -0.0182746 -42741.7 109.972 
651984 0.0241846 -0.0209214 -42867.3 110.11 
652800 0.0395911 -0.0385339 -42691.9 110.248 
653616 0.0432651 -0.0430882 -43251.3 110.386 
654432 0.0590827 -0.0384556 -42649.5 110.524 
655248 0.0619533 -0.03406 -42742.2 110.662 
656064 0.0158002 0.00421355 -42233.1 110.8 
656880 0.0455783 0.0296621 -41685.8 110.938 
657696 0.0530278 0.0327274 -41409.6 111.076 
658512 0.0934025 0.0736472 -42085.8 111.214 
659328 0.0614204 0.0382207 -41221.5 111.352 
660144 0.0300581 -0.00212966 -41638.9 111.49 
660960 0.0117417 -0.00331765 -41987.3 111.628 
661776 0.00797478 0.00755117 -41562.5 111.766 
662592 0.0305873 0.0182897 -42112.4 111.903 
663408 0.0348052 0.0279748 -42044.2 112.041 
664224 0.037207 0.0191693 -41719.1 112.179 
665040 0.0581514 0.024494 -40868.4 112.317 
665856 0.042981 0.032428 -41146.8 112.455 
666672 0.0252699 0.0130567 -42095.9 112.593 
667488 0.0538815 -0.00485142 -42904.4 112.731 
668304 0.0389269 -0.0150127 -42451 112.87 
669120 0.00638859 -0.00439966 -41884 113.007 
669936 0.0276877 -0.0229489 -42061.9 113.145 
670752 0.0419071 -0.0322367 -42099.7 113.283 
671568 0.0264597 -0.0224201 -42125.1 113.42 
672384 0.0466308 -0.010322 -42623.5 113.558 
673200 0.0391395 0.00368067 -42817.8 113.696 
674016 0.0329077 -0.000319129 -42683.2 113.833 
674832 0.0481227 0.0224494 -43048.7 113.971 
675648 0.0646519 0.0619785 -42109.8 114.108 
676464 0.0453207 0.0255316 -42102.8 114.246 
677280 0.0455432 0.0317008 -41617.9 114.384 
678096 0.0291074 0.0194354 -42677.8 114.522 
678912 0.0244176 -0.0144669 -42930.9 114.659 
679728 0.0341898 -0.0134976 -43581.9 114.797 
680544 0.0319294 0.018095 -43793.5 114.935 
681360 0.0279394 0.0125769 -43332.7 115.072 
682176 0.0294532 0.027722 -43726.2 115.21 
682992 0.0347138 0.0134419 -43803.3 115.348 
683808 0.0595864 0.0578557 -43691.7 115.486 
684624 0.0300419 0.0137849 -43866.8 115.623 
685440 0.0344448 0.00995302 -43020.4 115.761 
686256 0.0855536 0.0584061 -44348.8 115.899 
687072 0.09836 0.0245036 -43665.2 116.037 
687888 0.079582 -0.00347836 -43537.3 116.175 
688704 0.0560756 -0.0120698 -42724.8 116.312 
689520 0.0681723 0.0186021 -42885.6 116.45 
690336 0.0619217 -0.00916313 -43511.7 116.587 
691152 0.0560258 -0.00668459 -43426.5 116.725 
691968 0.0277225 0.000289913 -43294.8 116.863 
692784 0.0374644 0.0216497 -43973.3 117.001 
693600 0.0385113 -0.0125838 -43274.5 117.138 
694416 0.0559043 0.0512217 -42648.8 117.276 
695232 0.0235004 -0.00347665 -43161.7 117.414 
696048 0.0209353 -0.015889 -43124.3 117.552 
696864 0.0315623 0.0147003 -42973.6 117.69 
697680 0.0475205 -0.00197759 -42277.7 117.827 
698496 0.0431894 0.0111782 -42717.2 117.965 
699312 0.0848637 0.0224931 -41273.9 118.103 
700128 0.0614748 0.028294 -40839.5 118.241 
700944 0.0500041 -0.00300468 -40103.8 118.379 
701760 0.0414309 0.00286596 -41240.1 118.517 
702576 0.0323809 -0.0143052 -41626.7 118.655 
703392 0.00964676 0.00342666 -41905.5 118.792 
704208 0.0232559 0.0122915 -42099.2 118.93 
705024 0.0149386 0.0131888 -41512.6 119.068 
705840 0.0270114 0.0164229 -41631.1 119.205 
706656 0.0233453 0.00162328 -42275.7 119.343 
707472 0.0311667 -0.0143509 -42547.5 119.48 
708288 0.0379952 0.0224234 -43001.5 119.618 
709104 0.0169689 -0.0146934 -43659.3 119.755 
709920 0.0210234 -0.0184317 -43336.9 119.893 
710736 0.014104 -0.00692832 -44029.1 120.031 
711552 0.0593907 0.0436942 -44062.1 120.169 
712368 0.0390827 0.0308403 -43880.1 120.306 
713184 0.0654908 -0.00167924 -44241.7 120.444 
714000 0.0519743 0.0087308 -44406.7 120.582 
714816 0.0596356 0.0137837 -44558.7 120.72 
715632 0.0558983 0.0336063 -44385.9 120.858 
716448 0.0364851 0.0114402 -44371.1 120.996 
717264 0.0408909 0.0278498 -44835.4 121.134 
718080 0.0363773 0.0362728 -44723.3 121.271 
718896 0.0359024 0.0349724 -44088.7 121.409 
719712 0.0320134 0.0235704 -43923.1 121.547 
720528 0.0622965 -0.0279192 -44422.8 121.684 
721344 0.0558807 -0.0183646 -43571.4 121.823 
722160 0.0495409 -0.0198142 -42485.4 121.96 
722976 0.066759 -0.0180033 -42250.5 122.098 
723792 0.0689118 0.0408391 -42564 122.235 
724608 0.052033 -0.00383303 -42828.7 122.373 
725424 0.0472026 -0.00549141 -43681.5 122.511 
726240 0.0273183 -0.0219796 -43545.9 122.649 
727056 0.0115965 -0.00474628 -43044.8 122.786 
727872 0.0376419 0.026162 -42769.8 122.924 
728688 0.0487183 -0.00301314 -42993 123.062 
729504 0.0361721 0.000274142 -42973.5 123.199 
730320 0.0580066 0.0560933 -43699.1 123.337 
731136 0.0181208 -0.00847927 -43496 123.475 
731952 0.054885 -0.0205104 -44170.9 123.613 
732768 0.0736488 -0.0559909 -43882.5 123.75 
733584 0.058419 -0.0565308 -44238.9 123.888 
734400 0.056896 -0.0563354 -44463 124.025 
735216 0.0691304 -0.0253779 -43178.9 124.163 
736032 0.0759761 -0.0273114 -42984.5 124.301 
736848 0.0697489 -0.0213661 -43196 124.438 
737664 0.0776723 -0.055955 -43071.2 124.576 
738480 0.076006 -0.0305554 -43955.9 124.714 
739296 0.0533441 -0.0174588 -43775.4 124.851 
740112 0.0575535 0.0472654 -43360.7 124.989 
740928 0.042978 0.0317221 -43530.1 125.127 
741744 0.0387489 0.0227496 -42608.3 125.264 
742560 0.0774794 0.0442497 -42966.1 125.402 
743376 0.0475846 0.0421517 -43282.5 125.54 
744192 0.0401244 0.0365375 -42469.9 125.678 
745008 0.0359281 -0.00268365 -42984.7 125.815 
745824 0.0261624 0.0097418 -42275.3 125.953 
746640 0.0532378 0.00555102 -43199.5 126.091 
747456 0.0654207 -0.0120589 -43480.5 126.228 
748272 0.0638555 0.0124296 -44059 126.366 
749088 0.04287 0.0107906 -44503 126.504 
749904 0.0225865 0.0188791 -44491.6 126.642 
750720 0.0331715 0.0274242 -44751.3 126.779 
751536 0.0471932 0.041402 -44143.8 126.917 
752352 0.0325253 -0.00767507 -43603.5 127.055 
753168 0.0292193 -0.00894412 -43459.6 127.193 
753984 0.0179762 0.00961079 -43142 127.33 
754800 0.0384091 -0.00761234 -43423.2 127.468 
755616 0.0173289 -0.00360752 -43410.2 127.606 
756432 0.0455853 0.0297217 -43014.1 127.744 
757248 0.0330621 -0.00804623 -43485.5 127.882 
758064 0.0343175 -0.00716124 -42080.8 128.02 
758880 0.0323814 -0.0160495 -42719.7 128.158 
759696 0.0547523 -0.0513857 -43212.5 128.295 
760512 0.0580948 0.00841806 -42719.4 128.433 
761328 0.0255676 -0.01525 -43744.4 128.571 
762144 0.0494761 -0.040839 -43341.2 128.708 
762960 0.0417657 -0.0300409 -43017.4 128.846 
763776 0.0508452 -0.0279681 -43158.9 128.984 
764592 0.0447006 -0.0343454 -43771.7 129.121 
765408 0.0415351 -0.0266052 -42673.3 129.259 
766224 0.0276975 -0.0268559 -42833.5 129.396 
767040 0.020636 -0.000379 -42503.3 129.534 
767856 0.0361419 0.0260683 -42594.8 129.672 
768672 0.0544959 0.0484206 -42104 129.809 
769488 0.0323007 0.0293499 -41984.2 129.947 
770304 0.0115465 -0.0114687 -42454.3 130.085 
771120 0.0293481 -0.0140773 -42972.9 130.222 
771936 0.0481216 -0.0160237 -42672.8 130.36 
772752 0.071819 0.00140482 -43111.4 130.498 
773568 0.0702348 -0.0210485 -43279.4 130.636 
774384 0.091054 -0.0396927 -43502.4 130.773 
775200 0.084128 -0.0699073 -42990.5 130.911 
776016 0.0728472 -0.0539633 -42536.7 131.049 
776832 0.0508173 0.0300049 -42542.6 131.186 
777648 0.0238303 0.00487764 -42163.1 131.324 
778464 0.0517283 -0.0236886 -42496.4 131.462 
779280 0.0631431 -0.028745 -41858.2 131.6 
780096 0.0781018 -0.0127935 -42591.2 131.738 
780912 0.0329821 -0.0163334 -42444 131.876 
781728 0.0240395 -0.022169 -41661.6 132.013 
782544 0.0348335 -0.00254727 -41983.6 132.151 
783360 0.0555309 0.0417441 -42271.6 132.288 
784176 0.0549543 -0.0158738 -42434.9 132.426 
784992 0.0546392 0.0181033 -41888.3 132.564 
785808 0.0388284 -0.0160018 -42359.8 132.702 
786624 0.0370067 0.0344851 -42705.9 132.841 
787440 0.035853 0.0328633 -43137.4 132.979 
788256 0.0377038 0.0302354 -42439.3 133.117 
789072 0.0294754 -0.0134321 -42552.6 133.255 
789888 0.0300444 0.00882769 -43009 133.393 
790704 0.0721442 0.0316487 -43979.1 133.531 
791520 0.0436084 0.0177414 -43665.4 133.669 
792336 0.0413152 -0.00237774 -42791.9 133.807 
793152 0.0516321 0.00326052 -43953.5 133.945 
793968 0.0483379 -0.0110597 -43385.3 134.083 
794784 0.0768038 0.00781909 -43255.2 134.22 
795600 0.0882964 -0.000768416 -42464.9 134.358 
796416 0.0709673 -0.00876956 -42819.9 134.496 
797232 0.0384166 0.019083 -41875.6 134.634 
798048 0.0300454 0.0116776 -42094.4 134.772 
798864 0.0353201 0.00329372 -42057.2 134.91 
799680 0.0577303 -0.0363191 -42511.1 135.047 
800496 0.0740274 -0.0512149 -42962 135.186 
801312 0.0400778 -0.000801867 -42333.6 135.324 
802128 0.0350451 0.0155662 -42870.6 135.462 
802944 0.0483227 1.48955e-05 -42854.7 135.6 
803760 0.0316864 0.0262279 -43119.1 135.738 
804576 0.0214652 -0.0175638 -42772.1 135.875 
805392 0.0243773 -0.0164118 -42929.6 136.013 
806208 0.0179161 -0.00159532 -43405.9 136.151 
807024 0.0120903 0.0074995 -43421.5 136.289 
807840 0.0459266 -0.0127773 -43819 136.427 
808656 0.0253677 -0.00806509 -43639.1 136.565 
809472 0.0507381 0.014971 -43874.8 136.703 
810288 0.0365702 0.000497588 -44282.4 136.841 
811104 0.0634176 -0.0259735 -43728.6 136.979 
811920 0.0834483 -0.00199361 -44068.8 137.117 
812736 0.0868583 0.0283526 -43943.6 137.255 
813552 0.0758063 -0.00752155 -44156.2 137.393 
814368 0.066546 -0.00585885 -43256.2 137.531 
815184 0.0636151 -0.0100989 -43020.8 137.669 
