0 0.043706 -0.000838074 -32947.1 0 
816 0.0416772 -0.000430415 -33971.7 0.137735 
1632 0.0591924 -0.00809992 -34724.6 0.275891 
2448 0.0566709 -0.0144058 -36487.9 0.414412 
3264 0.0627914 -0.00286603 -37416.8 0.552831 
4080 0.0715733 -0.00518883 -39852.2 0.691619 
4896 0.0782626 0.0317684 -40717.1 0.830266 
5712 0.0970035 0.0639641 -40065 0.969599 
6528 0.0931671 0.0742408 -40078 1.10763 
7344 0.0897623 0.0587843 -41262 1.24538 
8160 0.0667735 0.0330223 -42676.6 1.38308 
8976 0.0681731 0.00962479 -43472.1 1.52101 
9792 0.0592934 0.0113797 -42957.8 1.65868 
10608 0.0519074 -0.00774868 -43081.7 1.79592 
11424 0.0413585 -0.00916026 -43339.9 1.93366 
12240 0.0637509 -0.0271522 -43091.7 2.07098 
13056 0.0489939 -0.0267711 -43461.7 2.20843 
13872 0.0533716 0.00682552 -43759.1 2.34586 
14688 0.056957 -0.00598005 -42276.9 2.48364 
15504 0.0634403 -0.0045312 -42651.3 2.62158 
16320 0.0636505 -0.0128161 -42291.5 2.75971 
17136 0.0597661 -0.042812 -42216.8 2.89814 
17952 0.079264 -0.0785829 -42006.3 3.03628 
18768 0.0554294 -0.0411797 -42411.4 3.1745 
19584 0.0373213 -0.0170233 -41896.3 3.31283 
20400 0.0807358 -0.0344882 -41756.5 3.45087 
21216 0.063445 -0.00800979 -41794.1 3.58933 
22032 0.0580472 -0.00860433 -42430.4 3.72772 
22848 0.0580103 0.0194652 -42504.8 3.8661 
23664 0.0529665 0.00267952 -41968.6 4.00457 
24480 0.0548342 -0.00539676 -41980.9 4.14291 
25296 0.0372521 0.0261901 -42194.3 4.28149 
26112 0.0113741 0.00809379 -42437.5 4.41989 
26928 0.0388898 0.00545042 -42255.6 4.55872 
27744 0.0491984 0.0110394 -41949.1 4.69687 
28560 0.0436541 0.0388292 -42150.2 4.83566 
29376 0.0552422 0.0392077 -41759.3 4.97455 
30192 0.0511975 -0.00547223 -42161.6 5.11312 
31008 0.0417109 -0.0168017 -41521.9 5.25135 
31824 0.012197 -0.00409182 -41196.7 5.38994 
32640 0.0604508 -0.0439774 -41588.6 5.52868 
33456 0.0763931 -0.0166558 -41727.8 5.66678 
34272 0.0702888 -0.0392295 -42669.4 5.80517 
35088 0.0595104 -0.0272995 -42894.6 5.94365 
35904 0.0599937 -0.0400097 -43901.5 6.08295 
36720 0.073165 -0.0430535 -44200.2 6.22118 
37536 0.067396 -0.0259557 -43615 6.36029 
38352 0.0551129 -0.00156638 -43875.3 6.49903 
39168 0.0331502 0.0035246 -43708.3 6.63747 
39984 0.0570954 -0.00285124 -42911.4 6.7754 
40800 0.0494919 0.00422469 -42690.4 6.91358 
41616 0.038917 0.00756447 -42317.6 7.05186 
42432 0.0492813 0.0116428 -41103.1 7.19034 
43248 0.0277095 -0.000256773 -41355.5 7.32945 
44064 0.0408717 -0.00561789 -41044.3 7.46887 
44880 0.027976 0.000964231 -40872.4 7.6087 
45696 0.0390658 0.00242901 -42113.8 7.74825 
46512 0.024948 -0.000748081 -43495.8 7.88729 
47328 0.010851 0.00954593 -44063.9 8.02664 
48144 0.0419533 0.0323946 -44903.5 8.16527 
48960 0.0546197 0.0541822 -44117 8.30425 
49776 0.0481021 0.0316334 -42902.3 8.44283 
50592 0.0309606 -0.0138698 -42135.9 8.58101 
51408 0.020811 -0.00824744 -41658.1 8.71907 
52224 0.0183871 -0.0178397 -41274.2 8.85759 
53040 0.0273294 -0.0126066 -41343.7 8.99623 
53856 0.0235403 0.0175268 -41749.1 9.135 
54672 0.0614314 0.00262297 -42841.4 9.2733 
55488 0.0405796 0.00443242 -42391.1 9.41204 
56304 0.0683398 0.0521779 -42439.5 9.55034 
57120 0.0289371 -0.00112662 -42198.4 9.68886 
57936 0.0210036 -0.0151122 -42324.2 9.8274 
58752 0.0374754 -0.0146569 -42601.6 9.96599 
59568 0.0336306 -0.0297408 -42984 10.1045 
60384 0.01474 -0.00829482 -43515.7 10.2433 
61200 0.037041 0.0161274 -43026.4 10.3818 
62016 0.046464 0.0255591 -43376.3 10.5202 
62832 0.0403571 -0.0147016 -41987.5 10.6589 
63648 0.0520976 -0.00565291 -42443.1 10.7972 
64464 0.0647156 0.0215636 -42270.3 10.9355 
65280 0.052441 0.0170234 -42466 11.0736 
66096 0.057429 0.00234927 -42519.4 11.2121 
66912 0.0363015 0.0145548 -42235.1 11.3512 
67728 0.0333457 0.0308532 -42317.9 11.4896 
68544 0.0373103 0.0335154 -42059.2 11.6281 
69360 0.053241 0.0464872 -42240.2 11.7665 
70176 0.039835 0.00876023 -43077.3 11.9044 
70992 0.0518839 0.0301037 -42518.5 12.0427 
71808 0.0414251 -0.0110101 -42834.1 12.181 
72624 0.0238829 -0.0171529 -44235.8 12.3197 
73440 0.0598002 -0.0539045 -44674.2 12.4587 
74256 0.0468975 -0.0352996 -43370.4 12.5971 
75072 0.0305006 -0.0250294 -43948.9 12.736 
75888 0.0291173 -0.0269302 -42804.5 12.8744 
76704 0.0373602 -0.033135 -42987.9 13.0123 
77520 0.036963 -0.02898 -43342.8 13.1502 
78336 0.0456042 0.0299399 -43351.2 13.2875 
79152 0.0216445 0.0170719 -43180.3 13.4252 
79968 0.0228001 0.0103576 -42277.3 13.5629 
80784 0.0557089 0.0371918 -42836.1 13.701 
81600 0.0319769 -0.012913 -42699.9 13.8391 
82416 0.0585129 -0.0252289 -42554.7 13.9779 
83232 0.0557819 0.00376734 -43428.3 14.1167 
84048 0.0293856 -0.0104666 -42545.8 14.2549 
84864 0.0480077 -0.0403383 -43744.9 14.3934 
85680 0.052496 -0.0478413 -44683.5 14.5319 
86496 0.0464036 -0.0437868 -44432 14.6705 
87312 0.028527 -0.0256558 -44020.3 14.8088 
88128 0.0333993 -0.0179396 -43909.2 14.9475 
88944 0.0212036 -0.0164793 -43623.4 15.0859 
89760 0.0499904 -0.0339017 -44011.3 15.2244 
90576 0.0790524 -0.0112989 -43692 15.3632 
91392 0.00882904 -0.00268017 -42958.8 15.5017 
92208 0.0260022 -0.0098172 -43054.9 15.6401 
93024 0.0249317 0.0246068 -42415.6 15.7786 
93840 0.0384022 0.0333679 -42006.8 15.9166 
94656 0.0063465 0.00172304 -43095.9 16.0544 
95472 0.0440046 0.0362281 -42286.7 16.1928 
96288 0.045419 0.0413089 -41650.3 16.3311 
97104 0.0260581 0.0133835 -41473.5 16.4696 
97920 0.0496611 0.0418656 -41533.9 16.6078 
98736 0.0566325 0.0392395 -41984.8 16.746 
99552 0.0462183 -0.00407831 -41851.9 16.8845 
100368 0.0231814 -0.0222174 -42789 17.0232 
101184 0.0340487 -0.0145963 -42667.4 17.1613 
102000 0.0653988 -0.0368785 -42396.3 17.2988 
102816 0.0557482 -0.0240904 -41921 17.4362 
103632 0.0798748 -0.022027 -42013.2 17.5743 
104448 0.0921401 -0.0436298 -42205.3 17.7122 
105264 0.0795332 -0.0710893 -42277.3 17.8501 
106080 0.0614598 -0.0498326 -42882 17.9883 
106896 0.0417571 -0.0183345 -43197.7 18.127 
107712 0.0303348 -0.0265146 -43995.9 18.2649 
108528 0.0394026 -0.0373976 -44136.7 18.4031 
109344 0.0305545 0.0271673 -43058.5 18.5409 
110160 0.022955 -0.0104613 -43551.4 18.6787 
110976 0.0247488 -0.00718624 -43025.1 18.8167 
111792 0.0273648 0.014284 -42466.2 18.9549 
112608 0.0206357 -0.0108437 -42432.7 19.0934 
113424 0.0194658 -0.0177812 -42701.2 19.2314 
114240 0.00569463 3.78155e-05 -42829.9 19.3695 
115056 0.0505886 -0.0475541 -42492.6 19.5076 
115872 0.0671221 -0.0485928 -42950.1 19.6462 
116688 0.0602828 -0.0597696 -42542.5 19.7847 
117504 0.0476976 -0.0468242 -42258.4 19.923 
118320 0.0464887 -0.0381573 -42057.8 20.061 
119136 0.0692488 -0.0569648 -41643.5 20.1985 
119952 0.0448129 -0.00424836 -42118.3 20.3361 
120768 0.0609809 0.0182902 -42013 20.4733 
121584 0.0649811 0.0413055 -41345.9 20.611 
122400 0.0505239 0.018869 -40731.7 20.7482 
123216 0.0416238 0.0258843 -41847.9 20.8857 
124032 0.0295697 0.0211651 -41599 21.0233 
124848 0.0259673 -0.00821614 -41873.2 21.1607 
125664 0.0593393 0.0105583 -41998.4 21.2979 
126480 0.0665127 0.0164385 -41921 21.4356 
127296 0.0519363 0.0153918 -42270.6 21.5732 
128112 0.0240516 0.0169177 -42522.6 21.7108 
128928 0.0349702 -0.0152805 -42716.9 21.849 
129744 0.0312347 -0.017985 -43135.8 21.9866 
130560 0.0346406 -0.0039854 -42680.6 22.1243 
131376 0.0361418 0.0175999 -42879.2 22.2621 
132192 0.0164073 0.00601681 -41942.7 22.3999 
133008 0.0443627 0.0317677 -42895.3 22.538 
133824 0.0533088 0.0499355 -43031.5 22.6758 
134640 0.051915 0.0504623 -43729.3 22.8147 
135456 0.0224763 0.0218648 -43527 22.9524 
136272 0.0440335 0.0339276 -43815.5 23.09 
137088 0.0537419 0.0530796 -42651.2 23.2287 
137904 0.0338728 0.0247427 -42128.9 23.3673 
138720 0.0744976 0.0516326 -43254.1 23.5057 
139536 0.053321 0.0133876 -42944.9 23.6445 
140352 0.0989984 -0.00226195 -43320.2 23.7831 
141168 0.0836166 0.00421851 -43069.8 23.922 
141984 0.0400295 -0.0312914 -43311.9 24.0602 
142800 0.0153688 -0.0016855 -42513.9 24.1991 
143616 0.0629404 -0.0616641 -42398.2 24.3372 
144432 0.0489513 -0.0474859 -42893 24.4751 
145248 0.0363894 -0.0306228 -42270.7 24.6138 
146064 0.0526452 -0.00983956 -42544.1 24.753 
146880 0.0240914 -0.0181601 -41896.8 24.8918 
147696 0.0232215 -0.00466929 -42740.4 25.0301 
148512 0.028377 -0.00982528 -42206 25.1685 
149328 0.0133997 -0.0100906 -42981.7 25.3068 
150144 0.0372678 0.00323795 -42515.9 25.4449 
150960 0.037639 -0.0134835 -42262 25.5831 
151776 0.0448764 0.0157407 -43524.6 25.7216 
152592 0.0159414 0.014549 -42774.4 25.8608 
153408 0.0309755 0.00666585 -42411.5 25.9996 
154224 0.0256479 -0.00354438 -43209.5 26.1379 
155040 0.0426226 0.00266307 -43411.7 26.2766 
155856 0.0366508 -0.0021777 -43099.7 26.415 
156672 0.0679366 0.00909843 -43024 26.5544 
157488 0.0618199 -0.00891023 -42781.9 26.6933 
158304 0.0765217 -0.0583655 -43400.6 26.8318 
159120 0.0310599 -0.00754123 -42765.7 26.969 
159936 0.0423502 -0.0158373 -42343.4 27.1077 
160752 0.0551297 -0.0355946 -42309.2 27.2459 
161568 0.0718912 -0.0645206 -41985.7 27.3838 
162384 0.0478058 -0.0451948 -41888.8 27.522 
163200 0.0340109 -0.0272054 -41145 27.6611 
164016 0.00956201 0.0053655 -40609.9 27.7995 
164832 0.0296912 -0.0250554 -40626.4 27.9371 
165648 0.0522284 -0.0510099 -42497.2 28.0748 
166464 0.0585954 -0.0423976 -42677.7 28.2125 
167280 0.0776295 -0.0163085 -43018.6 28.3502 
168096 0.0455743 0.0346102 -43258.8 28.4883 
168912 0.0320116 0.00880568 -43216.8 28.6261 
169728 0.0397919 0.0328627 -43178.5 28.7643 
170544 0.0620187 -0.000361652 -43369.3 28.9021 
171360 0.0603616 0.00952705 -42920.8 29.0402 
172176 0.0760785 0.0698483 -43418.4 29.1776 
172992 0.0550077 0.0546683 -43435.7 29.3155 
173808 0.0359684 0.0260914 -42159.8 29.4532 
174624 0.0329116 0.0272867 -42814.7 29.5925 
175440 0.0331122 -0.00137689 -41987.6 29.7308 
176256 0.0321209 -0.0200307 -41815.2 29.8699 
177072 0.0251337 -0.0182763 -41961.4 30.0083 
177888 0.0416137 -0.0377104 -42459.5 30.1461 
178704 0.0798827 -0.0575567 -42667.9 30.2842 
179520 0.0826513 -0.0478682 -42120.6 30.4224 
180336 0.0690187 -0.0211511 -42610.9 30.5605 
181152 0.0420394 0.0238516 -42933.8 30.6983 
181968 0.0389968 0.0249224 -43026.4 30.8359 
182784 0.0545029 0.0167952 -42725.7 30.9741 
183600 0.0626892 0.0219692 -43608.2 31.1115 
184416 0.054488 0.0118828 -43912 31.2486 
185232 0.0358845 0.00766558 -44238.9 31.3857 
186048 0.0101707 -0.00590556 -43494.5 31.5232 
186864 0.0219747 -0.012811 -43911.3 31.6602 
187680 0.049008 -0.0343817 -44052.1 31.7974 
188496 0.0368752 -0.00429752 -43816.5 31.9345 
189312 0.058057 -0.0269302 -43034.2 32.0715 
190128 0.0715718 -0.0447475 -43162 32.2091 
190944 0.0614749 -0.0070842 -42970.9 32.3467 
191760 0.0421185 -0.0238896 -43750.2 32.4847 
192576 0.0314566 -0.00915611 -44176.1 32.6228 
193392 0.0520722 8.82205e-05 -43785.5 32.7606 
194208 0.0311582 -0.00152005 -44768.9 32.8995 
195024 0.0571362 0.0249122 -44502.6 33.0375 
195840 0.0413104 -0.00927598 -44033.8 33.1759 
196656 0.0475711 -0.0348627 -43257.2 33.3144 
197472 0.0522221 -0.0451712 -44351.5 33.4532 
198288 0.0523827 -0.0490761 -43740.4 33.5916 
199104 0.0475651 -0.0427196 -43639.2 33.7301 
199920 0.0604827 -0.0586871 -43533.5 33.8687 
200736 0.0709639 -0.0696284 -43515.3 34.0071 
201552 0.0559338 -0.0482483 -42392.2 34.145 
202368 0.0293755 -0.0247362 -43359.6 34.2836 
203184 0.0197233 0.0162118 -43054.2 34.4223 
204000 0.0380935 0.0212552 -43440.4 34.5606 
204816 0.0175391 0.00416233 -43431.2 34.6987 
205632 0.0474109 0.0153447 -42842.3 34.8376 
206448 0.0396476 0.0174151 -43527.5 34.9762 
207264 0.0490307 0.0455493 -43586.2 35.1145 
208080 0.0653339 0.0629064 -43739.6 35.2529 
208896 0.00830957 0.000812106 -43373.4 35.3916 
209712 0.0178285 0.0143242 -43365.2 35.5304 
210528 0.0450433 0.0094282 -44083.7 35.669 
211344 0.0240835 0.0160236 -44634.9 35.8077 
212160 0.0586835 -0.0255864 -42919.2 35.9462 
212976 0.0632374 0.0449103 -42292.7 36.0844 
213792 0.0234578 -0.00685536 -42519.2 36.2226 
214608 0.0397353 -0.00622534 -42604.8 36.3621 
215424 0.0418221 -0.00864491 -42184.2 36.5015 
216240 0.0525687 -0.0400585 -41964.7 36.6405 
217056 0.0449749 -0.00975982 -42586.9 36.7783 
217872 0.0430614 -0.00570648 -42212.3 36.9156 
218688 0.00871659 -0.00175854 -42264.3 37.053 
219504 0.0326735 -0.0194293 -42522.9 37.1909 
220320 0.033217 -0.0147031 -43101 37.3281 
221136 0.0142547 0.0116717 -43802.5 37.4659 
221952 0.00477669 -0.000564934 -44345.7 37.6037 
222768 0.0226232 0.0110906 -43361.9 37.7409 
223584 0.0135321 0.0025779 -43063.3 37.8784 
224400 0.0478238 0.0408374 -43841.2 38.0166 
225216 0.0441985 0.0202578 -42663.1 38.1547 
226032 0.0152748 0.00525598 -42173.8 38.2924 
226848 0.0408046 -0.00626273 -42480.8 38.4306 
227664 0.0455654 -0.0174666 -42619.1 38.5685 
228480 0.0393112 -0.0376545 -42638.9 38.7066 
229296 0.0785726 -0.0585315 -42768.2 38.8453 
230112 0.0650584 -0.0481631 -42980.9 38.9835 
230928 0.0331239 0.00107793 -42871.7 39.1212 
231744 0.0512185 -0.0397381 -43878.4 39.2592 
232560 0.0442014 0.0370462 -44165.6 39.3977 
233376 0.056993 -0.0445722 -45501.7 39.5356 
234192 0.0393584 -0.0291002 -44576.3 39.6737 
235008 0.0340465 0.00176103 -43942.4 39.8119 
235824 0.033738 -0.0326299 -43639.9 39.9502 
236640 0.017875 -0.0101677 -43241 40.0883 
237456 0.0427175 0.00194574 -43236.7 40.2269 
238272 0.0405258 -0.0169023 -42296.4 40.3659 
239088 0.0447764 -0.0136412 -43268.5 40.5041 
239904 0.057418 -0.0223765 -43088.9 40.642 
240720 0.0783224 -0.0160476 -43374.9 40.7802 
241536 0.0589045 0.00281618 -43186.4 40.9183 
242352 0.0276987 -0.0177646 -42982.5 41.0575 
243168 0.0148827 -0.0139424 -43845.3 41.1968 
243984 0.0596038 -0.00437357 -44970.7 41.3359 
244800 0.0316347 0.0223231 -44373.6 41.4747 
245616 0.0447869 0.036713 -44067.2 41.6127 
246432 0.0539938 0.0502694 -43817.4 41.7517 
247248 0.0317626 0.0311126 -43057.5 41.8908 
248064 0.0370022 0.0360127 -42831.9 42.0298 
248880 0.0383317 0.0366073 -42673.3 42.1684 
249696 0.0579993 0.0214438 -42867.4 42.3074 
250512 0.02662 0.0216467 -42578.2 42.4457 
251328 0.0419363 0.0292509 -43140.8 42.5843 
252144 0.03482 0.0289393 -43300 42.7217 
252960 0.0239655 -0.0142105 -43187.3 42.8592 
253776 0.0260701 0.0188679 -43314.1 42.9967 
254592 0.0219871 -0.0200119 -42771.3 43.1348 
255408 0.0594161 0.019101 -44073.3 43.2729 
256224 0.0633903 -0.0266566 -43390.4 43.411 
257040 0.0401621 0.00933697 -42895.6 43.5489 
257856 0.0466953 0.0117037 -42970.4 43.6868 
258672 0.0826723 0.0281495 -41961.6 43.8256 
259488 0.0871896 0.00439062 -41917.2 43.9642 
260304 0.0901693 0.00879331 -41661.1 44.1018 
261120 0.0937434 0.0121311 -41796.6 44.2403 
261936 0.0798427 0.013924 -41818.8 44.3795 
262752 0.0425985 -0.003217 -41292.6 44.5186 
263568 0.110759 -0.0406447 -41528.1 44.6569 
264384 0.111076 -0.0788835 -41821.6 44.7954 
265200 0.0764861 -0.0660109 -41109.5 44.9341 
266016 0.0609479 -0.0447649 -42887.8 45.0731 
266832 0.0222917 -0.0181587 -42344.6 45.2119 
267648 0.0169147 -0.0078844 -43029.9 45.3508 
268464 0.0271317 -0.0208195 -43672.6 45.4895 
269280 0.046305 0.00730112 -43811.1 45.628 
270096 0.0407985 -0.000617351 -43896.9 45.766 
270912 0.0571238 0.012515 -43852.1 45.9043 
271728 0.0826138 0.0285371 -42932.6 46.0427 
272544 0.0849167 0.0686966 -43264.4 46.1807 
273360 0.0522568 0.0226124 -42569.7 46.3189 
274176 0.035931 0.0139752 -41956.4 46.4571 
274992 0.0229303 0.0057989 -42713.3 46.5956 
275808 0.0571111 -0.0055222 -42240.5 46.7346 
276624 0.0632614 0.00772383 -41532 46.8733 
277440 0.0528831 -0.0284537 -42458.5 47.0112 
278256 0.0304619 -0.0138279 -42322.2 47.1494 
279072 0.0595316 -0.0282684 -42469.6 47.2879 
279888 0.0401241 -0.0276382 -42923.4 47.4259 
280704 0.0129819 -0.0101038 -43694.6 47.5642 
281520 0.0446065 -0.0178801 -43625.4 47.7032 
282336 0.0439848 -0.00573108 -43104.3 47.8408 
283152 0.0357668 0.0274665 -43142.7 47.9791 
283968 0.01728 0.0136938 -42940 48.1176 
284784 0.0227428 0.00266696 -42362.3 48.2558 
285600 0.0389824 -0.0313972 -42865.4 48.3944 
286416 0.0251607 -0.0162257 -42256.3 48.533 
287232 0.0301635 0.00208999 -41704.8 48.6713 
288048 0.046447 -0.00600135 -41865.1 48.8095 
288864 0.058575 -0.0259508 -41140 48.9483 
289680 0.0605491 0.0196176 -41893 49.0866 
290496 0.0542312 0.0384969 -42926.1 49.2253 
291312 0.0444662 0.0200328 -43852.1 49.3635 
292128 0.0567788 0.0444602 -43255.1 49.5025 
292944 0.0295885 0.00245193 -42629.3 49.6408 
293760 0.0252843 -0.0176997 -42208.7 49.7789 
294576 0.0206597 0.0196322 -42299.2 49.9163 
295392 0.0652777 0.0427351 -43486.1 50.0545 
296208 0.0516167 0.0262301 -43416.8 50.1932 
297024 0.0821686 0.0592019 -44473.5 50.3322 
297840 0.0539366 0.0326517 -44579.3 50.4707 
298656 0.0649961 0.0176235 -44207.4 50.6097 
299472 0.0536749 0.00420773 -44359.5 50.7489 
300288 0.0497014 0.0404211 -43735.4 50.8881 
301104 0.0525418 0.0241831 -42874.1 51.0279 
301920 0.0457571 0.0251338 -42409.6 51.1673 
302736 0.0343296 0.0287559 -43330.4 51.3065 
303552 0.0206673 -0.0146695 -43551.8 51.4454 
304368 0.0443772 -0.0233201 -43795.2 51.5846 
305184 0.0342148 0.00999906 -43069.1 51.7241 
306000 0.0576333 -0.0120971 -43422.2 51.8622 
306816 0.0631433 0.0509276 -43764.4 52.0005 
307632 0.0589583 0.0526279 -44786.1 52.1394 
308448 0.0500724 0.0452476 -44536.4 52.2782 
309264 0.0527348 0.0328482 -44276.9 52.4161 
310080 0.0553064 0.0346302 -44337.6 52.554 
310896 0.0341992 0.0188338 -42998.9 52.6928 
311712 0.00421031 -0.00185981 -43692.2 52.8306 
312528 0.031958 0.0256502 -43112.1 52.9686 
313344 0.0284475 0.0203241 -42239.2 53.1083 
314160 0.0466913 0.0433971 -41136.5 53.2458 
314976 0.0470434 0.0125708 -41778.4 53.3832 
315792 0.0202385 -0.0123917 -42472.4 53.5216 
316608 0.0508367 -0.0432649 -42447.4 53.6602 
317424 0.0124773 -0.000956354 -42732.6 53.7987 
318240 0.0552903 -0.0552652 -43004.1 53.9374 
319056 0.0329172 -0.032069 -42130.3 54.0759 
319872 0.0302098 0.0126587 -42716.2 54.2148 
320688 0.0298054 -0.0293283 -42803.6 54.3539 
321504 0.0158174 0.000796712 -42510.6 54.4923 
322320 0.0542592 -0.015553 -42905.4 54.6309 
323136 0.0329747 -0.0154092 -42444.5 54.769 
323952 0.0249539 -0.0004828 -42281.7 54.907 
324768 0.0317891 -0.0159285 -42614.4 55.045 
325584 0.0333772 0.00591049 -42952.7 55.1828 
326400 0.0573645 0.0181763 -42907.3 55.3216 
327216 0.0789706 0.00978612 -42074.7 55.4603 
328032 0.0646372 -0.0103823 -42058.9 55.5986 
328848 0.0523103 -0.0111097 -42831.8 55.7373 
329664 0.0851936 0.0280489 -42591.7 55.8764 
330480 0.0716859 -0.0277893 -42623.7 56.0155 
331296 0.0434541 0.00600534 -42909.7 56.1546 
332112 0.0299233 -0.0126782 -42772.4 56.2929 
332928 0.0234779 0.0215856 -42642.5 56.4323 
333744 0.02433 -0.0123425 -42809.4 56.5721 
334560 0.0301064 -0.0175801 -42846.7 56.7102 
335376 0.022635 -0.0122466 -42894.6 56.8476 
336192 0.0272668 0.00712205 -42719.7 56.985 
337008 0.036419 0.0321436 -42237.7 57.1225 
337824 0.0116414 0.00121877 -42092.4 57.2606 
338640 0.0112088 -0.00816177 -42742.2 57.3986 
339456 0.0376393 0.0299131 -42743.1 57.5367 
340272 0.022963 0.00144487 -43715.1 57.6747 
341088 0.0298101 -0.0186086 -43612.9 57.8128 
341904 0.0548096 -0.0498629 -43482.9 57.9507 
342720 0.0398347 0.00779677 -43158.6 58.0892 
343536 0.049946 0.00916004 -43109.9 58.2271 
344352 0.0298376 0.029239 -44189.7 58.3651 
345168 0.0414785 0.0376453 -44973.9 58.5031 
345984 0.0323878 0.0225167 -43862.2 58.6419 
346800 0.0367189 -0.0107055 -43879.1 58.7794 
347616 0.0325434 -0.014731 -43578.8 58.9182 
348432 0.0184294 0.00285447 -43649.5 59.0561 
349248 0.0195036 -0.0155542 -43508 59.1944 
350064 0.0304931 0.0238496 -43879.7 59.3327 
350880 0.0253672 0.0195745 -43228 59.4706 
351696 0.0325725 -0.030273 -43394.5 59.609 
352512 0.062784 -0.0536952 -44596.8 59.7476 
353328 0.0158203 -0.0105217 -43673.8 59.8856 
354144 0.0301948 -0.0218196 -42881 60.0245 
354960 0.0631372 0.0219993 -43049.6 60.1638 
355776 0.0180939 0.016238 -42047 60.3029 
356592 0.0245827 -0.0241334 -42009.2 60.4413 
357408 0.0258816 0.00258626 -41692.4 60.5789 
358224 0.0246797 0.021616 -42761.2 60.7166 
359040 0.0164473 0.00553202 -42000.5 60.8541 
359856 0.0534433 -0.0439616 -42217 60.9913 
360672 0.0387854 -0.0123815 -41691 61.1292 
361488 0.0283443 -0.0229062 -41618.4 61.2673 
362304 0.0527291 -0.0455025 -41712.8 61.4063 
363120 0.0201821 -0.0124307 -41836.9 61.5442 
363936 0.0466034 -0.021033 -41981.3 61.6815 
364752 0.0298543 0.00545155 -41699.4 61.8193 
365568 0.02128 -0.0121388 -42296.5 61.9571 
366384 0.0846855 -0.0752112 -43288.2 62.0944 
367200 0.0646054 -0.0483789 -43456.8 62.2321 
368016 0.0579172 -0.048886 -42866.2 62.3698 
368832 0.0276617 -0.0188196 -42609.4 62.5088 
369648 0.0295228 0.0269044 -42001.2 62.6471 
370464 0.0178534 0.0123617 -42255.6 62.7855 
371280 0.00661194 0.000234057 -42996.5 62.9241 
372096 0.025939 -0.00693933 -43365.3 63.0626 
372912 0.0297331 -0.00170198 -43168.9 63.2009 
373728 0.0653569 -0.00747979 -43099 63.3396 
374544 0.0416375 -0.0104929 -42496.2 63.4783 
375360 0.0305708 -0.0017647 -42881.8 63.6161 
376176 0.0784807 0.0566508 -44697.6 63.7551 
376992 0.0699939 0.0507427 -44491.9 63.8936 
377808 0.0536768 0.0376532 -43887.2 64.0327 
378624 0.0516548 0.0231001 -44303.7 64.1717 
379440 0.0322736 0.0203706 -44242 64.3104 
380256 0.0295668 0.00988821 -44445.2 64.4489 
381072 0.0195709 0.00946431 -44308.6 64.5872 
381888 0.0541874 0.0343489 -44124.1 64.7255 
382704 0.0524471 0.045555 -43806.7 64.8634 
383520 0.0275535 0.00366798 -43604.3 65.0011 
384336 0.0344146 -0.00548866 -43473.8 65.1389 
385152 0.00955588 -0.00683811 -43522.3 65.2774 
385968 0.0234893 -0.00183177 -42729.6 65.4154 
386784 0.0282207 0.00660958 -43052.6 65.554 
387600 0.0204107 0.00114935 -44005.9 65.6928 
388416 0.0204218 -0.00158565 -43527.5 65.8317 
389232 0.0220709 -0.00365958 -43443.3 65.9708 
390048 0.0322966 -0.0232774 -43255.9 66.1094 
390864 0.060267 -0.0479297 -43127.8 66.2482 
391680 0.0205613 0.00633306 -43373.9 66.3868 
392496 0.0316444 -0.00111426 -44530.8 66.5252 
393312 0.0571934 0.050578 -44189.4 66.6634 
394128 0.0460017 0.0347802 -44083.1 66.8014 
394944 0.0291671 -0.012872 -44078.1 66.939 
395760 0.039201 0.0149839 -42058 67.0778 
396576 0.0561011 -0.00304379 -42341.7 67.2158 
397392 0.0593924 -0.0246587 -41731.3 67.3546 
398208 0.0671712 -0.0221216 -41928.5 67.4929 
399024 0.0615366 -0.00688276 -42283.8 67.6315 
399840 0.0869427 -0.0309039 -42790.9 67.7698 
400656 0.0693179 0.0144716 -41727.8 67.9086 
401472 0.0665498 0.0130671 -41423.4 68.0471 
402288 0.0520366 0.00158202 -41207 68.1859 
403104 0.0338717 -0.00626574 -42932 68.3243 
403920 0.0453756 0.0202499 -43364.1 68.463 
404736 0.0468714 -0.0130628 -43178.3 68.6014 
405552 0.0164048 -0.00697296 -44388 68.7396 
406368 0.031328 0.00226216 -44416.1 68.878 
407184 0.0190964 0.00894989 -43866.3 69.0163 
408000 0.0616527 0.0503355 -43402.1 69.1548 
408816 0.0633542 0.0367419 -43222.4 69.2926 
409632 0.0434069 0.0184462 -42422.1 69.4309 
410448 0.0299845 0.0181183 -42869.5 69.5693 
411264 0.0318622 -0.0080523 -42881.9 69.708 
412080 0.0469932 -0.0143818 -43294.7 69.847 
412896 0.0552028 -0.0285907 -43057.3 69.9853 
413712 0.0690246 -0.0634921 -43216.5 70.1236 
414528 0.0711346 -0.0596573 -43117.3 70.2626 
415344 0.0804839 -0.0727382 -43438.5 70.4022 
416160 0.0394626 -0.00346476 -42741.1 70.5418 
416976 0.0270115 0.00580445 -41895.5 70.6812 
417792 0.0205235 0.0161389 -41575.5 70.8198 
418608 0.020959 0.00621827 -41952.2 70.9591 
419424 0.0319442 -0.00391522 -42905.8 71.099 
420240 0.0339908 -0.0167882 -42194.5 71.2387 
421056 0.0312324 0.020854 -41832.5 71.378 
421872 0.0427886 0.0247459 -41649.5 71.5176 
422688 0.0463357 -0.00341813 -42122.2 71.6569 
423504 0.050504 -0.0480472 -41503.1 71.7957 
424320 0.0218737 -0.0182161 -41809 71.9347 
425136 0.0249115 -0.00889915 -41621.2 72.0735 
425952 0.0145304 0.00717972 -41963.9 72.2124 
426768 0.0204692 -0.0166058 -41894.7 72.351 
427584 0.0220213 -0.000321872 -41277.1 72.4897 
428400 0.0316135 -0.0313063 -42071.5 72.6287 
429216 0.0320132 0.00862954 -41987.8 72.7678 
430032 0.0272221 -0.0245805 -41137.7 72.9057 
430848 0.0606813 -0.0544379 -42911.2 73.0452 
431664 0.024444 0.0166192 -43158.2 73.1836 
432480 0.0276512 0.00881419 -43042.3 73.3226 
433296 0.0422455 -0.00559096 -42928.9 73.4611 
434112 0.0300191 -0.0151426 -43068 73.6 
434928 0.0289103 -0.0142434 -43708.5 73.7388 
435744 0.0432843 -0.00776184 -44082.8 73.8782 
436560 0.0527054 -0.0124896 -43810.4 74.0172 
437376 0.0242582 -0.0109784 -43908.6 74.1567 
438192 0.0325668 0.00630395 -43751.7 74.2957 
439008 0.0367064 -0.00709556 -43658.4 74.4351 
439824 0.0298324 -0.0111712 -43953 74.5739 
440640 0.0392752 0.00288736 -43020.9 74.7135 
441456 0.0499548 0.033739 -42701.9 74.8524 
442272 0.0373337 0.0231424 -42879.1 74.9923 
443088 0.0465972 0.0113324 -43019.5 75.1311 
443904 0.0608193 0.000375302 -42108.5 75.2697 
444720 0.0548684 0.0145865 -42301.8 75.4083 
445536 0.0641617 0.00437386 -43101.8 75.547 
446352 0.0526051 -0.00378751 -43436.3 75.6856 
447168 0.0596636 0.046361 -43886.3 75.8242 
447984 0.0474126 0.0448729 -43398.1 75.9627 
448800 0.0592986 0.052342 -43255 76.1011 
449616 0.0734341 0.0648112 -42711.2 76.2395 
450432 0.0602061 0.0581673 -42683.5 76.3782 
451248 0.0627444 0.039546 -42455.5 76.5158 
452064 0.0270598 0.0247556 -43276.9 76.6537 
452880 0.0459667 0.0307422 -43418.6 76.7918 
453696 0.0134054 0.0110888 -43377.9 76.9294 
454512 0.0204761 -0.0144266 -43212.4 77.0671 
455328 0.0160477 -0.0160431 -42713.2 77.205 
456144 0.0201355 0.0113687 -42515.5 77.344 
456960 0.0382457 0.00383772 -43172.4 77.4821 
457776 0.0124693 -0.0093308 -43573.7 77.6206 
458592 0.0298009 -0.00679186 -43753.5 77.7593 
459408 0.0293687 -0.00780599 -43096.9 77.898 
460224 0.0439621 -0.0228388 -44042.5 78.0359 
461040 0.0561241 -0.0243161 -44760.7 78.174 
461856 0.0520432 -0.0444329 -43753.7 78.3122 
462672 0.114987 -0.0824454 -42662 78.4509 
463488 0.068804 -0.0576002 -41904 78.5891 
464304 0.0545507 -0.0414248 -41868.8 78.7274 
465120 0.0181753 -0.0161922 -40967.6 78.8662 
465936 0.027691 -0.0161405 -40290.7 79.0047 
466752 0.0352716 0.0299995 -40797.4 79.1432 
467568 0.0140295 -0.0116909 -41245.2 79.2821 
468384 0.00778047 0.00107174 -41353.4 79.4205 
469200 0.0237084 -0.0206917 -40972.4 79.5587 
470016 0.0214703 -0.015106 -41701.8 79.6966 
470832 0.0484022 -0.0382237 -41379.3 79.8351 
471648 0.0339165 -0.018185 -41831.3 79.9735 
472464 0.0121727 0.00581115 -41726.8 80.1122 
473280 0.0187291 -0.00161414 -41674.6 80.2503 
474096 0.0332441 0.0246404 -42498.1 80.3891 
474912 0.00975671 0.00388789 -41893.8 80.5277 
475728 0.0399899 -0.00695767 -42274.2 80.6672 
476544 0.0293491 0.00184287 -42434.3 80.8057 
477360 0.0486658 -0.0226493 -42780.9 80.9441 
478176 0.0437374 0.0236227 -42700.9 81.0835 
478992 0.0456004 0.00865192 -41519 81.2229 
479808 0.0509438 0.00271309 -42219.3 81.3619 
480624 0.0262433 -0.0183019 -41425.4 81.502 
481440 0.0468823 -0.013685 -41053 81.6419 
482256 0.0648082 0.0126718 -42183.2 81.7805 
483072 0.0669569 0.0165562 -41956.2 81.9195 
483888 0.0766639 -0.0195686 -41793 82.0596 
484704 0.0527951 -0.0159523 -41495.7 82.1983 
485520 0.0606357 -0.0190379 -42028.8 82.3369 
486336 0.0596551 -0.00240129 -43048.4 82.4759 
487152 0.0607355 -0.0264818 -42479 82.6149 
487968 0.0613375 -0.0103352 -44112.7 82.7536 
488784 0.0801232 -0.0136473 -43465.4 82.8923 
489600 0.0309998 -0.00317698 -42953.6 83.0316 
490416 0.0511237 -0.0159239 -43736.4 83.1706 
491232 0.0432135 0.0181936 -43010.6 83.3097 
492048 0.0495352 -0.0143094 -42883.1 83.448 
492864 0.0681677 -0.0481241 -43444.5 83.5869 
493680 0.070725 -0.0410523 -43351.8 83.7261 
494496 0.0786638 -0.0148584 -43834.7 83.8648 
495312 0.0674555 0.00681919 -43068.5 84.0033 
496128 0.0356115 -0.00159292 -43465.5 84.1423 
496944 0.0263352 -0.0177686 -42849.7 84.281 
497760 0.0418012 -0.0387919 -43007 84.4194 
498576 0.0355664 -0.025179 -43456.8 84.5573 
499392 0.0476766 -0.0274635 -43257.4 84.6953 
500208 0.045264 -0.0302354 -44325.2 84.834 
501024 0.0263358 0.00255743 -43770.4 84.9728 
501840 0.0214147 -0.00400602 -43864.6 85.1108 
502656 0.0432849 0.0224517 -43115 85.249 
503472 0.0626183 -0.00866484 -43921.4 85.3869 
504288 0.0624633 0.0355654 -44621.7 85.5252 
505104 0.0182191 0.0169214 -44996.5 85.6634 
505920 0.0580956 0.0120011 -44949.9 85.8022 
506736 0.0578663 0.0467638 -44019.3 85.9411 
507552 0.0716002 0.0652685 -43922.5 86.0792 
508368 0.0440838 0.0404457 -44716.1 86.2174 
509184 0.0466228 0.0319726 -44670.2 86.3555 
510000 0.0652203 0.0591577 -44618.3 86.494 
510816 0.0614944 0.0542058 -44604.3 86.6334 
511632 0.0485066 0.0306296 -43961.3 86.7719 
512448 0.0492104 -0.00273655 -43425.1 86.9105 
513264 0.0400808 0.0195195 -42831.6 87.0484 
514080 0.0406603 0.0127136 -42068.7 87.1867 
514896 0.0740052 0.0132523 -43121.5 87.3252 
515712 0.0505121 0.0208967 -43845.4 87.464 
516528 0.0546239 0.00875915 -42786 87.6023 
517344 0.0571046 0.0129804 -42088.1 87.7409 
518160 0.0417306 0.00256717 -42532.1 87.8797 
518976 0.0498898 0.00945052 -43362.7 88.0198 
519792 0.0143552 -0.00393345 -43770.1 88.1576 
520608 0.00566223 0.00308937 -42570.6 88.296 
521424 0.0418918 -0.00737909 -43289.9 88.4342 
522240 0.0579765 0.0154513 -43423.6 88.5731 
523056 0.081375 0.041917 -43187.8 88.712 
523872 0.0708458 0.037197 -43360.3 88.8503 
524688 0.0551328 0.039156 -43884.9 88.9888 
525504 0.0671277 0.0349879 -43090.9 89.1267 
526320 0.0697473 0.0136735 -42416.1 89.2644 
527136 0.0582805 0.0284212 -42874.2 89.402 
527952 0.0577659 0.0457077 -42827.8 89.5399 
528768 0.0502392 0.0445809 -41371.3 89.6784 
529584 0.026717 0.0258411 -41994.9 89.8164 
530400 0.022973 0.0227097 -41835.8 89.9541 
531216 0.0496185 0.0322895 -42182.2 90.0928 
532032 0.0248227 0.00416767 -42246.8 90.2317 
532848 0.0342049 -0.0152408 -42467.5 90.37 
533664 0.0149061 -0.0130951 -42169.6 90.5086 
534480 0.0297263 -0.00932825 -42887.5 90.6468 
535296 0.011999 0.0115424 -42834.2 90.7852 
536112 0.0330538 -0.0218527 -42701.2 90.9233 
536928 0.0457278 -0.026688 -44000 91.0617 
537744 0.043426 -0.018584 -43485.3 91.2006 
538560 0.0514876 -0.0300146 -43356.2 91.3392 
539376 0.0395405 0.0166751 -43039.3 91.4778 
540192 0.0289465 0.0248072 -43616.7 91.617 
541008 0.046095 0.0453667 -43736.8 91.7554 
541824 0.0494912 0.0402312 -43311.3 91.8941 
542640 0.0214878 0.017783 -43090.1 92.0326 
543456 0.0452252 0.0421602 -44043.9 92.1718 
544272 0.0294248 0.0265733 -43527.4 92.3104 
545088 0.0238157 0.00420355 -44202.9 92.4493 
545904 0.033035 -0.0050381 -43642 92.5879 
546720 0.0320121 0.0290458 -43791.4 92.7268 
547536 0.0364328 0.0334101 -43086.6 92.8661 
548352 0.0170286 -0.0148527 -42287.3 93.0052 
549168 0.0504061 -0.0477085 -42446 93.1443 
549984 0.0296306 -0.00256288 -43506 93.2832 
550800 0.0577346 -0.0296861 -43992.8 93.4213 
551616 0.0491173 0.0381711 -44002.5 93.559 
552432 0.0268656 0.0170315 -43677.1 93.6969 
553248 0.0285446 -0.0214348 -44213.3 93.8349 
554064 0.072781 -0.0615024 -44212.8 93.9728 
554880 0.0607295 -0.0177974 -43888.3 94.1105 
555696 0.0441848 0.0146621 -43438.7 94.2481 
556512 0.0547428 -0.0134578 -43219.5 94.3866 
557328 0.0389885 -0.031144 -42496.1 94.525 
558144 0.0649533 -0.0558725 -42067.9 94.6629 
558960 0.0471663 -0.0428561 -42491.2 94.8011 
559776 0.0329886 -0.0198503 -42742.9 94.9393 
560592 0.0514605 -0.0399368 -42627.7 95.0776 
561408 0.0577622 -0.0403418 -43182.4 95.2153 
562224 0.0474691 -0.00138661 -42303.1 95.3528 
563040 0.0355664 -0.0201645 -42553 95.4906 
563856 0.055112 0.0217249 -43393.3 95.629 
564672 0.0529024 0.0258414 -43263 95.7672 
565488 0.0528151 -0.0492199 -43393.5 95.9065 
566304 0.056863 -0.040935 -42923.8 96.0447 
567120 0.036298 -0.0172383 -43286 96.1828 
567936 0.0463553 -0.00528793 -43616.6 96.3217 
568752 0.0354915 -0.0218939 -42376.7 96.46 
569568 0.0457043 -0.0184891 -42242.7 96.5993 
570384 0.0491142 -0.0287459 -42675.5 96.7373 
571200 0.0366157 -0.00857804 -42768.5 96.8754 
572016 0.0388077 -0.0173737 -42251.4 97.014 
572832 0.0541751 -0.0158622 -43043.4 97.1527 
573648 0.0569829 0.0169169 -41622.2 97.2914 
574464 0.0467216 0.0251731 -42117.4 97.4299 
575280 0.0444262 -0.00228584 -42379.6 97.5686 
576096 0.0490909 0.00393194 -43355.4 97.7068 
576912 0.0618911 -0.00479247 -42317.3 97.8451 
577728 0.0681882 0.0273254 -42321.6 97.9837 
578544 0.0774161 0.0615894 -42858.4 98.1222 
579360 0.0308927 0.0184697 -42620.2 98.2608 
580176 0.0362947 -0.00584772 -43000.2 98.3991 
580992 0.0461877 0.0244944 -43069.7 98.5373 
581808 0.0529066 0.0434144 -43114.7 98.6758 
582624 0.040521 0.0278907 -42713.5 98.8138 
583440 0.0183536 -0.0110688 -43123.5 98.952 
584256 0.0303454 -0.0271377 -42650.2 99.0907 
585072 0.0483571 -0.0380053 -42429 99.2291 
585888 0.0163975 -0.00524127 -42746.9 99.3677 
586704 0.0478965 -0.0021605 -43826.7 99.5063 
587520 0.0430235 -0.00186902 -43807.7 99.6448 
588336 0.0383559 0.00336539 -44286.1 99.7831 
589152 0.0331749 0.00980356 -44254.6 99.9218 
589968 0.0701581 0.0296953 -43930.7 100.061 
590784 0.0655843 0.0287337 -43849.7 100.2 
591600 0.071301 0.0220429 -43362.2 100.339 
592416 0.0801484 0.0358599 -43289.4 100.479 
593232 0.0612745 0.00533757 -43567.9 100.618 
594048 0.0431263 -0.00864823 -43996.9 100.757 
594864 0.0517839 0.0206807 -43629.8 100.896 
595680 0.0546553 0.0263067 -44227.9 101.034 
596496 0.031884 -2.16481e-05 -44383.6 101.173 
597312 0.0727046 -0.0689052 -43921.7 101.312 
598128 0.0600122 -0.0329688 -43825.5 101.451 
598944 0.0363226 -0.0256724 -43876.4 101.59 
599760 0.0465216 -0.0230583 -43022.3 101.729 
600576 0.0568913 -0.0525086 -42483.1 101.867 
601392 0.0359693 -0.0196102 -42280.4 102.007 
602208 0.0451769 -0.041491 -43496.8 102.146 
603024 0.0295419 -0.010755 -43598 102.285 
603840 0.0284528 -0.0169807 -43536.5 102.424 
604656 0.0254656 -0.0143946 -44256.9 102.562 
605472 0.0460537 -0.045065 -44110.3 102.702 
606288 0.0440555 -0.0412405 -43440.7 102.84 
607104 0.0601891 -0.0539694 -43815.2 102.979 
607920 0.0818136 -0.0734576 -42958.6 103.117 
608736 0.0587146 -0.0357883 -43183.6 103.257 
609552 0.0315849 -0.0264143 -43649.8 103.396 
610368 0.0767912 -0.0727153 -43313.4 103.535 
611184 0.072339 -0.0677989 -42216.1 103.675 
612000 0.0470634 -0.0197319 -42605.9 103.815 
612816 0.0458231 -0.0170187 -42980.7 103.955 
613632 0.0441679 0.00672235 -43390.2 104.095 
614448 0.0364116 -0.00610917 -42837.1 104.235 
615264 0.0697605 -0.0566353 -41780.2 104.375 
616080 0.0132215 0.00209845 -40575.1 104.514 
616896 0.0410197 0.0388342 -41100.3 104.653 
617712 0.0497785 0.047855 -41313.2 104.791 
618528 0.0593062 0.0433072 -42479.2 104.929 
619344 0.048583 0.0309819 -43097.5 105.067 
620160 0.0241361 0.0159563 -43477.7 105.205 
620976 0.0140884 0.00567679 -43055.6 105.344 
621792 0.0421709 -0.0331973 -43211.8 105.483 
622608 0.0481969 -0.0448848 -43468.9 105.621 
623424 0.0161511 0.00208151 -42491.7 105.759 
624240 0.0495909 -0.0415755 -42722.9 105.898 
625056 0.0242176 -0.02087 -43029.1 106.036 
625872 0.0477323 -0.0101644 -43191.4 106.175 
626688 0.0671296 -0.0394324 -42040 106.313 
627504 0.0460195 -0.0257673 -42490.8 106.452 
628320 0.02945 -0.00677146 -43042.2 106.591 
629136 0.0254441 -0.0113705 -42130.8 106.729 
629952 0.023026 -0.0140823 -42178.6 106.867 
630768 0.0626344 -0.0334498 -43010.4 107.006 
631584 0.0736007 0.00234829 -43834.6 107.144 
632400 0.0698653 0.0151815 -43629.8 107.283 
633216 0.0879634 0.0384719 -44465.5 107.422 
634032 0.0567837 -0.00142923 -43560.2 107.561 
634848 0.0625876 -0.0194804 -42083.2 107.7 
635664 0.0578338 -0.0141201 -42785.2 107.838 
636480 0.0906553 0.00462966 -42624.5 107.977 
637296 0.0563379 -0.00420534 -42604.9 108.115 
638112 0.0551556 -0.0117834 -43166.2 108.254 
638928 0.0494299 0.00227801 -43183.1 108.392 
639744 0.079416 -0.0052164 -44035 108.53 
640560 0.0635521 -0.0325582 -43429.9 108.669 
641376 0.0715078 -0.0553196 -44206.2 108.808 
642192 0.0615126 -0.0438037 -44728.3 108.948 
643008 0.0820353 -0.050623 -45114.2 109.087 
643824 0.0731442 -0.0160403 -44622.8 109.227 
644640 0.0679149 0.0265147 -44233.9 109.365 
645456 0.081535 0.0682522 -44707.5 109.504 
646272 0.0658817 0.0265424 -43395.6 109.643 
647088 0.0357068 0.00416261 -43425 109.782 
647904 0.0226502 0.00730191 -43698.1 109.92 
648720 0.010622 -0.00867077 -43102.1 110.058 
649536 0.0190029 -0.00599083 -42559.9 110.197 
650352 0.0397915 -0.030039 -42176.2 110.336 
651168 0.0350235 -0.0182882 -42240.1 110.476 
651984 0.056492 -0.0518327 -42339.6 110.616 
652800 0.0589793 -0.0470203 -43329.9 110.755 
653616 0.0495162 -0.0338119 -43169.4 110.893 
654432 0.0345283 -0.0216807 -43649.7 111.031 
655248 0.0711306 -0.0566474 -43851.2 111.17 
656064 0.0932924 -0.0619359 -42706.2 111.309 
656880 0.097223 -0.0824677 -43527.8 111.448 
657696 0.0960861 -0.089847 -43479.1 111.587 
658512 0.0575201 -0.0493192 -43178.9 111.724 
659328 0.0502666 -0.0343556 -43470.3 111.863 
660144 0.0161361 -0.0143856 -43180.6 112.002 
660960 0.0255719 -0.0146504 -43406.2 112.14 
661776 0.0322099 0.031301 -43774.1 112.279 
662592 0.0209104 -0.0166985 -44067.5 112.418 
663408 0.0310147 -0.0219726 -44301.9 112.558 
664224 0.0284008 -0.015058 -44265.6 112.697 
665040 0.0354926 -0.0153205 -44181.1 112.835 
665856 0.0707828 0.00371753 -44381.2 112.974 
666672 0.0365329 0.00481965 -44438.9 113.113 
667488 0.0308724 -0.00777611 -44099.4 113.251 
668304 0.0385884 -0.0146937 -44022.3 113.39 
669120 0.0404983 0.0264984 -43132.7 113.529 
669936 0.0523989 0.0141907 -42837.2 113.668 
670752 0.0293011 0.00267732 -43152 113.807 
671568 0.0314412 0.0151255 -42773.6 113.946 
672384 0.0155226 0.00230017 -42554.8 114.085 
673200 0.043153 -0.0264172 -42745.7 114.224 
674016 0.0516215 0.0115356 -43375.5 114.363 
674832 0.0392456 0.0285189 -43496.4 114.502 
675648 0.0400028 -0.00656909 -42970.7 114.641 
676464 0.0671142 -0.00605376 -42704.5 114.779 
677280 0.0611222 -0.00359349 -43275.9 114.917 
678096 0.0510021 -0.0218829 -43182.2 115.055 
678912 0.0717093 -0.0367183 -44439.3 115.193 
679728 0.0421488 -0.0168312 -44638.8 115.332 
680544 0.0657343 0.024024 -44299.3 115.47 
681360 0.0479376 0.0203949 -44254.1 115.608 
682176 0.0444493 -0.0233577 -43939.7 115.747 
682992 0.0430161 -0.0417045 -44003.8 115.885 
683808 0.0496644 -0.0436989 -44090.8 116.024 
684624 0.026038 0.0151017 -44332.9 116.163 
685440 0.0377756 -0.0185023 -44552.7 116.301 
686256 0.0168573 -0.00112963 -44427.1 116.44 
687072 0.0557713 -0.0169271 -44016.7 116.579 
687888 0.0345373 -0.00227244 -44126.8 116.717 
688704 0.0454242 -0.0440037 -44246.1 116.856 
689520 0.0564831 -0.0512149 -43341.6 116.994 
690336 0.0747307 -0.0352074 -43375.8 117.132 
691152 0.0729034 -0.0498109 -42721.8 117.271 
691968 0.0958262 -0.0844329 -43224 117.41 
692784 0.0761776 -0.0631185 -43001.3 117.548 
693600 0.0568149 -0.0388269 -42852.3 117.686 
694416 0.0458978 -0.0348077 -43381.2 117.825 
695232 0.0292554 -0.0186587 -42586.3 117.963 
696048 0.0231522 -0.00264749 -42637.1 118.102 
696864 0.0525948 -0.0434259 -43167.3 118.24 
697680 0.0273637 0.00050673 -43370.3 118.379 
698496 0.0594678 -0.0116139 -44070.5 118.517 
699312 0.068754 0.00249308 -44212 118.655 
700128 0.0633816 -0.0350347 -44208.4 118.793 
700944 0.0325657 -0.0183033 -44023.3 118.931 
701760 0.0416307 -0.0230689 -43919 119.068 
702576 0.0254534 0.0147038 -44004.5 119.207 
703392 0.0259047 -0.00574327 -43487 119.346 
704208 0.0380842 0.028938 -43331.4 119.486 
705024 0.0479732 0.045166 -44124.4 119.626 
705840 0.0603173 0.0594632 -43925.9 119.765 
706656 0.0295464 0.00635025 -43655.7 119.904 
707472 0.0334664 0.0113336 -44128.9 120.041 
708288 0.0184011 0.0078217 -43232.9 120.179 
709104 0.00414075 -0.00254764 -43261 120.318 
709920 0.0327471 0.0242978 -43922.6 120.456 
710736 0.0753432 0.0632159 -43258.7 120.594 
711552 0.0713724 0.0659847 -42399.5 120.731 
712368 0.0343504 0.0230044 -42802.5 120.869 
713184 0.0316222 -0.0235105 -43656 121.008 
714000 0.0302125 0.00392813 -43175.7 121.146 
714816 0.0536334 -0.0259841 -42298.5 121.285 
715632 0.0452677 -0.0281048 -43269.3 121.424 
716448 0.0336319 -0.0149055 -43827.7 121.563 
717264 0.0498377 0.0173558 -42914.2 121.701 
718080 0.0451689 0.00396009 -42179.4 121.84 
718896 0.0446324 0.0286502 -42537.5 121.979 
719712 0.00832041 0.00171974 -43126.9 122.118 
720528 0.00784577 0.00752834 -42508.2 122.257 
721344 0.016747 0.0112594 -42500.4 122.396 
722160 0.0442072 0.0335432 -42347 122.535 
722976 0.0215595 -0.00486433 -42202.3 122.675 
723792 0.0189678 0.0160793 -42571 122.814 
724608 0.0435477 0.03471 -42889.8 122.953 
725424 0.0467026 0.0320718 -43682.3 123.092 
726240 0.0484028 -0.0110741 -42963.3 123.23 
727056 0.0565471 -0.0094411 -43658.9 123.368 
727872 0.0358013 0.00767395 -44225.5 123.506 
728688 0.0266982 0.0171495 -43068.6 123.645 
729504 0.0354887 0.00825314 -43399 123.783 
730320 0.0445733 -0.00149748 -42829.8 123.921 
731136 0.0289926 0.013193 -42114 124.059 
731952 0.0271665 -0.0270437 -42300.4 124.199 
732768 0.00797786 -0.00674951 -42662.2 124.338 
733584 0.0711612 -0.0666801 -42787.3 124.477 
734400 0.0608232 -0.0606287 -42242.7 124.617 
735216 0.0281314 -0.0263144 -41851.1 124.757 
736032 0.00902657 0.00528569 -42128.7 124.897 
736848 0.0247037 -0.000888331 -42715.1 125.035 
737664 0.0503364 -0.0334013 -42466.4 125.173 
738480 0.0658459 -0.0360581 -41737.1 125.312 
739296 0.0464773 -0.0406752 -40899.7 125.451 
740112 0.0574944 -0.0550073 -41740.4 125.589 
740928 0.0341348 -0.00878115 -42270 125.727 
741744 0.0308864 -0.0207509 -42856.2 125.865 
742560 0.0378262 -0.0212552 -42660.7 126.004 
743376 0.0234938 0.00493816 -42649.5 126.142 
744192 0.0506225 -0.0353632 -43292 126.281 
745008 0.0484576 -0.022897 -44018.7 126.42 
745824 0.0200495 0.00956683 -44508.7 126.559 
746640 0.0298884 0.0208493 -43519.6 126.698 
747456 0.0406672 -0.0107689 -43429.2 126.837 
748272 0.0601126 -0.0117326 -43113.7 126.977 
749088 0.0465847 0.00048294 -42625.5 127.115 
749904 0.0220974 -0.000385587 -42550.1 127.255 
750720 0.022846 -0.000450805 -42868.8 127.393 
751536 0.0572294 0.03784 -43081.3 127.532 
752352 0.0697732 0.0548703 -43258.1 127.671 
753168 0.0583218 0.0140731 -43110.6 127.81 
753984 0.0401014 0.0160665 -43076.6 127.949 
754800 0.044505 -0.0076089 -42831.4 128.088 
755616 0.0496922 0.010917 -42691.7 128.226 
756432 0.0635379 0.0198051 -43143.3 128.365 
757248 0.0716411 0.00499395 -42769.6 128.505 
758064 0.0695917 0.0188673 -43526.8 128.644 
758880 0.0513497 0.0189703 -42447.6 128.782 
759696 0.0634645 0.0266216 -42466.6 128.921 
760512 0.0597056 0.0436572 -42902.3 129.06 
761328 0.0209548 0.0091379 -43051.5 129.198 
762144 0.0289449 -0.00692169 -43688.8 129.338 
762960 0.0631356 0.0459149 -43016.9 129.477 
763776 0.0636751 0.019405 -43056.6 129.615 
764592 0.0549287 0.014843 -43101 129.754 
765408 0.0224698 0.00967475 -42323.4 129.892 
766224 0.0319538 -0.0118242 -42543.1 130.03 
767040 0.0323898 0.00953983 -42424.6 130.168 
767856 0.0380955 0.0248009 -41592.5 130.307 
768672 0.0438056 0.0049661 -42299.3 130.444 
769488 0.02967 -0.0146062 -42597 130.582 
770304 0.0317686 -0.0296397 -42442.8 130.72 
771120 0.0240944 -0.0237697 -42396.2 130.858 
771936 0.0211194 -0.00217866 -42526.7 130.996 
772752 0.0224796 0.00754095 -42386.4 131.135 
773568 0.0470645 -0.0414768 -42600.3 131.273 
774384 0.01254 -0.0099679 -42981.6 131.411 
775200 0.0323628 0.0121337 -42479.8 131.55 
776016 0.0255052 0.00117137 -42622.8 131.69 
776832 0.0496453 -0.0264504 -41967.2 131.828 
777648 0.0530705 -0.0272506 -41626.7 131.966 
778464 0.04126 -0.0260411 -41409.6 132.106 
779280 0.0417883 -0.0207923 -41504.2 132.244 
780096 0.0487322 -0.0167403 -41114.5 132.382 
780912 0.0856903 -0.0358562 -41599.4 132.521 
781728 0.0743767 -0.0336992 -42081.3 132.66 
782544 0.0259461 -0.00833608 -42820.6 132.798 
783360 0.0660393 -0.0455711 -43498.3 132.938 
784176 0.0511561 -0.038508 -43465.2 133.077 
784992 0.02261 -0.0138391 -43593.8 133.216 
785808 0.0311015 -0.0200161 -43674.6 133.355 
786624 0.0439797 -0.0186062 -43183.9 133.494 
787440 0.0210494 0.00866252 -42479.2 133.633 
788256 0.0342458 0.00179759 -43186.2 133.772 
789072 0.0453106 -0.034422 -42835.8 133.911 
789888 0.0189511 -0.0157946 -42837.7 134.049 
790704 0.015273 -0.00729645 -42967.1 134.187 
791520 0.0118393 0.00114246 -43111.9 134.326 
792336 0.0260852 -0.0107456 -42124.1 134.464 
793152 0.0331764 -0.00377251 -42665.3 134.603 
793968 0.049977 -0.0235347 -42902.2 134.743 
794784 0.0764292 -0.0612282 -42825.6 134.882 
795600 0.0419126 -0.0270012 -43223.1 135.02 
796416 0.0395771 -0.0316363 -43051.7 135.158 
797232 0.0510224 -0.0498649 -42966.4 135.296 
798048 0.049801 -0.0472992 -43703.6 135.435 
798864 0.0356465 -0.0319315 -43387.5 135.574 
799680 0.0593205 -0.0401859 -43054.9 135.713 
800496 0.0379391 -0.0243828 -42965.6 135.851 
801312 0.0535278 -0.0493199 -43017.5 135.99 
802128 0.052415 -0.0501138 -42622.2 136.128 
802944 0.0582625 -0.0453064 -43263.1 136.267 
803760 0.0515106 -0.0361069 -43670 136.406 
804576 0.0507628 0.00161913 -43999.7 136.544 
805392 0.0207373 0.0159642 -43659.5 136.682 
806208 0.0147663 0.00479513 -43198.9 136.821 
807024 0.0464787 -0.0367845 -43728.3 136.96 
807840 0.0650667 -0.0130025 -43409.1 137.099 
808656 0.0470184 -0.00732117 -42747.9 137.238 
809472 0.036713 -0.0288579 -42531.6 137.377 
810288 0.0167148 -0.00690005 -43313.2 137.516 
811104 0.0213028 -0.00937206 -43807.1 137.655 
811920 0.0105258 0.00895564 -43892.6 137.793 
812736 0.0497984 -0.0376148 -43518.9 137.932 
813552 0.0381063 0.0141843 -43272 138.07 
814368 0.0410682 -0.000834217 -42858.2 138.209 
815184 0.0241951 -0.00417618 -42555.7 138.348 
