0 0.0209547 0.0110335 -32946.1 0 
816 0.0341028 -0.00186156 -35053.7 0.144133 
1632 0.0375154 -0.00424499 -36015.2 0.289584 
2448 0.0708495 0.0442303 -36796.1 0.434141 
3264 0.0747133 0.0211536 -38527.7 0.579206 
4080 0.0950197 0.0827329 -39194.3 0.725175 
4896 0.0484537 0.0287326 -39264 0.871122 
5712 0.0447626 0.0213683 -39368.9 1.01974 
6528 0.023882 0.0076602 -39716.4 1.16551 
7344 0.0427881 0.0356345 -40435.6 1.3127 
8160 0.0183135 0.0008394 -40957.7 1.45533 
8976 0.0229747 0.0131282 -41513.1 1.59853 
9792 0.0298389 -0.0223973 -42334.6 1.74321 
10608 0.0323344 -0.0191853 -43062.7 1.89121 
11424 0.0187247 -0.0123138 -43427.7 2.03791 
12240 0.0108104 -0.00326459 -43005.5 2.1826 
13056 0.0283298 -0.025871 -43350.9 2.32697 
13872 0.024133 -0.0118142 -43301.1 2.47504 
14688 0.0463646 -0.0458326 -41942.9 2.62432 
15504 0.0605863 -0.0602091 -42771.5 2.77145 
16320 0.0594553 -0.0566207 -42990.6 2.92054 
17136 0.0676805 -0.0609703 -42190.6 3.06732 
17952 0.0651802 -0.0576083 -42500.5 3.2161 
18768 0.0339679 0.000346806 -42345.1 3.36454 
19584 0.0582259 -0.0443452 -42677.4 3.51166 
20400 0.042789 -0.0284273 -42168.7 3.65858 
21216 0.0402264 -0.0298827 -43328.8 3.8059 
22032 0.0304573 -0.0189862 -42810.3 3.95475 
22848 0.0512898 0.00851424 -42043.6 4.10359 
23664 0.0280617 0.0193552 -41136.6 4.25104 
24480 0.0300601 0.0288784 -41199.9 4.39894 
25296 0.0198387 0.0176875 -41046.2 4.54691 
26112 0.0383524 -0.0216305 -41385.7 4.69462 
26928 0.0426633 -0.0417515 -42127.5 4.84285 
27744 0.0230925 -0.00608596 -42060.8 4.9897 
28560 0.0180383 0.00730319 -42021.7 5.13814 
29376 0.0537297 0.0430968 -42317.7 5.2865 
30192 0.018453 0.0100494 -42951.3 5.43594 
31008 0.0260615 0.00304361 -43428.1 5.58518 
31824 0.0214829 -0.0141088 -42440.9 5.73515 
32640 0.0411791 -0.0101317 -43022.7 5.88488 
33456 0.0198613 -0.00387952 -42439.1 6.03327 
34272 0.0357405 0.00587948 -42868.2 6.18215 
35088 0.032439 0.00861182 -42244.7 6.32973 
35904 0.0230167 -0.0176972 -42574.2 6.47816 
36720 0.0315168 -0.0300766 -42508.3 6.62626 
37536 0.00827253 0.00313514 -42094 6.77586 
38352 0.0418596 0.0327255 -41974.7 6.92429 
39168 0.0306348 0.0238424 -42969.6 7.07251 
39984 0.0424223 -0.0237587 -42608.8 7.22114 
40800 0.0269645 0.014701 -43413.4 7.36885 
41616 0.0124576 0.00896091 -42023.7 7.51786 
42432 0.0350483 0.0207385 -42332.7 7.66672 
43248 0.0285539 0.0202249 -42658.2 7.81598 
44064 0.0189297 -0.0100369 -42219.1 7.9646 
44880 0.00637955 -0.00477131 -42329.3 8.11481 
45696 0.0383582 -0.0280469 -43177.3 8.26488 
46512 0.0281328 -0.0221945 -43176 8.41461 
47328 0.0340827 -0.0160741 -42773.6 8.56334 
48144 0.0543413 -0.0153137 -43078.2 8.71305 
48960 0.0445015 -0.0315919 -42345.3 8.86093 
49776 0.0448108 -0.00939488 -42556.8 9.0088 
50592 0.0261092 0.0136009 -42173.2 9.15649 
51408 0.0451342 0.015162 -41295.5 9.30368 
52224 0.0329809 0.0111993 -41746.2 9.45213 
53040 0.02489 0.0220517 -42341 9.60067 
53856 0.0399987 0.0319754 -42255.1 9.74881 
54672 0.0254399 0.0156693 -42129.5 9.89767 
55488 0.0177821 0.00669951 -42940.9 10.0466 
56304 0.0297257 -0.014229 -42368.1 10.1953 
57120 0.0355272 -0.0278306 -43732.3 10.3435 
57936 0.0540899 -0.0481159 -43412.4 10.4931 
58752 0.0676518 -0.0602905 -43470.1 10.6432 
59568 0.0379069 -0.0345621 -44205.1 10.7921 
60384 0.0399602 -0.0358287 -44750.1 10.9419 
61200 0.0303114 0.00425729 -44590.1 11.091 
62016 0.0326956 0.0131271 -44546.1 11.2376 
62832 0.0331837 0.0130674 -44480.6 11.3854 
63648 0.0507161 0.0323122 -45101 11.5346 
64464 0.0358511 0.0194425 -44135.7 11.6836 
65280 0.0368871 -0.0233959 -45476.5 11.8328 
66096 0.0324965 -0.0309929 -44614.9 11.9811 
66912 0.0294662 0.00120886 -44413.1 12.1268 
67728 0.0827789 -0.0371083 -45257 12.2758 
68544 0.0571328 -0.00783893 -44833.4 12.4255 
69360 0.0759574 -0.0106713 -44048.4 12.5746 
70176 0.046102 -0.00524374 -42626.3 12.7233 
70992 0.0361988 0.0100498 -43097.1 12.8709 
71808 0.0211909 -0.00810091 -43344.3 13.0204 
72624 0.025601 -0.0167335 -43086.2 13.1694 
73440 0.0341305 -0.0181839 -43653.3 13.3149 
74256 0.0535407 -0.0236024 -44702.1 13.4635 
75072 0.0716692 0.044273 -43698.6 13.612 
75888 0.0676503 0.0525989 -43533.9 13.7611 
76704 0.0445136 0.0147413 -43533 13.909 
77520 0.0620572 0.0151313 -43762.4 14.0581 
78336 0.0384088 0.0116844 -42526.1 14.2065 
79152 0.0501468 0.0278067 -43209.4 14.3561 
79968 0.0506985 0.016885 -44227.2 14.5058 
80784 0.0124053 0.0114262 -43303.4 14.6535 
81600 0.0176169 0.0149998 -43436.7 14.803 
82416 0.0309197 0.0268437 -43228.4 14.9513 
83232 0.0504669 0.0424545 -43294.7 15.1007 
84048 0.0423287 0.0255609 -42618.7 15.2494 
84864 0.0274329 -7.78022e-06 -43606 15.3992 
85680 0.0534466 0.000784787 -44011.9 15.5487 
86496 0.0703439 0.012917 -43281.6 15.6963 
87312 0.0556337 -0.0283892 -43449.7 15.8457 
88128 0.0331697 -0.02353 -43220.9 15.9931 
88944 0.0471623 -0.0337487 -43002.7 16.1417 
89760 0.0386062 -0.00542805 -43308 16.2891 
90576 0.0626989 0.0219097 -43360.1 16.4386 
91392 0.0880964 0.0328172 -43662.6 16.5862 
92208 0.0904119 0.0534235 -43415.8 16.7359 
93024 0.0921759 0.0628787 -42711.9 16.8832 
93840 0.053563 0.0370642 -41888.2 17.0288 
94656 0.0727646 0.0364324 -42498.1 17.1781 
95472 0.0774549 0.00274113 -42744 17.3259 
96288 0.0557322 0.0130678 -41813.2 17.4763 
97104 0.0422897 -0.0250216 -41719.6 17.6268 
97920 0.0683336 0.0155274 -41708.3 17.7757 
98736 0.070255 0.0141838 -42089.4 17.9259 
99552 0.0571836 0.0306365 -41642.2 18.0754 
100368 0.0648223 0.0141692 -41618.1 18.223 
101184 0.0509164 -0.00356069 -41694.2 18.3719 
102000 0.0596352 -0.0162312 -41996.8 18.522 
102816 0.0314743 0.00535816 -42295.5 18.6674 
103632 0.0365149 -0.0168355 -42575.9 18.8157 
104448 0.0373475 0.0354825 -42806 18.9643 
105264 0.0608318 0.00118228 -43542 19.1145 
106080 0.0697808 -0.00986658 -43122 19.2638 
106896 0.0442017 0.0387764 -42696.8 19.414 
107712 0.026329 0.0223758 -43440.7 19.5633 
108528 0.0335961 0.0299603 -43742.8 19.7116 
109344 0.0466724 0.0399118 -44191.6 19.8581 
110160 0.036766 0.0323055 -43749.6 20.005 
110976 0.074563 0.0715093 -43169.8 20.1539 
111792 0.0370394 0.0335701 -43958.3 20.304 
112608 0.0209729 0.0160625 -43903.3 20.4524 
113424 0.0570152 0.0396709 -44625.1 20.6022 
114240 0.0613301 0.0592633 -44367.8 20.7498 
115056 0.0534197 0.0487966 -44788 20.8998 
115872 0.0549321 0.0528805 -44015.1 21.0502 
116688 0.0231837 0.0213793 -43976.3 21.1997 
117504 0.016823 0.00964062 -43628 21.3463 
118320 0.0202447 0.0107743 -43949.5 21.4964 
119136 0.0389293 0.0339833 -43981 21.6413 
119952 0.0556621 0.0499331 -43393.2 21.7886 
120768 0.0420991 0.0405843 -43853.7 21.9363 
121584 0.0334709 0.0290559 -43120.4 22.0855 
122400 0.0118293 0.00628371 -42561.8 22.2341 
123216 0.0388695 0.0082704 -41760.4 22.3826 
124032 0.0394829 0.000835514 -41948.9 22.5305 
124848 0.0367886 -0.0272617 -42227.1 22.6805 
125664 0.0493808 -0.0484853 -41978 22.8276 
126480 0.0163491 -0.0103132 -42703.1 22.9752 
127296 0.0431756 -0.0341925 -42943.5 23.1256 
128112 0.0514856 -0.0415357 -42234.4 23.275 
128928 0.0494742 -0.04253 -42935.5 23.4247 
129744 0.0214275 -0.0165837 -43473.7 23.5699 
130560 0.0408162 -0.0188163 -43942.2 23.7169 
131376 0.0419805 -0.00956525 -43999.5 23.867 
132192 0.0511294 -0.0209032 -44430.3 24.015 
133008 0.0534798 -0.00715392 -43637.6 24.1608 
133824 0.0566416 0.0158369 -43325.8 24.3109 
134640 0.0485893 0.00169627 -43539.4 24.4607 
135456 0.0165394 0.0100168 -44877.2 24.6099 
136272 0.0144956 0.000316852 -44737.1 24.7595 
137088 0.0325876 0.0314527 -44082 24.909 
137904 0.0304777 0.0131675 -44096.9 25.0583 
138720 0.016497 -0.0153705 -44349.3 25.2067 
139536 0.0149083 -0.0141321 -43269.6 25.3527 
140352 0.0241889 -0.0187345 -42619.8 25.5014 
141168 0.0126921 -0.0124677 -42109 25.6511 
141984 0.020692 0.016914 -41790.7 25.7989 
142800 0.0399968 -0.0296579 -41008.5 25.9438 
143616 0.0349394 -0.0317395 -41252.9 26.092 
144432 0.0350448 -0.0141133 -41121.9 26.2415 
145248 0.0550388 0.0154615 -40691.7 26.3914 
146064 0.0843289 0.0203791 -41148.2 26.538 
146880 0.0572914 0.0089274 -42659.6 26.685 
147696 0.0373338 -0.017053 -41937.7 26.8353 
148512 0.0478256 -0.0331739 -41722.7 26.9844 
149328 0.0634942 -0.0307598 -42404.9 27.1336 
150144 0.0438322 -0.0201299 -43130.9 27.2836 
150960 0.0353393 -0.00563063 -43262.1 27.4345 
151776 0.0557117 -0.011332 -42875.4 27.583 
152592 0.068103 0.00812323 -42304.6 27.7332 
153408 0.0770284 -0.0404819 -42618.3 27.8825 
154224 0.0475234 -0.0171487 -42243.4 28.0309 
155040 0.0289918 -0.0213855 -42854.9 28.1795 
155856 0.0390634 0.0148163 -42095.4 28.3284 
156672 0.040952 0.00278496 -41966.2 28.4763 
157488 0.033472 -0.0178056 -42675.6 28.6256 
158304 0.0387203 -0.00369135 -42322.3 28.7763 
159120 0.066467 -0.0439888 -42502.1 28.9265 
159936 0.0629397 -0.0417938 -42451.8 29.0746 
160752 0.0784244 -0.0748636 -42518 29.2226 
161568 0.0798587 -0.0661251 -43039.2 29.371 
162384 0.0832885 -0.0692594 -42666.5 29.5209 
163200 0.0533019 -0.0467975 -43121.2 29.6687 
164016 0.0349911 -0.0341919 -42719.4 29.8174 
164832 0.0487583 -0.0482527 -42277.8 29.966 
165648 0.0328912 -0.00715739 -43238.1 30.1145 
166464 0.03398 0.0315951 -42920.6 30.2623 
167280 0.0249518 0.0126182 -42916.3 30.4097 
168096 0.0303278 0.025081 -43075.5 30.5582 
168912 0.0336063 0.0211213 -42963.7 30.7028 
169728 0.0395546 0.0043745 -43150.9 30.8513 
170544 0.050623 -0.0101848 -42966.7 31.0016 
171360 0.05051 -0.0106698 -43287.2 31.1508 
172176 0.0690841 -0.0355139 -42669.8 31.2987 
172992 0.0489943 -0.0213416 -42330 31.4475 
173808 0.0506364 -0.0241308 -42520 31.5974 
174624 0.0339319 -0.023449 -41719.5 31.7459 
175440 0.0622985 -0.0268419 -41865.4 31.8937 
176256 0.0721322 -0.0277859 -41912.6 32.0415 
177072 0.0431973 0.00649284 -42032.6 32.1851 
177888 0.0425999 0.0224911 -41728.8 32.333 
178704 0.0551494 0.0134763 -41665.3 32.4796 
179520 0.0681798 0.0158866 -41782.6 32.6288 
180336 0.0782338 0.00550653 -41486 32.7775 
181152 0.0547165 -0.0170296 -42340.8 32.9276 
181968 0.0426676 -0.0344159 -42122 33.0767 
182784 0.0582295 0.00742745 -42646.2 33.2255 
183600 0.0670056 0.0262122 -43009.5 33.3755 
184416 0.0420188 -0.0114943 -43902.1 33.5241 
185232 0.0409931 -0.0135154 -42908.8 33.6727 
186048 0.0332851 0.00592829 -42653.1 33.8177 
186864 0.0471572 -0.0164498 -42142.5 33.9667 
187680 0.0349153 -0.00939833 -42156.8 34.1152 
188496 0.0610494 -0.0556911 -42209.4 34.2647 
189312 0.0541757 0.00921581 -43210.6 34.4147 
190128 0.0620379 0.0290266 -43949.1 34.5624 
190944 0.0612902 0.0386969 -44351.4 34.7112 
191760 0.0567543 0.0235736 -44005 34.8604 
192576 0.0213249 -0.00576863 -43557.2 35.0098 
193392 0.0464459 0.0292458 -43855.2 35.1579 
194208 0.0483561 0.0245586 -44009.3 35.3029 
195024 0.0333105 -0.00890959 -43194.7 35.4497 
195840 0.0483951 0.0308957 -43029 35.5953 
196656 0.0653943 0.0456537 -43743.3 35.7436 
197472 0.0906394 0.0508613 -43978 35.8928 
198288 0.0653937 0.0218992 -44374.5 36.0415 
199104 0.0877104 0.0322559 -44654.9 36.1865 
199920 0.0593765 -0.0175553 -45172.6 36.335 
200736 0.0384238 -0.0110293 -45070.8 36.4841 
201552 0.0295217 -0.019764 -44174.5 36.6337 
202368 0.0404005 -0.00165584 -44166.3 36.7833 
203184 0.0439164 0.0262918 -44317 36.9335 
204000 0.0396658 -0.015622 -43655.6 37.0817 
204816 0.0184274 0.000573201 -43382.5 37.2293 
205632 0.0269208 0.0160102 -42316.4 37.3792 
206448 0.055032 0.0497259 -42148 37.5269 
207264 0.0401415 0.030203 -42102.8 37.6731 
208080 0.0404105 0.0287994 -42897 37.8209 
208896 0.0475021 -0.00342795 -43407.9 37.9677 
209712 0.0564595 0.0221072 -43468.5 38.1151 
210528 0.0308588 0.00473903 -43439.4 38.2586 
211344 0.0577329 -0.000933628 -42330 38.4042 
212160 0.0683916 0.0120441 -41674.1 38.5507 
212976 0.0595905 0.000207517 -42541.6 38.6943 
213792 0.0900739 0.0175601 -43347.9 38.8399 
214608 0.0919147 0.0114553 -42928 38.9876 
215424 0.0543262 -0.0134946 -42555.4 39.1354 
216240 0.0406976 -0.0228615 -42271.8 39.2797 
217056 0.0295089 -0.00913164 -42570.8 39.4237 
217872 0.0266526 0.0245356 -42421.5 39.5724 
218688 0.021348 -0.0116052 -42279.9 39.7201 
219504 0.0549819 0.00352403 -42497.1 39.8685 
220320 0.0692491 0.0144805 -43817.6 40.0143 
221136 0.0316212 -0.00440763 -42996.8 40.1584 
221952 0.0571366 -0.0491736 -42916.6 40.3055 
222768 0.0274072 -0.00632363 -41426.2 40.4553 
223584 0.0589632 0.00696358 -42089.6 40.602 
224400 0.0181624 -0.0144053 -41904.4 40.7493 
225216 0.026394 -0.0241974 -41948.2 40.8976 
226032 0.0440514 -0.04179 -41998.7 41.0443 
226848 0.071556 -0.0675595 -43486.9 41.1918 
227664 0.0483442 -0.0318514 -42772.1 41.3387 
228480 0.0434608 0.0140151 -43029.8 41.4827 
229296 0.0256384 -0.0217558 -42640.7 41.6309 
230112 0.0381908 0.0135164 -42619.4 41.7804 
230928 0.0483528 0.00386504 -42401 41.9273 
231744 0.0603886 -0.000706707 -42385.6 42.0738 
232560 0.0628487 0.0533472 -42385.1 42.2184 
233376 0.0344707 0.0277846 -42517.8 42.3655 
234192 0.0603508 0.0472744 -42986.4 42.5126 
235008 0.0562469 0.0404404 -42720.4 42.6573 
235824 0.0329987 0.00501825 -43405.9 42.8049 
236640 0.0662686 0.0434662 -43103.4 42.9484 
237456 0.0416713 0.0393005 -43501.2 43.0951 
238272 0.0461093 0.0392181 -43459.2 43.2409 
239088 0.0307004 -0.00178695 -43890.8 43.3876 
239904 0.0397548 0.0336195 -44280.9 43.5324 
240720 0.0428893 0.0260009 -43967.4 43.6777 
241536 0.0418582 0.0232349 -43567.6 43.8252 
242352 0.0148506 0.00355698 -42738.8 43.9703 
243168 0.0178998 0.00788764 -42578.1 44.1157 
243984 0.0346173 0.0111591 -42942 44.2616 
244800 0.0525918 -0.00624269 -42961.1 44.4081 
245616 0.0482974 -0.00667513 -42522.2 44.5555 
246432 0.0821344 -0.0375026 -42619.9 44.6995 
247248 0.0619135 -0.0146139 -43102.2 44.8442 
248064 0.0525893 -0.0215014 -43377.8 44.9911 
248880 0.0360942 -0.0126552 -42914.5 45.1381 
249696 0.063831 0.0137704 -43871.1 45.2865 
250512 0.0521178 0.0113934 -43514.9 45.4352 
251328 0.0433752 0.0226097 -43823.9 45.5814 
252144 0.0373475 0.00437764 -43584.7 45.7282 
252960 0.02458 -0.0049381 -43990.8 45.8761 
253776 0.035746 0.00364063 -43425.3 46.0234 
254592 0.0406251 0.00619888 -43698.1 46.1687 
255408 0.0488548 0.0224362 -43156.3 46.3153 
256224 0.0604628 0.0511092 -43169.6 46.4614 
257040 0.0413781 -0.0112942 -44398.9 46.6071 
257856 0.0337833 -0.0180066 -44739.8 46.7529 
258672 0.0669167 0.00212589 -44963.4 46.9011 
259488 0.050985 -0.00290891 -44643.7 47.0468 
260304 0.0612319 -0.0102153 -44164.1 47.1952 
261120 0.0630685 0.0167392 -44536.2 47.3422 
261936 0.062723 0.0121973 -43466.2 47.489 
262752 0.0570172 0.046511 -43469 47.6362 
263568 0.0403572 0.0301273 -43018.3 47.7839 
264384 0.0253073 0.0238506 -42488.3 47.9308 
265200 0.0410942 -0.0298167 -43334.2 48.0754 
266016 0.0337972 -0.00520427 -42669.3 48.2214 
266832 0.0424238 0.0017239 -43528.7 48.3656 
267648 0.0382067 0.00978762 -43593.1 48.5116 
268464 0.0747999 -0.0043983 -43368.3 48.6586 
269280 0.0850702 0.00029669 -43346.1 48.8054 
270096 0.0494909 -0.0301488 -42735.7 48.9531 
270912 0.0350164 -0.0290934 -43480.5 49.0992 
271728 0.0367626 0.00427963 -42895.2 49.2459 
272544 0.0699574 0.013428 -43096.4 49.3937 
273360 0.0809058 -0.0106622 -42385.6 49.5426 
274176 0.0615499 0.0011479 -42310.6 49.6881 
274992 0.0441179 -0.0258567 -42472.8 49.8362 
275808 0.0321467 -0.0144324 -42457.3 49.9793 
276624 0.0447557 -0.00268531 -42187.8 50.1236 
277440 0.0368504 0.019699 -42746 50.2675 
278256 0.0298656 0.00249749 -43510.3 50.4141 
279072 0.0168316 0.0118442 -43635.5 50.5603 
279888 0.0168602 0.0154317 -42592.6 50.705 
280704 0.0246023 0.0235001 -42600.8 50.8502 
281520 0.0223761 -0.0122834 -43512.6 50.9962 
282336 0.0389306 -0.0370151 -43855.2 51.1432 
283152 0.0759888 -0.069273 -43691.7 51.2922 
283968 0.079101 -0.0722965 -43155.7 51.4364 
284784 0.0611312 -0.0594256 -43452.8 51.5785 
285600 0.064277 -0.0632364 -43859.3 51.7264 
286416 0.0552832 -0.0532084 -43500.3 51.8743 
287232 0.0323591 -0.0311298 -42289.6 52.0206 
288048 0.0512493 -0.00532185 -42656.8 52.1679 
288864 0.0508019 0.0132381 -42960.6 52.3168 
289680 0.0286243 -0.0178077 -42457 52.4649 
290496 0.0221798 -0.00908638 -42845.5 52.6106 
291312 0.0238822 -0.0150009 -42436.6 52.7576 
292128 0.0465587 0.0325413 -42898.4 52.9048 
292944 0.0269659 0.0250238 -42389.1 53.0489 
293760 0.0220445 0.0141709 -42618.5 53.1956 
294576 0.0417317 0.0160084 -42540.7 53.3423 
295392 0.0653679 0.0164902 -43021.5 53.4902 
296208 0.0838059 0.0349489 -43000.2 53.6387 
297024 0.0789526 -0.0205256 -43022.8 53.7846 
297840 0.0662648 -0.0307445 -43858.8 53.9303 
298656 0.0457486 -0.00317327 -43959.8 54.0781 
299472 0.0298928 -0.000188607 -43599.6 54.2252 
300288 0.0207927 0.00211514 -43849 54.3704 
301104 0.0277636 0.0189627 -43543.1 54.5182 
301920 0.0357771 -0.00180391 -43957.7 54.6677 
302736 0.025244 0.00279092 -43369.1 54.8167 
303552 0.0167232 -0.0121911 -42696 54.9636 
304368 0.0326237 0.0255127 -43241.8 55.1106 
305184 0.0289824 -0.000693856 -42993.8 55.2591 
306000 0.0510116 -0.0342541 -42913.4 55.4055 
306816 0.0599738 -0.0538003 -42746.4 55.5522 
307632 0.0343995 -0.0164324 -43309.9 55.6972 
308448 0.0531792 -0.00771819 -43299.9 55.8438 
309264 0.0434339 0.000504528 -43520.1 55.99 
310080 0.0528371 -0.000772203 -43235.5 56.1377 
310896 0.0504039 -0.00309069 -42830.3 56.2841 
311712 0.036172 0.0145834 -42905.5 56.4328 
312528 0.0574689 -0.0135151 -43230.1 56.5793 
313344 0.0762708 -0.0238757 -44276.1 56.7254 
314160 0.0886012 -0.0244479 -43667.4 56.8702 
314976 0.0592156 0.00742236 -43377.3 57.0164 
315792 0.0776616 0.0280457 -43272.6 57.1639 
316608 0.07616 0.0360823 -44024.1 57.312 
317424 0.0869874 -0.0176719 -43845.4 57.4578 
318240 0.0580023 -0.0072736 -43392.8 57.6038 
319056 0.0599111 -0.0143192 -43161.8 57.7518 
319872 0.024579 -0.022618 -43283.6 57.899 
320688 0.0125524 -0.00869999 -43281.7 58.0452 
321504 0.0185515 -0.00947148 -42714.1 58.191 
322320 0.0350596 -0.0243921 -43142.5 58.3361 
323136 0.0362622 -0.030761 -42529 58.4827 
323952 0.0195587 -0.0157333 -42366.4 58.6295 
324768 0.0471527 -0.0425671 -42768.7 58.7766 
325584 0.0380093 -0.00189525 -42657.5 58.9218 
326400 0.0419898 0.000216579 -42981.3 59.0694 
327216 0.0339134 -0.0197021 -43438 59.2158 
328032 0.0330519 -0.0166581 -42952 59.3579 
328848 0.0261262 0.0117501 -42644 59.5048 
329664 0.0346133 -0.00943663 -42426.2 59.6507 
330480 0.0524335 0.0253162 -41816.3 59.7981 
331296 0.0544098 0.0105372 -41757.3 59.9438 
332112 0.0367242 0.0100681 -43263 60.0928 
332928 0.0515748 -0.0204229 -42710 60.2401 
333744 0.0375964 0.0176358 -42847.5 60.389 
334560 0.0481488 -0.01823 -42727.5 60.5382 
335376 0.0348159 -0.00967957 -43284.7 60.6855 
336192 0.0481432 -0.0249745 -43003 60.8333 
337008 0.0246296 -0.0209213 -42901.4 60.9826 
337824 0.0346698 -0.0340026 -43025.6 61.1323 
338640 0.0478297 0.00554514 -42347.5 61.2806 
339456 0.0581526 0.0189738 -43178.4 61.4292 
340272 0.0467783 0.016135 -43307.6 61.5754 
341088 0.0290441 -0.00802815 -43699.2 61.7226 
341904 0.0361453 0.0167158 -43656.4 61.8686 
342720 0.033674 0.0272088 -43231.4 62.0158 
343536 0.0443628 0.0359027 -41937.7 62.1631 
344352 0.0417677 0.0347006 -41502.9 62.3125 
345168 0.042292 0.0216483 -41867.4 62.4599 
345984 0.0487535 0.0350906 -42467.2 62.6051 
346800 0.0536157 0.0266339 -42547.3 62.7542 
347616 0.0671361 0.0395098 -42416.8 62.9038 
348432 0.0571149 0.0129123 -43285.2 63.0514 
349248 0.0564195 0.00983559 -42412.5 63.1989 
350064 0.0747695 0.0301187 -42327.3 63.346 
350880 0.0705865 0.0277183 -42481 63.4948 
351696 0.0253773 -0.020753 -42764.9 63.6426 
352512 0.0316952 -0.0113693 -42941.1 63.7906 
353328 0.0444329 -0.0164848 -43899.5 63.9379 
354144 0.0361106 -0.0197293 -43585.7 64.0866 
354960 0.0448958 -0.00329983 -43532.9 64.2353 
355776 0.0637491 -0.0388912 -43474.8 64.3824 
356592 0.0780518 -0.0175208 -42820.6 64.531 
357408 0.0536811 0.000506717 -43602.8 64.68 
358224 0.0462617 -0.00492376 -42355.3 64.8274 
359040 0.0497663 0.0266753 -43406.6 64.975 
359856 0.0523057 -0.0160501 -43958.4 65.1241 
360672 0.0890557 0.0274093 -44698.1 65.273 
361488 0.071701 0.0103861 -44162.2 65.4205 
362304 0.0800293 -0.0157321 -44434.8 65.5696 
363120 0.0630036 0.00113162 -43512 65.7181 
363936 0.0486737 0.0121399 -42996.2 65.8664 
364752 0.0345382 0.0174291 -42929.4 66.0149 
365568 0.0359351 0.0138078 -41782.5 66.1632 
366384 0.056703 0.0308804 -42038 66.3097 
367200 0.00856053 -0.0033107 -41670.6 66.4582 
368016 0.0434495 0.0328794 -42090.7 66.6053 
368832 0.0715586 0.0215319 -42948.8 66.7519 
369648 0.0439384 0.0157925 -42256.5 66.9004 
370464 0.0358124 -0.0113243 -42663.7 67.0492 
371280 0.0444093 -0.0130974 -42044.3 67.1973 
372096 0.0433372 -0.0148898 -42114 67.3431 
372912 0.0454512 -0.0134976 -42143.4 67.4909 
373728 0.0387759 -0.0028813 -42305 67.6388 
374544 0.0645731 0.0127931 -42640.3 67.7884 
375360 0.0258199 -0.0179913 -42364.6 67.9347 
376176 0.0535624 -0.0388868 -42968.9 68.0826 
376992 0.027088 -0.0263758 -42580.5 68.2311 
377808 0.0491435 -0.0331869 -42227 68.3802 
378624 0.0659625 -0.0638419 -42450.4 68.5272 
379440 0.0684935 -0.0552698 -43216.7 68.6735 
380256 0.0639415 -0.0513704 -42095.2 68.8161 
381072 0.0352684 0.0162312 -42839.3 68.9628 
381888 0.0394167 -0.00107766 -43953.3 69.1094 
382704 0.0369621 -0.00349776 -43606.7 69.2557 
383520 0.0289273 -0.0039382 -42923.2 69.4049 
384336 0.0474676 -0.0344839 -42718.4 69.5544 
385152 0.031358 -0.00913053 -42958.8 69.7009 
385968 0.0307142 -0.00860724 -42505.9 69.8494 
386784 0.0422883 -0.0231579 -42114 69.9988 
387600 0.0261428 -0.0143364 -42128.7 70.1466 
388416 0.0595577 -0.0578145 -42583.2 70.293 
389232 0.0514663 -0.0503213 -42472.6 70.4414 
390048 0.0462813 -0.0449869 -42201.8 70.5876 
390864 0.0218075 0.0113012 -42677.5 70.737 
391680 0.0354323 0.0252888 -43048.6 70.8841 
392496 0.0289053 0.0114828 -43577.1 71.032 
393312 0.0354782 0.0162646 -44058.5 71.1805 
394128 0.04145 -0.0125839 -43022.2 71.3288 
394944 0.067358 -0.0530399 -42981.8 71.4765 
395760 0.0192061 -0.0110894 -44183.6 71.6264 
396576 0.0295496 -0.0087946 -42796.1 71.7742 
397392 0.0397897 -0.0329745 -42860.5 71.9229 
398208 0.0334017 -0.0260274 -42934.8 72.0703 
399024 0.0242632 0.0181174 -42114 72.2196 
399840 0.0215668 -0.00961794 -42696.8 72.3678 
400656 0.0272276 0.0146841 -42881.2 72.515 
401472 0.0683247 -0.00676154 -42452.4 72.6635 
402288 0.0405405 -0.00627463 -42229.6 72.8117 
403104 0.0300184 -0.00811689 -41964.6 72.9601 
403920 0.0527845 -0.0213182 -41737.4 73.1085 
404736 0.0387127 0.0112735 -42455.6 73.256 
405552 0.0423203 -0.00640667 -41560.3 73.4031 
406368 0.0417006 0.0266996 -40958.2 73.5507 
407184 0.020847 0.0154479 -41333.7 73.6979 
408000 0.0516206 -0.0144176 -41696.6 73.8444 
408816 0.0589509 0.00175718 -41499.3 73.9927 
409632 0.0705543 0.0130328 -41680.3 74.1403 
410448 0.0425243 0.0143266 -42547.1 74.2896 
411264 0.0458106 0.0333052 -42261.2 74.4379 
412080 0.0555327 0.0171569 -41766.9 74.5861 
412896 0.0333725 -0.0055275 -42641.5 74.7352 
413712 0.0366884 0.0358996 -42491.7 74.8831 
414528 0.0219403 0.0163985 -42852.1 75.0311 
415344 0.0156088 0.0112272 -42862.5 75.1798 
416160 0.0336388 0.0180548 -43011 75.3282 
416976 0.0146833 -0.00814935 -43233.2 75.476 
417792 0.0487342 -0.0204621 -43693.3 75.6232 
418608 0.0631372 -0.00926173 -43835.9 75.7729 
419424 0.019363 -0.00683597 -43300.8 75.9228 
420240 0.0359127 0.0243578 -43254.9 76.0716 
421056 0.0652348 0.046303 -42711.5 76.2197 
421872 0.0709705 -0.00233767 -43527.7 76.3674 
422688 0.0767179 -0.016747 -43743.6 76.5172 
423504 0.0965467 -0.0224599 -43867 76.6659 
424320 0.0737858 0.00763083 -44081.6 76.8152 
425136 0.0785283 -0.00101681 -43930.6 76.9651 
425952 0.0617734 0.0233717 -42610.1 77.1143 
426768 0.0858816 0.0414756 -42829.1 77.2641 
427584 0.0631007 0.0295746 -42292.5 77.4116 
428400 0.0321857 0.026846 -42506.5 77.5613 
429216 0.0374711 0.0204885 -43074.6 77.711 
430032 0.0448913 0.0275234 -43025.2 77.8611 
430848 0.0286302 0.0175331 -42881 78.0098 
431664 0.0257459 -0.0220186 -43574.1 78.1575 
432480 0.051304 0.0069081 -44547.7 78.3068 
433296 0.0763232 -0.00526743 -44118.8 78.4571 
434112 0.0560721 0.00439726 -43935.7 78.6059 
434928 0.064589 0.0274738 -43907.5 78.7559 
435744 0.043048 0.00308893 -44111.9 78.906 
436560 0.0345496 -0.0155548 -43408.4 79.0559 
437376 0.0490845 -0.0339951 -43164 79.2039 
438192 0.031123 -0.0283306 -43741.9 79.3528 
439008 0.0422044 -0.0288837 -43024.2 79.5018 
439824 0.0281631 -0.00540098 -42589.3 79.6514 
440640 0.0324102 -0.0310113 -42369.8 79.7999 
441456 0.0266081 -0.0257671 -43366.7 79.9499 
442272 0.0511557 -0.0427716 -43897.2 80.0971 
443088 0.0562088 -0.0404887 -43524 80.2468 
443904 0.0203665 -0.0128224 -42908.1 80.396 
444720 0.0140064 -0.00339849 -42717.6 80.5442 
445536 0.0275453 0.0175035 -42487.9 80.6933 
446352 0.0258687 0.00954938 -43107.6 80.8431 
447168 0.0181862 0.00460566 -42052 80.9931 
447984 0.0108767 -0.00971055 -42285.5 81.1426 
448800 0.0196233 -0.0084359 -42360 81.2924 
449616 0.0188121 0.00689574 -42064.9 81.4418 
450432 0.0428796 0.0373644 -43500.7 81.5914 
451248 0.0613353 0.0280835 -43735 81.7395 
452064 0.0338739 0.0337234 -43119.6 81.8889 
452880 0.0323282 0.0268499 -44349.6 82.0388 
453696 0.0187638 0.00414464 -44370.6 82.1883 
454512 0.0427072 0.0402086 -42929.2 82.3376 
455328 0.0152281 0.00909698 -42906.1 82.4864 
456144 0.0221608 -0.02077 -43224.2 82.6365 
456960 0.0207962 0.00182332 -42925.2 82.7867 
457776 0.0444362 0.0149317 -42913.5 82.9352 
458592 0.064261 0.0160488 -43948.4 83.0853 
459408 0.0534754 0.025059 -44381.7 83.2348 
460224 0.0420695 -0.0149741 -44713.1 83.3845 
461040 0.0192559 0.00156038 -44656.9 83.5339 
461856 0.0659858 0.0380265 -44359.5 83.6824 
462672 0.0722144 0.0117715 -44214.8 83.8316 
463488 0.0674647 0.02804 -43588.8 83.9818 
464304 0.107392 0.0143776 -43751.1 84.1312 
465120 0.0811084 -0.0378421 -43590.5 84.2792 
465936 0.0406337 0.00812334 -43494.8 84.4291 
466752 0.0519281 -0.0256136 -42700.2 84.5778 
467568 0.0670436 -0.042656 -43242.7 84.7268 
468384 0.0482357 -0.0454796 -42885.2 84.8759 
469200 0.0556015 -0.0481563 -43536.6 85.0249 
470016 0.0731425 -0.0193973 -44122.6 85.1748 
470832 0.0926377 -0.047155 -44131.2 85.3248 
471648 0.0828783 -0.00593491 -44845.2 85.4727 
472464 0.0965009 0.0583373 -45126.6 85.6228 
473280 0.0961225 0.0510297 -44354.7 85.7727 
474096 0.0847862 0.0229524 -44819.3 85.923 
474912 0.0686864 -0.00126628 -44031.6 86.0713 
475728 0.0630474 0.00740365 -43380.4 86.2208 
476544 0.0507233 -0.0155358 -43705.6 86.3702 
477360 0.0242735 0.0143165 -43329.7 86.5193 
478176 0.0290171 0.00740572 -42570.9 86.6694 
478992 0.03107 -0.000772724 -42183.1 86.8192 
479808 0.0263843 0.0120943 -42186.6 86.9687 
480624 0.0407621 0.00872328 -41990.6 87.1186 
481440 0.0539043 -0.00783097 -41455.7 87.267 
482256 0.0459891 0.0161096 -41626.9 87.4164 
483072 0.0335791 0.00314335 -42345.7 87.5654 
483888 0.0304914 0.0259948 -42608.6 87.715 
484704 0.0416826 -0.0376694 -42761 87.8643 
485520 0.0307689 0.0112627 -43546.1 88.0134 
486336 0.0424082 0.0287949 -43301.1 88.1617 
487152 0.0283204 0.0181186 -43251.9 88.3113 
487968 0.0317154 -0.020083 -43720.1 88.4596 
488784 0.0130145 -0.0125612 -44150.4 88.6085 
489600 0.0222495 -0.00142793 -43550.7 88.7568 
490416 0.0247932 0.00475817 -43346.8 88.9072 
491232 0.0399742 -0.017818 -42803.5 89.0572 
492048 0.0286922 -0.0113663 -43192.9 89.2063 
492864 0.0477725 0.0399446 -42968.4 89.3555 
493680 0.0198933 0.0165757 -43008 89.5043 
494496 0.0413548 0.0348466 -42822.3 89.6539 
495312 0.0292736 -0.00768181 -42970.4 89.8042 
496128 0.0342301 0.0144995 -41899.1 89.9542 
496944 0.0168006 -0.00824906 -42252.7 90.1034 
497760 0.0405036 0.0294374 -42590.7 90.2518 
498576 0.0476784 0.0392596 -42330.9 90.4007 
499392 0.0770583 0.0713385 -43443.6 90.5502 
500208 0.0669968 0.0616145 -43358 90.6996 
501024 0.063145 0.0569164 -42398 90.8495 
501840 0.0482991 0.0306673 -42972.8 90.9994 
502656 0.0545023 -0.0391186 -42629.1 91.1484 
503472 0.0424534 0.0337356 -42149.1 91.2975 
504288 0.0449371 0.0091758 -41286 91.4448 
505104 0.041247 0.0259689 -40983 91.5949 
505920 0.027242 0.0224226 -41150.7 91.7444 
506736 0.043984 -0.0332561 -40930.3 91.8936 
507552 0.0676628 0.0508692 -41211.3 92.0435 
508368 0.0609127 0.0471732 -42014.8 92.1926 
509184 0.0440099 0.0335312 -41497.7 92.3425 
510000 0.0349463 0.0240081 -41213.9 92.4927 
510816 0.0492108 0.0164541 -42030.6 92.642 
511632 0.0401409 0.00949939 -42352.5 92.7924 
512448 0.0360219 0.0309299 -42356.6 92.942 
513264 0.0324443 -0.0220811 -43347.2 93.0916 
514080 0.0334928 0.0241219 -41938.5 93.241 
514896 0.0738502 0.0488794 -41576.1 93.391 
515712 0.0452583 0.000339934 -41741.6 93.5403 
516528 0.0508632 0.0274163 -41259.1 93.6896 
517344 0.02804 0.00341557 -42109.2 93.8385 
518160 0.0387516 -0.0217826 -43190.7 93.9882 
518976 0.0306707 -0.0133222 -43510 94.1373 
519792 0.0125145 -0.00647315 -43556.6 94.2874 
520608 0.0317563 0.0278267 -43159.4 94.4364 
521424 0.0322687 -0.00547177 -43819.3 94.5859 
522240 0.0735501 -0.0357311 -44346.4 94.7341 
523056 0.0376682 0.000120521 -44811.2 94.8842 
523872 0.0487549 0.0120164 -44326.1 95.0344 
524688 0.0409721 0.0119796 -42433.8 95.1844 
525504 0.0415378 -0.0302851 -42555.9 95.3296 
526320 0.0465674 -0.0336571 -41704.8 95.4779 
527136 0.0296849 -0.00473583 -41766.1 95.6272 
527952 0.0258015 -0.00419312 -41370.5 95.7773 
528768 0.030981 0.0109183 -40931.3 95.9276 
529584 0.0367832 -0.024012 -41870.1 96.0773 
530400 0.0267549 0.00428765 -42518 96.2251 
531216 0.0217896 -0.0164166 -41932.5 96.3753 
532032 0.0274413 -0.00869847 -42077.4 96.5256 
532848 0.0397361 0.0222553 -43321.2 96.6735 
533664 0.0332727 0.00409167 -42823.8 96.8229 
534480 0.0133747 0.00899985 -43205.9 96.9729 
535296 0.0621453 -0.0230888 -43234.4 97.1226 
536112 0.0267704 0.00614859 -42230.3 97.269 
536928 0.0423957 0.0146708 -41981 97.4185 
537744 0.0227128 0.014425 -42372 97.5676 
538560 0.0425086 -0.00263604 -42120.2 97.7173 
539376 0.0414204 0.000782898 -42971.2 97.8674 
540192 0.0454906 0.00622764 -42911.6 98.0176 
541008 0.0550368 -0.0170408 -43607.9 98.1674 
541824 0.0607738 0.00813309 -43127.8 98.3174 
542640 0.0495424 -0.0188101 -43323.5 98.465 
543456 0.0735625 -0.0475165 -43068.4 98.6148 
544272 0.0771801 0.00420875 -42480.7 98.7628 
545088 0.0588279 -0.0231708 -43384.2 98.9122 
545904 0.0635542 -0.00881976 -42380.3 99.0597 
546720 0.0566531 0.00711028 -42781.3 99.2087 
547536 0.0648017 0.0279544 -43088.9 99.3588 
548352 0.0629076 0.0495108 -42962.2 99.5085 
549168 0.0406608 0.0245709 -43610.7 99.6586 
549984 0.043816 -0.0120458 -43900.7 99.8078 
550800 0.0415684 0.0272839 -44434.6 99.9581 
551616 0.0344781 0.0317591 -44472.4 100.108 
552432 0.0335597 0.0269067 -43400.5 100.258 
553248 0.0484549 0.00914072 -43941 100.407 
554064 0.0450531 0.00356246 -43795.1 100.557 
554880 0.0457958 -0.0115539 -42594.6 100.706 
555696 0.0688452 -0.04579 -42930.5 100.857 
556512 0.0450871 -0.0220843 -41445 101.007 
557328 0.0585998 -0.0122463 -41887.2 101.156 
558144 0.0346842 -0.0215208 -42311.7 101.301 
558960 0.0269706 0.0200678 -42538.7 101.451 
559776 0.0290577 0.0163461 -42230 101.599 
560592 0.0351481 0.00737288 -41487.3 101.748 
561408 0.0350111 0.00659097 -42377.9 101.898 
562224 0.0266934 -0.00324288 -43261.2 102.048 
563040 0.0133269 -0.00807082 -42399 102.197 
563856 0.0289061 -0.00405759 -42987.6 102.346 
564672 0.0521078 -0.00626045 -42932.4 102.495 
565488 0.072111 -0.0116786 -42676.5 102.645 
566304 0.0773735 -0.0207551 -42743.1 102.795 
567120 0.0606505 -0.00310966 -42650.7 102.945 
567936 0.0681588 -0.0420649 -42553 103.095 
568752 0.0901081 -0.0399692 -42637.3 103.244 
569568 0.090647 -0.0538124 -42690 103.394 
570384 0.049375 -0.0153872 -42929.4 103.543 
571200 0.0459162 -0.0202799 -43982.3 103.692 
572016 0.0258996 -0.020326 -43761.4 103.842 
572832 0.0316136 -0.0313297 -43821.9 103.989 
573648 0.0437356 -0.0371742 -43953 104.139 
574464 0.0496461 -0.0409714 -44168.4 104.287 
575280 0.0214356 -0.018691 -43807.2 104.429 
576096 0.0211407 -0.0137141 -43778.2 104.577 
576912 0.0444617 -0.0417026 -43583.2 104.727 
577728 0.0499057 -0.047743 -42952.3 104.875 
578544 0.0226616 0.0136835 -42690.6 105.025 
579360 0.0433899 0.0407728 -42830 105.174 
580176 0.04297 0.0377215 -41639.6 105.323 
580992 0.0550089 0.0533164 -41544 105.473 
581808 0.0131704 0.00889655 -41866.8 105.621 
582624 0.0508288 0.0241949 -42880.3 105.771 
583440 0.041103 0.0147184 -43027.5 105.921 
584256 0.0336598 -0.021559 -42570.4 106.069 
585072 0.0329554 -0.0117475 -42224.7 106.217 
585888 0.032374 0.0126902 -42563.7 106.367 
586704 0.0242148 -0.0158042 -43831.6 106.517 
587520 0.0250812 -0.0155421 -43907.7 106.667 
588336 0.0251965 -0.0169574 -44294.6 106.817 
589152 0.0421299 0.0156455 -44528.7 106.967 
589968 0.0441351 0.0396174 -43757.9 107.117 
590784 0.058843 0.0550136 -43243.4 107.266 
591600 0.0400863 0.0285455 -43239 107.416 
592416 0.0443645 0.0238763 -43060.6 107.565 
593232 0.0360088 0.0346859 -43484.2 107.715 
594048 0.0262219 0.0127918 -42497.8 107.865 
594864 0.0345432 0.0276608 -43381.8 108.015 
595680 0.0302958 0.00833617 -43493.1 108.165 
596496 0.0239694 0.00530022 -43449.1 108.315 
597312 0.0551066 -0.0349755 -43252.8 108.466 
598128 0.0480271 0.0293509 -43858.6 108.612 
598944 0.01762 0.0023713 -44567.9 108.762 
599760 0.0338855 0.0192049 -45527.7 108.912 
600576 0.032546 -0.0112312 -44702 109.062 
601392 0.04363 -0.0351511 -44508.4 109.212 
602208 0.0360963 -0.022578 -44974.9 109.362 
603024 0.048038 0.033767 -45119.3 109.511 
603840 0.054761 0.0153932 -44001.6 109.661 
604656 0.026846 -0.00978419 -44487.8 109.81 
605472 0.0388667 -0.0197954 -44764.2 109.96 
606288 0.0220065 -0.0180351 -43804.2 110.109 
607104 0.03708 -0.0347941 -43234.6 110.259 
607920 0.0282469 -0.00635866 -43658.4 110.408 
608736 0.0391535 0.00390046 -42477.1 110.558 
609552 0.0626847 -0.0508485 -42748.6 110.707 
610368 0.0594338 -0.0516629 -41839.6 110.856 
611184 0.0411187 -0.0193043 -41440.6 111.006 
612000 0.0437679 0.00672568 -42110.1 111.156 
612816 0.050461 -0.0487128 -42497 111.306 
613632 0.0719494 -0.0628299 -43377.3 111.455 
614448 0.0529363 -0.0458366 -43396.6 111.604 
615264 0.0440985 -0.0385584 -43206.9 111.755 
616080 0.0391241 0.0119959 -43290.1 111.905 
616896 0.0378189 0.0271704 -43844.4 112.053 
617712 0.0572099 0.0264552 -45575.9 112.202 
618528 0.0560029 0.0300603 -45996.1 112.352 
619344 0.0425875 0.020268 -44771.1 112.502 
620160 0.0449145 -0.0289132 -43852.4 112.652 
620976 0.0536444 -0.0460755 -43660.8 112.801 
621792 0.0160645 -0.00433675 -44133.8 112.95 
622608 0.0432997 -0.00497924 -44085.8 113.1 
623424 0.0643101 -0.0258369 -43776.4 113.249 
624240 0.0407286 -0.00982803 -44141.6 113.399 
625056 0.0680128 0.0195484 -42953.5 113.549 
625872 0.0535529 0.0130263 -43258.9 113.699 
626688 0.0611733 0.0285621 -42963.7 113.849 
627504 0.0314331 0.020801 -42537.3 113.998 
628320 0.0443422 -0.0108501 -42125.1 114.147 
629136 0.0334509 0.0108526 -42796.2 114.299 
629952 0.0215046 -0.0141154 -43261.7 114.451 
630768 0.0207891 0.00333473 -43030.8 114.599 
631584 0.0266088 0.00604346 -43026.6 114.751 
632400 0.0720162 -0.0182537 -42392 114.902 
633216 0.0607396 -0.02714 -42885.5 115.054 
634032 0.0860336 -0.0099427 -43412 115.204 
634848 0.0883753 -0.05004 -43886.3 115.354 
635664 0.0655517 -0.0241014 -42878.6 115.503 
636480 0.0506611 -0.00244805 -42639.8 115.651 
637296 0.0470909 0.00728617 -42749.1 115.8 
638112 0.0601656 -0.00280681 -43321.5 115.949 
638928 0.039566 0.010567 -44006.3 116.098 
639744 0.0626391 0.0220255 -45140.4 116.247 
640560 0.019847 0.0132544 -45005.9 116.395 
641376 0.0305686 -0.0270203 -44638.3 116.545 
642192 0.0449115 -0.0241877 -44541.8 116.695 
643008 0.053437 -0.010905 -44686.7 116.845 
643824 0.012119 0.00436722 -44916.8 116.993 
644640 0.047285 0.0158558 -44067.7 117.143 
645456 0.0771898 -0.0388765 -43966.7 117.293 
646272 0.0690044 -0.0370526 -44050.9 117.443 
647088 0.0671048 0.0017006 -43871.2 117.593 
647904 0.0804824 -0.0489121 -43852 117.743 
648720 0.0520169 -0.0373442 -42938.4 117.891 
649536 0.0442642 -0.0266723 -43845.5 118.041 
650352 0.035142 -0.0047417 -43986.9 118.191 
651168 0.0616392 -0.0414263 -43781.2 118.342 
651984 0.0708475 -0.0660598 -44198.6 118.491 
652800 0.0208194 -0.0182169 -43899.5 118.641 
653616 0.0374655 -0.0042138 -44138.9 118.792 
654432 0.0501232 -0.0429457 -43070.5 118.94 
655248 0.0428576 -0.0343801 -43448.6 119.09 
656064 0.0371658 -0.036607 -43541.8 119.24 
656880 0.0337307 -0.0231334 -44080.3 119.39 
657696 0.0290008 -0.0235506 -44055.5 119.539 
658512 0.0443531 -0.0420965 -44486.5 119.688 
659328 0.056733 -0.0552162 -44565.2 119.838 
660144 0.0331054 0.0032364 -44564.4 119.988 
660960 0.054055 -0.0433297 -44029.6 120.138 
661776 0.0552571 -0.0539679 -45470.7 120.287 
662592 0.0258795 -0.00887929 -45492.4 120.437 
663408 0.0312171 -0.0161802 -45653.3 120.587 
664224 0.0735437 -0.00526954 -45185.1 120.736 
665040 0.0724664 -0.00322504 -44379.7 120.885 
665856 0.0504469 0.0111002 -43796.3 121.034 
666672 0.0489672 0.0329043 -44206.3 121.184 
667488 0.0360446 0.0253464 -43863.1 121.333 
668304 0.047639 0.0302293 -43705.4 121.483 
669120 0.0515763 0.00564041 -44665.5 121.633 
669936 0.0297764 -0.0261162 -43639.4 121.78 
670752 0.0239358 0.0233051 -42838.9 121.93 
671568 0.0192254 -0.00104136 -42971.9 122.08 
672384 0.0333795 -0.0106888 -42761.5 122.23 
673200 0.0242962 -0.0170586 -42739 122.38 
674016 0.0519204 -0.0215725 -43130.4 122.529 
674832 0.0413675 -0.00366977 -43347.6 122.678 
675648 0.0568526 0.0555332 -42834.9 122.828 
676464 0.0281415 0.00581258 -43338.3 122.978 
677280 0.0356739 -0.0195908 -43815.9 123.128 
678096 0.0145598 0.0110621 -42768.6 123.278 
678912 0.0489587 0.0250098 -42662.3 123.426 
679728 0.0511494 0.0117618 -42840.9 123.577 
680544 0.0687263 0.0530007 -42918.6 123.727 
681360 0.0387781 0.0206965 -42703.1 123.875 
682176 0.0629426 0.0244914 -42115.5 124.024 
682992 0.0323628 -0.0198464 -43098.6 124.173 
683808 0.0405524 -0.0342053 -43053.8 124.323 
684624 0.0577626 0.0216594 -42319.8 124.472 
685440 0.0435384 0.0233569 -42600.3 124.622 
686256 0.0732774 0.0697693 -41573.6 124.773 
687072 0.0572363 0.0564554 -41313.6 124.923 
687888 0.029485 0.0272326 -40809.4 125.073 
688704 0.0439842 0.0383766 -42101.6 125.222 
689520 0.0391359 0.0278369 -42227.7 125.373 
690336 0.0580504 -0.000266786 -42798.9 125.521 
691152 0.0241719 -0.00203473 -42245.2 125.671 
691968 0.033278 0.00503029 -43128.5 125.821 
692784 0.056195 -0.0289926 -43846.8 125.97 
693600 0.0651501 0.0093963 -43919.1 126.119 
694416 0.0885128 0.0313234 -43649.3 126.267 
695232 0.0678921 0.00352424 -42805.2 126.417 
696048 0.0541991 -0.0121521 -42346.7 126.565 
696864 0.0238225 -0.014363 -43623.7 126.715 
697680 0.0305301 0.0243356 -43226.1 126.865 
698496 0.0226832 0.0164565 -43512.6 127.013 
699312 0.0225311 0.0011684 -42623 127.162 
700128 0.043111 0.00399844 -42875.3 127.311 
700944 0.0256982 0.00383272 -42991.9 127.461 
701760 0.0336881 -0.0272189 -43333.2 127.611 
702576 0.0292721 0.00369225 -42553 127.76 
703392 0.035853 -0.0135259 -43613.7 127.907 
704208 0.0375247 -0.00586776 -43748.2 128.057 
705024 0.0320158 -0.00131997 -44754.5 128.203 
705840 0.0282423 0.0260465 -45255.5 128.352 
706656 0.0346728 -0.00918088 -44478.7 128.497 
707472 0.00644625 0.0010775 -44440.1 128.647 
708288 0.0232455 0.020566 -44266.6 128.796 
709104 0.0458387 0.0448786 -44587 128.945 
709920 0.0314229 0.00173632 -43660 129.094 
710736 0.0244085 -0.0102028 -42546.4 129.244 
711552 0.0349735 -0.0299799 -42791.9 129.394 
712368 0.0239323 -0.0133382 -43466.9 129.544 
713184 0.0413639 -0.0275256 -43453.8 129.693 
714000 0.046481 -0.0415143 -43597.9 129.843 
714816 0.039058 0.0160485 -42835.8 129.993 
715632 0.0645312 0.0631766 -42033.5 130.143 
716448 0.0303335 0.0290203 -41681.6 130.291 
717264 0.0409937 0.0325647 -41956 130.441 
718080 0.0373559 0.00618391 -42054.4 130.589 
718896 0.0805777 -0.0637943 -42864.7 130.74 
719712 0.0716803 -0.0616437 -42962.2 130.89 
720528 0.0422498 -0.0363068 -43095.3 131.04 
721344 0.0457397 -0.0279828 -43402 131.189 
722160 0.0159164 -0.00178633 -43676.5 131.339 
722976 0.0272753 -0.0245958 -42948.1 131.488 
723792 0.0317774 0.0171432 -42683 131.637 
724608 0.0343033 0.00649498 -42956 131.787 
725424 0.0390692 0.00990747 -43285 131.937 
726240 0.0678601 -0.0333661 -43078.8 132.086 
727056 0.0383436 -0.0199809 -43275.5 132.236 
727872 0.0569531 -0.0362525 -43068.3 132.384 
728688 0.0468123 0.00565581 -42590.6 132.534 
729504 0.0495663 0.00416954 -42640.9 132.682 
730320 0.034609 -0.0138039 -43086.2 132.832 
731136 0.0358946 0.0350612 -43685.6 132.982 
731952 0.0459148 0.0191785 -43641.2 133.132 
732768 0.0368642 0.0190335 -43671.8 133.281 
733584 0.0154424 0.0033256 -42636.1 133.429 
734400 0.0285904 0.022126 -42987.3 133.579 
735216 0.0359658 0.0287463 -44387 133.728 
736032 0.0365663 0.0294069 -44490.4 133.878 
736848 0.0187595 -0.00801658 -44314 134.028 
737664 0.0416064 0.00201806 -43413.8 134.176 
738480 0.0321449 0.0308723 -43309.3 134.326 
739296 0.0306543 0.0243143 -43767.1 134.475 
740112 0.0275023 0.0121056 -44359.1 134.624 
740928 0.0160507 0.00208334 -44207.8 134.772 
741744 0.047103 -0.00966763 -43684.8 134.922 
742560 0.0463236 0.00361192 -44042.7 135.072 
743376 0.0305128 0.0125392 -44675.6 135.222 
744192 0.0356497 0.0111897 -44215.9 135.371 
745008 0.0403776 -0.00568282 -44097.2 135.521 
745824 0.0374145 -0.0037017 -43072.2 135.669 
746640 0.0533319 -0.0230485 -42829 135.817 
747456 0.0636298 0.028486 -42753 135.967 
748272 0.0590069 -0.00979648 -42916.2 136.117 
749088 0.040335 -0.0368976 -41112 136.267 
749904 0.0672369 -0.0517918 -41291.1 136.416 
750720 0.0301296 -0.0161328 -41591.1 136.566 
751536 0.0440741 -0.0230248 -41918.9 136.715 
752352 0.0675843 -0.0534467 -41869.7 136.865 
753168 0.0296794 -0.0161689 -42371.8 137.015 
753984 0.0390248 -0.0254414 -41766.3 137.164 
754800 0.0509733 -0.0380358 -42212.3 137.313 
755616 0.0647894 -0.0435286 -43091.5 137.461 
756432 0.0627131 -0.0512045 -42818.1 137.611 
757248 0.0422789 -0.0283583 -42667.6 137.761 
758064 0.025274 -0.00912038 -43225.4 137.91 
758880 0.0198362 -0.014272 -43706.6 138.059 
759696 0.065379 -0.0447959 -43155 138.208 
760512 0.0298251 -0.0203595 -42991.1 138.357 
761328 0.0744547 -0.058908 -43832.1 138.507 
762144 0.0742444 -0.0536996 -43189.3 138.657 
762960 0.0300471 -0.0152154 -43241.1 138.806 
763776 0.0305813 -0.0259584 -42831.1 138.954 
764592 0.0324245 -0.0238463 -42547.9 139.104 
765408 0.0376267 -0.0368563 -41672.3 139.253 
766224 0.0625219 -0.0616645 -41960 139.405 
767040 0.0665979 -0.0664447 -41017.3 139.553 
767856 0.059339 -0.0544772 -41708 139.701 
768672 0.0441128 -0.0371596 -41657.4 139.851 
769488 0.0426793 -0.00313033 -41789.7 140.001 
770304 0.0245282 0.00902497 -42295.4 140.15 
771120 0.050292 0.0467944 -42378.4 140.299 
771936 0.0461251 0.0378425 -43044.8 140.449 
772752 0.0402773 0.035507 -42909.4 140.599 
773568 0.0445052 -0.033883 -43082.7 140.749 
774384 0.0132243 0.00484732 -41871.3 140.895 
775200 0.0261792 -0.0100561 -42744.6 141.045 
776016 0.0177125 0.00296156 -42244 141.195 
776832 0.0193373 -0.00580596 -41439.4 141.345 
777648 0.0472594 -0.041505 -42701.4 141.494 
778464 0.0293276 0.0116011 -42955.8 141.643 
779280 0.0337266 0.0330562 -42690.5 141.794 
780096 0.0222763 -0.00927729 -42213.3 141.944 
780912 0.0284663 0.00736872 -42384.3 142.093 
781728 0.0476778 -0.0282503 -42650.2 142.243 
782544 0.00659716 -0.0010958 -42561 142.393 
783360 0.0181964 -0.00268583 -42278.6 142.543 
784176 0.036713 -0.0350511 -42701.9 142.693 
784992 0.0159051 -0.0141326 -42821.1 142.843 
785808 0.048585 -0.045125 -43228.1 142.992 
786624 0.0425826 -0.026605 -43703.9 143.142 
787440 0.0360877 0.0208006 -43596.2 143.292 
788256 0.0402413 0.0271677 -43407.1 143.442 
789072 0.0262392 0.0238008 -43311.8 143.589 
789888 0.0294346 -0.00746796 -43452 143.74 
790704 0.0286972 -0.0107006 -43116.5 143.889 
791520 0.0020843 0.00101641 -42548.7 144.038 
792336 0.0329219 0.0108577 -42954.5 144.187 
793152 0.0276209 0.0255884 -43268.5 144.336 
793968 0.034972 0.0289475 -43300.2 144.487 
794784 0.0240223 -0.00499507 -42253 144.636 
795600 0.00746504 0.00250301 -42347.4 144.785 
796416 0.0332418 -0.00323958 -42326.6 144.935 
797232 0.0149657 0.00752401 -42222.3 145.085 
798048 0.018159 -0.00822617 -42471.2 145.234 
798864 0.0213106 -0.00419575 -42316.2 145.382 
799680 0.063365 -0.0255701 -43282 145.53 
800496 0.0845418 -0.0373045 -43641 145.68 
801312 0.0577678 0.00184892 -43822.6 145.83 
802128 0.0612465 0.0245131 -43241 145.979 
802944 0.0886551 0.00386709 -43826.4 146.128 
803760 0.0854424 0.00446919 -43858.5 146.276 
804576 0.107061 -0.041763 -43407.3 146.427 
805392 0.0887345 -0.0255112 -43453.4 146.577 
806208 0.0669827 -0.0167929 -42838.8 146.724 
807024 0.0738553 -0.0296444 -41977.1 146.873 
807840 0.0378283 0.0257264 -42921.8 147.023 
808656 0.0687447 0.0600677 -42664.4 147.173 
809472 0.0631603 0.0294514 -43645.6 147.323 
810288 0.0465762 0.0421478 -43256.9 147.473 
811104 0.0415578 0.0365216 -42838.2 147.623 
811920 0.0571691 0.0195241 -42346.7 147.773 
812736 0.0520572 0.00318403 -42454 147.922 
813552 0.0508227 0.0100404 -43102.9 148.072 
814368 0.0545001 -0.0260302 -42799.8 148.221 
815184 0.0550304 0.0255202 -43270 148.372 
