0 0.047803 0.0227722 -32698.8 0 
816 0.0603441 0.0476441 -35526 0.125853 
1632 0.0645272 0.0471163 -37312.8 0.252029 
2448 0.0351759 -0.000391927 -37650 0.379871 
3264 0.0416515 -0.0238776 -38015.1 0.506329 
4080 0.0394398 -0.0377937 -39935.2 0.633171 
4896 0.0459277 -0.0305591 -39010.5 0.759959 
5712 0.0512539 0.0247932 -40272.1 0.88706 
6528 0.0166746 -0.00662698 -40783.2 1.01382 
7344 0.0337736 0.00218709 -41328.3 1.14036 
8160 0.0471621 -0.0112486 -41880.8 1.26683 
8976 0.0479864 -0.0208444 -41419.3 1.39321 
9792 0.0467193 -0.0271483 -41921.3 1.52111 
10608 0.0370957 0.0318804 -41782 1.64705 
11424 0.0189759 -0.00484012 -42086.2 1.77352 
12240 0.0223339 -0.0108396 -41833.4 1.90001 
13056 0.0371698 -0.00127551 -41663.2 2.02661 
13872 0.0403089 -0.00159431 -41119.5 2.15284 
14688 0.048073 -0.0160394 -41981 2.27937 
15504 0.0532045 0.00558776 -42099.1 2.40569 
16320 0.0585097 0.0039507 -42065.7 2.53201 
17136 0.0798929 0.027639 -42527.1 2.65843 
17952 0.0742871 0.0541317 -43523.6 2.78495 
18768 0.0536073 0.0305832 -42874.5 2.91131 
19584 0.0290901 0.0242792 -43397.4 3.03808 
20400 0.0288197 0.0282505 -43087.4 3.16448 
21216 0.0255032 0.0192155 -42899.4 3.29122 
22032 0.0614847 -0.0244968 -43094 3.41761 
22848 0.0494968 -0.0279259 -43205.2 3.54417 
23664 0.050554 -0.0302147 -42427.3 3.67092 
24480 0.0360949 0.0266201 -41900 3.79744 
25296 0.0304363 -0.00236162 -42318.6 3.92387 
26112 0.0544065 0.0228784 -41515.1 4.05058 
26928 0.0485939 0.025243 -42753 4.17686 
27744 0.0329057 0.00858455 -42141.2 4.30361 
28560 0.0393717 -0.0374644 -42926.8 4.42999 
29376 0.0407237 -0.0378827 -43616.1 4.5563 
30192 0.0259362 -0.00819157 -43489.1 4.68298 
31008 0.0276299 -0.0272277 -43655.5 4.80941 
31824 0.035127 -0.0145438 -43195.8 4.93607 
32640 0.0306493 -0.0193352 -42308.2 5.06262 
33456 0.0198783 -0.016371 -41188.7 5.18911 
34272 0.0215381 -0.00684387 -42343.8 5.31567 
35088 0.0251273 0.00447462 -42219.2 5.44226 
35904 0.0480149 0.00304344 -42165.1 5.56912 
36720 0.0619509 0.0127859 -42069.8 5.69558 
37536 0.0641778 0.000296119 -42555.3 5.82265 
38352 0.0830998 -0.0252838 -42511.4 5.94899 
39168 0.0853269 0.0128335 -42916.9 6.07526 
39984 0.0532012 0.0269244 -42906.1 6.20184 
40800 0.0617334 0.0148778 -42348.6 6.32821 
41616 0.0552885 0.0245701 -43175.8 6.45495 
42432 0.0642853 -0.00290347 -42423.4 6.58185 
43248 0.0597224 0.00193316 -42055.5 6.70819 
44064 0.0587169 0.0415975 -42456.4 6.83475 
44880 0.0491643 0.0338287 -42973.4 6.96141 
45696 0.0791512 0.0678168 -43012.3 7.088 
46512 0.0753146 0.0489984 -43007.8 7.21446 
47328 0.0623282 0.00765811 -43143.2 7.34103 
48144 0.0453995 -0.00928928 -43387.3 7.46718 
48960 0.0400524 -0.00733058 -44533.2 7.59401 
49776 0.017156 0.00275686 -44163.7 7.72092 
50592 0.0206411 -0.0175445 -43719.8 7.84753 
51408 0.0417566 -0.028773 -43746.8 7.97411 
52224 0.0293924 0.0212099 -43138 8.10074 
53040 0.0485816 0.0358605 -44122.4 8.22716 
53856 0.0580956 -0.0109312 -43728.6 8.35374 
54672 0.0434568 -0.00290812 -43141.8 8.48013 
55488 0.044029 0.00306447 -43333.2 8.60642 
56304 0.0218542 -0.0140392 -43807.6 8.73312 
57120 0.0395777 -0.0209418 -44391.2 8.85971 
57936 0.0411742 -0.0230584 -44289.3 8.98604 
58752 0.0413567 -0.00368045 -44607.7 9.11208 
59568 0.0464158 0.027345 -44826.9 9.23831 
60384 0.0490372 0.0174295 -44541.5 9.36457 
61200 0.0162899 0.0150815 -44622.8 9.49098 
62016 0.0255578 0.0242676 -43927.6 9.62112 
62832 0.0382141 0.0378732 -43902.1 9.74755 
63648 0.0340088 0.0335872 -43352.8 9.87387 
64464 0.0468622 0.0404198 -44146.6 10.0002 
65280 0.0286025 0.0256145 -44212.6 10.1268 
66096 0.0356394 0.00679941 -44545.9 10.2534 
66912 0.038303 0.0334672 -44582.5 10.3796 
67728 0.0326729 0.0317005 -45346.5 10.5062 
68544 0.0454755 0.00668718 -44637.8 10.633 
69360 0.0621549 -0.0106687 -44754.8 10.7594 
70176 0.0473179 -0.0427231 -44364.4 10.886 
70992 0.0531531 -0.00068731 -44126.6 11.0123 
71808 0.0770856 -0.0124568 -44008.1 11.1387 
72624 0.0293725 -0.0233046 -43654.2 11.2654 
73440 0.0343732 -0.0218352 -43347.9 11.3918 
74256 0.0300564 -0.000843666 -43293.6 11.5182 
75072 0.0502076 -0.0470073 -42831.1 11.6447 
75888 0.0395044 -0.0163876 -41937.3 11.7704 
76704 0.0737191 -0.0706071 -42805.8 11.8968 
77520 0.0373478 -0.036292 -42605.8 12.0231 
78336 0.0267473 -0.016844 -42772.8 12.1496 
79152 0.022807 0.0159891 -43412.6 12.2761 
79968 0.0453507 0.0391044 -43752.9 12.4026 
80784 0.0504021 0.0401918 -42838.6 12.5291 
81600 0.0539732 0.0219907 -42394.2 12.6554 
82416 0.0594121 0.0168815 -43111.5 12.7819 
83232 0.0384564 -0.00499583 -43658.2 12.9084 
84048 0.0420722 -0.0118378 -43321.9 13.0349 
84864 0.0688624 -0.0511526 -43433.5 13.1615 
85680 0.048805 -0.0332174 -43521.4 13.288 
86496 0.0371877 -0.0200953 -43864.5 13.4145 
87312 0.0398203 -0.0191735 -45096.6 13.541 
88128 0.0229045 -0.00139371 -43428 13.6677 
88944 0.0370813 -0.0190203 -43918.4 13.7942 
89760 0.0543216 -0.0419392 -43359.5 13.9206 
90576 0.0625657 -0.0287874 -43539.2 14.0467 
91392 0.0231125 0.00861772 -43210.8 14.1729 
92208 0.0420264 0.000842843 -43291.9 14.2995 
93024 0.0532702 -0.0466708 -44105.9 14.426 
93840 0.0383854 0.0187073 -44635.9 14.5524 
94656 0.0383495 0.0238797 -44144 14.6788 
95472 0.0237697 0.00979029 -43392.3 14.8052 
96288 0.0478346 0.0117833 -42687.3 14.9319 
97104 0.041486 0.0304158 -42768.3 15.0582 
97920 0.0236557 -0.0180794 -43289.8 15.1846 
98736 0.0529391 -0.0179302 -43599.1 15.3109 
99552 0.0629976 -0.00209638 -43821 15.4373 
100368 0.0515118 -0.00362118 -44824.7 15.5636 
101184 0.0190915 9.9818e-05 -44382.1 15.69 
102000 0.0340345 0.032462 -44673.5 15.8161 
102816 0.026984 -0.0264821 -44869.2 15.9427 
103632 0.00576843 -0.00563534 -44258.8 16.0688 
104448 0.0304829 0.00268044 -44376.1 16.1951 
105264 0.0176551 0.00421712 -44142 16.3215 
106080 0.0348283 0.0289585 -44487.2 16.4481 
106896 0.0454579 0.0422659 -44353.6 16.5746 
107712 0.0580013 0.0540671 -44410 16.701 
108528 0.0557887 0.0428911 -43973.9 16.8274 
109344 0.0403087 0.03876 -44293.7 16.9542 
110160 0.0610235 0.0608236 -44625.7 17.0808 
110976 0.0615121 0.050648 -44405.1 17.2071 
111792 0.070093 0.0606617 -44561.9 17.3333 
112608 0.0486757 0.0335424 -44324.4 17.4595 
113424 0.046356 0.0416473 -42910.7 17.5859 
114240 0.0443499 0.0176711 -43812.4 17.7121 
115056 0.0584999 0.0437819 -43979.2 17.8386 
115872 0.0811303 0.0724296 -42831.1 17.9653 
116688 0.0373972 0.033505 -42378 18.0919 
117504 0.0496732 0.0344541 -42179.8 18.2181 
118320 0.0406725 0.00678428 -42376.6 18.3446 
119136 0.0628503 0.0389944 -41829.2 18.471 
119952 0.0657289 -0.0118709 -42799.1 18.5976 
120768 0.0424732 -0.0251641 -43225.9 18.724 
121584 0.0256533 -0.00967672 -42109.7 18.8506 
122400 0.0633161 -0.0349918 -43373.2 18.9767 
123216 0.0722003 -0.052258 -43154.8 19.1034 
124032 0.0565992 -0.0291468 -42915.9 19.2299 
124848 0.0537157 -0.00836928 -42159.7 19.3562 
125664 0.0598811 -0.0104832 -43508.6 19.4829 
126480 0.0677413 0.00436721 -43726.9 19.6095 
127296 0.0632911 -0.0135647 -43868.7 19.736 
128112 0.0385307 -0.0239933 -44476.9 19.8626 
128928 0.0401312 -0.0260366 -42983.7 19.989 
129744 0.0431535 -0.0253446 -42977.5 20.1152 
130560 0.0497452 -0.0439903 -42571.2 20.2413 
131376 0.0367817 -0.0198695 -42435.9 20.3675 
132192 0.039107 -0.0280172 -41487.8 20.4942 
133008 0.046428 -0.0356355 -42305.3 20.6206 
133824 0.0651486 -0.043421 -42582.1 20.7472 
134640 0.0601702 -0.042851 -43042.5 20.8736 
135456 0.0682277 -0.0199604 -43357.9 21.0002 
136272 0.0530741 0.0101159 -43598.7 21.1265 
137088 0.0667905 -0.0312279 -43502.7 21.253 
137904 0.0585824 0.0499133 -42948.9 21.3795 
138720 0.0564949 0.0210994 -42979.7 21.5059 
139536 0.0633447 -0.0432756 -42713.1 21.632 
140352 0.0530186 -0.00381311 -43081.5 21.7584 
141168 0.0666602 0.00985908 -42658.3 21.8846 
141984 0.0563802 -0.0467451 -42601.5 22.0111 
142800 0.0211431 -0.00756372 -42321.3 22.1376 
143616 0.0119615 -0.00808779 -41700.4 22.264 
144432 0.0236354 0.000615976 -41857.8 22.3904 
145248 0.0174115 0.00594999 -41642.5 22.5167 
146064 0.0315793 -0.0279264 -41934.3 22.6429 
146880 0.0391911 0.0158726 -42169.6 22.7693 
147696 0.051525 0.020696 -42963.8 22.8958 
148512 0.0685743 0.0604055 -42810.3 23.0222 
149328 0.0501243 0.0401976 -42654.3 23.1487 
150144 0.0210671 0.0195252 -42895.9 23.2752 
150960 0.0174902 -0.00974331 -43389.4 23.4015 
151776 0.0316536 -0.0099806 -43024.8 23.5281 
152592 0.0395714 -0.00102483 -43217.3 23.6547 
153408 0.0719006 -0.043102 -43435.4 23.7811 
154224 0.0624501 -0.0469323 -43595.4 23.9076 
155040 0.050724 -0.0325763 -44007.3 24.0342 
155856 0.0342412 -0.017314 -43808 24.1606 
156672 0.0441029 -0.0312414 -43196.2 24.287 
157488 0.0456019 -0.0153807 -43897.4 24.4133 
158304 0.0497065 0.0175029 -43385.3 24.5396 
159120 0.0269115 0.0257567 -43343.1 24.6664 
159936 0.0405737 0.0398182 -42988.4 24.7926 
160752 0.0588458 0.0338257 -43398.9 24.919 
161568 0.0660325 -0.00589843 -42586.5 25.0455 
162384 0.0679435 0.0357015 -42986.4 25.1721 
163200 0.03668 0.00809099 -42238.4 25.2983 
164016 0.0579068 0.0195565 -43026.7 25.4251 
164832 0.0754705 0.0598811 -43144.9 25.5515 
165648 0.0450272 0.0182843 -43602.9 25.6778 
166464 0.0244675 -0.0104151 -43580.4 25.8042 
167280 0.0477264 0.0432801 -43015.6 25.9307 
168096 0.0559118 -0.00418503 -43394.1 26.0575 
168912 0.0557263 0.0142034 -43513.1 26.1839 
169728 0.0470702 0.00852328 -42591.9 26.3104 
170544 0.069334 -0.0337464 -42553 26.4368 
171360 0.0232591 -0.0074498 -42929 26.5631 
172176 0.0222573 0.0141907 -42411.7 26.6896 
172992 0.0581867 0.0527598 -43487.8 26.8159 
173808 0.0361229 0.0316473 -42788.2 26.9425 
174624 0.0260036 0.00452313 -41862.4 27.0688 
175440 0.0497782 -0.0321502 -41723.5 27.1951 
176256 0.0561647 -0.0337634 -41367.7 27.3217 
177072 0.0758984 -0.0365794 -41621.9 27.4481 
177888 0.0560463 -0.00986205 -42365.8 27.5745 
178704 0.0820211 -0.0192544 -42883.6 27.7011 
179520 0.0499939 0.00876274 -42710.5 27.8275 
180336 0.029879 -0.0130646 -42096.5 27.9539 
181152 0.0205897 -1.21719e-05 -41908.3 28.0804 
181968 0.0107111 0.0104104 -42707.5 28.2068 
182784 0.0192544 0.0130452 -42825.8 28.3331 
183600 0.0223651 0.0179745 -42751.8 28.4595 
184416 0.0413371 0.0365574 -43506.2 28.5858 
185232 0.0445999 0.0186671 -41937.6 28.7123 
186048 0.046035 -0.00430514 -42150.5 28.8387 
186864 0.0413879 0.023829 -42051.6 28.9649 
187680 0.0499435 0.0274276 -42541.1 29.0914 
188496 0.0214781 0.00398239 -40881.2 29.2181 
189312 0.0590343 0.0585737 -40996.8 29.3452 
190128 0.0280487 -0.000944853 -41125.1 29.4716 
190944 0.0348067 -0.0152591 -41831.5 29.5981 
191760 0.0184971 0.00271607 -42510.4 29.7246 
192576 0.0423333 -0.0375911 -42030.9 29.8514 
193392 0.0321255 0.000680529 -41945.2 29.9777 
194208 0.0331593 0.00400135 -41315.6 30.1041 
195024 0.0214845 0.00810254 -42518.3 30.2309 
195840 0.0279444 0.00590778 -41558 30.3575 
196656 0.0186655 -0.00968667 -41577.7 30.484 
197472 0.0334503 -0.0234871 -41670.3 30.6104 
198288 0.0701062 -0.0674376 -42281.9 30.7367 
199104 0.0647669 -0.0640597 -42108.2 30.8633 
199920 0.0485057 -0.0475303 -42563.9 30.9897 
200736 0.0425471 -0.0326131 -43266.6 31.116 
201552 0.0545679 -0.0540962 -41793.1 31.2425 
202368 0.0397289 -0.0363917 -41584.7 31.369 
203184 0.0565848 -0.05578 -41905.5 31.4954 
204000 0.0257919 -0.0225723 -42583.2 31.6216 
204816 0.0255416 -0.00109244 -42358.4 31.748 
205632 0.0422671 -0.0388555 -42374.5 31.8747 
206448 0.0596695 -0.0303858 -42913.6 32.0011 
207264 0.0611638 -0.0247602 -42636.7 32.1275 
208080 0.0331497 -0.00989574 -43035.8 32.2542 
208896 0.0462269 -0.0072271 -42667.9 32.3809 
209712 0.0293566 -0.0144853 -42639.7 32.5075 
210528 0.0452171 0.00527091 -42798.2 32.6338 
211344 0.023998 -0.00671448 -42810.6 32.7604 
212160 0.0244075 -0.00444451 -41806.4 32.8869 
212976 0.021476 -0.00657336 -41872.6 33.0145 
213792 0.0419067 -0.0032456 -42692.3 33.141 
214608 0.055421 -0.00764203 -42507.9 33.2673 
215424 0.0630316 0.0338926 -43399 33.3937 
216240 0.0607836 -0.0246058 -43457.7 33.5201 
217056 0.038934 -0.0168551 -43857.2 33.6463 
217872 0.0525114 -0.0449769 -43576.9 33.7728 
218688 0.0735174 -0.0430189 -44054.6 33.899 
219504 0.0960555 -0.0439249 -43528.8 34.0255 
220320 0.103248 -0.0535649 -43893 34.1519 
221136 0.0841913 0.0072347 -43404.3 34.2782 
221952 0.097825 -0.00726289 -42753.1 34.4046 
222768 0.0701738 -0.0308189 -42898.8 34.531 
223584 0.0667713 -0.0265081 -43235.6 34.6542 
224400 0.0685013 -0.0010023 -43487.8 34.7805 
225216 0.0495145 0.00168402 -43742.2 34.9074 
226032 0.058002 0.016298 -43048.3 35.0338 
226848 0.0558162 0.040151 -43093.4 35.1599 
227664 0.0347951 0.00323294 -42366 35.2862 
228480 0.0377772 0.00683301 -42397.7 35.4126 
229296 0.0528791 0.00381649 -43228.4 35.539 
230112 0.0618758 0.0263765 -42307 35.6653 
230928 0.0254357 0.00802026 -43281 35.7915 
231744 0.0152221 0.0142356 -44310.4 35.9181 
232560 0.0420819 0.00669439 -43864.7 36.0445 
233376 0.0615417 0.0460424 -43344.4 36.1708 
234192 0.0511563 0.0447862 -43120.5 36.2971 
235008 0.052149 0.0361016 -43825.2 36.4237 
235824 0.0457641 0.00190564 -43444.6 36.5502 
236640 0.033466 0.0264726 -42082.3 36.6769 
237456 0.0149296 -0.00469015 -43024.6 36.8035 
238272 0.0204411 -0.018663 -42790 36.9297 
239088 0.034237 -0.0334422 -42444.3 37.0563 
239904 0.0413636 -0.00580342 -42726.8 37.1825 
240720 0.0448308 0.0145093 -42684.6 37.3087 
241536 0.0500867 0.0406863 -43442 37.4352 
242352 0.0592315 -0.000357333 -43705.6 37.5618 
243168 0.0472381 -0.025369 -43706 37.6886 
243984 0.063162 -0.0264085 -43634.7 37.815 
244800 0.0559871 -0.0178 -43324.1 37.9415 
245616 0.0218654 0.0198769 -42887.2 38.068 
246432 0.0277226 0.00749654 -42695 38.1945 
247248 0.039121 -0.0101328 -42680.8 38.3208 
248064 0.0408813 -0.00613377 -43104.1 38.4471 
248880 0.0319065 -0.0290006 -43646.7 38.5738 
249696 0.0485953 -0.0267219 -43132.4 38.7002 
250512 0.0400189 -0.0308603 -43250.1 38.8266 
251328 0.0329077 -0.0291651 -42295.3 38.953 
252144 0.0247349 0.000224023 -42580.5 39.0797 
252960 0.00686318 -0.00253957 -41966.2 39.2062 
253776 0.0360914 -0.00934673 -42156.2 39.3327 
254592 0.0402352 -0.00561883 -42612.6 39.4589 
255408 0.0190368 -0.00310856 -42772.4 39.5854 
256224 0.0363139 -0.0292754 -43238.2 39.7117 
257040 0.0790146 -0.052105 -41266.4 39.8382 
257856 0.0518194 -0.0197545 -42409 39.9646 
258672 0.0552522 -0.0298145 -42965.1 40.0911 
259488 0.0441146 -0.0208498 -42649.4 40.2175 
260304 0.0204392 -0.00117637 -43657.8 40.344 
261120 0.0196039 0.0155292 -43866 40.4704 
261936 0.0281208 -0.0170854 -43888.8 40.5968 
262752 0.0706584 -0.0452218 -43327.4 40.7233 
263568 0.0565472 -0.0368856 -43276.1 40.8495 
264384 0.0581748 -0.0407035 -43513 40.976 
265200 0.0504552 -0.0179767 -43827.1 41.1022 
266016 0.0741249 -0.0424033 -42661.7 41.2288 
266832 0.0778847 -0.0280073 -42532 41.3552 
267648 0.0426186 -0.0118089 -41975.7 41.4815 
268464 0.0311891 -0.0259051 -40743.9 41.6082 
269280 0.0380204 0.00337155 -40637 41.7345 
270096 0.0536509 0.0507965 -40509.1 41.8609 
270912 0.0293256 0.0172676 -40790.4 41.9874 
271728 0.0237957 -0.0177629 -41575.2 42.1139 
272544 0.0229687 0.00495984 -41958.3 42.2404 
273360 0.017302 -0.00857936 -42393 42.3667 
274176 0.0193277 -0.00634363 -41727.6 42.4931 
274992 0.0216839 -0.00463444 -41389.8 42.6194 
275808 0.0703705 -0.0443913 -41261.2 42.7458 
276624 0.0533095 -0.00894251 -41583.6 42.872 
277440 0.0702702 0.0369864 -42197.5 42.9983 
278256 0.0784542 0.0256299 -41523.9 43.1246 
279072 0.0675655 0.0144793 -41628.2 43.2507 
279888 0.0465872 -0.00483245 -40512.6 43.377 
280704 0.0594026 0.0266563 -40580.3 43.5036 
281520 0.0588547 0.0142433 -41262.1 43.6299 
282336 0.031327 -0.0121606 -41130.8 43.7564 
283152 0.0197635 -0.00405852 -41272.2 43.8829 
283968 0.0406225 0.0350141 -41034.7 44.0092 
284784 0.0379546 0.0321563 -41180.4 44.1355 
285600 0.0300094 -0.00544141 -41689.8 44.2618 
286416 0.0332202 -0.00572078 -41532.6 44.3882 
287232 0.0507028 -0.0504316 -41409.1 44.5145 
288048 0.0400815 -0.0380002 -41428.6 44.6407 
288864 0.0332909 -0.00873066 -41706.6 44.7671 
289680 0.0352922 0.0131083 -41688.1 44.8933 
290496 0.04758 0.0429662 -41519 45.0199 
291312 0.0429028 0.00770318 -42041.2 45.1461 
292128 0.0417852 -0.00712821 -42592.1 45.2726 
292944 0.0436479 -0.00986988 -42542.4 45.3991 
293760 0.0778721 -0.0461049 -42121.5 45.5258 
294576 0.0819495 -0.0345899 -42590.8 45.652 
295392 0.0751771 -0.00762439 -41804.3 45.7785 
296208 0.0848465 -0.0282622 -42257.1 45.905 
297024 0.0775743 -0.0199097 -42337.5 46.0314 
297840 0.0959407 -0.0325773 -42298.8 46.1579 
298656 0.0791324 -0.0408695 -42232.4 46.2844 
299472 0.0798531 -0.0539172 -41528.8 46.4107 
300288 0.0748947 -0.0459755 -42744 46.5374 
301104 0.083888 -0.0454758 -42709.8 46.6626 
301920 0.0645397 -0.0142176 -42678.2 46.7872 
302736 0.0466826 -0.0231202 -42218.4 46.9137 
303552 0.0516976 0.0171821 -42333 47.0402 
304368 0.0296097 0.0109247 -42185.2 47.1666 
305184 0.0235686 0.00924497 -41607.5 47.2929 
306000 0.0301301 0.00608284 -42219.9 47.4196 
306816 0.0436944 0.00740732 -41395.5 47.5462 
307632 0.0430372 0.0312278 -41085.5 47.6726 
308448 0.0358783 0.00786018 -40287.7 47.7993 
309264 0.0589118 0.0581108 -39845.6 47.9255 
310080 0.0535177 0.0470923 -40433.7 48.0516 
310896 0.0248522 0.00851747 -40142.5 48.1779 
311712 0.047655 0.034522 -40226.6 48.3046 
312528 0.0622707 0.0309258 -41176.7 48.4307 
313344 0.0482779 0.0427 -40207.1 48.5572 
314160 0.0389074 0.0332513 -40231.4 48.6836 
314976 0.0422239 0.0406753 -40800.8 48.8099 
315792 0.0634828 0.0407084 -40122.9 48.9365 
316608 0.0569218 0.0493469 -40170.4 49.063 
317424 0.0656576 0.0480483 -40703.8 49.1893 
318240 0.0419811 -0.00069273 -40140.9 49.3157 
319056 0.0651914 0.0143868 -40375.1 49.4423 
319872 0.0304686 0.00632025 -41501 49.5687 
320688 0.0353324 -0.0120959 -41533.4 49.6955 
321504 0.043734 -0.0319732 -41535.8 49.8221 
322320 0.0373368 -0.0301325 -40992.1 49.9486 
323136 0.0372966 -0.0178223 -41555.8 50.0749 
323952 0.0372456 -0.0244305 -42007 50.201 
324768 0.0912386 -0.0737816 -42483.7 50.3275 
325584 0.0930816 -0.0827449 -43274 50.4542 
326400 0.0572054 -0.0445105 -43050.9 50.5807 
327216 0.0273319 0.00171615 -44480.1 50.7071 
328032 0.0335438 -0.02385 -44516 50.8334 
328848 0.0172017 -0.00853483 -43788.7 50.9597 
329664 0.0276926 0.0181878 -44666.6 51.0859 
330480 0.0542367 0.0350312 -45045.3 51.2123 
331296 0.0647528 0.0017621 -44841.9 51.3387 
332112 0.0658968 0.0207006 -44413.2 51.4652 
332928 0.077024 0.0480259 -44702.3 51.5917 
333744 0.0908113 0.0399773 -44498.3 51.7181 
334560 0.072878 0.0203516 -44171.4 51.8435 
335376 0.0701587 0.0171325 -43402 51.9701 
336192 0.0920386 0.0034319 -44525.4 52.0965 
337008 0.0753284 0.0148146 -43615.4 52.2228 
337824 0.0607074 -0.00501994 -43660.7 52.3495 
338640 0.0608454 -0.030988 -42909.8 52.4758 
339456 0.041316 -0.0377652 -42225 52.6022 
340272 0.0550728 -0.0453564 -42415.9 52.7285 
341088 0.0669014 -0.0612262 -42950.2 52.8551 
341904 0.0484442 -0.0345382 -42403.7 52.9815 
342720 0.0675735 -0.0419091 -42592.5 53.108 
343536 0.0899829 -0.0377068 -41690.6 53.2343 
344352 0.0795587 -0.0398772 -40740.8 53.3607 
345168 0.0581382 -0.0122494 -41979.1 53.4874 
345984 0.0289996 0.00754946 -42650.1 53.6139 
346800 0.0540549 -0.0502098 -42850.8 53.7401 
347616 0.0256741 -0.0184634 -43195.1 53.8668 
348432 0.0647488 -0.0379112 -42960.1 53.9932 
349248 0.0443496 -0.0302124 -42632.2 54.1197 
350064 0.0667035 -0.0345671 -42530.7 54.246 
350880 0.067691 -0.0240306 -43571.2 54.3724 
351696 0.0687746 -0.0453013 -42957 54.4987 
352512 0.0331203 -0.0278576 -42242.2 54.6251 
353328 0.0356183 -0.0329342 -42569.2 54.7514 
354144 0.0293161 0.01045 -42970.8 54.8779 
354960 0.0298026 0.00782142 -42395.7 55.0045 
355776 0.0390001 0.000196284 -42934.9 55.1308 
356592 0.0305865 -0.0062164 -43398.6 55.2572 
357408 0.0784908 -0.0629465 -43062 55.3836 
358224 0.0437591 -0.031831 -42631.4 55.51 
359040 0.0334359 -0.00447932 -43181.7 55.6364 
359856 0.0508642 0.00776325 -43840.3 55.7628 
360672 0.0222458 -0.0152872 -43680.9 55.8893 
361488 0.0369928 -0.0321881 -43766.3 56.0158 
362304 0.0343808 -0.0324196 -44085.4 56.1424 
363120 0.0160001 -0.00343219 -44331.8 56.2688 
363936 0.00913011 -0.0084104 -44038.9 56.3953 
364752 0.0196441 0.00961047 -43713.6 56.5216 
365568 0.03966 -0.0323017 -44386.4 56.6478 
366384 0.0331167 -0.0166425 -43926.6 56.7741 
367200 0.0469037 -0.0357298 -43192.3 56.9004 
368016 0.0697645 -0.0363703 -42789.9 57.0268 
368832 0.0540749 -0.0231151 -43743.1 57.1533 
369648 0.0500446 0.00162514 -43241.4 57.2797 
370464 0.0667815 -0.0050092 -43899 57.4059 
371280 0.0495316 -0.00644612 -43775.8 57.5324 
372096 0.0525075 -0.0171147 -43442.4 57.6588 
372912 0.0724634 -0.0413742 -42856.1 57.7855 
373728 0.0596232 -0.026166 -42333.5 57.9119 
374544 0.064217 -0.0345291 -41826.6 58.0386 
375360 0.0588801 -0.0402671 -42227.5 58.1671 
376176 0.0453785 -0.0217702 -41877.1 58.2936 
376992 0.0627066 -0.0229799 -42596 58.4197 
377808 0.0560556 -0.0361809 -42583.6 58.5461 
378624 0.0238836 -0.0235734 -43049.5 58.6725 
379440 0.016956 -0.0167937 -43305.9 58.7988 
380256 0.0410924 -0.0199415 -42464.1 58.9253 
381072 0.0320645 -0.00166581 -42639 59.0515 
381888 0.0357137 0.0225899 -43046.2 59.1778 
382704 0.0234337 0.0214038 -43090.8 59.3041 
383520 0.0429251 0.0345447 -43267.6 59.4304 
384336 0.0541712 0.0476411 -43481.1 59.5567 
385152 0.0453204 0.0399045 -42923.8 59.6833 
385968 0.011727 0.00129904 -42535 59.8097 
386784 0.0342943 -0.0303981 -42990.4 59.9361 
387600 0.0554358 -0.0521708 -43200.9 60.0626 
388416 0.0411052 -0.0228549 -43486.9 60.1889 
389232 0.0514534 -0.049478 -44133.9 60.3153 
390048 0.0608337 -0.0545834 -44618.5 60.4417 
390864 0.0753508 -0.0594394 -44021.4 60.5681 
391680 0.0376905 -0.030149 -43808.4 60.6942 
392496 0.0753969 -0.0530714 -43671.1 60.8205 
393312 0.074079 -0.0279181 -43695 60.9469 
394128 0.0750073 -0.0514938 -43124.3 61.0732 
394944 0.0457959 -0.00191627 -42823.9 61.1997 
395760 0.0414997 -0.0129629 -42965.5 61.3259 
396576 0.0872502 -0.0846729 -43144.4 61.4525 
397392 0.0434074 -0.0374771 -43344.5 61.5789 
398208 0.027002 -0.0221908 -43362.9 61.7053 
399024 0.0378521 -0.0360785 -42921.5 61.8316 
399840 0.0617773 -0.0538718 -42755.9 61.9579 
400656 0.0587272 -0.0468442 -43320.8 62.0844 
401472 0.0303418 -0.0277496 -42437.1 62.2107 
402288 0.0102463 0.00927284 -41995.5 62.3373 
403104 0.0327218 -0.000724625 -42623.9 62.4635 
403920 0.0526101 -0.0294876 -42759.7 62.5901 
404736 0.0565384 -0.0420967 -43426.3 62.7164 
405552 0.0348393 -0.0281171 -43032.1 62.8427 
406368 0.0285386 -0.0252471 -43217 62.9691 
407184 0.0304637 -0.025514 -43817.4 63.0956 
408000 0.0569024 -0.0554236 -42965 63.2222 
408816 0.0207925 0.000838998 -42402.5 63.3488 
409632 0.0277693 0.00671669 -42752.6 63.4753 
410448 0.0322178 0.0177375 -42926.9 63.6018 
411264 0.0492347 0.0375791 -42521.5 63.7284 
412080 0.0417216 -0.0159246 -42611.9 63.8549 
412896 0.0146592 -0.00863847 -41439.8 63.9813 
413712 0.0185301 -0.0175213 -41651.5 64.1081 
414528 0.0286116 -0.0168765 -40794.8 64.2344 
415344 0.0430908 0.0170289 -41682.5 64.3608 
416160 0.0396509 0.0276827 -42100.7 64.487 
416976 0.0524936 -0.00442252 -41840.7 64.6139 
417792 0.0485247 0.0223678 -42088.2 64.7403 
418608 0.0471237 0.0279942 -41759.5 64.8672 
419424 0.048802 0.00128451 -42279.4 64.9938 
420240 0.0413699 0.004827 -42283 65.1204 
421056 0.0363306 0.0208823 -42239.2 65.2474 
421872 0.0362038 0.000974093 -42386.5 65.3742 
422688 0.0273497 -0.0166556 -42603.7 65.5007 
423504 0.0420134 0.0206049 -41483 65.6275 
424320 0.0623798 0.0199645 -42224 65.7542 
425136 0.043504 0.019327 -42834.5 65.8806 
425952 0.0497285 0.021612 -43170.5 66.0073 
426768 0.0585612 0.0375714 -42902.3 66.1338 
427584 0.0397937 0.0362963 -42838.1 66.2606 
428400 0.0393848 0.0197862 -42032.9 66.3871 
429216 0.0546356 0.0444063 -40825.1 66.5137 
430032 0.0348427 0.0162148 -40747.2 66.6403 
430848 0.0501879 0.0426628 -40984.7 66.7667 
431664 0.0606168 0.0539981 -40762.9 66.8934 
432480 0.0281332 0.0163282 -41639.4 67.02 
433296 0.032557 0.0287141 -41524.2 67.1464 
434112 0.0308759 0.0152718 -42830.1 67.273 
434928 0.0542125 0.0485078 -43538 67.3996 
435744 0.0393535 0.020582 -43929 67.5261 
436560 0.0354638 0.0206079 -44528.3 67.6526 
437376 0.0419037 0.0132122 -43544.5 67.7793 
438192 0.054934 0.0251493 -43613.5 67.9088 
439008 0.0663014 0.028796 -42952.4 68.0357 
439824 0.044243 -0.00521666 -42594.1 68.162 
440640 0.044114 0.0412011 -41374.4 68.2887 
441456 0.0319114 -0.0248741 -41998.4 68.4155 
442272 0.0538574 -0.05048 -42419.4 68.5423 
443088 0.0470281 -0.036103 -41873 68.6689 
443904 0.0253263 -0.0100299 -42558.5 68.7954 
444720 0.0256883 -0.0179684 -42283.7 68.9218 
445536 0.0238573 -0.0119097 -41807.8 69.0483 
446352 0.0425532 -0.0407145 -40735.3 69.1749 
447168 0.0379885 -0.0334204 -42070.3 69.3014 
447984 0.0399771 -0.00899666 -42674.3 69.4279 
448800 0.0435085 0.0017185 -42063.9 69.5543 
449616 0.0502442 -0.0213414 -42186.8 69.6807 
450432 0.0207087 0.00212553 -42284.8 69.8071 
451248 0.0490628 -0.0469113 -41566.2 69.9339 
452064 0.0518645 -0.0482856 -41467.7 70.0607 
452880 0.0549245 -0.0419334 -41284.6 70.1873 
453696 0.0634636 -0.0142762 -41404.3 70.3137 
454512 0.0827507 -0.00426558 -42463.9 70.4404 
455328 0.0664382 -0.0462899 -43104.6 70.5668 
456144 0.0838083 -0.0298985 -41903.4 70.6933 
456960 0.0537538 -0.00643777 -42716.7 70.82 
457776 0.0643423 -0.026686 -42754.1 70.9469 
458592 0.0839399 0.00595934 -42948.8 71.0736 
459408 0.0503394 -0.0192792 -42624 71.2 
460224 0.0337318 -0.0221198 -43004.8 71.3266 
461040 0.0391272 -0.015793 -42781.7 71.4525 
461856 0.0404568 -0.0168872 -42855.7 71.579 
462672 0.036291 0.00716016 -42782.4 71.7055 
463488 0.0466633 -0.018257 -43176.8 71.8322 
464304 0.0514774 -0.048314 -42357.2 71.9587 
465120 0.0483854 -0.0453895 -42629.2 72.0853 
465936 0.0505082 -0.0426658 -41208.6 72.2119 
466752 0.0563465 -0.0425318 -41104.1 72.3385 
467568 0.0376907 0.0134347 -42097.9 72.4648 
468384 0.0416822 -0.00674325 -43010.9 72.5911 
469200 0.0263855 -0.0033593 -43206.1 72.7178 
470016 0.037703 -0.00479096 -43138.1 72.8443 
470832 0.0543204 0.00929298 -42902.6 72.9708 
471648 0.0361944 0.0215283 -41989.3 73.0977 
472464 0.0247047 0.0119607 -41152.7 73.2243 
473280 0.0344355 -0.0192098 -42169.2 73.3512 
474096 0.0721223 -0.0641374 -42240.6 73.4779 
474912 0.0609333 -0.0352687 -41943.6 73.6047 
475728 0.0658258 -0.0423732 -41801.8 73.7312 
476544 0.0671567 -0.0575621 -43024.9 73.8579 
477360 0.0282087 0.00195643 -43645 73.9845 
478176 0.0209032 0.00116843 -42833.7 74.111 
478992 0.0751629 -0.0490268 -43523.8 74.2374 
479808 0.0489459 -0.0286009 -42511.9 74.3641 
480624 0.0460317 -0.0421838 -41778.6 74.4908 
481440 0.0358434 -0.00248369 -42680.9 74.6174 
482256 0.0322565 -0.00295368 -43825.5 74.744 
483072 0.0424314 -0.0395995 -43579.7 74.8706 
483888 0.0534584 -0.0499985 -43302.5 74.9974 
484704 0.0456155 -0.0344954 -43075.3 75.1243 
485520 0.0466434 -0.00195837 -42934.3 75.251 
486336 0.079739 -0.0309725 -42188.5 75.3776 
487152 0.0773278 -0.0303773 -42833.7 75.5045 
487968 0.058786 -0.00953146 -43237.8 75.6313 
488784 0.0145487 -0.00909694 -42753.4 75.758 
489600 0.0200957 0.0168744 -42082.2 75.8846 
490416 0.0292316 -0.0224585 -42358.5 76.0111 
491232 0.011322 0.00267325 -42558.7 76.1378 
492048 0.0242488 -0.0236272 -43019.3 76.2643 
492864 0.0281472 -0.0198889 -43102.3 76.3908 
493680 0.0403972 -0.0268316 -42536.6 76.5174 
494496 0.0125803 -0.00069603 -42776.3 76.644 
495312 0.0419194 0.0135299 -43181.3 76.7704 
496128 0.0460708 0.0317245 -43082.7 76.897 
496944 0.0174649 0.00999537 -42773.5 77.0237 
497760 0.0380518 0.00741505 -42120.6 77.1504 
498576 0.0638622 -0.0160644 -42246.5 77.277 
499392 0.0515023 0.00823907 -42237.7 77.4035 
500208 0.0398002 0.0308878 -43468.5 77.5298 
501024 0.0208775 0.00816701 -43657 77.6565 
501840 0.0360632 -0.00492555 -43264.3 77.7832 
502656 0.0436527 -0.00189989 -43389.4 77.91 
503472 0.0518154 -0.0351396 -43111.9 78.0366 
504288 0.043657 0.00516795 -42914 78.163 
505104 0.0319705 0.0127916 -43293.7 78.2897 
505920 0.0334528 0.0180364 -43576.5 78.4163 
506736 0.0503024 0.00888462 -44311.8 78.5432 
507552 0.0717222 0.0291907 -43124.4 78.6703 
508368 0.0461864 -0.0101729 -42638.7 78.7969 
509184 0.0417056 -0.0339471 -41803.2 78.9236 
510000 0.0748053 -0.0455326 -42279.8 79.0504 
510816 0.0479585 -0.0239748 -42700.6 79.1773 
511632 0.0390657 -0.0296265 -43868.2 79.3041 
512448 0.0408099 -0.0172349 -43470.4 79.4308 
513264 0.0277928 0.0110322 -44226.3 79.5573 
514080 0.0418937 0.031622 -43871.2 79.6836 
514896 0.0228631 0.0123087 -42697.5 79.8103 
515712 0.0341118 -0.0281573 -42279.7 79.9368 
516528 0.0416572 -0.00704751 -42090.5 80.0635 
517344 0.0411917 0.0019569 -41400.6 80.1899 
518160 0.0293479 0.00556649 -42033.4 80.3164 
518976 0.0490899 -0.044208 -41187.2 80.4422 
519792 0.0517787 -0.0419579 -41609 80.5686 
520608 0.0943075 -0.0711336 -43051.3 80.6953 
521424 0.0680509 -0.0547239 -42983.6 80.822 
522240 0.0581102 -0.0453156 -42457.6 80.9485 
523056 0.054938 -0.0111724 -43306.8 81.0748 
523872 0.0557666 0.00962017 -43055.2 81.2016 
524688 0.0519371 0.00527826 -43538 81.3281 
525504 0.0496018 0.00313351 -42561.4 81.4546 
526320 0.0452185 -0.0407967 -42244.8 81.5812 
527136 0.0624726 -0.0496918 -43024.4 81.7076 
527952 0.0410827 -0.0244398 -43027.7 81.8342 
528768 0.0675128 -0.0302513 -43125.6 81.9617 
529584 0.0673705 -0.0469822 -42624.3 82.0882 
530400 0.0370065 -0.0156971 -41605.8 82.2149 
531216 0.067323 -0.058514 -41543.2 82.3416 
532032 0.069247 -0.0582817 -42013.8 82.4682 
532848 0.0802951 -0.0783865 -42174.6 82.5947 
533664 0.0446636 -0.0123863 -41300.8 82.7214 
534480 0.0419079 -0.0122109 -41972.9 82.8479 
535296 0.0532126 -0.0205576 -42125.8 82.9745 
536112 0.0685297 -0.0289533 -42859.9 83.1012 
536928 0.0629553 -0.0262078 -43097.9 83.2277 
537744 0.0487984 -0.0133533 -42677.4 83.3547 
538560 0.0690191 -0.0129481 -43044.7 83.4813 
539376 0.0691669 0.00286843 -43325.2 83.608 
540192 0.070878 -0.0371065 -43593.3 83.7346 
541008 0.0446912 -0.0370214 -43281.8 83.8611 
541824 0.0215284 -0.0147741 -42658.9 83.9877 
542640 0.0275556 0.00674204 -42871.3 84.1142 
543456 0.0116872 -0.000910119 -42330.4 84.241 
544272 0.0138952 -0.00858724 -41969.7 84.3675 
545088 0.037558 0.00660637 -41388.6 84.494 
545904 0.0681589 0.067068 -42555.3 84.6205 
546720 0.0437617 0.0342742 -43175.6 84.7472 
547536 0.0370937 0.0281059 -42877.7 84.8739 
548352 0.027553 0.0140463 -41973.6 85.0006 
549168 0.0342551 -0.0199737 -41888.9 85.1273 
549984 0.0674777 -0.0560515 -42244.1 85.2556 
550800 0.083407 -0.0404232 -42434.3 85.3825 
551616 0.0510621 0.00225787 -42308.1 85.5091 
552432 0.0415735 -0.0270481 -42392 85.6356 
553248 0.0457626 -0.0390778 -42648.4 85.7621 
554064 0.0195643 0.00733892 -43111.3 85.8884 
554880 0.0367846 -0.00772079 -43611.4 86.0149 
555696 0.0282343 -0.00429175 -42857.5 86.1413 
556512 0.0414684 -5.66799e-05 -43144.1 86.2678 
557328 0.0499659 0.0261359 -43567.2 86.3942 
558144 0.0188414 0.0008223 -43871.8 86.5207 
558960 0.0377186 0.0307892 -44304.8 86.6473 
559776 0.0322782 0.00737783 -43206.3 86.7739 
560592 0.0518026 0.044899 -42914 86.9006 
561408 0.0407312 0.0263481 -42636.2 87.0273 
562224 0.0413549 0.0175051 -42218 87.1542 
563040 0.0592918 0.0346049 -42793.1 87.2807 
563856 0.0553669 0.0262959 -43390.9 87.4071 
564672 0.0368075 0.0153726 -43961.7 87.5337 
565488 0.0587852 0.0170313 -44453.5 87.6601 
566304 0.0547329 0.0205317 -43774.8 87.7868 
567120 0.0798065 0.033024 -43727.8 87.9132 
567936 0.0622868 0.00536651 -43282.9 88.0396 
568752 0.0644493 0.00446611 -43765.5 88.1663 
569568 0.0613355 0.0229287 -43836.9 88.2928 
570384 0.0405504 0.0151012 -43777.6 88.4196 
571200 0.0459825 -0.0148174 -43882.3 88.5461 
572016 0.0510942 -0.0336291 -43099.2 88.6727 
572832 0.0737029 -0.0498495 -43173.6 88.7992 
573648 0.0746225 -0.00266313 -43536.4 88.9258 
574464 0.0731621 -0.0278534 -44515.1 89.0525 
575280 0.0733585 -0.0388643 -43846.9 89.1791 
576096 0.0594457 0.0200503 -43032.4 89.3059 
576912 0.0461147 -0.030729 -43663.4 89.4325 
577728 0.0399107 -0.0104647 -42816.7 89.5591 
578544 0.0509578 0.029887 -41851 89.6857 
579360 0.0329158 -0.0238613 -42342.5 89.8122 
580176 0.0393623 -0.009004 -42449 89.9389 
580992 0.0478286 -0.0108399 -42735.1 90.0653 
581808 0.039253 0.0110565 -42461.3 90.1918 
582624 0.0355147 -0.000380171 -43261.2 90.3185 
583440 0.0392847 0.00625229 -43056.4 90.4451 
584256 0.0206642 0.0200605 -42437.5 90.5718 
585072 0.046225 0.0335271 -43541.3 90.6985 
585888 0.0257129 0.00161437 -43339.1 90.8249 
586704 0.0398116 -0.0302933 -44276.8 90.9514 
587520 0.0314418 -0.0287297 -43836.7 91.0783 
588336 0.0596678 -0.0370677 -43457 91.205 
589152 0.0599538 -0.0415434 -42995.2 91.3314 
589968 0.036107 0.00352867 -42850.4 91.4578 
590784 0.0443148 -0.00881813 -42552 91.5844 
591600 0.0738893 -0.0502439 -44201.9 91.7109 
592416 0.0978329 -0.0888709 -42932.7 91.8375 
593232 0.0731492 -0.0728532 -42653.8 91.9642 
594048 0.0364503 -0.00593456 -42261 92.0908 
594864 0.0352047 -0.00166268 -43395.5 92.2176 
595680 0.0578245 -0.0197723 -42973.1 92.3442 
596496 0.0352377 0.0134326 -43272.1 92.4707 
597312 0.0517539 0.0392379 -43761.1 92.5974 
598128 0.066852 0.0478694 -43855.9 92.7241 
598944 0.0378159 0.021507 -43294.5 92.8507 
599760 0.036271 0.00371954 -43005.5 92.9771 
600576 0.0610622 -0.0205415 -43369.2 93.1039 
601392 0.0335852 -0.0161009 -43893.6 93.2311 
602208 0.0324585 0.012693 -43424.8 93.3576 
603024 0.0260043 0.0254024 -43284 93.4841 
603840 0.0389111 0.0160246 -42975.9 93.6108 
604656 0.0399298 -0.01081 -41909 93.7377 
605472 0.0376617 -0.00491664 -41931.9 93.8643 
606288 0.0435929 -0.0015595 -42789.1 93.9908 
607104 0.0331678 -0.0211258 -41898.8 94.1175 
607920 0.0659128 -0.0272836 -41357.3 94.2443 
608736 0.039587 0.00259902 -41703.4 94.371 
609552 0.04651 0.0195867 -42176.2 94.4979 
610368 0.0193011 -0.00174525 -42034.9 94.623 
611184 0.031532 0.0285959 -41430.9 94.7497 
612000 0.0256485 0.00377199 -41579.3 94.8763 
612816 0.0212696 0.00155239 -41405.6 95.0036 
613632 0.0364025 0.0164519 -41931.9 95.1304 
614448 0.0102469 -0.00284966 -42138.8 95.2569 
615264 0.0273577 0.0251822 -40558.6 95.3834 
616080 0.0216284 -0.00147904 -40736 95.5099 
616896 0.0471359 -0.0180003 -41582.4 95.6363 
617712 0.0429351 -0.000210876 -41779.1 95.763 
618528 0.0196063 0.00179967 -41993.6 95.8895 
619344 0.0262113 -0.0244032 -42327.4 96.0159 
620160 0.0332285 -0.0277663 -41957.4 96.1424 
620976 0.0577008 -0.0199611 -41715.5 96.269 
621792 0.0642902 -0.0396988 -42100.4 96.3954 
622608 0.0605179 0.0383551 -41766.4 96.522 
623424 0.0357376 0.0237646 -41771.4 96.6485 
624240 0.0105507 0.00810332 -40958 96.7749 
625056 0.0410371 -0.0381475 -41179.5 96.9016 
625872 0.0572053 -0.0157988 -42024 97.0279 
626688 0.0390595 0.00880312 -41216.3 97.1543 
627504 0.0247458 -0.00147665 -40928.5 97.2809 
628320 0.0406591 0.00635028 -41620.4 97.4075 
629136 0.0446364 0.0416833 -41083.5 97.5338 
629952 0.0265808 0.0159511 -40850.4 97.6603 
630768 0.0489516 -0.0363286 -41537.8 97.7871 
631584 0.0683215 -0.0351867 -42064.6 97.9135 
632400 0.0609923 -0.0487651 -42240.6 98.0399 
633216 0.0397709 -0.0172097 -42367.4 98.1665 
634032 0.0574619 0.0252507 -43351.1 98.2932 
634848 0.0601521 -0.00129089 -42630.4 98.4197 
635664 0.0876346 -0.00118897 -43285.6 98.5461 
636480 0.0848908 -0.0133978 -42601.6 98.6727 
637296 0.0807865 -0.0415498 -43087.9 98.7993 
638112 0.0971284 -0.00910001 -42549.5 98.926 
638928 0.0772048 -0.0255548 -42264.1 99.0525 
639744 0.0667238 -0.0411032 -42827.6 99.179 
640560 0.0538037 -0.00696314 -42612.5 99.3057 
641376 0.0457884 -0.022642 -41302.4 99.432 
642192 0.0479359 -0.00396989 -40867.6 99.5583 
643008 0.0537866 -0.0230215 -40392 99.685 
643824 0.0607676 -0.0415445 -41083.5 99.8119 
644640 0.106328 0.0405848 -42619.2 99.9387 
645456 0.0618508 -0.0108049 -42365.2 100.065 
646272 0.0492923 -0.0107883 -42698.2 100.192 
647088 0.0489985 -0.0182839 -41841.1 100.318 
647904 0.0566178 -0.0369901 -42179.2 100.445 
648720 0.0362838 -0.0136323 -42814.2 100.571 
649536 0.0505124 0.0343431 -43773.4 100.698 
650352 0.0521928 0.0297447 -43041.5 100.824 
651168 0.0462634 0.0209607 -43485.5 100.951 
651984 0.0356506 0.0240704 -43081.4 101.078 
652800 0.0214733 -0.015207 -43367.6 101.204 
653616 0.0253726 -0.00572875 -42765.7 101.331 
654432 0.0541617 0.0281286 -43147.4 101.458 
655248 0.0305758 -0.0173168 -43497.5 101.584 
656064 0.0381009 -0.0291142 -43934.5 101.71 
656880 0.0467511 -0.037178 -44214.1 101.837 
657696 0.0255252 -0.0206546 -43957.3 101.964 
658512 0.0878765 -0.0749602 -43672.3 102.091 
659328 0.0756151 -0.0610292 -43951.7 102.217 
660144 0.0669417 -0.0288183 -44281.4 102.343 
660960 0.0419692 -0.000195359 -43954 102.47 
661776 0.0590952 0.0120938 -44358.7 102.597 
662592 0.0425764 -0.0103172 -44753.7 102.723 
663408 0.0583594 -0.0118534 -44113.7 102.85 
664224 0.041646 0.00239925 -43755.6 102.976 
665040 0.0477522 -0.00870534 -43468.6 103.103 
665856 0.0673932 -0.00418064 -43487.8 103.229 
666672 0.0604961 -0.0157956 -42819.1 103.356 
667488 0.0450507 -0.025505 -42299.7 103.483 
668304 0.0504155 -0.0458143 -41682.1 103.609 
669120 0.0332717 -0.0288061 -41314.7 103.735 
669936 0.018057 0.014406 -41106.1 103.862 
670752 0.0363555 0.0289155 -41013.2 103.988 
671568 0.046127 -0.0301883 -41281.1 104.115 
672384 0.041716 -0.0300634 -41497.3 104.241 
673200 0.00883993 -0.00621784 -41891.6 104.368 
674016 0.0082611 -0.0068359 -41782.6 104.495 
674832 0.0102759 -0.00282655 -42195.7 104.621 
675648 0.0242443 -0.0186927 -42544.7 104.748 
676464 0.0436536 -0.0334905 -43110.6 104.874 
677280 0.0440006 -0.0352043 -42853.9 105.001 
678096 0.0454507 -0.0155351 -44512.7 105.127 
678912 0.0392244 -0.0214826 -43866.3 105.254 
679728 0.0372475 -0.0326307 -44770.3 105.381 
680544 0.0546206 -0.0442827 -43927 105.508 
681360 0.0732422 -0.0301915 -43292.9 105.635 
682176 0.0563801 -0.0108814 -42743.8 105.762 
682992 0.0607404 -0.0148662 -42273.2 105.889 
683808 0.0714818 0.0208895 -41991.3 106.016 
684624 0.0661658 -0.0237932 -42582.4 106.143 
685440 0.0359309 0.0136851 -42935.9 106.271 
686256 0.0617849 0.0298654 -42625.3 106.398 
687072 0.0496582 0.0311398 -44047.2 106.524 
687888 0.0897358 0.0550215 -44242.9 106.651 
688704 0.0354125 -0.00866434 -44175.1 106.778 
689520 0.0628617 0.0233258 -44229.2 106.904 
690336 0.0350312 0.0237867 -43748.5 107.031 
691152 0.0553075 0.0429262 -43452.9 107.157 
691968 0.102128 0.0837122 -43548.7 107.284 
692784 0.106721 0.0837166 -43659.1 107.41 
693600 0.0727099 0.0536087 -44305.4 107.537 
694416 0.108862 0.0752224 -44631.3 107.664 
695232 0.08167 0.0373177 -43941.4 107.79 
696048 0.0583013 0.0240478 -44110.8 107.917 
696864 0.0688632 -0.0194761 -43480.7 108.043 
697680 0.0591214 -0.0226142 -43890.3 108.17 
698496 0.032121 -0.00106032 -43788.9 108.297 
699312 0.0164682 0.0136389 -43575.5 108.423 
700128 0.00754525 -0.00421392 -43311.7 108.55 
700944 0.00885038 0.00884071 -42638.1 108.677 
701760 0.0214599 0.0104897 -42822 108.803 
702576 0.0650651 0.0598856 -42773.3 108.929 
703392 0.0385397 0.0233218 -41818.9 109.056 
704208 0.0306742 0.000608576 -41333.4 109.183 
705024 0.0371994 0.00570053 -41937.5 109.309 
705840 0.0564423 -0.0122281 -41457.1 109.436 
706656 0.0623847 -0.0191332 -41798.6 109.562 
707472 0.049368 0.000712947 -41741.3 109.689 
708288 0.0344765 0.00281838 -41651.5 109.815 
709104 0.0330156 -0.00246748 -42047 109.942 
709920 0.0568088 -0.00741026 -42597 110.069 
710736 0.059716 -0.0411622 -41646.9 110.195 
711552 0.0380565 -0.0301407 -42048.2 110.322 
712368 0.0508479 -0.027497 -42099.1 110.448 
713184 0.0388443 -0.0296362 -42049.7 110.575 
714000 0.0388374 -0.0295116 -43206.9 110.701 
714816 0.0518425 -0.0170025 -42773.4 110.828 
715632 0.0498087 -0.0427351 -42283.9 110.955 
716448 0.0684815 -0.0160509 -42001.3 111.081 
717264 0.0478765 -0.0195 -42192 111.208 
718080 0.0608245 -0.0468522 -41764.9 111.335 
718896 0.0465327 -0.0385043 -40842.4 111.462 
719712 0.0269792 -0.00947146 -40590 111.588 
720528 0.0332502 -0.0148661 -39818 111.715 
721344 0.0380237 -0.014597 -39760 111.842 
722160 0.0341853 -0.00994095 -40608.4 111.968 
722976 0.0486514 -0.0298453 -41267.6 112.095 
723792 0.0531191 -0.0339525 -40847.4 112.221 
724608 0.0530477 -0.0493634 -41095.4 112.348 
725424 0.0807005 -0.0537698 -41684.8 112.475 
726240 0.0871803 -0.0388455 -41134.2 112.601 
727056 0.0604644 -0.00674442 -41167.2 112.728 
727872 0.0571508 -0.0135257 -42251.7 112.855 
728688 0.0350057 -0.00723676 -41317.3 112.981 
729504 0.0176563 -0.00984275 -41342.1 113.108 
730320 0.0475694 -0.00246328 -41932.1 113.234 
731136 0.0381377 -0.0180955 -42667.9 113.361 
731952 0.0316382 -0.0220721 -42871.4 113.487 
732768 0.0441994 -0.0264148 -42658.5 113.614 
733584 0.0425619 -0.0163365 -43209 113.74 
734400 0.0681089 -0.0454984 -42621 113.867 
735216 0.0771596 -0.0464921 -42440.5 113.993 
736032 0.083521 -0.0711549 -42622.4 114.12 
736848 0.0168828 -0.0158555 -42494 114.246 
737664 0.0285743 -0.022697 -43075.5 114.373 
738480 0.0175422 -0.000848104 -42123.2 114.5 
739296 0.0182509 0.00479329 -42507.9 114.626 
740112 0.018862 0.00552807 -42215.5 114.752 
740928 0.0206676 -0.0199359 -42129.2 114.879 
741744 0.0144321 -0.0104481 -43063.2 115.005 
742560 0.0293368 -0.0137034 -41916.8 115.132 
743376 0.0460057 -0.026886 -41825.6 115.259 
744192 0.0252124 -0.0105653 -40992.5 115.385 
745008 0.0382965 -0.0137028 -41572.6 115.512 
745824 0.0665183 -0.0447327 -42152 115.638 
746640 0.0110666 -0.010608 -42231.7 115.765 
747456 0.0391169 0.00169032 -42908 115.892 
748272 0.037343 -0.0010037 -43302.2 116.018 
749088 0.0359099 0.00816301 -43109.7 116.145 
749904 0.0449512 0.0266605 -43194.2 116.271 
750720 0.0108313 -0.00757287 -43219.7 116.398 
751536 0.0121248 -0.00418549 -43311.4 116.525 
752352 0.0399439 0.0326167 -43100.9 116.651 
753168 0.0270884 0.0248733 -42695.1 116.778 
753984 0.0436241 0.0148027 -42790.5 116.904 
754800 0.101155 0.0616225 -44287.6 117.031 
755616 0.0615181 0.027632 -42584.4 117.157 
756432 0.0564798 0.0425854 -44235.2 117.284 
757248 0.0400203 0.0357321 -44348 117.411 
758064 0.0539064 0.0403505 -43482 117.537 
758880 0.030857 0.0153337 -43868.3 117.664 
759696 0.0158633 0.0136067 -43365.4 117.791 
760512 0.0161413 -0.00801588 -43273.1 117.917 
761328 0.058079 -0.0113798 -42779.5 118.044 
762144 0.0686029 -0.0254468 -42779.2 118.17 
762960 0.0655668 -0.0448022 -43869.2 118.297 
763776 0.0759906 -0.0673936 -44261.6 118.423 
764592 0.0614348 -0.052227 -43840.7 118.55 
765408 0.0561237 -0.0242403 -43821.9 118.677 
766224 0.0840059 -0.0532972 -43427.4 118.803 
767040 0.115518 -0.0899296 -43102.5 118.93 
767856 0.118795 -0.093645 -42350 119.057 
768672 0.093142 -0.0842447 -42320.8 119.183 
769488 0.0770434 -0.0703065 -42048 119.31 
770304 0.0365822 -0.0314926 -42589.1 119.437 
771120 0.0473611 -0.0446386 -42832.6 119.564 
771936 0.0266362 -0.0208708 -43033.3 119.691 
772752 0.0247066 0.0231777 -42700.2 119.818 
773568 0.0267042 -0.007704 -42609.5 119.945 
774384 0.0352113 -0.0305726 -43181.5 120.071 
775200 0.0552127 -0.0294709 -43217.9 120.198 
776016 0.0674674 -0.0309017 -43255.1 120.324 
776832 0.0533801 -0.0092047 -44014.3 120.451 
777648 0.0434512 -0.0282743 -42941.3 120.577 
778464 0.0416188 -0.0203397 -42650.7 120.704 
779280 0.0261318 -0.0077602 -43226.7 120.83 
780096 0.069804 -0.0368609 -43470 120.957 
780912 0.0330544 -0.0143 -43602.4 121.083 
781728 0.0485677 0.0168083 -44440.5 121.21 
782544 0.0445 -0.0246483 -43328.7 121.336 
783360 0.0292027 -0.0175631 -42627.6 121.463 
784176 0.0465535 -0.00597213 -42252 121.589 
784992 0.0458103 -0.00998386 -42092.3 121.716 
785808 0.062877 -0.0549981 -41281.7 121.842 
786624 0.0567549 -0.0213208 -41612.1 121.969 
787440 0.059503 -0.0358581 -41594.9 122.096 
788256 0.0451525 -0.0253491 -42177.8 122.222 
789072 0.0189266 -0.0112034 -40747.7 122.349 
789888 0.0274424 -0.019089 -40024.3 122.476 
790704 0.0272091 -0.0258486 -39874.8 122.602 
791520 0.0378642 -0.029574 -40376.8 122.729 
792336 0.0338054 -0.0301992 -41208.3 122.855 
793152 0.0434513 -0.0393945 -40849.5 122.982 
793968 0.0291526 -0.0104664 -40994.6 123.108 
794784 0.0239767 0.0212731 -41576.7 123.235 
795600 0.0263181 -0.00163252 -41455.2 123.362 
796416 0.0139349 2.35737e-05 -41573.9 123.488 
797232 0.0441966 0.00806858 -41941.5 123.615 
798048 0.051958 0.00237949 -41694.2 123.741 
798864 0.0531641 0.0242116 -41634.3 123.868 
799680 0.0505182 0.0186928 -41843.6 123.994 
800496 0.0281303 0.0264764 -42354.3 124.121 
801312 0.0269271 0.0194334 -42259.8 124.247 
802128 0.0615313 0.0126424 -42297.8 124.374 
802944 0.055746 0.00321634 -41726.3 124.501 
803760 0.0360718 0.00409913 -42371.9 124.627 
804576 0.0225701 0.0138635 -42443.2 124.754 
805392 0.0342505 0.0125577 -42045.3 124.881 
806208 0.0311285 0.0262719 -42169.2 125.008 
807024 0.029872 0.0192345 -42147.8 125.134 
807840 0.0606112 0.0561313 -42156.3 125.261 
808656 0.040788 0.0353716 -42309 125.387 
809472 0.0488677 0.0161001 -42749.3 125.514 
810288 0.0534792 -0.0417805 -42736 125.641 
811104 0.0458567 -0.0173427 -42380.2 125.767 
811920 0.0244432 0.000245592 -42471.1 125.893 
812736 0.0355386 -0.0121539 -42783.9 126.02 
813552 0.0129647 -0.00463825 -43054.2 126.15 
814368 0.0099899 -0.00280815 -42836 126.276 
815184 0.00593179 0.00404452 -43143.3 126.403 
