0 0.0294312 0.00689735 -34031.4 0 
816 0.0464578 -0.00903179 -35946.7 0.141941 
1632 0.0501886 0.0272436 -36982 0.282794 
2448 0.0244128 0.0138445 -37635.4 0.425459 
3264 0.05362 -0.0407626 -39276.8 0.567186 
4080 0.028213 -0.0231521 -39398.5 0.709583 
4896 0.0189512 0.00166765 -40117 0.851473 
5712 0.030221 -0.00763464 -40648.2 0.993071 
6528 0.0536873 0.0434843 -40553.1 1.13418 
7344 0.0415803 0.00867052 -41914.8 1.27615 
8160 0.0265358 -0.0198014 -42083.9 1.41772 
8976 0.0300335 0.000749353 -42312.3 1.55824 
9792 0.040622 -0.00590289 -42453.3 1.69969 
10608 0.0600454 0.01984 -42296.1 1.8422 
11424 0.0587826 0.0314181 -41617.2 1.98303 
12240 0.0460656 0.0131675 -41886.1 2.1245 
13056 0.0170076 0.0138491 -42984.7 2.26629 
13872 0.0389678 -0.0249597 -42352.2 2.40641 
14688 0.0356597 -0.0242055 -42151.2 2.54817 
15504 0.0184182 -0.0159878 -42077.5 2.68996 
16320 0.022015 -0.0157306 -42355.4 2.83054 
17136 0.0325507 -0.0228473 -42566.6 2.97116 
17952 0.0328388 -0.030439 -42533.6 3.11291 
18768 0.0287945 -0.018486 -42614.4 3.25456 
19584 0.0210408 -0.0104061 -43203.7 3.39509 
20400 0.035914 -0.00282363 -42760.1 3.53414 
21216 0.0328082 0.0118809 -43093.7 3.6743 
22032 0.0610807 0.0344564 -43422.2 3.81459 
22848 0.0482642 0.0390611 -43088.8 3.95656 
23664 0.0728154 0.061954 -42695.5 4.09839 
24480 0.0742162 0.0633917 -42814.8 4.24054 
25296 0.0574824 0.0277687 -43031.9 4.38255 
26112 0.0513302 0.0454294 -42912.8 4.52147 
26928 0.0694751 0.0488537 -42281.4 4.66118 
27744 0.0480076 0.0352777 -42116.1 4.80124 
28560 0.0389625 0.0324023 -42280.3 4.94144 
29376 0.0513116 0.0496772 -42143 5.082 
30192 0.0243923 0.0204407 -42410.2 5.22225 
31008 0.0378489 0.0360081 -42084.2 5.36272 
31824 0.046355 0.0448792 -42644.7 5.50391 
32640 0.00769859 0.00596623 -42588.6 5.64398 
33456 0.039251 -0.0288721 -42010.2 5.78478 
34272 0.0426774 -0.0389262 -42350.2 5.92732 
35088 0.0353845 -0.0228036 -41925.7 6.06726 
35904 0.0498658 -0.023894 -41752.6 6.20835 
36720 0.0302483 -0.000944596 -41849.5 6.35046 
37536 0.0236215 0.00571486 -42638.9 6.49397 
38352 0.049439 -0.00600692 -42509.8 6.63585 
39168 0.0420096 -0.0263577 -42824.4 6.77804 
39984 0.0549472 0.0371473 -42988.4 6.92002 
40800 0.0465424 0.0333228 -42806.4 7.06121 
41616 0.0418449 0.0168615 -42435.1 7.20318 
42432 0.0594304 0.0353052 -42801.3 7.34444 
43248 0.035856 0.0258406 -42789.8 7.4869 
44064 0.0411473 0.0150853 -42999.8 7.62864 
44880 0.0535515 0.0248121 -42757.7 7.76908 
45696 0.061791 -0.00874212 -42761.3 7.91092 
46512 0.0796317 -0.0349745 -42637.4 8.05281 
47328 0.0670858 0.00445373 -42391.9 8.19512 
48144 0.0810429 -0.0142126 -42428.4 8.33576 
48960 0.0751983 -0.00472592 -42430.3 8.47723 
49776 0.0467362 0.00280862 -42651.3 8.61872 
50592 0.073043 -0.0178355 -42913.8 8.76065 
51408 0.0679222 -0.0284937 -42746.4 8.9023 
52224 0.0704165 -0.0185397 -43114.6 9.04292 
53040 0.0603235 0.0272996 -43470 9.18478 
53856 0.0367718 0.00558245 -43679 9.32719 
54672 0.0361624 0.0333467 -43944.9 9.46814 
55488 0.0420637 0.0314062 -44162.6 9.60716 
56304 0.0196905 0.00810617 -42932.9 9.74955 
57120 0.0563118 0.0310197 -42648.4 9.89149 
57936 0.0746565 0.0491663 -42198.3 10.0329 
58752 0.06876 0.0465174 -42688.2 10.1726 
59568 0.0491678 0.0257815 -42551.1 10.3138 
60384 0.0523364 0.033781 -43935.5 10.4553 
61200 0.0512278 0.0255616 -44050.2 10.5951 
62016 0.0743979 0.04116 -44067.7 10.7367 
62832 0.0570757 0.0395933 -43691.9 10.8777 
63648 0.0560473 0.0431314 -43687.1 11.0189 
64464 0.0760981 0.0446107 -43637.3 11.1597 
65280 0.0564754 -0.0166871 -43404.8 11.2993 
66096 0.0635506 -0.00633901 -43483.4 11.4402 
66912 0.0562516 -0.00772251 -43333.9 11.5816 
67728 0.0491451 -0.0200953 -43442.1 11.7218 
68544 0.0441484 -0.00744913 -42797 11.8631 
69360 0.0429009 0.0204423 -42427.4 12.0044 
70176 0.0290846 0.00336817 -43316.7 12.1459 
70992 0.0478069 0.0378923 -44069.6 12.2872 
71808 0.0619863 0.0598775 -43053.3 12.428 
72624 0.0297462 0.0179145 -43801.3 12.5694 
73440 0.0733512 0.0594444 -43380.1 12.7116 
74256 0.0660809 0.0415592 -43546 12.8529 
75072 0.099347 0.0850432 -43748.4 12.9937 
75888 0.0941317 0.0561189 -43817 13.1348 
76704 0.0810664 0.00484634 -44025.6 13.2764 
77520 0.0692235 0.0348438 -43983.4 13.4178 
78336 0.0312818 0.0237703 -43404.7 13.5582 
79152 0.0472245 0.0328973 -43198.3 13.6988 
79968 0.0529967 0.0435146 -43219.8 13.8402 
80784 0.025833 -0.00349489 -42513.4 13.9817 
81600 0.063288 -0.0408387 -42582.6 14.1229 
82416 0.0147515 -0.00814755 -42601.9 14.2637 
83232 0.0202962 -0.00735186 -42287.4 14.4037 
84048 0.0388968 -0.0242282 -42752.5 14.5446 
84864 0.0228254 0.0226926 -43747.8 14.6858 
85680 0.0318178 0.00914056 -43216.5 14.8266 
86496 0.0217054 -0.00847762 -42616.7 14.9677 
87312 0.0545946 -0.0400821 -42175.8 15.1108 
88128 0.0503109 -0.0390726 -42475.6 15.2523 
88944 0.0732053 -0.04172 -43445.2 15.396 
89760 0.0544643 -0.0211547 -43540.7 15.5395 
90576 0.0478668 -0.0331659 -43112.5 15.6811 
91392 0.0408076 -0.0128404 -43043.4 15.8254 
92208 0.0384101 -0.0381581 -42993.7 15.9697 
93024 0.0292951 -0.0238555 -42971 16.1132 
93840 0.0402644 0.011979 -43413.7 16.2574 
94656 0.0452587 0.0370774 -41866.6 16.401 
95472 0.0560888 0.0354138 -42422.7 16.5449 
96288 0.0541819 0.0222911 -42497.8 16.6876 
97104 0.0573137 0.0260752 -42886.4 16.8301 
97920 0.085441 -0.0313632 -41981.6 16.9717 
98736 0.0433632 -0.00759244 -41475 17.115 
99552 0.0542277 0.0294837 -40648.3 17.2562 
100368 0.053123 0.0151743 -41104.9 17.3994 
101184 0.066312 0.00128231 -41469.1 17.5426 
102000 0.0471886 0.0191593 -42039.8 17.6861 
102816 0.057836 0.0363754 -42002.5 17.8305 
103632 0.0339174 0.0177234 -42324.4 17.9742 
104448 0.0300448 0.0115786 -42815 18.1177 
105264 0.0620922 0.0471696 -42645.4 18.2599 
106080 0.0486043 0.000614616 -42888 18.4035 
106896 0.055096 0.0120043 -42478.2 18.5467 
107712 0.0372101 0.0348553 -42664 18.689 
108528 0.0341262 0.0142629 -41908.2 18.8327 
109344 0.0385276 0.010592 -42646.1 18.9752 
110160 0.0424781 0.0131775 -42644.3 19.1189 
110976 0.0369468 -0.00409655 -42710.7 19.2633 
111792 0.0693547 -0.0340051 -43025.1 19.4075 
112608 0.0610623 -0.00345323 -42909.8 19.549 
113424 0.0416818 -0.0296478 -42734.1 19.693 
114240 0.0395127 -0.0258813 -42886.8 19.8368 
115056 0.0228207 0.00704501 -43408.1 19.9812 
115872 0.0233579 -0.00316745 -44156.8 20.1257 
116688 0.0370337 0.016768 -43014.5 20.2698 
117504 0.0196081 -0.00215411 -41940 20.4125 
118320 0.0355318 0.0186784 -42740.6 20.5554 
119136 0.0170448 0.0039181 -42676 20.6994 
119952 0.0154546 0.00702606 -42263.9 20.8394 
120768 0.00396154 0.00357654 -43258.5 20.9813 
121584 0.0258725 0.00799006 -43551.4 21.1221 
122400 0.0327395 -0.0198493 -43954.1 21.2632 
123216 0.0704937 0.00291904 -44512.9 21.4054 
124032 0.0816913 0.0281992 -42942.5 21.5462 
124848 0.0653091 0.0398456 -42172.6 21.688 
125664 0.0657132 0.0429117 -42131.1 21.8302 
126480 0.0610644 0.0404791 -41559.2 21.9712 
127296 0.072223 0.0476627 -41489.5 22.1132 
128112 0.0551299 0.0473322 -40900.4 22.2545 
128928 0.0665247 0.0529697 -41199.7 22.3954 
129744 0.0388691 0.0319566 -40800.7 22.5374 
130560 0.0260186 0.00255067 -40929.1 22.6791 
131376 0.02905 0.0259378 -42374.6 22.8197 
132192 0.0143108 0.00536744 -41923.9 22.9611 
133008 0.020111 0.00520268 -42450.3 23.1029 
133824 0.0395132 0.0168453 -41697.8 23.2432 
134640 0.0265387 -0.0247222 -41742.8 23.3818 
135456 0.0259842 -0.0120522 -42464.8 23.5222 
136272 0.0333636 0.0056952 -42669.6 23.663 
137088 0.0683473 -0.0586625 -42627.1 23.8042 
137904 0.0766688 -0.0662865 -42790.9 23.9458 
138720 0.0606327 -0.0582556 -43410.2 24.0867 
139536 0.0599567 -0.0575076 -43536.2 24.228 
140352 0.0277614 -0.0208587 -43636.4 24.3696 
141168 0.0358313 -0.0358259 -43979.5 24.5125 
141984 0.0510163 -0.0465365 -43678.9 24.6536 
142800 0.0353248 -0.0152624 -44007.4 24.7954 
143616 0.0312144 0.0175272 -43019.8 24.9359 
144432 0.0457465 -0.00741625 -42608.3 25.078 
145248 0.0507895 -0.00656178 -42857.1 25.2192 
146064 0.0342654 -0.0125651 -43694.9 25.36 
146880 0.0512537 -0.0238624 -43585.4 25.5015 
147696 0.0366432 0.0268823 -43402.3 25.6435 
148512 0.0456021 0.0455169 -43130 25.7838 
149328 0.0228783 0.0202921 -43267.9 25.9255 
150144 0.00804726 0.00590069 -43291.8 26.0664 
150960 0.0537956 0.0477912 -43314.5 26.2071 
151776 0.0216956 0.0139049 -42600.9 26.3492 
152592 0.0254432 -0.00588581 -42197.5 26.4895 
153408 0.0567253 0.0544275 -42352.2 26.6319 
154224 0.0311072 0.0306658 -42793 26.7707 
155040 0.0165228 0.0028025 -43020.4 26.9121 
155856 0.0369327 0.0262133 -42834.1 27.0533 
156672 0.0259313 0.012233 -42672.5 27.1943 
157488 0.0708637 0.0640837 -42806.6 27.3359 
158304 0.0261259 0.0257793 -42733.6 27.4765 
159120 0.049376 0.0156579 -42781.1 27.6183 
159936 0.0350269 0.0166494 -42468.9 27.7591 
160752 0.0552612 -0.0489328 -41887.7 27.9013 
161568 0.0485581 -0.0386835 -42333.8 28.0429 
162384 0.0283084 0.0181005 -42642 28.1834 
163200 0.0277176 0.0135349 -42005.6 28.3234 
164016 0.0381069 0.0326765 -41904.2 28.4653 
164832 0.0257624 0.0255376 -42736.7 28.6057 
165648 0.0397751 0.0333199 -43072.6 28.7474 
166464 0.0228077 -0.00349102 -41826 28.8877 
167280 0.0327737 -0.0298373 -41839.7 29.0262 
168096 0.034444 0.0237027 -41914.4 29.1654 
168912 0.0270143 0.0230343 -40668.6 29.3081 
169728 0.0298539 0.0271584 -40622.3 29.4478 
170544 0.0182317 -0.00162023 -41712.2 29.5927 
171360 0.00614174 0.00123824 -42396.7 29.7332 
172176 0.0458764 -0.0422886 -42262.2 29.8727 
172992 0.060329 -0.0544636 -43305.8 30.0137 
173808 0.0891807 -0.0685815 -43954.3 30.1546 
174624 0.0607433 -0.0604213 -43290.3 30.2956 
175440 0.0413836 -0.0367683 -43388.5 30.4366 
176256 0.0362047 -0.0325412 -42698.4 30.5767 
177072 0.0250273 0.0104501 -42263.2 30.7178 
177888 0.047881 0.0459464 -42500.9 30.8593 
178704 0.0183605 0.00554018 -43285.4 30.9989 
179520 0.0330509 0.0174557 -42283.7 31.1412 
180336 0.0386851 0.00231988 -42675.9 31.2815 
181152 0.0446183 0.00368669 -42164.1 31.422 
181968 0.027304 0.010656 -42230.6 31.5636 
182784 0.0164386 0.0013606 -41330.9 31.7035 
183600 0.0372379 0.0207775 -41812.7 31.8433 
184416 0.0451452 -0.00301865 -41841.4 31.9842 
185232 0.0266631 -0.00924761 -41570.6 32.1256 
186048 0.0215273 0.0160339 -41398 32.2665 
186864 0.0219695 0.0190013 -42210.8 32.4062 
187680 0.0230484 0.0214291 -41799.6 32.5465 
188496 0.031606 -0.0163405 -41935.4 32.6862 
189312 0.0331262 -0.02542 -41986.3 32.8267 
190128 0.0991454 -0.0898268 -41936.2 32.967 
190944 0.0680344 -0.0414802 -41750.9 33.1077 
191760 0.0722298 -0.0222528 -41349 33.2487 
192576 0.0910992 0.005951 -41694.3 33.3882 
193392 0.075121 -0.00325833 -41701.8 33.5291 
194208 0.0636626 0.0166306 -43026.3 33.6671 
195024 0.0621316 0.0353257 -42569.9 33.8051 
195840 0.113721 0.0969249 -42654.4 33.9446 
196656 0.0781781 0.071656 -42250.8 34.0863 
197472 0.0692591 0.0248072 -41985.1 34.2262 
198288 0.0539097 -0.0120797 -41760.1 34.3649 
199104 0.0606239 -0.0124708 -41826.9 34.5035 
199920 0.0552974 -0.0250457 -41077.1 34.6426 
200736 0.0625283 -0.0129837 -41329.6 34.7848 
201552 0.0549143 0.0217144 -41302.8 34.9252 
202368 0.0258482 -0.00610595 -40504.2 35.064 
203184 0.0449503 -0.0340398 -41901 35.2038 
204000 0.0554482 -0.0148601 -42984.1 35.346 
204816 0.0471548 -0.0107064 -43528.9 35.4876 
205632 0.0311683 0.0130359 -42698.7 35.6283 
206448 0.0260843 0.0159057 -42978.2 35.77 
207264 0.0229385 0.0116555 -44239.4 35.9108 
208080 0.0289327 -0.00535986 -44290.8 36.0531 
208896 0.0346464 0.00025766 -44407.4 36.1928 
209712 0.0170645 0.0104309 -43659.2 36.3338 
210528 0.0332622 0.0270568 -43960 36.475 
211344 0.0642411 0.0144971 -43265 36.6161 
212160 0.0643119 0.0400929 -43405.2 36.7566 
212976 0.0645252 0.0247649 -43664.6 36.8975 
213792 0.0525181 -0.00749648 -43780.5 37.0389 
214608 0.0602779 -0.0398404 -43045.9 37.1791 
215424 0.0162658 0.00822962 -43295.4 37.3202 
216240 0.0223327 -0.0169613 -43208.6 37.4601 
217056 0.0171617 -0.0156924 -43932.9 37.6017 
217872 0.0197058 -0.0131857 -43347.9 37.7418 
218688 0.0264382 -0.0124525 -43668.8 37.8823 
219504 0.0404342 0.0113593 -43787.5 38.0233 
220320 0.0444929 -0.012755 -43905.1 38.1649 
221136 0.0400583 0.00260785 -43772.4 38.3047 
221952 0.040157 -0.00673237 -43020.6 38.446 
222768 0.0517429 -0.0298619 -42412.3 38.5865 
223584 0.0408924 -0.0149343 -42726.1 38.7263 
224400 0.0493975 -0.00884082 -42915.7 38.8676 
225216 0.0474903 0.020847 -42963 39.0087 
226032 0.0309969 -0.00356635 -42680.8 39.1482 
226848 0.0287905 -0.0196674 -42186.6 39.288 
227664 0.043878 -0.0399286 -43239.6 39.4302 
228480 0.0295165 -0.0236532 -42908 39.5701 
229296 0.0365561 0.00164401 -43615.8 39.7105 
230112 0.0468444 0.0427985 -43461.8 39.8486 
230928 0.0414077 0.029763 -43968.1 39.9896 
231744 0.0411781 0.0256348 -43828.2 40.1292 
232560 0.0348474 0.0178625 -42583.7 40.2701 
233376 0.0581421 0.0480002 -42959.7 40.4089 
234192 0.077771 0.0669632 -42797.2 40.5481 
235008 0.0443095 0.0322779 -42726.6 40.6872 
235824 0.0482538 0.0356066 -43115.2 40.8273 
236640 0.0522031 0.0381753 -42917.1 40.9676 
237456 0.0544593 0.0355291 -42970.1 41.1106 
238272 0.0772911 0.0588022 -42647.4 41.2514 
239088 0.0375854 0.0361005 -42368.7 41.3918 
239904 0.0657298 0.0631168 -43132.8 41.5318 
240720 0.0523939 0.0478273 -43530.6 41.6744 
241536 0.0353704 0.0325683 -42475.1 41.8179 
242352 0.0542144 0.043433 -41157.4 41.961 
243168 0.06157 0.0593979 -40962.4 42.1049 
243984 0.0058339 0.00459143 -41220.1 42.2489 
244800 0.058876 0.0421063 -42122.6 42.3921 
245616 0.0466425 0.0363354 -42942.5 42.5359 
246432 0.0526201 0.0295384 -43147 42.6793 
247248 0.0653094 0.0124111 -43141.2 42.8229 
248064 0.08733 0.0264438 -44268.9 42.9669 
248880 0.0775616 0.00955781 -44092.2 43.1107 
249696 0.0594708 0.0271939 -44756.4 43.2545 
250512 0.0480006 0.0149936 -44059.6 43.3979 
251328 0.0499899 0.0332695 -44290.4 43.5394 
252144 0.0474933 0.027323 -43773.5 43.6828 
252960 0.0366973 -0.0170161 -44275.7 43.8264 
253776 0.0244167 -0.0160745 -44451.7 43.9704 
254592 0.0196443 0.00530989 -45512.9 44.1156 
255408 0.0377518 0.0088151 -44372.1 44.2593 
256224 0.0112862 0.0100474 -44099 44.4024 
257040 0.0449908 0.013624 -44145.8 44.5452 
257856 0.0254597 -0.0123889 -44239.2 44.6891 
258672 0.0347486 -0.0275889 -43484 44.8329 
259488 0.033215 0.00972505 -43331.3 44.9725 
260304 0.059142 0.0215666 -43699.8 45.1123 
261120 0.0616366 0.0382769 -42775.4 45.2528 
261936 0.0827043 0.0516582 -43095.8 45.3935 
262752 0.0780835 0.0731096 -42002.3 45.5339 
263568 0.0614127 0.0545397 -41750.7 45.6742 
264384 0.0470665 0.0371069 -42354.1 45.8153 
265200 0.0431884 0.00105045 -42860.9 45.9577 
266016 0.0296201 -0.00294389 -43133.9 46.0976 
266832 0.0264855 0.0120485 -42827.6 46.2377 
267648 0.0212821 0.0172882 -42727.2 46.3779 
268464 0.0454524 0.0427108 -42463 46.5218 
269280 0.0561701 0.055139 -41937 46.6619 
270096 0.0669495 0.0558213 -42139.1 46.8062 
270912 0.0499588 0.0498315 -42489.8 46.947 
271728 0.0325409 0.0136528 -43270.6 47.0908 
272544 0.020297 -0.00122759 -43356 47.2343 
273360 0.00961581 -0.00264057 -43721.8 47.3772 
274176 0.0588324 -0.0228824 -43292.9 47.5204 
274992 0.0323712 0.00779991 -45050.9 47.6637 
275808 0.0292495 0.00294801 -44949.2 47.8036 
276624 0.0374478 0.0323594 -44654.8 47.9434 
277440 0.0288461 0.0243988 -43973.1 48.0837 
278256 0.0290119 0.0116215 -43645.5 48.2242 
279072 0.0243413 0.0168696 -43096.5 48.3717 
279888 0.0527038 0.0385632 -43432.4 48.5177 
280704 0.0661586 0.0526189 -42901.8 48.6636 
281520 0.0686488 0.0439853 -42757.1 48.8033 
282336 0.0803546 0.0452375 -42265.1 48.9435 
283152 0.0459869 0.0301879 -42046.6 49.0839 
283968 0.0551393 0.00063176 -42075.1 49.2239 
284784 0.0681371 0.0276357 -42627.2 49.3638 
285600 0.0416347 0.0171599 -42610.4 49.5042 
286416 0.0610409 0.0407798 -42604.3 49.6437 
287232 0.0958409 0.0856173 -42093.2 49.785 
288048 0.0770681 0.0734533 -42096.8 49.9293 
288864 0.0344857 0.0340497 -42687.1 50.0712 
289680 0.0384503 0.0376391 -42472.3 50.2138 
290496 0.0437814 0.0393161 -42068.8 50.3558 
291312 0.0537524 0.0478656 -42915.2 50.4965 
292128 0.0555054 0.0230767 -43492.6 50.6381 
292944 0.0258945 0.0128799 -43730 50.7784 
293760 0.0491542 0.0297825 -42988.5 50.9171 
294576 0.0449066 0.0111826 -43947.9 51.0559 
295392 0.0400586 -0.00567682 -42920.2 51.1966 
296208 0.0595203 0.0548517 -43327.9 51.3373 
297024 0.0631379 0.0297107 -44516.5 51.4802 
297840 0.0152038 -0.0092728 -43709.1 51.6195 
298656 0.0376979 0.00125678 -43310.2 51.7595 
299472 0.0650376 0.034337 -43161.6 51.9006 
300288 0.044016 0.038818 -43662.9 52.0418 
301104 0.0321996 0.0251466 -43475.8 52.1823 
301920 0.0196397 -0.0113275 -43350.9 52.3231 
302736 0.020612 -0.00805622 -43306.2 52.4646 
303552 0.0446224 -2.05468e-05 -43358.3 52.6053 
304368 0.0361331 -0.0187361 -42339.5 52.7479 
305184 0.0405343 0.00020191 -42840.5 52.8895 
306000 0.0481427 0.0440007 -42775.7 53.0321 
306816 0.0511042 0.0466835 -43194.7 53.1721 
307632 0.0514031 0.0081697 -44238.6 53.3138 
308448 0.068768 0.0457172 -42950.2 53.4547 
309264 0.0552362 -0.00380202 -43266.7 53.5958 
310080 0.0598169 -0.0142738 -43494.6 53.7375 
310896 0.0784872 -0.0362961 -43709.3 53.8779 
311712 0.0299159 -0.0145357 -43154 54.0194 
312528 0.0141506 0.000537204 -42898.3 54.1596 
313344 0.0322809 0.010072 -42527.7 54.2994 
314160 0.0275733 -0.0222392 -42866 54.44 
314976 0.0334431 -0.0239694 -44022.9 54.581 
315792 0.0438988 -0.0232505 -44337.6 54.7216 
316608 0.0434153 -0.025934 -45100.8 54.8622 
317424 0.0351699 -0.0233697 -43820.7 55.0035 
318240 0.0113441 -0.0112308 -44117.3 55.1452 
319056 0.0485381 -0.0304681 -44289.6 55.2862 
319872 0.0361785 -0.0200099 -42688.9 55.4273 
320688 0.0400456 0.0212896 -43178.2 55.5671 
321504 0.0466202 -0.00684727 -43634.7 55.7074 
322320 0.0589635 0.0266747 -43167.1 55.8485 
323136 0.0481815 0.0423877 -43539.1 55.9889 
323952 0.0577106 0.0545526 -43509.4 56.1299 
324768 0.0505172 0.0406958 -44064.6 56.2714 
325584 0.0566911 0.0474053 -42942.5 56.4122 
326400 0.0769813 0.0689531 -43483.9 56.5532 
327216 0.0381761 0.0356841 -43174.8 56.6942 
328032 0.0310914 0.0259427 -42831.1 56.8362 
328848 0.0550931 0.0386746 -42502 56.9774 
329664 0.0318713 0.0251882 -42304 57.1185 
330480 0.0428534 -0.00437819 -42374.2 57.2595 
331296 0.0539 0.0108131 -43074.7 57.4004 
332112 0.0703408 0.0138745 -43774.9 57.5415 
332928 0.0239434 -0.00225596 -44361 57.6824 
333744 0.0286813 -0.00576629 -44813.2 57.8232 
334560 0.0392418 0.00603342 -44412 57.9646 
335376 0.0391776 0.00506585 -43618.2 58.1049 
336192 0.0275343 0.0196198 -45249.6 58.2466 
337008 0.0251975 0.0245594 -43830.3 58.3857 
337824 0.0353802 0.0224901 -43190.6 58.5279 
338640 0.0336834 -0.00173117 -43305.3 58.6683 
339456 0.0202866 -0.00570986 -43617.2 58.8102 
340272 0.0537194 -0.0354714 -43370.7 58.9512 
341088 0.0670435 0.0240289 -42252 59.0932 
341904 0.0705519 0.0504823 -42424.2 59.2342 
342720 0.034624 0.0240013 -42538.4 59.375 
343536 0.0385393 0.0116627 -42366.5 59.5171 
344352 0.0413863 -0.0164048 -42179.7 59.6589 
345168 0.0533751 -0.0487296 -42360.4 59.8005 
345984 0.0437608 0.0144368 -42544.6 59.9407 
346800 0.0307356 -0.0122516 -42143.1 60.0826 
347616 0.0579616 0.0163154 -41154 60.2241 
348432 0.0761453 0.0264317 -40830.8 60.3658 
349248 0.0370339 0.0261839 -41102.4 60.5073 
350064 0.0265448 0.0151249 -42309.7 60.6478 
350880 0.0272566 0.0187249 -42572.5 60.7892 
351696 0.0396214 -0.00412221 -42199.8 60.9304 
352512 0.0597167 -0.0133179 -41962.6 61.0718 
353328 0.0714436 -0.0394157 -41162.6 61.2123 
354144 0.0225826 -0.00837718 -41561.4 61.3535 
354960 0.029847 -0.00495096 -42319.7 61.4952 
355776 0.0227974 -1.74285e-05 -42498.4 61.6377 
356592 0.0207946 0.0132167 -43182.1 61.7794 
357408 0.0278117 -0.0272172 -43375.3 61.9225 
358224 0.0590349 -0.042274 -42657 62.066 
359040 0.0573303 -0.0111207 -43372.5 62.209 
359856 0.0493179 0.0201808 -43400.8 62.3516 
360672 0.0518153 0.0437578 -43711.4 62.4966 
361488 0.0272498 -0.00427988 -44302 62.64 
362304 0.0480407 -0.010857 -44465.7 62.783 
363120 0.0464361 -0.00670321 -44368.3 62.9257 
363936 0.0742312 -0.0534888 -44273.3 63.0698 
364752 0.0315016 0.0147673 -44693.1 63.2126 
365568 0.0453145 -0.0310654 -44216.4 63.355 
366384 0.0242465 -0.0161513 -44467.2 63.4972 
367200 0.0268142 -0.0139216 -42762.1 63.641 
368016 0.0319531 0.00400579 -43007.5 63.7847 
368832 0.0366978 0.0220732 -43693 63.9269 
369648 0.0532396 0.0256615 -44001.1 64.0709 
370464 0.0638772 0.00553852 -44179 64.2147 
371280 0.0386066 -0.00640786 -44174.1 64.3564 
372096 0.047611 0.011171 -43241.1 64.4997 
372912 0.0466125 0.0066267 -43175.1 64.6407 
373728 0.0334382 0.0122932 -42870.1 64.7843 
374544 0.051373 0.0326651 -43258.5 64.9233 
375360 0.072956 0.0542161 -43492.8 65.064 
376176 0.0720946 0.0486127 -43449.8 65.2049 
376992 0.0914222 0.0681587 -43654.9 65.3466 
377808 0.0822864 0.0418128 -43038 65.4879 
378624 0.0643694 0.0182331 -43761 65.6296 
379440 0.0734095 -0.00370832 -44270.2 65.7701 
380256 0.0194665 0.0129018 -42812.8 65.9129 
381072 0.0317302 -0.0275799 -43904 66.0552 
381888 0.00497534 -0.000441339 -43054.8 66.1963 
382704 0.0466277 -0.0134484 -42683 66.3379 
383520 0.0593557 -0.0223112 -43557.5 66.479 
384336 0.0661854 0.00883968 -44230.1 66.6217 
385152 0.050653 0.0287772 -43690.1 66.7631 
385968 0.0614377 -0.0236588 -42996.7 66.9067 
386784 0.0626021 -0.0230223 -43282.5 67.0507 
387600 0.0773983 -0.0220723 -42439.9 67.1941 
388416 0.0369543 -0.019141 -42219.4 67.3379 
389232 0.0382139 -0.00624257 -42744.4 67.4803 
390048 0.0435474 0.000669793 -42579.2 67.6238 
390864 0.0548799 -0.0155839 -42257.6 67.7672 
391680 0.0489885 -0.00379546 -42067.8 67.9104 
392496 0.0826486 0.0072521 -42161.3 68.0542 
393312 0.0723022 -0.00258726 -42670.7 68.196 
394128 0.0699328 0.0339728 -42332.4 68.3385 
394944 0.057024 0.0107984 -41856.8 68.4796 
395760 0.0474117 -0.0353648 -41914.2 68.6197 
396576 0.0240116 -0.0100993 -42169.3 68.7603 
397392 0.0352461 -0.00241546 -42733.2 68.9043 
398208 0.0494211 -0.010034 -42942.8 69.048 
399024 0.0175332 0.00192652 -42821.5 69.1917 
399840 0.0274837 -0.012314 -42713.3 69.3341 
400656 0.042513 -0.0277736 -42387.3 69.4755 
401472 0.0356114 -0.0234472 -42136.5 69.618 
402288 0.060824 -0.00102121 -41837.8 69.7625 
403104 0.0579251 0.0312294 -41907.6 69.9064 
403920 0.0689141 0.0441135 -41412.4 70.0485 
404736 0.0310292 -0.00157477 -42275 70.19 
405552 0.046671 -0.0281576 -42146.3 70.3311 
406368 0.0754279 -0.0667225 -43098.1 70.4737 
407184 0.0499575 -0.0427191 -43198.1 70.6137 
408000 0.0128812 0.00159258 -42344.3 70.7557 
408816 0.0609678 0.00691417 -42616.7 70.8966 
409632 0.0394062 -0.00999523 -41993.2 71.0379 
410448 0.0448614 0.00865863 -41906.2 71.1788 
411264 0.0424539 0.0248846 -42077.3 71.3195 
412080 0.06857 0.0248914 -41674.7 71.462 
412896 0.0406475 -0.00282324 -41797.7 71.6052 
413712 0.0338326 -0.008187 -42771.3 71.7488 
414528 0.0407393 -0.036196 -42831.5 71.8906 
415344 0.0353856 -0.0244933 -43572.5 72.0303 
416160 0.041304 0.0143798 -44140.1 72.1741 
416976 0.0438577 -0.0114302 -43507 72.318 
417792 0.0217323 0.0183558 -42891.6 72.4616 
418608 0.0326756 -0.00260351 -42628.5 72.6025 
419424 0.0203239 0.0120167 -43588.8 72.7446 
420240 0.0510922 0.0488628 -42949.1 72.8866 
421056 0.0420596 0.0385953 -43261.8 73.0276 
421872 0.0139392 -0.0130954 -43146.2 73.169 
422688 0.0100264 -0.00347391 -43541.8 73.3108 
423504 0.0206451 0.0142659 -42450.7 73.4521 
424320 0.0133491 -0.0101981 -43188.9 73.5939 
425136 0.0645829 -0.0562742 -42084.5 73.7357 
425952 0.032037 -0.0110399 -42203.9 73.8772 
426768 0.0553812 -0.0260146 -41579.8 74.0185 
427584 0.0548511 -0.00847506 -41645.6 74.1585 
428400 0.0700544 -0.0431289 -42066.6 74.3011 
429216 0.0566904 -0.0487155 -42007.5 74.4431 
430032 0.0616809 -0.0442029 -42980.1 74.585 
430848 0.0557419 -0.00380973 -42859.7 74.7261 
431664 0.0795541 -0.0437478 -42592.8 74.8677 
432480 0.0621581 0.00310147 -42309.3 75.0096 
433296 0.0411293 -0.00560885 -41952.5 75.1515 
434112 0.0274605 0.0186172 -42186.9 75.292 
434928 0.061364 0.023537 -42215.9 75.4329 
435744 0.0383814 0.00697673 -42436.8 75.5736 
436560 0.0612012 0.000217288 -42344.3 75.7133 
437376 0.053496 -0.0105406 -43056.7 75.8541 
438192 0.0277858 0.00338828 -42484.7 75.995 
439008 0.0627557 0.0266159 -43166.2 76.1361 
439824 0.0833044 0.00631817 -42840.8 76.2759 
440640 0.0913417 0.0335436 -42864.9 76.4161 
441456 0.0901929 0.0448357 -42248 76.5566 
442272 0.0887129 0.0174365 -41920.1 76.6984 
443088 0.0609317 0.0157951 -42656.2 76.8393 
443904 0.0589292 0.053501 -43213.2 76.9804 
444720 0.0380181 0.0367702 -43966.1 77.1227 
445536 0.0481805 0.0428967 -42912.7 77.2646 
446352 0.0400625 0.0209942 -42217.2 77.406 
447168 0.0325074 0.0138739 -42643 77.5474 
447984 0.028064 -0.0179554 -41953.1 77.6898 
448800 0.0524604 -0.0115357 -42210.2 77.8302 
449616 0.0801002 -0.00947925 -41455.8 77.9721 
450432 0.0509184 -0.00474294 -41487.9 78.113 
451248 0.0514569 -0.0215773 -40905.2 78.255 
452064 0.0576645 -0.0206005 -41238 78.3958 
452880 0.060106 -0.0226364 -41817.8 78.5376 
453696 0.0494767 -0.0247246 -42079.3 78.6798 
454512 0.0194216 -0.0120285 -42201.8 78.8197 
455328 0.0419457 0.00398424 -42537.4 78.9619 
456144 0.035989 -0.0174599 -42266.8 79.1042 
456960 0.039857 -0.0121884 -42397.1 79.2454 
457776 0.0506715 0.014169 -42474.1 79.3875 
458592 0.0663182 0.00293625 -42322.7 79.5296 
459408 0.059894 -0.00517855 -42170.9 79.6706 
460224 0.0583817 0.00609097 -42107.3 79.8119 
461040 0.0487213 0.0163557 -42336.7 79.9535 
461856 0.0410259 0.0296457 -42885.9 80.0951 
462672 0.0317008 -0.00117733 -43104.6 80.2368 
463488 0.0483596 0.00330249 -42831.3 80.3771 
464304 0.0324812 -0.0165963 -43493.8 80.518 
465120 0.0463851 -0.0116452 -42848.2 80.6585 
465936 0.0338571 0.020689 -43319.6 80.7995 
466752 0.0469552 0.0253843 -43188.5 80.9407 
467568 0.0537459 -0.0144414 -42829.9 81.0818 
468384 0.0504761 0.00571625 -42303.3 81.2222 
469200 0.0213696 -0.00629531 -41842.1 81.3632 
470016 0.0276532 -0.0275921 -42008.4 81.5034 
470832 0.0451019 -0.0193833 -42299 81.6448 
471648 0.023971 -0.00665471 -41968.4 81.7851 
472464 0.0255988 0.0116392 -41457 81.9255 
473280 0.0452527 0.0413333 -41781 82.0663 
474096 0.0516224 0.050039 -42210.5 82.2075 
474912 0.0568924 0.0400741 -42998.5 82.3472 
475728 0.0622384 0.0369275 -42954 82.4885 
476544 0.0475448 0.0126896 -42786.3 82.6295 
477360 0.0647286 0.0246209 -42571.8 82.7721 
478176 0.0514486 0.0109289 -42283.8 82.9135 
478992 0.0672003 0.0114041 -43710.2 83.0556 
479808 0.0649098 -0.0105129 -43432.2 83.1974 
480624 0.0856577 0.0173038 -43136.2 83.3392 
481440 0.0656533 0.0352282 -42643.3 83.4808 
482256 0.0752614 0.0388527 -43577.9 83.6231 
483072 0.0177346 0.00868813 -42850 83.7634 
483888 0.05395 -0.0203282 -43177.2 83.9047 
484704 0.0285706 0.000591999 -42963.7 84.0462 
485520 0.0243134 -0.00905115 -43156.6 84.188 
486336 0.0346005 0.028079 -43508.4 84.329 
487152 0.0361175 0.00441516 -43669.7 84.4708 
487968 0.0165406 0.0157897 -44247.8 84.6125 
488784 0.0581114 0.0301631 -44240.8 84.7533 
489600 0.0694376 0.00815071 -44052.1 84.8939 
490416 0.0611883 -0.00372317 -43571.2 85.0375 
491232 0.0807086 0.0161457 -43275.5 85.1793 
492048 0.076555 0.0408104 -42006.3 85.3208 
492864 0.0272436 0.0254359 -42492.4 85.4617 
493680 0.0224294 0.0100464 -42839.6 85.6033 
494496 0.0344574 0.0217117 -43051.1 85.7452 
495312 0.0515814 0.0250156 -42614.9 85.8869 
496128 0.0430004 0.018232 -42292.3 86.0283 
496944 0.0745085 0.0365837 -42716.3 86.1704 
497760 0.0487358 0.0207724 -43047.1 86.3125 
498576 0.0192584 0.0128997 -43013.2 86.4542 
499392 0.0412433 0.0209125 -43512.2 86.5953 
500208 0.0445726 -0.00698677 -43177.6 86.7372 
501024 0.00677824 0.00376701 -43249.6 86.8785 
501840 0.0279039 -0.00526228 -43171.4 87.0194 
502656 0.045192 0.0434703 -42636.5 87.1605 
503472 0.0235803 0.0220477 -42748.9 87.301 
504288 0.0273607 0.0192774 -42901.9 87.4409 
505104 0.023072 -0.00511161 -43022.2 87.5832 
505920 0.0572597 0.0323058 -43250.3 87.7247 
506736 0.0562732 0.00875928 -42370 87.8665 
507552 0.0510753 0.0225958 -42692.1 88.008 
508368 0.0510405 -0.0261257 -43136.9 88.1511 
509184 0.032217 0.000548609 -42609.2 88.2962 
510000 0.0380295 0.0209089 -42788.9 88.44 
510816 0.0628723 0.0358822 -42785.7 88.5826 
511632 0.0571592 0.00026584 -42426.1 88.7257 
512448 0.0410382 0.000878679 -42848.3 88.8692 
513264 0.0110392 0.00299755 -42241.5 89.0127 
514080 0.0270098 -0.00685625 -42294.8 89.1556 
514896 0.0302946 -0.0149091 -41424.3 89.2987 
515712 0.0191558 -0.00944345 -42179.1 89.4426 
516528 0.0285176 -0.0266369 -41538.7 89.5858 
517344 0.0282462 0.00757175 -42399.9 89.7285 
518160 0.0634275 0.0440657 -42712.9 89.869 
518976 0.0574151 0.0404309 -42865.8 90.0108 
519792 0.0517446 -0.00442438 -43363.2 90.1524 
520608 0.0559162 -0.0165826 -43998.4 90.2947 
521424 0.0487215 -0.0163697 -43118.5 90.4347 
522240 0.0709455 -0.00857049 -44065.6 90.575 
523056 0.114798 0.0108116 -43556 90.7185 
523872 0.110165 7.50992e-05 -42828.1 90.8603 
524688 0.0971201 -0.0220151 -42725.4 91.0019 
525504 0.0642071 -0.0244976 -43355 91.143 
526320 0.0535205 -0.0286038 -44085.3 91.2842 
527136 0.063383 0.0568413 -43715.2 91.4267 
527952 0.0431489 -0.00820574 -42967.9 91.5676 
528768 0.0185895 0.000793905 -42735.9 91.7097 
529584 0.0374021 -0.0231382 -42038.5 91.8519 
530400 0.0345091 -0.0330115 -42320.8 91.9925 
531216 0.0196618 -0.00282425 -43437.4 92.1331 
532032 0.0556583 -0.00697196 -44617.5 92.2733 
532848 0.0533718 -0.048835 -44444.3 92.4124 
533664 0.048045 -0.0469454 -43995.8 92.5526 
534480 0.0450932 -0.0366903 -43920.7 92.6937 
535296 0.0701262 -0.0571925 -43821.8 92.8344 
536112 0.0676996 -0.0360737 -43983.7 92.9752 
536928 0.0658644 -0.022726 -44124.2 93.1162 
537744 0.0777004 -0.0461276 -43878.8 93.2578 
538560 0.0541085 -0.035274 -43765.8 93.4005 
539376 0.0397532 -0.0246019 -43018.9 93.5414 
540192 0.0488201 -0.0445681 -43170.9 93.6835 
541008 0.0622443 -0.0256861 -42857.4 93.8245 
541824 0.0364029 -0.0122398 -42863.2 93.9659 
542640 0.0322074 0.0195654 -42607.8 94.1074 
543456 0.054729 0.029109 -42995.2 94.2506 
544272 0.0425111 0.0243563 -42485.8 94.3932 
545088 0.0344091 -0.0149956 -42639.3 94.5367 
545904 0.0347085 0.0257619 -42342.6 94.6791 
546720 0.0309712 0.0284181 -43307.5 94.8232 
547536 0.0196759 0.0151826 -42729.5 94.9678 
548352 0.0284264 0.0108926 -42321.9 95.112 
549168 0.0234468 -0.00418918 -43219 95.2551 
549984 0.0567228 -0.023782 -43342.2 95.3976 
550800 0.0548694 -0.014433 -43805.5 95.542 
551616 0.0342415 -0.0150145 -43843.8 95.6849 
552432 0.0206996 0.00788061 -42298.6 95.8277 
553248 0.0181946 0.0156437 -42346.3 95.9722 
554064 0.016622 -0.0141223 -42812.1 96.114 
554880 0.0399543 -0.0232788 -42614.1 96.2566 
555696 0.0179745 -0.012743 -43180 96.3997 
556512 0.0464857 -0.0366594 -42799.6 96.5434 
557328 0.0495838 -0.0233684 -42000.2 96.6871 
558144 0.0406075 -0.0107218 -42782.2 96.83 
558960 0.0226034 0.0042009 -42224.5 96.9738 
559776 0.0203769 -0.00533526 -43152 97.116 
560592 0.0188998 -0.0119066 -43972.4 97.2574 
561408 0.0488183 -0.0196316 -42780.8 97.3993 
562224 0.0284678 -0.0090932 -42873.7 97.541 
563040 0.053112 -0.0145403 -42622.2 97.684 
563856 0.0784789 -0.010322 -43233 97.8269 
564672 0.0637706 -0.0121779 -43156 97.97 
565488 0.066178 -0.0240318 -43595.4 98.1137 
566304 0.0797117 -0.054293 -43964 98.2575 
567120 0.0731769 -0.00631483 -43670.3 98.4008 
567936 0.0535164 0.0198904 -43644.2 98.5447 
568752 0.0530531 0.00653628 -42694.6 98.6887 
569568 0.0179018 0.00497105 -42703.4 98.8301 
570384 0.0300528 0.00303301 -43224.7 98.9739 
571200 0.0388668 0.0276469 -42198.6 99.118 
572016 0.0501793 -0.00226831 -42940.5 99.2574 
572832 0.0463147 0.00782253 -42476.2 99.3977 
573648 0.0243273 0.0105112 -43323.8 99.5377 
574464 0.0269836 -0.00112115 -44026.4 99.6809 
575280 0.0438171 0.0149115 -44228 99.8246 
576096 0.0581063 -0.0244966 -43987 99.9676 
576912 0.0266524 0.000236047 -44092.9 100.11 
577728 0.0579693 -0.0334329 -43781.5 100.252 
578544 0.0452262 0.00578391 -42781.6 100.394 
579360 0.0567616 0.00255308 -42349.3 100.534 
580176 0.0697241 -0.0178557 -42650.8 100.674 
580992 0.038799 -0.00195646 -42969.2 100.816 
581808 0.0519301 -0.0120605 -43131.3 100.96 
582624 0.0682347 0.00760973 -44001.9 101.104 
583440 0.0711697 -0.0257963 -43937.3 101.247 
584256 0.0424603 -0.00576886 -44116.8 101.389 
585072 0.0659704 -0.0367602 -43852.8 101.533 
585888 0.0643085 -0.0564081 -43668.3 101.677 
586704 0.0566479 -0.0480289 -43733.6 101.819 
587520 0.070736 -0.0562263 -42809.8 101.963 
588336 0.0660542 -0.0482479 -43625.8 102.108 
589152 0.0877945 -0.0626579 -44240.5 102.252 
589968 0.0778452 -0.0293972 -44148.3 102.396 
590784 0.0353693 -0.0150589 -44198.8 102.538 
591600 0.0657271 0.033066 -44183.5 102.682 
592416 0.0263319 0.00372934 -44723.3 102.826 
593232 0.00619442 0.00522541 -44433.3 102.971 
594048 0.0390892 -0.0371259 -43409.5 103.115 
594864 0.0110539 0.00197386 -43253.8 103.259 
595680 0.0442436 0.0296606 -42488.9 103.402 
596496 0.0495786 0.0123509 -42821.5 103.546 
597312 0.0265478 -0.0243926 -42577.4 103.689 
598128 0.0391206 0.0247914 -43194.6 103.829 
598944 0.0541717 0.0540467 -43596.2 103.969 
599760 0.0295792 0.0029766 -43274.7 104.11 
600576 0.0132203 -0.00454815 -43888.4 104.254 
601392 0.0388777 -0.0147056 -44162.3 104.398 
602208 0.0547457 0.00657803 -43770.3 104.541 
603024 0.0557962 -0.00413068 -44156.2 104.686 
603840 0.0391578 -0.000541661 -44085.3 104.829 
604656 0.0339197 0.0105642 -43518.5 104.972 
605472 0.0398788 0.0231962 -42877.7 105.117 
606288 0.0605865 -0.0213181 -43372.1 105.26 
607104 0.0673667 -0.0417346 -43576.1 105.402 
607920 0.0520715 -0.0237418 -43147.5 105.546 
608736 0.0424655 -0.0347135 -43092.6 105.69 
609552 0.0213813 -0.0194431 -43247.2 105.83 
610368 0.0146407 -0.0145567 -43300.6 105.97 
611184 0.0487124 -0.0467632 -43022.6 106.11 
612000 0.0295397 -0.0152608 -42437.2 106.252 
612816 0.0635338 -0.0157634 -42721.6 106.393 
613632 0.0794525 0.000411544 -42544.3 106.539 
614448 0.065609 -0.0277739 -42427.3 106.683 
615264 0.0466058 -0.0149459 -42424.5 106.827 
616080 0.0539898 -0.0284788 -42425.5 106.971 
616896 0.0450337 -0.0283413 -42787.2 107.115 
617712 0.0190171 0.0143787 -42748.3 107.259 
618528 0.0438791 -0.0149003 -42215.1 107.402 
619344 0.0688949 0.0203742 -41917.2 107.546 
620160 0.0659555 0.00694087 -42391.3 107.69 
620976 0.0243959 0.0122686 -42626.4 107.834 
621792 0.0134342 -0.00298233 -42575.4 107.977 
622608 0.0407937 0.0154333 -43027.2 108.121 
623424 0.0605567 -0.0072439 -43460.9 108.265 
624240 0.0763131 -0.0149843 -43466.6 108.408 
625056 0.0766727 0.002704 -43032.7 108.55 
625872 0.0422602 0.00667873 -43309 108.692 
626688 0.0529603 0.00631763 -43136.4 108.834 
627504 0.0194524 0.00570389 -43697.2 108.975 
628320 0.0385159 -0.00159443 -43599.3 109.116 
629136 0.0456448 0.0174604 -43113 109.258 
629952 0.0721597 0.063366 -41850.8 109.399 
630768 0.0338612 0.0268823 -41837.2 109.54 
631584 0.0495993 0.0415795 -42575.9 109.688 
632400 0.0212031 0.00781443 -42803.3 109.827 
633216 0.02135 -0.0130358 -43663.5 109.968 
634032 0.0377643 0.0336452 -43699.5 110.108 
634848 0.0331635 0.0323295 -43693.6 110.25 
635664 0.0156951 0.00581332 -43079.4 110.391 
636480 0.0343396 -0.0281248 -43123.8 110.532 
637296 0.0676525 0.0203312 -42691.7 110.673 
638112 0.0476204 0.0363858 -42060.9 110.814 
638928 0.0838066 0.0736225 -41644.8 110.954 
639744 0.102108 0.0677159 -41803.2 111.095 
640560 0.0804815 0.057279 -41833.6 111.236 
641376 0.0566633 0.0176112 -41540.8 111.374 
642192 0.0294492 0.0149679 -41502.9 111.513 
643008 0.0210764 0.00999021 -41482.5 111.652 
643824 0.0320266 0.0244001 -42424.3 111.793 
644640 0.0482601 0.0265739 -43013.8 111.934 
645456 0.0385635 0.00782178 -42122.9 112.074 
646272 0.0623994 0.0110749 -41846.1 112.217 
647088 0.0562817 -0.0141728 -42704.6 112.359 
647904 0.0092387 0.00614429 -43105.2 112.501 
648720 0.0360501 -0.0148581 -43104 112.642 
649536 0.0197637 -0.0146558 -43029.6 112.784 
650352 0.0569643 -0.036862 -43136 112.925 
651168 0.0414023 -0.0297132 -42730.3 113.065 
651984 0.0265256 -0.0110288 -41744.2 113.206 
652800 0.0385777 -0.0295434 -42609.9 113.347 
653616 0.0194654 -0.0115436 -43047.9 113.488 
654432 0.0462456 0.00958279 -44240.2 113.63 
655248 0.031232 -0.0113711 -42643.6 113.77 
656064 0.0408858 0.00904297 -42600.6 113.911 
656880 0.052829 0.011563 -43069.7 114.051 
657696 0.0398113 0.0019511 -43607.7 114.193 
658512 0.0294576 0.016786 -43342.7 114.333 
659328 0.0467394 0.0198848 -43334.3 114.474 
660144 0.0632866 -0.0149312 -43137.3 114.615 
660960 0.0606646 0.0259229 -43228.5 114.756 
661776 0.0643247 0.0516296 -43150.5 114.897 
662592 0.0275465 0.0273623 -42023.4 115.038 
663408 0.0343938 -0.00576781 -41894.5 115.179 
664224 0.0418533 0.00816786 -42278.3 115.32 
665040 0.0412775 0.0367268 -43472 115.46 
665856 0.0362564 0.0281276 -43448 115.6 
666672 0.0142202 0.00194583 -43278.2 115.741 
667488 0.0294978 -0.000251138 -43570.1 115.883 
668304 0.0439502 0.0144823 -43845.5 116.023 
669120 0.0635035 -0.0229705 -44173.7 116.164 
669936 0.0559659 0.0123896 -43776 116.304 
670752 0.0419332 0.0367122 -43524.8 116.445 
671568 0.0232297 -0.00630509 -42780.1 116.586 
672384 0.0482848 0.0399419 -42757.9 116.728 
673200 0.0621936 0.0587967 -42980.6 116.868 
674016 0.0344565 0.0144184 -43179.8 117.01 
674832 0.0606473 0.0584594 -43096 117.15 
675648 0.0525379 0.0209518 -42845.1 117.291 
676464 0.0407113 0.0252184 -43107.1 117.43 
677280 0.0657381 0.0388436 -43342.6 117.569 
678096 0.038428 0.033234 -42316 117.708 
678912 0.0275676 0.00924821 -41968 117.847 
679728 0.0258085 -0.0167414 -42241.6 117.988 
680544 0.0222644 -0.00603208 -41758.4 118.129 
681360 0.0278904 0.00491737 -41691.1 118.27 
682176 0.0310194 0.00281647 -41743.2 118.412 
682992 0.0451152 -0.0104596 -41545.4 118.555 
683808 0.0184358 -0.00562862 -41791.8 118.697 
684624 0.0369891 0.0242266 -43037.1 118.836 
685440 0.0777957 0.000576416 -43647.6 118.982 
686256 0.0424454 0.00369841 -44357.6 119.124 
687072 0.0597953 0.0427559 -44171 119.265 
687888 0.0646075 0.0488645 -44058.4 119.406 
688704 0.0373266 0.027449 -43539.1 119.547 
689520 0.0469828 -0.015962 -43691.7 119.689 
690336 0.0481641 0.0190702 -43102.2 119.828 
691152 0.0492054 0.0104625 -42039.6 119.969 
691968 0.0491939 0.0230273 -41956.3 120.11 
692784 0.0255154 -0.00210161 -41911.5 120.252 
693600 0.0215301 -7.54525e-05 -42127.9 120.391 
694416 0.0190761 0.0137725 -41933.6 120.532 
695232 0.0113229 0.00625491 -42497.1 120.674 
696048 0.064115 0.0581706 -43157.1 120.815 
696864 0.0384463 0.0356886 -43625.5 120.955 
697680 0.0531646 0.0509264 -44051.6 121.096 
698496 0.0471785 0.0250996 -44486.9 121.237 
699312 0.052284 0.0283633 -44558.5 121.379 
700128 0.0311639 -0.00344675 -43896.1 121.52 
700944 0.0577655 -0.012706 -44680.6 121.66 
701760 0.0656829 -0.0212698 -43297.2 121.799 
702576 0.0807955 -0.0257134 -42902.8 121.941 
703392 0.0568178 -0.0258324 -43432.6 122.079 
704208 0.0429384 -0.0207983 -42203.9 122.217 
705024 0.050468 -0.00213342 -42222.3 122.355 
705840 0.0370559 0.000425826 -42119.9 122.494 
706656 0.0401487 -0.0242675 -41727.4 122.636 
707472 0.0278172 -0.021114 -41928.5 122.778 
708288 0.0638429 -0.0587677 -42282.8 122.92 
709104 0.0280884 -0.024041 -41694.9 123.059 
709920 0.0265051 0.00934154 -41620.3 123.202 
710736 0.0320521 -0.0200514 -41544.5 123.343 
711552 0.010465 -0.00594445 -41293 123.483 
712368 0.038541 0.0316591 -40785.9 123.624 
713184 0.046381 0.0212755 -40494.1 123.765 
714000 0.055373 0.0324108 -41118.6 123.905 
714816 0.0472913 -0.0313851 -40837 124.047 
715632 0.0803146 -0.0651865 -41498.8 124.187 
716448 0.0409665 -0.0264299 -41039.6 124.327 
717264 0.0419111 -0.0278916 -41245.7 124.469 
718080 0.04158 -0.0137352 -41356.4 124.61 
718896 0.0540817 -0.0246404 -41552.7 124.75 
719712 0.0581596 -0.0144777 -40924.3 124.891 
720528 0.0396334 -0.00442347 -40906.6 125.033 
721344 0.0664654 -0.00971898 -40689.7 125.174 
722160 0.0644552 -0.00322176 -40605.6 125.314 
722976 0.0690329 -0.0361682 -41446.2 125.455 
723792 0.0447016 -0.0295984 -42184 125.596 
724608 0.0305228 0.000642923 -42309.1 125.737 
725424 0.0322984 0.0141974 -42025.1 125.878 
726240 0.0372988 0.0215138 -41777 126.019 
727056 0.0496016 0.0177291 -41620.6 126.16 
727872 0.0562583 0.0378104 -42660.8 126.302 
728688 0.0484079 0.0333821 -41339.5 126.443 
729504 0.0290104 0.00574122 -42119.4 126.584 
730320 0.0482237 0.035367 -42389.1 126.726 
731136 0.0381253 0.0315481 -43125.2 126.868 
731952 0.0779325 0.0744331 -43344.5 127.008 
732768 0.0549617 0.0499769 -42925.5 127.15 
733584 0.0445686 0.0345669 -42669.9 127.293 
734400 0.0534191 0.0321455 -42740.1 127.434 
735216 0.0354294 0.0302798 -42822.7 127.575 
736032 0.0524038 0.0403387 -43399.4 127.716 
736848 0.0612072 0.0358332 -43737.3 127.855 
737664 0.0487896 0.0247113 -43408 127.996 
738480 0.036083 0.0214087 -43274.5 128.137 
739296 0.030351 0.000413672 -43638.9 128.279 
740112 0.0237563 -0.0160499 -43123.5 128.421 
740928 0.0256394 -0.00230368 -42155.5 128.563 
741744 0.0152287 -0.000516952 -42567 128.702 
742560 0.0337303 0.00384946 -42334.1 128.845 
743376 0.0426459 -0.00798008 -42730.4 128.986 
744192 0.0132958 -0.00509362 -42487 129.125 
745008 0.0436776 -0.0377293 -43015.3 129.266 
745824 0.0393028 -0.0148819 -42812.8 129.409 
746640 0.0302141 0.00960021 -42650.4 129.549 
747456 0.0547824 0.0207776 -42814.6 129.691 
748272 0.0666725 -0.050673 -42881.3 129.833 
749088 0.0429937 0.00148775 -42728.3 129.974 
749904 0.0498302 -0.0142942 -43112.6 130.113 
750720 0.0297679 -0.0179832 -42947.8 130.254 
751536 0.0152019 -0.00772359 -42759.3 130.395 
752352 0.0162786 -0.0131497 -42490 130.537 
753168 0.0129229 0.0128017 -42399.5 130.679 
753984 0.0284506 -0.00954855 -41966.8 130.82 
754800 0.0397119 -0.00992926 -42708 130.962 
755616 0.0463409 -0.0194202 -43039.1 131.103 
756432 0.0345275 0.020937 -43047.5 131.244 
757248 0.0250951 0.0219492 -42203.9 131.386 
758064 0.0523838 0.0176077 -43052.8 131.527 
758880 0.0635024 0.00906369 -43442.6 131.669 
759696 0.0745965 -0.0563819 -43549.3 131.811 
760512 0.0696398 -0.0626051 -43164.9 131.952 
761328 0.0612004 -0.0367045 -43651 132.093 
762144 0.079282 0.0097634 -43856.4 132.235 
762960 0.0685835 -0.0370172 -43200.2 132.374 
763776 0.0615288 -0.0193111 -43730 132.513 
764592 0.0413937 -0.0335922 -42665.8 132.654 
765408 0.0215636 -0.0201757 -42168.5 132.794 
766224 0.0270229 -0.017908 -41766.1 132.942 
767040 0.0355709 0.0119574 -41614.4 133.088 
767856 0.0284211 0.0134206 -41587.6 133.231 
768672 0.0185458 -0.00659834 -41473.9 133.371 
769488 0.0239086 0.000591038 -42012.5 133.511 
770304 0.0214557 -0.00927336 -41873.8 133.652 
771120 0.0410045 0.0167601 -41800.8 133.792 
771936 0.0356175 -0.0316383 -41850.1 133.933 
772752 0.0373871 -0.00563114 -42374.3 134.073 
773568 0.0362911 -0.0163043 -43086.6 134.213 
774384 0.0525538 -0.00323915 -42505.1 134.353 
775200 0.0714645 0.010539 -42714 134.493 
776016 0.0687331 0.0224487 -43525.6 134.635 
776832 0.0618577 0.00877455 -43090 134.777 
777648 0.0329217 0.00760363 -42458.8 134.92 
778464 0.0327278 -0.0169619 -42700 135.063 
779280 0.0221559 -0.00555561 -42627.8 135.206 
780096 0.0126749 0.00417776 -41969.8 135.348 
780912 0.021142 0.0186425 -42294.1 135.491 
781728 0.0404923 -0.0152736 -42040.9 135.634 
782544 0.04762 -0.0237789 -42631.3 135.777 
783360 0.0672352 -0.0187308 -43788.1 135.917 
784176 0.0260404 -0.0152561 -42885.3 136.057 
784992 0.0322251 -0.0291756 -42265.1 136.198 
785808 0.0398936 -0.0318934 -42404.4 136.34 
786624 0.010721 -0.00572204 -42831.5 136.482 
787440 0.0320844 -0.0107989 -42529.1 136.624 
788256 0.0379902 -0.0376586 -42265.3 136.765 
789072 0.0334442 -0.0253616 -42600.7 136.905 
789888 0.0694577 -0.0331431 -42057.7 137.047 
790704 0.0643711 0.00199818 -42204.9 137.188 
791520 0.0625021 0.00917703 -42903.6 137.331 
792336 0.0425836 -0.0193794 -42473.8 137.472 
793152 0.0420893 0.032122 -41957.8 137.613 
793968 0.0671345 0.0512762 -42419 137.755 
794784 0.0482866 0.0278132 -42314.7 137.896 
795600 0.0639595 0.0323961 -42259.8 138.037 
796416 0.0557553 0.0319936 -41997.5 138.179 
797232 0.0350663 -0.0168649 -42359.1 138.32 
798048 0.0424884 -0.0352258 -42076.1 138.461 
798864 0.0371013 -0.0328086 -41831.8 138.601 
799680 0.0493869 -0.037346 -41604.9 138.743 
800496 0.0697291 -0.0627473 -41246.3 138.884 
801312 0.0577574 -0.0310826 -41672.6 139.024 
802128 0.0512414 -0.0305209 -42437.4 139.166 
802944 0.0816115 -0.0517037 -42255.3 139.306 
803760 0.0720131 -0.0577179 -41210.6 139.444 
804576 0.0494184 -0.0411099 -41339.2 139.585 
805392 0.0202299 0.0134102 -42806 139.726 
806208 0.0147559 -0.00582529 -42629.6 139.868 
807024 0.00506463 -0.00503173 -42247.4 140.007 
807840 0.0270915 -0.0161469 -42682.1 140.148 
808656 0.0339487 -0.0324801 -43710.8 140.291 
809472 0.0265198 0.0251526 -43449.8 140.431 
810288 0.0294992 0.0143222 -42545.2 140.572 
811104 0.0234785 0.0198512 -43207.6 140.713 
811920 0.0289957 0.0151532 -42481.5 140.854 
812736 0.042682 -0.0020565 -42017.7 140.996 
813552 0.0317644 0.0127152 -41573 141.136 
814368 0.0573049 -0.0153569 -42364.3 141.277 
815184 0.0271716 0.00388133 -42853.5 141.417 
