0 0.0120116 0.00927608 -32018.6 0 
816 0.0229564 0.018652 -34230.7 0.125136 
1632 0.0258283 -0.00937456 -35368.7 0.251332 
2448 0.0317713 0.0191267 -36933.8 0.378457 
3264 0.0434629 -0.0405236 -38359.5 0.505958 
4080 0.0778735 -0.0773829 -39432.2 0.632622 
4896 0.0602417 -0.0553919 -39922.3 0.759694 
5712 0.0615542 -0.0554616 -40596.1 0.886835 
6528 0.0402896 -0.0157081 -41200.7 1.01384 
7344 0.0533105 0.00866479 -41954.1 1.14076 
8160 0.0387804 -0.00794044 -42493.4 1.26801 
8976 0.0349982 0.02146 -42459.1 1.39493 
9792 0.040334 -0.0197313 -42999.6 1.52199 
10608 0.0352892 0.00538765 -43697 1.64951 
11424 0.0305059 -0.00278793 -43261.8 1.77678 
12240 0.0259141 -0.0203758 -42438.8 1.9042 
13056 0.0282878 -0.0151039 -42571.4 2.0309 
13872 0.02104 -0.00204678 -42767.2 2.15868 
14688 0.00997366 -0.000489958 -42768.5 2.28521 
15504 0.0295347 -0.0128163 -43008.4 2.41212 
16320 0.0364553 -0.0240635 -42639.9 2.53847 
17136 0.012747 0.00298939 -42276.9 2.66504 
17952 0.0611316 0.0426239 -42914.5 2.79142 
18768 0.0786684 0.0289696 -43504.1 2.91808 
19584 0.0802838 0.00825112 -43748 3.04485 
20400 0.0544848 0.0120749 -43893.4 3.17169 
21216 0.0693655 0.0188218 -43160.2 3.30008 
22032 0.0765117 0.0163954 -43027.4 3.43099 
22848 0.0739046 -0.0101883 -42615.7 3.55766 
23664 0.0717043 0.0213313 -43433.2 3.68417 
24480 0.0642419 -0.0039155 -44191.1 3.81091 
25296 0.0525153 0.00598151 -43598.7 3.93826 
26112 0.0532977 0.0388116 -43514.1 4.06547 
26928 0.0877774 0.0726265 -43592.5 4.19126 
27744 0.0555228 0.0157207 -44102 4.31757 
28560 0.0314658 0.0156224 -43796.3 4.44387 
29376 0.00928767 0.00511523 -43958.2 4.57044 
30192 0.0203395 -0.0138195 -43612.1 4.69732 
31008 0.0730941 0.0497965 -44618.3 4.82393 
31824 0.019246 -0.00217413 -43634 4.94994 
32640 0.042676 0.0281851 -42782.1 5.07624 
33456 0.0158326 0.0102954 -42796.3 5.20105 
34272 0.0256583 -0.00200501 -43453 5.3261 
35088 0.0556626 -0.0376387 -43611.4 5.45292 
35904 0.0431047 -0.0260793 -42258.9 5.5797 
36720 0.0281158 0.023492 -43210.8 5.70688 
37536 0.0290946 0.0241282 -44793.4 5.83385 
38352 0.0595885 -0.00100238 -44228.5 5.96067 
39168 0.0395741 0.0182608 -44380.7 6.08843 
39984 0.023622 -0.0150322 -44548.4 6.21508 
40800 0.0475713 0.0343796 -44640.1 6.34157 
41616 0.0662138 0.0613709 -45168 6.46774 
42432 0.0905406 0.0600473 -45399.6 6.59389 
43248 0.0629465 0.0192205 -45178.9 6.72119 
44064 0.0477826 0.024982 -46241.4 6.84875 
44880 0.033718 0.0045104 -44924.2 6.9762 
45696 0.0451043 0.0096554 -45284.3 7.10367 
46512 0.0347732 0.0162645 -44308.2 7.23159 
47328 0.0365933 -0.0237658 -44572.7 7.35884 
48144 0.0265302 -0.000794946 -45030.2 7.48425 
48960 0.0613653 0.0109539 -45595.4 7.61038 
49776 0.0504682 -0.0271621 -45884 7.73612 
50592 0.054273 -0.0321853 -45793.9 7.86156 
51408 0.0430117 -0.0255236 -44753.3 7.98767 
52224 0.0392469 -0.00163916 -43878.6 8.11331 
53040 0.0107917 0.00926858 -42954.4 8.23853 
53856 0.0294567 0.0178097 -43850.3 8.3651 
54672 0.0427123 0.0311298 -44095.1 8.49113 
55488 0.02849 0.0179562 -44254.2 8.61783 
56304 0.0214633 0.00161312 -43994.6 8.74417 
57120 0.0348641 -0.0276943 -43083.4 8.87114 
57936 0.0424103 -0.0273163 -43111.8 8.99822 
58752 0.0303818 -0.00806386 -42793.4 9.12474 
59568 0.0355342 0.0289159 -42811.6 9.25141 
60384 0.059788 0.0316301 -42479.4 9.37853 
61200 0.0543357 0.0135996 -42480.4 9.5049 
62016 0.0559245 0.0464586 -42284.9 9.63101 
62832 0.0522496 0.0491226 -42137.4 9.75874 
63648 0.0706225 0.0604252 -42354.2 9.88545 
64464 0.0241836 0.0143657 -41489.1 10.0132 
65280 0.0528236 0.042682 -41608.3 10.1409 
66096 0.0213979 0.00715828 -41445.5 10.2681 
66912 0.0200882 -0.0142313 -41209.3 10.3945 
67728 0.0295574 0.00777899 -40783.2 10.5207 
68544 0.036453 0.0111263 -41465.6 10.6486 
69360 0.0189423 0.013704 -42706.7 10.7755 
70176 0.0400797 0.0260043 -42420.5 10.9028 
70992 0.0236917 0.0118375 -42657 11.0305 
71808 0.0218168 -0.00433277 -42644.9 11.1575 
72624 0.0283959 0.0191564 -42755.1 11.2841 
73440 0.0305468 0.0153083 -43043 11.4112 
74256 0.0291311 0.0197578 -43316.9 11.5366 
75072 0.0528995 0.0344202 -42983.5 11.6634 
75888 0.0368117 0.0222575 -43589 11.7906 
76704 0.0314102 0.00159445 -43170.1 11.9177 
77520 0.0662049 0.0207499 -43297.8 12.0447 
78336 0.0459343 -0.0170594 -44173.1 12.1712 
79152 0.0448725 0.00949632 -44322.3 12.2994 
79968 0.0556508 0.0171334 -42769.2 12.4266 
80784 0.0307485 0.00238861 -42698.7 12.553 
81600 0.059103 0.039225 -42958.5 12.6815 
82416 0.0466456 -0.00989546 -43273.9 12.809 
83232 0.0414697 -0.0385287 -43580.7 12.9367 
84048 0.0501514 0.0149573 -43189.8 13.064 
84864 0.0280072 0.00299036 -42882.1 13.1905 
85680 0.0374653 -0.00648573 -43501.2 13.3174 
86496 0.0165587 0.00895387 -43500.8 13.4438 
87312 0.00155806 -1.10056e-05 -44319.7 13.5708 
88128 0.0358719 0.0091817 -44499.1 13.6974 
88944 0.0559501 -0.0226807 -43041.2 13.8245 
89760 0.0819428 -0.0542846 -42938.2 13.9514 
90576 0.0826259 -0.0598093 -42718.1 14.0786 
91392 0.0475796 -0.00964177 -42775.7 14.2045 
92208 0.0729301 -0.00356024 -42967.3 14.332 
93024 0.0460052 0.00852602 -43510.3 14.4592 
93840 0.0505425 0.0261589 -43389 14.5859 
94656 0.0706401 0.064416 -43608.5 14.7127 
95472 0.0458544 0.0458307 -42430.8 14.8401 
96288 0.0636858 0.0600833 -41909.3 14.9669 
97104 0.0490986 0.0476124 -41876.1 15.0936 
97920 0.0583037 0.0410621 -42251.6 15.2198 
98736 0.0370561 -0.0217007 -41666.9 15.3467 
99552 0.0534486 -0.0371322 -41827.9 15.4735 
100368 0.0436349 -0.026279 -41702.3 15.6005 
101184 0.0490263 -0.0164321 -41931.8 15.7264 
102000 0.081778 -0.0810438 -41943.7 15.8531 
102816 0.047553 -0.0335995 -42256.3 15.9795 
103632 0.0449657 -0.0430477 -42554.9 16.1065 
104448 0.0374475 -0.0345857 -42774 16.2329 
105264 0.0136985 -0.0125212 -42574.6 16.3592 
106080 0.0429263 0.000893916 -43225 16.4868 
106896 0.023052 -0.00212383 -42746.2 16.6142 
107712 0.0533309 -0.0361634 -42682.7 16.741 
108528 0.0699262 -0.0661555 -42517.4 16.869 
109344 0.0526433 -0.0456085 -42435.3 16.9961 
110160 0.0571894 -0.0477494 -42273.8 17.1227 
110976 0.0494618 -0.0211277 -42199.7 17.2498 
111792 0.0396329 -0.0184216 -42266.9 17.3768 
112608 0.0436984 -0.0209672 -42618.9 17.5042 
113424 0.0391554 -0.0375342 -42805.7 17.6314 
114240 0.0403501 -0.0352358 -43970.4 17.7594 
115056 0.0381218 -0.0265672 -44065.9 17.8864 
115872 0.0757308 -0.0709559 -43505.5 18.0135 
116688 0.0536595 -0.0507155 -42241.9 18.1412 
117504 0.0227842 -0.021762 -42393.4 18.2684 
118320 0.0320183 -0.0303047 -42981.1 18.3955 
119136 0.0360082 -0.033145 -42940.7 18.5233 
119952 0.039231 -0.0386716 -43104.5 18.6502 
120768 0.0291617 -0.0182027 -43251.5 18.7776 
121584 0.0569514 -0.0486267 -43034.7 18.9057 
122400 0.0606039 -0.0580561 -44178.9 19.0331 
123216 0.0779997 -0.0497036 -44179.2 19.1604 
124032 0.0450754 0.00615781 -43114.6 19.2875 
124848 0.0574581 -0.0315565 -44233.4 19.415 
125664 0.0234339 0.00414695 -44492.2 19.5427 
126480 0.0479349 -0.00314558 -44135.8 19.6698 
127296 0.0308604 0.0111434 -43763.2 19.7981 
128112 0.0349527 0.00783598 -43490.5 19.9256 
128928 0.039651 0.0142809 -42630.2 20.0529 
129744 0.0329268 0.0163829 -43752.1 20.1841 
130560 0.0375002 0.0113673 -43490.5 20.3144 
131376 0.0353165 0.00640558 -43408.4 20.4409 
132192 0.0215306 0.00596371 -43887 20.568 
133008 0.0657663 -0.0193361 -43631.5 20.6949 
133824 0.0522583 0.0187367 -43361.9 20.8218 
134640 0.0498713 0.0242686 -43692.8 20.9488 
135456 0.0487057 0.00158056 -43586.8 21.0758 
136272 0.0518247 0.00221099 -43056.2 21.2023 
137088 0.0440145 0.00985835 -42215.9 21.3292 
137904 0.0448245 0.00821027 -42651.4 21.4566 
138720 0.033629 0.0121867 -42786.2 21.5831 
139536 0.0278103 0.0149653 -42915.4 21.711 
140352 0.0342208 0.0097927 -43160.2 21.84 
141168 0.054966 0.0263795 -43825 21.9775 
141984 0.0328572 0.0222169 -43443 22.1152 
142800 0.0511109 0.0266545 -43664.9 22.2531 
143616 0.0323847 0.0021429 -43358.1 22.391 
144432 0.0338582 0.02776 -43115.8 22.5295 
145248 0.00656346 -0.00153977 -43802.9 22.6674 
146064 0.0437162 0.00491022 -44136.5 22.8055 
146880 0.0246105 0.0168993 -43707.4 22.9435 
147696 0.0254329 -0.0075288 -44309.2 23.0812 
148512 0.0101865 0.00549372 -43652.2 23.2095 
149328 0.0488938 0.00803556 -43109.4 23.3373 
150144 0.0290435 -0.018693 -42666 23.4646 
150960 0.0150897 -0.00678461 -42577.6 23.5926 
151776 0.0248011 -0.0158541 -42232.5 23.7194 
152592 0.0300982 0.0287246 -41584 23.8469 
153408 0.0122624 0.00522916 -43278.6 23.9755 
154224 0.0362375 0.0266223 -43755.4 24.1031 
155040 0.0389432 0.0328818 -42931.1 24.2307 
155856 0.064476 0.0394416 -42552.1 24.3592 
156672 0.0422615 0.0163545 -41563.7 24.4866 
157488 0.0569912 0.0149774 -41109.8 24.6142 
158304 0.0718576 0.0174865 -41209.4 24.7428 
159120 0.0641868 0.0427381 -42019.6 24.8703 
159936 0.0626864 0.0553691 -42077.7 24.9979 
160752 0.0325098 0.0118856 -41924.4 25.1256 
161568 0.0408666 0.00262127 -42567.6 25.2534 
162384 0.0308571 -0.0250981 -42559.9 25.3813 
163200 0.0373152 -0.020342 -42975.6 25.5094 
164016 0.0436539 0.00539801 -42945.3 25.6378 
164832 0.0215003 -0.0131466 -43834.5 25.7644 
165648 0.0354441 -0.0300763 -42787.9 25.891 
166464 0.02453 -0.0205351 -42650.8 26.0178 
167280 0.060364 -0.0502972 -42529 26.1448 
168096 0.0644601 -0.0379857 -43362.3 26.2722 
168912 0.0709223 -0.0350773 -43043.1 26.3988 
169728 0.0615881 -0.0463274 -43484 26.5265 
170544 0.0172175 -0.0100324 -43194.5 26.6533 
171360 0.0533502 -0.037643 -43292.9 26.7798 
172176 0.060927 -0.00943681 -43696.4 26.9069 
172992 0.0298484 -0.00579263 -44252.7 27.0338 
173808 0.0412905 0.029696 -44230.2 27.1606 
174624 0.0201541 0.0160103 -44382.1 27.2879 
175440 0.0731045 0.00402494 -42953.6 27.4146 
176256 0.0515466 0.00426008 -42774.1 27.5421 
177072 0.0734965 0.0308734 -42727.2 27.6698 
177888 0.0517444 0.0324091 -43125.8 27.797 
178704 0.0429617 0.0102018 -43616.8 27.9244 
179520 0.0115054 0.00595484 -43650.8 28.0518 
180336 0.0679069 0.0489689 -43698 28.1792 
181152 0.0486245 -0.0259233 -43530.7 28.3065 
181968 0.0714402 -0.0360756 -43680.1 28.4341 
182784 0.0514357 -0.0410021 -43460.6 28.5619 
183600 0.0292476 -0.0210055 -42873 28.6893 
184416 0.0420339 -0.031371 -42501.4 28.8167 
185232 0.0310886 -0.0162689 -42406.2 28.9447 
186048 0.0108543 -0.0108185 -41341.7 29.0723 
186864 0.0263658 0.0247288 -41693.8 29.1998 
187680 0.0436532 0.0264596 -41577.6 29.3282 
188496 0.0501034 0.0476925 -42514.8 29.4559 
189312 0.0720568 0.0655099 -42297.6 29.5836 
190128 0.0596277 0.0512781 -42435 29.7118 
190944 0.0700707 0.0509973 -41968.3 29.839 
191760 0.0520576 0.0357634 -42068.3 29.9668 
192576 0.0407398 0.0250456 -42054.7 30.0958 
193392 0.0728329 -0.0588904 -42219 30.2236 
194208 0.0424598 -0.00630174 -42073.7 30.3518 
195024 0.0359864 0.0288017 -42074.4 30.4804 
195840 0.0313013 0.0238095 -41794.8 30.6077 
196656 0.0429237 -0.00793467 -42601.3 30.7358 
197472 0.0211018 -0.018794 -42473.6 30.8638 
198288 0.0234998 -0.0110639 -42345 30.9923 
199104 0.0233007 0.0144527 -43333.9 31.1206 
199920 0.0471368 -0.00863423 -44411 31.2486 
200736 0.018541 -0.0147212 -45004 31.3766 
201552 0.0227834 -0.00788708 -44483.5 31.5032 
202368 0.0274915 0.0137215 -44538.4 31.6303 
203184 0.0470944 -0.0157966 -42728.4 31.7577 
204000 0.0268463 0.00111472 -43089.6 31.8845 
204816 0.0261598 -0.00924636 -42912.3 32.0119 
205632 0.0464972 0.0452596 -42271.9 32.1392 
206448 0.0256264 0.0216549 -42979.6 32.2661 
207264 0.0560784 -0.0138053 -43782.9 32.3938 
208080 0.0591855 0.00272888 -42984.9 32.521 
208896 0.0520709 0.0147275 -42592 32.648 
209712 0.0190601 -0.00890678 -42177.6 32.7754 
210528 0.0227095 -0.0113308 -42465.5 32.9037 
211344 0.0476227 0.0226943 -42528.5 33.0314 
212160 0.0478876 0.00496993 -41792.1 33.1587 
212976 0.0640195 -0.0308625 -41380.8 33.2862 
213792 0.0611242 0.0200254 -42546.5 33.4136 
214608 0.0646544 0.0332367 -42178.4 33.541 
215424 0.0479489 0.0159844 -41802.4 33.6681 
216240 0.0359267 0.0299272 -42765.7 33.7962 
217056 0.0336586 0.0191938 -42204.6 33.9236 
217872 0.0277885 -0.0178963 -42373.9 34.0516 
218688 0.0183919 -0.0137559 -42799.5 34.179 
219504 0.061421 -0.0254785 -42128.9 34.3062 
220320 0.0166379 0.00814571 -42179.4 34.4332 
221136 0.0360607 -0.0218077 -42518.3 34.5609 
221952 0.0650932 -0.0476438 -42419.7 34.6884 
222768 0.0326438 -0.0250306 -43128.2 34.8151 
223584 0.0317155 -0.0169789 -42402.2 34.9422 
224400 0.026382 -0.0203783 -43122.7 35.0699 
225216 0.0328676 -0.0183227 -42667.4 35.1971 
226032 0.0459542 0.00587428 -42828.8 35.3242 
226848 0.0493301 0.0348577 -42797.9 35.452 
227664 0.0486544 0.0277722 -42351.5 35.5794 
228480 0.0364123 0.0258616 -42450.6 35.7064 
229296 0.0365764 0.0130064 -43025.2 35.8344 
230112 0.0359008 -0.0213863 -43953 35.9617 
230928 0.0359073 -0.0022179 -43263.5 36.0889 
231744 0.0450513 0.00127443 -43621.8 36.2161 
232560 0.0628909 -0.00798452 -44811.9 36.344 
233376 0.0478366 0.0125122 -44448.9 36.4715 
234192 0.0305019 0.00731387 -43248.6 36.599 
235008 0.0476272 -0.0149173 -43096.5 36.7274 
235824 0.0635272 -0.0578967 -43139 36.8549 
236640 0.0252282 0.00291698 -43343.9 36.9815 
237456 0.0468969 0.0435526 -43920 37.108 
238272 0.0518254 0.0513679 -44302.4 37.2346 
239088 0.0322907 0.0191297 -43203.1 37.3612 
239904 0.037755 0.0154251 -42572.7 37.4879 
240720 0.0448607 0.040669 -42405.4 37.6145 
241536 0.0329391 0.0153138 -43194 37.7411 
242352 0.049461 0.00881891 -42942.7 37.8675 
243168 0.0497908 0.0138069 -42794.6 37.9943 
243984 0.0386273 0.000353384 -43153.3 38.1214 
244800 0.0380288 -0.00562832 -43520 38.2487 
245616 0.049337 -0.0293499 -43244.5 38.3763 
246432 0.0856435 -0.0279269 -44120 38.5034 
247248 0.0534236 -0.0287709 -43933.4 38.6303 
248064 0.0189134 0.0146296 -44196.1 38.7578 
248880 0.0204891 -0.012177 -43958.6 38.8852 
249696 0.027441 -0.000814839 -44441.8 39.0123 
250512 0.0499598 -0.0141261 -44102 39.1398 
251328 0.0889161 -0.060625 -42737.1 39.2674 
252144 0.0720019 -0.0464628 -42841.7 39.3947 
252960 0.0594377 -0.002419 -42931.4 39.5221 
253776 0.0624485 0.0137366 -42809 39.6498 
254592 0.060523 0.0220676 -42698.9 39.7769 
255408 0.0662748 0.0391708 -42473.7 39.9048 
256224 0.0886793 0.0791765 -42563.8 40.0328 
257040 0.0701146 0.0613484 -42439.6 40.16 
257856 0.0698856 0.0601535 -42409.3 40.2878 
258672 0.0399702 0.0352839 -42024.1 40.4156 
259488 0.0489252 0.0486317 -43148.8 40.543 
260304 0.0401059 0.032458 -42779.1 40.6702 
261120 0.0477524 0.0238879 -42458.7 40.7985 
261936 0.0764269 0.0706577 -41411.8 40.9261 
262752 0.0484873 0.0467144 -41372.3 41.0529 
263568 0.0639075 0.0454932 -41563.9 41.1796 
264384 0.0232793 -0.000675708 -42230.2 41.3065 
265200 0.0269583 0.0209989 -42672.4 41.4336 
266016 0.0290308 0.00491658 -42075.5 41.5604 
266832 0.0408108 0.032152 -42807.7 41.6872 
267648 0.0453884 -0.00807332 -43400.4 41.8146 
268464 0.0219487 -0.00810597 -42830.5 41.9414 
269280 0.0476057 -0.0173974 -43175.3 42.0685 
270096 0.0448087 0.00571533 -42716.9 42.1951 
270912 0.0280532 -0.0143382 -42970.5 42.3219 
271728 0.0163688 -0.00710733 -42957.9 42.4485 
272544 0.0160458 0.0159167 -43445.5 42.5754 
273360 0.0379405 0.0151585 -44062.9 42.702 
274176 0.039882 0.01864 -44331.8 42.8287 
274992 0.0444869 0.0403631 -42920.1 42.9557 
275808 0.0458864 0.0309916 -41852.9 43.0825 
276624 0.0600945 0.0114118 -41602.6 43.2097 
277440 0.0637429 0.00957936 -41934.9 43.3376 
278256 0.0677683 0.0280324 -42029.1 43.4651 
279072 0.0488448 0.00344548 -41877.8 43.5923 
279888 0.0826685 0.00890017 -42387.9 43.7196 
280704 0.0651011 0.0278452 -42502.3 43.8469 
281520 0.0814333 0.0562303 -43405.4 43.9745 
282336 0.0662867 0.0511674 -42859.6 44.1015 
283152 0.0402282 -0.0178503 -42353.9 44.2296 
283968 0.0501391 0.030607 -41789.9 44.3567 
284784 0.0676042 0.0551138 -42678.7 44.4842 
285600 0.0763287 0.0602046 -42888 44.6124 
286416 0.0266661 0.011127 -42383 44.7398 
287232 0.0495142 0.0261602 -42497.1 44.8675 
288048 0.0562721 0.0232199 -41923.8 44.9959 
288864 0.0224327 -0.0197539 -42186.2 45.1231 
289680 0.0374988 -0.030036 -43181.3 45.251 
290496 0.0286635 -0.00686619 -43578.7 45.3793 
291312 0.054952 -0.0399636 -43095.8 45.5066 
292128 0.0443534 -0.0178083 -42233.4 45.6345 
292944 0.0774265 -0.0547399 -42006.3 45.7631 
293760 0.0864618 -0.0756452 -42496.4 45.891 
294576 0.0459973 -0.0348196 -43018.6 46.0188 
295392 0.0602673 -0.0255175 -43384.4 46.1469 
296208 0.03312 -0.00510918 -43343.5 46.2746 
297024 0.0403907 -0.00627217 -42821.6 46.4027 
297840 0.0288878 -0.00834829 -42684.1 46.5301 
298656 0.0399952 0.000897683 -42765.7 46.659 
299472 0.0306811 -0.0147633 -43477.9 46.7858 
300288 0.0693422 -0.0151985 -43125.3 46.9128 
301104 0.0525781 -0.00168828 -42269.3 47.0395 
301920 0.0304571 -0.0107689 -42299.4 47.1665 
302736 0.040567 -0.0349864 -41489 47.2936 
303552 0.0192331 0.0150134 -42310.5 47.4204 
304368 0.0296525 -0.0132074 -42422.9 47.5473 
305184 0.0312136 0.0114013 -42648.3 47.6745 
306000 0.0453796 -0.00715976 -42354.4 47.8011 
306816 0.0445445 -0.0354597 -41329.8 47.9286 
307632 0.0291102 0.00023215 -42170.5 48.0557 
308448 0.0571306 0.0217879 -41450.6 48.1828 
309264 0.038402 -0.00900097 -41961.5 48.3099 
310080 0.0492222 -0.0090508 -41329.8 48.4368 
310896 0.0326037 -0.0195862 -42003 48.5637 
311712 0.0309967 0.00518068 -41507.1 48.6907 
312528 0.0443276 -0.00432465 -41542 48.8227 
313344 0.0564821 -0.0255432 -40958.1 48.9496 
314160 0.0432883 -0.034027 -41731.8 49.0767 
314976 0.055449 -0.0525001 -42270.3 49.2034 
315792 0.0454896 -0.0392588 -42351.5 49.3299 
316608 0.0610718 -0.0508321 -41737.5 49.4567 
317424 0.0340674 -0.0305643 -42450.2 49.5841 
318240 0.0307403 0.00817225 -40896.2 49.7113 
319056 0.0347572 -0.0262098 -41127.7 49.8385 
319872 0.0519587 0.00885087 -41587 49.9654 
320688 0.0693156 0.0245294 -40955.7 50.0926 
321504 0.0613652 0.0213851 -41615.9 50.2196 
322320 0.0504619 0.0322344 -42707.7 50.3458 
323136 0.0538512 0.018682 -42500.1 50.4728 
323952 0.0519208 0.024332 -42404.6 50.5999 
324768 0.0413925 0.0120907 -42232.7 50.7264 
325584 0.0592551 0.00725921 -42715.8 50.8534 
326400 0.0527808 0.0353083 -42196.1 50.9803 
327216 0.031244 0.000244638 -42180.9 51.1067 
328032 0.0376287 -0.0136073 -41512.8 51.2341 
328848 0.0281819 -0.0181234 -41435.4 51.3609 
329664 0.0466205 -0.025193 -41759.6 51.4877 
330480 0.0404537 -0.0252661 -42238.5 51.6147 
331296 0.0534238 -0.021653 -41772.9 51.7415 
332112 0.0215529 0.0134932 -41677.3 51.8681 
332928 0.022248 0.0134985 -42681.4 51.9951 
333744 0.03122 0.0146634 -42904.9 52.1225 
334560 0.0314083 0.0226444 -43489.1 52.2495 
335376 0.0358477 0.0219505 -43005.7 52.3762 
336192 0.0392364 0.0237764 -42604.1 52.5038 
337008 0.0197433 -0.0099059 -43439.3 52.6312 
337824 0.0249301 0.0135442 -44221.1 52.7586 
338640 0.0486456 -0.0278108 -43770.3 52.8868 
339456 0.0576357 -0.0375553 -43619.1 53.0142 
340272 0.0380819 0.0202776 -43676.7 53.1414 
341088 0.0295432 0.0263167 -44051.2 53.2683 
341904 0.022753 0.0127911 -43695.5 53.3956 
342720 0.0208235 -0.00544596 -42855.1 53.5227 
343536 0.0303822 0.0230918 -42300.9 53.6499 
344352 0.0356181 -0.028021 -41606.4 53.7781 
345168 0.0340962 -0.0191865 -41933.1 53.9055 
345984 0.0337421 -0.0281213 -41980.7 54.033 
346800 0.0446816 -0.0250251 -42165.4 54.1612 
347616 0.0114563 -0.00233638 -42818.3 54.2889 
348432 0.0388823 -0.0263692 -42200.4 54.4163 
349248 0.032728 -0.0243447 -42384.2 54.5447 
350064 0.0582429 -0.0544589 -41736.9 54.6721 
350880 0.0605214 -0.0422385 -42464.5 54.7996 
351696 0.0378536 -0.0161054 -41946.8 54.9263 
352512 0.0196967 -0.0042325 -42722 55.0522 
353328 0.042689 -0.0100643 -41868 55.1787 
354144 0.0363478 -0.0219008 -41736.5 55.3052 
354960 0.0567271 -0.0307543 -43551.9 55.4322 
355776 0.0725782 -0.0423976 -42787.2 55.559 
356592 0.0438726 -0.0102808 -42005.4 55.6859 
357408 0.0252643 0.00399549 -42583.4 55.8126 
358224 0.0331339 0.0176626 -42799.1 55.9393 
359040 0.0234811 -0.00135587 -42716.1 56.0658 
359856 0.021536 -0.00230753 -42097.5 56.1923 
360672 0.00941839 -0.00682241 -42424.1 56.3189 
361488 0.0615968 -0.0536744 -41829.4 56.4454 
362304 0.0597969 -0.0490081 -42272.9 56.5721 
363120 0.0830666 -0.058886 -43169.8 56.6995 
363936 0.067293 -0.0387951 -43786 56.8265 
364752 0.0465423 -0.0392999 -43128.2 56.9532 
365568 0.0238114 -0.0199633 -43674 57.0805 
366384 0.0198293 -0.0191156 -43383 57.2077 
367200 0.0136796 0.00526283 -43440.8 57.3346 
368016 0.0213446 -0.0174895 -43608 57.4622 
368832 0.0241912 0.0173186 -43576.8 57.589 
369648 0.0224459 0.00499044 -43288.9 57.7161 
370464 0.0530647 0.0243885 -43566.2 57.843 
371280 0.0507112 0.00186548 -42726.3 57.9699 
372096 0.0404859 -0.0137382 -42447.1 58.0969 
372912 0.029969 -0.0298967 -43169.8 58.2242 
373728 0.0431197 -0.0350282 -43326.5 58.3517 
374544 0.0231171 -0.0117052 -42708.1 58.4787 
375360 0.0296895 -0.0100178 -43224.7 58.6061 
376176 0.0155479 -0.000577148 -43562 58.7343 
376992 0.0437357 -0.00204715 -43165.4 58.8614 
377808 0.0341105 -0.00795904 -42387 58.9888 
378624 0.0436327 0.00945143 -43185.9 59.1169 
379440 0.0361713 0.00839765 -42676.5 59.2441 
380256 0.0381956 0.0182371 -42944.3 59.3714 
381072 0.0233591 0.0183009 -43514 59.4995 
381888 0.0750928 0.0496835 -43040.2 59.6268 
382704 0.0454301 0.0420107 -42554.4 59.7541 
383520 0.0316794 0.00849316 -41811.7 59.8815 
384336 0.0330617 0.0260162 -42926.5 60.009 
385152 0.0352592 0.0340433 -42942.4 60.1365 
385968 0.0510852 0.041979 -43944.7 60.2627 
386784 0.0308429 0.0267163 -43732.9 60.3895 
387600 0.0417103 0.0305928 -43044.9 60.516 
388416 0.0158675 -0.00745638 -43240.8 60.6423 
389232 0.0436049 0.00961257 -42583.4 60.7695 
390048 0.0401144 -0.0144604 -42324.2 60.8958 
390864 0.0303444 -0.0288209 -42338.2 61.0224 
391680 0.02841 0.00587323 -43560.9 61.1488 
392496 0.0274785 -0.0155072 -42438.8 61.2755 
393312 0.0517348 0.0214429 -42326.8 61.4022 
394128 0.0543655 0.0491838 -42133.7 61.5289 
394944 0.0345695 0.0245206 -43190.9 61.656 
395760 0.0283629 0.0066484 -42557.5 61.7827 
396576 0.009362 -0.000311858 -42613.3 61.9092 
397392 0.0167778 0.0108742 -42107 62.0364 
398208 0.0273082 0.0243863 -42268.7 62.1621 
399024 0.0153612 0.00785905 -42456.9 62.2887 
399840 0.0137839 -0.0064214 -42286.9 62.4153 
400656 0.0507735 -0.0387206 -41684.7 62.5426 
401472 0.0416276 -0.0240679 -42702.9 62.6695 
402288 0.0399383 -0.012372 -42144.1 62.7964 
403104 0.0154303 -0.0126394 -42812.6 62.9237 
403920 0.0162656 0.0143695 -42623.4 63.0505 
404736 0.0214348 -0.0134585 -42508.6 63.1784 
405552 0.0255377 -0.00747593 -42206 63.3096 
406368 0.0259405 -0.0196954 -41701.5 63.438 
407184 0.0222616 0.0214459 -41308.7 63.5652 
408000 0.0385102 0.0065037 -41814.4 63.6934 
408816 0.0452412 0.0245871 -41688.7 63.8207 
409632 0.051427 0.0349619 -41625.3 63.9473 
410448 0.0502244 0.0493504 -41426 64.0753 
411264 0.0344666 0.0212325 -40911.6 64.2032 
412080 0.0394369 0.0227349 -41340.4 64.3311 
412896 0.0336996 0.0103923 -41111.5 64.46 
413712 0.0319117 0.0131506 -41835.1 64.5878 
414528 0.0230411 0.00925105 -41757 64.716 
415344 0.0343793 0.018436 -41466.5 64.8437 
416160 0.0695179 0.0378058 -41298.9 64.9725 
416976 0.0396452 0.0301887 -41517.9 65.1007 
417792 0.0228622 0.00540503 -41407.7 65.2288 
418608 0.0481259 0.00361107 -42120.7 65.3579 
419424 0.0414134 -0.0242687 -42464.6 65.4851 
420240 0.0503952 -0.0430708 -43187.7 65.6136 
421056 0.0641711 -0.0569518 -43041.5 65.7428 
421872 0.0588496 -0.0577988 -43447.7 65.8711 
422688 0.0340471 -0.0334212 -42887 65.9983 
423504 0.0481858 -0.039308 -42438.7 66.1257 
424320 0.0492943 0.0084494 -42242.5 66.253 
425136 0.06091 -0.0251522 -41875.8 66.3804 
425952 0.0314627 -0.0195865 -41419.9 66.5079 
426768 0.0351506 -0.00502003 -41516.5 66.6353 
427584 0.04862 -0.0314852 -42073.5 66.7626 
428400 0.0151145 0.00839791 -41721.9 66.89 
429216 0.0229119 -0.0104529 -41530.8 67.0177 
430032 0.0214393 -0.0125276 -42035.3 67.1456 
430848 0.041096 -0.0123247 -43117.1 67.2729 
431664 0.0478543 -0.000508735 -42034 67.4009 
432480 0.0951038 0.0544347 -41894.7 67.5286 
433296 0.064653 0.00976361 -42646.3 67.6564 
434112 0.0259806 0.00413498 -42078.2 67.7844 
434928 0.0440249 -0.0253455 -41853.2 67.9122 
435744 0.0134358 0.0118059 -42678.6 68.0399 
436560 0.0152994 0.00545464 -41983.2 68.168 
437376 0.0467627 -0.0179785 -42883.1 68.2959 
438192 0.0455532 -0.0122414 -43006 68.4233 
439008 0.0324864 -0.00420516 -43050.5 68.5516 
439824 0.0361607 -0.0260474 -42916 68.6794 
440640 0.049881 -0.00947088 -43468 68.807 
441456 0.0124652 0.00925367 -44051.5 68.9349 
442272 0.0435547 0.0213038 -44805 69.0634 
443088 0.0518016 -0.00292724 -44207 69.1918 
443904 0.0101092 0.00302146 -44099.8 69.32 
444720 0.0547816 0.0527142 -43593.3 69.4486 
445536 0.027095 0.00518032 -43214.2 69.5762 
446352 0.0222995 -0.00492711 -43566.2 69.7041 
447168 0.0382522 -0.0315524 -42844.3 69.8326 
447984 0.0167784 -0.000112437 -42406 69.9606 
448800 0.0480129 -0.00156473 -41822.1 70.0886 
449616 0.0452463 0.00254525 -41913.2 70.2176 
450432 0.0464239 -0.0284222 -41122 70.3451 
451248 0.0369357 0.0044317 -42043.1 70.4733 
452064 0.0330741 -0.0170117 -42504.7 70.6021 
452880 0.0466327 -0.0257766 -42248.9 70.73 
453696 0.0350205 -0.0342593 -42982.4 70.8624 
454512 0.0424601 -0.0246013 -43244 71.0022 
455328 0.0476213 -0.0252677 -43895 71.1378 
456144 0.0440504 -0.0298427 -44048.7 71.2662 
456960 0.0508372 -0.0505562 -44329.5 71.3972 
457776 0.0349069 -0.0214757 -43273.2 71.5243 
458592 0.027647 -0.0228475 -43283 71.6514 
459408 0.0486575 -0.00381582 -43304.6 71.7789 
460224 0.0516092 0.00283063 -43331.7 71.906 
461040 0.045986 0.00119245 -44306.9 72.0334 
461856 0.0537051 -0.00121002 -44698.5 72.1607 
462672 0.036956 -0.0288069 -45604.5 72.2879 
463488 0.0363354 -0.0180808 -45295.6 72.4158 
464304 0.0444642 -0.032686 -44861.4 72.5435 
465120 0.0347135 -0.0221016 -44531.6 72.6713 
465936 0.0323623 -0.0269979 -44032 72.7989 
466752 0.0268205 -0.0228731 -44130.4 72.9268 
467568 0.0655394 -0.0427522 -43238 73.0547 
468384 0.057034 -0.0134824 -42327.1 73.1824 
469200 0.0412178 -0.0085889 -43169.1 73.3098 
470016 0.0329984 0.0117179 -43723.6 73.4377 
470832 0.0653598 0.0372011 -43816.8 73.5652 
471648 0.034178 0.00355833 -43632.2 73.6927 
472464 0.0214322 0.00128955 -43454.6 73.8213 
473280 0.0206672 -0.0117952 -43776 73.9489 
474096 0.0533421 -0.0274927 -43305.5 74.0766 
474912 0.0597215 0.0162736 -42793.8 74.2048 
475728 0.0300849 -0.0131919 -43079.5 74.3327 
476544 0.0129153 -0.00689812 -42916.4 74.4603 
477360 0.0155924 -0.00138978 -42993.1 74.5887 
478176 0.0416935 0.0103529 -43012.9 74.7166 
478992 0.0327822 0.0241074 -42637.2 74.8448 
479808 0.0518722 0.0490658 -43868.1 74.9725 
480624 0.0381465 -0.0349518 -43808.6 75.1004 
481440 0.0466451 -0.0429144 -44372.3 75.2283 
482256 0.0458553 -0.045382 -43825.4 75.3574 
483072 0.0297071 -0.0159181 -44371.1 75.4853 
483888 0.0408077 0.037388 -44861.2 75.6132 
484704 0.0352669 -0.00712852 -45003 75.7417 
485520 0.0592558 -0.0244647 -44464.7 75.8703 
486336 0.0604284 -0.000481784 -45233.9 75.9985 
487152 0.0422323 0.0194737 -44323.5 76.1264 
487968 0.0418977 0.0297862 -45125.4 76.2554 
488784 0.032799 0.031625 -44589 76.3835 
489600 0.0663429 0.0251673 -44517.1 76.5117 
490416 0.0628738 -0.00898372 -44403 76.6409 
491232 0.114006 -0.0448181 -44754.1 76.7693 
492048 0.0633188 -0.0272569 -44388.7 76.8975 
492864 0.0504066 -0.00284451 -43268.5 77.0268 
493680 0.0306672 0.0116455 -43841.9 77.1539 
494496 0.0242489 -5.14718e-05 -42481 77.2815 
495312 0.0514457 0.0207509 -42146.6 77.4094 
496128 0.063233 0.0347655 -42152.8 77.5364 
496944 0.0532758 0.0271185 -42373.9 77.6636 
497760 0.0436418 0.0299032 -42761.3 77.7912 
498576 0.0464281 0.021852 -43399 77.9193 
499392 0.0775817 0.0506296 -44059.5 78.0471 
500208 0.0490124 0.0354157 -44856.3 78.1749 
501024 0.0440256 0.0206465 -44992.1 78.3026 
501840 0.0585255 0.0101669 -44350.3 78.4302 
502656 0.0325727 0.0194722 -43730.7 78.568 
503472 0.0420358 -0.0349397 -42832.5 78.7063 
504288 0.043013 -0.0393685 -43012.6 78.8446 
505104 0.0310696 -0.0141245 -43663.3 78.9832 
505920 0.035624 0.00853027 -43163.1 79.1215 
506736 0.0485359 -0.00056928 -43965.7 79.2603 
507552 0.0488924 0.000388014 -44232.2 79.3984 
508368 0.06357 0.027639 -44381 79.537 
509184 0.0219288 0.0103647 -44536.3 79.6759 
510000 0.022539 -0.00555166 -42916.5 79.8141 
510816 0.0291101 -0.0186587 -42909.4 79.9535 
511632 0.00538009 0.000312575 -43230.3 80.0917 
512448 0.0233335 -0.0138812 -43239.2 80.2245 
513264 0.0224418 0.00101728 -43415.5 80.3534 
514080 0.0169389 -0.00766006 -43321.7 80.4821 
514896 0.0662237 0.0502574 -43644.7 80.6106 
515712 0.0471624 0.0333284 -43275.6 80.7396 
516528 0.0337381 -0.00794632 -43131.6 80.8675 
517344 0.0524589 -0.00526999 -43223.4 80.9959 
518160 0.0433307 -0.0153785 -43361.8 81.1252 
518976 0.043991 0.0139042 -42305.9 81.2532 
519792 0.0529701 0.000542377 -42298.3 81.3816 
520608 0.053067 0.00581344 -42086.6 81.5106 
521424 0.0240493 -0.00384517 -42140.4 81.6391 
522240 0.0191656 0.00887421 -42217.4 81.7673 
523056 0.0221584 -0.0149709 -41941.6 81.8967 
523872 0.0322593 -0.00864381 -41351.4 82.0252 
524688 0.0400662 0.0124471 -41525.4 82.1536 
525504 0.0438868 -0.016271 -41478.4 82.2831 
526320 0.0254986 -0.00545064 -41763.2 82.4112 
527136 0.0346115 -0.0194233 -41409.7 82.5399 
527952 0.035847 -0.00961148 -41937.6 82.6692 
528768 0.0452649 -0.0118768 -41588 82.7961 
529584 0.0196025 -0.000553071 -41002.2 82.9236 
530400 0.0409445 -0.00755847 -41409.8 83.0511 
531216 0.0271183 -0.0265443 -41501.2 83.1785 
532032 0.062359 -0.0523464 -42381.5 83.3058 
532848 0.0631078 -0.0441834 -41919 83.4336 
533664 0.0257024 0.00989799 -41795.9 83.5615 
534480 0.0686617 0.0413786 -42181.4 83.6891 
535296 0.0751122 0.0177088 -41813.1 83.8174 
536112 0.0534644 0.00811594 -41474.7 83.9452 
536928 0.0494774 0.0443386 -41562.4 84.0728 
537744 0.0855366 0.0704776 -42218.8 84.2003 
538560 0.0712945 0.0634556 -41576.3 84.3282 
539376 0.0554692 0.035752 -42303.1 84.4563 
540192 0.052615 0.0225864 -41447.2 84.584 
541008 0.0699348 0.0434055 -41237.2 84.7124 
541824 0.0611089 0.046728 -41046.7 84.841 
542640 0.0365703 -0.00274294 -41574.5 84.9688 
543456 0.0537648 -0.0102031 -41732.1 85.0964 
544272 0.0821 0.0384849 -41208.7 85.2243 
545088 0.0335771 0.00787682 -40922.7 85.3528 
545904 0.0137771 0.00802572 -41219.2 85.4808 
546720 0.0426608 -0.0410237 -41804.2 85.609 
547536 0.0508473 -0.0210077 -42481.4 85.7369 
548352 0.0542166 -0.0409305 -41871.6 85.8655 
549168 0.0550609 -0.0259778 -41460.7 85.9944 
549984 0.0456147 -0.0227872 -41177.1 86.1222 
550800 0.0361004 0.0137014 -41109.9 86.2501 
551616 0.0518145 0.0272486 -41371.1 86.379 
552432 0.041718 -0.0241215 -41382.5 86.5072 
553248 0.0452581 -0.0290017 -40733.6 86.6357 
554064 0.0240683 -0.0145489 -41023.6 86.7648 
554880 0.027368 0.0100964 -41653.2 86.8926 
555696 0.0357005 -0.002927 -42712.7 87.0208 
556512 0.059031 -0.0447469 -41989.6 87.1502 
557328 0.0619641 -0.0618648 -41923.2 87.278 
558144 0.0586996 -0.0584908 -41232.6 87.4063 
558960 0.0636746 -0.0594503 -41860.6 87.5352 
559776 0.0864282 -0.0850453 -42020 87.6634 
560592 0.0471609 -0.0423075 -42001.6 87.8012 
561408 0.033623 -0.0171027 -41925.6 87.9399 
562224 0.0430659 0.00961467 -41180.5 88.0772 
563040 0.0583665 -0.0485654 -41995.7 88.2046 
563856 0.0516786 -0.0482938 -42352.3 88.3317 
564672 0.0295017 -0.0233886 -42241.5 88.4591 
565488 0.0647779 -0.0430518 -42671.6 88.5865 
566304 0.047842 -0.0282851 -42903.8 88.7145 
567120 0.0453186 0.0112523 -42455.6 88.8418 
567936 0.0442608 -0.0133616 -41944.5 88.9696 
568752 0.0505968 -0.00177992 -41797.6 89.0976 
569568 0.0575485 -0.0145819 -42934.8 89.225 
570384 0.0675243 -0.0150081 -43092 89.3526 
571200 0.0578155 -0.0170885 -43831.3 89.4804 
572016 0.0707365 -0.049428 -43345 89.6071 
572832 0.071775 -0.0654639 -43574.7 89.7348 
573648 0.044116 -0.0253783 -43901.8 89.8629 
574464 0.0370165 0.0251727 -43947.3 89.9907 
575280 0.0426383 0.00793604 -44355.6 90.1185 
576096 0.0229846 0.00421669 -43691 90.246 
576912 0.0639646 -0.0552965 -43453.4 90.3741 
577728 0.0491461 -0.0312057 -43330.8 90.5022 
578544 0.0463517 -0.0358 -43329.1 90.6305 
579360 0.0436765 -0.0373382 -44205.9 90.759 
580176 0.0251876 0.000371251 -44622.3 90.8872 
580992 0.0132315 -0.00141274 -44518.9 91.0153 
581808 0.0463607 0.0344859 -43826.4 91.1436 
582624 0.0609309 0.0120268 -43104.6 91.2714 
583440 0.029919 -0.0105173 -42859.3 91.3996 
584256 0.0396402 -0.0256835 -44032.9 91.5279 
585072 0.0485446 0.0198081 -43700.7 91.6559 
585888 0.0374393 -0.025759 -43303 91.7843 
586704 0.0210618 -0.00810071 -42657.6 91.9131 
587520 0.0179492 -0.0165312 -41680.2 92.041 
588336 0.0292454 -0.0208176 -41459.1 92.1688 
589152 0.0373932 0.00692091 -41729.9 92.297 
589968 0.0762151 -0.0671104 -41022 92.4251 
590784 0.0822807 -0.0625327 -42217 92.5531 
591600 0.0675864 -0.0610434 -41064.1 92.6812 
592416 0.0679783 -0.0531217 -40639.4 92.8106 
593232 0.087258 -0.0529044 -42147.7 92.9388 
594048 0.0875407 -0.0636026 -42148.3 93.0668 
594864 0.0828307 -0.0525369 -42115.3 93.196 
595680 0.109127 -0.0874681 -42288.8 93.3247 
596496 0.0544354 -0.035384 -42057.8 93.4529 
597312 0.0703069 -0.0143442 -42271.9 93.5823 
598128 0.0992257 -0.0286322 -42665.2 93.7099 
598944 0.0690661 -0.0299319 -41963.7 93.8376 
599760 0.0793656 -0.00889021 -42081.1 93.9658 
600576 0.0917437 0.00596767 -41852.5 94.0935 
601392 0.0921133 0.0352296 -41774.9 94.2213 
602208 0.0742794 0.0371677 -41527.3 94.3493 
603024 0.0799887 0.00819201 -42068.9 94.4771 
603840 0.0844685 0.041881 -42196.4 94.6067 
604656 0.0952248 0.0584887 -42193.4 94.7344 
605472 0.0696585 0.0300373 -42428.9 94.8629 
606288 0.0723522 0.0303839 -42043.2 94.9909 
607104 0.0709981 -0.0181974 -41727.7 95.1188 
607920 0.075215 0.0160066 -41167.8 95.2467 
608736 0.0336621 0.0204214 -40633.1 95.3746 
609552 0.0286519 -0.000378304 -41625 95.5034 
610368 0.0306412 -0.00152727 -41358.4 95.6313 
611184 0.0477491 -0.00226431 -41824.1 95.7591 
612000 0.0507478 -0.0170138 -42232.9 95.8867 
612816 0.0552105 0.00689043 -42947.7 96.0147 
613632 0.0424967 -0.0286425 -43118.4 96.1471 
614448 0.0466289 -0.0315598 -42743.1 96.2754 
615264 0.04999 -0.0385458 -42162.3 96.4061 
616080 0.0340661 -0.0276059 -42123.1 96.535 
616896 0.0424263 -0.00676521 -41897.5 96.6638 
617712 0.0697576 -0.0401878 -42455.9 96.7928 
618528 0.0876307 -0.0263953 -42311.2 96.9237 
619344 0.0599418 0.00632228 -41763.1 97.0542 
620160 0.0423824 0.0173691 -41381.3 97.1847 
620976 0.0571542 0.0340981 -41708.1 97.3146 
621792 0.00735667 0.00129316 -42367.8 97.443 
622608 0.0477679 0.0384515 -42082.4 97.5716 
623424 0.0204516 0.000512073 -41888.3 97.7025 
624240 0.00938664 -0.000717257 -41786.1 97.8312 
625056 0.040761 0.0374289 -41803.8 97.9603 
625872 0.0533713 0.0495231 -42095.5 98.0887 
626688 0.0366362 -0.016619 -42252.1 98.2169 
627504 0.0281338 -0.02283 -41952.6 98.3462 
628320 0.0104087 -0.00971871 -42201.9 98.4746 
629136 0.0265772 -0.0125276 -42746.1 98.603 
629952 0.0491491 0.0239949 -42677 98.7323 
630768 0.0351897 0.00376249 -43239 98.8613 
631584 0.0598094 0.00270226 -43508.8 98.9902 
632400 0.0825665 -0.0261139 -43003.7 99.1199 
633216 0.0843651 -0.0253835 -42745.3 99.2488 
634032 0.0461301 -0.0248841 -42981.4 99.3769 
634848 0.0449438 0.00166263 -42640.8 99.5043 
635664 0.0455029 0.0154665 -42338 99.6319 
636480 0.0630746 0.0498136 -42124.4 99.7594 
637296 0.0245674 0.0224162 -41520.7 99.8872 
638112 0.0442501 0.0433733 -41965.2 100.015 
638928 0.0520282 0.0356867 -42736.9 100.143 
639744 0.0521362 0.031671 -42994.5 100.27 
640560 0.0254591 0.0185439 -43285.2 100.398 
641376 0.0498864 0.0196248 -43186.3 100.526 
642192 0.0308441 0.0187024 -43070.2 100.654 
643008 0.0457163 0.0323259 -44123.3 100.781 
643824 0.027256 -0.0203607 -44129.1 100.909 
644640 0.0404152 0.0240758 -43143 101.037 
645456 0.0542477 0.0435105 -42949.5 101.165 
646272 0.0354915 0.0159511 -43719.3 101.292 
647088 0.0197436 0.00701648 -44312 101.42 
647904 0.0211986 0.0204435 -43080.8 101.548 
648720 0.0578132 0.00958578 -43944.6 101.676 
649536 0.0468929 0.0140755 -43434.4 101.804 
650352 0.0426744 0.00233433 -43210.4 101.932 
651168 0.0505284 0.0130596 -43145.8 102.06 
651984 0.0386872 -0.00632349 -43076.7 102.188 
652800 0.0302245 -0.0138511 -43751.4 102.316 
653616 0.0279104 -0.0188049 -43643.3 102.444 
654432 0.0306605 -0.026644 -43176.6 102.579 
655248 0.0401486 -0.0374039 -43829 102.718 
656064 0.0417829 -0.0237183 -42943.1 102.855 
656880 0.0245505 -0.0221653 -42977.9 102.983 
657696 0.0223778 -0.0214709 -42995.4 103.112 
658512 0.0252001 0.0237539 -43826 103.24 
659328 0.056709 0.0556073 -42924.7 103.367 
660144 0.0290471 0.0158187 -42669.9 103.496 
660960 0.0483282 -0.0337608 -43401.6 103.624 
661776 0.0690258 -0.0619091 -43702 103.752 
662592 0.0554251 -0.0496866 -43259.8 103.88 
663408 0.0493477 -0.0282379 -42896.2 104.008 
664224 0.0263592 -0.0157187 -42585.1 104.136 
665040 0.015371 -0.00796595 -43189.5 104.264 
665856 0.0366027 -0.032387 -42910.3 104.394 
666672 0.0626177 -0.0413125 -43561.6 104.522 
667488 0.0662635 -0.0419561 -43560.6 104.65 
668304 0.0496087 -0.0265291 -44136.4 104.78 
669120 0.0383742 0.0248876 -43911.7 104.907 
669936 0.040818 0.0215473 -43154.2 105.035 
670752 0.0568868 0.0534017 -43256.9 105.162 
671568 0.0612919 0.0482577 -42471.8 105.289 
672384 0.043276 0.0157794 -42761.3 105.416 
673200 0.0337236 -0.0154768 -43821.8 105.544 
674016 0.0114185 0.00515944 -44055.2 105.671 
674832 0.0453707 -0.0259985 -44399.7 105.798 
675648 0.0362821 0.0198404 -44224 105.926 
676464 0.00976251 -0.00768367 -44406.5 106.053 
677280 0.0265464 0.0200087 -43777.4 106.181 
678096 0.0532778 0.0522049 -43698.5 106.308 
678912 0.0335905 0.0330144 -43694.3 106.436 
679728 0.0348221 0.0285102 -42943.5 106.564 
680544 0.0501573 0.0221319 -42571.6 106.691 
681360 0.0593438 0.024717 -42179.1 106.82 
682176 0.0305043 0.0217024 -42676.2 106.948 
682992 0.0312945 0.0291716 -43303.4 107.075 
683808 0.044644 0.0123067 -42799.3 107.203 
684624 0.0464476 0.0229011 -42776 107.331 
685440 0.0271156 0.0221705 -42472.9 107.459 
686256 0.0515346 0.0457885 -42474.3 107.587 
687072 0.0608465 0.0568706 -42628.9 107.715 
687888 0.0504429 0.0463453 -42640.6 107.843 
688704 0.00780752 0.000589377 -42251.3 107.972 
689520 0.0286099 0.00133014 -42002.9 108.099 
690336 0.0340209 0.000653588 -41528.9 108.227 
691152 0.038656 -0.0251951 -42400.7 108.355 
691968 0.0364212 -0.00994603 -43264.2 108.484 
692784 0.031902 -0.0209245 -43989.8 108.611 
693600 0.0390066 -0.0380423 -43340.2 108.739 
694416 0.0617286 -0.042901 -43148.8 108.867 
695232 0.049665 -0.0458457 -41820.1 108.994 
696048 0.044 -0.0358197 -42121.6 109.122 
696864 0.0299216 0.0155783 -43417.2 109.249 
697680 0.0473446 0.0442259 -43694.3 109.377 
698496 0.0148538 -0.0076368 -44207.3 109.505 
699312 0.0543125 0.0325134 -44326.9 109.632 
700128 0.0322485 0.0169937 -44329.8 109.76 
700944 0.0562501 0.0360167 -45057.9 109.888 
701760 0.0432229 0.016353 -44738.6 110.015 
702576 0.0464273 0.0237671 -43164.6 110.143 
703392 0.0691873 0.0558217 -44337.4 110.271 
704208 0.0743541 0.0473546 -44129.8 110.399 
705024 0.0726541 0.0328065 -43937 110.526 
705840 0.0179511 0.00976594 -43662.1 110.654 
706656 0.0433503 -0.0422799 -42798.1 110.782 
707472 0.0295423 -0.021804 -43061.8 110.91 
708288 0.0655014 -0.057385 -43493.2 111.038 
709104 0.0305459 0.0077063 -43725.9 111.166 
709920 0.0393032 0.0227836 -42925.7 111.294 
710736 0.0254202 -0.0148961 -42261 111.422 
711552 0.0260319 -0.00306358 -42319.7 111.55 
712368 0.0428656 0.0277847 -41904.8 111.679 
713184 0.0547101 0.041562 -42682.6 111.807 
714000 0.018431 0.000873618 -42044.7 111.935 
714816 0.0626008 0.0233123 -42139.2 112.064 
715632 0.0432435 -0.00918068 -42844.4 112.192 
716448 0.0228738 0.00444455 -42774.1 112.32 
717264 0.0367513 0.0242521 -43546.8 112.448 
718080 0.0370696 0.0184039 -42993.6 112.576 
718896 0.059554 -0.0298797 -43192.2 112.705 
719712 0.0620019 -0.00952534 -42940.9 112.833 
720528 0.0385822 0.0127903 -43307.8 112.962 
721344 0.0622611 0.0593853 -43839.4 113.089 
722160 0.0376884 0.0294696 -43693.4 113.218 
722976 0.0427894 0.00435334 -42506.8 113.347 
723792 0.0330171 -0.018304 -42406.9 113.475 
724608 0.0367743 -0.0286604 -42977.4 113.603 
725424 0.0100796 0.00223496 -44185.8 113.732 
726240 0.0343905 -0.0311381 -44317.9 113.861 
727056 0.0316359 -0.0225467 -43826.8 113.989 
727872 0.0284258 -0.0219106 -41958.4 114.119 
728688 0.0264671 -0.0150204 -41715.5 114.246 
729504 0.0413496 0.0202718 -41052 114.375 
730320 0.050922 0.0428923 -41577.1 114.503 
731136 0.0404121 -0.018683 -42506.9 114.63 
731952 0.0274869 -0.0154343 -42812.5 114.758 
732768 0.0359728 0.0286507 -42390.3 114.886 
733584 0.058493 -0.004342 -42547.2 115.013 
734400 0.0519066 -0.0105071 -42928.5 115.141 
735216 0.0761539 0.0182369 -42462.3 115.268 
736032 0.102408 0.0606753 -43202.2 115.396 
736848 0.0760111 0.0279132 -43303.6 115.523 
737664 0.0813928 0.0662732 -42893.7 115.651 
738480 0.0808174 0.0748483 -42736 115.779 
739296 0.0757756 0.0749984 -44082.3 115.907 
740112 0.0384378 0.0235114 -43629.2 116.034 
740928 0.0345879 0.00562156 -43467.2 116.162 
741744 0.0486128 -0.0125727 -43303.4 116.29 
742560 0.0455032 0.0159995 -43575.6 116.418 
743376 0.0808118 0.0583051 -43422.5 116.546 
744192 0.0367346 0.0143745 -43130.2 116.674 
745008 0.0250891 -0.0140914 -41982.5 116.802 
745824 0.0227304 -0.0200001 -42667 116.929 
746640 0.0206044 -0.00289055 -43138.6 117.057 
747456 0.0585705 0.00794675 -43118.8 117.184 
748272 0.0384416 0.00196057 -42802.1 117.312 
749088 0.0419018 -0.00851421 -42872.4 117.441 
749904 0.084456 0.0405537 -42778.1 117.569 
750720 0.084534 0.0349952 -43134.6 117.697 
751536 0.0674508 0.0261141 -41928.9 117.826 
752352 0.0865235 0.035105 -42271.6 117.954 
753168 0.07058 -0.0215843 -42076.7 118.082 
753984 0.0677358 0.0240317 -41989 118.211 
754800 0.0549751 0.00870602 -42177.7 118.339 
755616 0.0601015 0.0230774 -43219.6 118.467 
756432 0.0701166 0.034315 -43941.5 118.597 
757248 0.0393503 -0.00046902 -43278.7 118.725 
758064 0.0202598 0.0108454 -43554.8 118.853 
758880 0.0294951 -0.0166214 -43766.1 118.983 
759696 0.0110045 0.0101006 -42985.6 119.111 
760512 0.0163444 -0.0110874 -43344.1 119.24 
761328 0.0176163 0.0136684 -43314.8 119.37 
762144 0.0657347 0.0125576 -43538 119.509 
762960 0.050665 -0.00213859 -42833.6 119.648 
763776 0.0644455 -0.0537672 -43115.6 119.781 
764592 0.0284455 -0.0257286 -43942.8 119.909 
765408 0.0399232 -0.00545321 -43851.7 120.037 
766224 0.0313542 -0.0260816 -44047.5 120.164 
767040 0.0423286 0.0412959 -43820.4 120.292 
767856 0.0203274 -0.00152752 -44082.4 120.42 
768672 0.031466 -0.015176 -43795.6 120.548 
769488 0.0293691 -0.00504015 -43451.7 120.676 
770304 0.0229617 0.0118355 -44004.7 120.804 
771120 0.0296761 -0.0144178 -43759.6 120.931 
771936 0.0388456 0.0081471 -43597.4 121.059 
772752 0.0558806 0.0295888 -43195.8 121.187 
773568 0.0395575 0.0292419 -44003.9 121.316 
774384 0.0295368 0.0161435 -43315.9 121.444 
775200 0.0387725 -0.00777491 -42907.5 121.571 
776016 0.0468894 -0.00280245 -43421 121.7 
776832 0.0379261 0.0147766 -43393.3 121.828 
777648 0.0642646 -0.0223072 -43243.4 121.956 
778464 0.046613 0.010323 -42893.7 122.083 
779280 0.0539232 0.00455071 -43386.9 122.211 
780096 0.086976 0.0467385 -42323.9 122.338 
780912 0.0683675 0.0535633 -43232 122.466 
781728 0.0503266 0.0296526 -42971.9 122.594 
782544 0.0396195 0.00129069 -43525.2 122.722 
783360 0.0338598 -0.00392085 -42473.1 122.85 
784176 0.0214749 -0.0129949 -42436.2 122.977 
784992 0.0433276 -0.00727361 -42908.2 123.105 
785808 0.0558326 0.0106671 -42597.5 123.233 
786624 0.05955 -1.06081e-05 -42556 123.36 
787440 0.0762058 0.011649 -43286.9 123.488 
788256 0.0527608 0.000445887 -43531 123.615 
789072 0.0545134 0.0384139 -43825.3 123.742 
789888 0.025578 0.0152744 -43110.7 123.87 
790704 0.0418493 0.0407204 -43381.1 123.997 
791520 0.0753339 0.0635801 -43783.4 124.125 
792336 0.0265123 0.025874 -43958.9 124.253 
793152 0.0266306 0.0157433 -44208.7 124.38 
793968 0.0228457 0.003917 -43492 124.508 
794784 0.00927238 -0.00328752 -44335.8 124.636 
795600 0.0538401 -0.0419306 -44493.5 124.764 
796416 0.0487739 -0.00402805 -44554.4 124.893 
797232 0.0532959 0.00246348 -43651.3 125.021 
798048 0.0437797 -0.0333525 -44079.7 125.149 
798864 0.0372705 0.0233544 -43329.6 125.277 
799680 0.0257793 0.0253293 -43395.5 125.406 
800496 0.0288986 0.0246293 -43854.9 125.533 
801312 0.0228169 0.0170748 -44330.3 125.661 
802128 0.00931866 0.0017113 -44586.6 125.789 
802944 0.054709 0.0483234 -45042.4 125.917 
803760 0.0617093 0.0345851 -44616.1 126.046 
804576 0.0758343 0.0491968 -44808.1 126.174 
805392 0.085666 0.0561339 -44908 126.302 
806208 0.0279757 -0.00725849 -45125.6 126.43 
807024 0.037006 0.0107377 -46019.6 126.559 
807840 0.0541929 0.012856 -44442.7 126.687 
808656 0.0765666 -0.0566864 -44047.8 126.816 
809472 0.0394378 -0.00271952 -43250.2 126.944 
810288 0.0813878 -0.000158893 -43679.4 127.073 
811104 0.0825729 -0.0172416 -43575.2 127.203 
811920 0.0407893 -0.0158058 -43521.1 127.332 
812736 0.0599259 -0.0156222 -43116.3 127.46 
813552 0.0687377 2.72231e-05 -42210.1 127.589 
814368 0.0436551 0.01636 -42019.8 127.717 
815184 0.0581607 -0.00356775 -41827.8 127.845 
