0 0.0234645 0.0218907 -32643.2 0 
816 0.0503331 0.048659 -34951.9 0.135926 
1632 0.042969 0.0406477 -36167.3 0.272323 
2448 0.0221691 0.0218378 -37161.7 0.409394 
3264 0.0185515 0.0153352 -38900.9 0.546521 
4080 0.0147624 -0.00601973 -40316.8 0.683325 
4896 0.0394472 0.0147693 -40646.8 0.820901 
5712 0.0369585 -0.0276695 -40860.2 0.958066 
6528 0.0157161 -0.00992365 -40263.9 1.09505 
7344 0.0352589 0.0304842 -40538.1 1.23219 
8160 0.0289496 0.0175561 -40284.2 1.36936 
8976 0.0211143 0.0158652 -41370.9 1.50676 
9792 0.0534206 0.0363552 -41798.4 1.64376 
10608 0.0542969 0.0240242 -42324.1 1.78061 
11424 0.0537612 0.0118259 -42300.4 1.91748 
12240 0.0343613 0.0132382 -42082.6 2.05419 
13056 0.0338081 0.0141241 -41772.6 2.19132 
13872 0.0430888 0.0309657 -41916.1 2.32873 
14688 0.0587019 0.0496689 -42040.3 2.46582 
15504 0.0756883 0.0322337 -41508.2 2.60307 
16320 0.0939283 0.0478692 -41081.7 2.74003 
17136 0.0774488 0.0385089 -41821.5 2.87713 
17952 0.0495166 0.0109395 -41613 3.01399 
18768 0.029019 0.00366142 -41737.9 3.15109 
19584 0.0419959 0.0210013 -41769.9 3.28805 
20400 0.0248754 0.0205338 -42261.2 3.42521 
21216 0.0315306 0.0185997 -42653 3.56228 
22032 0.00932205 -0.00888342 -42817.8 3.69941 
22848 0.0158644 -0.0115039 -43341 3.83673 
23664 0.0522444 -0.0483002 -42690 3.97383 
24480 0.0596872 -0.0588258 -44206.8 4.11103 
25296 0.039128 -0.0365542 -44517.4 4.24832 
26112 0.0188436 -0.0128027 -44210.6 4.38527 
26928 0.0298959 0.0263361 -43436.8 4.52229 
27744 0.0428532 -0.0395723 -43159.2 4.65923 
28560 0.0444328 -0.0367819 -43074.9 4.79623 
29376 0.0304437 -0.0294828 -42391.4 4.93323 
30192 0.0425371 -0.0313173 -42422.3 5.07027 
31008 0.0178642 0.015282 -42148.9 5.2073 
31824 0.0158797 -0.0137323 -42356.1 5.34429 
32640 0.0109283 -0.0107318 -42084.5 5.48116 
33456 0.0174307 -0.00149095 -41630.1 5.61832 
34272 0.0241083 0.00567282 -41203.8 5.75526 
35088 0.0419013 -0.00729179 -41711.9 5.8925 
35904 0.0471149 -0.0112964 -42214 6.02952 
36720 0.0573191 -0.0267982 -43346 6.16691 
37536 0.0471827 0.0369964 -43279.4 6.30416 
38352 0.033892 0.0204396 -42712.2 6.44101 
39168 0.0275785 0.0218457 -43853.3 6.57852 
39984 0.0457476 0.015141 -45427.3 6.71606 
40800 0.047574 0.0103153 -45208.8 6.85312 
41616 0.0780393 -0.0141401 -44431.5 6.98989 
42432 0.0824681 -0.0379265 -42847.2 7.1274 
43248 0.0785573 -0.0557233 -42881.6 7.26445 
44064 0.058937 -0.0369384 -43682.9 7.40127 
44880 0.0511674 -0.0233608 -41866.9 7.53822 
45696 0.0205254 -0.000724232 -42995.3 7.6753 
46512 0.0289847 0.0281781 -42777.4 7.81256 
47328 0.0273092 0.0247439 -42340.1 7.94978 
48144 0.0177933 -0.0156564 -42775.9 8.08669 
48960 0.0550944 -0.0482146 -42869.2 8.22379 
49776 0.0414801 -0.0154017 -43020.8 8.3611 
50592 0.0746854 -0.0338969 -43045.5 8.49783 
51408 0.0579745 -0.00221444 -43213.7 8.63492 
52224 0.0805062 -0.044717 -42925.9 8.77201 
53040 0.0874777 -0.0286643 -43170 8.90917 
53856 0.0851705 -0.0234362 -43659.7 9.04647 
54672 0.0472684 -0.012695 -43749.6 9.18334 
55488 0.0496502 -0.0402897 -43502.5 9.32032 
56304 0.0756926 -0.0472332 -42812.7 9.45719 
57120 0.0766788 -0.0444837 -43172.2 9.59415 
57936 0.0709378 -0.0189013 -43669.3 9.73103 
58752 0.0483895 -0.0192274 -43149.6 9.86789 
59568 0.0312348 -0.0310967 -43453 10.005 
60384 0.0371884 -0.0208309 -43762 10.1422 
61200 0.0432202 -0.0250705 -43796.5 10.2791 
62016 0.025821 -0.0133515 -43246.3 10.4161 
62832 0.0487229 -0.0378089 -43605.5 10.553 
63648 0.0601756 -0.0178617 -42791.3 10.69 
64464 0.06396 0.00819573 -42858.7 10.8271 
65280 0.0816735 0.0312373 -43679.4 10.9642 
66096 0.0828048 0.0514103 -43051.8 11.1014 
66912 0.0803995 0.0397374 -42983.3 11.2383 
67728 0.0310199 -0.00505559 -43194.9 11.3752 
68544 0.0328148 -0.0243685 -43043.1 11.5124 
69360 0.047503 -0.0467474 -42709.3 11.6499 
70176 0.0358719 -0.0331272 -42331.1 11.7868 
70992 0.0148566 -0.00122533 -41766 11.9237 
71808 0.0523406 0.048965 -41824.9 12.0607 
72624 0.042866 0.0425975 -42976.4 12.1974 
73440 0.0287224 0.0062762 -42924.4 12.3337 
74256 0.0135567 0.0119478 -43184.1 12.4709 
75072 0.0101924 -0.00814857 -42808.5 12.6079 
75888 0.0507268 0.0302417 -42803.2 12.7452 
76704 0.0750842 0.05337 -43334.3 12.8824 
77520 0.0783273 0.0552001 -43383.6 13.0193 
78336 0.0481744 0.0197525 -42725.5 13.1563 
79152 0.0352454 0.00161078 -43331.9 13.293 
79968 0.0369113 -0.0155312 -42391.2 13.4299 
80784 0.0809471 0.0331374 -41908.5 13.5669 
81600 0.0875626 0.0316476 -41925.1 13.7041 
82416 0.0624708 -0.00271011 -42682.6 13.8414 
83232 0.0479088 -0.00674805 -42298.6 13.9786 
84048 0.0669321 -0.00237272 -42577.3 14.1157 
84864 0.0530854 -0.0187698 -43365.1 14.2527 
85680 0.0687584 -0.0511202 -43213.4 14.3895 
86496 0.0380456 -0.0309681 -43657.3 14.5267 
87312 0.049919 -0.02891 -43433.1 14.6636 
88128 0.029809 -0.0107889 -43831 14.8007 
88944 0.0391799 -0.0131628 -43522.5 14.9378 
89760 0.0348727 -0.0273587 -42960.2 15.0749 
90576 0.0535041 -0.0331566 -43050.6 15.212 
91392 0.077222 -0.0270502 -43412.7 15.3492 
92208 0.0637267 -0.0400473 -43964.6 15.4861 
93024 0.0569446 -0.00274159 -43504.8 15.6233 
93840 0.0304401 -0.0112015 -42025.3 15.7603 
94656 0.0369918 -0.036622 -42021.7 15.8974 
95472 0.0735848 -0.0712491 -42242 16.0343 
96288 0.0383376 -0.034936 -42414 16.1712 
97104 0.0342169 0.00386103 -42065.2 16.3081 
97920 0.0209172 0.0151439 -42468.6 16.445 
98736 0.0363983 -0.0187925 -42288.6 16.5821 
99552 0.0512109 -0.0386431 -42571.3 16.7191 
100368 0.0455344 -0.0444983 -42456.4 16.8561 
101184 0.0250104 -0.0154143 -43378.3 16.9932 
102000 0.026804 0.00446109 -44040.9 17.13 
102816 0.0287483 0.00147301 -43907.4 17.2668 
103632 0.0304354 0.00124912 -42909.8 17.4036 
104448 0.0614771 0.0192786 -43626.9 17.5405 
105264 0.054376 -0.0273527 -44278.7 17.6776 
106080 0.0405721 -0.0295968 -44044.2 17.8149 
106896 0.0537621 -0.0487605 -44137 17.9522 
107712 0.0208112 0.00202088 -43028.9 18.0891 
108528 0.0349232 -0.0111805 -43131.1 18.2258 
109344 0.0196939 -0.00066252 -43528.1 18.3626 
110160 0.0297839 0.0108994 -44075.5 18.4991 
110976 0.041186 0.00811743 -43952.3 18.636 
111792 0.0610535 0.031893 -43666.1 18.7731 
112608 0.0477726 -0.0076007 -42660 18.9098 
113424 0.0497401 -0.0296777 -41658.2 19.047 
114240 0.0155053 -0.00652777 -42374.4 19.184 
115056 0.0330516 -0.0138744 -42850.7 19.3209 
115872 0.0449872 -0.0330359 -43048.1 19.4579 
116688 0.0354486 -0.0145514 -43844.1 19.595 
117504 0.0254532 -0.0249314 -44276.1 19.732 
118320 0.00542824 -0.00178186 -43963.9 19.869 
119136 0.0163238 0.00821069 -43160.7 20.0061 
119952 0.0211071 -0.0140382 -43876.4 20.1432 
120768 0.0214235 0.0175667 -43274.7 20.2801 
121584 0.0403711 0.0324411 -43049.3 20.4171 
122400 0.0233572 -0.0102287 -43624 20.5539 
123216 0.0257532 -0.00991371 -43840.4 20.6909 
124032 0.0602964 0.0264201 -43679.2 20.8277 
124848 0.0464986 0.0231626 -43202 20.9651 
125664 0.0836035 0.00708642 -43031.1 21.1024 
126480 0.0651533 -0.000302852 -43684.1 21.2392 
127296 0.0589245 -0.00476283 -43020.5 21.3764 
128112 0.0719774 0.0167118 -43722.2 21.5134 
128928 0.0758967 0.0173181 -42999 21.6502 
129744 0.0425405 0.0269016 -42188.7 21.7872 
130560 0.0518155 0.0405426 -41705.4 21.9242 
131376 0.0241001 0.0210229 -42370.2 22.0612 
132192 0.0396281 0.0392174 -43236.4 22.1981 
133008 0.0205616 -0.0156082 -42763.8 22.335 
133824 0.047238 0.0326257 -42942.5 22.4717 
134640 0.0724868 -0.0174636 -43345.3 22.6088 
135456 0.0440366 -0.00853882 -43534.1 22.7459 
136272 0.0280606 -0.0051946 -42699.2 22.8832 
137088 0.0361718 0.0250227 -43521.4 23.0197 
137904 0.0384714 0.0324114 -42977.3 23.1568 
138720 0.0290156 -0.0232896 -42163.5 23.2939 
139536 0.019179 0.000924505 -41614.8 23.4307 
140352 0.0596154 -0.0299176 -42149.4 23.568 
141168 0.0807988 -0.0503617 -42786.8 23.7053 
141984 0.0812129 -0.0503928 -43778.6 23.8425 
142800 0.0168703 -0.00152526 -43604.1 23.9797 
143616 0.0221284 -0.0190401 -43188.2 24.1168 
144432 0.0276914 -0.00383791 -42120.5 24.2536 
145248 0.0416304 0.0150735 -43085.5 24.3906 
146064 0.0205039 0.0177048 -42183.6 24.5277 
146880 0.0154187 -0.00570228 -43013.9 24.6645 
147696 0.0228243 0.00349447 -42846.5 24.8016 
148512 0.0245056 0.016596 -42170.5 24.9388 
149328 0.0451281 0.00963663 -42477.6 25.076 
150144 0.0357341 0.0114871 -42989.9 25.2128 
150960 0.0249276 0.00955985 -43231.6 25.35 
151776 0.0414297 0.0168208 -43500.8 25.4877 
152592 0.0327336 -0.0255868 -43182.5 25.6251 
153408 0.0255097 -0.0248401 -42695.2 25.7624 
154224 0.0335791 -0.0132657 -41935.3 25.8998 
155040 0.0333218 -0.0256427 -41908.6 26.0372 
155856 0.025348 -0.0153193 -41621.5 26.1743 
156672 0.0368811 -0.0308357 -42698.2 26.3118 
157488 0.0371867 -0.0182576 -42635.2 26.4489 
158304 0.0474318 -0.0276354 -42229 26.5864 
159120 0.067245 -0.0374422 -42492.5 26.7233 
159936 0.0503368 -0.042153 -41680.8 26.8601 
160752 0.0609986 -0.0336506 -42558.3 26.9971 
161568 0.0165201 0.00381474 -42406.9 27.1343 
162384 0.0543399 0.0426127 -42754.5 27.271 
163200 0.0563046 0.0159575 -43003 27.408 
164016 0.0456286 0.0035303 -42592.4 27.5449 
164832 0.0604185 0.00945754 -42233.6 27.6828 
165648 0.0347424 0.0195369 -42494.3 27.8195 
166464 0.0272926 0.0239924 -42150.2 27.9563 
167280 0.0182339 -0.00457755 -41871.9 28.0932 
168096 0.0329326 0.0115835 -42168.3 28.23 
168912 0.0298773 0.0293444 -42200.6 28.367 
169728 0.076461 0.0647777 -41816 28.5038 
170544 0.0544136 0.0478657 -41677.7 28.6412 
171360 0.0613708 0.0585621 -42165 28.7792 
172176 0.0806181 0.0800801 -41788.7 28.9163 
172992 0.0780977 0.0780069 -41949.4 29.0533 
173808 0.0516022 0.048145 -41465.4 29.1902 
174624 0.0303069 0.0258454 -41923.7 29.3274 
175440 0.0434704 0.0277848 -43406.7 29.4644 
176256 0.0314635 0.00635443 -42946.8 29.6014 
177072 0.00921525 0.0061041 -42193.4 29.7384 
177888 0.029363 0.0148466 -41612.3 29.8754 
178704 0.0379961 0.0285702 -41954.8 30.0122 
179520 0.0528673 0.0381941 -41985 30.1488 
180336 0.0336567 0.018723 -41863.1 30.286 
181152 0.0382725 0.020195 -41252.6 30.4228 
181968 0.054719 0.0454735 -41414 30.5598 
182784 0.060333 0.054765 -41648.6 30.6969 
183600 0.0429984 0.0403303 -41784.4 30.834 
184416 0.075823 0.0755302 -41778 30.9708 
185232 0.0352799 0.026295 -41907.9 31.1079 
186048 0.0619648 0.0505112 -42516.6 31.2451 
186864 0.0477389 0.0418959 -41538.7 31.3821 
187680 0.0298733 0.0181604 -42298.7 31.5191 
188496 0.0418117 0.010447 -41953.2 31.6561 
189312 0.0325141 0.0234191 -42001.1 31.7934 
190128 0.0363838 -0.0158233 -42900.8 31.9305 
190944 0.040738 -0.0135219 -42750 32.0676 
191760 0.0370738 -0.00688264 -42926.5 32.2046 
192576 0.0893379 0.0666632 -42275.3 32.3414 
193392 0.0742403 0.0194599 -42254.8 32.4783 
194208 0.0557356 0.00746284 -41729.6 32.6155 
195024 0.0508972 -0.0245388 -42022 32.7521 
195840 0.0157753 -0.00419616 -41033 32.8887 
196656 0.0259495 0.0196162 -41538.4 33.0257 
197472 0.0343232 0.0168211 -43366.7 33.1625 
198288 0.061562 0.050522 -42804.8 33.2997 
199104 0.0426313 0.00999603 -42376.1 33.4366 
199920 0.0407395 -0.00253574 -42738.9 33.5736 
200736 0.0323522 0.00353272 -42917.7 33.7104 
201552 0.0149821 0.00488255 -42394.7 33.8476 
202368 0.0176548 -0.00251401 -42305.3 33.9846 
203184 0.0420921 -0.0221402 -41711.3 34.1213 
204000 0.0244436 -0.0064481 -42098.9 34.2585 
204816 0.0453197 0.0176306 -42141.3 34.3957 
205632 0.0267191 0.0177152 -42751 34.5325 
206448 0.0410729 0.00614231 -42842.2 34.6692 
207264 0.0174268 -0.0120467 -44173.2 34.8061 
208080 0.0135597 -0.00307241 -43195.5 34.9431 
208896 0.0362561 0.0220106 -43295.2 35.08 
209712 0.0387448 0.00267655 -43477.6 35.2169 
210528 0.0357592 0.00470621 -42893.2 35.3537 
211344 0.0521851 -0.0162978 -42837.3 35.4906 
212160 0.0802228 0.0414318 -42837 35.6273 
212976 0.0625427 0.0100119 -43037.1 35.7641 
213792 0.0852078 0.033287 -43775.4 35.9013 
214608 0.0700235 0.0440395 -44150.4 36.0381 
215424 0.0254486 0.00540585 -43174.2 36.1751 
216240 0.0493841 0.0461939 -42533 36.3123 
217056 0.0397796 0.033964 -41869.6 36.4494 
217872 0.0113924 0.00471639 -41373.3 36.5866 
218688 0.0305664 0.022864 -40918.7 36.7235 
219504 0.0276735 0.0269901 -41334.3 36.861 
220320 0.0383884 0.0323273 -40797.1 36.9979 
221136 0.057147 0.0274442 -41699.7 37.1348 
221952 0.0716594 0.0538011 -42883.6 37.2721 
222768 0.0197504 0.00187423 -42971.9 37.4091 
223584 0.0509498 -0.0381232 -42472.9 37.5453 
224400 0.0283295 0.00107201 -42959.3 37.6823 
225216 0.0309629 -0.0154935 -43032.2 37.8194 
226032 0.0588852 0.0289534 -44228.6 37.9567 
226848 0.0578076 0.0093794 -44096.6 38.0939 
227664 0.0613149 -0.00404176 -43158.2 38.2308 
228480 0.0707171 -0.047562 -42130.9 38.368 
229296 0.0283453 2.3146e-05 -41791.4 38.5048 
230112 0.0268493 -0.00632763 -42443.1 38.642 
230928 0.0112122 -0.0112106 -42100.2 38.779 
231744 0.0033276 -0.000122131 -42052.7 38.9164 
232560 0.0232988 0.0142028 -42214.5 39.0534 
233376 0.0259842 -0.0044439 -41530.2 39.1902 
234192 0.0289952 0.0270997 -41579.5 39.3273 
235008 0.015698 0.0109752 -41957.4 39.4643 
235824 0.0236318 0.0224681 -41251.2 39.6012 
236640 0.0328992 0.0208754 -41569.7 39.7386 
237456 0.0256233 0.0105548 -41440.9 39.8755 
238272 0.0471367 0.0199614 -42122.1 40.0126 
239088 0.032065 0.00844575 -42853.9 40.1497 
239904 0.055822 -0.0415591 -43226.7 40.2867 
240720 0.0344928 -0.0264462 -42891.5 40.4239 
241536 0.0430033 -0.0349719 -42862.7 40.5609 
242352 0.0474692 0.00575414 -42904.2 40.6978 
243168 0.0301834 0.00722959 -43127.7 40.8347 
243984 0.0497093 0.0459301 -42673.6 40.972 
244800 0.0327609 0.0303462 -41724 41.1087 
245616 0.0450542 0.038031 -41308.6 41.2455 
246432 0.0273293 0.020776 -41667 41.383 
247248 0.0474733 0.0445866 -41820.4 41.5201 
248064 0.0375762 0.0260884 -41913 41.6574 
248880 0.0313355 0.019682 -41909.9 41.7944 
249696 0.0120807 0.00957369 -42899.8 41.9316 
250512 0.0408113 0.0378479 -42894.8 42.0686 
251328 0.0418523 0.0244184 -42609.9 42.2057 
252144 0.0359259 0.0341652 -42532 42.3431 
252960 0.0374949 0.0270592 -42781.5 42.4803 
253776 0.0259958 -0.0101212 -42350.5 42.6177 
254592 0.0204622 0.00720972 -42903.9 42.7541 
255408 0.0454289 0.0275335 -43090.1 42.8912 
256224 0.0427991 0.0107439 -42143.9 43.0285 
257040 0.0698645 0.0408385 -42186.7 43.1656 
257856 0.0161398 -0.0034483 -42707.2 43.3025 
258672 0.0261099 0.00503333 -42675.4 43.4398 
259488 0.0331422 0.000480499 -42933.6 43.5769 
260304 0.0472186 -0.0213167 -43209.8 43.7139 
261120 0.0225664 0.00561132 -43368 43.8512 
261936 0.00827674 -0.000975513 -43200.9 43.9883 
262752 0.0255696 0.00347334 -42994.3 44.1253 
263568 0.0236187 0.022156 -43219.2 44.2624 
264384 0.0211157 0.00826722 -44364.9 44.3992 
265200 0.0246267 -0.00714561 -44639.1 44.5362 
266016 0.0264964 -0.0223916 -43813.6 44.6729 
266832 0.0343372 -0.0114698 -44644.1 44.81 
267648 0.0168575 -0.0126303 -44081.2 44.9472 
268464 0.0719395 -0.0610361 -42295.6 45.0843 
269280 0.035189 0.009283 -42485.2 45.222 
270096 0.0426949 -0.0205335 -42657.5 45.3588 
270912 0.0521626 -0.0337033 -41919.5 45.4959 
271728 0.0245583 -0.00296987 -41960.6 45.633 
272544 0.0323632 0.0126346 -41301.4 45.7699 
273360 0.0433671 0.0303555 -41288.4 45.9069 
274176 0.0362364 -0.000203468 -41874 46.044 
274992 0.0410505 -0.00855938 -41396.1 46.1811 
275808 0.0546459 -0.0294249 -41195.6 46.318 
276624 0.0415729 -0.0222573 -41504.6 46.455 
277440 0.0250237 -0.00243378 -41567 46.592 
278256 0.0245416 0.0130256 -42365.8 46.7293 
279072 0.0207096 0.000624822 -43107.2 46.8663 
279888 0.0164051 -0.0100004 -43161 47.0034 
280704 0.0256349 0.0235871 -43508 47.1405 
281520 0.0489329 0.0155795 -43576.5 47.2776 
282336 0.0380541 0.0228697 -43642.9 47.4146 
283152 0.0483718 0.0160839 -43919.9 47.552 
283968 0.0323786 -0.00638346 -43284.9 47.6893 
284784 0.0385889 0.0179692 -42693.5 47.8263 
285600 0.0519093 -0.0376932 -42321.8 47.9631 
286416 0.0494441 -0.0363625 -42306.9 48.0999 
287232 0.0513632 -0.0235021 -42575.9 48.237 
288048 0.0518992 -0.0405525 -43043.9 48.3738 
288864 0.0260135 -0.00383449 -42892 48.5107 
289680 0.0146668 -0.00895815 -42726.9 48.6475 
290496 0.0604969 -0.0388123 -43466.4 48.7844 
291312 0.0640753 -0.00884786 -42898.4 48.9214 
292128 0.045794 -0.0438652 -43073.1 49.0586 
292944 0.0566199 -0.0458109 -43498.8 49.1956 
293760 0.045718 -0.0197509 -43894 49.3329 
294576 0.0308967 -0.0223842 -43845.2 49.47 
295392 0.0445509 -0.0315194 -44525.5 49.6071 
296208 0.0291357 -0.00567657 -44003.7 49.744 
297024 0.0405292 0.00136702 -44478.3 49.8812 
297840 0.0284872 -0.00599647 -43991.9 50.0181 
298656 0.0178149 -0.00591285 -43162.6 50.1557 
299472 0.02293 0.0205823 -43461.8 50.2928 
300288 0.0270411 0.0115097 -43210 50.43 
301104 0.0166741 0.0046539 -43251.6 50.5671 
301920 0.0649111 -0.0557139 -43153.2 50.7044 
302736 0.0495882 -0.04698 -42064.9 50.8412 
303552 0.0640589 -0.0348312 -42950.9 50.9781 
304368 0.0889227 -0.0317639 -42381.9 51.115 
305184 0.0546395 -0.0156195 -43571.7 51.2519 
306000 0.0387276 -0.0170822 -43301.9 51.3887 
306816 0.0459411 -0.0188202 -43000.6 51.526 
307632 0.0751151 -0.05987 -42236.1 51.663 
308448 0.0797766 -0.0348992 -41905.2 51.8 
309264 0.0478964 -0.0198942 -41499.1 51.937 
310080 0.0480147 0.0390536 -40885.4 52.0742 
310896 0.0413696 0.0140358 -40546.2 52.211 
311712 0.0356378 0.0284485 -39831.7 52.348 
312528 0.0237816 0.0161476 -40917.9 52.485 
313344 0.0462155 0.0387205 -41268.8 52.6221 
314160 0.0435084 0.0391629 -41395.1 52.7592 
314976 0.0578937 0.0531918 -42487.2 52.8959 
315792 0.0529471 0.0514148 -42934.8 53.0329 
316608 0.0647122 0.0538251 -42380.9 53.1697 
317424 0.0419067 0.0222283 -42045.3 53.307 
318240 0.0295543 -0.0126582 -42014.1 53.4441 
319056 0.0343249 0.00871127 -41712.7 53.581 
319872 0.0407124 -0.00861019 -42128.7 53.718 
320688 0.0396012 0.0123955 -42147.7 53.8552 
321504 0.0114388 -0.00231444 -41965.3 53.9922 
322320 0.0176869 -0.00906847 -41859.7 54.1295 
323136 0.0224222 -0.00796936 -43482 54.267 
323952 0.0360156 -0.033358 -43224.2 54.4038 
324768 0.0259668 -0.0203434 -44128.7 54.5408 
325584 0.0133279 0.00702893 -43911.1 54.678 
326400 0.0207085 0.00219262 -42815.5 54.8156 
327216 0.0313442 -0.0175574 -42978.3 54.9525 
328032 0.0729457 -0.0477966 -43223.3 55.0894 
328848 0.0718494 -0.0276169 -43091.4 55.2264 
329664 0.0499382 -0.0257557 -43598.8 55.3636 
330480 0.0560325 -0.0388287 -42794.4 55.5008 
331296 0.0488071 -0.0407063 -42304.6 55.6378 
332112 0.0413972 -0.0259452 -42346.6 55.7749 
332928 0.0224435 -0.00742688 -42255.6 55.9122 
333744 0.0297172 -0.000532377 -42474.5 56.0491 
334560 0.0174222 0.0125437 -42227.5 56.186 
335376 0.0259811 -0.01373 -42420.3 56.3231 
336192 0.0243821 0.0130786 -42676.4 56.4602 
337008 0.0506764 -0.0325671 -42202.9 56.5973 
337824 0.0617407 -0.0393447 -42382.8 56.7345 
338640 0.0492452 0.011058 -43062.8 56.8716 
339456 0.0710284 0.0372777 -42609.2 57.0086 
340272 0.0467966 0.012936 -42012.2 57.1455 
341088 0.049873 0.0234693 -40921.3 57.2823 
341904 0.041272 -0.0270108 -40784.5 57.4193 
342720 0.0415884 0.00526855 -40810.1 57.5563 
343536 0.0373311 -0.00374934 -40851.7 57.6933 
344352 0.0505973 0.0240058 -41908.3 57.8303 
345168 0.034852 0.0196354 -41974.6 57.9673 
345984 0.0504096 0.00565324 -41905.5 58.1044 
346800 0.052587 -0.0318633 -41785.2 58.2414 
347616 0.0979057 -0.0891358 -42107.6 58.3787 
348432 0.0721492 -0.0707277 -42019.4 58.5159 
349248 0.0418789 -0.0367862 -42491.2 58.6529 
350064 0.0249812 -0.0174621 -42497.4 58.7899 
350880 0.0187216 0.0170934 -42602.8 58.9268 
351696 0.0453054 0.0261365 -42149.8 59.0638 
352512 0.042043 0.0209017 -41451.2 59.2009 
353328 0.086343 0.0584388 -41957 59.3378 
354144 0.0709017 0.0662942 -42774.7 59.4749 
354960 0.0229669 0.0194062 -42851.4 59.6119 
355776 0.0460175 0.00654491 -43011.4 59.7494 
356592 0.041976 0.00761474 -43150.7 59.8864 
357408 0.0502278 0.0289245 -43302.1 60.0233 
358224 0.031649 -0.00891952 -42343.6 60.1602 
359040 0.0122593 0.00118791 -41713.2 60.2972 
359856 0.0130076 -0.00522932 -41337.3 60.4341 
360672 0.0213536 0.0189868 -41911.8 60.5714 
361488 0.0272074 0.0230131 -42035.1 60.7086 
362304 0.0400419 0.0321454 -42247.3 60.8458 
363120 0.0346372 0.0285062 -42214.1 60.9828 
363936 0.0372832 0.0257041 -42604.6 61.1203 
364752 0.0508882 0.046235 -42822.6 61.257 
365568 0.0253106 0.00842383 -43860.1 61.3942 
366384 0.0211579 0.0155174 -43669 61.5314 
367200 0.0336674 0.0189545 -43911.9 61.6681 
368016 0.0580327 0.0150015 -43806.1 61.8048 
368832 0.0304284 -0.025373 -43735.7 61.9417 
369648 0.0320474 -0.00930166 -43690.3 62.0793 
370464 0.0269727 0.00813376 -42125.9 62.2162 
371280 0.0291243 -0.0140663 -42545.9 62.3533 
372096 0.0223959 0.00237019 -42618.7 62.4906 
372912 0.0186281 -0.0172781 -43234.9 62.6277 
373728 0.0130158 0.0117091 -42887.7 62.7648 
374544 0.0377584 0.0209331 -42916.9 62.9019 
375360 0.0416576 0.0176755 -43123.5 63.0391 
376176 0.0303608 0.00540345 -43608.5 63.1765 
376992 0.0573219 -0.0437684 -42786.2 63.314 
377808 0.0332969 -0.0264257 -42840.3 63.451 
378624 0.0386171 -0.0231684 -42821.1 63.5881 
379440 0.0552269 -0.0516341 -42227.4 63.7254 
380256 0.0323278 -0.00501433 -42305.9 63.8624 
381072 0.078401 -0.0304818 -41823.9 63.9997 
381888 0.0367602 -0.0041684 -42029.1 64.1368 
382704 0.0334934 -0.0163364 -42716.5 64.2738 
383520 0.021189 0.0116782 -42644 64.4108 
384336 0.0197614 0.00763543 -42556 64.5476 
385152 0.0138204 0.00734349 -42204.8 64.685 
385968 0.0223907 0.00248837 -42198 64.8221 
386784 0.0206254 0.0074276 -42830.4 64.9589 
387600 0.0299132 0.0131241 -43374 65.0961 
388416 0.0237134 -0.0142006 -43009.9 65.2333 
389232 0.0424287 0.018928 -42927.7 65.3702 
390048 0.0355679 0.028303 -42742.1 65.5073 
390864 0.035249 0.0330532 -42633.7 65.6446 
391680 0.0381652 0.0204769 -42743.8 65.7816 
392496 0.0132014 0.000380786 -42576.7 65.9189 
393312 0.0477024 0.041494 -43475.5 66.056 
394128 0.0489821 -0.00910325 -43920.4 66.1931 
394944 0.0479087 0.0137267 -43994 66.3299 
395760 0.0442515 0.0171955 -44003.9 66.4669 
396576 0.0246426 0.0184474 -44286.4 66.6039 
397392 0.0216477 0.0186854 -43421.8 66.7411 
398208 0.0340278 -0.00293478 -42980.5 66.8785 
399024 0.0135304 0.00199111 -43085.8 67.0158 
399840 0.0453291 -0.0165387 -42957.8 67.1527 
400656 0.011381 0.00074242 -42741.1 67.2898 
401472 0.0322696 -0.00393787 -42735.8 67.4266 
402288 0.0551295 0.015497 -42467.2 67.5637 
403104 0.0402036 0.0266588 -42471.1 67.7008 
403920 0.0589428 0.0103462 -42173 67.8379 
404736 0.0491863 -0.0140278 -43078.2 67.975 
405552 0.0530041 -0.00136122 -42658.3 68.112 
406368 0.0294423 -0.0276412 -42560 68.2493 
407184 0.0393572 -0.0391901 -42054.4 68.3864 
408000 0.0203688 -0.0186541 -41984.5 68.5236 
408816 0.0452257 -0.0377757 -42133.6 68.6608 
409632 0.0561512 0.00238178 -41458.9 68.7978 
410448 0.0579873 -0.03489 -42882.1 68.9348 
411264 0.0340674 -0.0279224 -43496.8 69.0718 
412080 0.040154 -0.00750831 -43420.5 69.209 
412896 0.0692804 -0.0583809 -43497.3 69.346 
413712 0.043854 -0.0379705 -42714.2 69.4827 
414528 0.0332817 -0.0108405 -42740.3 69.6197 
415344 0.0535988 -0.020076 -42559.1 69.7571 
416160 0.0523406 -0.0368576 -42546.7 69.8943 
416976 0.0646433 -0.0100329 -43342 70.0313 
417792 0.0520732 -0.0143029 -43644.9 70.1683 
418608 0.0600129 -0.0268506 -44339.6 70.3055 
419424 0.0194661 0.00675656 -43849.3 70.4428 
420240 0.0285185 0.0199822 -43448.7 70.5799 
421056 0.0361452 -0.0285656 -43023.4 70.7171 
421872 0.0175298 -0.00973389 -43755.6 70.8547 
422688 0.0213049 0.0152197 -43115.4 70.9917 
423504 0.0632052 0.0368816 -42419.9 71.1292 
424320 0.0352467 0.0218796 -42355.6 71.2663 
425136 0.0462472 -0.00238831 -42786.7 71.4039 
425952 0.0696644 0.0210434 -43147.1 71.541 
426768 0.0761018 0.0583803 -43394.2 71.6785 
427584 0.0495105 0.0108156 -43206.7 71.816 
428400 0.033152 0.0326284 -43192.4 71.9532 
429216 0.041639 0.0372277 -43172 72.0904 
430032 0.0360817 0.00542542 -43412.3 72.2273 
430848 0.0329278 0.0153273 -43183.1 72.3644 
431664 0.0379262 0.00448628 -43316.6 72.5013 
432480 0.0144169 0.000930046 -43053.7 72.6387 
433296 0.0318189 -0.00293599 -42899.6 72.7758 
434112 0.0400015 -0.0148696 -41856.6 72.9131 
434928 0.0524338 -0.0190178 -43002.9 73.0502 
435744 0.0399141 0.00944738 -42299.8 73.1873 
436560 0.00813402 0.00365535 -42392.7 73.3246 
437376 0.00711041 -0.00529317 -43365 73.4616 
438192 0.034352 0.00745806 -42686.4 73.599 
439008 0.0307081 -0.0128634 -42020.8 73.736 
439824 0.0332664 -0.00724882 -41295.2 73.8731 
440640 0.028931 0.00187317 -41371.9 74.0102 
441456 0.0400963 0.00506554 -41907.9 74.1472 
442272 0.0515684 0.0126193 -42518.1 74.2843 
443088 0.0378785 -0.0281623 -41654.1 74.4214 
443904 0.0714966 -0.0599072 -42170.5 74.5583 
444720 0.0451448 0.0293839 -41739.6 74.6954 
445536 0.0335522 0.03211 -42066 74.8326 
446352 0.0204087 0.00299537 -42932.1 74.9698 
447168 0.0193433 0.00407246 -43433.1 75.107 
447984 0.0555245 -0.0175513 -44097.4 75.2443 
448800 0.0532994 -0.0214252 -43411.6 75.3813 
449616 0.0490877 0.0204704 -42603.7 75.5184 
450432 0.0733304 0.0177315 -42518.9 75.6553 
451248 0.046538 0.01298 -43205.7 75.7924 
452064 0.0266619 0.00871301 -42581.7 75.9294 
452880 0.0370586 0.0042339 -43114.2 76.0665 
453696 0.027195 0.0242394 -42282.8 76.2036 
454512 0.0256338 -0.0246851 -42944.6 76.3409 
455328 0.0219571 0.0197934 -42533.1 76.478 
456144 0.0283925 0.0257854 -42886.3 76.6151 
456960 0.0250681 0.0240013 -41789.7 76.7523 
457776 0.0346627 0.0340753 -41801.7 76.8894 
458592 0.0127198 -0.00730249 -41959.2 77.0269 
459408 0.0188253 -0.0111888 -41809.5 77.164 
460224 0.0330764 -0.0188418 -41821.3 77.3011 
461040 0.0474382 -0.0470672 -41678 77.4379 
461856 0.0280787 0.00130237 -42614.3 77.5753 
462672 0.0100343 -0.00428926 -42522.8 77.7122 
463488 0.0269672 0.0260703 -41528.5 77.8467 
464304 0.0144315 0.00228012 -41673.3 77.9836 
465120 0.0308574 -0.0153759 -41251.4 78.1208 
465936 0.0264856 0.0132812 -41499.3 78.2579 
466752 0.0455888 0.0249897 -41667.8 78.395 
467568 0.0284245 0.0263293 -42021.9 78.5321 
468384 0.0512638 0.0502376 -41164.6 78.6692 
469200 0.0541763 0.0428675 -41706.4 78.8065 
470016 0.042977 -0.0297902 -41072.3 78.9437 
470832 0.0350394 0.00210168 -41439.1 79.0806 
471648 0.0386716 -0.000730747 -41865.4 79.2176 
472464 0.0459756 0.0242455 -41796.3 79.3548 
473280 0.0384071 -0.00185737 -41598.7 79.4923 
474096 0.0589443 0.0402381 -41470.5 79.6297 
474912 0.0594808 0.0487888 -41373.9 79.7666 
475728 0.0641973 0.0322891 -41705.1 79.9037 
476544 0.0551357 0.0361945 -41661.6 80.041 
477360 0.0445216 0.034543 -41881.8 80.1783 
478176 0.018457 0.0168436 -42763.6 80.3156 
478992 0.0542862 0.0408269 -42788.5 80.4526 
479808 0.0549222 0.0272431 -42186.4 80.5899 
480624 0.0861144 0.0338421 -41577.7 80.7271 
481440 0.0870472 0.031026 -42430.4 80.8643 
482256 0.0298065 0.00472589 -41930.8 81.0027 
483072 0.0135811 0.00806329 -42285.6 81.1399 
483888 0.0302782 0.0241189 -41512.5 81.2772 
484704 0.0721808 0.0580949 -43178.7 81.4145 
485520 0.0256805 0.0235853 -43245.4 81.5516 
486336 0.0216523 0.0159716 -42453.7 81.6889 
487152 0.0231677 0.00570291 -42625.7 81.8262 
487968 0.0246804 0.022568 -42685.6 81.9634 
488784 0.00708752 9.04189e-05 -42006.1 82.1009 
489600 0.0125148 0.00549068 -41394.1 82.238 
490416 0.0128152 0.00404136 -41317.5 82.3749 
491232 0.0434372 0.0168442 -41648 82.512 
492048 0.0307167 0.0257428 -42823.1 82.6494 
492864 0.0296933 0.026735 -41363.2 82.7866 
493680 0.0530343 -0.0138746 -42086.3 82.9238 
494496 0.0527748 0.0025911 -41358.1 83.0609 
495312 0.0671047 -0.00835602 -42840.7 83.1982 
496128 0.0568558 -0.0144562 -42034.8 83.3354 
496944 0.0639937 -0.0029125 -42319.6 83.4725 
497760 0.0385846 0.0256714 -42455 83.6103 
498576 0.0529864 0.0451039 -41911.9 83.7474 
499392 0.0419105 0.0272247 -42196.2 83.8845 
500208 0.0464452 0.0283257 -42571 84.0217 
501024 0.0731502 0.00948744 -43774.6 84.1591 
501840 0.0661655 0.0236477 -43178.1 84.2968 
502656 0.0695301 0.00883524 -44303.9 84.4339 
503472 0.0576217 0.00198546 -43386.7 84.5708 
504288 0.0607554 0.0261889 -43500.9 84.7078 
505104 0.0767784 0.00870633 -44095.9 84.8449 
505920 0.0314405 0.0121931 -44202.1 84.9819 
506736 0.046953 0.00339095 -43462.3 85.1191 
507552 0.0429051 0.00544887 -43133 85.2564 
508368 0.0435157 0.0301598 -44048 85.3936 
509184 0.0286709 -0.0097954 -43567.6 85.5309 
510000 0.0257491 -0.0182635 -43818.3 85.6679 
510816 0.0211099 -0.0168733 -44162.6 85.805 
511632 0.0352298 -0.0316938 -44206.6 85.9422 
512448 0.019131 -0.0186649 -45245.4 86.0795 
513264 0.0636719 -0.046378 -43983.1 86.217 
514080 0.0348584 -0.00722508 -44432 86.3541 
514896 0.0243322 0.00778849 -43936.9 86.4912 
515712 0.0118873 0.011601 -42880.5 86.6282 
516528 0.0231486 0.0192399 -42933.2 86.7653 
517344 0.0367084 0.0257958 -43035.9 86.9028 
518160 0.0544861 0.00458425 -43428.3 87.0399 
518976 0.0437561 0.00181557 -43900.5 87.177 
519792 0.0469836 0.0127817 -44069.3 87.3141 
520608 0.0613977 -0.00316223 -44350.8 87.4512 
521424 0.0597089 0.0105631 -44297 87.5881 
522240 0.0438869 0.0337702 -44458.8 87.7253 
523056 0.0368098 -0.00897995 -43670.2 87.8626 
523872 0.023325 0.0110413 -42578.8 87.9998 
524688 0.0273231 0.0270307 -41980.5 88.1367 
525504 0.0325056 0.00912467 -42323.7 88.2737 
526320 0.0515397 -0.0512964 -42356.6 88.4112 
527136 0.06729 -0.0644532 -41677.9 88.5483 
527952 0.0486855 -0.0460133 -42216.8 88.6851 
528768 0.0204061 -0.00667616 -42620.8 88.8226 
529584 0.0263269 -0.0121947 -42718.4 88.96 
530400 0.0280714 -0.00273641 -42636 89.0971 
531216 0.0364735 0.0255886 -42599 89.2342 
532032 0.0165913 -0.00467977 -41987.5 89.3716 
532848 0.044896 -0.0413862 -42125.2 89.5087 
533664 0.0153064 -0.00868277 -42164.8 89.6458 
534480 0.0478935 0.0185429 -42635.7 89.7831 
535296 0.0388823 0.0224821 -41094.4 89.9204 
536112 0.0544078 0.0398539 -40935.3 90.0578 
536928 0.057972 0.0323997 -41014.2 90.1948 
537744 0.0541428 0.0439905 -40644.4 90.3316 
538560 0.050946 0.0173324 -41450.7 90.4687 
539376 0.0641116 0.0402873 -41963.3 90.6054 
540192 0.0510036 0.00732623 -41575 90.7422 
541008 0.0849354 0.0127951 -42535.3 90.8794 
541824 0.0926615 0.0608746 -41910.7 91.0165 
542640 0.0562405 0.0405989 -41292 91.1536 
543456 0.0458448 0.00417455 -42056.6 91.2908 
544272 0.050648 -0.0107287 -42803.7 91.4279 
545088 0.0426081 -0.0199156 -42992.9 91.5652 
545904 0.0269139 0.00038867 -43422 91.7025 
546720 0.0728644 0.0335446 -43553.3 91.84 
547536 0.0143534 -0.000178216 -41897.8 91.9774 
548352 0.0674642 -0.0484856 -42450.7 92.1144 
549168 0.0798723 -0.0355105 -43023.2 92.2515 
549984 0.0571533 -0.0357591 -43282.2 92.3886 
550800 0.0327063 -0.01586 -43096.9 92.5256 
551616 0.0421064 0.0146735 -43952 92.663 
552432 0.0688636 0.0258084 -44362.6 92.7999 
553248 0.0389694 0.00902908 -44749.7 92.937 
554064 0.0309516 -0.0157489 -44344.4 93.074 
554880 0.0513638 -0.0454955 -44180.3 93.2112 
555696 0.0658084 -0.0518873 -44176.1 93.3485 
556512 0.0525493 0.0308491 -45357.6 93.4855 
557328 0.0413801 0.0370505 -45178.4 93.6225 
558144 0.0622772 0.0407143 -45015.8 93.7597 
558960 0.037821 -0.000641478 -44652.7 93.8967 
559776 0.0587206 -0.0241587 -45058.1 94.0341 
560592 0.021661 0.00241672 -43635.3 94.1714 
561408 0.0355409 -0.0215887 -43873.9 94.3087 
562224 0.0348621 -0.0138721 -43659.8 94.446 
563040 0.0547342 0.0341439 -43900.1 94.5831 
563856 0.0493582 0.0305478 -42793.2 94.7202 
564672 0.0483542 -0.0213255 -43662.9 94.8576 
565488 0.0583764 -0.0436096 -43674.8 94.9949 
566304 0.0311697 0.00693899 -43773.6 95.1317 
567120 0.0476382 -0.0200239 -43504 95.2689 
567936 0.0840112 -0.0624147 -43175.2 95.406 
568752 0.058128 -0.0224829 -42850.3 95.5432 
569568 0.0681702 -0.0142071 -42505 95.6806 
570384 0.0586795 -0.0227284 -42785.7 95.8181 
571200 0.057173 0.00252628 -42481.5 95.955 
572016 0.0655017 0.00225193 -42997.4 96.092 
572832 0.0526697 -0.0306104 -42868.5 96.2293 
573648 0.0547907 0.000432253 -43301 96.3663 
574464 0.0587097 -0.0221522 -43458.9 96.5034 
575280 0.0595614 -0.0269019 -42766.4 96.6408 
576096 0.055207 -0.0264529 -42941.4 96.778 
576912 0.0257177 -0.00389605 -42665.6 96.9153 
577728 0.0410274 -0.0101488 -43335.3 97.0526 
578544 0.0472182 0.0130184 -43452.9 97.1901 
579360 0.0793255 0.0173852 -44600.2 97.3271 
580176 0.044604 0.0206688 -44867.6 97.4645 
580992 0.0517259 -0.0199557 -44974.8 97.6019 
581808 0.0292504 -0.0198592 -44716.9 97.739 
582624 0.0484717 0.0256803 -43909.8 97.8762 
583440 0.0246348 -0.0152419 -44378.6 98.0132 
584256 0.0555348 -0.0414211 -44490.8 98.1502 
585072 0.0520606 -0.0217458 -44119.6 98.2873 
585888 0.0398766 0.0175583 -44129.2 98.4244 
586704 0.0508601 0.0505718 -44018.7 98.5616 
587520 0.0442444 0.037243 -44367.2 98.6987 
588336 0.0346867 -0.00137319 -44347.6 98.8358 
589152 0.039911 -0.00911694 -44562.9 98.973 
589968 0.039712 -0.0109545 -43823.4 99.1103 
590784 0.0471367 -0.00117509 -44133.8 99.2475 
591600 0.0436248 -0.0379416 -43578.8 99.3849 
592416 0.0420828 -0.0296166 -43793.2 99.522 
593232 0.0395892 0.00363916 -43822.7 99.6591 
594048 0.0170739 -0.00503756 -43691.4 99.7961 
594864 0.00716156 -0.00546181 -43910.3 99.9331 
595680 0.0360034 -0.0314389 -43813.2 100.07 
596496 0.0471461 -0.0353179 -43430.7 100.208 
597312 0.0398801 -0.0228441 -42766.2 100.345 
598128 0.0499716 -0.0252092 -42852.1 100.482 
598944 0.0365038 -0.0284339 -43313 100.619 
599760 0.041329 -0.0407375 -42678.5 100.756 
600576 0.0505917 -0.0440787 -42119.4 100.894 
601392 0.0552886 -0.0374665 -41696 101.031 
602208 0.0589679 -0.0507302 -42019.5 101.168 
603024 0.0532502 -0.0477474 -41321.7 101.305 
603840 0.0504748 -0.0411881 -40359.6 101.442 
604656 0.042133 -0.0141643 -40789.7 101.579 
605472 0.0394493 0.000259679 -42124.3 101.716 
606288 0.0378575 -0.000961895 -42713.1 101.853 
607104 0.0473736 -0.0185929 -42958.6 101.991 
607920 0.0621496 0.00182275 -43311 102.128 
608736 0.0352262 0.022446 -42478.7 102.265 
609552 0.0109207 -0.0101375 -41771.1 102.403 
610368 0.04698 -0.0406585 -42006.4 102.54 
611184 0.050838 -0.0437521 -41737.5 102.677 
612000 0.0587686 -0.0335099 -41109.8 102.814 
612816 0.0334106 -0.0329878 -41819.4 102.952 
613632 0.0549541 -0.0538165 -42150.3 103.089 
614448 0.0394861 -0.0323141 -42107.7 103.227 
615264 0.0431774 -0.0249249 -42127.2 103.364 
616080 0.0524218 -0.00716713 -43219.8 103.501 
616896 0.0790811 -0.0302171 -43123 103.639 
617712 0.0493541 -0.00116878 -43213.7 103.776 
618528 0.0588138 -0.0185328 -43395.2 103.914 
619344 0.0866552 -0.0619369 -43260.9 104.051 
620160 0.0836835 -0.0352735 -43730.6 104.188 
620976 0.0542612 -0.0435551 -43430.9 104.326 
621792 0.0387028 0.00773663 -43083.2 104.463 
622608 0.0463799 0.0142063 -43444.8 104.6 
623424 0.0418581 0.0261861 -44133 104.738 
624240 0.0645934 0.0422349 -44598.2 104.876 
625056 0.0221976 0.00892086 -43514.4 105.013 
625872 0.0446689 -0.00270906 -43799.3 105.151 
626688 0.057683 -0.00818761 -42995.9 105.288 
627504 0.0524716 -0.0265827 -43706.3 105.425 
628320 0.0836296 -0.0513439 -44547.7 105.562 
629136 0.0580859 -0.0442589 -44494.9 105.7 
629952 0.100244 -0.0729516 -44815.2 105.837 
630768 0.065485 -0.0373514 -44769 105.974 
631584 0.0388298 -0.00530421 -44744.1 106.111 
632400 0.0247971 0.000770833 -44607.5 106.249 
633216 0.0444809 -0.00654062 -44780.1 106.386 
634032 0.0322245 0.01249 -43400.2 106.523 
634848 0.0190719 -0.00563805 -43266.4 106.661 
635664 0.012756 -0.0095805 -43196.3 106.798 
636480 0.0145388 0.00553577 -42816.1 106.935 
637296 0.0323076 0.0224222 -42795.1 107.073 
638112 0.0423386 0.0108854 -42272.8 107.21 
638928 0.068256 -0.00821108 -42077.7 107.348 
639744 0.0161697 -0.013819 -43025.1 107.485 
640560 0.0462793 -0.0241551 -43886.2 107.622 
641376 0.0672654 0.0274279 -43889.5 107.759 
642192 0.0623873 0.0040524 -43998.2 107.897 
643008 0.0691718 -0.001829 -42879.9 108.034 
643824 0.0503135 0.0119049 -42664.6 108.172 
644640 0.0362 -0.0163265 -42557.1 108.309 
645456 0.06552 -0.0273112 -42115.6 108.446 
646272 0.0577298 -0.0168462 -42100.3 108.584 
647088 0.0551806 -0.00409694 -40833.4 108.721 
647904 0.0653979 -0.0464579 -40620.8 108.858 
648720 0.0412597 -0.0165345 -40688 108.996 
649536 0.0378049 -0.0330455 -40844.6 109.133 
650352 0.0413299 -0.0397894 -40409.5 109.27 
651168 0.0499678 -0.0453786 -40515.6 109.407 
651984 0.0104854 -0.00879206 -40419.8 109.544 
652800 0.033663 -0.0265728 -41072.7 109.681 
653616 0.0508307 -0.0427511 -40822.8 109.819 
654432 0.0372129 -0.0290557 -41529 109.956 
655248 0.0574774 -0.0366061 -41693.5 110.093 
656064 0.0215267 0.0190963 -42813.2 110.23 
656880 0.0413367 -0.0368532 -42224.9 110.367 
657696 0.0121322 0.00643709 -42250.6 110.504 
658512 0.0327846 -0.0263179 -41412.6 110.642 
659328 0.0524284 -0.0401314 -42155.5 110.779 
660144 0.0438833 -0.0382534 -42259.9 110.916 
660960 0.0514564 -0.0451734 -42388.8 111.054 
661776 0.0361296 -0.0351871 -41379 111.191 
662592 0.0116289 -0.00304397 -41095.8 111.328 
663408 0.0361363 0.0330621 -41200.1 111.466 
664224 0.00631568 0.000355996 -42290.2 111.603 
665040 0.0286893 -0.0239846 -42699.2 111.741 
665856 0.0147686 0.0113656 -41733 111.878 
666672 0.0137512 -0.0109076 -41862.7 112.015 
667488 0.0373526 -0.0344018 -41571.7 112.152 
668304 0.0218921 -0.017272 -41265.9 112.289 
669120 0.0238985 0.00535506 -43124.7 112.427 
669936 0.0439757 0.0318379 -43452.5 112.564 
670752 0.0342345 -0.0212098 -43649.6 112.701 
671568 0.0638118 -0.052653 -43267.2 112.838 
672384 0.0440824 -0.0221333 -43182.3 112.975 
673200 0.0263096 -0.0250729 -41807.2 113.113 
674016 0.00954837 -0.00919205 -42168.6 113.25 
674832 0.0303239 -0.00492434 -42413.6 113.387 
675648 0.0336752 0.0128129 -43181.3 113.525 
676464 0.0308993 0.0140247 -43484.1 113.662 
677280 0.0208454 -0.00897605 -43048.3 113.8 
678096 0.0535275 -0.0317358 -41594.7 113.937 
678912 0.0482906 -0.0444535 -41594.2 114.074 
679728 0.0499981 -0.00519599 -41413.4 114.212 
680544 0.0591611 -0.0340928 -42371 114.349 
681360 0.0210033 0.00784791 -43426.4 114.486 
682176 0.0538506 -0.0526215 -43609.5 114.623 
682992 0.0397097 -0.0139673 -43159.5 114.76 
683808 0.0540999 0.0134042 -43276.7 114.898 
684624 0.0491779 0.0258253 -42354.5 115.035 
685440 0.0392065 0.0267831 -42235.8 115.172 
686256 0.0340962 0.0102366 -42747 115.309 
687072 0.0358022 0.0167545 -42997.7 115.446 
687888 0.0294952 -0.00301322 -42811.1 115.583 
688704 0.0557907 -0.0205723 -41547.4 115.72 
689520 0.0739287 -0.0298165 -42315.8 115.857 
690336 0.0586398 0.0463798 -42829.1 115.995 
691152 0.0601562 0.0537227 -43105.5 116.132 
691968 0.0636959 0.0367684 -43014 116.269 
692784 0.0550575 0.0201673 -42595 116.407 
693600 0.0752818 -0.0284217 -43511.1 116.545 
694416 0.0779257 -0.0332388 -42015.5 116.682 
695232 0.0886455 -0.0136031 -42148.7 116.819 
696048 0.0615025 -0.0367612 -41072.9 116.956 
696864 0.0488782 0.0457912 -42984.5 117.093 
697680 0.0453294 0.0314436 -42550 117.23 
698496 0.0351884 0.0276649 -42438.2 117.367 
699312 0.0205698 -0.0141619 -42920.3 117.505 
700128 0.0515758 0.0172899 -42519.6 117.642 
700944 0.027971 0.000537812 -41867.4 117.779 
701760 0.0371468 0.0288567 -41616.8 117.916 
702576 0.0595663 0.038644 -41919.9 118.054 
703392 0.0427345 0.0201824 -41727.5 118.191 
704208 0.032786 0.01896 -42232.4 118.328 
705024 0.0144622 0.00858645 -41787.9 118.465 
705840 0.0589482 0.051541 -41928.5 118.603 
706656 0.0576046 0.0437292 -40765.9 118.74 
707472 0.0525708 0.0291675 -41735 118.877 
708288 0.0268887 0.0216811 -41631.1 119.014 
709104 0.0348686 0.00922007 -42915.3 119.151 
709920 0.0571541 0.0165841 -42801.8 119.288 
710736 0.0548778 0.0408923 -42718.8 119.425 
711552 0.0235819 0.0171744 -43197.5 119.562 
712368 0.0264684 0.0105634 -42549.2 119.7 
713184 0.0157367 -0.0128943 -41949.2 119.838 
714000 0.0194682 -0.0159686 -42181.1 119.975 
714816 0.0392822 -0.0298054 -42254.8 120.112 
715632 0.0500522 -0.0289567 -42121.1 120.25 
716448 0.0443805 -0.0265625 -42552.9 120.387 
717264 0.0527057 0.031094 -42348.5 120.524 
718080 0.0410201 0.0197397 -42977 120.661 
718896 0.0294956 -0.00405063 -42713.9 120.798 
719712 0.0411378 0.00195563 -42853.5 120.936 
720528 0.0333372 -0.0246694 -43253.8 121.073 
721344 0.0383659 -0.036306 -44212.5 121.21 
722160 0.0561553 -0.0400683 -43988 121.347 
722976 0.0452401 -0.0263225 -44017.1 121.484 
723792 0.0230165 0.00125416 -43358.8 121.621 
724608 0.0211094 -0.0132543 -43546.1 121.759 
725424 0.0278637 -0.00981834 -43073 121.895 
726240 0.0298937 -0.0214162 -42833.8 122.033 
727056 0.0445674 -0.0159861 -42363.7 122.17 
727872 0.0183082 0.00759342 -42538.5 122.307 
728688 0.0272792 -0.000931091 -43537.5 122.444 
729504 0.0666118 0.0104229 -43040.3 122.581 
730320 0.0542777 -0.0261426 -43123.3 122.719 
731136 0.0846711 -0.0737292 -42504.9 122.856 
731952 0.0381551 -0.0231957 -41940 122.993 
732768 0.046715 -0.0148024 -41333.2 123.13 
733584 0.0225218 -0.00605268 -40820.9 123.267 
734400 0.0242092 -0.00066915 -40869.6 123.404 
735216 0.0492557 0.0235654 -40936 123.541 
736032 0.0135012 0.00962131 -41654.5 123.679 
736848 0.0227203 0.0153947 -41869 123.816 
737664 0.0341603 0.00925942 -42035.6 123.953 
738480 0.0306534 0.0204811 -42622.8 124.09 
739296 0.0316446 0.00171611 -42005.9 124.227 
740112 0.0615392 0.0581144 -41425.9 124.364 
740928 0.0507909 0.0449143 -41981.1 124.501 
741744 0.023018 0.0174381 -42190.7 124.638 
742560 0.0533422 0.0283783 -43065.9 124.775 
743376 0.0274177 0.0138759 -42812.1 124.912 
744192 0.0510229 0.0470329 -43074.4 125.049 
745008 0.0414997 0.0407716 -42666.8 125.186 
745824 0.0276068 -0.0264092 -42577.4 125.323 
746640 0.0286754 -0.0218184 -42611 125.46 
747456 0.0231774 0.00692117 -42568.1 125.597 
748272 0.0384092 0.0294551 -41338.2 125.734 
749088 0.0324883 0.0169569 -42355 125.871 
749904 0.0373194 -0.0241585 -42360.5 126.008 
750720 0.0346853 -0.000914665 -42326.9 126.145 
751536 0.0714066 0.00496419 -42778.7 126.283 
752352 0.0652837 -0.0444963 -41647.5 126.42 
753168 0.0541493 -0.0193462 -41572.9 126.557 
753984 0.0374356 -0.0148521 -42085.3 126.694 
754800 0.0313229 -0.025514 -40906 126.832 
755616 0.0267928 -0.00837142 -40754.7 126.969 
756432 0.0351311 -0.00599851 -41903.5 127.106 
757248 0.028954 -0.0135228 -41443.7 127.243 
758064 0.0508412 -0.0448108 -42123.8 127.38 
758880 0.0475216 -0.011698 -41983.7 127.517 
759696 0.0519971 -0.0149598 -42204 127.655 
760512 0.0375394 -0.00530901 -42052.6 127.792 
761328 0.0607296 -0.0582463 -42665.7 127.929 
762144 0.0248444 -0.0100689 -44020.2 128.066 
762960 0.0502896 -0.0273731 -42866.6 128.201 
763776 0.0490063 -0.0107101 -43128.4 128.338 
764592 0.0481534 0.000527444 -43032.8 128.475 
765408 0.0695627 -0.0455184 -43462.5 128.612 
766224 0.0782792 -0.0422988 -43429 128.749 
767040 0.0878452 -0.0299053 -44110.7 128.887 
767856 0.0387352 0.00659123 -43363.8 129.024 
768672 0.0368115 0.00669039 -43348.8 129.161 
769488 0.0340634 -0.00424591 -43549.8 129.299 
770304 0.0428142 0.00222173 -43621.4 129.436 
771120 0.0408907 0.00860528 -42753.4 129.573 
771936 0.0361459 -0.00381595 -42529.1 129.71 
772752 0.0520794 -0.0308971 -42170.9 129.847 
773568 0.0438573 -0.0344637 -43719.6 129.985 
774384 0.0394187 -0.0121296 -43685.2 130.122 
775200 0.0366752 -0.0329593 -43537.7 130.259 
776016 0.00860762 -0.00341005 -43261.4 130.396 
776832 0.0425866 0.020105 -44023.4 130.533 
777648 0.0452717 0.0206231 -44283.2 130.67 
778464 0.0117019 0.0100765 -44629.3 130.807 
779280 0.0084442 -0.00481554 -43699 130.945 
780096 0.0581089 -0.0261307 -43948.7 131.082 
780912 0.0145266 0.0143649 -43926 131.217 
781728 0.0056592 0.003851 -43810.7 131.354 
782544 0.0401813 0.0292151 -42953.5 131.491 
783360 0.0390052 0.0312963 -42388 131.628 
784176 0.039626 0.00234318 -42592.9 131.764 
784992 0.0431044 -0.0414479 -42884.6 131.902 
785808 0.046061 -0.033152 -42694.6 132.038 
786624 0.0319009 -0.0192456 -41933 132.176 
787440 0.0400334 -0.00368455 -40966.2 132.312 
788256 0.056638 0.0101496 -41150.3 132.448 
789072 0.0486221 -0.0203694 -40006.7 132.585 
789888 0.0423354 -0.0320438 -40796 132.722 
790704 0.0328092 -0.0322505 -40259.5 132.86 
791520 0.0457336 -0.0371924 -40588 132.997 
792336 0.0614737 -0.0397111 -39674.1 133.134 
793152 0.0833349 -0.0406593 -39543.2 133.271 
793968 0.0761492 -0.0549525 -40513 133.409 
794784 0.0466879 -0.0424066 -39788.7 133.546 
795600 0.0356979 -0.0031612 -40966.5 133.684 
796416 0.0331372 -0.01006 -41955.2 133.821 
797232 0.0261252 -0.0111734 -41552.3 133.959 
798048 0.0587779 0.00686066 -40972.9 134.096 
798864 0.021707 0.0160764 -40239.3 134.233 
799680 0.0163825 -0.015282 -40711.6 134.371 
800496 0.0404759 0.0266828 -41287.5 134.508 
801312 0.0324959 0.0118861 -41213.7 134.645 
802128 0.0458255 -0.00483009 -40859.8 134.783 
802944 0.0369329 -0.000232885 -41312.2 134.92 
803760 0.0468516 -0.0117164 -41023.7 135.057 
804576 0.0404926 0.0344648 -40988.9 135.195 
805392 0.0518054 0.0400219 -41668.6 135.331 
806208 0.050776 0.0163321 -42227.8 135.469 
807024 0.0656807 0.0450348 -42045.7 135.606 
807840 0.0298435 -0.00478524 -41570.6 135.744 
808656 0.0433712 0.0184122 -41854.8 135.881 
809472 0.0612983 0.0590351 -41932 136.018 
810288 0.019365 0.0161604 -40712.3 136.155 
811104 0.038671 -0.0122271 -40804.3 136.292 
811920 0.0266055 0.02344 -41517.8 136.429 
812736 0.0426258 0.024495 -42389.1 136.566 
813552 0.037084 -0.00197608 -42692.2 136.703 
814368 0.0323205 -0.00728861 -43000.2 136.84 
815184 0.0243697 -0.00556031 -42640.4 136.978 
