0 0.0157457 0.0127776 -33776.9 0 
816 0.0248682 0.0138716 -35056.4 0.136637 
1632 0.0692071 0.0589749 -36119.6 0.273525 
2448 0.0568716 0.0225793 -37650.7 0.411253 
3264 0.05714 0.0346741 -38646.4 0.54856 
4080 0.0289852 0.00476877 -40083.2 0.686036 
4896 0.0395468 -0.00794392 -39684.9 0.82338 
5712 0.0323279 -0.0132963 -39385.4 0.960518 
6528 0.0389023 0.0211409 -39650.7 1.09773 
7344 0.0366831 0.0111987 -40460.3 1.23523 
8160 0.0111809 0.00915678 -39870.5 1.37276 
8976 0.0332965 -0.0268349 -40796.5 1.51013 
9792 0.0426738 0.00792027 -39986.9 1.64739 
10608 0.0322197 -0.0218923 -40118.2 1.78443 
11424 0.0290298 0.0178809 -40601.9 1.92143 
12240 0.0364971 -0.0178037 -41210.9 2.0584 
13056 0.0398325 -0.035416 -40823.9 2.19544 
13872 0.0538149 -0.0348304 -40895.3 2.33254 
14688 0.0170161 -0.0155156 -40678.5 2.4697 
15504 0.0244229 -0.0119941 -41488.4 2.60681 
16320 0.0444623 -0.031053 -40841.5 2.74384 
17136 0.0212965 -0.0181156 -40816.5 2.88106 
17952 0.0414117 -0.0320595 -41384.1 3.01885 
18768 0.0392048 -0.0381896 -41570.8 3.15655 
19584 0.0481481 -0.0175614 -41102.6 3.29403 
20400 0.0654491 -0.021226 -41600.9 3.43189 
21216 0.01261 0.0108379 -41562.1 3.56964 
22032 0.0272551 0.0200393 -41326.9 3.7074 
22848 0.0193936 -0.0135782 -41079.6 3.84504 
23664 0.0212471 -0.0206945 -41180.3 3.98292 
24480 0.0560061 -0.0413901 -41579.7 4.12045 
25296 0.0352062 0.00177007 -41820.2 4.25794 
26112 0.0286736 0.0182288 -42609.9 4.39573 
26928 0.0229389 0.00617432 -42632.2 4.53293 
27744 0.0300095 -0.0027469 -42433.4 4.67031 
28560 0.0159789 -0.0113911 -42447.8 4.8079 
29376 0.0286929 -0.0136056 -42480.2 4.94565 
30192 0.0253869 0.0141516 -42173.7 5.08341 
31008 0.0302121 0.0147202 -41652.9 5.22084 
31824 0.0455902 0.0321266 -42594.4 5.35845 
32640 0.0456909 0.026378 -42898.1 5.49611 
33456 0.0560325 -0.00665923 -42523 5.63348 
34272 0.0739552 -0.0128754 -43270.6 5.7713 
35088 0.0522142 -0.00585227 -43098.3 5.90948 
35904 0.0228269 0.00813232 -43056.5 6.04676 
36720 0.02679 -0.0183847 -43793.5 6.18419 
37536 0.0412572 0.00406176 -43786.5 6.32148 
38352 0.0212293 0.00265208 -43979.1 6.45855 
39168 0.0283242 0.0280874 -44381.9 6.59578 
39984 0.056398 0.0340178 -44196 6.7329 
40800 0.0641451 0.0602928 -44016.8 6.87033 
41616 0.0482903 0.0408401 -43820.1 7.00749 
42432 0.0668681 0.0208614 -43327.3 7.14485 
43248 0.0753423 0.0127429 -43157.5 7.28194 
44064 0.0731322 0.0148992 -43054.9 7.419 
44880 0.0879598 0.0021307 -43378.3 7.55585 
45696 0.080211 0.00277447 -42634.4 7.69288 
46512 0.0689176 0.00960767 -42424 7.83035 
47328 0.0254101 0.0066507 -41152.9 7.96781 
48144 0.0226927 0.016297 -42104.4 8.10565 
48960 0.0280025 0.0164672 -41417.7 8.24288 
49776 0.0263888 0.00358694 -42185.2 8.38099 
50592 0.0547997 0.0197751 -43273.6 8.51961 
51408 0.0426277 0.028642 -42874.5 8.65823 
52224 0.0401662 0.010526 -42883.3 8.79677 
53040 0.0538767 0.00212072 -42903.6 8.93543 
53856 0.0538476 -0.0140747 -43119.3 9.07393 
54672 0.0636297 -0.000994744 -43219.2 9.2123 
55488 0.038287 -0.0137531 -43053.4 9.35059 
56304 0.0374227 0.0292941 -43142.1 9.48884 
57120 0.0256656 0.00316418 -42300.1 9.62764 
57936 0.0416763 0.00590433 -42767.1 9.765 
58752 0.0316474 -0.0276262 -43188.5 9.90338 
59568 0.051245 -0.049625 -43316.3 10.0418 
60384 0.0345252 -0.0216966 -42913.6 10.1803 
61200 0.020059 -0.00985597 -43171.1 10.3186 
62016 0.0160853 0.0049272 -42400.5 10.4567 
62832 0.0135371 0.0130228 -41853.3 10.5948 
63648 0.0255369 -0.0100648 -42026.8 10.7331 
64464 0.0230051 -0.0049988 -41647.2 10.871 
65280 0.0376279 -0.015455 -42006.4 11.0092 
66096 0.0155609 -0.00595152 -41609.2 11.1464 
66912 0.0162467 -0.00658423 -41707.2 11.2834 
67728 0.0321447 -0.0102956 -41172.2 11.4204 
68544 0.0220255 -0.000199865 -41160 11.5583 
69360 0.024622 0.00715316 -41767.9 11.6973 
70176 0.0326081 -0.0223943 -42598.8 11.8358 
70992 0.0293408 -0.0054107 -42618.7 11.973 
71808 0.0375989 0.0139943 -42736.3 12.1111 
72624 0.0351503 -0.0107512 -44052.3 12.2483 
73440 0.0131787 -0.00127309 -43848.7 12.3854 
74256 0.0257937 0.0172641 -43232.5 12.5225 
75072 0.0295485 -0.0238971 -42381.7 12.6595 
75888 0.050621 0.00748395 -42681.5 12.7969 
76704 0.0535602 -0.0365877 -42562.1 12.9341 
77520 0.0101959 0.0030912 -42835.9 13.0714 
78336 0.0432832 0.0146938 -42377.8 13.2093 
79152 0.0522082 0.020616 -42170.9 13.3469 
79968 0.0862074 0.0583117 -43422.7 13.4846 
80784 0.0803733 0.0497336 -43355.3 13.6223 
81600 0.0464307 0.0410981 -43187.5 13.7597 
82416 0.0291449 0.00985461 -42970.6 13.897 
83232 0.0357461 0.0155342 -43193.9 14.0345 
84048 0.0309693 0.0127683 -41818.9 14.172 
84864 0.0346135 0.00137196 -42041.2 14.3095 
85680 0.065889 0.0411306 -42703.2 14.447 
86496 0.0469542 0.0338465 -42993.2 14.5843 
87312 0.0528342 -0.0179207 -42979.6 14.722 
88128 0.0222918 -0.014433 -43166.6 14.8594 
88944 0.0560357 -0.0366715 -43122 14.9969 
89760 0.0552226 -0.0461064 -42304.5 15.1349 
90576 0.0404043 -0.0267028 -42551.6 15.2728 
91392 0.0441874 -0.0219029 -43310.6 15.4101 
92208 0.0370384 0.00355049 -43242.5 15.5472 
93024 0.0216288 -0.00827963 -42909.5 15.6843 
93840 0.0532512 -0.035913 -43166.9 15.8215 
94656 0.0701102 -0.0593403 -42306.4 15.9587 
95472 0.0375967 -0.0217484 -42128 16.0965 
96288 0.0256336 -0.0129621 -42169.3 16.2342 
97104 0.0281119 -0.026137 -41740.4 16.3723 
97920 0.0461413 -0.0420269 -42485.5 16.5105 
98736 0.0235515 -0.0216234 -42080.8 16.6485 
99552 0.0325657 0.0103366 -42037 16.787 
100368 0.0470199 0.00655179 -42335.2 16.9253 
101184 0.0413375 0.0249773 -42085.9 17.0636 
102000 0.0374722 0.0212811 -42953.8 17.2015 
102816 0.0133334 0.00245872 -43420.1 17.3398 
103632 0.0366712 -0.00435583 -43574.8 17.4778 
104448 0.0880454 0.00441918 -44139.8 17.6161 
105264 0.0753023 0.0278324 -42753.5 17.7546 
106080 0.0613684 0.0485625 -42619.7 17.8931 
106896 0.00882294 0.0045291 -42675.6 18.0313 
107712 0.0297916 0.0198366 -42759.1 18.1695 
108528 0.0378319 0.0306222 -42582.4 18.3077 
109344 0.00956008 -0.00476371 -43012.2 18.4457 
110160 0.0300939 0.00119602 -42400.9 18.5841 
110976 0.030905 0.00612128 -43459.1 18.7221 
111792 0.0203623 -0.0050937 -42836.9 18.8603 
112608 0.0308722 0.0189522 -43051.1 18.9982 
113424 0.0192042 0.0146126 -42634.8 19.1363 
114240 0.0304907 0.0302205 -42984.4 19.2743 
115056 0.062174 0.0569166 -43064.6 19.4124 
115872 0.0418957 0.0343163 -43445.3 19.5507 
116688 0.0350016 0.0309764 -43654.4 19.6893 
117504 0.0551387 0.0367244 -42979.8 19.8275 
118320 0.0613997 0.00632092 -43024.9 19.9656 
119136 0.0568518 0.0138263 -43360.7 20.1028 
119952 0.0582424 0.0328444 -42925.5 20.2398 
120768 0.0301027 0.012814 -43585.9 20.377 
121584 0.0100667 -0.00532017 -43653 20.514 
122400 0.0458462 0.00118002 -43564.7 20.651 
123216 0.0265747 0.00578299 -42636 20.7889 
124032 0.0380521 0.000468634 -42864.8 20.9275 
124848 0.0202845 0.00610528 -42705.5 21.0656 
125664 0.0335695 0.0246111 -43062.4 21.2039 
126480 0.0433053 0.00464836 -43191 21.342 
127296 0.0710708 -0.0360422 -42001.8 21.4803 
128112 0.0500263 0.00897144 -42494.3 21.6184 
128928 0.0510755 -0.0225579 -42346 21.7567 
129744 0.060957 -0.0218191 -43093.7 21.8946 
130560 0.0304403 -0.00733486 -43446.6 22.0327 
131376 0.0197762 0.00515349 -43325.8 22.1711 
132192 0.0117 -0.00618594 -44328.8 22.3096 
133008 0.0374425 0.00723711 -44345.6 22.4483 
133824 0.0425395 0.00839602 -44461.6 22.5867 
134640 0.0647869 -0.022393 -44732.6 22.7244 
135456 0.0390273 -0.00715866 -44222.7 22.8616 
136272 0.0805457 -0.0405504 -43818.9 22.9986 
137088 0.0580901 -0.0285 -43068.2 23.1359 
137904 0.0320982 0.0248326 -43057.1 23.2729 
138720 0.0322083 0.0127081 -43029.5 23.41 
139536 0.0224919 -0.00325257 -43369.9 23.5469 
140352 0.0376537 0.0264477 -43569.9 23.6841 
141168 0.0116958 0.0048202 -43449.6 23.8219 
141984 0.0357428 0.0149024 -43017.9 23.9589 
142800 0.0536376 0.0162504 -43075.3 24.0963 
143616 0.0521073 -0.00564306 -42549.4 24.2343 
144432 0.035154 0.0088901 -43182.4 24.3719 
145248 0.0480511 -0.00418787 -43593.1 24.5096 
146064 0.0346998 0.0152891 -43862.1 24.6471 
146880 0.0317718 0.0157279 -44216.4 24.7844 
147696 0.0529828 -0.00283109 -43658.7 24.9217 
148512 0.0606411 -0.0113394 -43055.4 25.059 
149328 0.0396573 -0.0235275 -42321.5 25.1964 
150144 0.0368814 -0.0363794 -42567 25.3343 
150960 0.0517218 -0.0261972 -42279.6 25.4718 
151776 0.0361109 -0.0280316 -42541.3 25.6094 
152592 0.0112719 0.00671989 -41731.7 25.7467 
153408 0.0290241 -0.0171517 -42204.2 25.8842 
154224 0.0480078 -0.0324656 -41481 26.0218 
155040 0.0410699 -0.025072 -41043.4 26.1598 
155856 0.0290127 -0.0161037 -41267.7 26.2975 
156672 0.0482663 -0.0351619 -41283.8 26.4354 
157488 0.055879 -0.018227 -41415.8 26.5727 
158304 0.025834 -0.0220906 -40715.2 26.7096 
159120 0.043364 0.0370214 -41241.5 26.8464 
159936 0.0741222 0.0681899 -41900.1 26.9836 
160752 0.0855771 -0.0471835 -42965.9 27.1205 
161568 0.0880764 -0.0847668 -43177.1 27.2578 
162384 0.0928327 -0.0824465 -44123.8 27.3948 
163200 0.0356161 -0.0217543 -43499.7 27.532 
164016 0.0195752 0.0100304 -42897.3 27.669 
164832 0.0273709 0.00890359 -43053.2 27.806 
165648 0.046806 0.0131252 -43592.3 27.9427 
166464 0.0272401 -0.00999133 -43495 28.0798 
167280 0.043623 -0.0171225 -43875.9 28.2167 
168096 0.0270909 -0.0243312 -43545.3 28.3537 
168912 0.0377349 -0.0222386 -43830.9 28.4907 
169728 0.0305551 -0.00222383 -43871.1 28.6289 
170544 0.0658375 0.0556153 -44673.6 28.766 
171360 0.0486348 0.0474868 -43819.6 28.9034 
172176 0.0340324 -0.00878998 -43181.9 29.0406 
172992 0.0490299 -0.0380609 -43649 29.1778 
173808 0.0152558 0.0115845 -43184.2 29.315 
174624 0.0529145 0.0354025 -42966.9 29.4521 
175440 0.0232366 -0.0103764 -43190.9 29.5894 
176256 0.0396408 0.0276599 -42093.7 29.7264 
177072 0.0491357 0.0476437 -41951.1 29.8632 
177888 0.0428068 0.0273774 -42591.4 30.0004 
178704 0.0229989 -0.00444591 -42408.9 30.1378 
179520 0.0169486 0.0146665 -41761.9 30.2753 
180336 0.0416293 0.0267123 -41630.2 30.4131 
181152 0.0605077 0.0549644 -41857.1 30.5505 
181968 0.0504157 0.0352901 -42512.4 30.6879 
182784 0.0340732 0.0293411 -41770.9 30.8252 
183600 0.0406968 -0.0229653 -41423.7 30.9623 
184416 0.00526845 -0.00483195 -41449.8 31.0997 
185232 0.0547124 -0.0169136 -41828.9 31.2374 
186048 0.0294007 -0.0230397 -41429 31.3746 
186864 0.0527141 -0.0170202 -41523.8 31.5117 
187680 0.0476974 0.0135115 -41202 31.6489 
188496 0.0581681 -0.0227007 -41722.5 31.786 
189312 0.0735137 -0.0390942 -41281.4 31.9233 
190128 0.0323648 -0.00751421 -41864.6 32.0607 
190944 0.057833 0.0255962 -42131.8 32.1975 
191760 0.0547626 0.032252 -42443 32.3349 
192576 0.0266505 0.0175197 -43141.4 32.4729 
193392 0.0394829 0.0385404 -41867.3 32.6111 
194208 0.0325719 0.0319473 -42531.2 32.7486 
195024 0.0528397 0.0396333 -41557.7 32.8871 
195840 0.0283947 -0.000835774 -41685 33.0254 
196656 0.039492 0.0345042 -40429.1 33.1636 
197472 0.0192226 0.00950142 -42004.6 33.3019 
198288 0.0293101 0.016698 -41311.3 33.4399 
199104 0.0471288 0.0168876 -41563.6 33.5779 
199920 0.0294741 0.0277551 -42417.7 33.7159 
200736 0.0286558 0.0166887 -42672.5 33.8543 
201552 0.0336672 0.00638972 -43377.8 33.9926 
202368 0.0340507 0.00415596 -43493.2 34.131 
203184 0.0509093 0.0368472 -43026.5 34.2692 
204000 0.0319004 -0.00664581 -42697.9 34.4075 
204816 0.0477591 0.0145695 -42618.4 34.5455 
205632 0.0443635 -0.0210716 -42254.5 34.6837 
206448 0.0140394 -0.00249217 -42086.7 34.8215 
207264 0.0316637 -0.0283379 -42329.1 34.9585 
208080 0.0319923 -0.026661 -42022 35.096 
208896 0.0449735 -0.0261018 -42597 35.2347 
209712 0.0473699 -0.0211773 -42669.6 35.3732 
210528 0.0299548 -0.0158055 -41305.6 35.5114 
211344 0.0387948 -0.0353111 -41599 35.6493 
212160 0.0367528 -0.0341206 -41977.2 35.787 
212976 0.0300347 -0.00682935 -41530.5 35.9252 
213792 0.038926 0.018401 -42391.4 36.0632 
214608 0.0190331 0.00693666 -42912.2 36.2013 
215424 0.0192741 -0.0120133 -44238.2 36.3393 
216240 0.0108534 -0.00587535 -44170.7 36.4774 
217056 0.0251829 -0.00600735 -44409.9 36.6157 
217872 0.04151 -0.0127135 -44368.6 36.7539 
218688 0.0610425 -0.0374574 -44720.3 36.8923 
219504 0.0470632 -0.0378077 -43747.3 37.0317 
220320 0.0620662 -0.0227625 -43516.3 37.1701 
221136 0.0685578 -0.0302981 -42973.7 37.3084 
221952 0.0819403 -0.0210635 -42707.7 37.4467 
222768 0.0758803 -0.0312072 -42654.9 37.5849 
223584 0.0432778 -0.0225264 -42523.8 37.723 
224400 0.0241298 -0.0193109 -42251.3 37.8612 
225216 0.0527927 -0.0400992 -42560.9 37.9995 
226032 0.0599403 -0.0330322 -42555.6 38.1375 
226848 0.0445197 -0.0301218 -43454.8 38.2752 
227664 0.0340076 -0.0234621 -43168.6 38.4134 
228480 0.0562952 -0.0251568 -43489.2 38.5517 
229296 0.0735564 -0.0476672 -43908.5 38.6896 
230112 0.0770131 -0.0378593 -43311.1 38.8279 
230928 0.0581514 -0.0202771 -43725.3 38.966 
231744 0.0789311 -0.0469506 -43917 39.1043 
232560 0.0640589 -0.0367634 -43332.9 39.2424 
233376 0.0450632 -0.0145125 -43265.9 39.3806 
234192 0.0425774 0.0245558 -42761.3 39.5191 
235008 0.0409315 -0.0060709 -43049 39.6573 
235824 0.0298256 0.0115201 -44161.9 39.7957 
236640 0.0260917 0.0159741 -43583.1 39.9347 
237456 0.0318239 0.0224783 -43481.6 40.0732 
238272 0.0664282 0.0630822 -43759.5 40.2106 
239088 0.0590834 0.0535297 -43261.3 40.3477 
239904 0.0599453 0.0427215 -43336.7 40.4846 
240720 0.05625 0.0491024 -43143.5 40.6217 
241536 0.0259078 0.0138394 -43733 40.7589 
242352 0.0363376 -0.00620132 -43354.4 40.8961 
243168 0.0538887 0.031548 -43661.7 41.0334 
243984 0.0349739 -0.0224226 -43375.7 41.1713 
244800 0.0237106 -0.0096358 -41994 41.3085 
245616 0.0282748 0.0154233 -41945.5 41.4455 
246432 0.0366638 0.0275504 -42377.9 41.5828 
247248 0.0291173 -0.00111671 -42488.3 41.7202 
248064 0.030849 -0.0091491 -42996.9 41.8577 
248880 0.0331431 -0.00636383 -42198.7 41.9948 
249696 0.015945 0.00520092 -43447.8 42.1318 
250512 0.0143418 -0.0075703 -43983.1 42.269 
251328 0.0288905 0.0139329 -44736.3 42.4065 
252144 0.0206014 -0.0147702 -44247.8 42.5437 
252960 0.0523552 -0.0276852 -44260 42.6811 
253776 0.0521068 -0.0353756 -43718.3 42.8184 
254592 0.032737 -0.0291804 -44350.8 42.9558 
255408 0.0380274 -0.00521977 -44255 43.093 
256224 0.0580745 0.0157741 -43432.4 43.2301 
257040 0.0633381 0.0385067 -41692.1 43.3678 
257856 0.0323852 0.0035012 -41814.3 43.5051 
258672 0.0245511 0.019711 -41846.6 43.6419 
259488 0.0199829 -0.0146337 -42992.3 43.779 
260304 0.0205527 -0.010805 -44402.1 43.9175 
261120 0.0433785 -0.0100443 -43430.2 44.0559 
261936 0.0788861 -0.0418833 -44138 44.1929 
262752 0.0491781 0.00114847 -43286.1 44.3302 
263568 0.0588307 0.0438667 -43513.7 44.4672 
264384 0.0562649 0.0419258 -43059.9 44.6038 
265200 0.0433679 -0.00553547 -43512.8 44.7411 
266016 0.0513523 -0.013501 -44303.8 44.8784 
266832 0.056139 -0.00216594 -44047.1 45.0158 
267648 0.0310958 0.00699728 -42793.2 45.1528 
268464 0.044076 -0.00333586 -42517.7 45.2898 
269280 0.0476382 0.010419 -42663.7 45.427 
270096 0.0381226 0.0143297 -42732.1 45.5641 
270912 0.0654861 -0.0372783 -42739.3 45.7012 
271728 0.0575945 -0.027825 -42101.6 45.838 
272544 0.0654794 0.0157638 -41579.4 45.9749 
273360 0.008353 0.00816574 -41715.6 46.112 
274176 0.0272763 0.00895714 -42110.3 46.25 
274992 0.0387365 0.010933 -42106.7 46.3872 
275808 0.0442179 0.0313777 -42040.5 46.5251 
276624 0.0493141 -0.0284605 -42440.8 46.6632 
277440 0.0171151 -0.00524082 -42401.1 46.8013 
278256 0.0192529 0.0122918 -42954 46.9397 
279072 0.0241847 0.00767312 -43380.4 47.0782 
279888 0.0366346 -0.0261392 -43082.5 47.2165 
280704 0.00987094 -0.00445265 -42385.9 47.3547 
281520 0.0335286 0.0284785 -42573.4 47.493 
282336 0.0680124 0.0320353 -42365 47.6314 
283152 0.052512 0.0174393 -41899.1 47.7699 
283968 0.0456889 0.0067081 -42513.5 47.9071 
284784 0.068926 0.00582226 -43281.2 48.0443 
285600 0.0680024 -0.000550586 -42516.8 48.1814 
286416 0.0513064 0.0186048 -42411.2 48.3186 
287232 0.0426013 0.0158776 -42183.3 48.4558 
288048 0.0415239 0.0158186 -42274.1 48.593 
288864 0.053436 -0.0346912 -42745.1 48.7303 
289680 0.0299942 0.0111723 -41911 48.8677 
290496 0.0408052 0.00743518 -42752.6 49.0051 
291312 0.077832 0.000461708 -42742.9 49.1424 
292128 0.0689271 0.0446989 -41392.3 49.2793 
292944 0.0637202 0.0264048 -41653.8 49.4163 
293760 0.0464958 0.0291312 -41743.6 49.5533 
294576 0.027879 0.0115385 -42237.4 49.6903 
295392 0.0290658 0.0021274 -42616.3 49.8274 
296208 0.030972 0.0211518 -42949.8 49.9645 
297024 0.040489 -0.0148097 -42824.1 50.1019 
297840 0.042698 0.0356244 -41550.4 50.2391 
298656 0.0383985 0.00798048 -42433 50.3769 
299472 0.0488328 -0.00752917 -42193.5 50.5142 
300288 0.0676294 0.049229 -42185.7 50.6514 
301104 0.0935639 0.0774033 -42948 50.7884 
301920 0.0752503 0.0652346 -42782.4 50.9255 
302736 0.0756648 0.0707254 -42258 51.0623 
303552 0.0421744 0.0208455 -42025 51.1995 
304368 0.0384832 -0.0209867 -43052.8 51.3365 
305184 0.0266403 0.0187962 -43095.5 51.4735 
306000 0.0331966 0.000167299 -42870.5 51.611 
306816 0.0614932 -0.0377714 -43131.9 51.748 
307632 0.0624384 -0.0520728 -42395.2 51.8853 
308448 0.0613325 -0.0424468 -42132.1 52.0223 
309264 0.037211 -0.0256077 -41708.5 52.1596 
310080 0.031825 -0.0105782 -42114.4 52.2968 
310896 0.0277011 -0.0048081 -42630.1 52.4338 
311712 0.0486406 -0.0336233 -42627.1 52.5708 
312528 0.0317656 -0.016118 -42511 52.7076 
313344 0.0191693 -0.00571129 -42101.3 52.8443 
314160 0.0444397 0.0394579 -42550.2 52.9812 
314976 0.0337325 0.0308957 -42411.3 53.118 
315792 0.0951116 0.0901152 -43342 53.2552 
316608 0.0367011 0.0243035 -41964.6 53.3924 
317424 0.036578 0.0342808 -42432.1 53.5297 
318240 0.0490046 0.0389269 -42640.8 53.667 
319056 0.0466362 0.0228912 -42936.5 53.8041 
319872 0.0414809 0.00527318 -42009.8 53.941 
320688 0.0491387 0.0359689 -41579.3 54.0781 
321504 0.0520237 0.0439211 -41980.1 54.2157 
322320 0.0460645 0.0399743 -42207.9 54.3529 
323136 0.0608422 0.0605964 -41936.2 54.4901 
323952 0.0414963 0.0280111 -42085.2 54.6274 
324768 0.0138592 0.00988056 -42546.5 54.7648 
325584 0.0212929 -0.00928253 -42950.3 54.9017 
326400 0.0430888 0.0352121 -43468.6 55.0389 
327216 0.02663 0.0246966 -43928.2 55.1762 
328032 0.0537146 0.0161883 -42436 55.3137 
328848 0.0559538 -0.0271829 -41791.3 55.4511 
329664 0.0394755 -0.0340264 -42752 55.5889 
330480 0.0467671 -0.0266967 -42642.2 55.7268 
331296 0.0135859 -0.010807 -42715.8 55.8642 
332112 0.0440762 -0.0309425 -43424 56.0017 
332928 0.0464423 -0.00579889 -42436.2 56.1394 
333744 0.0645078 -0.00438525 -43109.2 56.2766 
334560 0.0442101 0.0205649 -43347.1 56.4143 
335376 0.0297669 0.00422785 -43596.9 56.5514 
336192 0.0472003 0.00537231 -43446.5 56.6886 
337008 0.0541641 0.0051997 -43898.5 56.8256 
337824 0.0677112 0.0129297 -44860 56.9626 
338640 0.0514886 0.0270285 -44762 57.0997 
339456 0.0663077 0.0171065 -44698.8 57.2366 
340272 0.0234332 0.0200472 -44748.7 57.374 
341088 0.034182 0.0223527 -43743.3 57.5111 
341904 0.0431818 0.0306811 -44135.9 57.6484 
342720 0.0194632 0.0152772 -44241.2 57.7855 
343536 0.0149477 0.00584321 -44157.5 57.9227 
344352 0.0593847 -0.0196465 -44969.1 58.0602 
345168 0.0753491 0.022995 -44146.4 58.1974 
345984 0.0602653 0.0141649 -43944.2 58.3346 
346800 0.0562054 -0.00730363 -43145.8 58.4716 
347616 0.0569744 0.006489 -43009 58.6088 
348432 0.0489907 0.00762721 -43164.5 58.7456 
349248 0.0469773 -0.00180359 -43352.5 58.8826 
350064 0.0554943 -0.0103021 -43351 59.0197 
350880 0.022088 0.0208561 -42799.7 59.1567 
351696 0.0286464 0.00697202 -43357.5 59.2935 
352512 0.0449466 -0.0103959 -42865.3 59.4305 
353328 0.0463879 0.0100331 -42116.7 59.5679 
354144 0.037633 -0.0312007 -43019.9 59.7049 
354960 0.0641247 -0.0599179 -43038.7 59.8423 
355776 0.098852 -0.0726615 -43182.9 59.9805 
356592 0.0442863 -0.0275368 -43325.5 60.1187 
357408 0.0265741 -0.0209027 -43395.3 60.257 
358224 0.0368618 -0.0358017 -43737.5 60.3955 
359040 0.0325566 -0.0272144 -44170.7 60.5342 
359856 0.0363615 -0.0183703 -43018 60.6724 
360672 0.0152898 -0.0108115 -42361 60.811 
361488 0.0253529 -0.0061399 -42529.6 60.9495 
362304 0.0455712 -0.0264366 -43327.5 61.0881 
363120 0.0724216 -0.0686307 -43666.2 61.2267 
363936 0.056997 -0.0566322 -43219.8 61.3653 
364752 0.0631741 -0.0622017 -43702.7 61.5038 
365568 0.0391254 -0.0328461 -44354.9 61.6414 
366384 0.0459479 -0.0442027 -43167.5 61.7797 
367200 0.0702785 -0.0690568 -42990.9 61.9182 
368016 0.0102549 -0.0100491 -43832.1 62.0556 
368832 0.00857096 -0.00638923 -43313.8 62.1928 
369648 0.00784712 -0.00504886 -43911.9 62.33 
370464 0.0296753 -0.026929 -42360.8 62.4673 
371280 0.0306491 -0.0244075 -42544.1 62.6043 
372096 0.042809 -0.026788 -42240.1 62.7423 
372912 0.0252112 -0.0235248 -43121.5 62.8795 
373728 0.0575974 -0.0565472 -43546 63.017 
374544 0.0526646 -0.044356 -44326.6 63.1542 
375360 0.0389111 0.0286292 -43817.8 63.2914 
376176 0.0349021 -0.0277721 -43569.4 63.4291 
376992 0.0528438 -0.013241 -42708.8 63.5662 
377808 0.0571538 0.00211771 -43238.7 63.7037 
378624 0.0303635 0.0144019 -43392.4 63.8411 
379440 0.0196969 0.0125949 -43394.8 63.9784 
380256 0.054899 0.00964119 -43816 64.1158 
381072 0.0515259 -0.0407187 -43508.6 64.2533 
381888 0.0133331 -0.00331965 -44534.6 64.3912 
382704 0.0252118 -0.0236069 -44271.8 64.5288 
383520 0.0311046 0.00835903 -44711.4 64.6663 
384336 0.0298438 -0.0231875 -44730.8 64.8038 
385152 0.0702196 -0.0653671 -44313.6 64.941 
385968 0.062242 -0.0501618 -44142.9 65.078 
386784 0.0676922 -0.0449714 -43599.3 65.2154 
387600 0.0648587 -0.0317342 -44174.7 65.3525 
388416 0.0798722 -0.0654693 -43855.7 65.4896 
389232 0.0778943 -0.0752892 -44357.6 65.6271 
390048 0.0915172 -0.055194 -44706.6 65.7646 
390864 0.0612573 -0.0247259 -44297.1 65.9019 
391680 0.10958 -0.0617391 -45302.3 66.0395 
392496 0.0984844 -0.0573945 -44500.4 66.1771 
393312 0.0938864 -0.0578752 -44099 66.3144 
394128 0.0855656 -0.0507526 -44297.1 66.4512 
394944 0.0754791 -0.0486949 -45021.7 66.5882 
395760 0.0816222 -0.0641219 -44914.6 66.7251 
396576 0.0886077 -0.0817371 -44217.9 66.8626 
397392 0.0892696 -0.0687681 -44464.2 66.9996 
398208 0.0713602 -0.0370324 -44053.6 67.1368 
399024 0.0668371 -0.0479845 -43273 67.274 
399840 0.0618222 -0.0459549 -43752 67.4111 
400656 0.0540724 -0.0534862 -44205 67.5486 
401472 0.0799034 -0.0754067 -45019.2 67.6858 
402288 0.0537851 -0.053146 -43918.1 67.823 
403104 0.0212526 0.0121736 -43472 67.9602 
403920 0.0213561 0.0193233 -42877.8 68.0973 
404736 0.0329337 0.013526 -43296.8 68.2345 
405552 0.0457864 0.0341942 -43413.4 68.3717 
406368 0.0931305 0.0712139 -43069.1 68.5087 
407184 0.0893189 0.0791372 -42619.5 68.6458 
408000 0.0729131 0.0614807 -41973.4 68.783 
408816 0.0181563 0.0090476 -42460.5 68.9198 
409632 0.0289203 0.00129029 -42671.7 69.057 
410448 0.0153721 -0.0108647 -43007.4 69.1941 
411264 0.0516574 0.0413173 -43789.8 69.3311 
412080 0.0271368 0.0130416 -43377.3 69.4685 
412896 0.0194867 -0.0133829 -43281.9 69.6062 
413712 0.0481873 -0.0465752 -43639.2 69.7438 
414528 0.0230722 -0.0216948 -43166.4 69.8816 
415344 0.049908 -0.0474976 -42832.9 70.02 
416160 0.0654684 -0.0576914 -43240.3 70.1583 
416976 0.0527186 -0.0365206 -43683.6 70.2961 
417792 0.0522138 -0.0329955 -42736.2 70.4339 
418608 0.0541714 -0.052479 -42620.5 70.5714 
419424 0.0805634 -0.0738889 -42501 70.7091 
420240 0.0831913 -0.0820863 -42461 70.8468 
421056 0.0782354 -0.0725728 -42190.3 70.9842 
421872 0.0657544 -0.0461305 -43353.8 71.1215 
422688 0.0576104 -0.0115517 -43641.5 71.2591 
423504 0.0736204 0.00287513 -43554 71.3966 
424320 0.0874974 -0.00467853 -43643.2 71.5341 
425136 0.062709 -0.0242475 -43379.7 71.6717 
425952 0.0347818 -0.00400131 -42588.9 71.8091 
426768 0.0530618 0.00717112 -42560.5 71.9469 
427584 0.0412037 -0.0160632 -43716.1 72.0846 
428400 0.064915 -0.0267064 -44464.4 72.2224 
429216 0.0312225 -0.0289533 -43470.8 72.36 
430032 0.0136029 -0.011253 -43770 72.4981 
430848 0.0408485 0.0154589 -43367.2 72.636 
431664 0.0356791 0.000897806 -43208.3 72.774 
432480 0.0458393 0.0132219 -43263.3 72.912 
433296 0.0479183 -0.00292921 -42347.8 73.0497 
434112 0.0484465 -0.00717337 -42472.8 73.187 
434928 0.0368754 -0.0271788 -42370.5 73.3242 
435744 0.046785 -0.0116751 -42218.5 73.4616 
436560 0.0546047 0.023459 -41843.1 73.5987 
437376 0.0606088 -0.0444938 -42010.1 73.7368 
438192 0.0990961 -0.0906351 -43085.6 73.8747 
439008 0.051843 -0.0438914 -43255 74.0121 
439824 0.0284734 -0.00790361 -42966.5 74.1495 
440640 0.0551908 0.0042958 -43992.9 74.2866 
441456 0.0331046 -0.00734847 -43978.1 74.4237 
442272 0.0208771 0.0151252 -44061.8 74.5612 
443088 0.0321766 0.0309949 -43848.5 74.6994 
443904 0.0242158 0.0108419 -42837.1 74.8377 
444720 0.0637266 0.0595009 -42942 74.9758 
445536 0.0330165 -0.017118 -42441.9 75.1129 
446352 0.0574229 0.00996337 -42372 75.2514 
447168 0.0558234 -0.0394861 -42528 75.3903 
447984 0.060206 -0.0349668 -43031.4 75.5288 
448800 0.0634143 -0.0510585 -42533.1 75.6674 
449616 0.0671893 -0.0106698 -43306 75.8058 
450432 0.0419302 0.00796838 -43531.2 75.9443 
451248 0.051347 -0.00885903 -42715.8 76.0826 
452064 0.0773269 -0.0261507 -43585.9 76.2211 
452880 0.0620114 -0.0420472 -43552.3 76.3594 
453696 0.0720974 -0.0513482 -44168.8 76.4977 
454512 0.0510402 0.00398097 -43342.4 76.636 
455328 0.0612726 0.0282245 -42276.7 76.7742 
456144 0.0582685 0.0198506 -42934.6 76.913 
456960 0.0556616 0.0521792 -42462.2 77.052 
457776 0.0508307 0.0444328 -42842.5 77.1906 
458592 0.0455247 0.0370261 -42910.9 77.3291 
459408 0.0394626 -0.00335338 -42615.7 77.4665 
460224 0.0327562 0.0102277 -42699.4 77.6051 
461040 0.0657788 0.0196943 -42161.8 77.7429 
461856 0.059316 0.0110183 -41393.9 77.8804 
462672 0.0543054 -0.0242039 -41065 78.0175 
463488 0.0526328 -0.0112085 -41842.8 78.1561 
464304 0.055814 -0.0205271 -42354 78.2949 
465120 0.0268105 -0.000608103 -41800.1 78.4333 
465936 0.038086 0.00905403 -41464.7 78.5714 
466752 0.0652632 -0.0244556 -41748.8 78.7098 
467568 0.0622974 -0.0436998 -42505.6 78.8476 
468384 0.0496285 -0.0381884 -42483.4 78.9856 
469200 0.0387536 -0.00397255 -42778.3 79.1237 
470016 0.0469062 -0.00194896 -42553.7 79.2619 
470832 0.0467576 0.0405384 -42086.6 79.4001 
471648 0.0299728 0.0278175 -41848.9 79.5386 
472464 0.0354325 0.0307048 -41833.9 79.6772 
473280 0.054322 0.0403633 -41972.7 79.816 
474096 0.0401357 0.0245574 -41866.8 79.9544 
474912 0.0133676 -0.00133945 -41945.5 80.0927 
475728 0.0411919 -0.00995949 -41955.2 80.2309 
476544 0.0406344 -0.0268325 -42076.7 80.3685 
477360 0.0641683 -0.0578345 -40902.8 80.5056 
478176 0.0580539 -0.0556621 -40165.7 80.6433 
478992 0.0281961 -0.0262442 -40808.4 80.7809 
479808 0.0344467 -0.00584884 -41059.1 80.9193 
480624 0.0441246 -0.029735 -41610.2 81.0564 
481440 0.055204 -0.0457149 -42089.2 81.1936 
482256 0.0584004 -0.0256099 -41476.9 81.3312 
483072 0.0523026 -0.0214011 -42619.2 81.4687 
483888 0.0600449 -0.0320593 -42893.6 81.6061 
484704 0.0286488 0.0117453 -42499.4 81.7439 
485520 0.0191181 -0.00186684 -42494.6 81.8816 
486336 0.0166877 0.00589525 -42803.6 82.0194 
487152 0.0576351 0.0335026 -43342.8 82.1572 
487968 0.0648853 0.010356 -44000.8 82.2948 
488784 0.130009 0.0874869 -45330.1 82.4327 
489600 0.0949154 0.0766914 -44384.6 82.5704 
490416 0.108711 0.102255 -44444.8 82.7084 
491232 0.0365818 0.0296049 -44109.9 82.846 
492048 0.0521272 0.0299737 -43841.8 82.9835 
492864 0.0421675 0.0367285 -43921 83.121 
493680 0.0336705 0.0181165 -43261.5 83.2594 
494496 0.0185022 -0.0170329 -43853.3 83.3978 
495312 0.0178791 0.014663 -43959.9 83.5357 
496128 0.043704 0.016893 -44117 83.6738 
496944 0.0492419 0.0348473 -44341.3 83.8113 
497760 0.0578931 0.0483858 -44328.8 83.9484 
498576 0.0623473 -0.00210955 -44129.6 84.0857 
499392 0.0839335 -0.0312634 -44251.4 84.2227 
500208 0.08127 -0.0187021 -44880.7 84.3599 
501024 0.0673797 -0.01793 -44708.1 84.4982 
501840 0.0510608 -0.0270993 -44266.1 84.6367 
502656 0.0524157 -0.0177904 -44002.2 84.7747 
503472 0.057374 -0.0161761 -43655.1 84.9132 
504288 0.0560001 0.00393575 -43949.2 85.0518 
505104 0.0637913 0.0144843 -43668.7 85.1902 
505920 0.0623452 0.000800098 -42855 85.3285 
506736 0.0557087 -0.0210641 -42564.6 85.4668 
507552 0.0449087 0.024377 -42924.4 85.6057 
508368 0.0754124 0.0556468 -42848.8 85.7444 
509184 0.0783115 0.0553428 -43677.7 85.883 
510000 0.0880239 0.0626168 -42592 86.0219 
510816 0.0542627 0.0392868 -42229.7 86.1608 
511632 0.0425507 0.035704 -42504.1 86.2993 
512448 0.0358127 0.0345267 -42435 86.4378 
513264 0.0513863 0.0141152 -42387.4 86.5762 
514080 0.0601536 0.0283146 -42760.9 86.7146 
514896 0.0628494 0.0440825 -42825.3 86.8521 
515712 0.0618312 0.0355225 -43252.4 86.9895 
516528 0.0428861 -0.00794561 -43070.4 87.1269 
517344 0.0487235 -0.0234224 -42593.9 87.2642 
518160 0.0653035 -0.00389139 -43402.1 87.4013 
518976 0.0768128 -0.0402486 -44287.7 87.5383 
519792 0.0590265 -0.013601 -43849 87.6769 
520608 0.0487051 -0.00768949 -42902.2 87.8159 
521424 0.0261482 0.0188596 -43139.1 87.9549 
522240 0.0222368 -0.00915615 -43616.9 88.0939 
523056 0.0348961 -0.0226767 -43011.6 88.2326 
523872 0.0342774 -0.0313359 -43025.7 88.3712 
524688 0.016753 0.0135221 -43097.1 88.5103 
525504 0.040763 0.0386514 -42763.9 88.6492 
526320 0.0178126 0.00146678 -43469.7 88.7875 
527136 0.0340802 -0.030711 -43519.5 88.9249 
527952 0.051167 -0.0461557 -41862.1 89.0625 
528768 0.022167 0.022068 -41618.3 89.1999 
529584 0.0218604 0.0125817 -42775.7 89.3374 
530400 0.0339458 0.0127519 -42981.8 89.4748 
531216 0.0716774 0.0577318 -43001.2 89.6122 
532032 0.0490096 0.0285685 -42841.7 89.7501 
532848 0.0710997 0.0591198 -44052.2 89.8883 
533664 0.0394771 -0.000948125 -44670.2 90.026 
534480 0.05057 0.0321559 -43856 90.1638 
535296 0.0332373 -0.0134236 -43819.7 90.3021 
536112 0.0387056 -0.0105399 -44148.3 90.4397 
536928 0.0316677 0.0312207 -43525.5 90.5779 
537744 0.0572891 0.0488899 -44149.2 90.7156 
538560 0.049267 0.0485236 -44401.4 90.853 
539376 0.0560178 0.0554189 -44663.7 90.9906 
540192 0.0395318 0.032766 -44276.6 91.128 
541008 0.0219604 0.00138011 -43430.5 91.2651 
541824 0.0310426 0.00369986 -43638.4 91.4025 
542640 0.0394706 -0.0161731 -43639.1 91.5399 
543456 0.0550856 -0.0372445 -43529.9 91.6776 
544272 0.0499465 -0.0276452 -44004.8 91.8152 
545088 0.086772 -0.0655887 -43623.3 91.9528 
545904 0.112263 -0.0837559 -44170 92.09 
546720 0.0831633 -0.0500454 -44503 92.2274 
547536 0.0740832 -0.0156813 -43950.6 92.365 
548352 0.0730641 -0.0124754 -44252.8 92.5024 
549168 0.0841624 -0.0355762 -43528.1 92.64 
549984 0.0827838 0.00967195 -43873.6 92.7771 
550800 0.0679195 -0.0215954 -43586.4 92.9144 
551616 0.0373892 -0.0152634 -43409.9 93.0516 
552432 0.0400095 -0.0015825 -42910 93.1888 
553248 0.0369401 -0.0287994 -43138.3 93.3264 
554064 0.0495256 0.00326149 -43370.8 93.4638 
554880 0.0782937 -0.0102385 -42605.7 93.601 
555696 0.0696742 -0.0187898 -43237 93.7381 
556512 0.0531626 0.00535278 -41950.7 93.8754 
557328 0.0457581 -0.0163663 -41692.2 94.0126 
558144 0.0251934 -0.00252762 -41859.2 94.1502 
558960 0.080333 -0.0353235 -42647.8 94.2876 
559776 0.085641 -0.0456533 -42394.2 94.4251 
560592 0.0528778 -0.0355058 -42062 94.5623 
561408 0.0416358 -0.0400418 -41393.4 94.6997 
562224 0.0647943 -0.0638879 -41770.6 94.837 
563040 0.046631 -0.0428935 -41880.8 94.974 
563856 0.0520516 -0.0320996 -42180.4 95.111 
564672 0.0551768 -0.0166252 -41718.9 95.2477 
565488 0.0433608 -0.0335424 -43867 95.3851 
566304 0.0445079 -0.0337416 -44024.1 95.5228 
567120 0.0179403 -0.0164099 -44268.1 95.6614 
567936 0.034958 -0.000330746 -44842.4 95.7992 
568752 0.0149093 -7.539e-05 -44524.5 95.9371 
569568 0.0257595 -0.0147177 -45051.3 96.075 
570384 0.0160714 -0.0129861 -44489.2 96.213 
571200 0.0115689 -0.00528546 -44392 96.3509 
572016 0.0210593 -0.00623973 -44652.2 96.4896 
572832 0.040169 0.0182754 -44519.5 96.6269 
573648 0.0196221 0.0143467 -44633.5 96.7645 
574464 0.0416574 0.0176598 -43517.4 96.9021 
575280 0.0326302 0.00729076 -42715.7 97.0392 
576096 0.0243981 0.0220562 -42870.9 97.1767 
576912 0.00753351 0.00467617 -43240.4 97.3143 
577728 0.0437698 -0.0324473 -42989.8 97.4518 
578544 0.0716956 -0.0424765 -42372.7 97.5903 
579360 0.0560542 -0.0390179 -42152.4 97.7276 
580176 0.0497582 -0.0244614 -42465.5 97.8649 
580992 0.0609938 -0.023226 -42655 98.0019 
581808 0.0242137 -0.0206774 -42646.4 98.1392 
582624 0.0236216 0.00849171 -43792 98.2766 
583440 0.023515 -0.00527028 -42670.4 98.4141 
584256 0.0300491 -0.0285902 -42777.1 98.5515 
585072 0.0507136 -0.0474412 -42390 98.6888 
585888 0.0545225 -0.0432898 -43212.6 98.8262 
586704 0.045234 -0.0389283 -42765.7 98.9633 
587520 0.0439837 0.00398457 -42146.8 99.1003 
588336 0.0696588 0.0108717 -40817.7 99.2378 
589152 0.0424529 0.0104128 -40860.5 99.375 
589968 0.0707918 -0.00923196 -41026.9 99.5123 
590784 0.0587264 -0.0190905 -41354 99.6494 
591600 0.0517255 -0.0277291 -41295.8 99.7866 
592416 0.00972783 0.00539715 -40427.5 99.9238 
593232 0.0296992 0.021485 -41425.4 100.061 
594048 0.0220202 0.0123873 -41385.1 100.199 
594864 0.042121 0.0154682 -41932.4 100.336 
595680 0.0128472 0.00406967 -42258.2 100.474 
596496 0.0463247 0.0421893 -43308.9 100.611 
597312 0.0401485 0.0384064 -42301.4 100.748 
598128 0.0125071 0.011708 -42761.9 100.886 
598944 0.027662 0.0233663 -42529.6 101.023 
599760 0.0592167 0.0388187 -43838.9 101.16 
600576 0.0220724 -0.0146685 -43713.3 101.298 
601392 0.0325942 0.0151872 -43961.9 101.435 
602208 0.0578548 -0.0115109 -44447.5 101.572 
603024 0.0658271 -0.0123325 -44182.7 101.709 
603840 0.052684 -0.00636907 -43918.4 101.847 
604656 0.056809 0.0120611 -43749.5 101.984 
605472 0.0377035 -0.00230262 -43412.4 102.121 
606288 0.029581 0.0169709 -43231.7 102.258 
607104 0.0110962 -0.00626603 -43821.3 102.396 
607920 0.0434365 -0.0336943 -43496.2 102.533 
608736 0.0536756 -0.0508081 -43376.8 102.67 
609552 0.0328323 -0.0272014 -43904.4 102.808 
610368 0.0399196 -0.0143519 -43907.2 102.945 
611184 0.0719007 -0.0531536 -43830.6 103.082 
612000 0.0404176 -0.0342657 -42357.1 103.219 
612816 0.0540731 -0.016953 -42780 103.357 
613632 0.0418644 -0.0363543 -42620.4 103.495 
614448 0.0365889 -0.014977 -43185.9 103.634 
615264 0.0351863 -0.00791335 -43304 103.773 
616080 0.0529348 0.0124671 -43044.6 103.912 
616896 0.107476 0.0492733 -43926.1 104.051 
617712 0.0866458 0.0232847 -44205.1 104.189 
618528 0.0738957 0.0408363 -44299.7 104.328 
619344 0.0771419 0.0636721 -44059.1 104.465 
620160 0.0816933 0.0714432 -42788.6 104.602 
620976 0.0784441 0.0667399 -43749 104.74 
621792 0.0549987 0.0543885 -44170.1 104.878 
622608 0.0311809 0.0105396 -45193.3 105.015 
623424 0.0439461 0.0338881 -44825.9 105.152 
624240 0.0489333 0.0318884 -44118.6 105.29 
625056 0.0470967 -0.0147097 -44261.2 105.427 
625872 0.0190117 0.000113973 -44624.8 105.565 
626688 0.0445492 -0.0112142 -44829 105.702 
627504 0.0289747 -0.00193624 -45068.4 105.84 
628320 0.0222864 -0.00862666 -43862.1 105.978 
629136 0.0233787 -0.00886985 -43591.3 106.116 
629952 0.0406419 -0.00291347 -43324 106.253 
630768 0.0133201 -9.39085e-05 -43075 106.391 
631584 0.0269702 0.0188945 -42723.8 106.529 
632400 0.0322383 0.0280147 -43336.9 106.666 
633216 0.0795019 0.075864 -43542.5 106.804 
634032 0.0466935 0.0275498 -42967.7 106.942 
634848 0.0254297 0.0251487 -42645.2 107.08 
635664 0.0239139 0.0174955 -42268.8 107.218 
636480 0.0105633 0.009 -41260.3 107.356 
637296 0.0195084 0.0145778 -41374.2 107.494 
638112 0.0192301 -0.00178527 -41420.4 107.631 
638928 0.0390268 0.0366215 -42061.4 107.768 
639744 0.0494674 0.0383646 -41547.6 107.906 
640560 0.00799716 0.00791294 -41858.9 108.043 
641376 0.0323017 -0.0289271 -41563.7 108.18 
642192 0.0355434 -0.0120003 -42219.9 108.318 
643008 0.0287787 -0.017614 -42628.3 108.455 
643824 0.0274875 -0.0127963 -42884.2 108.592 
644640 0.0292632 -0.0150213 -43977.3 108.729 
645456 0.0578695 -0.0503351 -43675.3 108.867 
646272 0.0582482 -0.0365968 -43244.6 109.004 
647088 0.047706 -0.0126993 -43252.9 109.142 
647904 0.0428696 -0.0241742 -42748.1 109.279 
648720 0.0166004 0.0114239 -43096 109.417 
649536 0.0277476 0.0268007 -43738.3 109.554 
650352 0.0361469 -0.0157508 -44705.3 109.692 
651168 0.00802455 0.0067931 -44910 109.829 
651984 0.0348122 0.00618198 -44187.2 109.967 
652800 0.0358776 -0.0323596 -44363.2 110.106 
653616 0.0479962 -0.0324312 -43174 110.244 
654432 0.0684028 -0.0679411 -43566.6 110.382 
655248 0.0817274 -0.0766072 -43520.2 110.52 
656064 0.0594858 -0.0471009 -44004.4 110.658 
656880 0.0385526 -0.02839 -44242.4 110.796 
657696 0.0375035 -0.036668 -45162.4 110.933 
658512 0.0420096 -0.0289375 -44509.7 111.07 
659328 0.0241355 -0.0217717 -43936.8 111.207 
660144 0.0369737 0.00751324 -43887.8 111.345 
660960 0.0356003 -0.0223191 -43353.8 111.483 
661776 0.0514877 -0.039069 -43482.2 111.622 
662592 0.0212429 0.0063311 -44090.7 111.76 
663408 0.0223007 -0.015523 -44015.8 111.9 
664224 0.0363705 -0.0114383 -42808.7 112.038 
665040 0.0338841 0.0157625 -42660.2 112.177 
665856 0.0440414 0.00101406 -43899.8 112.315 
666672 0.0710268 -0.0109022 -43441.6 112.454 
667488 0.0488884 -0.00812861 -44912.6 112.592 
668304 0.0424917 -0.00997115 -45368 112.73 
669120 0.0517831 -0.0245426 -45405.5 112.867 
669936 0.0497473 -0.0355521 -45140.7 113.005 
670752 0.0528246 -0.0233455 -44540.9 113.142 
671568 0.031325 0.00610834 -43948.5 113.279 
672384 0.0426161 0.0241427 -43562.5 113.416 
673200 0.0200566 0.00461155 -43939.7 113.553 
674016 0.0336615 0.00863444 -43230 113.69 
674832 0.0251668 -0.00586065 -42832.2 113.827 
675648 0.0266111 0.0210299 -43583.7 113.965 
676464 0.0413781 0.0379452 -43929.8 114.102 
677280 0.0499669 0.0280854 -44238.8 114.239 
678096 0.0595529 0.00838535 -44321.7 114.376 
678912 0.0523462 0.0373355 -44370.5 114.514 
679728 0.039293 0.0225619 -44715.4 114.651 
680544 0.0592068 -0.0292904 -44371.3 114.789 
681360 0.0656161 -0.050427 -44123.1 114.926 
682176 0.0632891 -0.0226807 -43577.1 115.064 
682992 0.0331227 -0.00286194 -41876.5 115.201 
683808 0.034849 -0.0200204 -42066.2 115.339 
684624 0.0387056 0.0054416 -42504.6 115.476 
685440 0.036771 0.0294347 -43068 115.613 
686256 0.0265945 0.0186909 -44031.4 115.752 
687072 0.0231698 -0.00550652 -43058.4 115.889 
687888 0.0447897 -0.0354388 -43765.1 116.027 
688704 0.0597428 -0.0590209 -43348.7 116.166 
689520 0.0196762 -0.00762444 -43825.5 116.305 
690336 0.0423067 -0.0306146 -43323.5 116.443 
691152 0.0599519 -0.00626492 -43719.7 116.582 
691968 0.0399609 -0.0108459 -43198.8 116.72 
692784 0.0569893 -0.0242572 -42724.9 116.859 
693600 0.0541866 -0.0356865 -42780 116.997 
694416 0.0430377 -0.0213384 -42940.4 117.135 
695232 0.0444479 -0.00883733 -43280 117.274 
696048 0.0417801 -0.0258555 -42581.2 117.412 
696864 0.0512486 0.00284337 -42335.7 117.55 
697680 0.0295138 0.0116583 -42176 117.689 
698496 0.0322847 0.00499952 -43117.3 117.828 
699312 0.0409537 0.000427239 -43860.6 117.966 
700128 0.0527243 -0.000297409 -43705.7 118.105 
700944 0.0380349 -0.0165984 -43853.4 118.244 
701760 0.0123798 -0.00594709 -44190.7 118.383 
702576 0.0303856 0.00161399 -44080.1 118.522 
703392 0.0660082 0.0291237 -43646.3 118.661 
704208 0.0447897 -0.0012304 -44012.6 118.799 
705024 0.0471995 0.0249951 -43781.3 118.938 
705840 0.0726248 0.0212092 -43301.4 119.076 
706656 0.066163 0.0275656 -42816.9 119.215 
707472 0.0908733 0.0516263 -43056.2 119.353 
708288 0.0579191 0.0252498 -42747 119.492 
709104 0.045009 0.0125058 -42729.8 119.63 
709920 0.0320495 -0.00490278 -42462.5 119.767 
710736 0.0278863 0.0121607 -42703.4 119.904 
711552 0.0330547 0.00830173 -43493.6 120.042 
712368 0.0237694 -0.0125749 -43126.2 120.179 
713184 0.0389539 -0.0379613 -42830.1 120.318 
714000 0.0398467 -0.031825 -42948.2 120.457 
714816 0.0330915 -0.00932097 -42574.1 120.595 
715632 0.0358433 -0.0187895 -42100.8 120.734 
716448 0.0339059 0.00544908 -42160.7 120.873 
717264 0.0248088 -0.00146856 -41643.2 121.012 
718080 0.0293769 -0.00966814 -41643.1 121.15 
718896 0.0208202 0.0107251 -41448.8 121.288 
719712 0.0538295 0.0291443 -41737.6 121.427 
720528 0.0649977 0.0576198 -42019.8 121.565 
721344 0.0412658 0.024149 -41660.1 121.703 
722160 0.0266455 -0.00303859 -41916.3 121.842 
722976 0.0425621 0.0168503 -42068.3 121.981 
723792 0.0595573 0.00238338 -41751.8 122.119 
724608 0.051778 0.0323215 -42922.7 122.257 
725424 0.0260809 -0.0091256 -43104.7 122.395 
726240 0.0372837 -0.0311339 -43296.3 122.533 
727056 0.0295233 -0.0223795 -42946.3 122.671 
727872 0.0220672 0.0183372 -42083 122.809 
728688 0.019636 -0.0187125 -41591.4 122.947 
729504 0.039062 -0.00889656 -42068.7 123.086 
730320 0.0521933 -0.00756365 -41690.5 123.224 
731136 0.0308911 0.0177734 -42146.1 123.363 
731952 0.0689896 0.0342787 -41378.3 123.501 
732768 0.0477399 -0.0104238 -42078.1 123.64 
733584 0.0528111 -0.0406059 -42678 123.777 
734400 0.0335747 -0.0219505 -42065.1 123.914 
735216 0.0477754 -0.00539957 -42416.5 124.052 
736032 0.0439154 -0.00565105 -43853.9 124.189 
736848 0.0185517 0.0142012 -44948.6 124.327 
737664 0.0344726 0.00956691 -44612 124.464 
738480 0.052243 0.0474566 -45187.3 124.602 
739296 0.0424972 0.0301157 -44750 124.739 
740112 0.0372801 0.000422885 -43787.3 124.877 
740928 0.0258438 0.00727235 -43039.5 125.014 
741744 0.0525863 0.0442575 -43689.7 125.151 
742560 0.0160497 0.00424085 -43055.3 125.289 
743376 0.0691819 0.0507509 -43046.9 125.427 
744192 0.0433756 0.00547301 -42937 125.565 
745008 0.0540723 0.0420105 -42558.6 125.702 
745824 0.0612241 0.0168028 -42911.8 125.841 
746640 0.0547696 0.0283504 -42979.9 125.978 
747456 0.0363232 0.0146487 -43043.2 126.116 
748272 0.0492567 -0.0262014 -42550.3 126.254 
749088 0.0199917 -0.0103708 -42509.2 126.391 
749904 0.0327433 -0.0180753 -42180.9 126.529 
750720 0.0191526 -0.0106658 -41872.6 126.667 
751536 0.0537927 -0.0533347 -41169.9 126.805 
752352 0.0408113 -0.0384021 -41523.9 126.943 
753168 0.0474752 -0.0432585 -41256.2 127.081 
753984 0.0219694 0.00859967 -41775.8 127.219 
754800 0.0270865 -0.00563599 -43102.7 127.357 
755616 0.0477726 0.0173851 -42873.6 127.494 
756432 0.0548954 0.0338885 -43094.3 127.632 
757248 0.0574264 0.00393441 -42687.6 127.769 
758064 0.0683224 -0.0292761 -42821.8 127.906 
758880 0.0701709 -0.0469883 -42949.5 128.043 
759696 0.0423351 -0.0244084 -42615.9 128.181 
760512 0.0240131 -0.00506902 -42648.6 128.318 
761328 0.0274854 -0.00703407 -43644.5 128.455 
762144 0.0590708 -0.0290153 -44421.6 128.592 
762960 0.0603387 -0.0169035 -43594.9 128.729 
763776 0.0892169 -0.0603402 -43949.5 128.867 
764592 0.100873 -0.0897023 -43978.1 129.004 
765408 0.0694118 -0.0514899 -43769.8 129.142 
766224 0.058203 -0.0308207 -43401.1 129.279 
767040 0.0651887 -0.0158078 -42599.5 129.417 
767856 0.0933597 -0.0352891 -43619.7 129.554 
768672 0.0802594 0.0171354 -43397.1 129.692 
769488 0.085197 0.0184369 -42187.2 129.829 
770304 0.0725974 0.0210584 -42303.6 129.968 
771120 0.0561917 0.00682884 -42670.8 130.107 
771936 0.0477002 0.0213211 -42994.7 130.245 
772752 0.0440803 0.00783251 -43096.6 130.384 
773568 0.0354565 -0.0210751 -43221.6 130.522 
774384 0.026358 0.00927099 -43468.6 130.66 
775200 0.0210861 0.0187024 -43186.3 130.799 
776016 0.00599021 0.00493527 -44119.1 130.937 
776832 0.0198584 0.0080578 -43121.6 131.075 
777648 0.0124644 0.0051015 -42858.5 131.214 
778464 0.0227754 0.0210947 -43244.2 131.353 
779280 0.0352676 0.0210254 -42042.3 131.491 
780096 0.0418347 0.0383704 -41801.4 131.63 
780912 0.0295069 -0.028182 -43067.4 131.769 
781728 0.0644752 -0.0248169 -42781.5 131.908 
782544 0.0325901 -0.0121781 -42886.4 132.046 
783360 0.0251525 0.00564682 -42459.1 132.184 
784176 0.0396597 0.0311285 -42438.9 132.321 
784992 0.0371778 -0.0139842 -43100.6 132.459 
785808 0.0337921 0.00491132 -42963.7 132.597 
786624 0.0471976 0.0414352 -42830.4 132.735 
787440 0.0324075 0.00715151 -42193.2 132.872 
788256 0.0544565 0.00825086 -42602.9 133.009 
789072 0.0742434 0.0274016 -42559.5 133.147 
789888 0.0789005 0.0608891 -42890.2 133.284 
790704 0.0593896 0.0286088 -42611.2 133.422 
791520 0.0677626 0.0566106 -41970.6 133.56 
792336 0.0457662 0.045704 -42188.5 133.698 
793152 0.0471639 0.0320783 -41306.2 133.835 
793968 0.0219878 -0.00501683 -41399.8 133.973 
794784 0.0226474 0.0223916 -41716.6 134.11 
795600 0.0533034 0.0458513 -42884.1 134.248 
796416 0.0401433 0.0241184 -42612.2 134.385 
797232 0.0404629 0.0260117 -43881.6 134.523 
798048 0.0348985 0.0294632 -43717.2 134.66 
798864 0.0328199 0.032683 -43942.2 134.797 
799680 0.0581829 0.0578871 -45284.2 134.934 
800496 0.0359255 0.0333736 -44830.9 135.072 
801312 0.050081 0.0488005 -44499 135.21 
802128 0.0542992 0.0536933 -43820.7 135.347 
802944 0.0646255 0.0633234 -43919.9 135.484 
803760 0.0424638 0.0344875 -43716.3 135.622 
804576 0.0287048 0.0168357 -42894.2 135.759 
805392 0.0484311 0.00934062 -42252.8 135.896 
806208 0.025839 0.0196247 -42423.6 136.034 
807024 0.0243061 -0.0113459 -43798.9 136.171 
807840 0.0165546 -0.0062629 -43112 136.308 
808656 0.0268135 0.018541 -42821.7 136.445 
809472 0.0446568 0.0428446 -43373.8 136.583 
810288 0.052684 0.0301949 -43059.5 136.72 
811104 0.0120014 0.00502739 -42728.6 136.857 
811920 0.0794124 0.0425316 -42178.8 136.995 
812736 0.0614395 0.00754786 -42638 137.132 
813552 0.0587688 0.0287499 -42860.1 137.269 
814368 0.0206145 0.00253994 -42787.1 137.407 
815184 0.0457056 0.00803014 -43058.7 137.544 
