0 0.0156928 0.00551135 -32204.8 0 
816 0.0190698 -0.00768009 -34049.8 0.136334 
1632 0.0307662 0.0256006 -35310.4 0.273102 
2448 0.0460941 0.0390886 -36647 0.410017 
3264 0.0466452 0.0428418 -37956.7 0.547578 
4080 0.0459648 0.0366491 -38723.2 0.685568 
4896 0.0492551 0.0132483 -39043.8 0.823279 
5712 0.0731521 0.0421547 -40462.9 0.960676 
6528 0.0993128 0.0631018 -41654.5 1.09783 
7344 0.0565615 0.0343903 -42427.5 1.23533 
8160 0.0500287 0.0138522 -41837.1 1.37229 
8976 0.0434085 0.000809369 -41997.9 1.50954 
9792 0.0428641 -0.0223364 -41511.2 1.64663 
10608 0.0654496 -0.0443745 -43041.5 1.78393 
11424 0.0463029 -0.0288853 -42950.4 1.92103 
12240 0.0298893 -0.0163938 -43115 2.0584 
13056 0.0299087 -0.0216763 -43345.9 2.19554 
13872 0.0349845 -0.0201972 -43366.5 2.33264 
14688 0.0483362 0.00320974 -43062.2 2.4697 
15504 0.0821839 -0.0681084 -42869.9 2.60678 
16320 0.0679682 -0.0555339 -42671.7 2.74388 
17136 0.0526157 -0.048783 -43053.2 2.88092 
17952 0.0199561 -0.0175472 -42752 3.01818 
18768 0.0194939 -0.00377109 -42671.6 3.15532 
19584 0.0266517 0.00126264 -41010.4 3.2922 
20400 0.0328247 0.00559885 -40829.7 3.42907 
21216 0.0481109 0.0155432 -42112 3.56595 
22032 0.0468563 -0.000731721 -42776.1 3.70309 
22848 0.0752225 0.000960281 -44797 3.84025 
23664 0.0514848 -0.0493184 -43831.7 3.9775 
24480 0.0887008 -0.0770688 -44247.3 4.11474 
25296 0.0614024 -0.0426201 -43971.5 4.25191 
26112 0.0381715 -0.0103936 -43753.1 4.38868 
26928 0.0536535 -0.0242343 -43749.2 4.52566 
27744 0.0708351 -0.0353094 -43848 4.66279 
28560 0.0602139 -0.0130661 -42216.2 4.79985 
29376 0.0613476 -0.0366944 -42663.6 4.93689 
30192 0.0660405 -0.0408909 -42491.1 5.07395 
31008 0.0651126 -0.0515562 -42222.6 5.21121 
31824 0.047989 -0.0014935 -42203 5.34832 
32640 0.069701 -0.0342395 -41867.3 5.48529 
33456 0.0754056 -0.0230153 -42122.8 5.62264 
34272 0.0330652 -0.0200415 -41324.3 5.76008 
35088 0.0328762 0.0291156 -40304.7 5.89774 
35904 0.0292233 0.0258416 -41155 6.03481 
36720 0.0101404 -0.00190275 -41809.8 6.17217 
37536 0.0318081 0.0316074 -42991.4 6.30948 
38352 0.00981231 0.00211481 -42799 6.44673 
39168 0.0207709 0.0137071 -43369.1 6.58373 
39984 0.0171635 0.000861313 -43654.7 6.72082 
40800 0.0177492 0.00308176 -43241.8 6.85808 
41616 0.0364743 0.0134799 -43751.9 6.99555 
42432 0.0451068 -0.00297754 -44076.5 7.13286 
43248 0.0540439 -0.0227724 -43687.8 7.27002 
44064 0.0141318 0.0132114 -43620.4 7.40722 
44880 0.0455426 -0.0212636 -43913.7 7.54441 
45696 0.0448783 0.0287919 -43780.4 7.6819 
46512 0.0441338 0.0379061 -43843.7 7.81915 
47328 0.0289366 0.0273847 -43687.9 7.95669 
48144 0.0223833 -0.00236505 -44125.7 8.09404 
48960 0.0410861 -0.0350204 -43822.8 8.23151 
49776 0.0656271 -0.0357718 -43881 8.36884 
50592 0.0429991 -0.0180464 -43530.3 8.50618 
51408 0.0366721 0.0205986 -42944 8.64366 
52224 0.0405968 0.0369711 -43810.6 8.7812 
53040 0.0459083 0.043689 -44408.9 8.91862 
53856 0.0630065 0.0513029 -43615.7 9.05599 
54672 0.0432301 -0.0187587 -44907 9.19346 
55488 0.0610216 -0.0505064 -45350.7 9.33088 
56304 0.0325229 -0.0270963 -44259.7 9.46823 
57120 0.0180757 -0.0172922 -43796.5 9.60549 
57936 0.0160533 -0.00998356 -44553.4 9.74287 
58752 0.0445127 0.0162586 -43988.5 9.88022 
59568 0.047518 0.0345158 -45055.5 10.0174 
60384 0.058268 0.0215628 -44987.7 10.1544 
61200 0.0550377 0.0362563 -44111.6 10.2921 
62016 0.0373829 0.0150833 -43479 10.4291 
62832 0.0559697 0.0211087 -44218.9 10.5664 
63648 0.0224694 -0.00581117 -44020.5 10.7039 
64464 0.0267875 0.0151896 -43645.9 10.8411 
65280 0.00894545 0.00337321 -45071.6 10.979 
66096 0.019593 -0.0121437 -44404.9 11.1161 
66912 0.0432209 0.0221264 -43314.5 11.2535 
67728 0.0571221 0.0203168 -43454.1 11.3907 
68544 0.0372768 0.0148951 -44209.8 11.528 
69360 0.0657636 -0.0155015 -44530.8 11.6652 
70176 0.080798 0.0120499 -44682.8 11.8025 
70992 0.103449 0.0252011 -43153.1 11.9399 
71808 0.0706281 0.0414185 -42807.9 12.0774 
72624 0.0461197 0.0195138 -43166.3 12.2149 
73440 0.072142 -0.00458028 -43142.8 12.3525 
74256 0.0487347 -0.00136668 -43224.9 12.4897 
75072 0.0752854 -0.0227703 -43062.3 12.6269 
75888 0.0744671 -0.0218553 -42553 12.7643 
76704 0.0648789 0.00276476 -42815.7 12.9017 
77520 0.069199 -0.0268833 -43792.7 13.0393 
78336 0.0503519 -0.00753823 -44077.7 13.1769 
79152 0.0477862 -0.0354335 -42204.5 13.3142 
79968 0.0395735 -0.013404 -42343.2 13.4514 
80784 0.0400603 0.00834607 -41657.8 13.5888 
81600 0.0572359 -0.000226775 -42175.4 13.7262 
82416 0.0412845 -0.0219255 -42117.9 13.8635 
83232 0.0418912 -0.0313999 -42332.2 14.0008 
84048 0.0337243 -0.00602607 -42627.1 14.1383 
84864 0.0558796 0.0462293 -42716.6 14.2757 
85680 0.0175335 0.00807793 -42305.2 14.4133 
86496 0.0457125 0.0386613 -41935.1 14.5508 
87312 0.0509686 0.0382559 -41829.5 14.688 
88128 0.0327504 0.00901754 -41997.7 14.8257 
88944 0.0314285 -0.022488 -41178.3 14.963 
89760 0.0373243 -0.0259252 -41461.5 15.1006 
90576 0.0254323 -0.00484572 -41209.9 15.2377 
91392 0.0504136 -0.0215135 -41635.6 15.3746 
92208 0.0594199 -0.00887007 -41550.2 15.5117 
93024 0.0491599 -0.0223885 -41534 15.6487 
93840 0.0282374 -0.0217682 -41746.3 15.7857 
94656 0.039333 -0.0272866 -41754 15.9228 
95472 0.0366613 -0.0303864 -42182.5 16.0599 
96288 0.0244889 -0.0240967 -42637.7 16.1969 
97104 0.0214283 0.0077887 -42619.7 16.3339 
97920 0.0501221 -0.0114245 -43742.6 16.4709 
98736 0.0791896 7.63865e-07 -43392.1 16.6079 
99552 0.0394796 -0.000551688 -42569.4 16.7447 
100368 0.0409382 -0.0337824 -42252.7 16.8819 
101184 0.0223144 -0.000141147 -42744.2 17.0189 
102000 0.0360587 -0.0346234 -42540.9 17.1557 
102816 0.0335846 -0.0108336 -43081.1 17.2929 
103632 0.0530903 -0.0369868 -42860.2 17.4302 
104448 0.0712919 -0.0485389 -42818.8 17.5675 
105264 0.0484118 -0.0339044 -43285.4 17.7045 
106080 0.0444905 -0.0186073 -43655.6 17.8415 
106896 0.0207098 -0.000347756 -44120.5 17.9788 
107712 0.0272475 -0.0119398 -44161.2 18.1157 
108528 0.0523068 -0.0422593 -43599.2 18.2527 
109344 0.0496197 -0.0327341 -43555.6 18.3895 
110160 0.0438302 -0.00130507 -43844.1 18.5268 
110976 0.0308344 0.0062733 -44077 18.6639 
111792 0.0550869 0.0323847 -44143.3 18.8013 
112608 0.109858 0.0751497 -44394.5 18.9383 
113424 0.0827223 0.0545102 -44196.6 19.0751 
114240 0.0845554 0.070512 -43546.5 19.2119 
115056 0.063971 0.0504133 -43071.9 19.3491 
115872 0.0400665 0.0256265 -43745.9 19.4861 
116688 0.0849563 0.0602116 -43867.2 19.6232 
117504 0.0327583 0.00815126 -43214.9 19.7602 
118320 0.0516672 0.0095686 -43361.2 19.8971 
119136 0.0446314 0.00308856 -42829.8 20.0341 
119952 0.0441983 0.0225265 -42068.4 20.1712 
120768 0.055587 0.0438578 -42503.8 20.3081 
121584 0.0731323 0.0700347 -41390.7 20.445 
122400 0.0186699 0.0112042 -41471.7 20.5819 
123216 0.0329784 0.0085796 -42411.6 20.7188 
124032 0.0365634 0.0282024 -42419.4 20.8558 
124848 0.038177 0.0367766 -42156.1 20.9925 
125664 0.0443282 0.00825781 -42380.1 21.1295 
126480 0.0590665 0.0243029 -43109.4 21.2664 
127296 0.0303198 -0.00262438 -41864.2 21.4033 
128112 0.0487898 -0.0384716 -42011.1 21.5402 
128928 0.0475443 -0.0359417 -41775.8 21.677 
129744 0.0317367 -0.00413078 -41925 21.8138 
130560 0.0530739 0.00197765 -42211.2 21.9508 
131376 0.0489776 0.000287934 -42389.2 22.0876 
132192 0.0692726 0.0108858 -41916.8 22.2245 
133008 0.0644047 -0.0210779 -41447.2 22.3617 
133824 0.0359759 -0.00858168 -41983.2 22.4989 
134640 0.0422914 -0.0322001 -42427.2 22.6362 
135456 0.0591345 -0.0463838 -42234.3 22.7732 
136272 0.0209888 -0.0142809 -41966.8 22.9105 
137088 0.0317805 -0.0229545 -42096 23.0475 
137904 0.0508171 -0.0478447 -42301.8 23.1843 
138720 0.0733726 -0.0589801 -42023.6 23.3213 
139536 0.0553259 -0.0430605 -42455.2 23.4583 
140352 0.0433204 -0.0394835 -42194.6 23.5953 
141168 0.0743318 -0.0707221 -42120.4 23.7324 
141984 0.0833221 -0.0750228 -42100.9 23.8693 
142800 0.0896912 -0.0684791 -42313.9 24.0064 
143616 0.0869601 -0.0801472 -42264.4 24.1432 
144432 0.0690585 -0.0558917 -42595 24.2803 
145248 0.0678851 -0.0545546 -42096.5 24.4172 
146064 0.0580571 -0.0372702 -42106.3 24.5542 
146880 0.0576637 -0.0491161 -42104.7 24.6915 
147696 0.0506844 -0.0396422 -42747.1 24.8285 
148512 0.046759 -0.0304875 -43031.4 24.9655 
149328 0.0301353 -0.0290204 -43011.7 25.1022 
150144 0.0287271 0.00295414 -43015.3 25.2391 
150960 0.0323205 0.0240942 -43226.4 25.3762 
151776 0.0247178 0.0173295 -43146.3 25.5132 
152592 0.036733 0.0145127 -42671.3 25.6499 
153408 0.0753295 -0.0305249 -41802.9 25.7868 
154224 0.0614109 -0.0149918 -42218.5 25.9238 
155040 0.0524529 0.00629154 -41605.5 26.0608 
155856 0.0538615 0.0120695 -41776.3 26.1976 
156672 0.0504249 0.0287373 -41831.5 26.3349 
157488 0.0629172 0.0053372 -42302.7 26.472 
158304 0.0654443 0.0247418 -41466.1 26.609 
159120 0.0783886 0.0561352 -42182.9 26.7462 
159936 0.0837278 0.0155233 -41849.1 26.8832 
160752 0.0744009 0.000894291 -42031.3 27.0202 
161568 0.0558214 -0.0153344 -41804.7 27.1574 
162384 0.0527914 0.00785504 -42463.1 27.2943 
163200 0.0506573 0.01204 -42985.2 27.4312 
164016 0.0347774 -0.00376541 -42079.6 27.5683 
164832 0.0784078 0.056303 -42177.5 27.7052 
165648 0.0467085 0.00906929 -42206.3 27.8421 
166464 0.0603342 0.00908645 -42279.6 27.9789 
167280 0.0622618 -0.0328576 -43178.4 28.116 
168096 0.0435372 0.0179285 -43307.7 28.253 
168912 0.0517902 -0.0291952 -43683.3 28.3902 
169728 0.0545762 -0.0199828 -44295.5 28.5283 
170544 0.0803012 -0.0523396 -43484.8 28.6652 
171360 0.0562853 0.0217013 -44147.3 28.8023 
172176 0.038611 0.0133464 -43866.9 28.9393 
172992 0.0790104 -0.0479205 -43212 29.0763 
173808 0.0800305 -0.0265882 -42811.5 29.2134 
174624 0.076766 -0.00671087 -42495.6 29.3505 
175440 0.0434583 -0.00483494 -43202.8 29.4876 
176256 0.0115449 0.0087035 -43675.3 29.6246 
177072 0.0620228 0.0568162 -43317.2 29.7617 
177888 0.0307872 0.0157637 -42298.7 29.8987 
178704 0.0255116 0.0254741 -42506.3 30.0358 
179520 0.0469003 0.0361967 -42694 30.1727 
180336 0.0396733 0.0276801 -43395 30.3098 
181152 0.0185723 0.0131791 -43416.6 30.4469 
181968 0.0264689 -0.000455558 -44012.5 30.5837 
182784 0.0257034 0.0245689 -43552.4 30.7206 
183600 0.0226754 0.0203257 -43004 30.8577 
184416 0.0263453 -0.00494019 -43551 30.9946 
185232 0.0409807 -0.0194464 -43005.3 31.1319 
186048 0.102562 0.0583435 -43527.6 31.2692 
186864 0.0942747 0.0514309 -43294.5 31.4062 
187680 0.0541459 0.0428564 -42418.7 31.5434 
188496 0.0202079 0.0196034 -42611.2 31.6806 
189312 0.0619631 -0.0428987 -43199.3 31.8178 
190128 0.0572842 -0.0132546 -43295.3 31.9551 
190944 0.0485798 0.0177806 -43080 32.0922 
191760 0.0605843 0.00287426 -43476 32.2294 
192576 0.0678197 -0.0323907 -42829.2 32.3665 
193392 0.0805283 -0.0400264 -42625.9 32.5034 
194208 0.0605529 -0.00454533 -43804.1 32.6403 
195024 0.0509244 -0.0181439 -44144.4 32.7772 
195840 0.0571652 0.0261589 -44055.6 32.9144 
196656 0.0408001 0.00885656 -43648.1 33.0502 
197472 0.0469901 0.0126454 -43919.4 33.1873 
198288 0.0595623 0.0135584 -43608 33.3242 
199104 0.0105187 0.00857521 -43412.5 33.4614 
199920 0.0169943 0.0104919 -43440.7 33.5985 
200736 0.0410072 0.0256478 -42395.2 33.7356 
201552 0.0668796 0.0538819 -42429.5 33.8724 
202368 0.041393 0.0203297 -41966.9 34.0094 
203184 0.0191811 0.0125173 -41809.1 34.1463 
204000 0.0198886 0.0151275 -41676.6 34.2838 
204816 0.0514729 0.0441911 -41505.7 34.4209 
205632 0.0347689 0.0293035 -42364.7 34.5583 
206448 0.0359883 0.0317674 -43163 34.6954 
207264 0.0405262 0.0240712 -42978.7 34.8326 
208080 0.0655322 0.0166945 -42906 34.9698 
208896 0.0493139 -0.00810387 -43739.8 35.1071 
209712 0.0436344 -0.0292402 -44013.7 35.2447 
210528 0.0567571 0.0131523 -43570.1 35.3818 
211344 0.0412804 -0.0282495 -43060.9 35.5187 
212160 0.0697609 -0.0366474 -42915.5 35.6559 
212976 0.05961 -0.00328058 -42536.6 35.7931 
213792 0.0558427 -0.0088055 -42487.7 35.9305 
214608 0.0606996 0.0181683 -43368.1 36.0679 
215424 0.0577562 0.0158892 -43743.5 36.2049 
216240 0.0638308 0.0304286 -43329.8 36.3424 
217056 0.0465203 -0.0155221 -43919.1 36.4796 
217872 0.0195375 -0.00570576 -43492.2 36.617 
218688 0.0402475 -0.00220133 -43309.5 36.7545 
219504 0.0365524 0.0108567 -43083.2 36.8919 
220320 0.0513076 0.0107968 -43681.4 37.0291 
221136 0.0508315 -0.0288292 -42458.6 37.1665 
221952 0.0552976 -0.0162182 -42703.9 37.3037 
222768 0.0634401 0.0138249 -43363.4 37.4412 
223584 0.0510824 -0.0217389 -43709.4 37.5783 
224400 0.0308928 0.00131115 -43236 37.7155 
225216 0.0614384 0.0444577 -42862.2 37.8527 
226032 0.0827514 0.0676764 -43345 37.9901 
226848 0.0879882 0.054233 -43842.2 38.1273 
227664 0.0740128 0.0208164 -43589.5 38.2644 
228480 0.0761396 0.0523188 -43764.3 38.4019 
229296 0.048949 0.0137101 -43943.4 38.5392 
230112 0.0509775 -0.00710416 -42774 38.6767 
230928 0.0237213 0.0111693 -43696.9 38.8141 
231744 0.0273963 -0.014889 -43415.4 38.9516 
232560 0.0339449 -0.022805 -42784.6 39.0888 
233376 0.0393922 -0.00404543 -43037.4 39.2251 
234192 0.0404583 -0.00051515 -44032 39.3621 
235008 0.0644448 0.0576293 -44877.4 39.4996 
235824 0.0534377 0.020569 -44204.6 39.6368 
236640 0.0226998 -0.0180996 -44282.4 39.7741 
237456 0.0379283 -0.00499383 -43091.1 39.9117 
238272 0.0427239 0.00919113 -41803.3 40.0489 
239088 0.0434998 0.04216 -42009.1 40.1865 
239904 0.038865 0.0231088 -41735.7 40.3236 
240720 0.0502576 -0.0224764 -42180.9 40.4609 
241536 0.0398293 -0.019153 -42717.7 40.5984 
242352 0.0543174 -0.0278208 -43373.8 40.7358 
243168 0.0846699 -0.0720931 -43274.3 40.8729 
243984 0.0545325 -0.0324528 -42632.9 41.0105 
244800 0.0236754 0.00283618 -42763.4 41.1478 
245616 0.0340573 -0.00122586 -42041.3 41.2851 
246432 0.0622799 0.0142377 -41894.7 41.4224 
247248 0.035815 -0.00660089 -41100.2 41.5595 
248064 0.0141353 -0.000786101 -41945.1 41.6968 
248880 0.0438006 -0.0345778 -42276.5 41.8345 
249696 0.0461098 -0.0263638 -42817.7 41.9721 
250512 0.0581097 0.00554297 -42779.9 42.1095 
251328 0.0552183 0.0156974 -42734.5 42.2466 
252144 0.0406858 -0.0240993 -42574.8 42.384 
252960 0.045311 -0.0362421 -43101.5 42.5212 
253776 0.0479369 -0.00850209 -43386.7 42.6586 
254592 0.032011 -0.0123207 -43051 42.7959 
255408 0.0271989 -0.0252951 -42616.3 42.9333 
256224 0.0435907 0.00127576 -43362.5 43.0707 
257040 0.0617831 -0.0232045 -43872.9 43.2081 
257856 0.0395762 0.00537613 -44682.7 43.3453 
258672 0.0570968 0.0455926 -44109 43.4826 
259488 0.0259975 0.00389257 -43759.3 43.6199 
260304 0.0182871 -0.00752763 -43621.3 43.7571 
261120 0.027343 0.0196391 -42919.3 43.8945 
261936 0.0162783 0.00227661 -43191.1 44.0319 
262752 0.0254561 -0.0176558 -43354.7 44.1693 
263568 0.0361333 -0.0325243 -43734.1 44.3065 
264384 0.0268802 -0.0256101 -43151.9 44.4437 
265200 0.0314024 -0.0260489 -42941.6 44.5806 
266016 0.0241818 0.017722 -42660 44.7179 
266832 0.0320081 0.00860781 -42941.3 44.8552 
267648 0.0463793 -0.00290268 -43299.7 44.9925 
268464 0.0474476 -0.0147139 -43638 45.1296 
269280 0.0249735 -0.00744106 -43427.8 45.2667 
270096 0.0233174 0.00772089 -43708.1 45.4039 
270912 0.0368447 0.0356156 -42467.7 45.5415 
271728 0.0523954 0.0519278 -43293.5 45.6785 
272544 0.0250993 0.0224535 -42923.1 45.8159 
273360 0.0369981 0.0234953 -43007.7 45.9531 
274176 0.0692247 0.0462023 -43011.7 46.0903 
274992 0.0585847 0.0252683 -43504.5 46.2273 
275808 0.0704239 0.020108 -43956.3 46.3645 
276624 0.0264846 0.0229824 -43215.1 46.502 
277440 0.0545368 0.0344875 -42733.5 46.6391 
278256 0.0295023 -0.00471504 -43306.1 46.7764 
279072 0.0305818 -0.0232963 -43489 46.9138 
279888 0.0492834 0.0190216 -44056.7 47.0508 
280704 0.0570265 0.045724 -43422.9 47.188 
281520 0.0116086 0.0092827 -42446.9 47.3249 
282336 0.0188771 -0.00937112 -42697.4 47.4622 
283152 0.0302585 -0.0125835 -41526.6 47.599 
283968 0.0433603 -0.0152957 -41244.9 47.736 
284784 0.0374731 0.00475116 -41400.6 47.8734 
285600 0.0213703 -0.00247171 -41969.1 48.0106 
286416 0.0184655 0.00272918 -42386.5 48.1479 
287232 0.02764 -0.0232758 -42475.1 48.2851 
288048 0.059466 -0.0584514 -42134.4 48.4222 
288864 0.0865296 -0.0778039 -42441.5 48.5591 
289680 0.095194 -0.0763972 -43054.3 48.696 
290496 0.0394605 -0.0320097 -43493.3 48.833 
291312 0.0182341 0.016354 -42945.5 48.9702 
292128 0.0251222 0.0108266 -42331.4 49.1071 
292944 0.0238703 -0.0192821 -42860.8 49.2444 
293760 0.0195871 -0.0123751 -42404.3 49.3814 
294576 0.0585723 -0.0526349 -42774 49.5185 
295392 0.0716584 -0.0328566 -41632.6 49.6555 
296208 0.0410809 -0.0239857 -41876.1 49.7928 
297024 0.0478634 0.0122815 -42398.9 49.9301 
297840 0.0417126 -0.00953882 -42479.2 50.066 
298656 0.047852 -0.0259718 -43200.6 50.2029 
299472 0.00556102 -0.000612437 -42273.1 50.3385 
300288 0.0239188 0.0218665 -42224.7 50.4756 
301104 0.0359602 -0.0110436 -41937.2 50.6125 
301920 0.0130317 -0.00997588 -41335.9 50.7498 
302736 0.0161606 0.000132341 -40888.1 50.887 
303552 0.0322508 0.00632607 -40418.5 51.0241 
304368 0.0430781 0.00519686 -40371 51.1611 
305184 0.0476043 -0.0122191 -40832.4 51.2979 
306000 0.0465907 -0.00183784 -40800.3 51.435 
306816 0.0549205 0.0281789 -40878.1 51.5721 
307632 0.0259121 0.00589465 -41173.3 51.7093 
308448 0.0362222 -0.0130449 -41523.1 51.8467 
309264 0.0674564 0.0527849 -42735.5 51.9836 
310080 0.0537093 0.0167224 -42373.3 52.1209 
310896 0.0726074 0.0108941 -42460.9 52.2578 
311712 0.0495495 0.0149334 -42442.4 52.3948 
312528 0.0501221 0.000281422 -42180.6 52.5318 
313344 0.0263237 -0.000385427 -41190.6 52.6692 
314160 0.0578682 -0.0110368 -42037.3 52.8065 
314976 0.028495 0.00237318 -41878.5 52.9436 
315792 0.0196174 -0.0157811 -42275.6 53.0806 
316608 0.0475877 -0.0429969 -41391.4 53.2176 
317424 0.0617376 -0.0594891 -42262 53.3548 
318240 0.0753297 -0.0365999 -42939.3 53.4922 
319056 0.0714974 -0.0200316 -42395.2 53.6296 
319872 0.0737408 -0.0254096 -41909.8 53.7666 
320688 0.0373239 -0.0330369 -41942.1 53.9038 
321504 0.0341881 -0.0140274 -42687.1 54.0408 
322320 0.0399794 0.00245583 -43862.8 54.1777 
323136 0.0251326 0.0147768 -44523 54.3145 
323952 0.0150055 -0.0143488 -44401.5 54.4515 
324768 0.0486992 0.00838097 -44654.2 54.5886 
325584 0.0452522 0.0362185 -45067.1 54.726 
326400 0.0506092 -0.00367161 -45447.7 54.8631 
327216 0.0261035 -0.0161359 -44980.5 55.0002 
328032 0.0362754 -0.00100725 -44683.8 55.1372 
328848 0.0540165 -0.0440493 -44155.7 55.2744 
329664 0.0145603 -0.00884806 -43759.8 55.4111 
330480 0.0330528 0.0027336 -44182.9 55.5483 
331296 0.0368797 0.00449318 -44052.4 55.6853 
332112 0.0392362 0.0217281 -43810.4 55.8222 
332928 0.0491397 0.0178956 -43826.6 55.9592 
333744 0.0516129 -0.0251778 -43567.8 56.0966 
334560 0.068202 -0.0569821 -43610.6 56.2335 
335376 0.0466746 -0.000792761 -43322.3 56.3707 
336192 0.0526456 -0.0189785 -43864.9 56.508 
337008 0.0465181 0.00963713 -43731.3 56.645 
337824 0.0437164 -0.0286093 -43575.5 56.782 
338640 0.0235311 0.000812127 -42547.6 56.919 
339456 0.0562074 0.0470455 -42981.3 57.0563 
340272 0.0294549 0.018485 -43751.9 57.1936 
341088 0.0275191 0.0233564 -42576.4 57.3307 
341904 0.0348338 0.0244249 -42516.6 57.4678 
342720 0.0746161 0.0276239 -42837.4 57.6049 
343536 0.0724067 0.0122642 -42954.5 57.7419 
344352 0.0802003 -0.0439096 -42246.3 57.8787 
345168 0.0565316 -0.0384419 -42568.9 58.0157 
345984 0.0695461 -0.0463983 -43107 58.1528 
346800 0.0546906 -0.0195845 -43844.3 58.2899 
347616 0.0605188 -0.0141769 -44629.6 58.427 
348432 0.0537156 0.0114921 -44460.1 58.5646 
349248 0.0572966 0.0211766 -43843.7 58.7019 
350064 0.0265071 0.0161502 -43475.3 58.8389 
350880 0.0143983 0.00524989 -43331.6 58.9758 
351696 0.0415961 0.00256124 -43785 59.1128 
352512 0.032277 0.0201128 -43926.4 59.2501 
353328 0.0394986 0.03366 -45304 59.3871 
354144 0.00920303 -0.00906588 -44495.9 59.5246 
354960 0.0261101 -0.0112174 -45120.8 59.6617 
355776 0.0502196 -0.0258837 -44997.9 59.7989 
356592 0.0582119 -0.031435 -44500.9 59.9357 
357408 0.0309209 -0.0207509 -44597.6 60.0729 
358224 0.0608215 -0.0381966 -43991.9 60.2101 
359040 0.0301286 -0.0015662 -43620.9 60.3473 
359856 0.0523409 -0.0500263 -43189.7 60.4846 
360672 0.060894 -0.0494261 -43548.7 60.6218 
361488 0.0627836 -0.0405532 -43975.3 60.7592 
362304 0.0749924 -0.0503102 -43872.6 60.8963 
363120 0.0521013 -0.0384343 -43866.7 61.0335 
363936 0.0270306 -0.0214624 -43720.8 61.1706 
364752 0.0416573 -0.0329384 -43585.1 61.3075 
365568 0.0294396 -0.0211769 -43890.6 61.4445 
366384 0.0310693 0.00536928 -44930.7 61.5817 
367200 0.0279377 -0.0218574 -43788.7 61.719 
368016 0.00611373 0.00523451 -44439.4 61.8563 
368832 0.0455329 -0.0347658 -43968.6 61.9939 
369648 0.0423161 0.00876202 -43253.6 62.1315 
370464 0.0579161 -0.0350233 -42981.7 62.2692 
371280 0.0148787 -0.0130721 -42791.3 62.4068 
372096 0.0360656 -0.0251216 -43001.3 62.5442 
372912 0.0398375 0.00181446 -42490.4 62.6815 
373728 0.0477735 0.0350384 -42734.5 62.8187 
374544 0.0742112 0.0591223 -42807 62.9562 
375360 0.0329277 0.00973533 -42865.4 63.0938 
376176 0.0408475 0.0159199 -43026.3 63.2313 
376992 0.0396671 0.0228632 -43148.7 63.3689 
377808 0.038615 0.0301733 -44273.6 63.5066 
378624 0.0355226 0.0100866 -45383.2 63.644 
379440 0.0614875 -0.00176863 -44446.2 63.7817 
380256 0.0350112 0.0145828 -43766.7 63.919 
381072 0.0164887 -0.00559573 -43809.1 64.0563 
381888 0.00528556 -0.00113739 -42988.1 64.1937 
382704 0.0298188 -0.00535191 -42264.6 64.3312 
383520 0.0194475 0.00546571 -42602.6 64.4687 
384336 0.0383179 -0.0282007 -42508.9 64.606 
385152 0.0305882 -0.0261194 -43596.6 64.7433 
385968 0.022006 -0.0166763 -44745.9 64.8806 
386784 0.0283094 -0.017565 -45109 65.0182 
387600 0.0281481 0.00441268 -44292 65.1558 
388416 0.0333265 0.0251267 -44187.3 65.2933 
389232 0.0306297 0.0302413 -43523.8 65.4307 
390048 0.0490679 0.0465586 -43683 65.5682 
390864 0.0358258 0.0199388 -43831.2 65.7059 
391680 0.0333933 0.0224776 -43704.5 65.8432 
392496 0.0650661 0.0521834 -43199.9 65.9804 
393312 0.0578811 0.0495518 -42928.1 66.1179 
394128 0.0629464 0.0362622 -43504.5 66.2556 
394944 0.0563739 0.0476715 -43475.7 66.3931 
395760 0.0706646 0.0446484 -43842.8 66.5304 
396576 0.0566177 0.0435751 -43685.9 66.6678 
397392 0.057282 0.0402594 -43265.5 66.805 
398208 0.0331894 0.0244345 -43265 66.9424 
399024 0.04545 0.0339152 -43425.1 67.0798 
399840 0.0528856 0.0144669 -44115.9 67.2172 
400656 0.048299 0.00298911 -44245.4 67.3549 
401472 0.0500638 -0.0133562 -43662.7 67.4924 
402288 0.0452493 -0.02551 -43573.6 67.6296 
403104 0.0540909 -0.031308 -44233.6 67.7669 
403920 0.0574746 -0.0237127 -44579.8 67.9043 
404736 0.0633525 -0.0216717 -43098.1 68.0416 
405552 0.0394088 0.00254151 -43276.7 68.1792 
406368 0.0466754 -0.00314023 -43467.5 68.3168 
407184 0.0100486 -0.00418583 -43150.9 68.4542 
408000 0.0303087 0.00551724 -43915.1 68.5914 
408816 0.0218704 -0.0100013 -42191.6 68.7288 
409632 0.0287609 0.0177404 -41856.1 68.8661 
410448 0.0379312 -0.018185 -42793.1 69.0034 
411264 0.0261486 -0.0182941 -42312.2 69.1408 
412080 0.0389802 -0.00658996 -41987.1 69.2783 
412896 0.0291962 0.0133062 -42671.9 69.4158 
413712 0.0369108 -0.0101327 -42660.5 69.5532 
414528 0.0218552 -0.0175755 -43273.6 69.6906 
415344 0.03786 -0.00903449 -43881.9 69.8278 
416160 0.0432363 -0.0331196 -43787.1 69.9652 
416976 0.0649891 -0.0605959 -43369.1 70.1026 
417792 0.0371703 -0.025493 -42531.3 70.2402 
418608 0.0188589 -0.00682902 -42015.4 70.3776 
419424 0.0264221 0.00299618 -41756.5 70.5149 
420240 0.0338808 0.0100648 -41455.8 70.6522 
421056 0.0286532 0.00941832 -41614 70.7893 
421872 0.0582068 -0.0497728 -42166.8 70.9268 
422688 0.0462973 -0.0276361 -42342.7 71.064 
423504 0.0352578 -0.0142842 -41503.9 71.2011 
424320 0.0507644 -0.0458984 -42045.8 71.3382 
425136 0.0467305 -0.0169573 -43201.6 71.4755 
425952 0.0631603 -0.0568792 -43694.2 71.6126 
426768 0.044091 0.00192688 -42345.1 71.7499 
427584 0.0564485 0.0157673 -42449.8 71.8872 
428400 0.0563834 0.0121938 -42868.9 72.0245 
429216 0.0389485 0.028127 -43127.6 72.1621 
430032 0.040953 0.0132015 -42847.9 72.2995 
430848 0.0321689 0.014056 -42714.9 72.4372 
431664 0.0400476 -0.024139 -42566.7 72.5743 
432480 0.043732 -0.0337962 -42455.3 72.7115 
433296 0.035321 -0.0308245 -42400.3 72.8488 
434112 0.0672192 -0.063915 -42336.7 72.9864 
434928 0.0528919 -0.0345847 -41873.5 73.1239 
435744 0.0422431 -0.0158699 -42197.8 73.2614 
436560 0.0196782 -0.0170404 -41577.1 73.399 
437376 0.04054 -0.0380251 -41441 73.5364 
438192 0.0331547 0.00398349 -42386.5 73.6738 
439008 0.0655694 -0.000698691 -42290.3 73.8112 
439824 0.0399736 -0.0100545 -42172.5 73.9488 
440640 0.0487518 -0.00238497 -42994.3 74.0863 
441456 0.0346577 0.0160623 -42976.7 74.2237 
442272 0.0473912 0.0356761 -43876.2 74.3614 
443088 0.0595788 0.0275316 -44157.3 74.4989 
443904 0.0949961 0.0742494 -44154.1 74.6364 
444720 0.0821907 0.0601145 -43830.1 74.774 
445536 0.059865 0.0441838 -44420.3 74.9114 
446352 0.0529869 0.0433614 -43119.2 75.049 
447168 0.0534274 0.0283681 -43354.8 75.1866 
447984 0.0564578 -0.0158234 -42735.6 75.3243 
448800 0.0431682 0.0277983 -43578.9 75.4617 
449616 0.0435058 0.0231964 -42949.8 75.5993 
450432 0.0246112 -0.00354619 -42727.4 75.7366 
451248 0.0220123 -0.000226523 -43107.5 75.8742 
452064 0.0474196 -0.0206605 -42669 76.0117 
452880 0.0500708 -0.0400547 -43762 76.1492 
453696 0.0369609 -0.0251881 -43334.5 76.2867 
454512 0.0470653 0.0216276 -42321.2 76.4238 
455328 0.0319878 -0.00904874 -42545.1 76.5612 
456144 0.0494177 -0.0489779 -43168.1 76.6982 
456960 0.0253998 -0.0059733 -42725.8 76.8354 
457776 0.0274378 0.00984824 -42731.7 76.9729 
458592 0.0190246 -0.016611 -42585.3 77.11 
459408 0.0145056 0.00916713 -42205 77.2471 
460224 0.0363226 -0.0148312 -42202.9 77.384 
461040 0.0329377 0.0052727 -42261.8 77.5209 
461856 0.067621 0.0166312 -42690.3 77.6582 
462672 0.0359 0.0124981 -42913.2 77.7953 
463488 0.0292801 0.0120522 -42745.1 77.9321 
464304 0.0369681 0.0191306 -42918.3 78.0694 
465120 0.0388422 0.019098 -42636.6 78.2068 
465936 0.0656212 0.0371149 -43597.6 78.3442 
466752 0.0552768 0.0245649 -43648.2 78.4815 
467568 0.0354595 0.0314909 -44669.7 78.619 
468384 0.0411835 0.0260574 -44793 78.756 
469200 0.0185464 0.00863909 -44617.8 78.8932 
470016 0.0293298 -0.0180808 -44644.1 79.0304 
470832 0.021234 -0.0124296 -44523.3 79.1674 
471648 0.0275668 -0.00938334 -43255.8 79.3047 
472464 0.0206939 0.0126535 -43053.3 79.442 
473280 0.0171207 -0.0119281 -41724 79.5791 
474096 0.0206089 0.0150788 -42428.6 79.7162 
474912 0.0404411 0.0281007 -42394.5 79.8534 
475728 0.0203942 0.000670999 -42667.2 79.9904 
476544 0.0208909 -0.00442508 -42495.2 80.1275 
477360 0.0233432 0.00742001 -42807.2 80.2646 
478176 0.0494041 -0.00507526 -41932.8 80.4019 
478992 0.0391347 -0.00539834 -42185.7 80.5391 
479808 0.0595273 -0.0290825 -42194.5 80.6761 
480624 0.0237003 0.00324906 -42075 80.8146 
481440 0.0184332 -0.00551597 -42637.5 80.9519 
482256 0.0552196 -0.0466138 -43235.5 81.0891 
483072 0.0499302 -0.0370874 -44229.6 81.2262 
483888 0.0571266 -0.00909976 -44850.9 81.3636 
484704 0.0425534 0.00560434 -44749 81.501 
485520 0.0365189 0.00529138 -45032.2 81.6383 
486336 0.0316794 -0.00668319 -44344.4 81.7753 
487152 0.0400727 -0.00711426 -44064.8 81.9126 
487968 0.0388665 -0.0275543 -44852.9 82.05 
488784 0.0324185 -0.0229321 -45355.6 82.1875 
489600 0.0431987 -0.036801 -45584.2 82.3248 
490416 0.0561676 -0.0483398 -44381.9 82.4619 
491232 0.0155942 -0.00519051 -44101.5 82.5989 
492048 0.0121432 0.0034031 -44793.9 82.7361 
492864 0.0233137 0.0141248 -44760.4 82.8734 
493680 0.0230101 -0.000911517 -45118.7 83.0107 
494496 0.0412652 0.00824917 -44297.3 83.1479 
495312 0.0594868 0.0207286 -43689.4 83.2851 
496128 0.0467999 0.0211164 -43262.7 83.4222 
496944 0.0298777 -0.0109886 -43070.3 83.5593 
497760 0.0392399 -0.0176725 -42707.5 83.6966 
498576 0.0150169 -0.00561483 -42114.5 83.8337 
499392 0.0442201 0.0329344 -41696.4 83.971 
500208 0.0275444 0.0231075 -42098.1 84.108 
501024 0.0342984 0.00549935 -41649.2 84.2452 
501840 0.0660193 -0.0350475 -41003.5 84.3824 
502656 0.0441341 0.0139698 -41960.2 84.5195 
503472 0.0601416 -0.004399 -42103.5 84.6568 
504288 0.0360009 0.00844205 -41568.8 84.7941 
505104 0.0536915 0.0355674 -42047.6 84.9313 
505920 0.0339726 0.00873712 -42072 85.0686 
506736 0.0442488 -0.000506905 -42372.7 85.2058 
507552 0.062502 0.0361326 -42321.2 85.3428 
508368 0.043843 -0.00151757 -42612.5 85.4801 
509184 0.0303878 0.00533273 -43217.9 85.617 
510000 0.0622465 -0.0395419 -42510 85.7542 
510816 0.0579686 -0.0496749 -42359.3 85.8914 
511632 0.0516868 -0.0102026 -42618.2 86.0286 
512448 0.0385147 -0.030446 -42518.3 86.1659 
513264 0.0460631 -0.0449296 -42419.3 86.3031 
514080 0.0260149 -0.00371726 -42425.3 86.4401 
514896 0.0331004 -0.0217822 -42227.9 86.5777 
515712 0.0487191 -0.0066369 -42183.1 86.715 
516528 0.0334468 0.0124171 -42337.8 86.8523 
517344 0.0380391 0.00216567 -43109.8 86.9895 
518160 0.0652886 -0.0191867 -43370.2 87.1274 
518976 0.0330131 -0.0221356 -43142.1 87.2649 
519792 0.0292358 0.0150901 -42642.1 87.4021 
520608 0.0161519 -0.00941598 -42892.9 87.5395 
521424 0.0240597 -0.000546602 -43184.2 87.6767 
522240 0.0133487 -0.010423 -43322.7 87.8143 
523056 0.0351726 -0.00393214 -43033.3 87.9515 
523872 0.00888061 0.00799801 -42819.6 88.0886 
524688 0.0618568 -0.0465088 -43038.5 88.2257 
525504 0.0785665 -0.0563465 -42605 88.363 
526320 0.0857036 -0.0643569 -43263 88.5001 
527136 0.0444854 -0.00092591 -42828.7 88.6372 
527952 0.0509383 -0.011432 -43717 88.7749 
528768 0.0253734 -0.0104464 -42473 88.912 
529584 0.0665932 -0.049638 -42394.1 89.0494 
530400 0.0353246 -0.00755992 -42712.9 89.1865 
531216 0.03037 -0.0181032 -42552.1 89.3239 
532032 0.0329943 -0.0201624 -41955.8 89.4612 
532848 0.033859 -0.00243287 -41742.1 89.5983 
533664 0.054773 0.0350314 -41070 89.7353 
534480 0.046536 -0.0266885 -41972.9 89.8725 
535296 0.0630541 -0.0541953 -40839.3 90.0097 
536112 0.027074 -0.0120206 -41160.7 90.1467 
536928 0.0368197 0.00197811 -40629.7 90.2841 
537744 0.0346531 -0.00581867 -40574 90.4211 
538560 0.0103915 0.00864845 -40234.8 90.5585 
539376 0.0248426 0.00846184 -41215 90.6957 
540192 0.0172142 0.0096438 -41402 90.8328 
541008 0.0296051 -0.029593 -41443.6 90.9697 
541824 0.0185951 -0.0102447 -41697.2 91.1069 
542640 0.0500692 0.0202674 -40477.1 91.2441 
543456 0.0389294 0.0252448 -40637.5 91.3811 
544272 0.0559308 0.0394134 -41456.7 91.5184 
545088 0.0413147 -0.0152581 -41145.2 91.6554 
545904 0.0690292 0.0089944 -41599.6 91.7926 
546720 0.0667949 0.0156506 -42443.3 91.9296 
547536 0.0490998 0.0181007 -42736.7 92.0668 
548352 0.0166558 -0.00961791 -43134.6 92.2039 
549168 0.0272288 -0.00171801 -43210.7 92.3411 
549984 0.0536115 -0.00848893 -42946.9 92.4781 
550800 0.0402448 -0.0132105 -43980.7 92.6158 
551616 0.0338546 -0.00230047 -44178.1 92.7532 
552432 0.0317484 -0.0200124 -44387.7 92.8906 
553248 0.0173596 0.00237522 -43306.8 93.028 
554064 0.0271718 0.00627322 -42824.6 93.1654 
554880 0.0189505 0.00641614 -42715.9 93.3025 
555696 0.065208 0.0269674 -44078.4 93.4398 
556512 0.0807364 -0.0250056 -44448.1 93.5771 
557328 0.0791079 -0.0448793 -44981.3 93.7143 
558144 0.0581868 -0.00420406 -44906.3 93.8513 
558960 0.0372903 -0.0212391 -44284.8 93.9883 
559776 0.0282962 0.00481537 -43408.7 94.1255 
560592 0.00658744 -0.00110686 -44001 94.2625 
561408 0.0372122 -0.0291698 -44117.9 94.3996 
562224 0.050148 0.0161419 -44167.6 94.5369 
563040 0.0236356 0.0142792 -43403.3 94.6742 
563856 0.0365769 0.00452601 -43216.3 94.8112 
564672 0.0255467 0.00662527 -43973.4 94.9482 
565488 0.017475 -0.00937389 -43743.2 95.0853 
566304 0.0257063 -0.0242486 -43614.8 95.2226 
567120 0.0199681 -0.0130808 -44039.9 95.3599 
567936 0.0134784 -0.0106139 -43912.8 95.497 
568752 0.0461376 -0.025849 -44349.6 95.6344 
569568 0.0572247 -0.0238478 -43459.1 95.7716 
570384 0.0615548 0.00826638 -42603.7 95.9091 
571200 0.0712816 -0.00185591 -43260.4 96.0465 
572016 0.0886311 0.016619 -43557.7 96.1835 
572832 0.0879444 -0.0414091 -43165.3 96.3207 
573648 0.0322944 0.004432 -42992.3 96.4577 
574464 0.010618 -0.00341774 -41727.7 96.5951 
575280 0.0336229 -0.0330334 -41665.2 96.7324 
576096 0.0296414 -0.0290562 -42932.8 96.8697 
576912 0.0389986 -0.0307133 -43430.9 97.0069 
577728 0.0216072 -0.00160028 -43405.4 97.1441 
578544 0.0214447 -0.00679169 -42748.7 97.2815 
579360 0.0105121 -0.00851597 -42905 97.419 
580176 0.0276258 -0.0264607 -43286.1 97.556 
580992 0.0168598 0.0139678 -43417.4 97.6931 
581808 0.02598 -0.00992756 -44054.1 97.8303 
582624 0.0332654 -0.0313447 -43486.1 97.9676 
583440 0.0343091 -0.023507 -43803.1 98.1048 
584256 0.0421037 -0.034231 -44983.7 98.2421 
585072 0.0202117 0.00885483 -45563 98.3795 
585888 0.0236105 0.00576597 -45117.6 98.5167 
586704 0.03835 -0.0120135 -46215.6 98.6537 
587520 0.0549878 0.0456079 -44631.9 98.7911 
588336 0.038595 0.0232083 -44164.1 98.9283 
589152 0.0755768 0.0278243 -44763 99.0652 
589968 0.00713704 0.00663388 -44308.3 99.2025 
590784 0.0472451 -0.0272451 -44726.1 99.3399 
591600 0.0525873 -0.0214737 -45221.1 99.4772 
592416 0.0230011 0.00738018 -45016.2 99.6145 
593232 0.0513904 0.0198708 -44663.9 99.7517 
594048 0.0373734 0.0123118 -44755.2 99.8889 
594864 0.0196443 0.0145824 -44124.4 100.026 
595680 0.0476864 -0.00600575 -44383 100.164 
596496 0.0456735 -0.00785621 -45120.4 100.301 
597312 0.0663926 0.0313685 -46144.4 100.438 
598128 0.0632252 0.00409837 -45592.3 100.575 
598944 0.0347499 0.0265407 -45535.8 100.713 
599760 0.063407 0.0384358 -45148.7 100.85 
600576 0.0415414 0.0281423 -44513.2 100.987 
601392 0.0324023 0.025559 -44154.1 101.124 
602208 0.0609569 0.0531305 -42784.5 101.262 
603024 0.0855854 0.0709889 -43863.1 101.399 
603840 0.00783666 0.00674308 -43367.4 101.536 
604656 0.0238923 -0.00767955 -43450.1 101.673 
605472 0.0460927 0.0110354 -43397.3 101.811 
606288 0.0554067 -0.0133108 -43073 101.948 
607104 0.0157159 -0.0043965 -42687.4 102.085 
607920 0.0142447 -0.0044546 -43051.5 102.222 
608736 0.0562087 -0.0517902 -43201.8 102.359 
609552 0.0303861 -0.0123105 -42804.4 102.497 
610368 0.0189536 -0.0147751 -42600.7 102.634 
611184 0.020254 -0.0177293 -42139.5 102.771 
612000 0.0205948 -0.00338345 -41995.2 102.909 
612816 0.0415434 0.0245394 -41910.7 103.046 
613632 0.0253559 0.0123614 -42308.2 103.183 
614448 0.0489695 -0.0299652 -42683.6 103.321 
615264 0.0398827 -0.00445204 -43177.9 103.458 
616080 0.0113607 0.00759414 -43436.1 103.595 
616896 0.0262125 -0.0133679 -43018.8 103.732 
617712 0.0483015 -0.0321094 -43519.4 103.87 
618528 0.0680574 -0.0487359 -43001.7 104.007 
619344 0.049736 -0.0348227 -43417.2 104.144 
620160 0.0419932 0.041301 -42995.6 104.282 
620976 0.0196908 0.00981485 -43188.1 104.419 
621792 0.0520335 0.0500076 -43289.5 104.556 
622608 0.0219869 -0.0100859 -43870.8 104.694 
623424 0.0434328 -0.0422977 -44585.8 104.831 
624240 0.0410498 -0.0375671 -43962 104.968 
625056 0.0562854 -0.0275036 -43828.5 105.105 
625872 0.0461731 -0.0158874 -43772.1 105.242 
626688 0.020357 0.00519976 -43623.2 105.379 
627504 0.0297461 0.0162997 -43677.1 105.517 
628320 0.0338552 0.00194342 -43637.3 105.654 
629136 0.0543011 0.0288263 -43070.8 105.791 
629952 0.0714627 0.0464542 -44108.6 105.929 
630768 0.0597074 0.0172856 -43948.9 106.066 
631584 0.062845 0.0234304 -43048.2 106.204 
632400 0.0539029 0.0405542 -43403.1 106.341 
633216 0.0293268 0.0150435 -42539.2 106.479 
634032 0.0262546 0.0148503 -42809.7 106.616 
634848 0.0136273 -0.00337923 -42488.8 106.754 
635664 0.0600235 -0.0578695 -42855.7 106.891 
636480 0.017215 -0.0145217 -42658 107.028 
637296 0.0189349 0.0120271 -43395.3 107.165 
638112 0.0262367 0.00208164 -43279.3 107.302 
638928 0.0224832 -0.00216177 -43283.6 107.439 
639744 0.0301091 0.02694 -44248.6 107.576 
640560 0.0278074 0.0196909 -43324.7 107.714 
641376 0.0354911 0.0206181 -43449.8 107.851 
642192 0.0161837 -0.00331951 -42973.3 107.988 
643008 0.0156254 0.00280061 -42946.5 108.125 
643824 0.0518835 0.0428561 -43259.4 108.262 
644640 0.042431 0.0308073 -43528.5 108.4 
645456 0.0329427 0.00207949 -44429.4 108.537 
646272 0.0726695 0.00150417 -43766.6 108.674 
647088 0.0596883 -0.02552 -43615.3 108.811 
647904 0.079641 0.0173697 -43529.3 108.949 
648720 0.0736495 0.00535911 -42760.5 109.086 
649536 0.0633317 -0.00750229 -41770.4 109.223 
650352 0.0596401 -0.029335 -41920.7 109.36 
651168 0.0419708 -0.0159693 -42456.2 109.497 
651984 0.0494168 -0.0222299 -41995.1 109.634 
652800 0.0390747 0.01041 -41799.1 109.771 
653616 0.0498614 0.00551274 -42430.7 109.908 
654432 0.0407528 -0.0152227 -42261.9 110.045 
655248 0.0583304 -0.0286475 -42826.8 110.182 
656064 0.0391523 0.00405705 -42696.5 110.319 
656880 0.0549366 -0.0180017 -43823.1 110.456 
657696 0.0529891 -0.0124055 -43221.3 110.593 
658512 0.03853 -0.0193249 -43567.7 110.731 
659328 0.0271127 -0.0159081 -43578.7 110.868 
660144 0.026439 -0.00973425 -42742.1 111.005 
660960 0.0606904 -0.0176832 -42243.2 111.142 
661776 0.0543359 -0.0154911 -42022.6 111.279 
662592 0.039378 -0.0195792 -41944.7 111.417 
663408 0.0180321 -0.00568516 -41611.7 111.554 
664224 0.0332032 0.0260398 -41821.5 111.691 
665040 0.0291191 -0.0174425 -41711.6 111.828 
665856 0.0237155 -0.0092725 -41664.1 111.965 
666672 0.0246111 0.00213012 -41823.5 112.103 
667488 0.0467507 -0.0308235 -41982.2 112.24 
668304 0.0541554 -0.0377034 -42369.6 112.377 
669120 0.0755332 -0.0613793 -42070.5 112.514 
669936 0.0733181 -0.0579314 -41746.7 112.651 
670752 0.0603379 -0.0256032 -41666.2 112.788 
671568 0.0447994 -0.0271226 -41426.7 112.925 
672384 0.0258775 0.00938138 -41624.4 113.062 
673200 0.0499028 0.0455821 -42318.2 113.199 
674016 0.0292356 0.000103338 -41877.2 113.337 
674832 0.0407057 -0.00806838 -41823.9 113.474 
675648 0.0352907 0.012275 -41794.4 113.611 
676464 0.0297668 -0.0216153 -41208.1 113.748 
677280 0.0361569 -0.035579 -41934.5 113.885 
678096 0.0116045 -0.00425822 -41512.4 114.022 
678912 0.0189118 -0.0186698 -41341.7 114.16 
679728 0.023315 0.0179249 -42618.6 114.296 
680544 0.0240801 -0.0231929 -42952.1 114.434 
681360 0.0309654 -0.0298768 -41552.7 114.571 
682176 0.0332424 -0.0250152 -41828.3 114.708 
682992 0.0362512 0.00456046 -41177.3 114.845 
683808 0.0618024 0.0488368 -41219.2 114.983 
684624 0.0325706 -0.0132131 -41762 115.12 
685440 0.0106152 -0.00529639 -40672.4 115.257 
686256 0.0173113 -0.0150151 -41078.3 115.394 
687072 0.0214704 -0.00668308 -41777.3 115.531 
687888 0.0376613 0.000717012 -42712.4 115.668 
688704 0.0502843 0.0124033 -42278.4 115.805 
689520 0.0459969 0.0156407 -42391.5 115.943 
690336 0.0279727 0.0227023 -42382.9 116.08 
691152 0.0421957 -0.00889756 -42424.8 116.217 
691968 0.0539928 0.00348515 -42692.4 116.354 
692784 0.0712502 0.013437 -42280.4 116.491 
693600 0.0728729 -0.0231906 -43026 116.628 
694416 0.0593994 0.0284233 -41715.3 116.766 
695232 0.0749778 0.030779 -41601.2 116.903 
696048 0.0707089 -0.0200222 -42234.8 117.04 
696864 0.0628044 0.002479 -42328.1 117.177 
697680 0.0491392 -0.00551077 -42860.3 117.314 
698496 0.0612025 -0.017943 -42808.6 117.451 
699312 0.0516438 -0.0197202 -42706.9 117.588 
700128 0.0344292 -0.0269786 -42281.9 117.726 
700944 0.0400309 0.00112401 -43467.9 117.863 
701760 0.0370435 -0.00116145 -42670.8 118.001 
702576 0.0705709 -0.000603799 -43527.3 118.138 
703392 0.0901868 0.000196146 -43896.9 118.275 
704208 0.0840315 -0.0113102 -43384.3 118.412 
705024 0.0629584 -0.0312107 -44025.1 118.549 
705840 0.0343748 -0.0187644 -43684.7 118.687 
706656 0.0430697 -0.00266234 -44096.1 118.824 
707472 0.0483719 -0.0220348 -43600.4 118.961 
708288 0.0301156 -0.017107 -43050.5 119.098 
709104 0.0303602 0.00305889 -42257 119.235 
709920 0.0472268 0.0246563 -42699.4 119.373 
710736 0.0479359 0.0236662 -42449.4 119.51 
711552 0.0649364 0.0103177 -42337.8 119.647 
712368 0.0253484 -0.00343146 -42115 119.785 
713184 0.0221302 -0.0026747 -42132.8 119.921 
714000 0.0435575 0.0404801 -42996.9 120.058 
714816 0.0321357 0.0292368 -42747.7 120.196 
715632 0.0514565 -0.0227967 -43294.3 120.333 
716448 0.0401068 -0.0152708 -42288.6 120.47 
717264 0.0445169 -0.00970733 -41853.8 120.607 
718080 0.0191816 -0.0150058 -41025.1 120.744 
718896 0.0177993 -0.010676 -41153.5 120.881 
719712 0.0306235 -0.00729102 -40941 121.019 
720528 0.0179469 0.0121152 -41132 121.156 
721344 0.015774 0.0132264 -41341.6 121.293 
722160 0.0151237 0.012173 -42211.3 121.43 
722976 0.0186635 0.00746287 -42252.6 121.567 
723792 0.027626 0.0182007 -42013 121.705 
724608 0.0583365 0.0251741 -41793.2 121.842 
725424 0.0403389 0.0206479 -40410.4 121.98 
726240 0.0307612 0.0233929 -40100.7 122.117 
727056 0.028443 0.00642086 -40445.1 122.255 
727872 0.039067 0.0183529 -40973.3 122.392 
728688 0.0216132 0.0165321 -41846.9 122.53 
729504 0.0323808 -0.0163537 -41971.3 122.667 
730320 0.0540126 -0.0366156 -42249.2 122.805 
731136 0.0381725 0.00358354 -41924.7 122.942 
731952 0.0329278 -0.0107642 -41381.6 123.08 
732768 0.0245761 0.0049289 -41829.8 123.217 
733584 0.0556961 -0.0138386 -42010.6 123.355 
734400 0.0447534 -0.0102178 -40686 123.493 
735216 0.0332131 -0.00241556 -41790.9 123.631 
736032 0.0294159 0.00127162 -42401.2 123.768 
736848 0.0161067 -0.00703264 -43316.7 123.906 
737664 0.0179449 -0.000872487 -42971.6 124.043 
738480 0.0508272 -0.0256464 -43231.6 124.181 
739296 0.0771898 -0.016574 -42161.7 124.318 
740112 0.0716501 0.0211138 -42577.7 124.456 
740928 0.0395289 0.0145767 -43546.5 124.593 
741744 0.0360838 0.0358905 -43545.9 124.731 
742560 0.0333273 0.0330609 -43628.4 124.868 
743376 0.0381966 0.0374824 -43687 125.006 
744192 0.0459356 0.0441163 -43269.1 125.143 
745008 0.0634508 0.0607831 -44440.5 125.281 
745824 0.0453415 0.0431659 -43510.7 125.418 
746640 0.0325252 -0.0276485 -44352 125.556 
747456 0.0421691 -0.0220308 -43980.6 125.694 
748272 0.0241739 -0.0140058 -43232.3 125.831 
749088 0.0280525 -0.0198795 -43519.6 125.969 
749904 0.0403346 0.012474 -42977.4 126.106 
750720 0.0297887 -0.0274022 -43288.9 126.244 
751536 0.052765 -0.0506083 -42945.9 126.381 
752352 0.0642389 -0.0454573 -42947.1 126.519 
753168 0.0593291 -0.0562856 -42910.4 126.656 
753984 0.0742631 -0.0623872 -43280.3 126.793 
754800 0.036257 -0.0177659 -43288.8 126.931 
755616 0.030748 -0.00847982 -43110.5 127.068 
756432 0.0205102 -0.00268553 -43239.2 127.205 
757248 0.0227553 0.000153715 -43026.9 127.342 
758064 0.0306324 0.0216391 -43289.1 127.48 
758880 0.0225534 0.00687203 -44029.7 127.617 
759696 0.0515053 -0.0269047 -43696.6 127.755 
760512 0.0414042 -0.00481757 -43245.2 127.892 
761328 0.026077 -0.00616721 -43204 128.03 
762144 0.0360131 -0.0341349 -42559.9 128.167 
762960 0.0512454 -0.0415259 -43785.2 128.305 
763776 0.051654 -0.0287779 -44140.1 128.443 
764592 0.0582929 -0.0522883 -43495.7 128.58 
765408 0.0268797 -0.020804 -44430.9 128.717 
766224 0.0515051 0.0320333 -44969.4 128.855 
767040 0.0457153 0.00491228 -45051.8 128.992 
767856 0.0411174 0.0131281 -44063.3 129.13 
768672 0.0229776 0.0048666 -44874.6 129.267 
769488 0.0480635 -0.0391773 -44728.5 129.405 
770304 0.0729371 -0.0609749 -45046.8 129.542 
771120 0.0706411 -0.0654032 -44871 129.68 
771936 0.0859147 -0.0639391 -44883 129.817 
772752 0.0784566 -0.0684201 -44243.1 129.954 
773568 0.061234 -0.0575672 -44259.2 130.092 
774384 0.0704876 -0.0554194 -44247.1 130.229 
775200 0.0907198 -0.0564196 -43884.2 130.367 
776016 0.0868774 -0.0533284 -43413 130.504 
776832 0.0652499 -0.0446465 -43200.9 130.641 
777648 0.0617716 -0.0127643 -43213.5 130.778 
778464 0.0792758 0.00536538 -43818.5 130.915 
779280 0.078211 -0.0508501 -43811.7 131.052 
780096 0.0544653 -0.0318813 -43524.1 131.189 
780912 0.0750419 -0.0635529 -44161.8 131.326 
781728 0.0472657 -0.0150933 -43923.1 131.463 
782544 0.0217996 0.0108463 -44030.6 131.6 
783360 0.0198252 0.00705088 -44580.9 131.737 
784176 0.0418642 0.0197592 -44124.1 131.875 
784992 0.0506238 0.00470013 -44125.4 132.012 
785808 0.065036 0.00416576 -43696.7 132.149 
786624 0.0983167 0.0599671 -43408.6 132.286 
787440 0.0635512 0.0366026 -43846.9 132.423 
788256 0.0616151 0.0478216 -43695.3 132.56 
789072 0.063663 0.0446175 -43787.9 132.697 
789888 0.0645322 0.0542335 -43916 132.835 
790704 0.0873106 0.0850483 -44081.5 132.972 
791520 0.0814815 0.0713861 -44524.3 133.109 
792336 0.0369824 0.0369804 -43963.2 133.246 
793152 0.0192944 0.00946688 -43111 133.383 
793968 0.0292403 0.0253273 -43189 133.52 
794784 0.0358151 -0.00450794 -41650.8 133.658 
795600 0.0415287 0.00987175 -42919 133.795 
796416 0.0490781 0.0117549 -42474.4 133.932 
797232 0.0560658 0.0140138 -41879 134.069 
798048 0.0585918 -0.0212905 -42807.7 134.206 
798864 0.0477481 0.00911876 -42332.6 134.343 
799680 0.0524885 -0.0364195 -43037 134.481 
800496 0.0404734 0.00370783 -42960.4 134.618 
801312 0.0183198 0.00130432 -43026.5 134.755 
802128 0.0326075 0.0202338 -43335.3 134.892 
802944 0.0333569 0.0272627 -42917.8 135.03 
803760 0.0622072 0.049264 -42604.6 135.167 
804576 0.0429854 0.0347912 -43190 135.304 
805392 0.0274892 -0.00722407 -44026.8 135.442 
806208 0.0475407 0.0383647 -44286.8 135.579 
807024 0.043649 -0.0389325 -43889.9 135.716 
807840 0.0370509 -0.00162122 -44488.8 135.853 
808656 0.0246501 0.0144641 -43909.6 135.99 
809472 0.0432412 -0.022668 -42744.8 136.127 
810288 0.0451371 -0.0388968 -43240.8 136.265 
811104 0.0347218 -0.0088455 -43510.3 136.402 
811920 0.0154345 0.00438434 -42668.5 136.539 
812736 0.0339979 -0.0263539 -43520.2 136.677 
813552 0.03559 -0.0298656 -43936.1 136.814 
814368 0.0298107 -0.0154664 -44019.6 136.951 
815184 0.0206107 0.0105906 -43989.7 137.088 
