0 0.0541238 -0.0498805 -31683.4 0 
816 0.0562382 -0.0559285 -33866.4 0.136748 
1632 0.0487242 -0.0481701 -36004 0.273836 
2448 0.0556029 -0.053565 -37340.5 0.411491 
3264 0.0333791 -0.00614175 -39860.7 0.548952 
4080 0.0225964 0.00612095 -40423.7 0.686997 
4896 0.0283416 0.0063718 -40958.8 0.824745 
5712 0.041965 -0.00694248 -40707.8 0.962455 
6528 0.0457113 0.0105237 -41643.2 1.10047 
7344 0.0119668 -0.003639 -42283.1 1.23815 
8160 0.0204355 -0.0186678 -41503.4 1.37583 
8976 0.0310387 0.0212464 -41208.5 1.51313 
9792 0.0355211 0.0352486 -41455.1 1.65037 
10608 0.0304495 0.0182743 -42227 1.78756 
11424 0.0174363 -0.000298672 -42317.3 1.92478 
12240 0.0216025 -0.00372425 -42183.3 2.06211 
13056 0.0268052 0.00508815 -42112.3 2.19935 
13872 0.0301073 0.0148045 -42282.3 2.33649 
14688 0.0339827 0.0184501 -41832.5 2.47384 
15504 0.0311462 -0.000440765 -41636.8 2.6109 
16320 0.0165758 -0.00129419 -41505.2 2.74814 
17136 0.0250287 -0.0143867 -42462.4 2.88539 
17952 0.0542018 -0.044013 -42242.8 3.02278 
18768 0.0499882 -0.0458033 -42246 3.16 
19584 0.0447223 -0.0381377 -43524.9 3.29732 
20400 0.0332696 -0.0296716 -43201 3.43426 
21216 0.0430299 0.0161313 -42952.5 3.57083 
22032 0.0719692 0.0239256 -42892.3 3.70792 
22848 0.0295092 0.00919599 -42489.3 3.84494 
23664 0.0212767 0.00805255 -42930.6 3.98235 
24480 0.0364116 0.0179538 -43085.4 4.11964 
25296 0.0390487 0.00881443 -42276.3 4.25674 
26112 0.0744158 0.0473625 -42642.2 4.39417 
26928 0.0577223 0.03865 -42265.1 4.53152 
27744 0.106163 0.0543505 -42614.9 4.66861 
28560 0.0588605 0.0079531 -43664.2 4.80589 
29376 0.0466441 0.028815 -43257 4.94314 
30192 0.0560232 0.0331953 -44404.1 5.08055 
31008 0.0243992 -0.0155397 -44304.4 5.21785 
31824 0.0250887 -0.00846658 -43691 5.35503 
32640 0.0375193 -0.0259163 -43723.4 5.49232 
33456 0.0188507 0.010191 -43275.1 5.62979 
34272 0.0435337 -0.0275937 -43872.2 5.76713 
35088 0.0406882 -0.0265439 -43475.3 5.90426 
35904 0.042902 -0.0169118 -43439.7 6.04153 
36720 0.037466 -0.0176763 -43452.6 6.17892 
37536 0.0377684 -0.0142551 -42901.9 6.31668 
38352 0.0257276 0.0118843 -42847 6.45391 
39168 0.018106 0.00478921 -43028.5 6.59121 
39984 0.0376391 -0.0201611 -42397.1 6.72842 
40800 0.0330775 0.0137063 -42972.3 6.8658 
41616 0.0313163 -0.0104003 -43620.6 7.00307 
42432 0.0607539 0.0190159 -43853.8 7.14031 
43248 0.0666044 0.0364237 -42932.8 7.27761 
44064 0.040245 0.0214285 -43000.6 7.41476 
44880 0.047725 0.00287191 -43850.3 7.55188 
45696 0.0572545 -0.00451689 -44262.3 7.68912 
46512 0.0370586 -0.0274177 -44167.3 7.82649 
47328 0.0581827 0.0453092 -44621 7.96385 
48144 0.0345278 -0.020522 -44053 8.10127 
48960 0.0445495 -0.0146459 -43581.6 8.23841 
49776 0.0274031 -0.0138622 -43285.4 8.37455 
50592 0.0117595 0.00114995 -43246.5 8.5119 
51408 0.0377079 0.0269701 -43125.1 8.64877 
52224 0.0171896 0.00679059 -44325.2 8.78497 
53040 0.0284191 -0.0280222 -43696.3 8.92217 
53856 0.0151378 0.00282693 -43189.3 9.05965 
54672 0.0181077 0.00380771 -42852.8 9.19793 
55488 0.0392845 -0.0107111 -42817.9 9.33512 
56304 0.0295168 0.00364811 -42628.6 9.4723 
57120 0.0763245 -0.0456631 -42920.5 9.60933 
57936 0.0825619 -0.0460251 -42979.1 9.7468 
58752 0.039735 -0.0244272 -42767.2 9.88417 
59568 0.0378326 -0.0266448 -42614.1 10.0215 
60384 0.0144873 0.0012045 -42045.5 10.1588 
61200 0.0336132 0.0335158 -42988.7 10.2963 
62016 0.00712637 -0.00505441 -43577.6 10.4321 
62832 0.00836 0.00187936 -43991.2 10.5691 
63648 0.0290705 -0.00435069 -44089.2 10.7064 
64464 0.0485135 0.0232487 -44622.5 10.8438 
65280 0.0555801 0.0478393 -44328.9 10.9806 
66096 0.0519367 0.027787 -44169 11.1179 
66912 0.0476712 0.00702375 -43688.1 11.2551 
67728 0.0354382 0.0164281 -43688.6 11.3923 
68544 0.0297759 0.0149331 -43701.3 11.5294 
69360 0.0233252 -0.00132596 -44462 11.6667 
70176 0.0263457 0.0165792 -42908 11.8039 
70992 0.0284754 0.0198559 -43252.5 11.941 
71808 0.0562184 0.0388782 -44212.6 12.0781 
72624 0.0260487 0.0154375 -44233.8 12.2154 
73440 0.0953015 0.0914885 -44029.4 12.3529 
74256 0.0517096 0.0373445 -43630.6 12.4902 
75072 0.0559471 0.0287006 -43849.4 12.6276 
75888 0.0473626 0.0111443 -44029.7 12.7648 
76704 0.0389532 0.0362243 -43901.6 12.9018 
77520 0.0397944 -0.0241609 -43062.1 13.0391 
78336 0.0393076 -0.015479 -43397 13.1762 
79152 0.0502318 0.0426233 -43385.5 13.3135 
79968 0.036389 0.0349354 -42930.7 13.4507 
80784 0.0231933 0.0208275 -43394.5 13.5878 
81600 0.0387287 0.0128506 -44112.5 13.7252 
82416 0.0572358 0.0230744 -44527.9 13.8623 
83232 0.0552551 0.0108335 -43154.4 13.9995 
84048 0.0368166 -0.0227803 -43002.4 14.1367 
84864 0.0366138 -0.0228105 -43693.9 14.2739 
85680 0.0395473 -0.0195049 -43049.6 14.4113 
86496 0.0450789 -0.0425635 -43219.3 14.5486 
87312 0.0717829 -0.0608198 -43786.5 14.6858 
88128 0.0535462 -0.0273472 -44076.7 14.8231 
88944 0.0438059 0.0320314 -44148.6 14.9603 
89760 0.0743643 0.0487631 -44132.1 15.0979 
90576 0.0566364 0.0239098 -44904 15.2354 
91392 0.0484325 0.00666034 -43292.7 15.3727 
92208 0.0118842 0.0017819 -44006.8 15.5101 
93024 0.0400639 -0.0119379 -42496 15.6475 
93840 0.058845 0.0240921 -43226.3 15.785 
94656 0.0339272 -0.00852872 -42913.3 15.9227 
95472 0.0465318 -0.0201759 -42119.2 16.0599 
96288 0.0176678 0.00242076 -41646.2 16.1973 
97104 0.019774 -0.0166566 -41985.3 16.3345 
97920 0.0454564 0.0120235 -41810.4 16.4717 
98736 0.0177466 -0.0165273 -41844.7 16.6091 
99552 0.0304258 -0.00345325 -41964.3 16.7448 
100368 0.035673 -0.0286842 -42572.1 16.8816 
101184 0.055529 -0.0307383 -42835.3 17.0188 
102000 0.046904 -0.0246426 -43807.6 17.1559 
102816 0.0300109 -0.00351663 -43286.7 17.293 
103632 0.0236713 -0.0210732 -43406 17.4302 
104448 0.0387748 0.0232378 -43163 17.5673 
105264 0.0600834 0.0264677 -43652.3 17.7047 
106080 0.0590668 0.0161259 -43344.1 17.8406 
106896 0.0651364 0.0222282 -43447.8 17.9778 
107712 0.0353542 0.00724043 -42883.8 18.1149 
108528 0.0918184 0.00832468 -43997.1 18.2509 
109344 0.0644815 0.0238201 -43484.9 18.3881 
110160 0.0606483 -0.0114317 -43188.8 18.5255 
110976 0.0735016 -0.00982525 -42924.7 18.6628 
111792 0.0460281 0.0121522 -42741.7 18.8003 
112608 0.0428325 -0.0132244 -43043.3 18.9379 
113424 0.0275453 -0.00646563 -42224.4 19.0752 
114240 0.0378279 -0.0175076 -42281.1 19.2125 
115056 0.0428541 -4.83637e-05 -43010.4 19.3498 
115872 0.0233316 0.00496795 -43205.1 19.4873 
116688 0.028433 -0.00605408 -43275.2 19.6244 
117504 0.0613025 0.0240117 -43404.5 19.7619 
118320 0.0225077 -0.00435179 -42796.7 19.8993 
119136 0.035297 -0.00372963 -43050.3 20.0366 
119952 0.020845 0.0186611 -43538.3 20.1739 
120768 0.034709 -0.0168091 -43339.5 20.3113 
121584 0.0560678 -0.00566339 -42169.9 20.4477 
122400 0.0526338 0.00109987 -42590.7 20.5848 
123216 0.0786184 -0.0315364 -42943.8 20.7221 
124032 0.0742419 -0.0231507 -42926.7 20.8594 
124848 0.0451028 -0.00565817 -43651.8 20.996 
125664 0.0909801 0.0315308 -44448.3 21.1334 
126480 0.0678201 0.0326623 -44169.2 21.2706 
127296 0.0338794 0.014728 -43931.8 21.4079 
128112 0.0150145 -0.00110638 -44527.2 21.5454 
128928 0.0477852 -0.0128096 -43093.6 21.6827 
129744 0.0299112 0.00938946 -42781.9 21.8199 
130560 0.0638869 0.0182802 -42460.5 21.9574 
131376 0.0686221 0.0327332 -43519.7 22.0945 
132192 0.0626674 0.0487306 -43523.7 22.2317 
133008 0.0523168 0.0263225 -44462.8 22.3691 
133824 0.0613383 0.0354266 -44238.2 22.5063 
134640 0.0541813 0.0185252 -43237.6 22.6441 
135456 0.0423553 0.0101365 -44555.1 22.7814 
136272 0.069664 0.0473515 -44807.6 22.919 
137088 0.0752675 0.0531453 -44212.3 23.0562 
137904 0.0648542 0.0626771 -44585.5 23.1936 
138720 0.0638081 0.0580017 -44006.1 23.3308 
139536 0.021302 0.00869724 -43792 23.4683 
140352 0.0514088 0.0396846 -43924.5 23.6054 
141168 0.0518007 0.0506997 -43770.4 23.7429 
141984 0.0465897 0.0396399 -43899.1 23.88 
142800 0.0340474 0.0151912 -44193.5 24.0174 
143616 0.038163 0.0229035 -42938.9 24.1548 
144432 0.0425922 0.0127231 -43533.5 24.292 
145248 0.0429946 -0.00125139 -43601.8 24.4292 
146064 0.0249195 0.00549966 -44652.3 24.5666 
146880 0.0429671 -0.0394381 -43972.7 24.7041 
147696 0.0265859 -0.0103744 -43063.1 24.8414 
148512 0.0341176 -0.0207583 -43378.9 24.9779 
149328 0.0252392 0.00338954 -43103 25.1152 
150144 0.0324374 -6.94091e-05 -43226.3 25.2522 
150960 0.032645 0.00148052 -43520.8 25.3894 
151776 0.0318821 -0.0044015 -42661.2 25.5266 
152592 0.0423073 -0.0195909 -42627 25.6639 
153408 0.0543046 -0.0514382 -42661.5 25.8013 
154224 0.0525757 -0.0514674 -42421.2 25.9387 
155040 0.0212175 -0.0119063 -42709.4 26.076 
155856 0.0301142 0.00250329 -43064.2 26.2113 
156672 0.0298853 0.0071067 -42658.4 26.3486 
157488 0.0279241 -0.0087123 -43015.9 26.486 
158304 0.035829 0.0113513 -42886.7 26.6233 
159120 0.0348571 0.02185 -43525 26.7605 
159936 0.00975532 0.00379999 -43502.2 26.8977 
160752 0.0295709 -0.008706 -44193.1 27.0352 
161568 0.0146815 -0.00590345 -44167.7 27.1725 
162384 0.0310102 -0.0244526 -43503.4 27.3098 
163200 0.0364206 -0.0305492 -43939.7 27.4472 
164016 0.0253684 -0.00706304 -43401 27.5843 
164832 0.0403996 -0.00169128 -43996.4 27.7215 
165648 0.0663655 0.017828 -43367.4 27.8589 
166464 0.0534877 -0.0146727 -43016 27.9962 
167280 0.0418574 -0.0296054 -43074.7 28.1337 
168096 0.0710691 -0.00728221 -42976.8 28.2711 
168912 0.0314191 -0.00395155 -42353.9 28.4084 
169728 0.0458714 0.0205995 -41975 28.5457 
170544 0.0556235 0.0282445 -41193 28.6832 
171360 0.0683517 -0.0163034 -41305.6 28.8206 
172176 0.0540468 -0.0369856 -41149.4 28.9572 
172992 0.0410083 -0.0292418 -40867.4 29.0944 
173808 0.0416723 -0.00736099 -42176.6 29.2316 
174624 0.0420929 -0.00932684 -41775 29.3691 
175440 0.0368808 0.0301371 -42284.8 29.5067 
176256 0.0198883 0.0165163 -41802.1 29.644 
177072 0.0227841 0.0129157 -41812.7 29.7812 
177888 0.0332627 0.0269475 -41526.4 29.9183 
178704 0.0252231 0.0178775 -41798.3 30.0553 
179520 0.0358031 0.0244682 -42189.5 30.1929 
180336 0.0377497 0.0356737 -42897.5 30.33 
181152 0.0284331 0.0208559 -42584.5 30.4676 
181968 0.0382639 0.0342722 -43235.7 30.6049 
182784 0.0347996 0.0284519 -42618.2 30.7424 
183600 0.0181709 -0.00215918 -42868.1 30.8797 
184416 0.0278869 0.0229963 -42247.1 31.017 
185232 0.0825498 0.0269952 -42581.6 31.1541 
186048 0.100831 0.031531 -42622.1 31.2913 
186864 0.0458784 -0.0403156 -42125.8 31.4286 
187680 0.0344788 -0.0288995 -42030.1 31.5659 
188496 0.0579895 -0.0531256 -42678.7 31.7034 
189312 0.0644924 -0.0616965 -41226.3 31.8407 
190128 0.0665981 -0.0635451 -41145.2 31.9779 
190944 0.0603151 -0.0499757 -41918.4 32.1152 
191760 0.07579 -0.06889 -42072.5 32.2524 
192576 0.067081 -0.0528579 -42507.3 32.3896 
193392 0.0978955 -0.0852108 -43366.3 32.5268 
194208 0.0391794 -0.0316786 -43215.6 32.6643 
195024 0.0291222 0.0150343 -42746.5 32.8016 
195840 0.031308 0.0223177 -41986.9 32.9389 
196656 0.0330521 0.0150859 -42042.6 33.0759 
197472 0.0364286 0.00645335 -43092.1 33.2129 
198288 0.0478843 -0.0183693 -42719.7 33.3502 
199104 0.0512984 -0.0193509 -43280.3 33.4877 
199920 0.024141 0.00318331 -42795.5 33.6251 
200736 0.0326174 0.011386 -43060.9 33.7623 
201552 0.0353123 0.0151221 -43361 33.8995 
202368 0.0242581 -0.00746854 -43023.1 34.0351 
203184 0.0215257 0.01763 -43372 34.1723 
204000 0.0190965 -0.011989 -44495 34.3089 
204816 0.0568551 -0.0166771 -43956.8 34.4463 
205632 0.053403 -0.0214916 -44009.5 34.5839 
206448 0.052089 0.0436739 -43657.7 34.7212 
207264 0.0536844 0.0482841 -44435.4 34.8585 
208080 0.0280656 0.0132692 -45453.6 34.9959 
208896 0.0367413 0.00915361 -44431.3 35.1334 
209712 0.0497325 -0.0134646 -43976 35.2708 
210528 0.032153 -0.00303483 -42960.1 35.408 
211344 0.0386155 0.0326304 -42659.6 35.5454 
212160 0.031806 0.0249718 -42184.3 35.6829 
212976 0.050843 0.0449826 -42477.8 35.8203 
213792 0.0488999 0.0390718 -43559.4 35.9577 
214608 0.0263167 0.0212845 -44017.2 36.0951 
215424 0.0194376 0.000195973 -44294.3 36.2322 
216240 0.0847654 -0.0412673 -43230.5 36.369 
217056 0.0851889 -0.0194739 -43143 36.5064 
217872 0.0488733 0.00340171 -41943.3 36.6439 
218688 0.0708034 0.0228074 -41863.6 36.7814 
219504 0.0424938 0.00747063 -43175 36.9189 
220320 0.056963 0.0357527 -43010.1 37.0561 
221136 0.03855 0.0241254 -43182.8 37.1935 
221952 0.0136946 0.008859 -43108.8 37.3308 
222768 0.0172066 -0.00757389 -42187.5 37.4683 
223584 0.0232955 -0.0126329 -42501.2 37.6054 
224400 0.0433251 -0.0320265 -42807.9 37.7431 
225216 0.0455269 -0.0104948 -42857.9 37.8806 
226032 0.0274302 0.00604456 -42418.7 38.0181 
226848 0.0224579 0.00786669 -42351.7 38.1554 
227664 0.0163758 -0.0122908 -43023.8 38.2926 
228480 0.0122918 -0.000915808 -43122.4 38.4299 
229296 0.0305849 -0.02849 -42682.8 38.567 
230112 0.0451208 -0.0367396 -43732.9 38.7044 
230928 0.0365009 -0.0249996 -42335.4 38.8416 
231744 0.0667702 -0.0565842 -42517.3 38.9788 
232560 0.044393 -0.0379813 -43198.4 39.1157 
233376 0.0581501 -0.0200939 -42872.5 39.2533 
234192 0.0152628 -0.00686558 -42948.3 39.3908 
235008 0.0447032 -0.00176215 -42150.9 39.528 
235824 0.0202405 0.00760237 -41775 39.6655 
236640 0.0354804 0.0227267 -41941 39.8025 
237456 0.0464246 -0.037985 -42222.7 39.9397 
238272 0.0145288 -0.00458518 -42974.4 40.0772 
239088 0.0114033 -0.00808181 -43544.3 40.2146 
239904 0.0389444 0.0342569 -43354.7 40.352 
240720 0.0383262 -0.0155607 -43977.1 40.4894 
241536 0.0374709 -0.0262031 -44003.8 40.6261 
242352 0.00986436 0.00300174 -43093.6 40.7634 
243168 0.0332099 -0.0247234 -43104.2 40.9008 
243984 0.0302111 -0.000672424 -43868.6 41.0382 
244800 0.0290589 0.0196425 -43897.7 41.1756 
245616 0.0295068 -0.0189785 -43179.6 41.3129 
246432 0.0411919 0.00567787 -44218.3 41.4504 
247248 0.0183917 -0.0119989 -43236.6 41.5879 
248064 0.0294472 0.0193712 -42820.7 41.7256 
248880 0.0362568 0.0258617 -42728 41.863 
249696 0.0479847 0.0063205 -42076.9 42.0003 
250512 0.0435034 0.00887929 -42252.1 42.1376 
251328 0.0328488 -0.0110893 -41478.6 42.2749 
252144 0.0383239 0.0139785 -41789.7 42.4121 
252960 0.0418237 0.0308901 -42992.4 42.5497 
253776 0.0573565 -0.0216467 -43400.7 42.687 
254592 0.0557227 -0.0334549 -43756.4 42.8246 
255408 0.0469852 -0.0425377 -43095.3 42.9618 
256224 0.0310808 0.00246942 -42740.4 43.0992 
257040 0.0392141 0.00262885 -42973.7 43.2364 
257856 0.0395575 -0.0232781 -42093.7 43.3739 
258672 0.0457335 -0.038978 -41087.8 43.5112 
259488 0.0566685 -0.0267046 -41796.6 43.6488 
260304 0.0690738 0.0118924 -41164.9 43.7863 
261120 0.0385162 -0.0267054 -41179.1 43.9237 
261936 0.029046 -0.00753633 -41111.3 44.061 
262752 0.0151152 0.0108146 -41130.4 44.1984 
263568 0.0402665 -0.00881515 -41449.4 44.3357 
264384 0.089955 -0.0673556 -41954.4 44.4735 
265200 0.0777349 -0.0480942 -41711.1 44.6109 
266016 0.0386645 -0.0366791 -41181.6 44.7486 
266832 0.0615028 -0.059975 -42067.3 44.8862 
267648 0.067149 -0.0589991 -42751.2 45.0235 
268464 0.0375129 -0.0318079 -42327.2 45.1609 
269280 0.0146951 -0.00166736 -42465.5 45.2983 
270096 0.0143527 -0.00945914 -42295.5 45.4356 
270912 0.0455011 -0.0415734 -42363.7 45.573 
271728 0.0308222 -0.028133 -42537.7 45.7104 
272544 0.046662 -0.0424085 -43016.4 45.8479 
273360 0.0307056 -0.0279427 -42992.7 45.9854 
274176 0.0253417 -0.0169946 -42747.5 46.123 
274992 0.0309337 0.00409012 -43663.8 46.2606 
275808 0.0649656 0.0573732 -43193.2 46.3982 
276624 0.0416511 -0.0119669 -42391.6 46.5356 
277440 0.0390283 -0.00508655 -41883.7 46.6731 
278256 0.0404145 0.00927943 -43105.5 46.8104 
279072 0.0693869 -0.0112125 -41973.2 46.9479 
279888 0.0462072 -0.0340106 -42499.6 47.0853 
280704 0.0770193 -0.048267 -42458.4 47.2227 
281520 0.0915905 -0.0666153 -42125.7 47.36 
282336 0.0788435 -0.0727063 -43084 47.4975 
283152 0.0387346 -0.0180738 -43173 47.6351 
283968 0.0512617 -0.0468868 -43469.2 47.7723 
284784 0.0492076 -0.0390515 -43265.1 47.9099 
285600 0.061913 -0.0501053 -43139.8 48.0472 
286416 0.0540351 -0.0517223 -43352.1 48.1845 
287232 0.0624963 -0.0273237 -43694.3 48.3218 
288048 0.104518 -0.0533766 -44575.4 48.459 
288864 0.0922864 -0.0282583 -43609.1 48.5962 
289680 0.0652691 -0.0302857 -43759.8 48.7334 
290496 0.0890268 -0.0183807 -44465.6 48.8707 
291312 0.0719434 0.00379593 -44059.2 49.008 
292128 0.0939081 -0.0498309 -44050 49.1452 
292944 0.0526833 -0.032187 -44509.4 49.2825 
293760 0.0384431 -0.00422699 -44165.6 49.4197 
294576 0.0336833 -0.0101224 -43848.8 49.5569 
295392 0.0184688 -0.0183806 -43836.5 49.6942 
296208 0.0378349 -0.032671 -43574.8 49.8314 
297024 0.0248014 -0.0112607 -42899.1 49.969 
297840 0.0307651 -0.0303866 -43769 50.1065 
298656 0.0157354 -0.00735531 -43550.9 50.2439 
299472 0.0442282 -0.0243165 -43414.9 50.3814 
300288 0.0793142 -0.062215 -44282.8 50.5186 
301104 0.0544159 -0.036431 -43392.3 50.6561 
301920 0.0422473 -0.0255957 -43124.2 50.7932 
302736 0.0335164 0.00753154 -42935 50.9307 
303552 0.0641831 -0.0295468 -42365.9 51.0681 
304368 0.0459103 -0.0360431 -41581.5 51.2053 
305184 0.0255493 -0.0156825 -42145.7 51.3427 
306000 0.0495503 -0.0406565 -42781.7 51.4802 
306816 0.0559998 -0.0435558 -43029.2 51.6176 
307632 0.0819874 -0.0579308 -43190.8 51.7553 
308448 0.0886226 -0.0689118 -42634.3 51.8927 
309264 0.0813383 -0.0504803 -42456.4 52.0302 
310080 0.0926758 -0.0906554 -43019.1 52.1676 
310896 0.0492844 -0.0467344 -43344.1 52.3052 
311712 0.0227511 -0.0180483 -43179.4 52.4426 
312528 0.0519243 -0.0432076 -43289.5 52.5799 
313344 0.0727125 -0.0628862 -42770.3 52.7142 
314160 0.0458441 -0.041986 -42328.5 52.8518 
314976 0.0451459 -0.0440923 -41810.1 52.9891 
315792 0.0356019 0.000596083 -42109.3 53.1264 
316608 0.0384818 -0.0202387 -41302.6 53.2641 
317424 0.025463 -0.00605304 -42195.8 53.4013 
318240 0.0144811 -0.0119774 -43080.1 53.5387 
319056 0.026959 -0.0154633 -42562.4 53.6761 
319872 0.0194193 -0.00522183 -41473.6 53.8137 
320688 0.0241839 -0.00385589 -42568.3 53.951 
321504 0.0574988 -0.0402039 -43577.2 54.0883 
322320 0.0457686 -0.0342348 -43052.9 54.2258 
323136 0.0515925 -0.0275592 -42973.3 54.3633 
323952 0.0606992 -0.0196336 -42244.3 54.5005 
324768 0.0745388 -0.0474032 -42229.4 54.6381 
325584 0.0736367 -0.0588731 -41951.2 54.7754 
326400 0.0613554 -0.0538516 -42229.9 54.9126 
327216 0.0560915 -0.0418613 -43508.1 55.05 
328032 0.0431405 0.00313547 -43625.1 55.1874 
328848 0.0455977 -0.0353108 -43443.3 55.3246 
329664 0.0201153 -0.00397161 -43789.1 55.4617 
330480 0.0483101 -0.0480848 -43005.9 55.599 
331296 0.0592846 -0.0551906 -43118.5 55.7362 
332112 0.0392005 -0.0274961 -43021.6 55.8738 
332928 0.0464254 -0.0310418 -43333.2 56.0109 
333744 0.0325003 -0.0263088 -43523.3 56.1497 
334560 0.0168258 -0.0112064 -43197.6 56.2871 
335376 0.0251089 -0.00749289 -43326 56.4242 
336192 0.0376548 0.029538 -42969 56.5615 
337008 0.0529185 0.022146 -43355.7 56.699 
337824 0.0418777 -0.0158337 -43385.2 56.8363 
338640 0.0440447 0.0261192 -44327.1 56.9736 
339456 0.0306912 0.0234969 -44496.1 57.1111 
340272 0.0232519 -2.10535e-05 -45013.3 57.2486 
341088 0.0378978 0.0270765 -45898.3 57.3862 
341904 0.0605986 0.0407382 -45324.2 57.5237 
342720 0.0276186 0.0246327 -43640.2 57.6611 
343536 0.0117887 -0.00716794 -42797.3 57.7986 
344352 0.0248194 0.0236848 -42972.8 57.9359 
345168 0.0150292 0.0105527 -43564.8 58.0729 
345984 0.0328568 0.028665 -42874.5 58.2103 
346800 0.0606463 0.0487862 -43054.7 58.3462 
347616 0.0420398 0.0355014 -42918.7 58.4834 
348432 0.060114 0.0497817 -43617.3 58.6209 
349248 0.0497601 0.0393377 -43510.5 58.7582 
350064 0.030463 -0.000813223 -43179.6 58.8955 
350880 0.0549094 0.0371229 -42680.5 59.0327 
351696 0.0422993 -0.0085113 -42515.8 59.1697 
352512 0.0716412 0.0341033 -41986.9 59.3071 
353328 0.065661 -0.0127358 -43103.9 59.4423 
354144 0.0504465 -0.0181711 -42732.5 59.5795 
354960 0.0407237 0.0196805 -42565.4 59.717 
355776 0.0323458 0.00322118 -42310.5 59.8543 
356592 0.0435029 0.0095566 -42855.8 59.9918 
357408 0.0264827 0.00292391 -41998.9 60.1293 
358224 0.0468912 0.0310659 -42466.4 60.2665 
359040 0.0640648 0.0480459 -42516.1 60.4039 
359856 0.0462958 -0.0110027 -43043.8 60.5412 
360672 0.0644046 -0.0492285 -43185.4 60.6786 
361488 0.0442335 -0.013971 -42857.7 60.8159 
362304 0.0185834 0.00785709 -41879.3 60.9533 
363120 0.0618327 0.0356431 -42901.3 61.0906 
363936 0.0684348 -0.000123615 -42825 61.2279 
364752 0.0809456 0.024678 -42988.7 61.365 
365568 0.067014 -0.00941587 -44230 61.5024 
366384 0.0572507 -0.0190658 -44375.2 61.6369 
367200 0.0406795 -0.0102171 -44392.4 61.7742 
368016 0.0475265 -0.0302553 -44213.8 61.9114 
368832 0.0193521 -0.00144056 -44238 62.0489 
369648 0.0374557 -0.0235306 -44341.2 62.1861 
370464 0.0164487 -0.00682137 -44423 62.3234 
371280 0.0143362 -0.00705477 -44567.1 62.4607 
372096 0.0421505 -0.0193228 -44534.1 62.598 
372912 0.075645 0.0446363 -43993.1 62.7353 
373728 0.0351273 0.0142059 -43218 62.8727 
374544 0.0502698 -0.0172922 -42641.3 63.0098 
375360 0.0391173 0.0273594 -42263 63.1471 
376176 0.0483198 0.0167766 -42524.1 63.2844 
376992 0.0850036 0.0261627 -42859.1 63.4216 
377808 0.0749007 0.0184472 -42384.1 63.5588 
378624 0.0659411 0.0181845 -42359.6 63.6959 
379440 0.0478777 0.0320546 -41742.2 63.8333 
380256 0.0498435 0.040153 -40891.6 63.9706 
381072 0.0477537 0.0445277 -41052.4 64.1078 
381888 0.0392976 0.0187333 -41481.6 64.2452 
382704 0.0295842 0.0289661 -41851.4 64.3828 
383520 0.0309479 -0.0130592 -40760 64.5204 
384336 0.0493329 -0.0249751 -41352 64.6577 
385152 0.0450095 -0.0279278 -42032.8 64.7953 
385968 0.057159 -0.0455076 -41353.6 64.9323 
386784 0.056932 -0.0313425 -41318.2 65.0698 
387600 0.0261846 -0.00337731 -41624.7 65.207 
388416 0.0744907 0.0308589 -42206.2 65.3444 
389232 0.0424355 0.0176893 -42111.8 65.4816 
390048 0.0549054 0.0285557 -42532.7 65.6192 
390864 0.0631636 0.0327209 -42589.4 65.7564 
391680 0.0494378 0.0215936 -43022.1 65.8939 
392496 0.0744571 0.0340817 -43284 66.0315 
393312 0.0185331 0.00604586 -42203.8 66.1686 
394128 0.0301493 0.0222311 -41713.1 66.3059 
394944 0.041748 0.0077769 -41950.5 66.4435 
395760 0.0546115 -0.0241635 -41476.2 66.5808 
396576 0.0280247 0.00681274 -41398.5 66.7181 
397392 0.0172664 -0.0129288 -42169.3 66.8553 
398208 0.0330213 -0.00252758 -41994 66.9926 
399024 0.0245419 -0.0080657 -41859.6 67.1301 
399840 0.0294625 0.0165097 -40877.3 67.2676 
400656 0.0299826 -0.028374 -41871.6 67.4053 
401472 0.0287437 -0.00747948 -41769.8 67.5431 
402288 0.0371902 0.0297133 -42421.5 67.6805 
403104 0.0574713 0.0507618 -42412.5 67.8179 
403920 0.06631 0.0427936 -42182.4 67.9551 
404736 0.0637665 0.023842 -41511.1 68.0924 
405552 0.0437942 0.0154221 -41785.8 68.2297 
406368 0.0556207 0.0107608 -40916.3 68.3672 
407184 0.0619844 0.0218695 -42157.2 68.5047 
408000 0.0348665 0.00882815 -41460.1 68.6422 
408816 0.0182802 0.000804598 -41678.3 68.7797 
409632 0.0281894 -0.00182297 -41515 68.9171 
410448 0.0433502 -0.0188487 -41496.3 69.0546 
411264 0.0351263 -0.0206374 -41665.1 69.1923 
412080 0.0283344 0.0246252 -41951 69.3295 
412896 0.0165744 -0.00941991 -41349 69.4669 
413712 0.024343 -0.0150777 -41687.8 69.6043 
414528 0.036587 -0.0220248 -42095.9 69.7416 
415344 0.0355421 -0.0134054 -41161.1 69.8792 
416160 0.0360883 -0.0231754 -41433.9 70.0166 
416976 0.028453 -0.00556644 -42792.8 70.154 
417792 0.0304514 -0.00159103 -42425.2 70.2915 
418608 0.0267099 -0.0259252 -42973.6 70.4292 
419424 0.0592715 -0.00868699 -42655 70.5666 
420240 0.0620742 -0.00732526 -42413.5 70.7037 
421056 0.0528284 -0.0110865 -42340.4 70.8412 
421872 0.0508565 0.0250761 -42894.7 70.9788 
422688 0.0409808 0.0143205 -42294.6 71.1162 
423504 0.033034 -0.00796111 -42935.5 71.2535 
424320 0.0246924 0.00197723 -42744.2 71.3909 
425136 0.0172253 0.0137704 -42840.7 71.5283 
425952 0.0432248 -0.0202111 -43503.2 71.6657 
426768 0.0427518 -0.0316398 -43247.3 71.803 
427584 0.0540022 0.0122608 -42996.8 71.9405 
428400 0.0631716 0.0401622 -42385.6 72.0779 
429216 0.0289377 0.0137857 -42618.7 72.2155 
430032 0.039451 0.0323043 -42006.9 72.353 
430848 0.0724223 0.0267072 -42891.4 72.4906 
431664 0.0656156 0.0473358 -42691.4 72.6279 
432480 0.0751194 0.0541273 -42731.3 72.7652 
433296 0.060249 0.0301719 -41759.4 72.9028 
434112 0.0244002 0.00735483 -41170.5 73.0401 
434928 0.0219436 0.0179079 -41546.6 73.1771 
435744 0.0298779 -0.0110279 -42312.1 73.3147 
436560 0.0247399 -0.0127143 -42005.3 73.4522 
437376 0.0140809 0.000545135 -41853.3 73.5894 
438192 0.0344891 0.0142566 -42382 73.7268 
439008 0.0418384 0.0198031 -41602.8 73.8642 
439824 0.0672518 0.056783 -42365.3 74.0019 
440640 0.0734936 0.0376599 -42667.7 74.1392 
441456 0.0471565 0.0412315 -43531 74.2767 
442272 0.0532877 0.0398177 -44349.6 74.4142 
443088 0.0793283 0.0511423 -43703.2 74.5516 
443904 0.0843116 0.0742276 -43974.5 74.689 
444720 0.105944 0.0874774 -43498 74.8263 
445536 0.112777 0.0686559 -43154.6 74.9638 
446352 0.0812004 0.0578775 -43477.7 75.1012 
447168 0.0663617 0.0434193 -42553.6 75.2386 
447984 0.0728157 0.0542129 -42235.7 75.376 
448800 0.0843514 0.0698817 -42270.6 75.5138 
449616 0.0505649 0.0202027 -42833.2 75.6511 
450432 0.0377491 0.0199745 -42637 75.7885 
451248 0.0197083 0.0035334 -42321.3 75.9259 
452064 0.0570516 0.0414207 -42322.2 76.0633 
452880 0.0546645 0.0534285 -42650.8 76.2008 
453696 0.0487061 0.0473469 -41937 76.3382 
454512 0.0365757 0.0353108 -42228.8 76.4758 
455328 0.0218131 0.0163333 -42719.9 76.6131 
456144 0.0318429 0.0132618 -42836.8 76.7503 
456960 0.041511 0.0197818 -42865 76.8878 
457776 0.0504989 0.0373537 -42697.4 77.0252 
458592 0.0651919 0.0554853 -42125 77.1625 
459408 0.0898958 0.0831384 -42539.7 77.2999 
460224 0.0372148 0.0254695 -42203 77.4373 
461040 0.0460467 0.0419763 -42785.3 77.575 
461856 0.0328186 0.0216734 -42338.1 77.7124 
462672 0.0317582 -0.0211282 -42304.5 77.8499 
463488 0.034627 0.0140662 -42898.9 77.9871 
464304 0.0333052 0.0301334 -42746 78.1247 
465120 0.0305425 0.02296 -43357.6 78.2621 
465936 0.00265928 0.00025646 -42815.9 78.3997 
466752 0.0134405 -0.00411595 -43417.8 78.537 
467568 0.0297815 0.00224822 -42426.3 78.6744 
468384 0.0149046 0.00339143 -41483.6 78.8117 
469200 0.0442727 -0.0301845 -42077.2 78.9491 
470016 0.0364256 -0.0180132 -42098.7 79.0864 
470832 0.0178164 -0.0021473 -41324.7 79.2237 
471648 0.0179971 0.0049535 -41257.9 79.3612 
472464 0.02088 -0.0113824 -42122.4 79.4991 
473280 0.0490989 0.0399188 -42460.2 79.6365 
474096 0.0729758 0.070199 -42314.8 79.7739 
474912 0.0361293 0.0140194 -41576.6 79.9112 
475728 0.0264962 -0.0135698 -42276.4 80.0484 
476544 0.0288679 -0.00289939 -42872.9 80.1858 
477360 0.0470921 0.0362697 -42566.7 80.323 
478176 0.0539598 0.0499371 -42762.6 80.4605 
478992 0.0309983 -0.021138 -42907.5 80.5977 
479808 0.0366028 0.00188168 -42878.9 80.7349 
480624 0.0543377 -0.00283869 -42501.7 80.8727 
481440 0.0350023 0.0106692 -42498.2 81.0099 
482256 0.046057 0.00227861 -42652.5 81.147 
483072 0.0150879 0.00302302 -42627.2 81.2847 
483888 0.0257589 -0.0242592 -42688.9 81.422 
484704 0.0253069 -0.0199907 -42821.7 81.5592 
485520 0.00487681 -0.00469668 -43252.5 81.6967 
486336 0.0202334 -0.00918 -42913.4 81.8339 
487152 0.0508189 -0.0201783 -43475.5 81.971 
487968 0.0385789 -0.00447819 -43528.9 82.1082 
488784 0.0278304 0.00734427 -43787 82.2459 
489600 0.0259768 -0.00896355 -43148.3 82.3834 
490416 0.0294843 -0.0154091 -43394 82.5208 
491232 0.0210227 -0.0135537 -43740.6 82.6582 
492048 0.0253755 -0.0035199 -43189.3 82.7956 
492864 0.0126979 -0.0125926 -44152.3 82.933 
493680 0.0378954 0.0185227 -43845 83.0702 
494496 0.0252783 -0.0130726 -43632.9 83.2076 
495312 0.0530414 0.0460221 -43139.9 83.3448 
496128 0.0132708 -0.00266409 -42596.1 83.482 
496944 0.0394697 -0.0281609 -42868.4 83.6196 
497760 0.0363859 0.0101332 -42387.9 83.757 
498576 0.0324204 -0.0141335 -42307.5 83.8944 
499392 0.0144446 -0.00724973 -42757.4 84.0318 
500208 0.027048 0.0227283 -43069.2 84.1689 
501024 0.0601068 -0.0228643 -43779.9 84.3063 
501840 0.0772492 -0.0136143 -43238.8 84.4436 
502656 0.065565 -0.0186582 -42836.3 84.581 
503472 0.0614 -0.0236144 -43920.2 84.7186 
504288 0.0548485 -0.032631 -43889.5 84.8558 
505104 0.0591623 -0.0288852 -43939.8 84.993 
505920 0.0493679 -0.0285182 -44487.7 85.1303 
506736 0.018892 -0.00903704 -43381 85.2677 
507552 0.021824 0.0189136 -43274 85.4051 
508368 0.0299307 -0.00735824 -43406 85.5423 
509184 0.0487875 0.00210727 -43728 85.68 
510000 0.0498776 -0.00872832 -43161.4 85.8175 
510816 0.0548044 0.00199191 -44091.8 85.9546 
511632 0.060948 0.0324403 -44922.8 86.0919 
512448 0.0581865 -0.0238872 -45221.5 86.2289 
513264 0.0587477 -0.00986267 -45868.7 86.3665 
514080 0.0479226 0.0103305 -45304.5 86.5044 
514896 0.0309552 0.00756891 -44934.3 86.6418 
515712 0.0267414 0.0202669 -44867 86.7789 
516528 0.0524705 0.00415456 -44592.9 86.9161 
517344 0.069446 0.0107351 -43570.3 87.0534 
518160 0.0736692 0.00889117 -42508.3 87.1909 
518976 0.0652032 0.0467076 -41961.2 87.3283 
519792 0.0348968 0.0338202 -42009.2 87.4654 
520608 0.0536671 0.0493049 -41848.8 87.6028 
521424 0.043955 0.0375342 -41580.6 87.7403 
522240 0.0476298 0.0185551 -41426.5 87.8778 
523056 0.0248981 -0.0104237 -41557.7 88.015 
523872 0.0480974 -0.00976264 -42042.5 88.1521 
524688 0.0443517 0.00179076 -41773.5 88.2892 
525504 0.0581153 0.0415601 -42445 88.4265 
526320 0.0358143 0.0255414 -41954.1 88.5641 
527136 0.0155277 0.00945208 -40984.8 88.7013 
527952 0.0483627 0.0254498 -41440.8 88.8387 
528768 0.0358436 -0.000702043 -41764.6 88.9758 
529584 0.039351 -0.0233591 -41474.3 89.113 
530400 0.0203368 0.0114879 -41321.9 89.2507 
531216 0.0458635 0.0426889 -43131.6 89.3881 
532032 0.0424349 0.0222434 -43098.7 89.5256 
532848 0.0298881 0.00530808 -42844 89.663 
533664 0.0343159 -0.00451782 -42458 89.8003 
534480 0.0234798 0.0196395 -42657.7 89.9377 
535296 0.0173044 0.00333518 -43103 90.0749 
536112 0.0306461 0.00862303 -42702.7 90.2123 
536928 0.0233384 -0.0231733 -43108 90.3496 
537744 0.0255307 -0.0204519 -42087.4 90.487 
538560 0.0134089 0.0043472 -42307.9 90.6243 
539376 0.0435267 -0.0372459 -41841 90.7616 
540192 0.0157078 -0.0130835 -42575.4 90.8992 
541008 0.0548342 -0.0069694 -43014.3 91.0362 
541824 0.0451892 -0.00391695 -42252.4 91.1735 
542640 0.0740823 -0.0387262 -42070.1 91.311 
543456 0.0900856 -0.0523682 -43085.5 91.4483 
544272 0.0456949 -0.0188375 -42364.7 91.5857 
545088 0.0723932 -0.0283538 -42374.5 91.7233 
545904 0.0604036 -0.0162222 -43558.9 91.8607 
546720 0.0943225 -0.0664053 -43913.6 91.9981 
547536 0.0324639 -0.0189321 -43208.3 92.1355 
548352 0.0699157 -0.0531258 -42949 92.2729 
549168 0.0694627 -0.0583572 -44023.4 92.4104 
549984 0.0502211 -0.0268955 -44255.4 92.5481 
550800 0.0308789 0.0167954 -44288.6 92.6857 
551616 0.0123344 -0.000963987 -44432.2 92.8232 
552432 0.0275747 0.0090002 -44183 92.9605 
553248 0.0511924 -0.00600457 -44363.8 93.0979 
554064 0.0632991 0.0350166 -43942.2 93.2357 
554880 0.0684446 0.0590098 -43326 93.3732 
555696 0.0333232 0.0322595 -43128.9 93.5105 
556512 0.0156974 -0.000298619 -42840.9 93.6479 
557328 0.0797166 0.0698719 -43464.5 93.7851 
558144 0.0727233 0.0647153 -43440.1 93.9226 
558960 0.0782208 0.0679608 -43476.1 94.0598 
559776 0.0743927 0.0608864 -43335.6 94.1972 
560592 0.0583001 0.0385964 -43455.9 94.3345 
561408 0.0607911 0.0301056 -43152.3 94.4719 
562224 0.0723995 0.0449979 -42618.5 94.6092 
563040 0.0580582 0.0214357 -41957 94.7465 
563856 0.0558074 0.0495876 -42616.8 94.8839 
564672 0.0550475 0.0503258 -41554.6 95.0214 
565488 0.0559561 0.0525771 -42081.6 95.1588 
566304 0.0306695 0.0203033 -42475.3 95.2962 
567120 0.0126933 -0.000939663 -42906.9 95.4334 
567936 0.0250907 -0.0198473 -43376.9 95.5706 
568752 0.0554911 -0.0471802 -43326 95.7084 
569568 0.0404325 -0.0355346 -42874 95.8461 
570384 0.00898382 -0.00304255 -41328.9 95.9833 
571200 0.0404066 -0.023314 -42439.2 96.1207 
572016 0.0291399 -0.0258783 -43068.8 96.2582 
572832 0.0240238 0.0183827 -43217.1 96.3955 
573648 0.0158132 0.00144195 -43129.5 96.5331 
574464 0.0265899 0.00242969 -43115.5 96.6705 
575280 0.0323283 -0.0187369 -44121.8 96.8078 
576096 0.0459402 -0.0328272 -44311.8 96.945 
576912 0.0614981 0.0314196 -44201.5 97.0826 
577728 0.0319347 0.00730675 -43868.9 97.2201 
578544 0.0348362 -0.00548786 -42411.5 97.3575 
579360 0.0406832 0.0373176 -42074.2 97.495 
580176 0.0604842 0.0502492 -41803 97.6323 
580992 0.0351264 -0.0172351 -42263.8 97.7697 
581808 0.0209861 -0.00259789 -42022 97.9071 
582624 0.0386553 -0.0335172 -42014 98.0443 
583440 0.0534459 0.0229242 -41877.7 98.1816 
584256 0.0374432 0.0372748 -43686 98.3194 
585072 0.0460152 0.0376879 -43939 98.4569 
585888 0.0654436 0.0609953 -43900.5 98.5941 
586704 0.0839601 0.0744239 -44020.9 98.7314 
587520 0.0936184 0.0869984 -43366.4 98.8688 
588336 0.0748205 0.0723928 -43519.7 99.006 
589152 0.0726123 0.0710928 -43269.1 99.1433 
589968 0.0632595 0.055754 -43257.1 99.2809 
590784 0.0276924 0.0111497 -43071.9 99.4184 
591600 0.0204599 -0.0116726 -43244.4 99.5556 
592416 0.0284385 0.00818702 -42608.1 99.693 
593232 0.0260286 -0.0146814 -42836.6 99.8306 
594048 0.0397649 -0.0258293 -42659.6 99.9678 
594864 0.0167885 0.00460004 -42169.2 100.105 
595680 0.0198276 0.0178027 -42488.4 100.243 
596496 0.0542156 0.0524633 -42830.1 100.38 
597312 0.0409725 0.00842188 -42708.7 100.517 
598128 0.0789183 -0.0409233 -43190.9 100.654 
598944 0.0481906 -0.0222162 -44115.5 100.792 
599760 0.0331612 -0.0149916 -43683.7 100.929 
600576 0.0612831 -0.0550208 -43717.4 101.066 
601392 0.0310343 -0.0294386 -43248.7 101.204 
602208 0.0419201 -0.0377375 -42975 101.341 
603024 0.0390116 -0.0294232 -43516 101.479 
603840 0.0305842 -0.015234 -43454.9 101.616 
604656 0.034687 -0.0201238 -43455.2 101.754 
605472 0.0620465 -0.0556268 -43047.8 101.889 
606288 0.0530894 -0.0299057 -43155.4 102.027 
607104 0.0649209 -0.0596349 -42946.5 102.164 
607920 0.0593906 -0.051845 -43638.7 102.301 
608736 0.0468999 -0.0463607 -44577 102.439 
609552 0.044634 -0.0272604 -43829.5 102.576 
610368 0.0507778 0.0324933 -43668.5 102.713 
611184 0.018483 -0.0067778 -44872.5 102.851 
612000 0.058149 0.0357368 -44733.6 102.988 
612816 0.0456595 -0.0104291 -44058.9 103.126 
613632 0.030509 -0.000192472 -43541.7 103.263 
614448 0.0284849 -0.00383907 -43154.4 103.401 
615264 0.028971 0.0215792 -43469.5 103.538 
616080 0.0314215 0.0310739 -43410.7 103.675 
616896 0.0097768 0.00724088 -43196.6 103.813 
617712 0.034978 0.00550158 -43189.7 103.95 
618528 0.027115 0.015607 -43764.8 104.087 
619344 0.0379535 -0.0144303 -43229.2 104.225 
620160 0.0376398 -0.0286031 -43639.8 104.362 
620976 0.0611794 -0.00250601 -43665.1 104.5 
621792 0.0166275 0.016497 -43717.2 104.637 
622608 0.0537173 0.0403976 -43533.5 104.774 
623424 0.0550148 0.0496656 -43594.7 104.912 
624240 0.0626966 0.036456 -43703.7 105.049 
625056 0.0221321 0.00991538 -43387.7 105.186 
625872 0.0295373 0.012652 -43431.8 105.323 
626688 0.0122475 -0.00960512 -44710.3 105.461 
627504 0.0451629 -0.0219109 -44123.1 105.598 
628320 0.0609012 0.0184241 -44213.7 105.735 
629136 0.0543625 -0.0145132 -44022 105.873 
629952 0.0424063 -0.00749044 -44656.6 106.01 
630768 0.0181732 -0.00705278 -44465.5 106.148 
631584 0.023787 -0.0163491 -44737.8 106.285 
632400 0.036516 -0.0127675 -45170.2 106.423 
633216 0.043367 0.00189699 -45394.5 106.56 
634032 0.0783231 0.0387232 -45668.4 106.697 
634848 0.0781855 0.0110351 -45264.7 106.835 
635664 0.0678565 -0.0389759 -44452.2 106.972 
636480 0.0531607 -0.0179223 -45222.3 107.11 
637296 0.0448156 -0.00267369 -45236.3 107.247 
638112 0.0191517 -0.0154451 -44875.1 107.384 
638928 0.0317578 0.00588548 -44649.7 107.522 
639744 0.0279568 -0.0125918 -44530.3 107.659 
640560 0.0388824 0.00551886 -44513.3 107.797 
641376 0.0756021 0.0340874 -45035.6 107.935 
642192 0.0802326 0.0464049 -44800 108.072 
643008 0.0264529 -0.0151298 -42781.2 108.21 
643824 0.0425101 -0.0066115 -43902.8 108.347 
644640 0.0489367 -0.0248744 -42679.2 108.485 
645456 0.0190214 0.00231059 -42280.5 108.622 
646272 0.0576185 -0.0484495 -42120.1 108.76 
647088 0.013416 -0.00128666 -40818.7 108.897 
647904 0.0300938 0.00483692 -40435.3 109.035 
648720 0.0395346 -0.0370861 -41792.7 109.172 
649536 0.0413979 0.0218705 -41323.4 109.309 
650352 0.0419384 0.0390912 -41234 109.447 
651168 0.0344829 0.0332778 -42059.4 109.584 
651984 0.0107866 -0.00889049 -41612.7 109.722 
652800 0.0181667 0.00215682 -40790.5 109.859 
653616 0.0100357 0.00482118 -41351.6 109.997 
654432 0.0307005 0.00603839 -41963.9 110.134 
655248 0.0501251 -0.01638 -42508.1 110.272 
656064 0.0432373 -0.00603493 -42098.4 110.409 
656880 0.0532916 -0.0151643 -41879.6 110.547 
657696 0.0473952 0.00363009 -41720.4 110.684 
658512 0.0374672 0.0171522 -41193.4 110.821 
659328 0.0242537 0.0186892 -41707 110.959 
660144 0.0222502 -0.017118 -42346.5 111.096 
660960 0.0472998 -0.0440901 -41190.7 111.233 
661776 0.036171 -0.0334027 -41550.6 111.371 
662592 0.0497298 -0.02261 -42416.3 111.508 
663408 0.0460244 -0.00754448 -42608.2 111.645 
664224 0.0543776 -0.0159995 -42571.7 111.783 
665040 0.0812011 -0.0570048 -41999.1 111.921 
665856 0.0474351 -0.0366394 -41472.9 112.058 
666672 0.057406 -0.0404795 -41423.4 112.196 
667488 0.0625245 -0.0178712 -40365.4 112.333 
668304 0.0659442 -0.045626 -41003.3 112.47 
669120 0.0662878 -0.039713 -40946.2 112.608 
669936 0.0576391 -0.0219938 -40692.5 112.745 
670752 0.0667106 -0.0562896 -40612.5 112.883 
671568 0.0427702 -0.00863944 -40369.4 113.02 
672384 0.0437716 -0.0016501 -40727.6 113.158 
673200 0.0298778 -0.0278881 -41316.1 113.295 
674016 0.0266521 -0.0248485 -40687.6 113.432 
674832 0.0454792 0.0329444 -41081.7 113.569 
675648 0.0395175 0.0217212 -41561.5 113.707 
676464 0.0380925 -0.0124414 -42139.1 113.845 
677280 0.0240656 -0.00789506 -42418.5 113.982 
678096 0.0326721 -0.0311375 -43579.7 114.12 
678912 0.0160898 -0.000619436 -43234.3 114.257 
679728 0.0200253 0.0147716 -43012.9 114.395 
680544 0.0562376 -0.00227605 -42389.3 114.533 
681360 0.0612533 0.0204273 -41773.7 114.671 
682176 0.0861781 -0.0297865 -42144.3 114.808 
682992 0.0773889 0.00245949 -40901.9 114.946 
683808 0.0911191 -0.0225936 -41319.4 115.083 
684624 0.0926999 0.0280209 -41736.4 115.22 
685440 0.0767932 0.020882 -41276.9 115.358 
686256 0.067466 -0.0134779 -41367.3 115.495 
687072 0.0648989 0.02586 -41730.8 115.632 
687888 0.048809 0.0347264 -41421.5 115.77 
688704 0.0635557 0.0349528 -42606.6 115.907 
689520 0.0705808 0.0407678 -43079.5 116.045 
690336 0.0768762 0.0503014 -43752.1 116.182 
691152 0.0360166 -0.0180679 -43964.3 116.32 
691968 0.028355 0.0210167 -43188 116.458 
692784 0.037312 0.0154425 -42951.1 116.595 
693600 0.0231093 0.0172974 -43303 116.732 
694416 0.044346 0.0171869 -43393.9 116.87 
695232 0.039476 -0.0353605 -43137.7 117.007 
696048 0.04196 -0.022391 -44129.4 117.144 
696864 0.0607564 -0.038274 -43885.3 117.282 
697680 0.038089 -0.0279046 -43506 117.419 
698496 0.0215705 -0.0134317 -42748.6 117.556 
699312 0.0511645 0.0214584 -43273 117.694 
700128 0.0454824 0.00515525 -43747.1 117.831 
700944 0.046124 -0.00639181 -43315.7 117.969 
701760 0.0423009 0.0242352 -43157.1 118.107 
702576 0.0142486 -0.00632349 -43491.8 118.244 
703392 0.0417885 0.0235009 -43410.4 118.382 
704208 0.0793353 0.05739 -43630.1 118.519 
705024 0.029725 0.0110555 -43959.7 118.657 
705840 0.0464215 0.00890688 -42948 118.794 
706656 0.0423176 0.0130781 -43865 118.932 
707472 0.0732873 0.00145667 -43194.3 119.069 
708288 0.0645994 -0.0404727 -42913.9 119.207 
709104 0.029368 0.00870766 -42844.8 119.344 
709920 0.0318973 0.000552151 -42245.2 119.481 
710736 0.0472983 0.0150291 -42191.5 119.619 
711552 0.0356298 0.0138589 -42204.3 119.756 
712368 0.0522526 0.00580162 -42956.6 119.894 
713184 0.047612 -0.00247833 -43005.7 120.031 
714000 0.0444272 -0.00557914 -42578.2 120.168 
714816 0.064994 0.0038012 -43887.6 120.306 
715632 0.0431486 -0.0160048 -43593.3 120.443 
716448 0.0338017 -0.0192232 -44361.2 120.581 
717264 0.0463954 -0.0168431 -43815.4 120.718 
718080 0.0769897 0.00055633 -43957 120.855 
718896 0.0877466 -0.0409898 -43418.4 120.993 
719712 0.0539332 -0.0171148 -43437.1 121.13 
720528 0.0256498 0.0133002 -42743.7 121.268 
721344 0.0280193 0.00806768 -42313.5 121.405 
722160 0.0326279 -0.0203648 -42865.3 121.543 
722976 0.0196616 -0.00471534 -42069.7 121.68 
723792 0.0433069 0.0074857 -43797.5 121.818 
724608 0.036415 -0.0335249 -43267.7 121.955 
725424 0.0480199 -0.0376479 -44144.3 122.092 
726240 0.0409487 -0.0159279 -44219.5 122.23 
727056 0.0312551 0.0106938 -44053.2 122.367 
727872 0.0285319 -0.00637821 -43659.2 122.505 
728688 0.053494 0.0276399 -43353.9 122.642 
729504 0.0311653 -0.00531587 -43641.8 122.78 
730320 0.012368 0.00860493 -44072.5 122.917 
731136 0.0554668 0.0340944 -45187.4 123.055 
731952 0.0340067 0.0187565 -44036.9 123.192 
732768 0.0557285 0.00852241 -44219.3 123.33 
733584 0.0635727 -0.0257084 -43892.9 123.467 
734400 0.0422595 0.00217325 -43380.8 123.605 
735216 0.0512662 -0.00910097 -43743.7 123.742 
736032 0.0571021 -0.0342427 -43200.9 123.879 
736848 0.0564962 -0.0239955 -43432.9 124.017 
737664 0.0291974 -0.00841509 -43833 124.155 
738480 0.0423921 -0.0184641 -43873.3 124.292 
739296 0.0346828 -0.00143122 -43463.3 124.429 
740112 0.0419028 -0.0289761 -43172.8 124.567 
740928 0.0555542 -0.0339579 -44182.5 124.704 
741744 0.0531105 -0.0333472 -43996.5 124.841 
742560 0.0238264 -0.0039146 -43870.3 124.979 
743376 0.0468839 0.0281379 -44273.6 125.117 
744192 0.089702 0.0868927 -44582.1 125.254 
745008 0.0619505 0.0589829 -44299.6 125.392 
745824 0.035247 0.0328444 -44650.3 125.53 
746640 0.0156651 0.00498484 -44265.4 125.667 
747456 0.0311811 0.018764 -44680.3 125.804 
748272 0.0472114 0.022438 -44382.9 125.942 
749088 0.0430145 0.00885401 -45024.1 126.079 
749904 0.0625455 -0.0240587 -45360.5 126.217 
750720 0.0761734 -0.0461544 -44638.2 126.354 
751536 0.0697172 -0.0453023 -44091.5 126.492 
752352 0.0331782 -0.0174236 -44147.7 126.629 
753168 0.0400616 -0.0231733 -43683.8 126.767 
753984 0.0379258 -0.0145604 -43726.1 126.904 
754800 0.0319691 0.0161037 -44315.6 127.041 
755616 0.0106648 0.00550911 -43545.3 127.179 
756432 0.0285262 0.005728 -43289.2 127.316 
757248 0.037962 -0.0277445 -42928.4 127.454 
758064 0.0122311 -0.0114685 -43596.9 127.591 
758880 0.00988046 0.00765773 -44065.3 127.729 
759696 0.0390975 0.00366787 -44169 127.866 
760512 0.0148348 0.00405778 -43364.8 128.003 
761328 0.0351079 0.0229723 -43471.1 128.141 
762144 0.0187129 -0.0108228 -43429.4 128.278 
762960 0.0309672 0.000989913 -43015.2 128.416 
763776 0.0596768 -0.0189213 -43537.2 128.553 
764592 0.0763711 -0.0559316 -43388.7 128.69 
765408 0.090456 -0.0591249 -44052.3 128.828 
766224 0.0654089 -0.0335806 -44722.2 128.965 
767040 0.0445051 0.0371059 -43883.2 129.103 
767856 0.0260469 0.0233099 -44530.1 129.24 
768672 0.0383054 0.00275023 -44884.9 129.377 
769488 0.0152523 0.000908282 -44447.2 129.515 
770304 0.0485393 -0.00962254 -43617.9 129.653 
771120 0.0180967 -0.0163967 -43432.1 129.79 
771936 0.019223 -0.0107054 -43806 129.927 
772752 0.0457106 0.0297341 -43411.8 130.065 
773568 0.0594721 0.0278707 -43502.2 130.202 
774384 0.0624964 0.011407 -43654 130.34 
775200 0.0651842 -0.0467855 -44279.4 130.477 
776016 0.0481496 -0.0267273 -44514.5 130.615 
776832 0.0253403 0.0108464 -44339.1 130.752 
777648 0.0291207 0.00714252 -44471.4 130.889 
778464 0.0485049 0.00842659 -43755.5 131.026 
779280 0.0521042 -0.00485233 -43381.1 131.163 
780096 0.0734257 0.0299156 -43855.2 131.301 
780912 0.056729 0.0348495 -44655.9 131.438 
781728 0.0377847 0.000555346 -44713.4 131.576 
782544 0.0659485 0.0514429 -45525.7 131.713 
783360 0.056828 0.0392091 -44794.7 131.85 
784176 0.0376742 -0.000298939 -44474.4 131.988 
784992 0.0572223 -1.99901e-05 -44065 132.125 
785808 0.0473017 -0.0254641 -43269.3 132.263 
786624 0.0147539 0.00284475 -42157.1 132.4 
787440 0.047271 0.00168658 -42599.9 132.538 
788256 0.0550865 -0.000997431 -42488.3 132.675 
789072 0.0806158 0.0310661 -42632.2 132.813 
789888 0.055142 0.00160453 -43416.5 132.951 
790704 0.0682607 -0.0308238 -43630.3 133.088 
791520 0.0394003 0.00464167 -43068.2 133.225 
792336 0.0302435 0.0099306 -43436.5 133.363 
793152 0.0207101 -0.0188089 -43759.5 133.501 
793968 0.045616 -0.0408901 -43747.5 133.638 
794784 0.0212765 -0.00660412 -42932.3 133.776 
795600 0.0206335 0.00299212 -42190.3 133.913 
796416 0.0132253 -0.0131531 -42132.9 134.05 
797232 0.0328314 -0.0294349 -42277.5 134.187 
798048 0.0269482 -0.0208682 -42635.7 134.325 
798864 0.0466405 -0.0182699 -43592.1 134.463 
799680 0.0339819 -0.00885146 -43546.3 134.6 
800496 0.0388024 0.0228367 -43718.9 134.737 
801312 0.00721004 -0.00143378 -43601.3 134.875 
802128 0.0191383 0.0115438 -43337.5 135.012 
802944 0.0284977 -0.0161892 -43137 135.15 
803760 0.0491845 -0.0371984 -43336.4 135.287 
804576 0.0292281 0.0075319 -43411.8 135.425 
805392 0.0302838 0.00155492 -43876.8 135.562 
806208 0.055121 0.008717 -44280.7 135.7 
807024 0.0237294 -0.00982492 -44058 135.837 
807840 0.0296223 0.0146066 -44000.3 135.975 
808656 0.0374115 0.0101642 -44691.8 136.112 
809472 0.0464683 -0.0182371 -44017 136.25 
810288 0.033471 0.0137431 -43752 136.387 
811104 0.0687477 0.0385423 -44168.4 136.525 
811920 0.0368369 0.00973147 -43442.3 136.662 
812736 0.0735104 -0.00838835 -43567.1 136.799 
813552 0.0977858 -0.0837738 -44134.9 136.937 
814368 0.10514 -0.0961773 -44279.4 137.074 
815184 0.0862667 -0.0796856 -44293.5 137.212 
