0 0.0288817 0.0190715 -32972.4 0 
816 0.0324867 0.027439 -35430.4 0.137717 
1632 0.0239292 -0.0182829 -36443.2 0.277487 
2448 0.0357168 -0.0281691 -38434.2 0.416622 
3264 0.0590201 -0.0475477 -39411.2 0.55791 
4080 0.0484223 0.0379023 -40288.6 0.699247 
4896 0.0318595 0.0156507 -39595.5 0.839597 
5712 0.0441682 0.0398491 -39176.1 0.98117 
6528 0.0307428 0.0188111 -39407.7 1.1235 
7344 0.0532865 0.038519 -40033 1.26413 
8160 0.0377705 0.0316459 -40148.1 1.40645 
8976 0.0142961 0.00564471 -40718.9 1.54755 
9792 0.0171839 0.0019987 -41036.3 1.68797 
10608 0.0383394 -0.0310555 -41919.4 1.83179 
11424 0.0284884 0.0166795 -42341.7 1.97248 
12240 0.0497065 -0.0421721 -42952.9 2.11504 
13056 0.0353312 -0.034622 -42734 2.25675 
13872 0.0226007 0.0166523 -43171.8 2.39984 
14688 0.051882 -0.0120116 -43469.8 2.54372 
15504 0.0467542 -0.0380642 -42821.2 2.68168 
16320 0.0501096 -0.0266101 -42272.9 2.82717 
17136 0.0612143 -0.0239072 -42707.4 2.96824 
17952 0.0420422 0.0368579 -41757.1 3.10841 
18768 0.0668187 0.0626333 -41880 3.25321 
19584 0.0357642 0.0350174 -41929.9 3.39348 
20400 0.0223852 0.0115968 -42421.9 3.53739 
21216 0.0415842 -0.0320227 -42436.8 3.67947 
22032 0.0235026 -0.0141983 -42979.4 3.81826 
22848 0.0177081 0.0131464 -42763.1 3.95893 
23664 0.0433822 0.0400542 -42563.9 4.10212 
24480 0.045603 0.0372882 -42695.6 4.24405 
25296 0.0575609 0.0265447 -42027.8 4.38286 
26112 0.0556295 0.0343914 -41855.8 4.52185 
26928 0.0580764 -0.00055757 -41482.7 4.66024 
27744 0.071247 -0.0453829 -41724.1 4.799 
28560 0.0667231 -0.0589298 -42098.6 4.9384 
29376 0.0644428 -0.0310666 -42209.2 5.07741 
30192 0.0521609 -0.00199482 -41872.7 5.21531 
31008 0.0442236 0.0350251 -42931.6 5.35594 
31824 0.0822801 0.0738567 -43361.3 5.49618 
32640 0.0601789 0.0530259 -42880.7 5.63354 
33456 0.0919343 0.077071 -43039.1 5.77529 
34272 0.0686858 0.0230257 -43096 5.91554 
35088 0.0797956 0.045074 -42432.9 6.05825 
35904 0.0466584 0.00218324 -41733.7 6.20042 
36720 0.05828 0.0242667 -41829.6 6.34187 
37536 0.0753259 0.0288288 -42118.5 6.48214 
38352 0.0733411 0.0226702 -41542.1 6.62573 
39168 0.0751771 0.0148934 -41345.4 6.7678 
39984 0.0615537 -0.00155967 -41051.2 6.9115 
40800 0.0473623 0.00765939 -41474.9 7.05398 
41616 0.0760626 0.038221 -41510 7.19314 
42432 0.0752926 0.0511187 -41313.2 7.33711 
43248 0.0805943 -0.000588381 -41514 7.47872 
44064 0.0857659 -0.000225117 -40912.3 7.62137 
44880 0.0904551 0.0100815 -41019.9 7.76268 
45696 0.0903801 0.0408043 -41660.8 7.90292 
46512 0.0521167 0.0272768 -41367.2 8.04651 
47328 0.0485978 0.0181812 -41469.9 8.18895 
48144 0.0463203 0.0356303 -41983.5 8.32717 
48960 0.0470466 0.0361581 -42010.6 8.46752 
49776 0.0298321 0.00686917 -41869.7 8.60674 
50592 0.0116304 -0.00229517 -41112.1 8.74601 
51408 0.00448201 0.00288619 -39853.3 8.8861 
52224 0.0290584 -0.00850473 -41246.8 9.02638 
53040 0.0288766 0.0116465 -41291.8 9.16893 
53856 0.0395718 0.0298226 -42238.8 9.31039 
54672 0.038054 0.0160741 -42106.3 9.45253 
55488 0.0455749 -0.0108268 -42674.8 9.5938 
56304 0.0434041 0.0205372 -43630.8 9.73256 
57120 0.024413 0.00298167 -44134.9 9.87227 
57936 0.0248116 -0.00256041 -43256 10.0121 
58752 0.0476325 0.0399151 -44266.1 10.153 
59568 0.0128158 0.0110385 -43988.4 10.2919 
60384 0.0126966 0.00454046 -43642.9 10.4309 
61200 0.0458182 -0.00809375 -42839.4 10.5696 
62016 0.0228108 -0.00404901 -42838.1 10.7094 
62832 0.0508686 0.0101099 -41755.4 10.8482 
63648 0.0354378 0.00104353 -42696.5 10.9871 
64464 0.0156307 0.00491299 -44005.2 11.1267 
65280 0.0110139 -0.00439311 -43915.2 11.2662 
66096 0.024093 0.00627683 -43522.1 11.4042 
66912 0.0230988 -0.00869035 -43011.3 11.5429 
67728 0.046363 -0.0406205 -44067.6 11.6819 
68544 0.0691767 -0.044271 -43145.7 11.8205 
69360 0.0431159 -0.022577 -42795.8 11.9615 
70176 0.0400683 -0.0264208 -42143.8 12.103 
70992 0.0484387 -0.0165522 -41969.5 12.2437 
71808 0.0428998 0.0101716 -42892.8 12.3871 
72624 0.0527078 0.0372142 -42276.8 12.5258 
73440 0.0464244 0.0460815 -42659.4 12.6686 
74256 0.00818498 0.0078528 -43421.5 12.8123 
75072 0.0549099 0.0505787 -43737 12.9527 
75888 0.061749 0.0569357 -42983.4 13.0961 
76704 0.069821 0.0639664 -43893.2 13.2381 
77520 0.0633198 0.0394998 -43895.3 13.3808 
78336 0.0452352 0.0344709 -43422.9 13.5249 
79152 0.0651815 0.00726336 -43201.2 13.6654 
79968 0.042437 -0.00135502 -43774.7 13.8087 
80784 0.0408481 -0.0177244 -43042.6 13.9505 
81600 0.0416892 -0.0262173 -43136.5 14.0914 
82416 0.0354358 -0.0268168 -42765.3 14.2351 
83232 0.0363095 -0.024382 -43570.9 14.3756 
84048 0.0441314 -0.0192729 -44217.8 14.5201 
84864 0.0329844 0.0291611 -43891.5 14.6625 
85680 0.0316067 0.0206594 -43946.9 14.8045 
86496 0.0166388 0.00283621 -42465 14.9479 
87312 0.0382407 -0.00315116 -42586.4 15.0884 
88128 0.0706747 -0.0194693 -43762.9 15.2326 
88944 0.0575421 0.00135499 -44279.2 15.3717 
89760 0.0144935 -0.00273674 -44458.6 15.5116 
90576 0.0289329 -0.0180197 -44153.4 15.6531 
91392 0.00716756 -0.00572841 -44040.4 15.7989 
92208 0.0238958 0.00293004 -44026.5 15.9394 
93024 0.0195729 -0.00166635 -43155 16.0833 
93840 0.0582344 -0.052167 -43637.5 16.2256 
94656 0.0297222 -0.00243097 -44145.4 16.3701 
95472 0.0468823 -0.0316427 -44111.6 16.5137 
96288 0.0532382 0.00784938 -44500.9 16.6541 
97104 0.0594812 -0.0313424 -43825.9 16.794 
97920 0.0584612 -0.0153488 -44324.1 16.9331 
98736 0.0605922 0.00206964 -44455.9 17.0761 
99552 0.0317723 -0.0103591 -43968.2 17.2157 
100368 0.0510268 -0.000369437 -44522.6 17.3594 
101184 0.0756304 0.041796 -44793.4 17.5016 
102000 0.0583378 0.0337981 -43290.6 17.6441 
102816 0.0380464 -0.00324162 -43914.3 17.7874 
103632 0.0354007 0.0231964 -43107.8 17.9272 
104448 0.0388415 0.0182453 -42730 18.0713 
105264 0.0430798 -0.00121808 -43938.7 18.2112 
106080 0.0591012 0.0473808 -44005.6 18.3558 
106896 0.053826 0.0217891 -44257.2 18.4985 
107712 0.0764914 -0.0153738 -44505.8 18.6386 
108528 0.0843923 0.0104985 -45479 18.7807 
109344 0.0842923 -0.000212333 -45146.9 18.9231 
110160 0.0700228 0.0251696 -44330.8 19.0662 
110976 0.0736869 0.0541823 -44424.5 19.2077 
111792 0.0478191 0.0144389 -45154.9 19.3484 
112608 0.0238953 0.00904709 -44759.6 19.4925 
113424 0.0422685 0.000101633 -45126 19.6356 
114240 0.0490103 -0.00115278 -45296.2 19.7744 
115056 0.0610639 -0.0353534 -45538.2 19.9162 
115872 0.0252707 -0.0054693 -44644.4 20.0607 
116688 0.0701492 -0.0350739 -45885.4 20.2036 
117504 0.051548 -0.0160225 -44744.3 20.3431 
118320 0.0694475 0.00169545 -44511.2 20.4863 
119136 0.0417945 -0.00427822 -44361.9 20.6309 
119952 0.0354914 -0.00719495 -43261.3 20.772 
120768 0.0625288 0.0256627 -43385.5 20.9159 
121584 0.0723586 0.0360715 -43887.9 21.0575 
122400 0.0494383 0.0175008 -43539.8 21.1976 
123216 0.0626509 -0.00479521 -43934.7 21.3417 
124032 0.0400128 0.00114961 -44123.7 21.4832 
124848 0.0326882 0.0121919 -43435.7 21.6248 
125664 0.0483729 0.00848151 -43727.4 21.7668 
126480 0.0603237 -0.00567764 -43907.7 21.9115 
127296 0.0572516 0.0080827 -44194.7 22.0519 
128112 0.0729133 -0.00304492 -44215 22.1926 
128928 0.0306471 0.00786982 -43414.5 22.3359 
129744 0.0323569 -0.0101638 -42824.5 22.4755 
130560 0.0458815 -0.0212355 -42447.8 22.618 
131376 0.0348707 -0.0348018 -42386.5 22.7614 
132192 0.0398911 -0.0387625 -42274.1 22.9029 
133008 0.0488919 -0.0406104 -43362.8 23.0469 
133824 0.0454295 -0.0212866 -43333.5 23.1884 
134640 0.0416407 -0.0335462 -42510.9 23.3277 
135456 0.0285642 -0.0208319 -42831.7 23.4709 
136272 0.0229939 -0.0102245 -42595.4 23.6147 
137088 0.0378858 0.00505149 -43740.9 23.7574 
137904 0.0277792 -0.0140185 -43746.6 23.9009 
138720 0.0319597 0.0128753 -43506.6 24.0411 
139536 0.0545284 0.019173 -43685.4 24.1825 
140352 0.0309536 0.00625059 -42861.7 24.3263 
141168 0.0233652 0.0210192 -43479.2 24.4676 
141984 0.027796 0.00971361 -43244.7 24.6105 
142800 0.0276482 0.0194734 -42809.5 24.7509 
143616 0.0257174 -0.0172575 -42950.6 24.8933 
144432 0.0245526 -0.00305126 -42733.4 25.0346 
145248 0.0164174 -0.00400535 -42031.5 25.1735 
146064 0.0238364 0.00784991 -42491.2 25.3144 
146880 0.0564738 0.0272463 -41769.6 25.457 
147696 0.0583784 0.0385549 -42306.9 25.5968 
148512 0.0636146 0.0366808 -42233.1 25.7404 
149328 0.0646698 0.0252702 -42185.4 25.8812 
150144 0.0733229 0.0476772 -42688 26.0253 
150960 0.0597161 0.0279731 -42729.2 26.1677 
151776 0.0818749 0.0113969 -42764.4 26.3082 
152592 0.0809676 0.0395291 -42796.5 26.4515 
153408 0.0533172 0.0289638 -43113.1 26.5934 
154224 0.0464133 -0.00141689 -42566.3 26.7367 
155040 0.0639782 0.0590974 -42740.5 26.8781 
155856 0.0552656 0.0425059 -42095.3 27.0186 
156672 0.0460527 0.0292889 -43028 27.1624 
157488 0.0229948 0.0177407 -43422 27.3048 
158304 0.0496465 -0.00286285 -43900.4 27.4457 
159120 0.0704825 0.00769662 -43117.3 27.5876 
159936 0.0772091 0.0230069 -43345.9 27.7298 
160752 0.0667972 0.0513697 -43396.6 27.8708 
161568 0.0262471 0.0217191 -43301.8 28.0131 
162384 0.0718575 0.0509484 -43260.8 28.1549 
163200 0.065898 0.0392742 -43968.7 28.296 
164016 0.0483633 0.0198363 -43455.6 28.439 
164832 0.0489054 0.0139061 -44180.5 28.5784 
165648 0.0144852 0.00691623 -43903.3 28.7228 
166464 0.0348747 0.00834448 -43300.4 28.8631 
167280 0.0124136 -0.00632991 -42486 29.0065 
168096 0.053781 -0.0537209 -43349.3 29.1491 
168912 0.040996 -0.0383781 -44036.4 29.2902 
169728 0.042126 -0.0405544 -44195.4 29.4307 
170544 0.0557419 -0.0460756 -44703.3 29.5759 
171360 0.0505522 -0.00807498 -44786.3 29.7172 
172176 0.0358093 -0.0154908 -45077.8 29.8591 
172992 0.062122 -0.0349076 -44680.5 30.0008 
173808 0.0596052 -0.0474715 -44568.2 30.1445 
174624 0.0672688 0.0342982 -44334 30.2864 
175440 0.0717432 0.0314708 -43588.8 30.427 
176256 0.067825 0.0422955 -43678.5 30.5684 
177072 0.0753384 0.0107437 -43295 30.7125 
177888 0.0416845 -0.0376951 -42709.2 30.8555 
178704 0.0144158 -0.0083574 -41938.5 30.9959 
179520 0.0546193 0.0392543 -42926.6 31.1377 
180336 0.0646266 -0.0231049 -43145.9 31.2792 
181152 0.0536571 0.0158808 -43043.2 31.4205 
181968 0.0541624 0.0305371 -42973.8 31.5589 
182784 0.0631509 0.0505139 -42460.8 31.6999 
183600 0.0409384 -0.0114724 -42870.7 31.8399 
184416 0.0303124 -0.00820154 -42685.1 31.985 
185232 0.0337028 -0.00721438 -42298.9 32.1238 
186048 0.0352218 -0.00236874 -41971.3 32.267 
186864 0.0364498 -0.0228018 -42755.8 32.4114 
187680 0.0548673 0.0364337 -42779.3 32.5521 
188496 0.0381889 0.0315406 -43463.5 32.6939 
189312 0.0427318 -0.0308642 -43439.6 32.8351 
190128 0.0650683 -0.0548181 -43136.5 32.9742 
190944 0.047647 -0.0359733 -43873.4 33.116 
191760 0.0460334 -0.0450854 -43578 33.2573 
192576 0.0237833 0.00201644 -44011.8 33.3999 
193392 0.0309483 -0.00269678 -43514 33.5409 
194208 0.0223538 -0.0172242 -44084.7 33.6818 
195024 0.0407097 -0.0254161 -44274.5 33.8252 
195840 0.050445 -0.0377492 -43484.3 33.9661 
196656 0.0361157 -0.0243012 -42828.9 34.1089 
197472 0.0414875 -0.0235156 -43247.9 34.251 
198288 0.0330255 -0.000686326 -42988.9 34.3916 
199104 0.047465 -0.03519 -43184.8 34.5326 
199920 0.037661 -0.034812 -42778.3 34.6734 
200736 0.045427 -0.0398628 -43014.5 34.8163 
201552 0.0463918 -0.0381296 -42781.7 34.9588 
202368 0.0395417 -0.0040379 -42489.6 35.1008 
203184 0.030108 -0.00835998 -42948.6 35.239 
204000 0.0254189 0.0147705 -42797.5 35.3823 
204816 0.0356789 -0.0078046 -42939.1 35.5264 
205632 0.0514056 -0.00852397 -41845.6 35.6662 
206448 0.0435966 -0.0151527 -42702.8 35.8093 
207264 0.0299546 0.0152819 -42746.8 35.9505 
208080 0.0460736 0.0245055 -42268 36.0887 
208896 0.0311417 -0.023091 -41305 36.231 
209712 0.0101766 -0.00220495 -40922.3 36.3707 
210528 0.0339871 0.000998786 -41647 36.5134 
211344 0.0278971 0.0209292 -41673.1 36.6569 
212160 0.0562529 0.0560264 -41587.6 36.7958 
212976 0.0498053 0.0270362 -41026.2 36.9398 
213792 0.0654585 0.0401079 -40809 37.078 
214608 0.0604708 0.0300836 -41652.4 37.2215 
215424 0.0441034 0.0165347 -40809 37.3615 
216240 0.0186822 -0.00355884 -42107.1 37.5044 
217056 0.0728422 0.00291851 -42425.8 37.6471 
217872 0.0528623 -0.0171793 -42799.1 37.7857 
218688 0.08739 0.0293016 -43369.6 37.925 
219504 0.0855179 0.0266338 -44660.1 38.0658 
220320 0.0935128 0.0424019 -43880.9 38.2073 
221136 0.119043 0.0525206 -43560.3 38.3463 
221952 0.0955217 0.036999 -43150 38.4847 
222768 0.104692 0.0641924 -43239 38.6252 
223584 0.0777311 0.040076 -42919.2 38.7658 
224400 0.0695367 0.0379103 -44085.5 38.9052 
225216 0.0489183 0.0223608 -42995.7 39.047 
226032 0.0367119 0.0246866 -43694.9 39.1889 
226848 0.0584313 0.0486488 -43222.1 39.3285 
227664 0.0247356 0.0232632 -43555.6 39.4716 
228480 0.0282129 0.0063046 -43528.1 39.6133 
229296 0.031276 0.00625209 -44427.2 39.7524 
230112 0.0458524 0.0138762 -44550.6 39.897 
230928 0.0664332 0.0576982 -44288 40.0382 
231744 0.040082 0.0145427 -43726 40.1807 
232560 0.0420636 0.0274158 -43444.5 40.3234 
233376 0.0540375 0.0237223 -43497.6 40.4643 
234192 0.0449335 0.0174401 -42755.8 40.6058 
235008 0.0626585 0.0392667 -42475.4 40.7474 
235824 0.0557858 0.00766503 -43268.9 40.891 
236640 0.06804 0.0474133 -42704.7 41.033 
237456 0.0844832 0.0365025 -44140.6 41.1754 
238272 0.0846361 0.0480072 -43677.1 41.3163 
239088 0.0243448 0.0168764 -43960.6 41.4551 
239904 0.0424214 -0.0121119 -42700.8 41.5943 
240720 0.0779618 0.0726619 -43608.8 41.7352 
241536 0.0522581 0.0471637 -43003.4 41.8784 
242352 0.029803 0.0287465 -42872 42.0197 
243168 0.0551361 -0.006902 -42771.3 42.1633 
243984 0.0280279 -0.0122602 -43247.9 42.3046 
244800 0.0283288 -0.00974079 -42645 42.4452 
245616 0.0205713 0.0011002 -41619.1 42.5882 
246432 0.0336052 -0.0083283 -41833.7 42.7295 
247248 0.0477089 0.00247609 -42045 42.8691 
248064 0.0692694 0.0210055 -42218.8 43.0102 
248880 0.039093 -0.0188005 -43033.8 43.149 
249696 0.0368326 0.0260052 -42570.3 43.2897 
250512 0.0345809 0.0304289 -42194.1 43.4284 
251328 0.0515808 0.0492202 -41569.3 43.569 
252144 0.0357888 0.0241844 -42255.2 43.7081 
252960 0.0438728 -0.0139193 -43889.5 43.8482 
253776 0.0268959 0.0045713 -44065.1 43.9875 
254592 0.0366849 -0.010295 -43048.1 44.1269 
255408 0.0668692 0.0385418 -42652.9 44.2657 
256224 0.0565554 0.0427371 -42934 44.4055 
257040 0.0613029 0.0258345 -44009.5 44.5463 
257856 0.0577053 0.0337025 -44514.2 44.6859 
258672 0.0527387 0.0273837 -45054 44.828 
259488 0.0603119 -0.00733564 -46114.3 44.9696 
260304 0.0942893 -0.0219716 -46181.3 45.1093 
261120 0.0842187 -0.013465 -45155.5 45.2492 
261936 0.0617426 -0.0267395 -43880.9 45.3895 
262752 0.0600277 -0.0373719 -45158.8 45.5324 
263568 0.0562457 -0.0089715 -44236.6 45.6754 
264384 0.0564478 0.000127643 -43546.9 45.8138 
265200 0.0806784 0.0353323 -43430.4 45.9563 
266016 0.0588888 0.00371479 -43562.1 46.0979 
266832 0.0534559 0.0373031 -43360.1 46.2418 
267648 0.045967 0.0128669 -42949.7 46.3844 
268464 0.0616197 0.0485087 -42826.3 46.5234 
269280 0.0335213 0.0316309 -43357.3 46.6674 
270096 0.0631059 0.0597585 -43546.4 46.8108 
270912 0.0677348 0.0566079 -43260.7 46.9509 
271728 0.0556362 -0.0148101 -43590.6 47.0941 
272544 0.0753452 0.0260486 -42999.9 47.2361 
273360 0.0472458 -0.014326 -43221.1 47.3764 
274176 0.0125529 -0.00996827 -42832.9 47.5207 
274992 0.039328 -0.0385555 -42660.1 47.6623 
275808 0.0249764 0.0207254 -42404.2 47.8023 
276624 0.0271534 -0.0193765 -42770.7 47.9464 
277440 0.0209237 -0.0110843 -42549.7 48.0867 
278256 0.0444407 0.0225367 -42823.8 48.2309 
279072 0.04156 0.0295191 -42527.8 48.3751 
279888 0.0271267 0.0187181 -42909.5 48.5175 
280704 0.0528712 0.0260568 -44497.1 48.6573 
281520 0.0619673 0.0388674 -45789.6 48.8021 
282336 0.0818273 0.0390533 -45062.1 48.9429 
283152 0.0742322 0.0372296 -44570.6 49.087 
283968 0.0361809 0.00989191 -44891.6 49.2289 
284784 0.0234195 0.00289723 -44009.7 49.3691 
285600 0.0456951 0.0264202 -44957.4 49.513 
286416 0.0626677 0.0321982 -44862.5 49.6552 
287232 0.0704075 0.0542062 -45547.5 49.7991 
288048 0.109897 0.0680462 -44669.9 49.94 
288864 0.101412 0.00555461 -44661 50.0824 
289680 0.0720922 -0.0445396 -44676.5 50.2268 
290496 0.0429338 0.00600052 -44423.8 50.3686 
291312 0.0319851 0.02478 -42768.6 50.5085 
292128 0.0440295 0.0355392 -42426.5 50.6525 
292944 0.0416258 0.0064726 -42272.3 50.7949 
293760 0.0468245 0.0257817 -43587.2 50.9391 
294576 0.0446696 0.0308116 -43551.1 51.0831 
295392 0.0114641 0.0054221 -43784 51.2245 
296208 0.0339483 0.0135601 -44861.1 51.3653 
297024 0.036086 0.0300493 -44079 51.5072 
297840 0.0254738 0.0244304 -43286.5 51.6461 
298656 0.0221438 0.00896479 -42313.1 51.7843 
299472 0.0237937 0.0162284 -42796.3 51.9254 
300288 0.0282284 0.0165442 -43558.9 52.066 
301104 0.0229136 0.00780094 -43280.8 52.21 
301920 0.0397435 0.0267696 -43145.2 52.3535 
302736 0.036211 0.0063571 -43823.4 52.4935 
303552 0.0292339 0.024978 -43271.6 52.6348 
304368 0.0332924 0.00682705 -43153.5 52.7785 
305184 0.0345956 0.016897 -41623 52.9203 
306000 0.0539686 0.0136263 -41867.3 53.0634 
306816 0.0611361 0.0100579 -40892.2 53.2049 
307632 0.0753518 -0.00738131 -40604.8 53.3456 
308448 0.0629172 -0.0316253 -41036 53.4889 
309264 0.040464 -0.0262772 -41030.7 53.6306 
310080 0.0337949 -0.00907072 -41334.9 53.7741 
310896 0.0727745 -0.0108871 -41038.4 53.9162 
311712 0.0890815 0.00664597 -41390.1 54.0579 
312528 0.0330825 0.0220535 -41293.3 54.2011 
313344 0.0495349 0.00867384 -42157.4 54.3448 
314160 0.0541235 0.0116105 -42410.1 54.4861 
314976 0.0545267 -0.0326367 -42933.5 54.6298 
315792 0.0831252 -0.0813558 -43692.9 54.7708 
316608 0.0823835 -0.0631826 -42836.8 54.9107 
317424 0.069156 -0.0655827 -42278.6 55.0551 
318240 0.0796424 -0.0788157 -42889 55.1972 
319056 0.0931775 -0.0881461 -43247.4 55.3376 
319872 0.0677575 -0.0495702 -43065.4 55.482 
320688 0.0387943 -0.0309818 -42551.6 55.6242 
321504 0.0599083 -0.0382279 -42731 55.7684 
322320 0.0320599 -0.0118612 -43110.6 55.9104 
323136 0.0365523 -0.023845 -43176.6 56.0498 
323952 0.0300583 -0.0265857 -43232.1 56.1937 
324768 0.0131802 -0.00823342 -43205.4 56.3371 
325584 0.0126649 0.00407726 -42731.6 56.4801 
326400 0.044461 0.0373036 -42938.5 56.6229 
327216 0.0317864 0.0143769 -42949.4 56.7612 
328032 0.0284856 0.0162226 -42554.7 56.9053 
328848 0.0439566 0.0435094 -43601.7 57.0476 
329664 0.0310552 0.0174433 -43020.5 57.1884 
330480 0.00533529 0.00495894 -42966.5 57.33 
331296 0.0173598 0.0135822 -42697.8 57.4688 
332112 0.0311545 -0.0214795 -42542.1 57.6092 
332928 0.0293715 -0.00528453 -42151.6 57.752 
333744 0.0398419 0.0166592 -42260.4 57.8928 
334560 0.0594351 -0.00612276 -42364.6 58.0314 
335376 0.0542655 0.0324707 -41986.1 58.1707 
336192 0.0332984 -0.0107165 -42530.5 58.3111 
337008 0.0264499 -0.0208958 -42829.8 58.4534 
337824 0.0257426 -0.0128066 -43375.2 58.595 
338640 0.0247316 -0.00384342 -43093.4 58.7365 
339456 0.0370341 -0.0218145 -43249.4 58.8789 
340272 0.0285016 -0.0113629 -43119.1 59.0209 
341088 0.0296541 0.0186899 -43324.1 59.1645 
341904 0.0479643 0.0446691 -42616.3 59.3072 
342720 0.0379654 0.0331304 -43084.6 59.4483 
343536 0.0434257 0.00960311 -43512.6 59.5898 
344352 0.0325719 -0.0206093 -43280.6 59.7303 
345168 0.0491006 0.0317921 -42472.5 59.8717 
345984 0.0321401 0.0133192 -41963.6 60.0115 
346800 0.0431299 -0.0167812 -41026.1 60.1515 
347616 0.0391866 1.761e-05 -40984.6 60.2937 
348432 0.029173 -0.00138916 -40780.9 60.4323 
349248 0.0464971 0.00709559 -41181.5 60.5765 
350064 0.0499248 0.0183469 -41980.4 60.7195 
350880 0.061533 0.0152622 -41284.1 60.86 
351696 0.0600421 -0.00254902 -41408.7 61.0008 
352512 0.0272001 0.0126061 -41069.9 61.1427 
353328 0.0385845 -0.0149478 -42786.2 61.2864 
354144 0.0218173 0.00574794 -43190.8 61.4257 
354960 0.0276665 -0.000554749 -43868.5 61.5685 
355776 0.0455498 0.0184866 -43541.9 61.7118 
356592 0.0557081 0.0412559 -43194.7 61.8528 
357408 0.0376336 0.00603747 -42114.8 61.992 
358224 0.0564392 0.0408936 -42177.6 62.134 
359040 0.0617844 0.0527843 -41990.9 62.2779 
359856 0.0420595 0.0327797 -41489.9 62.4215 
360672 0.0128684 0.00387488 -41170.7 62.5604 
361488 0.0324224 -0.0307815 -42284.4 62.7041 
362304 0.0258797 -0.0250835 -42529.1 62.8472 
363120 0.0399951 0.0243906 -42636.5 62.9882 
363936 0.0327856 0.0276536 -41657.1 63.1325 
364752 0.0360959 0.0258913 -41904.5 63.2727 
365568 0.0335228 0.0259352 -41671.2 63.4159 
366384 0.0365571 -0.0290305 -41401.9 63.559 
367200 0.0585419 0.0369141 -41924.3 63.699 
368016 0.0514288 0.0249907 -41447 63.8428 
368832 0.0341864 -0.0158191 -42393.8 63.9845 
369648 0.0450184 -0.0222027 -42474.8 64.1234 
370464 0.031686 -0.0274245 -41892.4 64.2618 
371280 0.0454425 -0.0357177 -42664.3 64.4 
372096 0.0542838 -0.00240229 -42389.2 64.5393 
372912 0.0665232 0.0291756 -42569.6 64.6785 
373728 0.0358165 -0.00126664 -42295.9 64.8178 
374544 0.0313099 -0.0304909 -43061.7 64.9595 
375360 0.0399629 -0.0388659 -43126 65.1001 
376176 0.0501241 -0.0371817 -42440.3 65.2411 
376992 0.0438096 -0.00701154 -42264.4 65.3839 
377808 0.0332351 0.0116777 -42851.3 65.5223 
378624 0.0467801 0.015964 -41846.2 65.6644 
379440 0.0611696 0.0027454 -41670.3 65.8038 
380256 0.0835677 0.0087367 -42498.3 65.948 
381072 0.0774204 0.0177862 -42362.9 66.0873 
381888 0.0488046 -0.0101172 -41155.3 66.2306 
382704 0.0421806 0.0249709 -41490.8 66.3727 
383520 0.0431209 0.0168892 -41169 66.5136 
384336 0.0226543 0.00884665 -41269.3 66.6568 
385152 0.0211828 0.00108588 -41555.2 66.7987 
385968 0.0275012 0.0263677 -41822.7 66.941 
386784 0.0300691 0.00280405 -42594.5 67.0842 
387600 0.0141011 0.00281902 -43372.4 67.2257 
388416 0.0277896 0.0210844 -42290.6 67.3675 
389232 0.0290642 -0.0152352 -42554.4 67.5078 
390048 0.0497554 -0.0328476 -43104.6 67.6486 
390864 0.0385932 -0.0180875 -42786.6 67.7904 
391680 0.0338413 -0.0201448 -43060.6 67.9294 
392496 0.0579161 0.0211119 -43239.3 68.0687 
393312 0.0412089 0.0139433 -43581.5 68.2076 
394128 0.0539462 -0.00535384 -43866.9 68.348 
394944 0.0526113 0.00214771 -43324.5 68.489 
395760 0.0406175 0.00505392 -43183.3 68.6323 
396576 0.0634988 0.0392325 -43399.7 68.7756 
397392 0.0565377 0.0279668 -42267.8 68.9167 
398208 0.0756241 0.00424186 -42869.9 69.0572 
399024 0.116469 -0.00161688 -43388.4 69.1992 
399840 0.0815238 0.00172314 -42920.3 69.3421 
400656 0.078843 -0.0144841 -43551.4 69.4839 
401472 0.0709939 -0.0195664 -42019.6 69.6232 
402288 0.10137 0.0434454 -42980.7 69.7654 
403104 0.0940384 0.0544997 -42381.1 69.9059 
403920 0.0753723 0.0402478 -42734.9 70.0459 
404736 0.0584023 0.0465602 -43552.9 70.1874 
405552 0.0479174 0.0310985 -44109.2 70.3265 
406368 0.0470437 0.0398788 -44046.5 70.4668 
407184 0.0764145 0.0525512 -44417 70.6077 
408000 0.0381033 0.00618735 -44020.1 70.7463 
408816 0.0467755 0.0210382 -44000.4 70.8851 
409632 0.0438936 0.033865 -43645.9 71.0243 
410448 0.0654466 0.0562037 -43641.4 71.1641 
411264 0.0171016 0.00903473 -43346.2 71.3044 
412080 0.038923 0.0007805 -43382 71.4465 
412896 0.0403781 0.0289345 -44033.1 71.5876 
413712 0.0573246 0.00812742 -44907.4 71.7284 
414528 0.0214226 0.0191041 -44391.8 71.871 
415344 0.037361 -0.0246939 -43953.4 72.0126 
416160 0.0342125 -0.0200452 -43830.2 72.1566 
416976 0.0404002 -0.00917875 -43276.3 72.2981 
417792 0.0256902 -0.0249791 -43186 72.4383 
418608 0.0607081 -0.0411658 -42417.4 72.5807 
419424 0.0786345 -0.0665754 -42020.7 72.7243 
420240 0.0615744 -0.0604553 -42268.4 72.8636 
421056 0.058396 -0.054549 -42492.6 73.0085 
421872 0.0748167 -0.0616902 -42740.1 73.1488 
422688 0.08664 -0.0340315 -42345.9 73.2924 
423504 0.0682528 -0.0326996 -41823 73.4351 
424320 0.040097 0.000270052 -42121.3 73.5762 
425136 0.06144 -0.0252919 -42314.8 73.7189 
425952 0.0762635 -0.020556 -42661.4 73.8605 
426768 0.0934449 0.00589084 -42158.5 74.0038 
427584 0.029576 -0.00881615 -42411.6 74.1444 
428400 0.0468478 -0.0337265 -42256.4 74.285 
429216 0.0235427 -0.00550653 -41643 74.4272 
430032 0.0486461 -0.0321431 -41538.6 74.5688 
430848 0.0483859 -0.0166238 -41596.9 74.7108 
431664 0.0301561 -0.0102705 -41993.7 74.8517 
432480 0.0718948 -0.0712662 -42260.6 74.9932 
433296 0.0565049 -0.0498276 -42126.2 75.1366 
434112 0.063037 -0.0205024 -41740 75.2777 
434928 0.0646038 -0.0346321 -41012.9 75.4187 
435744 0.0595479 -0.0213939 -41236.9 75.5615 
436560 0.0679794 -0.000439161 -41960.6 75.7036 
437376 0.0349317 0.0184604 -41305.6 75.8444 
438192 0.034026 0.0124951 -42000.9 75.9886 
439008 0.0598053 0.0204505 -42917 76.1287 
439824 0.0628611 0.0209262 -42847.2 76.2721 
440640 0.0274594 0.00997996 -43945.8 76.4145 
441456 0.0430781 0.0329423 -43703 76.5552 
442272 0.0370923 0.0127824 -44114.4 76.6989 
443088 0.0295868 0.00382175 -44418.7 76.8404 
443904 0.0425298 -0.0196572 -44134 76.984 
444720 0.0310505 0.0174229 -43986.9 77.1244 
445536 0.0404343 0.00304616 -44385.5 77.2664 
446352 0.063245 0.0559977 -45395.5 77.4052 
447168 0.0374147 0.0286425 -44449.1 77.5479 
447984 0.0276271 0.00440472 -43224.7 77.6912 
448800 0.0531335 -0.0296067 -42824.9 77.8305 
449616 0.0405125 -0.03972 -43299.2 77.9754 
450432 0.0331799 0.0320347 -43052.9 78.1157 
451248 0.0401107 0.026627 -42745.6 78.2577 
452064 0.057816 -0.024514 -42209.1 78.397 
452880 0.0856279 0.00817209 -42322 78.5382 
453696 0.0871544 -0.00750933 -42545.3 78.6768 
454512 0.112379 0.0222388 -43018.2 78.8199 
455328 0.0732632 0.00491997 -43329.1 78.9612 
456144 0.0780071 0.00136699 -42414.6 79.1015 
456960 0.0273434 0.0217331 -43763 79.2428 
457776 0.0196954 0.017907 -44214.4 79.3864 
458592 0.020863 0.00237293 -43036.7 79.5276 
459408 0.0266867 0.0189069 -42557.2 79.6681 
460224 0.00949571 -0.00627487 -42737.1 79.8108 
461040 0.0674999 0.0577436 -43701.2 79.9525 
461856 0.035896 0.0310316 -43079.6 80.093 
462672 0.0570524 0.0565118 -44055.5 80.2354 
463488 0.0669436 0.0582442 -43884.6 80.3785 
464304 0.0566026 0.0466194 -43636.7 80.5214 
465120 0.0678709 0.0545344 -43926.7 80.6631 
465936 0.0478705 0.0331591 -43993.2 80.8029 
466752 0.0720571 0.0541679 -43845.9 80.946 
467568 0.0452024 0.0435265 -44086 81.0875 
468384 0.0663855 0.0475458 -43984 81.2268 
469200 0.0488134 0.0324759 -43471.3 81.371 
470016 0.0376802 0.0299179 -44007.9 81.5139 
470832 0.0708664 0.0589864 -43830.5 81.654 
471648 0.0538216 0.0501142 -43825.3 81.7957 
472464 0.0561402 0.0478408 -43702.3 81.9405 
473280 0.0210417 -0.000722984 -42239 82.0823 
474096 0.0118509 -0.00253723 -42224 82.2257 
474912 0.0250461 0.0205296 -41529.4 82.3673 
475728 0.0371389 0.0275732 -42016.5 82.5082 
476544 0.0463291 0.0256118 -42673.1 82.6519 
477360 0.0390066 0.0201054 -41826 82.7934 
478176 0.0314537 0.0239933 -40919.6 82.9346 
478992 0.0465233 0.0359681 -42040.6 83.0762 
479808 0.0291688 0.0195251 -41632.7 83.2193 
480624 0.0319689 0.00253961 -41119.6 83.3625 
481440 0.0373985 -0.0128837 -42134.4 83.5038 
482256 0.0269879 -0.00763167 -42458.5 83.6445 
483072 0.0425027 0.0168396 -42533.9 83.7883 
483888 0.0244158 0.0152196 -42669.4 83.931 
484704 0.0516892 0.0105106 -43164 84.0711 
485520 0.0409455 -0.0189519 -44362 84.2143 
486336 0.0178645 0.00141342 -44551.6 84.3559 
487152 0.030681 0.0304495 -44007.8 84.4963 
487968 0.0466685 0.032189 -43393 84.6385 
488784 0.063677 0.0363672 -42928.2 84.7794 
489600 0.0506611 0.0403207 -42073.6 84.9209 
490416 0.0427382 0.0142897 -41777.1 85.0594 
491232 0.0548895 0.0217714 -42058.2 85.2007 
492048 0.063399 0.0336317 -42471.2 85.3426 
492864 0.0365318 0.0149783 -43208.3 85.4848 
493680 0.0557452 0.0396093 -43159.4 85.6259 
494496 0.0579345 0.0559826 -42705.3 85.7666 
495312 0.0768604 0.0751215 -43108.5 85.9107 
496128 0.0577614 0.0558883 -43816.8 86.0516 
496944 0.0426912 0.0420422 -43435.4 86.1922 
497760 0.0293393 -0.0217964 -43485.6 86.3342 
498576 0.0401949 -0.00356443 -43469.7 86.4746 
499392 0.0491707 -0.0183022 -43705.2 86.6146 
500208 0.0373757 -0.025879 -42814.7 86.7554 
501024 0.0201363 -0.0120358 -42807.9 86.8969 
501840 0.0258501 -0.0171873 -42939.5 87.0375 
502656 0.0488633 -0.0456508 -42893.1 87.1767 
503472 0.0279226 -0.0245136 -43039.6 87.32 
504288 0.048609 0.0306611 -42472.7 87.4586 
505104 0.0526737 0.0383537 -41677.5 87.6023 
505920 0.0375462 0.0292193 -41441.1 87.7444 
506736 0.049865 0.045789 -41847.4 87.8869 
507552 0.03201 0.0290008 -42233.9 88.0266 
508368 0.0474558 -0.0246982 -41711.7 88.1703 
509184 0.0348574 0.00256195 -42325.3 88.3122 
510000 0.0331539 -0.0302813 -41946.5 88.4514 
510816 0.0363546 -0.0230407 -42132.5 88.5949 
511632 0.0346999 0.00646426 -42647.7 88.7367 
512448 0.0531857 0.0107862 -42262.7 88.881 
513264 0.0605797 -0.00189033 -41351.8 89.0235 
514080 0.0466884 0.00111689 -41877.6 89.1629 
514896 0.0535166 0.0479819 -42723.6 89.3046 
515712 0.0357873 0.00891699 -43503.6 89.4452 
516528 0.0474451 0.0205396 -43236.4 89.5863 
517344 0.0408893 0.0172042 -43863.7 89.7271 
518160 0.053134 -0.0218784 -43024.1 89.8689 
518976 0.0488828 -0.00344094 -41619.4 90.0124 
519792 0.0461105 0.0243576 -42939.5 90.155 
520608 0.0223875 -0.00300237 -42892.3 90.2952 
521424 0.0250413 0.0225542 -43144.6 90.439 
522240 0.0230674 0.0132222 -42965.2 90.5807 
523056 0.0406547 -0.0236648 -42776.9 90.7195 
523872 0.0440648 -0.0186196 -43439.9 90.8585 
524688 0.0779953 -0.0381249 -43263.8 90.997 
525504 0.065553 -0.0484618 -43171.1 91.1377 
526320 0.0340209 0.00302558 -42687.8 91.2788 
527136 0.0593963 0.0266275 -43704.2 91.4183 
527952 0.0326677 -0.0121266 -43792.1 91.557 
528768 0.0327559 0.0148328 -43305.1 91.6959 
529584 0.0488037 -0.0436465 -43743.9 91.8348 
530400 0.0316825 -0.0190971 -43449.3 91.9743 
531216 0.0234855 -0.0117841 -43257.3 92.114 
532032 0.0298935 -0.00866416 -43524.5 92.2556 
532848 0.0357289 0.0211244 -43179.8 92.3959 
533664 0.0630825 0.0212643 -43498.8 92.5372 
534480 0.0758588 -0.0275194 -43176.7 92.6796 
535296 0.107197 -0.071329 -43706.7 92.821 
536112 0.0741148 -0.0399836 -43443.3 92.9638 
536928 0.0450524 -0.0180446 -42703.5 93.1062 
537744 0.0523337 0.0266676 -42647.9 93.2464 
538560 0.0361707 -0.022472 -42342.3 93.3885 
539376 0.0438084 -0.0111042 -42298.8 93.5306 
540192 0.0679151 -0.0502401 -42990.4 93.6707 
541008 0.091053 -0.035508 -44269.4 93.8143 
541824 0.0976111 -0.0509122 -45223.9 93.9547 
542640 0.0704328 -0.0170842 -45465.8 94.0986 
543456 0.0851394 -0.0396517 -44743.2 94.241 
544272 0.0721576 -0.0489035 -43498.5 94.3821 
545088 0.065384 -0.0598894 -42885.9 94.5237 
545904 0.0592418 -0.0411637 -42924.2 94.6623 
546720 0.0423048 -0.0185876 -43223.1 94.8041 
547536 0.0444134 -0.0188355 -43874.7 94.9457 
548352 0.0436508 -0.0321891 -43399.2 95.0847 
549168 0.0498548 -0.0447638 -43248.6 95.2277 
549984 0.014738 0.0061213 -42412.2 95.3669 
550800 0.0457472 -0.0295601 -41568.5 95.5114 
551616 0.0576673 -0.010885 -41459.8 95.6543 
552432 0.0421203 -0.0105827 -42662.9 95.7945 
553248 0.0264144 -0.00666954 -43138.6 95.9359 
554064 0.0318652 0.0159666 -42490 96.0783 
554880 0.0587528 0.0307241 -41930.1 96.2176 
555696 0.0386399 0.0211489 -42822.9 96.3564 
556512 0.0348843 -0.00902028 -43208.8 96.499 
557328 0.0687767 0.0491871 -43365.2 96.642 
558144 0.0657715 0.0379149 -43643.1 96.7841 
558960 0.0603375 0.0320298 -44054.7 96.9224 
559776 0.0840525 0.0807514 -43394.8 97.0613 
560592 0.0695185 0.0672823 -43340.1 97.2009 
561408 0.0556937 0.0539181 -43302 97.3416 
562224 0.0398844 0.0221814 -43680.8 97.481 
563040 0.0292801 0.000808044 -43529 97.6208 
563856 0.0260282 -0.0159328 -43333.8 97.7619 
564672 0.0168879 -0.000736421 -44248.1 97.901 
565488 0.06477 0.0606392 -43827.6 98.0432 
566304 0.0921248 0.0879491 -44162.9 98.1833 
567120 0.0665469 0.0663598 -43576.1 98.324 
567936 0.101401 0.0988377 -43467.3 98.4673 
568752 0.0854201 0.0849823 -43342 98.6089 
569568 0.0483848 0.0481161 -43118.5 98.7493 
570384 0.0294357 0.0126574 -41958.8 98.8904 
571200 0.00972512 -0.000801722 -41987 99.0327 
572016 0.0494621 0.0347958 -42160.3 99.1753 
572832 0.0605184 0.010507 -42865.4 99.3151 
573648 0.0384737 -0.00587845 -42468.9 99.4572 
574464 0.0184084 -0.0134776 -42891.6 99.6007 
575280 0.0258846 -0.019605 -41650.5 99.7421 
576096 0.0350558 -0.0341107 -41183.5 99.8838 
576912 0.0480178 -0.0433304 -41389.2 100.024 
577728 0.0144744 0.00167852 -40539.3 100.168 
578544 0.0175746 0.0138182 -40931.6 100.31 
579360 0.0186412 0.0102404 -41183.6 100.45 
580176 0.0229456 0.0115763 -42262.7 100.591 
580992 0.0118191 -0.00231386 -41777.2 100.732 
581808 0.0267677 0.0123548 -42438.3 100.874 
582624 0.0159238 -0.00245308 -41669.6 101.017 
583440 0.027812 0.0259019 -42287.9 101.159 
584256 0.0645095 0.0619699 -42374.2 101.299 
585072 0.0417428 0.0246881 -42272.5 101.442 
585888 0.0413912 0.031721 -42439.7 101.583 
586704 0.0157821 0.00251548 -41936.7 101.724 
587520 0.0116937 0.00584244 -42564.8 101.866 
588336 0.0176359 0.00223659 -43088.9 102.01 
589152 0.0458164 0.0316395 -42692 102.153 
589968 0.0414197 0.0347747 -42865.9 102.295 
590784 0.0581196 0.0441552 -43824.2 102.436 
591600 0.034312 0.018165 -44130.2 102.58 
592416 0.0639311 -0.00509727 -45057.7 102.722 
593232 0.0687452 0.00330722 -44650.1 102.866 
594048 0.0538398 -0.0288043 -44809.2 103.005 
594864 0.0327162 0.0147894 -44101.1 103.148 
595680 0.0420017 -0.0317491 -44428.5 103.292 
596496 0.0272107 -0.0150005 -43549.9 103.434 
597312 0.0498121 -0.00694549 -43192.3 103.573 
598128 0.0607423 0.0201593 -43561.1 103.715 
598944 0.0407738 0.0293388 -44259.2 103.857 
599760 0.0638559 -0.0555701 -44681.5 103.996 
600576 0.0405084 -0.0330422 -43602.3 104.14 
601392 0.0441332 -0.0293057 -43812.7 104.282 
602208 0.0359769 -0.0110725 -43377.1 104.422 
603024 0.0383701 -0.0183179 -43502.8 104.563 
603840 0.0362362 -0.0236299 -44010.4 104.704 
604656 0.0305886 -0.00525877 -43545.8 104.847 
605472 0.0366408 -0.0085635 -44090 104.988 
606288 0.0524375 0.000797272 -44084.8 105.125 
607104 0.0636738 -0.034467 -44411.2 105.265 
607920 0.0597605 -0.0378304 -43544.1 105.405 
608736 0.0563653 -0.0284077 -43943 105.546 
609552 0.0101485 0.00565068 -43049.1 105.689 
610368 0.00878707 -0.00276822 -42998.5 105.83 
611184 0.0163926 -0.000549544 -42201.8 105.971 
612000 0.0255708 -0.0152997 -42424.8 106.115 
612816 0.0211145 -0.00171415 -42386 106.257 
613632 0.0365621 0.0109065 -41890.6 106.4 
614448 0.0294831 0.01265 -42299.5 106.539 
615264 0.0251926 -0.0215486 -42596.8 106.68 
616080 0.0273379 -0.0174599 -43506.9 106.824 
616896 0.0110238 -0.00475956 -42803.6 106.966 
617712 0.0597973 -0.0517918 -43749.5 107.107 
618528 0.0505559 -0.0126457 -44130.2 107.248 
619344 0.0714819 -0.0348073 -44127.5 107.391 
620160 0.053962 -0.016981 -44438.7 107.536 
620976 0.0268835 0.023132 -44960.1 107.675 
621792 0.0137347 -0.0106204 -43946.4 107.817 
622608 0.046965 0.0418245 -43486.2 107.961 
623424 0.0254911 0.0214244 -43129.6 108.103 
624240 0.0353949 0.0265221 -42517.8 108.244 
625056 0.0232429 0.00591062 -42543.8 108.385 
625872 0.0450207 -0.015982 -42391.4 108.529 
626688 0.0663797 -0.0126911 -42355.9 108.672 
627504 0.0586594 -0.0334563 -42914.4 108.811 
628320 0.0449524 -0.00374126 -43884.4 108.955 
629136 0.0501335 0.0241973 -43112 109.094 
629952 0.0275487 -0.00625291 -42747.6 109.237 
630768 0.00848253 -0.00749629 -43667.7 109.381 
631584 0.0234404 -0.0146825 -43855.3 109.523 
632400 0.0360178 -0.0334197 -43531.6 109.663 
633216 0.053765 -0.0466464 -42749.7 109.807 
634032 0.0192508 -0.0129955 -42303.6 109.95 
634848 0.00629028 0.000564578 -42017.1 110.089 
635664 0.0325794 0.0132252 -42346.6 110.231 
636480 0.0373258 0.0330444 -43524.2 110.373 
637296 0.0442174 0.0425452 -43021.1 110.515 
638112 0.0100376 0.0045652 -43390.7 110.656 
638928 0.045819 0.0429863 -42889.9 110.797 
639744 0.0221201 0.0108725 -41900.1 110.939 
640560 0.0370548 0.0365082 -42033 111.08 
641376 0.00799998 -0.00186296 -41849.2 111.222 
642192 0.0274328 -0.0218092 -41888.6 111.363 
643008 0.0114436 -0.00564352 -41586.2 111.505 
643824 0.0262727 -0.0258747 -42268.7 111.645 
644640 0.0419244 -0.0368763 -41328.3 111.784 
645456 0.0362313 0.00981916 -41033.6 111.926 
646272 0.0591858 -0.0489639 -41169.8 112.066 
647088 0.0708912 -0.0421571 -41396.6 112.208 
647904 0.0267896 -0.00629219 -40729.1 112.351 
648720 0.0305861 -0.0113364 -41965.2 112.492 
649536 0.0360922 0.0125803 -42502.3 112.632 
650352 0.0508226 -0.0101046 -43399.9 112.774 
651168 0.0562391 -0.0286596 -42535.5 112.913 
651984 0.0430752 0.023194 -42464.8 113.052 
652800 0.0457411 -0.00892291 -43168.8 113.193 
653616 0.0691426 0.0234977 -44285.2 113.339 
654432 0.0604172 0.0104426 -44102.8 113.481 
655248 0.0563188 -0.0455609 -44985.9 113.627 
656064 0.0452323 -0.000885613 -44163.6 113.768 
656880 0.0612018 -0.0204082 -43985.7 113.915 
657696 0.094348 -0.0476055 -43216.4 114.06 
658512 0.0875936 -0.0342204 -42826.2 114.202 
659328 0.0457405 -0.0321847 -42911.7 114.35 
660144 0.0467088 -0.0360103 -41864.3 114.49 
660960 0.0481191 -0.0420723 -40577.9 114.628 
661776 0.0377876 0.0202354 -42038.1 114.767 
662592 0.0244014 0.0111766 -41574 114.905 
663408 0.0380174 -0.0270309 -42528.9 115.048 
664224 0.0557308 0.00148747 -42551 115.189 
665040 0.0540644 -0.0196532 -42626.5 115.329 
665856 0.0191004 -0.00580098 -42458 115.47 
666672 0.0363917 0.0279159 -42315.6 115.612 
667488 0.0753554 0.0531717 -42626.2 115.753 
668304 0.0482446 0.0451947 -42867.2 115.896 
669120 0.0292264 0.0273366 -42632.4 116.038 
669936 0.0494138 0.0352756 -42243.6 116.177 
670752 0.0560471 0.046305 -41799.3 116.317 
671568 0.0759847 0.058058 -41839.4 116.46 
672384 0.062066 0.0521656 -41695.7 116.601 
673200 0.0475143 0.0378969 -40889.7 116.741 
674016 0.0281408 0.0138681 -40672.4 116.881 
674832 0.00918872 0.00050869 -40904.2 117.023 
675648 0.0306924 0.0216225 -41989.9 117.162 
676464 0.0247868 0.023857 -42279.6 117.305 
677280 0.0522204 0.0342768 -42351.4 117.447 
678096 0.0373602 0.0103402 -42008.7 117.587 
678912 0.0452558 -0.0364654 -41885.6 117.73 
679728 0.044538 -0.00821187 -42445.6 117.872 
680544 0.0531161 0.0202681 -42544.4 118.012 
681360 0.0413799 -0.036637 -42022 118.153 
682176 0.0191423 -0.016221 -42546.3 118.297 
682992 0.0197524 -0.018763 -42314.7 118.441 
683808 0.0122054 -0.00653537 -42254.9 118.581 
684624 0.019976 0.0152376 -42143.3 118.722 
685440 0.00964925 0.00124235 -43395 118.866 
686256 0.0255798 -0.012233 -43858.3 119.008 
687072 0.0311489 0.0157111 -43910.4 119.15 
687888 0.039919 -0.0082658 -43626.2 119.29 
688704 0.0584832 0.0308082 -44657.5 119.43 
689520 0.0371332 -0.0146315 -43888.4 119.572 
690336 0.0532473 -0.0525552 -43605.5 119.713 
691152 0.0345619 -0.0331469 -43093.7 119.855 
691968 0.0265876 -0.014549 -42584.4 119.993 
692784 0.0133719 -0.0130111 -43696.7 120.132 
693600 0.0492812 -0.0323139 -43280.4 120.273 
694416 0.0362345 0.0298923 -43134.9 120.417 
695232 0.0350647 -0.0228487 -44063.3 120.557 
696048 0.0281653 -0.0249617 -43242.6 120.701 
696864 0.02558 -0.0210249 -42188.1 120.844 
697680 0.00660226 -0.00197267 -42160.4 120.984 
698496 0.0103431 0.00680671 -42290.4 121.128 
699312 0.0261375 -0.025724 -42266.4 121.267 
700128 0.0608066 -0.0550396 -42963.1 121.411 
700944 0.039767 -0.0125639 -42776 121.555 
701760 0.0467618 0.0169148 -42109.8 121.695 
702576 0.0493993 0.0479631 -41667.9 121.839 
703392 0.061704 0.057685 -41633.2 121.979 
704208 0.0319444 -0.0138288 -41089.6 122.12 
705024 0.0418014 0.0154511 -41575.7 122.263 
705840 0.0229586 -0.0164318 -42296.4 122.404 
706656 0.0354142 0.00304224 -42142.3 122.548 
707472 0.0314083 -0.015056 -42618.9 122.687 
708288 0.052402 -0.0403201 -43072.7 122.83 
709104 0.0578823 -0.0246299 -42318.9 122.972 
709920 0.0712666 -0.0326039 -42657.1 123.111 
710736 0.0642488 -0.0358228 -41976.5 123.256 
711552 0.0676251 -0.0364469 -42000.4 123.396 
712368 0.0463689 -0.0227214 -42082.7 123.541 
713184 0.0356917 -0.0256139 -43072.8 123.683 
714000 0.0214454 -0.00653916 -43139.3 123.826 
714816 0.053904 0.0009971 -43255.7 123.969 
715632 0.0496239 1.83867e-05 -42865 124.108 
716448 0.0420477 0.0242935 -42712.9 124.247 
717264 0.0460113 0.0188349 -42501.7 124.386 
718080 0.0643709 0.0315691 -42680.2 124.526 
718896 0.05365 0.00779761 -42828.4 124.669 
719712 0.0440534 -0.00702779 -44017.4 124.807 
720528 0.0805596 0.0347748 -43195.4 124.947 
721344 0.0613006 -0.0038226 -42419.8 125.085 
722160 0.0554039 0.00350964 -43402.1 125.224 
722976 0.0279836 0.0151812 -43386.9 125.362 
723792 0.0555333 -0.0145208 -43776.2 125.5 
724608 0.0844238 -0.0406084 -43501.3 125.638 
725424 0.0469481 -0.0195263 -43369.6 125.779 
726240 0.0424968 -0.0358038 -44182.5 125.921 
727056 0.0267069 0.0164212 -43924.4 126.061 
727872 0.0339449 0.0197241 -43371.1 126.204 
728688 0.0412423 0.030051 -42875 126.345 
729504 0.0374152 -0.00453915 -42670.1 126.486 
730320 0.0627698 0.00282311 -42439.5 126.627 
731136 0.0697717 -0.0319888 -42057.9 126.769 
731952 0.047433 0.0120727 -43177.3 126.909 
732768 0.0850671 0.0599421 -42904.6 127.05 
733584 0.0675772 0.0388925 -42733.1 127.19 
734400 0.0437592 0.0245873 -42695.4 127.332 
735216 0.061656 -0.0334813 -42689 127.474 
736032 0.032151 0.018313 -42067.1 127.613 
736848 0.0317328 0.0154453 -42115.2 127.751 
737664 0.077708 -0.0360317 -42514.8 127.889 
738480 0.0804021 0.000827956 -42739.5 128.029 
739296 0.0588449 0.000876777 -41635.1 128.171 
740112 0.0680452 -0.00687005 -42045.7 128.313 
740928 0.0294669 -0.0246989 -42356.2 128.456 
741744 0.0114615 0.00582902 -42557.5 128.595 
742560 0.0401065 0.0168053 -43042.3 128.74 
743376 0.0418621 0.0416823 -42309.4 128.88 
744192 0.0566614 0.0501592 -42498.8 129.023 
745008 0.0422835 0.0293026 -43103 129.165 
745824 0.0223969 0.0124891 -42519.9 129.309 
746640 0.0278995 0.0186192 -42025.4 129.452 
747456 0.0145371 -0.00478066 -42239.6 129.592 
748272 0.0199828 -0.0141631 -42735.8 129.733 
749088 0.0401871 -0.0229546 -42144.9 129.873 
749904 0.028193 -0.0183781 -42412.9 130.011 
750720 0.0208449 -0.0106995 -42484.7 130.152 
751536 0.0222042 -0.0152754 -42755.7 130.291 
752352 0.0268998 -0.0164358 -42680.5 130.432 
753168 0.0443277 -0.0337283 -42748.6 130.57 
753984 0.0541472 -0.0203587 -41910.2 130.71 
754800 0.0388972 -0.0280193 -41773.5 130.85 
755616 0.0351652 0.0299445 -42626 130.989 
756432 0.0637779 0.0450187 -42754.5 131.129 
757248 0.0512335 0.0180763 -42618 131.269 
758064 0.0698435 0.0477423 -41381.4 131.408 
758880 0.0704157 -0.00226167 -40997.6 131.548 
759696 0.065318 0.0140775 -41098.7 131.689 
760512 0.0200726 0.0151219 -41648.3 131.829 
761328 0.0232992 0.0115182 -41546.9 131.972 
762144 0.0354175 0.0156283 -42525.5 132.113 
762960 0.0523271 0.0163109 -42412.5 132.253 
763776 0.0362985 -0.018441 -42215.9 132.398 
764592 0.0264534 -0.0256975 -41757.6 132.538 
765408 0.0116365 0.00229928 -41530.1 132.681 
766224 0.0350748 -0.0302936 -41311.8 132.824 
767040 0.0241699 0.00492981 -41667.8 132.965 
767856 0.0470442 -0.0347601 -41341.6 133.109 
768672 0.031694 0.00304774 -41840.5 133.251 
769488 0.0289866 0.00693669 -42192.3 133.394 
770304 0.0370797 -0.02466 -43142.6 133.537 
771120 0.0552888 -0.0288965 -43542.4 133.678 
771936 0.0597511 -0.055818 -43004.8 133.821 
772752 0.0340103 -0.0262947 -42855.8 133.959 
773568 0.0479803 -0.0301753 -42319.8 134.103 
774384 0.0493932 -0.0406006 -42364.6 134.243 
775200 0.0289817 0.0216224 -42032.4 134.386 
776016 0.0275287 -0.0054098 -42733.6 134.528 
776832 0.0105227 -0.000316889 -42766.3 134.67 
777648 0.052697 -0.0506425 -42784.2 134.814 
778464 0.0570891 -0.046567 -42883.8 134.956 
779280 0.0582649 -0.0297112 -43522 135.098 
780096 0.0419179 -0.0243564 -44566.8 135.24 
780912 0.0226591 0.0132638 -44161.3 135.381 
781728 0.0179438 -0.00169022 -44482.9 135.527 
782544 0.0235208 -0.0102637 -44771.4 135.667 
783360 0.0486558 -0.0467196 -44552.5 135.81 
784176 0.0170122 -0.00374377 -43820 135.953 
784992 0.0256116 -0.0114283 -43103.7 136.095 
785808 0.0524645 -0.0447205 -43383.8 136.24 
786624 0.0413311 -0.0105095 -43026.2 136.381 
787440 0.0516735 -0.000956091 -42435.3 136.524 
788256 0.0287784 0.00228562 -41945.8 136.666 
789072 0.0377594 0.0200004 -42032 136.808 
789888 0.0597208 0.0231183 -42823.8 136.953 
790704 0.0293024 -0.00877892 -42549.9 137.092 
791520 0.0552508 0.0386933 -43468.2 137.237 
792336 0.0582617 0.0365605 -42505.2 137.381 
793152 0.0532339 0.0252832 -42340.7 137.522 
793968 0.0457982 -0.00534526 -42528.2 137.665 
794784 0.0597024 -0.0121435 -42912.8 137.807 
795600 0.0509568 0.00234639 -42972.4 137.95 
796416 0.0528525 -0.0315007 -43043.8 138.093 
797232 0.0335834 -0.0278851 -43986.4 138.233 
798048 0.0388348 0.0125634 -43319.1 138.372 
798864 0.0249163 0.00161699 -43745.3 138.513 
799680 0.0237813 -0.0102851 -42620 138.654 
800496 0.0362689 0.0146618 -43076.2 138.796 
801312 0.0416845 -0.00115856 -43508.9 138.938 
802128 0.0710959 -0.0267548 -43645.4 139.077 
802944 0.0318777 -0.0200527 -42811.6 139.223 
803760 0.0184559 -0.000829609 -43219 139.364 
804576 0.0505453 -0.0453655 -43056.5 139.504 
805392 0.0428651 0.0170511 -43541.8 139.648 
806208 0.0380844 0.00946163 -42076.5 139.788 
807024 0.0431231 -0.0114041 -41751.4 139.932 
807840 0.0520875 0.0415383 -41752.8 140.076 
808656 0.049533 0.0487227 -43270.9 140.218 
809472 0.0375437 0.00133789 -42963 140.361 
810288 0.0712884 0.00314017 -44387.6 140.502 
811104 0.0328297 0.00281106 -43520.6 140.644 
811920 0.0530151 0.0128168 -43644 140.783 
812736 0.0572039 0.0332118 -44022.9 140.927 
813552 0.042988 0.01039 -43586.6 141.069 
814368 0.0397585 0.0367219 -44221.7 141.212 
815184 0.0687718 0.0623703 -44276.6 141.357 
