0 0.0108143 0.00630855 -32261.3 0 
816 0.0103247 -0.00452372 -34282.4 0.137294 
1632 0.0484227 0.0292781 -35349.5 0.274314 
2448 0.0502706 0.0411844 -36453.8 0.411274 
3264 0.0307685 0.0290902 -38523.6 0.548167 
4080 0.0660769 0.0644032 -39763.1 0.685782 
4896 0.0192019 -0.0143443 -40658.1 0.823204 
5712 0.0516071 0.024984 -41713 0.96037 
6528 0.0497154 -0.00229518 -40841.5 1.09757 
7344 0.0705698 0.0222596 -41334.7 1.23487 
8160 0.0521724 0.0275913 -41856.4 1.37227 
8976 0.0575674 -0.000977015 -41431.1 1.50937 
9792 0.0433847 0.0312793 -42143.4 1.64638 
10608 0.0372322 -0.00297018 -41723.4 1.78377 
11424 0.0553846 0.029535 -42654.7 1.92096 
12240 0.0586214 -0.0368759 -42615.1 2.05774 
13056 0.0295056 0.0271757 -42859.1 2.19479 
13872 0.0154891 0.0141451 -42164.3 2.33189 
14688 0.0380199 0.0268107 -41718.7 2.46903 
15504 0.022191 -0.00126835 -41324.8 2.60612 
16320 0.0507303 0.0169725 -41661.8 2.7432 
17136 0.060972 0.00502986 -41502.1 2.88019 
17952 0.075811 -0.0230765 -41284.6 3.01733 
18768 0.0619274 -0.003241 -41487.3 3.15429 
19584 0.066578 -0.00447958 -40633.6 3.29127 
20400 0.0684575 0.0114706 -41028.3 3.42821 
21216 0.0764832 -0.0134884 -41764 3.56527 
22032 0.0624949 0.0546793 -42796.5 3.70265 
22848 0.0874295 0.0754643 -43250.5 3.83971 
23664 0.0406377 0.0313444 -43786.7 3.97691 
24480 0.0315947 0.0189049 -43395.5 4.11422 
25296 0.0480604 -0.00690834 -43908.1 4.25189 
26112 0.0590311 0.0216116 -43877.3 4.38937 
26928 0.0370345 0.0221654 -43401.4 4.52661 
27744 0.0324763 -0.0226934 -43732.1 4.66365 
28560 0.0532206 0.0347315 -45009.5 4.80078 
29376 0.0486697 0.0197474 -44419.1 4.93792 
30192 0.0361997 0.0213098 -43348.4 5.07507 
31008 0.0291394 -0.00848558 -43481.5 5.21205 
31824 0.035937 0.00213999 -43076 5.34915 
32640 0.0823514 0.0732589 -42905.8 5.48637 
33456 0.0765905 0.0657759 -43402.3 5.62322 
34272 0.0618781 0.0324207 -44300.7 5.76074 
35088 0.0731753 0.0361648 -43008.8 5.89816 
35904 0.0758074 0.0230373 -43632.4 6.03527 
36720 0.102115 0.0639191 -43854.1 6.17267 
37536 0.0992579 0.0527014 -42619.5 6.31029 
38352 0.0753603 0.0296255 -42065.3 6.44751 
39168 0.0572784 0.0330278 -42451.6 6.58474 
39984 0.0749404 0.029577 -42771.5 6.7221 
40800 0.0990838 0.0615517 -43247.5 6.85966 
41616 0.10896 0.0655505 -43663.1 6.99722 
42432 0.0888664 0.0371748 -44091 7.13431 
43248 0.0626818 0.0110147 -44373.7 7.2715 
44064 0.0484328 0.014815 -43192.1 7.40881 
44880 0.0640951 -0.0132975 -43834.8 7.54583 
45696 0.0563698 0.00110786 -43750.9 7.68306 
46512 0.052595 0.0092505 -43495.5 7.82004 
47328 0.0574937 -0.0135547 -44049.1 7.95753 
48144 0.0545436 0.000684309 -44166.2 8.09444 
48960 0.0546896 -0.00252323 -44247 8.23144 
49776 0.0756994 -0.0263296 -44789.4 8.36871 
50592 0.0500352 -0.0145333 -44867.8 8.50581 
51408 0.0414741 0.00299096 -44347.8 8.64302 
52224 0.0548867 0.00406918 -44220.8 8.78019 
53040 0.033841 0.0174194 -44990.4 8.91708 
53856 0.0398894 0.0211618 -43850.2 9.05442 
54672 0.058018 0.0248231 -44061 9.19198 
55488 0.0533275 0.0163129 -43679.8 9.32936 
56304 0.0529988 0.00800823 -43477.6 9.46684 
57120 0.0565675 0.0263864 -43813.6 9.60407 
57936 0.0281396 0.0212398 -44017.5 9.74106 
58752 0.0555877 -0.00381351 -43948.8 9.87898 
59568 0.0536286 -0.0301433 -44266.9 10.0163 
60384 0.0461377 -0.0241222 -43991.5 10.1537 
61200 0.0478875 -0.0411123 -43253.3 10.2908 
62016 0.0174861 0.00864288 -44297.1 10.428 
62832 0.0169695 -0.0136016 -44293.1 10.565 
63648 0.0283582 0.0174725 -44073.1 10.7021 
64464 0.0418132 0.00381673 -43472.9 10.8392 
65280 0.0160821 -0.0109298 -43866.4 10.9764 
66096 0.03215 -0.0288494 -44194.3 11.1136 
66912 0.0474319 -0.0200951 -44074.2 11.2507 
67728 0.0187919 -0.00947559 -44538.2 11.3879 
68544 0.0231916 -0.00492399 -44595.9 11.5251 
69360 0.0370015 -0.0171046 -44167.5 11.6622 
70176 0.0352777 -0.0206141 -44216.7 11.7995 
70992 0.0297361 0.00208787 -44767.5 11.9367 
71808 0.032553 0.0240445 -44407.5 12.0738 
72624 0.0384856 0.00161279 -44231.8 12.2111 
73440 0.0367188 -0.00667397 -43717.9 12.3489 
74256 0.0391999 -0.0127635 -44115.7 12.4858 
75072 0.0249292 0.00476049 -44569.7 12.6231 
75888 0.0264154 -0.0154687 -43469 12.7601 
76704 0.0653214 -0.0450281 -45091.7 12.8974 
77520 0.0549083 -0.0159485 -44418.3 13.0345 
78336 0.0451717 -0.0296452 -43923.3 13.1719 
79152 0.0350054 -0.0112203 -44368.6 13.3089 
79968 0.0159488 0.00117248 -43838.9 13.4464 
80784 0.024017 -0.00108107 -44371 13.5836 
81600 0.0662896 -0.0191201 -43065 13.7206 
82416 0.0935865 -0.0172893 -42354.3 13.8577 
83232 0.0862112 -0.00289844 -43620.3 13.9948 
84048 0.0440943 -0.0154742 -43184.5 14.1318 
84864 0.0282009 -0.000452426 -43010.5 14.2688 
85680 0.0485417 -0.0230596 -42932.1 14.406 
86496 0.0251817 -0.0125292 -42959.1 14.5431 
87312 0.0249055 0.00734393 -43739.7 14.6802 
88128 0.0352876 0.0189879 -43692.5 14.8174 
88944 0.0271129 0.0209284 -44278.9 14.9548 
89760 0.0396695 0.0148987 -44248.9 15.092 
90576 0.0500385 0.00993105 -43781.8 15.2291 
91392 0.0492502 0.0219343 -42705 15.3664 
92208 0.0505167 -0.0367204 -42753.2 15.5037 
93024 0.0497444 -0.0394865 -42923.2 15.6412 
93840 0.0625403 -0.0520462 -44013.2 15.7788 
94656 0.0385548 -0.0139903 -44214.4 15.9161 
95472 0.0414962 0.00184744 -43683.4 16.0533 
96288 0.0511883 0.00774404 -43433.4 16.1905 
97104 0.0708227 -0.0186544 -42515 16.3277 
97920 0.0560844 -0.0313642 -41446.4 16.4647 
98736 0.0508935 0.0094012 -41709.6 16.6016 
99552 0.0593795 -0.0154624 -42197.5 16.739 
100368 0.036725 -0.0150338 -41959.2 16.8762 
101184 0.0304593 -0.009818 -42379.7 17.0135 
102000 0.0506931 -0.0341022 -42672.5 17.1512 
102816 0.0372869 0.0255667 -42469.2 17.2882 
103632 0.0717307 0.0618878 -42578.1 17.4252 
104448 0.0614704 0.0485691 -42241.9 17.5621 
105264 0.0892255 0.0871572 -43588.4 17.6991 
106080 0.0853976 0.0803383 -42675.1 17.8362 
106896 0.0191688 0.01287 -41698.3 17.9734 
107712 0.0567509 0.0181208 -41570.2 18.1108 
108528 0.0496009 0.0230683 -41103.1 18.2479 
109344 0.0494305 0.0201184 -41249.4 18.3849 
110160 0.0456433 0.0172346 -41754.3 18.522 
110976 0.0571078 -0.0105144 -42136.4 18.6592 
111792 0.0586035 0.0405449 -42387.2 18.7964 
112608 0.0297833 0.00600433 -42346.8 18.9339 
113424 0.0481011 0.0379452 -41576.1 19.0711 
114240 0.0836188 0.0708197 -42227.6 19.2082 
115056 0.0517528 0.0281314 -42518.9 19.3452 
115872 0.0224968 0.00559604 -42959.4 19.4798 
116688 0.0360638 0.0238388 -42746.3 19.6174 
117504 0.0415207 0.0214093 -42800.3 19.7545 
118320 0.0232563 0.00243276 -43030.2 19.8916 
119136 0.0315503 -0.0213151 -43675.3 20.0289 
119952 0.00889213 -0.00167539 -42281.5 20.1663 
120768 0.0469273 -0.0226317 -42579.3 20.3036 
121584 0.0417901 0.000673968 -41856.3 20.4407 
122400 0.0501258 -0.0186083 -42379.1 20.5779 
123216 0.0306725 -0.019 -42461.7 20.7151 
124032 0.0483318 0.00772022 -43130.5 20.8522 
124848 0.0628064 0.035747 -42864.5 20.9896 
125664 0.0552073 0.00820819 -43675.9 21.1269 
126480 0.0508478 -0.00902697 -43894.3 21.264 
127296 0.0364954 0.00927785 -43589.8 21.4014 
128112 0.0365494 -0.0240232 -43631.3 21.5389 
128928 0.0457432 -0.0441868 -43910.5 21.6765 
129744 0.0472297 -0.042236 -44052.3 21.8137 
130560 0.0455585 -0.015013 -44782.7 21.9507 
131376 0.062959 -0.0294178 -43500.6 22.088 
132192 0.0520045 0.00553498 -42802.1 22.2255 
133008 0.035778 -0.0122097 -42410.3 22.3628 
133824 0.028458 -0.0179124 -43051.9 22.4994 
134640 0.0338757 -0.0302868 -42235.4 22.637 
135456 0.0370613 -0.0222312 -42917.3 22.7742 
136272 0.0478889 -0.0420108 -43095.9 22.9114 
137088 0.0688007 -0.0340282 -42153.3 23.0486 
137904 0.078075 -0.029918 -41685.9 23.1858 
138720 0.0719579 0.0273228 -42709.4 23.323 
139536 0.0674645 -0.0310209 -42888.5 23.4606 
140352 0.042981 0.00870246 -42554.9 23.5976 
141168 0.025703 0.0162155 -43258.8 23.7348 
141984 0.0403273 0.00996578 -43449 23.8724 
142800 0.0209692 0.0193989 -43110.1 24.0098 
143616 0.0399947 0.0229777 -43752 24.1474 
144432 0.0363064 0.0233385 -44537.8 24.2847 
145248 0.00534101 0.00412288 -43889.5 24.4221 
146064 0.037763 0.0370851 -44045.7 24.5594 
146880 0.0392662 -0.0328614 -43370.3 24.6969 
147696 0.0619156 -0.046128 -43922.9 24.8333 
148512 0.0394177 -0.0098568 -43888.5 24.9708 
149328 0.0420925 -0.0355319 -42840.1 25.1079 
150144 0.0273677 0.00201153 -42915.2 25.2455 
150960 0.0421891 0.0294445 -43579.8 25.382 
151776 0.0573753 0.0452412 -44596.9 25.5192 
152592 0.0124965 0.000646459 -44692.4 25.6566 
153408 0.0393356 -0.0195432 -44615.3 25.7936 
154224 0.0291756 0.0155481 -43802.2 25.9314 
155040 0.0326301 0.0168914 -43109.3 26.0688 
155856 0.0455082 0.0273596 -43152.2 26.2058 
156672 0.0299781 -0.0141596 -43612.3 26.343 
157488 0.0167163 0.00262518 -43348.8 26.4802 
158304 0.0132447 0.00973126 -42769.4 26.6177 
159120 0.0198741 0.0107001 -41454.5 26.7551 
159936 0.07189 -0.0276255 -41698.3 26.8921 
160752 0.0371988 -0.0129919 -41156.1 27.0295 
161568 0.0353092 0.0187446 -40521.3 27.1664 
162384 0.0419697 0.0284479 -41662.2 27.3036 
163200 0.0338216 0.0157245 -41713 27.441 
164016 0.0331658 0.0206845 -41025.9 27.5783 
164832 0.0346528 -0.0184368 -41651.4 27.7156 
165648 0.0172389 -0.00429044 -41583.6 27.8527 
166464 0.021867 0.00595927 -41462.7 27.9896 
167280 0.0377902 0.0354241 -42171 28.1267 
168096 0.0262965 0.0229229 -42662.6 28.2638 
168912 0.0456554 0.0438522 -42340.8 28.401 
169728 0.0404245 0.0207413 -42145.1 28.5384 
170544 0.00978813 0.00797216 -42686.2 28.6754 
171360 0.0240411 0.00805634 -42857.1 28.8127 
172176 0.0402969 -0.037524 -42774.6 28.9499 
172992 0.0481609 0.0275155 -42612.1 29.0871 
173808 0.0327247 -0.00684812 -42237.8 29.2169 
174624 0.0483059 -0.0324437 -42643.1 29.3541 
175440 0.0386521 -0.0291426 -42771.5 29.4913 
176256 0.00939677 -0.00618629 -42945 29.6299 
177072 0.0511304 -0.0361455 -42203.3 29.7672 
177888 0.0344092 0.0131259 -42789 29.9047 
178704 0.0397573 0.0042707 -44037.3 30.0417 
179520 0.032996 -0.0137665 -43497.4 30.179 
180336 0.0416919 0.0152953 -43801.1 30.3161 
181152 0.0253755 -0.0175743 -43949.1 30.4535 
181968 0.0383895 0.0248471 -44141.9 30.5907 
182784 0.0431319 0.0128877 -43537.3 30.7273 
183600 0.0467341 0.0191489 -43654.4 30.8645 
184416 0.038376 0.0178567 -43433.6 31.0009 
185232 0.0279169 0.0225123 -43609.4 31.138 
186048 0.0442973 0.0416142 -43135.6 31.2751 
186864 0.0283964 0.0120844 -43039.3 31.4126 
187680 0.0179642 0.0084571 -43006.6 31.55 
188496 0.0622395 0.0306541 -43719.1 31.6871 
189312 0.0530877 0.0262628 -43969 31.8242 
190128 0.0683288 0.0162865 -43532.2 31.9615 
190944 0.0249612 0.00980539 -43445 32.0988 
191760 0.064368 0.0258135 -43479.7 32.236 
192576 0.0479822 0.0403102 -43664.3 32.3732 
193392 0.0617538 0.0470984 -43313.8 32.5103 
194208 0.0545347 0.0386834 -42489 32.6475 
195024 0.0239847 0.000376656 -43138.6 32.7845 
195840 0.0346604 -0.0297251 -43487.3 32.9215 
196656 0.0232735 -0.0150393 -43063.3 33.0587 
197472 0.0260648 -0.0205801 -43376.1 33.1958 
198288 0.0273203 0.0245176 -42792.4 33.333 
199104 0.0335258 0.0327899 -42922.1 33.4705 
199920 0.0270354 -0.00616271 -43329.9 33.6077 
200736 0.0577575 -0.0423148 -43663.7 33.7451 
201552 0.0647905 -0.0593097 -43569.1 33.8821 
202368 0.0471542 -0.0286814 -43826.2 34.0193 
203184 0.0302921 -0.0180395 -43550.8 34.1565 
204000 0.0769343 -0.0736769 -43459.4 34.2938 
204816 0.0621401 -0.055636 -42760.6 34.431 
205632 0.0304872 -0.0176189 -42351.3 34.5682 
206448 0.0330509 -0.0160908 -42929.4 34.7058 
207264 0.0540568 -0.0239444 -42965.5 34.8432 
208080 0.0736119 0.0137534 -42633.3 34.9803 
208896 0.0546037 0.0190739 -42464.1 35.1182 
209712 0.0421552 -0.00437993 -42627.5 35.256 
210528 0.0465683 0.000136037 -42996.8 35.3933 
211344 0.0538191 0.0138929 -43297.5 35.5306 
212160 0.054051 -0.0146838 -41898.7 35.668 
212976 0.0491472 -0.0189222 -42416.7 35.8055 
213792 0.0340623 -0.00415555 -43195.5 35.9427 
214608 0.0445681 -0.020546 -43038.9 36.0799 
215424 0.0433504 -0.0408649 -42178.9 36.2175 
216240 0.0571379 -0.0545268 -42530.7 36.3545 
217056 0.022609 0.00634604 -42493.5 36.4915 
217872 0.0413066 -0.0165713 -42132.2 36.6288 
218688 0.0655865 -0.0510374 -42337.9 36.7658 
219504 0.050604 -0.0344605 -42441.8 36.9033 
220320 0.0736567 -0.0625489 -42298.8 37.0404 
221136 0.054106 -0.0390577 -42274.8 37.1775 
221952 0.0143132 -0.00393894 -41653.3 37.3148 
222768 0.00870069 -0.00344479 -41946.4 37.4521 
223584 0.0345182 -0.0171913 -41921.7 37.5891 
224400 0.0331057 0.0131999 -41693 37.7263 
225216 0.0554469 0.0413428 -42648.1 37.8635 
226032 0.0531338 0.0281862 -42125.1 38.0007 
226848 0.0202472 0.0104873 -41372.4 38.1381 
227664 0.0254058 -0.00186529 -40902.2 38.2754 
228480 0.0290136 0.015747 -42038 38.4125 
229296 0.0263155 0.0224133 -42182.8 38.5494 
230112 0.0164826 -0.0130994 -41960.9 38.6867 
230928 0.03721 -0.0165827 -41664.8 38.8239 
231744 0.027517 -0.00666491 -41144.5 38.9612 
232560 0.0611599 0.0434503 -41820.8 39.0988 
233376 0.0727765 0.0532252 -42144.2 39.2363 
234192 0.0541699 -0.000404146 -42714.1 39.3737 
235008 0.0283607 0.0174483 -42611.4 39.5109 
235824 0.0354552 -0.0192986 -43055.2 39.6483 
236640 0.0256572 0.00300788 -43357.9 39.7855 
237456 0.0589534 -0.0267158 -43138.8 39.9226 
238272 0.0419893 -0.0102507 -43925.8 40.0598 
239088 0.0152916 0.0120497 -42199.4 40.1972 
239904 0.0338342 -0.00330309 -41777.7 40.3344 
240720 0.079841 0.019821 -42198.6 40.4718 
241536 0.0704181 -0.000368943 -42196.9 40.6089 
242352 0.0966323 0.047676 -42755.2 40.7462 
243168 0.0701294 0.0214362 -42717.2 40.8841 
243984 0.0567359 0.0042027 -42850.5 41.0214 
244800 0.0415522 0.0155257 -43411.9 41.1584 
245616 0.0275319 -0.00368656 -44029.8 41.2955 
246432 0.0203211 -0.00962546 -44265.1 41.4328 
247248 0.0649394 -0.0139502 -43437.5 41.5702 
248064 0.0595264 -0.0136099 -43448.1 41.7074 
248880 0.0252123 -0.00640064 -43507.6 41.8445 
249696 0.0307041 0.0183931 -42973.3 41.9817 
250512 0.0223479 -0.0124822 -42532.5 42.1188 
251328 0.0270821 0.00760389 -42687.7 42.2558 
252144 0.0520057 0.00164895 -43085.7 42.3929 
252960 0.0358259 0.0347005 -43137.6 42.5308 
253776 0.0180377 0.00325139 -42905 42.6682 
254592 0.00529839 -0.00204803 -42931.5 42.8052 
255408 0.0409445 0.0246184 -42953.7 42.943 
256224 0.0662584 0.0161812 -43221.5 43.0803 
257040 0.0581939 -0.000639424 -44362.5 43.2176 
257856 0.0651323 -0.0185373 -43051.3 43.355 
258672 0.0494839 -0.0267079 -42766.4 43.493 
259488 0.032805 -0.00564701 -42085.8 43.6303 
260304 0.0716268 0.015044 -42530.6 43.7677 
261120 0.076423 0.0385549 -43051.1 43.905 
261936 0.0768428 -0.00214417 -43299.3 44.0426 
262752 0.0746363 -0.019657 -43126.1 44.1797 
263568 0.0731955 -0.0383105 -42474.7 44.315 
264384 0.0942632 -0.0454483 -42075.5 44.446 
265200 0.0642198 -0.0501128 -42574.7 44.5835 
266016 0.0399758 -0.0373209 -41773.5 44.7206 
266832 0.0127575 -0.0107376 -41901.5 44.8491 
267648 0.0476994 -0.0361382 -42457.1 44.9863 
268464 0.0487313 -0.0329218 -43642.2 45.1235 
269280 0.0359586 -0.00582476 -43288.5 45.2612 
270096 0.0389781 -0.0338352 -42621.7 45.3985 
270912 0.0513759 -0.0408341 -42505.7 45.5362 
271728 0.100561 -0.0937429 -43460.1 45.6732 
272544 0.0948699 -0.0886216 -43898.9 45.8002 
273360 0.0541274 -0.043744 -43558.5 45.9271 
274176 0.0649521 -0.0413874 -43569.9 46.054 
274992 0.0563067 -0.0448662 -43272.1 46.1809 
275808 0.0591998 -0.0238159 -43576.4 46.3083 
276624 0.0437307 -0.0230023 -43497.5 46.4353 
277440 0.0407142 -0.0291161 -43276.3 46.5634 
278256 0.0376997 -0.0277822 -43609.9 46.6911 
279072 0.0338023 -0.0100525 -43328 46.8199 
279888 0.0311474 0.0255352 -42898.9 46.9466 
280704 0.0612259 0.0551393 -42888 47.0735 
281520 0.0544685 0.0527665 -42940 47.2008 
282336 0.0492638 0.0269987 -42103.5 47.3277 
283152 0.0500486 0.0486904 -42067 47.4543 
283968 0.0196743 0.0174901 -41767.1 47.5814 
284784 0.0161148 -0.00919592 -41116.7 47.7104 
285600 0.0337997 -0.0107649 -41359.3 47.8475 
286416 0.0245542 -0.00451572 -41723.6 47.9844 
287232 0.0380292 0.0075522 -41527.6 48.1157 
288048 0.0417481 0.0121774 -41195.9 48.2425 
288864 0.0795945 -0.0106973 -41848.4 48.3699 
289680 0.0980696 -0.047017 -42304.6 48.4969 
290496 0.0919614 -0.0319035 -41897.6 48.6239 
291312 0.0848769 -0.0295799 -42010 48.7513 
292128 0.0504936 0.0010523 -41529.5 48.8786 
292944 0.0405102 -0.0148045 -41547.1 49.0066 
293760 0.0400956 0.00894618 -41690.3 49.1361 
294576 0.0268406 -0.00124985 -41668.2 49.2633 
295392 0.0616457 -0.0330704 -41429 49.3899 
296208 0.0413131 -0.0192266 -41942.4 49.5173 
297024 0.0196988 -0.00470227 -41789.9 49.6443 
297840 0.0186258 -0.00425274 -42096.8 49.7713 
298656 0.0120974 -0.0101388 -42259.4 49.8993 
299472 0.0322223 -0.0180035 -42590.9 50.0278 
300288 0.0572173 -0.0309921 -42877.9 50.155 
301104 0.0596355 -0.0309333 -42421.4 50.2835 
301920 0.0526591 -0.0140608 -42509.6 50.412 
302736 0.0286285 0.00226871 -43234.1 50.5391 
303552 0.0428733 -0.0150192 -43754.6 50.667 
304368 0.0505122 0.0116705 -44127.5 50.7958 
305184 0.0339247 0.00662823 -43639.6 50.9238 
306000 0.0350559 0.0316752 -43485.2 51.0519 
306816 0.0594036 0.0567776 -43420.3 51.18 
307632 0.056006 0.0438258 -43068.4 51.3085 
308448 0.0422761 0.013434 -43451 51.4365 
309264 0.0479843 -0.00980402 -43042 51.5644 
310080 0.0517355 0.0290223 -43395.5 51.6918 
310896 0.0477154 0.0179263 -42479.6 51.8187 
311712 0.0542068 -0.0155611 -41810 51.9455 
312528 0.0414805 -0.0399249 -42396.1 52.0727 
313344 0.0321007 -0.0244927 -42628.6 52.1997 
314160 0.0523157 -0.0374407 -42732 52.3268 
314976 0.0543488 -0.0241569 -42888.9 52.4538 
315792 0.0627141 -0.012134 -43185.6 52.5812 
316608 0.0444758 -0.0270257 -42770.5 52.708 
317424 0.0752364 -0.0149372 -43027.4 52.8349 
318240 0.0746181 0.00368852 -43044 52.9629 
319056 0.065192 0.0100149 -41841.8 53.0911 
319872 0.0368752 0.00642451 -42331.4 53.2178 
320688 0.0690167 0.00981713 -42103 53.3451 
321504 0.0648706 0.0401197 -42449.3 53.4717 
322320 0.0304377 0.0127103 -42390 53.601 
323136 0.0254949 -0.00154227 -43042.2 53.7291 
323952 0.0335048 0.00810471 -43151.3 53.8579 
324768 0.0322531 -0.0212904 -42139.7 53.9869 
325584 0.0316487 0.0056244 -42129.6 54.1142 
326400 0.0194557 3.56e-05 -42182.8 54.2411 
327216 0.0335628 -0.0258795 -42056.6 54.3682 
328032 0.0184099 -0.00298963 -41612.9 54.4997 
328848 0.0175039 0.00606468 -41403.6 54.6265 
329664 0.0408741 -0.0137603 -41262 54.7535 
330480 0.0317043 -0.0174415 -40810.5 54.8804 
331296 0.0496976 -0.0438393 -41199.4 55.0078 
332112 0.0326699 -0.0190954 -40745.1 55.1347 
332928 0.0584946 -0.0394433 -41291.7 55.262 
333744 0.0564131 -0.0548771 -41043.2 55.3893 
334560 0.0771232 -0.0743397 -41332.9 55.5168 
335376 0.0542984 -0.0531835 -41710.2 55.6441 
336192 0.0375221 -0.0262299 -41351.3 55.7714 
337008 0.046975 -0.0443933 -41277.1 55.8992 
337824 0.064552 -0.0485899 -41739.6 56.0285 
338640 0.0430529 -0.0259667 -42148.2 56.1561 
339456 0.0732905 -0.0329167 -41390.3 56.2835 
340272 0.0374907 -0.0174912 -41003.7 56.4113 
341088 0.0726208 -0.0473717 -41659.6 56.5399 
341904 0.0402467 -0.0213366 -41927.7 56.6684 
342720 0.0497839 -0.0445084 -42919.4 56.7963 
343536 0.0445544 -0.041522 -42420 56.9243 
344352 0.0135904 -0.0128802 -42204.6 57.0524 
345168 0.0163822 -0.00669064 -42432.9 57.1802 
345984 0.021456 -0.0177429 -41768 57.3067 
346800 0.0798453 -0.059185 -42064.5 57.4338 
347616 0.052091 -0.0277797 -42600.2 57.5604 
348432 0.0387601 -0.0140712 -42703.7 57.6877 
349248 0.0254368 -0.0091672 -43559.3 57.8147 
350064 0.0453761 -0.0378318 -44631 57.942 
350880 0.0736554 -0.0113454 -43718.3 58.0715 
351696 0.0961303 -0.00289112 -43928.6 58.2088 
352512 0.078689 0.0112471 -43615.8 58.3462 
353328 0.0776851 -0.0206746 -43852.7 58.4833 
354144 0.0717132 -0.00802438 -43422.9 58.6204 
354960 0.0752556 -0.0538554 -43733 58.7576 
355776 0.0454272 -0.0138203 -42192.1 58.8949 
356592 0.0108416 -0.00290539 -42402.1 59.0321 
357408 0.0249745 0.00257992 -42539.5 59.1693 
358224 0.0439152 0.0357025 -42576.1 59.3066 
359040 0.0414153 -0.00778395 -42526.3 59.4439 
359856 0.061052 -0.0203212 -42024.3 59.5811 
360672 0.0625769 -0.00959553 -41467.7 59.7183 
361488 0.0860239 -0.0287753 -42036.9 59.8556 
362304 0.0237027 0.00536801 -41192.6 59.9931 
363120 0.00537603 0.00421249 -40944.5 60.1305 
363936 0.02426 -0.00130765 -41052.5 60.2674 
364752 0.0111867 0.00443646 -41164.7 60.4049 
365568 0.0192439 -0.0168567 -42096.8 60.5426 
366384 0.042131 0.0304806 -43123.8 60.6803 
367200 0.0596632 0.0366865 -43237.9 60.8175 
368016 0.0701814 0.0588551 -42712.6 60.9551 
368832 0.0276816 0.0183966 -42064.9 61.0926 
369648 0.0440941 0.035635 -42188.1 61.2298 
370464 0.0490452 0.0462129 -42106.5 61.3672 
371280 0.0381125 -0.0207989 -42099.5 61.5048 
372096 0.057737 0.0272773 -42323.7 61.6423 
372912 0.0335451 -0.00821373 -42221.1 61.7796 
373728 0.0509175 0.0025035 -41508.6 61.9166 
374544 0.0430835 -0.001868 -41175.6 62.0539 
375360 0.0356737 -0.00568361 -41826.5 62.1911 
376176 0.0355449 -0.0209525 -42107.5 62.3281 
376992 0.0326389 -0.0047704 -41995.7 62.4652 
377808 0.0388533 -0.0353901 -42118.8 62.6024 
378624 0.05433 -0.0171776 -42488.5 62.7398 
379440 0.0534549 -0.0328841 -42720.1 62.877 
380256 0.0698056 -0.0658305 -43373.4 63.0142 
381072 0.0561469 -0.0521642 -43586.7 63.1513 
381888 0.0472738 -0.0440255 -42811.5 63.2883 
382704 0.0367709 -0.00460836 -42760.7 63.4254 
383520 0.0427745 -0.035926 -42576.4 63.5625 
384336 0.0296578 -0.0280294 -43448.6 63.6996 
385152 0.0365074 -0.0116995 -43310.8 63.8368 
385968 0.0673938 -0.0553867 -43740.2 63.9738 
386784 0.0645023 -0.0628735 -43928.9 64.1111 
387600 0.0628296 -0.0544711 -42654.6 64.2485 
388416 0.044168 -0.00537649 -42365 64.386 
389232 0.0583466 -0.0268752 -42385 64.5232 
390048 0.0657317 -0.0399917 -43061.6 64.6606 
390864 0.0830661 -0.0361846 -42312.4 64.798 
391680 0.0407191 -0.0172801 -41775.1 64.9352 
392496 0.0495512 -0.0311911 -42762.2 65.0724 
393312 0.0505622 0.00568837 -42892.8 65.2098 
394128 0.0250088 0.00869401 -42545.5 65.3473 
394944 0.0290226 0.00684619 -43339.9 65.4846 
395760 0.0340028 -0.00871752 -43030.3 65.622 
396576 0.0127028 0.000925173 -41565.3 65.7597 
397392 0.0202614 0.0188399 -41131 65.8969 
398208 0.0248428 0.0231789 -41643.6 66.0342 
399024 0.0241279 0.0140784 -42739.3 66.1716 
399840 0.0370276 0.01777 -41499.8 66.3089 
400656 0.0426261 -0.00106804 -42101.6 66.446 
401472 0.0435919 -0.0310724 -42513.2 66.5828 
402288 0.0240012 -0.0220795 -42547 66.7203 
403104 0.0495673 -0.0360025 -42300.6 66.8575 
403920 0.0464488 -0.029716 -42774 66.9947 
404736 0.0503554 -0.0238936 -42383.1 67.1317 
405552 0.0539943 -0.0276507 -42070.5 67.269 
406368 0.0270855 0.00304815 -41601.7 67.4063 
407184 0.0137917 0.00541659 -41531.6 67.5438 
408000 0.0481315 -0.0191222 -42699.3 67.6817 
408816 0.0728415 -0.0626245 -42956.7 67.8188 
409632 0.0416201 -0.0340279 -43120.9 67.9559 
410448 0.0464215 -0.00623459 -43677.8 68.0932 
411264 0.0402043 0.0158423 -44383.7 68.2308 
412080 0.0353236 0.00813288 -44203.7 68.3677 
412896 0.0219066 -0.0181516 -43445.3 68.5052 
413712 0.037958 -0.0320001 -42972.1 68.6424 
414528 0.0254102 0.0106755 -42414.6 68.7795 
415344 0.0409609 0.0255153 -41948.8 68.9168 
416160 0.0318094 0.016563 -41960.9 69.0543 
416976 0.044725 0.0332438 -42359.5 69.1915 
417792 0.0401654 -0.0355317 -42618.9 69.3286 
418608 0.0253766 0.0219846 -41791.2 69.4662 
419424 0.0456922 0.0340959 -42004.5 69.6031 
420240 0.0288663 0.0272356 -41679.9 69.7402 
421056 0.0213649 0.0173745 -42158.7 69.8776 
421872 0.0448138 0.0348179 -42262 70.0146 
422688 0.0576197 0.0181536 -42211 70.1516 
423504 0.0431777 -0.0166469 -41753.1 70.2886 
424320 0.0158601 0.0123826 -41884.3 70.4261 
425136 0.0140238 0.00385585 -40861.7 70.5633 
425952 0.0216756 -0.0200596 -41527.6 70.7008 
426768 0.0571573 -0.0519241 -41246 70.8379 
427584 0.0308542 0.000343483 -41909.9 70.9754 
428400 0.0242883 -0.0238235 -42682 71.1127 
429216 0.0506892 -0.0194505 -43031.2 71.2498 
430032 0.0418062 0.0141531 -43460.1 71.3875 
430848 0.0496377 -0.0113659 -43978.4 71.525 
431664 0.0636779 0.0100423 -44469.9 71.6624 
432480 0.046739 -0.0364839 -43333.7 71.8002 
433296 0.0456446 -0.0319613 -43580.2 71.9373 
434112 0.0554014 -0.0104523 -43309.4 72.0744 
434928 0.048014 -0.0219594 -43155.6 72.2118 
435744 0.0474876 -0.0086987 -43030.2 72.3491 
436560 0.0149564 -0.0126028 -43701.9 72.4863 
437376 0.0448074 -0.0250316 -43210.9 72.6237 
438192 0.052621 0.0207781 -43137.1 72.761 
439008 0.0447208 -0.00406778 -44191 72.898 
439824 0.0706668 -0.068548 -43879.3 73.0353 
440640 0.0950336 -0.0950318 -43008 73.1725 
441456 0.0954668 -0.0899933 -42833.2 73.3097 
442272 0.0881912 -0.0697756 -42460.3 73.447 
443088 0.0524812 -0.0452477 -42357.6 73.584 
443904 0.0647061 -0.0549629 -42624.2 73.7211 
444720 0.0686335 -0.06027 -42924.2 73.8582 
445536 0.0405205 -0.0394901 -42462.3 73.9959 
446352 0.0491118 -0.0418188 -42527.3 74.1334 
447168 0.0515506 -0.00715667 -42487.3 74.2707 
447984 0.0508338 -0.0079555 -42868.2 74.4078 
448800 0.0657902 0.00910614 -42811 74.545 
449616 0.0537956 0.0256275 -43029.7 74.6822 
450432 0.0545984 -0.0129809 -43137.7 74.8195 
451248 0.049018 -0.0212769 -43119.4 74.9569 
452064 0.0478459 -0.0228973 -42619.7 75.0941 
452880 0.0474204 -0.0189313 -42892.2 75.2315 
453696 0.0468955 0.00307447 -42738.8 75.3685 
454512 0.0550202 0.0413738 -43342.1 75.5057 
455328 0.0281062 0.00920828 -42936 75.6428 
456144 0.0346136 0.00907503 -42957.1 75.7801 
456960 0.029469 0.00627369 -43607.6 75.9177 
457776 0.066496 0.0532112 -44062.4 76.055 
458592 0.0673682 0.0577786 -44037.2 76.1923 
459408 0.0279022 0.0135754 -44290 76.3293 
460224 0.0247103 0.00182868 -44861 76.4668 
461040 0.0345345 0.0220387 -43771.7 76.6041 
461856 0.0692415 0.0368479 -44438.2 76.7412 
462672 0.0409745 0.00557568 -44279.2 76.8788 
463488 0.0581053 -0.0481721 -43470 77.0158 
464304 0.0614325 -0.0603659 -43904.5 77.1535 
465120 0.0271335 0.00195883 -43531.6 77.291 
465936 0.0501216 0.0137121 -43667 77.4283 
466752 0.0172626 0.0117235 -43829.2 77.5656 
467568 0.014886 -0.000569244 -44190.1 77.7024 
468384 0.0335499 -0.000101734 -43788.4 77.84 
469200 0.0651219 0.0205294 -43154 77.9774 
470016 0.0457029 0.0219748 -42766.7 78.1145 
470832 0.0298757 -0.00892767 -42199.7 78.2518 
471648 0.0622722 0.0491604 -42003.3 78.3892 
472464 0.066153 0.0575914 -41816.1 78.5264 
473280 0.0373573 0.0317993 -42283.7 78.6637 
474096 0.0165995 0.0162467 -42437.9 78.8012 
474912 0.0283459 -0.00981528 -42853.1 78.9385 
475728 0.0370009 -0.0231768 -44066.8 79.0758 
476544 0.0214291 0.00215234 -43937.8 79.2133 
477360 0.0287453 0.0208314 -44618.5 79.3507 
478176 0.0796781 0.0584505 -44078.8 79.4879 
478992 0.0555586 0.00975859 -43231.6 79.6254 
479808 0.0343819 0.0207526 -42486 79.7627 
480624 0.0486113 -0.0155329 -42593.4 79.8998 
481440 0.0301404 -0.0080305 -43551.7 80.0365 
482256 0.0150591 -0.00262561 -43519 80.174 
483072 0.0353679 0.00292011 -42338.6 80.3113 
483888 0.0478895 0.0204343 -43276.7 80.4483 
484704 0.0839844 0.051917 -42677 80.5855 
485520 0.0637399 0.0460163 -41927.9 80.723 
486336 0.0499579 0.0236207 -42690.8 80.8602 
487152 0.0521586 0.0145362 -43576.4 80.9973 
487968 0.0594981 0.00675403 -43623.6 81.1352 
488784 0.0877928 0.0370225 -43164.6 81.2725 
489600 0.0614771 -0.00985978 -42908.1 81.4099 
490416 0.066451 -0.00639075 -43365.8 81.5473 
491232 0.0601282 0.01611 -41955.4 81.6843 
492048 0.0584081 -0.00104678 -41290.9 81.8226 
492864 0.038404 -0.00207791 -41579.5 81.9596 
493680 0.0273395 -0.0259605 -42210.6 82.0969 
494496 0.0231351 -0.00220763 -42434.7 82.2343 
495312 0.0413506 -0.00340008 -41680.7 82.3714 
496128 0.0566603 0.0281107 -42646.6 82.5089 
496944 0.0422518 0.0273242 -42983 82.646 
497760 0.0089688 -0.00614408 -42668.7 82.7835 
498576 0.0505894 -0.0446153 -42343.4 82.9207 
499392 0.0511406 -0.040153 -41672.4 83.0579 
500208 0.0557324 -0.0540351 -42179 83.1948 
501024 0.0600928 -0.058353 -42112.8 83.3321 
501840 0.0436053 -0.0352149 -42437.3 83.4692 
502656 0.055285 -0.0127441 -42980.2 83.6065 
503472 0.0585755 0.0484941 -42525 83.7439 
504288 0.0492104 0.0175587 -42781.7 83.8813 
505104 0.0375318 0.0168551 -43107.9 84.0184 
505920 0.0229466 0.00662076 -42603.3 84.1554 
506736 0.0424102 -0.0347522 -42052.9 84.2926 
507552 0.0314244 0.00372648 -42487.9 84.4296 
508368 0.0572508 0.0122322 -42648 84.5668 
509184 0.0500053 0.00871715 -42636.1 84.704 
510000 0.0565105 0.0198537 -42697.7 84.8415 
510816 0.0479368 0.0250603 -41753.7 84.9789 
511632 0.0701114 0.0541482 -42879.3 85.1163 
512448 0.0715573 0.0345787 -42486.3 85.2539 
513264 0.0975277 0.069476 -42217.3 85.3912 
514080 0.0590171 0.0175063 -42334.4 85.5285 
514896 0.0580609 -0.0266491 -42677.9 85.666 
515712 0.0264105 -0.00754324 -42638.7 85.8034 
516528 0.0357223 0.0107427 -42864 85.9407 
517344 0.0215851 0.00535805 -43229.9 86.0778 
518160 0.0199929 0.00746599 -42868.1 86.215 
518976 0.0544498 0.029108 -43003 86.3524 
519792 0.0331438 0.0125068 -42522 86.4891 
520608 0.0497506 -0.0209843 -43069 86.6263 
521424 0.0353792 0.0101983 -43073.5 86.7639 
522240 0.025584 0.000437901 -42987.6 86.9011 
523056 0.0492331 0.0325899 -42126.8 87.0381 
523872 0.0706164 0.0394302 -43033.8 87.1754 
524688 0.04008 0.0180482 -42868 87.3126 
525504 0.015993 0.00176209 -43061.9 87.4497 
526320 0.0236418 0.000674936 -43832.4 87.5872 
527136 0.0426586 -0.00247262 -42754.6 87.7246 
527952 0.041365 0.0316829 -43058.6 87.8621 
528768 0.0461278 0.00762506 -43606.6 87.9994 
529584 0.0664908 -0.0317026 -43020.5 88.1365 
530400 0.0241035 0.00420135 -42587.6 88.2738 
531216 0.0384645 -0.0140945 -42953.4 88.4112 
532032 0.0467811 -0.0201526 -43287.7 88.5484 
532848 0.0452816 -0.00929168 -44196.9 88.6854 
533664 0.0423894 0.024683 -44466 88.8226 
534480 0.0122317 0.00814202 -44089.8 88.9599 
535296 0.0456376 0.0398688 -43715.7 89.0967 
536112 0.0506693 0.0269748 -43931.7 89.2338 
536928 0.0371399 -0.00265212 -43656.7 89.3711 
537744 0.0456409 -0.0443292 -43876.1 89.5082 
538560 0.0433578 0.00558505 -43765.7 89.6454 
539376 0.057859 -0.029486 -43806.1 89.7829 
540192 0.0235652 -0.00565738 -43696.3 89.9206 
541008 0.029531 -0.000742303 -43613.8 90.0575 
541824 0.0683817 -0.0379676 -43771 90.1946 
542640 0.0608361 -0.025697 -44494 90.3319 
543456 0.0750761 -0.014723 -44825.3 90.4696 
544272 0.0541639 -0.024898 -44608 90.607 
545088 0.0102987 -0.0076594 -44363.9 90.7442 
545904 0.0373856 -0.0312328 -44914.5 90.8815 
546720 0.0364834 0.00310824 -44187.6 91.019 
547536 0.0458643 -0.0375406 -44142 91.1568 
548352 0.0376802 -0.030797 -43647.7 91.2939 
549168 0.0147231 0.00632414 -43547.5 91.4312 
549984 0.019472 -0.00987417 -44206.9 91.5688 
550800 0.0139004 -0.00949514 -43665.9 91.7057 
551616 0.0472366 -0.0423332 -44354.5 91.8429 
552432 0.0258015 -0.0235503 -43697.7 91.9802 
553248 0.0311643 0.00109616 -43115.3 92.1175 
554064 0.0288931 -0.00716486 -43020.2 92.2548 
554880 0.0476251 0.00852008 -42791.8 92.3919 
555696 0.037804 -0.0196222 -43337.6 92.529 
556512 0.0196124 -0.0186918 -43248.1 92.6663 
557328 0.0328604 -0.00348084 -42885.5 92.8032 
558144 0.0518325 -0.00795787 -41922.6 92.9406 
558960 0.023915 -0.00569315 -41942.6 93.0777 
559776 0.0215662 -0.00581181 -41529.2 93.2149 
560592 0.0261262 0.018037 -41215 93.3523 
561408 0.0406658 0.0257676 -40616.3 93.4895 
562224 0.0493384 -0.0162739 -41112.9 93.6268 
563040 0.0472709 -0.0119206 -41383.1 93.764 
563856 0.0701151 -0.0525393 -41913.9 93.9011 
564672 0.0714143 -0.0521126 -42132.4 94.0383 
565488 0.0813899 -0.00829412 -43028.7 94.1756 
566304 0.0622421 -0.0128543 -43632 94.3129 
567120 0.0687887 0.0191557 -43207.7 94.4502 
567936 0.0749829 0.0452047 -43810.9 94.5873 
568752 0.0362681 -0.000765813 -44682.2 94.7248 
569568 0.0490765 0.00623009 -45068.3 94.8618 
570384 0.0394609 0.0112399 -44441.6 94.9991 
571200 0.0374576 -0.00249318 -44547.9 95.1364 
572016 0.0674538 -0.0447755 -44116.5 95.2736 
572832 0.032723 -0.018582 -43601.3 95.4106 
573648 0.0213975 -0.0131331 -43352.1 95.5478 
574464 0.013257 -0.00451245 -42610.6 95.6853 
575280 0.0306574 -0.00986626 -42987.8 95.8227 
576096 0.0573553 -0.0361978 -43186.5 95.96 
576912 0.0783652 -0.00994736 -43840.2 96.0974 
577728 0.0508489 0.0164202 -43740.4 96.2347 
578544 0.0273849 -0.0226339 -42880.2 96.3718 
579360 0.0335562 -0.0312895 -42908.9 96.509 
580176 0.00976575 0.00305269 -43011.1 96.6463 
580992 0.0526911 -0.0189314 -43006.9 96.7836 
581808 0.0481708 -0.0230484 -42903 96.9203 
582624 0.0466372 0.0365572 -42615.9 97.0519 
583440 0.0656876 0.0368237 -42864 97.1892 
584256 0.0368043 0.0127493 -41697 97.3263 
585072 0.0416775 0.0353763 -42099.9 97.4612 
585888 0.0080791 -0.00178316 -41789.9 97.5986 
586704 0.0689681 -0.062581 -42124.5 97.7358 
587520 0.0275165 -0.0111144 -43386.8 97.873 
588336 0.0342755 -0.00760275 -43278.2 98.0103 
589152 0.0231436 -0.00495628 -43629.2 98.1477 
589968 0.0316906 0.0163855 -43861.6 98.2851 
590784 0.0331878 0.027901 -43235 98.4223 
591600 0.0599245 0.053843 -43612.8 98.558 
592416 0.067616 0.0657827 -43677.1 98.6851 
593232 0.0815735 0.0794177 -43799.2 98.812 
594048 0.0221561 0.01916 -43553.6 98.9388 
594864 0.0483367 0.0315788 -43493.7 99.0654 
595680 0.0384757 0.0200343 -43393.5 99.1923 
596496 0.038063 0.0239516 -43290.5 99.3185 
597312 0.033484 0.00603162 -42660.4 99.4452 
598128 0.00990095 0.00985173 -42204.6 99.5718 
598944 0.0177228 0.0120474 -42988.9 99.6989 
599760 0.0329555 0.00390693 -43190 99.8255 
600576 0.0446449 0.0358669 -44121 99.9524 
601392 0.0567063 0.0322731 -43337.2 100.079 
602208 0.0384667 -0.011741 -42898.4 100.206 
603024 0.0584468 0.0415581 -43561.6 100.332 
603840 0.0397977 0.00923591 -43395.8 100.459 
604656 0.0508105 0.0135248 -42977 100.586 
605472 0.0602696 0.006204 -42642.4 100.713 
606288 0.0559913 0.00725682 -41327.8 100.84 
607104 0.0685786 0.0178071 -41117 100.967 
607920 0.0884289 0.0419178 -41556.4 101.093 
608736 0.0771036 0.0404116 -40782.3 101.219 
609552 0.052343 0.0358495 -42245.3 101.348 
610368 0.0462263 0.0413432 -42122.9 101.474 
611184 0.0589427 0.0521714 -41662.3 101.601 
612000 0.0410786 0.0333786 -41798.2 101.728 
612816 0.0759076 0.0619375 -41233.2 101.855 
613632 0.0505929 0.0434428 -41795.5 101.982 
614448 0.0567216 0.0402469 -41989.4 102.11 
615264 0.0438978 0.0164549 -41131.4 102.237 
616080 0.0412229 0.0328478 -41279.2 102.366 
616896 0.00959262 0.00503473 -41114.5 102.492 
617712 0.0184245 0.000715818 -41050.3 102.619 
618528 0.0176556 0.00594235 -41548.8 102.746 
619344 0.0104084 -0.000310533 -42689.4 102.875 
620160 0.0115802 0.00180616 -42843.7 103.002 
620976 0.0149198 -0.00226029 -43500.7 103.128 
621792 0.0273025 0.00151065 -43598.4 103.255 
622608 0.0324365 0.0299008 -43451.7 103.382 
623424 0.0460427 0.0214994 -42730.6 103.509 
624240 0.0793478 0.031703 -42279.4 103.636 
625056 0.0706202 0.0240657 -41772.2 103.763 
625872 0.0347077 0.0207035 -41740.4 103.89 
626688 0.0261392 0.0178294 -42352.5 104.016 
627504 0.0120709 0.000212118 -42006.5 104.143 
628320 0.0390244 -0.0386961 -42258.9 104.271 
629136 0.0302086 -0.0186821 -41411.3 104.399 
629952 0.0444342 -0.0206791 -41448 104.525 
630768 0.0466809 0.0402762 -41543 104.652 
631584 0.0487844 0.0150968 -41975.5 104.78 
632400 0.033478 -0.0120209 -42462 104.907 
633216 0.0423135 -0.0263963 -42361.9 105.034 
634032 0.0289481 -0.0193407 -43248.9 105.162 
634848 0.0587189 -0.0175004 -42856.3 105.291 
635664 0.0788238 -0.0607283 -43378.6 105.419 
636480 0.0657357 -0.0428585 -43666.9 105.546 
637296 0.0585093 -0.049949 -42889.5 105.673 
638112 0.0687837 -0.0582672 -41857.5 105.8 
638928 0.0531439 -0.0364388 -41762 105.927 
639744 0.0381336 -0.0181856 -41487.4 106.054 
640560 0.0266658 -0.0142708 -41316.7 106.18 
641376 0.0591424 -0.0320055 -41701.6 106.307 
642192 0.0718968 -0.0401538 -41721.4 106.436 
643008 0.0775976 -0.0068665 -41421.9 106.563 
643824 0.0727729 0.0237973 -40525.7 106.69 
644640 0.0907134 0.0647152 -41081.3 106.819 
645456 0.0323528 0.0277885 -41650.6 106.948 
646272 0.0272482 0.00185406 -42006.2 107.075 
647088 0.0251657 0.0030915 -41480.6 107.201 
647904 0.0440581 0.0259464 -41854.6 107.329 
648720 0.056237 0.0452072 -42433.8 107.455 
649536 0.0497526 0.0296642 -41809.1 107.582 
650352 0.0127253 0.00946092 -41454.5 107.709 
651168 0.0215507 0.00139778 -41684.7 107.835 
651984 0.0209153 -0.0153088 -41823.6 107.962 
652800 0.034734 -0.0304217 -42145.2 108.089 
653616 0.0315969 -0.0287804 -42011.4 108.218 
654432 0.027343 -0.0234329 -41648.1 108.344 
655248 0.0418701 -0.0146442 -42478.7 108.471 
656064 0.0546826 0.00874207 -42637 108.599 
656880 0.0427557 -0.00553605 -42773.3 108.727 
657696 0.0386879 -0.0166246 -42960.9 108.854 
658512 0.0733072 -0.0253641 -42459.2 108.981 
659328 0.0535963 -0.0132969 -42292 109.108 
660144 0.0681209 -0.0267012 -42237.8 109.236 
660960 0.0660402 -0.0405299 -42582.4 109.362 
661776 0.0505215 0.0035582 -42440.7 109.49 
662592 0.0829501 0.019813 -41952.6 109.617 
663408 0.0706226 -0.0151294 -42237.4 109.747 
664224 0.0666564 0.0192222 -42776.8 109.874 
665040 0.0676483 0.0347893 -42429.5 110.001 
665856 0.0677345 0.0301057 -42698.8 110.128 
666672 0.035025 0.00558609 -42595.1 110.256 
667488 0.0100317 -0.00468137 -43633.4 110.383 
668304 0.0299921 0.0108712 -43580.8 110.52 
669120 0.0341794 0.0266573 -42839.1 110.658 
669936 0.0265736 0.0229547 -42888.7 110.795 
670752 0.023044 0.0228459 -42556.3 110.932 
671568 0.0200779 0.0199332 -43590.6 111.07 
672384 0.052098 0.0450332 -42923.6 111.207 
673200 0.0495008 0.0474336 -42211.8 111.344 
674016 0.0267397 0.00834082 -41901.1 111.482 
674832 0.0400735 0.00712002 -41045.8 111.619 
675648 0.0217581 -0.00756365 -42401 111.756 
676464 0.0427244 -0.0122118 -42144.6 111.893 
677280 0.04018 -0.0258715 -41925.6 112.03 
678096 0.0275151 -0.0242928 -42836.6 112.168 
678912 0.0558111 -0.0452309 -43199.4 112.306 
679728 0.0375012 -0.0260196 -43421.8 112.443 
680544 0.0831769 -0.0687964 -43494.3 112.58 
681360 0.111677 -0.0988219 -43515.6 112.717 
682176 0.0497155 -0.0299449 -42827.1 112.854 
682992 0.0466171 -0.029238 -42243.1 112.992 
683808 0.0659058 -0.0443055 -42973.5 113.129 
684624 0.0747168 -0.0375765 -43643.7 113.266 
685440 0.0777216 -0.0293528 -42678.5 113.404 
686256 0.074224 -0.0401234 -42251.2 113.541 
687072 0.083061 -0.065174 -41431.2 113.679 
687888 0.0759694 -0.0660903 -42142.6 113.816 
688704 0.0711808 -0.0660796 -41193.1 113.953 
689520 0.055897 -0.0514742 -40505.9 114.09 
690336 0.0223251 0.00687806 -40993.6 114.228 
691152 0.0389101 -0.0110304 -42031.3 114.365 
691968 0.0696762 -0.0111741 -41784.9 114.502 
692784 0.0634653 0.017364 -42432.9 114.64 
693600 0.0622421 -0.00583267 -42840.4 114.777 
694416 0.0424964 -0.014008 -43266.4 114.914 
695232 0.0425825 0.00720874 -42946.7 115.051 
696048 0.0384808 -0.0219641 -43412.5 115.189 
696864 0.111821 -0.0739771 -44267.2 115.326 
697680 0.0759014 -0.0602279 -44121.1 115.464 
698496 0.0189562 0.0041898 -44325.3 115.601 
699312 0.00862554 -0.00667389 -43939.4 115.738 
700128 0.0350474 -0.00890446 -42780.5 115.875 
700944 0.0292273 0.0191319 -42982.6 116.013 
701760 0.0460633 -0.043919 -42736.5 116.15 
702576 0.0394884 -0.0213975 -42724.5 116.288 
703392 0.0190321 0.0173487 -42478.1 116.425 
704208 0.0213476 -0.00298398 -42690.2 116.562 
705024 0.0524757 -0.0130285 -42067.7 116.699 
705840 0.0719072 -0.00126392 -43492.3 116.837 
706656 0.0388537 0.0137508 -43398 116.974 
707472 0.0131345 0.00031834 -43476.1 117.111 
708288 0.0630128 0.00506469 -43233.1 117.248 
709104 0.0844778 0.00307924 -42805.1 117.385 
709920 0.0720181 0.0142696 -43250.3 117.522 
710736 0.0439948 0.0208978 -42956.9 117.659 
711552 0.0427843 0.0012484 -42802.1 117.797 
712368 0.0244788 -0.0156489 -43298.4 117.934 
713184 0.0381388 -0.00983107 -44332.7 118.071 
714000 0.0762343 0.0462695 -44223.3 118.208 
714816 0.0545511 0.0442063 -44154.1 118.345 
715632 0.0685396 0.0549004 -43950.4 118.482 
716448 0.0396044 0.0139928 -43253.8 118.62 
717264 0.030139 -0.0201306 -44325.3 118.757 
718080 0.0562955 -0.0128382 -44027.6 118.894 
718896 0.0355547 -0.0164404 -43345.6 119.031 
719712 0.0387265 0.0290898 -43500 119.169 
720528 0.011219 0.00327512 -43576.8 119.306 
721344 0.0197605 -0.00976593 -43234.7 119.443 
722160 0.0726878 -0.022712 -42746.9 119.581 
722976 0.062749 -0.0246193 -42618 119.718 
723792 0.0361801 -0.0122594 -42044.7 119.855 
724608 0.0693505 0.0349489 -41865.5 119.993 
725424 0.0512495 0.0132099 -42710.4 120.13 
726240 0.0588319 -0.00830248 -42814.3 120.267 
727056 0.0449254 -0.0215413 -42474.3 120.404 
727872 0.0498351 -0.0136907 -42999.1 120.541 
728688 0.0315111 0.0216945 -43809.4 120.679 
729504 0.0417705 -0.00714231 -43110.1 120.816 
730320 0.0424839 0.0202743 -42951.9 120.953 
731136 0.0654496 0.0633531 -42769.7 121.091 
731952 0.0552193 0.0438203 -42605 121.228 
732768 0.0494884 0.039091 -42301.4 121.365 
733584 0.0389482 0.029993 -42168.7 121.503 
734400 0.0689688 0.0671511 -42855.5 121.64 
735216 0.0543464 0.024201 -43023.2 121.777 
736032 0.066126 0.0195027 -43811.4 121.915 
736848 0.0570547 0.0253754 -44864.6 122.052 
737664 0.0319113 -0.00387696 -44294.1 122.189 
738480 0.0386002 -0.0299784 -44775.3 122.327 
739296 0.045527 0.0413386 -44676 122.464 
740112 0.0158196 0.0154414 -44957.7 122.601 
740928 0.0182919 -0.00835867 -43868.2 122.739 
741744 0.0311207 -0.0147483 -43661.5 122.876 
742560 0.0302726 0.0297403 -43553.6 123.013 
743376 0.027108 0.018374 -43231.6 123.15 
744192 0.0112009 0.00363597 -43743.6 123.288 
745008 0.00637565 -0.00396885 -42591.7 123.425 
745824 0.0400888 0.0228558 -42003.7 123.563 
746640 0.020692 0.0102367 -42926.3 123.7 
747456 0.00216836 -0.000764283 -43100.2 123.837 
748272 0.0393643 0.0148182 -43781.9 123.974 
749088 0.0435889 -0.028982 -43668.8 124.111 
749904 0.0388074 -0.000268364 -42930.2 124.249 
750720 0.0349953 -0.0282471 -43270.7 124.386 
751536 0.0252393 -0.00805722 -43038.7 124.524 
752352 0.0490283 -0.0260486 -43077.5 124.661 
753168 0.0587132 0.00256329 -42867.4 124.798 
753984 0.0244058 -0.00760215 -42967.9 124.935 
754800 0.0594126 0.00932363 -43112.5 125.072 
755616 0.017562 -0.00749037 -42994.2 125.21 
756432 0.0113069 -0.00424624 -42285.7 125.347 
757248 0.0200566 0.0086859 -42275.5 125.484 
758064 0.028694 -0.0281349 -42025.6 125.621 
758880 0.0302152 0.00228755 -41891.1 125.758 
759696 0.0421271 0.00408285 -42635.4 125.895 
760512 0.0237937 -0.01927 -41715.5 126.033 
761328 0.0418864 -0.0135304 -41801.8 126.17 
762144 0.0538739 0.00334655 -41451.8 126.308 
762960 0.0121156 -0.0066526 -42056.1 126.445 
763776 0.0433173 -0.0105127 -43039.5 126.582 
764592 0.0551941 0.0257633 -43038.7 126.72 
765408 0.0791171 0.019125 -42871.4 126.857 
766224 0.055432 -0.0067605 -42591.2 126.994 
767040 0.0564354 -0.0257758 -42536.5 127.131 
767856 0.0328423 -0.0199098 -41659.6 127.269 
768672 0.046383 -0.0424935 -42484.2 127.406 
769488 0.0308532 -0.0277908 -42421.9 127.543 
770304 0.0252031 -0.00727841 -41956.8 127.68 
771120 0.0553563 0.0352209 -42106 127.818 
771936 0.0811953 0.0584722 -40910.8 127.955 
772752 0.0570537 0.0342664 -40425.1 128.092 
773568 0.039774 -0.00310499 -41422.5 128.229 
774384 0.0213845 0.00334577 -41026.6 128.366 
775200 0.0253636 -0.00335766 -40884.6 128.504 
776016 0.0236394 0.016085 -40849.2 128.641 
776832 0.0240935 0.00550088 -40894 128.778 
777648 0.0443135 -0.0166382 -42060.8 128.915 
778464 0.0691003 0.0382076 -42327.2 129.052 
779280 0.0244957 0.0151237 -42375.4 129.19 
780096 0.0162211 0.00720608 -42671.3 129.327 
780912 0.033739 0.0226241 -43290.5 129.464 
781728 0.0342783 0.0293564 -42666.9 129.6 
782544 0.030096 0.0230128 -44035.2 129.738 
783360 0.0291131 -0.00897194 -43816.9 129.875 
784176 0.0479311 -0.0350451 -44217.4 130.012 
784992 0.0463654 -0.0162454 -43772.7 130.15 
785808 0.0427498 0.00080317 -43556.5 130.287 
786624 0.0379156 -0.0236113 -42698.3 130.425 
787440 0.0183019 -0.0129159 -42721 130.562 
788256 0.0432758 -0.0288426 -42426 130.699 
789072 0.0518854 -0.0193533 -41306.2 130.836 
789888 0.0415378 0.0381723 -42035.2 130.974 
790704 0.011279 0.00716857 -42054.4 131.11 
791520 0.0225744 0.0168393 -42471.1 131.248 
792336 0.0274069 0.0108615 -41772 131.385 
793152 0.0119903 -0.00252485 -42272.8 131.522 
793968 0.0153556 0.0122909 -42017.9 131.66 
794784 0.00870518 0.00192575 -41692.7 131.797 
795600 0.0484532 -0.0337274 -41712.1 131.935 
796416 0.0552527 -0.0290748 -41422.5 132.072 
797232 0.037805 -0.0259088 -42431.8 132.209 
798048 0.0392893 0.00187928 -42816.6 132.346 
798864 0.0626601 0.000597888 -43320.6 132.484 
799680 0.0415661 0.000562466 -43610.4 132.621 
800496 0.0367555 -0.00304931 -43963.3 132.758 
801312 0.0724678 -0.0229793 -44058.1 132.896 
802128 0.055154 -0.0393484 -43560.3 133.032 
802944 0.070293 -0.0543399 -43015.9 133.17 
803760 0.0542721 -0.0423933 -43252.8 133.307 
804576 0.0697502 -0.0531057 -43631.3 133.444 
805392 0.0467052 -0.011963 -44117.2 133.582 
806208 0.0608984 0.0157874 -43853.5 133.719 
807024 0.0564177 -0.00530028 -43978 133.856 
807840 0.0404743 -0.0358714 -44070.9 133.994 
808656 0.0309879 -0.0243077 -43109.7 134.131 
809472 0.0382481 0.026829 -43458.6 134.269 
810288 0.0388931 0.00445109 -43691 134.406 
811104 0.055343 0.0351074 -43538.7 134.543 
811920 0.0440807 0.0154771 -43785.5 134.681 
812736 0.0585693 0.0106394 -43560.9 134.818 
813552 0.0552986 0.0333074 -43813.4 134.955 
814368 0.028692 0.0114779 -43008 135.093 
815184 0.0489595 0.0289865 -41623.6 135.23 
