0 0.0426768 0.0375018 -34311.5 0 
816 0.0404147 0.0356494 -38120.1 0.14344 
1632 0.0114724 -0.00666944 -39742.7 0.285549 
2448 0.0505414 0.0504122 -41097.3 0.427951 
3264 0.0535331 0.0403972 -41541.6 0.569585 
4080 0.00774192 0.00243727 -41708.2 0.708631 
4896 0.0510857 0.0484767 -40959.9 0.847731 
5712 0.0574706 0.0570861 -41037.8 0.988298 
6528 0.0289798 0.0262352 -41258.9 1.12784 
7344 0.0699519 0.0639572 -41067.6 1.2687 
8160 0.0168065 0.0117637 -41548.9 1.40725 
8976 0.0257596 0.0252381 -42336.5 1.5468 
9792 0.0574037 0.0407807 -42062.7 1.68639 
10608 0.0454322 -0.024038 -41685.3 1.82474 
11424 0.0602378 0.00470964 -42237.8 1.96337 
12240 0.0372926 0.0295084 -41572.3 2.10417 
13056 0.0335733 0.0325224 -41385.2 2.24419 
13872 0.0767198 0.057098 -41353.4 2.38391 
14688 0.0346427 -0.0184293 -41802.7 2.52223 
15504 0.0321949 -0.00909243 -41766.7 2.6608 
16320 0.0624414 0.0334974 -41887.4 2.80126 
17136 0.0705945 0.000798502 -41961.3 2.93984 
17952 0.0555207 -0.0290858 -42600.5 3.07827 
18768 0.0476094 -0.0149181 -43133.3 3.21827 
19584 0.0764354 -0.0417403 -42987.6 3.35904 
20400 0.0475181 0.00633593 -42095.4 3.50003 
21216 0.0400328 0.010531 -42204.4 3.64023 
22032 0.0291931 -0.00692954 -42870.1 3.78103 
22848 0.0492294 -0.0231501 -43688.3 3.92237 
23664 0.0428627 -0.0420533 -43371.8 4.06457 
24480 0.0608939 -0.0463894 -43652.2 4.20601 
25296 0.079115 -0.0659679 -43281.1 4.34833 
26112 0.0793495 -0.0558085 -43473.5 4.48967 
26928 0.0438779 -0.0363877 -43773.2 4.63206 
27744 0.0594424 -0.0244615 -43551.2 4.7753 
28560 0.0713227 -0.0467948 -43564.9 4.91923 
29376 0.0771003 -0.0730468 -43621 5.06106 
30192 0.0694913 -0.0623668 -43018.4 5.19971 
31008 0.0617274 -0.0540647 -42309.2 5.34067 
31824 0.0338055 -0.0260949 -42414.5 5.48383 
32640 0.0433205 -0.0277147 -41955 5.62558 
33456 0.034858 -0.0122391 -42522.3 5.76639 
34272 0.0193994 0.00440361 -42359.3 5.90896 
35088 0.0366956 0.0102764 -42970.9 6.04954 
35904 0.0203693 0.0128233 -43011.1 6.19357 
36720 0.0753465 -0.0176672 -43915 6.3364 
37536 0.0577013 -0.0197227 -43102.9 6.47974 
38352 0.0390454 -0.0140855 -42865.7 6.62203 
39168 0.0437871 0.0322373 -42343.6 6.76341 
39984 0.0355351 0.030943 -43243.9 6.90259 
40800 0.00995715 0.00529131 -43381.8 7.04159 
41616 0.0166604 0.00582631 -42207.6 7.18252 
42432 0.0115954 0.00996719 -43408.2 7.32291 
43248 0.0200599 -0.00198821 -42614.7 7.46629 
44064 0.0343449 0.00640051 -41848.8 7.60791 
44880 0.0280004 -0.00457177 -43485.8 7.75099 
45696 0.0425366 -0.00716935 -43075.2 7.89375 
46512 0.0533939 0.0119245 -42523 8.03593 
47328 0.0426466 -0.0144996 -42656.2 8.17831 
48144 0.0381964 -0.014286 -42742.1 8.31882 
48960 0.0449928 -0.020938 -43457.1 8.46131 
49776 0.0269449 -0.00332027 -42683.5 8.60518 
50592 0.0345781 0.00247749 -42839 8.74633 
51408 0.0505743 -0.0284371 -42722.8 8.88775 
52224 0.0592901 -0.000619057 -43296.4 9.02908 
53040 0.0715674 -0.0258034 -43152.6 9.17105 
53856 0.0359461 -0.0207043 -43307.5 9.31393 
54672 0.0291089 0.00675465 -42777.6 9.45561 
55488 0.0264296 -0.0255749 -43242.9 9.5982 
56304 0.0479714 -0.0471809 -43035.2 9.74083 
57120 0.0502097 -0.0350631 -43131.5 9.88185 
57936 0.0373131 -0.0297 -42326.9 10.0241 
58752 0.0513712 0.0129399 -41702.3 10.167 
59568 0.0333163 0.0172972 -41914.1 10.3113 
60384 0.0412425 -0.00994328 -41607 10.4532 
61200 0.0491719 0.00368657 -42167.1 10.5941 
62016 0.0258845 -0.019781 -42243.1 10.7359 
62832 0.0404367 -0.0284125 -41828.4 10.8798 
63648 0.0587423 -0.0570986 -42008.5 11.0244 
64464 0.0833858 -0.0722349 -42066.7 11.1692 
65280 0.0687888 -0.0638888 -42510.8 11.3134 
66096 0.0695844 -0.0570783 -42691.4 11.4556 
66912 0.0837427 -0.0790874 -42733.7 11.5982 
67728 0.0423367 -0.0177997 -43013.9 11.7406 
68544 0.0362263 -0.0218424 -42781.2 11.8829 
69360 0.0205314 0.00591618 -43321.5 12.0262 
70176 0.0266525 -0.0183694 -43072.6 12.1678 
70992 0.0307127 -0.0188248 -43329.2 12.3107 
71808 0.0338996 -0.0157817 -43275.2 12.4528 
72624 0.0503199 -0.00569178 -43890.4 12.5935 
73440 0.0655524 0.0111421 -44153.4 12.7351 
74256 0.066236 0.00370508 -43533.5 12.8772 
75072 0.057497 -0.0268901 -43503.3 13.0194 
75888 0.0253192 -0.00815641 -42496.3 13.1621 
76704 0.0490989 -0.0290776 -43241.1 13.303 
77520 0.0559478 -0.0548864 -43107.3 13.445 
78336 0.0733712 -0.0718498 -43408.3 13.5865 
79152 0.0500913 -0.0380109 -43302.9 13.7283 
79968 0.0533218 -0.0323598 -42714.6 13.8695 
80784 0.03571 -0.0322837 -42977.2 14.0107 
81600 0.0412662 0.0375862 -42756.6 14.1523 
82416 0.0306277 0.0091555 -43469.5 14.2949 
83232 0.0430886 0.0305633 -43471.1 14.4382 
84048 0.0480674 -0.0248148 -43205.7 14.5808 
84864 0.0389332 0.0124799 -42498.6 14.7238 
85680 0.0444617 0.0279563 -41981.3 14.8651 
86496 0.0289215 0.0249889 -43051.9 15.0071 
87312 0.0525266 0.0296993 -43393.3 15.1477 
88128 0.0474764 0.0332124 -43129.4 15.2892 
88944 0.0733705 0.0614146 -43718.7 15.4321 
89760 0.0669349 0.0636909 -43287 15.5741 
90576 0.0480678 0.0432329 -43536.8 15.7154 
91392 0.0691892 0.0658706 -43184.1 15.8571 
92208 0.0764391 0.0730095 -43843.8 15.9985 
93024 0.0919363 0.0721403 -44373.7 16.1419 
93840 0.0771424 0.0643695 -44011.1 16.2847 
94656 0.110169 0.0919325 -44137.4 16.4257 
95472 0.0617828 0.0476827 -44175.9 16.5691 
96288 0.0320785 0.000529 -43818.3 16.712 
97104 0.0499561 0.0445185 -43091.2 16.8549 
97920 0.0249751 0.00278752 -43290.6 16.9964 
98736 0.0325242 -0.00122488 -42595.7 17.1383 
99552 0.0475765 -0.0208795 -43513.6 17.2806 
100368 0.0487657 -0.0334385 -43929.7 17.4214 
101184 0.0417776 -0.0350339 -43493.2 17.5643 
102000 0.0477583 -0.0285996 -42940.1 17.7069 
102816 0.0399639 -0.0146953 -42975.6 17.8488 
103632 0.0313235 -0.0202195 -42327.3 17.9899 
104448 0.0572876 -0.0563829 -43411.8 18.1314 
105264 0.0304814 -0.00667216 -42922.1 18.2731 
106080 0.0429141 -0.0127542 -43211 18.4156 
106896 0.0384922 -0.0153691 -42845.6 18.5575 
107712 0.0436896 -0.0318241 -42821.7 18.6996 
108528 0.0523671 -0.0396969 -42670.8 18.8426 
109344 0.0532262 -0.0191926 -42325.6 18.984 
110160 0.0460578 -0.0143225 -42938.6 19.1251 
110976 0.0466418 0.00448376 -43645.5 19.2669 
111792 0.0861533 0.0103678 -44205.9 19.409 
112608 0.107802 0.0155886 -43366.4 19.5525 
113424 0.101944 0.0243489 -43547.1 19.6937 
114240 0.0961052 0.0291684 -43305.1 19.8354 
115056 0.0924091 0.00470278 -42975.2 19.9765 
115872 0.0802809 0.0283373 -42797.2 20.1173 
116688 0.046346 -8.33462e-05 -41635.8 20.2606 
117504 0.0483086 -0.00867805 -42880.9 20.4028 
118320 0.0709708 -0.011542 -43329.2 20.5433 
119136 0.0309494 0.0136962 -43321.3 20.6852 
119952 0.010581 -0.00819411 -43115.8 20.8278 
120768 0.0113441 0.0010892 -43190.4 20.9702 
121584 0.0277364 0.0264758 -42159.8 21.1121 
122400 0.014267 -0.0121544 -41722.2 21.2531 
123216 0.0381446 -0.0374547 -41943.2 21.3947 
124032 0.0585297 -0.0552077 -41711.3 21.5355 
124848 0.0441351 -0.0269932 -42053.8 21.6789 
125664 0.0375785 -0.0176719 -41648 21.8207 
126480 0.0404382 -0.0269345 -41574.9 21.9619 
127296 0.0650483 0.00448871 -41350.1 22.104 
128112 0.0422716 0.00455262 -41321.4 22.2465 
128928 0.0439125 0.0197392 -41558 22.3895 
129744 0.0547585 0.0452912 -41426 22.5319 
130560 0.0768807 0.0727567 -41739.4 22.6744 
131376 0.073261 0.0637657 -41756.2 22.8156 
132192 0.0716416 0.0644281 -42052 22.9567 
133008 0.0468513 0.0372761 -42979.6 23.0985 
133824 0.0746608 0.0740217 -42577.1 23.2408 
134640 0.0728737 0.0471636 -42570.5 23.3826 
135456 0.0438696 0.020485 -42089.9 23.5215 
136272 0.0676268 0.021912 -42446.6 23.6613 
137088 0.0634524 -0.00131101 -42600.3 23.8027 
137904 0.0580804 -0.0224679 -41821.9 23.9445 
138720 0.0393279 -0.00897115 -42769.9 24.0839 
139536 0.0426856 0.00648749 -43349.8 24.2253 
140352 0.0336017 -0.0301116 -43339.7 24.3703 
141168 0.0216526 0.00850898 -43018.2 24.5125 
141984 0.0446384 0.0283467 -43307.7 24.6537 
142800 0.0695229 0.0282566 -43224.6 24.7949 
143616 0.0473549 0.0164703 -42647.2 24.9355 
144432 0.0341221 -0.0250539 -42468 25.0786 
145248 0.0462582 -0.0323098 -41973.1 25.2215 
146064 0.0308526 -0.0218856 -41957.3 25.3636 
146880 0.0209747 0.00349276 -41906.9 25.5057 
147696 0.0257273 -0.0195946 -42544.2 25.648 
148512 0.0330201 -0.0324808 -42203.3 25.7872 
149328 0.0440278 -0.0256967 -42341 25.9269 
150144 0.0558952 -0.0534336 -42785.8 26.0679 
150960 0.0574794 -0.0506693 -42764.3 26.2098 
151776 0.013376 -0.0112751 -44538.8 26.3501 
152592 0.0630332 -0.0589242 -43954.1 26.4895 
153408 0.0518 -0.047644 -43392.3 26.6307 
154224 0.0656119 -0.0621804 -43097.9 26.7733 
155040 0.0532199 -0.0210031 -43616.7 26.9158 
155856 0.0275584 -0.0147946 -44078.8 27.0574 
156672 0.0225344 -0.0161591 -43965.7 27.1992 
157488 0.0338874 -0.00630125 -42999.1 27.3419 
158304 0.0316452 -0.00383195 -43674.8 27.4859 
159120 0.0576402 0.0412979 -44794.7 27.6263 
159936 0.0548564 0.0444045 -43486.3 27.7652 
160752 0.0499708 0.0188485 -44054.6 27.9041 
161568 0.0340067 0.00644374 -43950.7 28.0429 
162384 0.0345342 -0.00879895 -44024.1 28.1848 
163200 0.0297711 -0.0215398 -44489.1 28.3256 
164016 0.0286783 0.00654272 -43222.2 28.4663 
164832 0.0197965 0.00979526 -43688.5 28.6075 
165648 0.0721398 0.058827 -43295.4 28.7485 
166464 0.0823785 0.059535 -43072.5 28.891 
167280 0.0820507 0.0515771 -42481.1 29.0323 
168096 0.0556403 -0.0280087 -43819.3 29.174 
168912 0.064709 -0.0141512 -43519.6 29.3167 
169728 0.0582656 0.0255703 -43564.2 29.4604 
170544 0.0391475 0.018911 -43102.3 29.603 
171360 0.0110909 0.00653605 -42946.5 29.7444 
172176 0.00534051 -0.00496443 -43743.4 29.8854 
172992 0.0413775 0.0208131 -42072.3 30.027 
173808 0.0115531 0.00841643 -42521.1 30.1693 
174624 0.00803267 0.00766548 -41813.8 30.3109 
175440 0.0322093 -0.024048 -42977 30.4524 
176256 0.0501073 -0.0312895 -44774.1 30.5936 
177072 0.0566584 -0.0493245 -44409.4 30.7336 
177888 0.0250304 -0.0144728 -44004 30.8743 
178704 0.0368221 0.0147737 -43878.1 31.0147 
179520 0.0465656 0.0433086 -44401.6 31.1534 
180336 0.0260529 -0.0149495 -43748.1 31.2923 
181152 0.0207192 0.0104874 -43801.4 31.4309 
181968 0.0379946 -0.0077566 -43433.7 31.5704 
182784 0.0273625 -0.00771317 -43142.7 31.7096 
183600 0.0502882 -0.0394321 -42851.9 31.85 
184416 0.0253213 0.0137311 -43522.5 31.9902 
185232 0.0198267 0.0168568 -43733.9 32.1327 
186048 0.0502065 0.0361843 -43101.2 32.2733 
186864 0.0340916 0.00511011 -42907.2 32.4145 
187680 0.0192901 0.00411505 -42472.9 32.5533 
188496 0.0456424 0.0148934 -42497.7 32.6934 
189312 0.0628791 0.0599796 -43401.7 32.834 
190128 0.0464382 0.0419816 -43636.9 32.9745 
190944 0.0606418 0.0577189 -43977.5 33.1145 
191760 0.0063361 0.00360042 -43413.2 33.2561 
192576 0.027884 0.0192034 -43835.5 33.3972 
193392 0.0386821 0.0347785 -43461.7 33.5388 
194208 0.0574232 0.0462973 -43812.9 33.68 
195024 0.0263312 0.0137464 -43191.4 33.8209 
195840 0.047539 0.0343648 -43451.1 33.9614 
196656 0.0624043 0.0422713 -43320.3 34.1035 
197472 0.0317374 0.0242184 -42139.3 34.2454 
198288 0.0255308 0.0180221 -42334.7 34.387 
199104 0.0491036 0.0447081 -42647.2 34.5291 
199920 0.0205372 -0.00722156 -42677.5 34.6705 
200736 0.039818 -0.0228685 -42519.8 34.8123 
201552 0.0419007 -0.0217224 -42933.5 34.9548 
202368 0.0366729 -0.0358877 -43104.8 35.0968 
203184 0.0295737 0.0107243 -44315.6 35.238 
204000 0.0238229 -0.0141065 -44680.8 35.3775 
204816 0.0351778 0.0160395 -44763.6 35.5193 
205632 0.0287414 0.0278747 -45109.9 35.662 
206448 0.0316042 0.0244632 -44371.1 35.8032 
207264 0.0601149 0.0558067 -45049.4 35.9458 
208080 0.0630572 0.062375 -45928.1 36.0889 
208896 0.0549709 -0.000942345 -45557.2 36.2318 
209712 0.0799605 -0.0322405 -44795 36.3759 
210528 0.0711735 -0.0064359 -44789.4 36.5175 
211344 0.0561782 -0.0166731 -45273.7 36.659 
212160 0.0542894 -0.05351 -44601.1 36.8019 
212976 0.0229229 -0.0107909 -43921.4 36.9444 
213792 0.0834912 -0.0145526 -43585.5 37.0867 
214608 0.0706301 -0.00902568 -44193.4 37.2281 
215424 0.0757037 -0.00641398 -43532.9 37.3671 
216240 0.07168 -0.0162157 -43393 37.5062 
217056 0.0536062 -0.0267406 -43622.9 37.6483 
217872 0.0334569 -0.0181268 -43150.8 37.7887 
218688 0.0704167 -0.0426879 -42535.7 37.9316 
219504 0.0729615 -0.0574857 -43398.6 38.0746 
220320 0.0565969 -0.0115103 -43214.3 38.2156 
221136 0.0360877 0.0049124 -42958.4 38.3579 
221952 0.0439346 0.0412867 -42841.8 38.4985 
222768 0.030505 0.0185303 -42430 38.6401 
223584 0.0350343 0.0279783 -42639.4 38.7827 
224400 0.0538941 0.0432064 -42489.9 38.9241 
225216 0.0308141 -0.0134638 -42430 39.0663 
226032 0.00930238 0.00650423 -42221.9 39.2095 
226848 0.0430257 0.0220494 -41641.3 39.3519 
227664 0.0591225 0.0522272 -42368 39.4958 
228480 0.0368478 0.0367017 -41718.8 39.6384 
229296 0.0256421 0.00656763 -41528 39.7799 
230112 0.035256 0.00010095 -41437.8 39.9224 
230928 0.0277238 0.0104833 -40951.3 40.0648 
231744 0.047355 0.0268226 -41489.3 40.2057 
232560 0.0480528 0.0400696 -42599.3 40.3464 
233376 0.0308697 0.0148189 -41361.5 40.4883 
234192 0.0183543 -0.0167871 -40995.6 40.6299 
235008 0.0353891 0.00322371 -40971.4 40.7721 
235824 0.0433979 0.00727439 -42080.5 40.9145 
236640 0.0197327 0.00882148 -42676.7 41.0559 
237456 0.0267256 0.0234357 -42912.4 41.1974 
238272 0.01099 0.00680005 -42739.3 41.3389 
239088 0.0254799 0.024688 -42233.3 41.4811 
239904 0.0454439 0.0143569 -42640.4 41.6235 
240720 0.0697909 0.0213274 -43206.3 41.7648 
241536 0.0670267 0.0301014 -43606.8 41.908 
242352 0.0780262 0.0588557 -42381.7 42.0496 
243168 0.0435504 0.0314739 -42479.9 42.1909 
243984 0.0496351 0.0442286 -41545.7 42.3329 
244800 0.0502511 0.038787 -42399.8 42.4741 
245616 0.0610519 0.017257 -42500 42.6158 
246432 0.0556891 0.0196074 -42619.1 42.7584 
247248 0.0474602 0.00297367 -43010.4 42.9008 
248064 0.0394195 0.0243582 -42562.4 43.0449 
248880 0.0781599 0.0159949 -41959.3 43.1865 
249696 0.0463434 -0.0172944 -41860.1 43.3293 
250512 0.029029 0.00921594 -41438.1 43.4718 
251328 0.0293938 0.0105852 -42088.4 43.6161 
252144 0.0606578 -0.048346 -42713.7 43.7586 
252960 0.0436348 -0.0254463 -42210.9 43.8998 
253776 0.0356267 -0.00750293 -42413.7 44.0413 
254592 0.0311977 -0.0291056 -42363 44.1824 
255408 0.0358692 -0.0106888 -42237.3 44.3249 
256224 0.0627341 -0.0221963 -43211.8 44.4645 
257040 0.0630622 -0.00509687 -43390.3 44.606 
257856 0.0781286 -0.0253636 -43071.3 44.7481 
258672 0.0697806 -0.0142604 -43419.2 44.89 
259488 0.0644646 -0.0369752 -42649 45.0319 
260304 0.032226 -0.02995 -42732.7 45.174 
261120 0.0221357 -0.0195704 -42992.8 45.3146 
261936 0.0149944 0.00449719 -43700.3 45.4562 
262752 0.0425143 -0.0113174 -43690.1 45.5988 
263568 0.0789576 -0.0452636 -43532.4 45.7411 
264384 0.0625408 -0.0116171 -42537.4 45.8842 
265200 0.0519563 -0.0329838 -42348.4 46.0256 
266016 0.0222555 0.000925692 -41692.3 46.1688 
266832 0.0245863 0.00435794 -41532.7 46.3114 
267648 0.0171525 0.0154366 -41487.8 46.4544 
268464 0.0178324 0.00797835 -41933.9 46.5961 
269280 0.0152907 -0.00959384 -42472.9 46.7373 
270096 0.00880041 0.00138986 -41913 46.8796 
270912 0.0138313 -0.00351296 -41831.3 47.0215 
271728 0.0245516 -0.0242897 -41830.2 47.1646 
272544 0.0474805 -0.0423395 -42221.9 47.3065 
273360 0.027291 0.0109487 -42732.5 47.4486 
274176 0.0474524 0.027096 -43198.4 47.59 
274992 0.0232677 0.0101911 -42701 47.7337 
275808 0.042919 -0.0293585 -42038.3 47.8765 
276624 0.0351507 -0.0207284 -42253.1 48.02 
277440 0.0599093 -0.0584686 -41705 48.161 
278256 0.0583462 -0.0558737 -41326.4 48.3028 
279072 0.0477623 -0.0445824 -41490.9 48.4448 
279888 0.0123286 0.00931571 -42279.4 48.5873 
280704 0.031059 0.0265448 -42190.7 48.7305 
281520 0.0171279 0.0163041 -41969.9 48.8729 
282336 0.023241 -0.0181575 -41782.1 49.015 
283152 0.02221 -0.0121686 -41317.4 49.156 
283968 0.0407131 -0.00629273 -41824.7 49.2999 
284784 0.0232358 0.0167248 -42333.9 49.4426 
285600 0.0437199 0.0249233 -42307.5 49.5877 
286416 0.0724998 0.0462366 -42920.1 49.7293 
287232 0.0353218 0.0337447 -43360.1 49.8711 
288048 0.0611063 0.0281137 -42841.7 50.012 
288864 0.0697049 0.037429 -42359.1 50.1538 
289680 0.0565212 0.00243641 -42186.2 50.297 
290496 0.0307661 -0.00158957 -41205 50.4384 
291312 0.0326587 0.00177872 -41502.8 50.582 
292128 0.0614258 -0.0212053 -41914.5 50.7223 
292944 0.0344442 -0.0322661 -41910.2 50.8643 
293760 0.0147136 0.0138544 -41581.2 51.0078 
294576 0.0292446 0.0213546 -41366.7 51.1487 
295392 0.0328537 -0.0271807 -41940.5 51.2896 
296208 0.0245961 -0.0171311 -42267.8 51.4312 
297024 0.0271985 0.0173732 -42396.2 51.5739 
297840 0.0181285 0.00250712 -41985.2 51.7168 
298656 0.0474103 -0.0413621 -42197.3 51.859 
299472 0.0451641 -0.0445622 -42022.4 52.0001 
300288 0.0374563 -0.0258956 -42554.7 52.1417 
301104 0.0288771 -0.000290136 -41700.3 52.2836 
301920 0.0367903 0.0173425 -42374.6 52.4277 
302736 0.0426573 -0.00592342 -41058 52.5699 
303552 0.0428536 -0.0171224 -41110 52.7113 
304368 0.0397106 -0.0175294 -41520.5 52.8524 
305184 0.035352 0.0131131 -40837.8 52.9942 
306000 0.0349387 -0.00742763 -40761 53.1351 
306816 0.0297745 0.0212761 -41924.6 53.274 
307632 0.0228968 0.00186359 -41324.7 53.4138 
308448 0.0430362 0.000689445 -41238.4 53.5562 
309264 0.0361812 -0.0306173 -41192.6 53.6981 
310080 0.0654471 -0.0631557 -41884.1 53.8373 
310896 0.0494129 -0.0492236 -41561.2 53.9787 
311712 0.0471706 -0.0453415 -41120.9 54.1226 
312528 0.0389349 0.000157103 -41991.3 54.2646 
313344 0.0418172 0.0167979 -42625.3 54.4045 
314160 0.0437651 -0.0260724 -42475.1 54.5434 
314976 0.0257233 0.00564672 -41633.5 54.6826 
315792 0.0360095 0.00906505 -41904 54.8305 
316608 0.0327785 -0.0261372 -41639.3 54.9723 
317424 0.0247903 0.0174613 -42282.6 55.1173 
318240 0.0189961 -0.00443841 -42553.7 55.2641 
319056 0.033681 0.0175165 -42772.2 55.4058 
319872 0.0387662 0.0229815 -43359.3 55.5547 
320688 0.0529287 -0.0200432 -42899.4 55.6978 
321504 0.0517939 0.0213329 -42293.3 55.8405 
322320 0.059165 0.0105223 -42766.1 55.9786 
323136 0.0401324 -0.012614 -43597.7 56.1171 
323952 0.0494323 -0.0143167 -42608 56.255 
324768 0.0647554 0.0201529 -43171.7 56.3927 
325584 0.0229753 0.0228445 -43848.2 56.5309 
326400 0.0125088 0.0056 -43496.2 56.6684 
327216 0.0139425 -0.0103922 -43635.1 56.8063 
328032 0.0102635 0.00392401 -44549.8 56.9459 
328848 0.0514892 -0.00582767 -44536.3 57.0859 
329664 0.0378629 0.0166917 -44494.2 57.2269 
330480 0.0406676 0.0183737 -44739.3 57.3675 
331296 0.0627029 0.0468627 -43950.1 57.5067 
332112 0.0132277 0.00751719 -44314.5 57.6444 
332928 0.0284423 0.00128626 -44053.3 57.7833 
333744 0.0594662 0.0253026 -43828.2 57.9233 
334560 0.044891 0.0398414 -44114.7 58.0635 
335376 0.0524728 0.0270244 -43922 58.2036 
336192 0.0400285 -0.00650724 -43727 58.3417 
337008 0.0299514 -0.0137765 -43211.8 58.4809 
337824 0.0772909 0.0644194 -42425.6 58.6219 
338640 0.0667333 0.041401 -42276 58.7621 
339456 0.00977853 -0.00160507 -42076.3 58.903 
340272 0.0121376 0.0073884 -41980.1 59.0446 
341088 0.0654787 0.0422701 -41823.9 59.186 
341904 0.0464483 0.0147495 -42070.4 59.3273 
342720 0.0617114 0.00816922 -42207.7 59.4694 
343536 0.092544 -0.0637267 -43384.4 59.6114 
344352 0.0693863 -0.0169074 -43190.5 59.7515 
345168 0.0789768 0.0109287 -43551.6 59.8937 
345984 0.089657 -0.0107723 -43213.7 60.0359 
346800 0.0670033 -0.0363272 -43671.2 60.179 
347616 0.0624353 -0.0386365 -43484.4 60.3207 
348432 0.0358981 0.00522367 -43261.2 60.4611 
349248 0.0624929 0.00368416 -44028.3 60.6006 
350064 0.0671336 -0.00875145 -43943.7 60.7405 
350880 0.0599291 0.00957524 -42848.6 60.8788 
351696 0.0722624 -0.00139022 -42847.5 61.0167 
352512 0.059506 -0.0144691 -43658.8 61.1567 
353328 0.0514161 -0.0121259 -42852.2 61.2949 
354144 0.0498433 -0.0466789 -42509.7 61.4339 
354960 0.0408854 -0.0324482 -42761.8 61.5732 
355776 0.0608884 -0.0399909 -42766.1 61.7128 
356592 0.0416167 -0.0232548 -43169.9 61.853 
357408 0.0492819 -0.0471234 -43751.6 61.994 
358224 0.0749892 -0.0585145 -43020 62.135 
359040 0.0889955 -0.0412587 -43575.5 62.2742 
359856 0.0782498 -0.00197852 -43433.8 62.4121 
360672 0.0582376 -0.0218804 -42605.1 62.5503 
361488 0.0568186 -0.0501729 -42782.9 62.6895 
362304 0.0227228 -0.00819737 -42111 62.8301 
363120 0.0214583 0.00765645 -41821.7 62.9704 
363936 0.029385 -0.00633589 -42075.4 63.1123 
364752 0.0332873 -0.0044076 -41599.6 63.2543 
365568 0.0285696 0.00648985 -41717.3 63.3985 
366384 0.0428043 0.0308945 -40873.9 63.54 
367200 0.0222981 0.00532732 -40519.2 63.6825 
368016 0.0124583 0.00393699 -40981 63.8251 
368832 0.0275319 -0.0169622 -41230.5 63.9657 
369648 0.0346604 -0.0337579 -42364.2 64.1084 
370464 0.0375262 -0.0283169 -43675.1 64.2509 
371280 0.0233055 -0.011328 -43527.2 64.3936 
372096 0.029698 -0.00871219 -44053.8 64.5355 
372912 0.0595846 -0.0484437 -43811 64.6772 
373728 0.0167224 -0.0151927 -42355.2 64.8187 
374544 0.0193888 0.0079918 -42389.4 64.9605 
375360 0.0256448 0.0250127 -41688.1 65.1025 
376176 0.0584798 0.0565526 -42035.6 65.2446 
376992 0.0485573 0.0395007 -42594.7 65.3862 
377808 0.0148694 0.0061547 -42592 65.5249 
378624 0.0641189 0.0625517 -43470.3 65.6643 
379440 0.0441741 0.0441491 -43276.5 65.8062 
380256 0.0578296 0.0571406 -43890.9 65.9491 
381072 0.0350482 0.0332381 -43205.8 66.0914 
381888 0.0177744 -0.00327342 -43609.2 66.2332 
382704 0.0416007 -0.0365155 -43303 66.3762 
383520 0.0560807 -0.0471588 -43545.9 66.5204 
384336 0.0371768 0.0191898 -43367.9 66.6632 
385152 0.033891 -0.00250379 -43906.4 66.8053 
385968 0.0387135 0.0081681 -43505.3 66.9465 
386784 0.033577 0.00941735 -42952.1 67.0889 
387600 0.0340532 -0.029916 -43460 67.2288 
388416 0.0456293 -0.0322814 -43424 67.3677 
389232 0.0534786 -0.0412369 -42948.4 67.5067 
390048 0.0757383 -0.0524168 -43172 67.6495 
390864 0.0594062 -0.0207689 -42405.3 67.7907 
391680 0.0775311 -0.039626 -42737.1 67.933 
392496 0.0614119 -0.00901012 -42468.5 68.0763 
393312 0.08701 0.016476 -42914.9 68.2209 
394128 0.0878837 0.0503648 -42190.2 68.3625 
394944 0.0966411 0.0421607 -43354.4 68.5028 
395760 0.0977297 0.0414055 -43281.2 68.6447 
396576 0.0487934 0.0162493 -43082.1 68.7867 
397392 0.0591054 0.0401937 -43001.3 68.9285 
398208 0.0562197 -0.0219601 -43113.1 69.071 
399024 0.094724 -0.0221824 -42460.3 69.2136 
399840 0.0643841 -0.039145 -42728.7 69.3548 
400656 0.0462537 0.0095372 -42062.1 69.4956 
401472 0.0243963 0.0226342 -41456.3 69.6371 
402288 0.0122744 0.00599209 -42385.7 69.7793 
403104 0.0350135 -0.0343435 -42489.1 69.9211 
403920 0.0416581 -0.0233413 -42257.9 70.0623 
404736 0.043522 -0.0369218 -42866.5 70.2038 
405552 0.0450501 -0.000426846 -43077.3 70.3458 
406368 0.0203903 0.00275807 -43034 70.4889 
407184 0.0259765 -0.014142 -42403.3 70.631 
408000 0.0292042 -0.0140784 -41889.6 70.7717 
408816 0.0567029 -0.0441475 -41797.2 70.9131 
409632 0.0365897 -0.0261874 -41915.8 71.0551 
410448 0.0413358 -0.0180469 -41812.9 71.1972 
411264 0.0420224 -0.0365524 -42882.5 71.3395 
412080 0.0402043 -0.0282077 -43071.8 71.4807 
412896 0.042498 -0.0293157 -42611.8 71.6221 
413712 0.0555416 -0.04543 -42951.1 71.7651 
414528 0.0488079 -0.0331907 -42435.4 71.9088 
415344 0.0278136 -0.0173333 -42711.6 72.0522 
416160 0.0495878 -0.0160412 -42841 72.1937 
416976 0.0744126 -0.0335767 -43343.6 72.3361 
417792 0.0761522 -0.000569342 -43196.1 72.4772 
418608 0.0584861 -0.00422125 -42535 72.6214 
419424 0.0398571 0.0232773 -42572.3 72.7634 
420240 0.015331 -0.0122739 -44047.4 72.9048 
421056 0.00719016 0.00371037 -43955.5 73.0468 
421872 0.0169035 0.0108457 -44082.3 73.1888 
422688 0.0559744 0.05449 -44018.5 73.3306 
423504 0.0463832 0.0387424 -44055.1 73.473 
424320 0.0732213 0.0674921 -42787.1 73.6147 
425136 0.0416211 0.0338205 -42634.6 73.7557 
425952 0.0555765 0.045071 -43042 73.8989 
426768 0.0633595 0.0300899 -43146.6 74.0423 
427584 0.065897 -0.0122451 -43515.9 74.1847 
428400 0.0737533 -0.0428921 -42738.5 74.3281 
429216 0.0780412 -0.0612329 -42661.9 74.4701 
430032 0.0359819 -0.0310248 -43042.3 74.6121 
430848 0.014208 0.0020258 -43230.7 74.754 
431664 0.0210694 -0.0181256 -43117.9 74.8966 
432480 0.0409258 -0.0382146 -42715 75.0395 
433296 0.0565241 -0.0547621 -43182.2 75.1813 
434112 0.0364468 0.00745307 -42620.7 75.3222 
434928 0.0766079 0.0152842 -42910.4 75.464 
435744 0.0377589 0.0118846 -42977.5 75.6065 
436560 0.044042 -0.0265169 -42264 75.7496 
437376 0.063485 -0.0435506 -42614.8 75.8907 
438192 0.0743927 -0.0317252 -42847.9 76.0336 
439008 0.0600706 0.013981 -42734.3 76.1761 
439824 0.0610064 0.00402195 -43100.4 76.3179 
440640 0.0447447 0.0188956 -42181.4 76.4622 
441456 0.0102593 -0.00310906 -41847.6 76.6052 
442272 0.0254688 0.00432388 -42212.7 76.7491 
443088 0.0457812 0.0366253 -42205 76.8928 
443904 0.0429424 0.0403478 -42778.4 77.034 
444720 0.0744033 0.0732217 -42241.4 77.1751 
445536 0.0462498 0.043751 -42560.3 77.317 
446352 0.0308419 0.0266592 -41963.1 77.4599 
447168 0.0294315 0.0196013 -42760.8 77.6011 
447984 0.0616565 0.0137606 -42959.2 77.7446 
448800 0.0587165 0.0138089 -44269.3 77.8854 
449616 0.070122 0.0354016 -44890.6 78.0268 
450432 0.0470133 0.0129 -44802.4 78.171 
451248 0.036379 0.0267411 -44378.5 78.3128 
452064 0.0350659 -0.00318322 -43479.4 78.4555 
452880 0.0265607 0.0122513 -41962.9 78.5965 
453696 0.0187351 0.0156338 -41768.8 78.7378 
454512 0.0431359 0.0428765 -42011.6 78.8795 
455328 0.0343475 -0.0207059 -41601.2 79.0225 
456144 0.0420484 -0.0403109 -42533.5 79.1655 
456960 0.0437539 -0.0399347 -41509.4 79.309 
457776 0.0576658 -0.0307041 -42146.9 79.4502 
458592 0.0411521 -0.0331187 -42117.8 79.5918 
459408 0.0594567 -0.0484329 -42556.2 79.7357 
460224 0.0687874 -0.0549443 -42920.5 79.8787 
461040 0.0748373 -0.0295945 -43277.2 80.0228 
461856 0.0648186 -0.00911857 -43546.1 80.1666 
462672 0.07314 0.0179624 -43535.6 80.3074 
463488 0.0661551 0.0187213 -43908.9 80.449 
464304 0.0693685 0.000826578 -43920.7 80.5914 
465120 0.0511866 0.0102724 -43734.6 80.7374 
465936 0.0498874 -0.012323 -43366.5 80.8811 
466752 0.057805 -0.0355775 -43858.6 81.0237 
467568 0.0465599 -0.035748 -43539.8 81.1665 
468384 0.046968 -0.0288719 -42664.3 81.3087 
469200 0.0273517 -0.0199239 -42475.7 81.452 
470016 0.0508478 -0.009399 -42366 81.5941 
470832 0.052569 -0.0245913 -41495.5 81.7373 
471648 0.0434789 0.0258874 -41673.1 81.8799 
472464 0.0461779 0.015402 -41743.4 82.0219 
473280 0.0334569 0.0126646 -41604.1 82.1626 
474096 0.0340057 -0.00566907 -40895.4 82.3036 
474912 0.0422675 0.0217925 -41985.1 82.4455 
475728 0.0485833 0.00448519 -42582.7 82.5863 
476544 0.0563099 0.00586312 -42398 82.7247 
477360 0.0315511 -0.0254926 -42649.5 82.8643 
478176 0.0608838 -0.048874 -42725.1 83.0071 
478992 0.057801 -0.0417094 -42657.6 83.1478 
479808 0.0384796 -0.00612919 -42837 83.289 
480624 0.0467001 0.0260444 -42402.1 83.4291 
481440 0.0328044 0.0189762 -42377.4 83.5718 
482256 0.0497342 -0.0286224 -42198.4 83.7143 
483072 0.0684865 0.0598 -43438.5 83.8561 
483888 0.0580186 0.0427318 -43820 83.9984 
484704 0.0373039 0.0260177 -44419.6 84.1399 
485520 0.049956 0.0348502 -43056.3 84.2819 
486336 0.04362 0.0382562 -42922.2 84.4248 
487152 0.0674092 0.0431812 -42520.6 84.5677 
487968 0.0449424 -0.00322428 -42463.2 84.7111 
488784 0.0705981 0.048914 -42258 84.8548 
489600 0.0588069 0.0386909 -42202.8 84.9968 
490416 0.0540469 0.0349426 -42246.6 85.1388 
491232 0.0552016 0.044142 -41926.6 85.2805 
492048 0.0395842 0.0240194 -41938.7 85.4221 
492864 0.0515838 -0.0190947 -42577.7 85.5655 
493680 0.0795697 -0.0221561 -42207 85.7061 
494496 0.0762834 -0.0296456 -42992.9 85.8455 
495312 0.0979852 -0.0238151 -43904.5 85.9876 
496128 0.0565676 0.0258572 -44424 86.1302 
496944 0.0731864 0.0286263 -43951 86.2731 
497760 0.0807037 0.0436975 -43426.8 86.4146 
498576 0.0586692 0.0145322 -42978.6 86.5536 
499392 0.056864 -0.00169301 -42966.6 86.6962 
500208 0.0457432 0.0262035 -43397.5 86.8374 
501024 0.0444976 0.0139742 -43344.3 86.9788 
501840 0.0472815 0.0288053 -43263.2 87.1192 
502656 0.0425543 0.00492473 -43231.9 87.2615 
503472 0.0463174 -0.0324198 -42541.2 87.4024 
504288 0.0214551 0.0107401 -42730.1 87.5419 
505104 0.0451543 0.0245068 -42904.7 87.6859 
505920 0.0382432 -0.0057862 -42580.3 87.8279 
506736 0.0548817 -0.0149057 -43167.6 87.9704 
507552 0.0477559 0.000732412 -43505.2 88.1126 
508368 0.0472065 0.023745 -43220.1 88.2541 
509184 0.06545 0.0109878 -43414.4 88.3931 
510000 0.0145851 -0.0102303 -43325.3 88.5341 
510816 0.0195065 0.0127641 -42832 88.6765 
511632 0.0351794 0.0283936 -41691.9 88.8179 
512448 0.0391052 0.0101375 -41969.4 88.9591 
513264 0.0451597 0.0322186 -41943.5 89.1008 
514080 0.00615133 0.00365236 -42472.7 89.2448 
514896 0.0635365 0.0630433 -42982.9 89.387 
515712 0.0275578 0.0270974 -43568.6 89.5298 
516528 0.0544007 -0.020169 -43920 89.6715 
517344 0.0305648 0.00696878 -43639.8 89.8126 
518160 0.0192081 0.00432882 -42610.1 89.9535 
518976 0.0380954 -0.0317051 -42827 90.0955 
519792 0.0170075 0.000603422 -42423.7 90.2357 
520608 0.0474752 -0.0461232 -42714.3 90.3747 
521424 0.0271764 -0.024627 -42343 90.5151 
522240 0.0363855 -0.0351654 -42527 90.656 
523056 0.0407291 -0.0402312 -41688.8 90.796 
523872 0.0400097 -0.0247469 -42858.6 90.9354 
524688 0.0230334 -0.0211492 -43243 91.0767 
525504 0.0408719 0.0161609 -43758 91.2177 
526320 0.0568578 0.00708759 -43932.9 91.3571 
527136 0.0612455 -0.0167327 -43333.5 91.4959 
527952 0.0807485 -0.0537241 -42335.3 91.6363 
528768 0.0620436 -0.0466037 -42597.9 91.7778 
529584 0.0419906 -0.0239499 -42027 91.9192 
530400 0.050604 -0.00953467 -42793.3 92.0601 
531216 0.0455902 0.00783317 -43764.3 92.1989 
532032 0.0338746 0.0236127 -42969.3 92.3383 
532848 0.027778 0.0136381 -42109.9 92.4785 
533664 0.0301442 0.0205228 -42591.4 92.6203 
534480 0.0426204 0.0295677 -42527.4 92.7616 
535296 0.0236532 0.0198565 -42478.8 92.9025 
536112 0.0355323 0.0153865 -43084.1 93.0434 
536928 0.0370092 -0.0122366 -43569.5 93.1853 
537744 0.048952 -0.0169984 -43350.7 93.3282 
538560 0.0296404 0.0227744 -43275.9 93.4706 
539376 0.046796 -0.0021445 -43245.5 93.6125 
540192 0.0337249 0.00430933 -43350.9 93.7548 
541008 0.0675427 0.0374792 -43493.7 93.8964 
541824 0.0697889 0.0345207 -43646.6 94.0389 
542640 0.0441624 0.00918004 -44098.6 94.1815 
543456 0.0385007 -0.0194293 -43156.2 94.3249 
544272 0.0587479 0.0287015 -43177.7 94.468 
545088 0.0346391 -0.01425 -43706.8 94.6105 
545904 0.0626756 0.0370116 -42537.9 94.7527 
546720 0.044628 -0.0103485 -42579.6 94.8953 
547536 0.0274429 -0.0149245 -43103.1 95.0369 
548352 0.0453983 0.0160298 -43496.9 95.1775 
549168 0.0212762 0.0117612 -43898.7 95.3167 
549984 0.0205937 -0.00918507 -44012.8 95.4578 
550800 0.0447942 0.03722 -43721.6 95.6013 
551616 0.0288256 -0.0238819 -44434.2 95.7435 
552432 0.0265183 0.0202062 -44027.6 95.8859 
553248 0.0349744 0.0120088 -44060.2 96.0278 
554064 0.058715 0.029446 -43989.4 96.1716 
554880 0.0623804 0.0452189 -43048.3 96.3158 
555696 0.0382518 0.0094093 -43784.8 96.4602 
556512 0.0577688 -0.000836548 -43332.3 96.6011 
557328 0.0340905 0.0271428 -42984.5 96.7427 
558144 0.0207071 0.0162225 -43445.9 96.8842 
558960 0.0638716 0.026243 -43332 97.0265 
559776 0.0602099 0.0314255 -43822.3 97.1699 
560592 0.0692045 0.0417334 -42973.5 97.3113 
561408 0.0670502 0.0395104 -43411.2 97.4513 
562224 0.0716854 0.0176667 -43437.3 97.5909 
563040 0.0670054 0.0563906 -43365.3 97.7328 
563856 0.0639187 0.0246074 -43582.9 97.8753 
564672 0.037096 0.0170277 -42912.5 98.0175 
565488 0.0521685 0.0229734 -41976.7 98.1588 
566304 0.0440848 0.0223274 -42777.2 98.3006 
567120 0.0562535 0.034844 -42352.2 98.4423 
567936 0.0370616 0.00458574 -43117.2 98.5844 
568752 0.0508545 0.00238585 -43461.3 98.7284 
569568 0.0427593 -0.0113439 -43004.2 98.8704 
570384 0.0356156 0.0161475 -42942.3 99.0133 
571200 0.078238 0.0569758 -42901 99.1554 
572016 0.0584397 0.0139679 -42746.4 99.2969 
572832 0.091365 -0.0539377 -42629 99.4386 
573648 0.088693 -0.0559451 -43236.3 99.5793 
574464 0.0539265 -0.0208139 -43438.1 99.7189 
575280 0.0621734 -0.0448697 -43413.5 99.8597 
576096 0.0478297 -0.0285772 -42474.7 100.002 
576912 0.0324947 0.0170161 -42790 100.144 
577728 0.0192674 -0.0168741 -42605.6 100.286 
578544 0.0338031 0.0333541 -41884.1 100.427 
579360 0.0297779 0.0156516 -42445.8 100.569 
580176 0.0465047 0.0416636 -42570.7 100.711 
580992 0.0247442 0.0185693 -42575.6 100.854 
581808 0.017943 0.0179427 -43060.5 100.997 
582624 0.0599274 0.0513384 -43347.4 101.139 
583440 0.0565362 0.0243861 -43215 101.283 
584256 0.0272425 -0.000589116 -43211.6 101.425 
585072 0.0550349 -0.0287175 -44138.4 101.568 
585888 0.0499307 -0.0167066 -43350.1 101.709 
586704 0.04055 0.00985474 -42914.2 101.851 
587520 0.0253395 -0.0017411 -42427.3 101.994 
588336 0.0270937 -0.0156033 -42957.2 102.137 
589152 0.0493726 -0.0268111 -43654.1 102.28 
589968 0.0282992 -0.0229291 -43984.3 102.423 
590784 0.0355296 -0.0135223 -43933.9 102.565 
591600 0.0304165 -0.0012 -43686.1 102.706 
592416 0.0484998 0.0270753 -43374.4 102.849 
593232 0.0338613 0.0239914 -43117.2 102.99 
594048 0.0453979 0.0425521 -44355.2 103.135 
594864 0.0526503 0.0483463 -43912.3 103.277 
595680 0.0275412 0.0183621 -43129.4 103.42 
596496 0.0363646 0.0269337 -42634.7 103.562 
597312 0.0331365 0.0225613 -42919.8 103.705 
598128 0.0515114 0.0229727 -42716.5 103.847 
598944 0.0389286 0.00859439 -41915.9 103.99 
599760 0.0346196 0.00408341 -42857.7 104.134 
600576 0.0428964 0.0393021 -43459.9 104.275 
601392 0.0412576 0.0328463 -42532.1 104.417 
602208 0.0771712 0.0756071 -42647.4 104.558 
603024 0.0218606 0.00921847 -43380.7 104.7 
603840 0.0578621 0.0399151 -44145.6 104.843 
604656 0.0618247 0.0304064 -45303 104.986 
605472 0.065675 0.0172902 -44761.6 105.128 
606288 0.0447634 0.0118645 -44601.7 105.27 
607104 0.0294315 0.0100687 -44165.2 105.412 
607920 0.0104978 0.00797299 -43987.6 105.554 
608736 0.0408561 0.0165186 -43178 105.698 
609552 0.025134 -0.0129899 -43749.3 105.841 
610368 0.0323658 -0.00171595 -43603.5 105.984 
611184 0.0564703 0.0220101 -42802 106.126 
612000 0.0271511 -0.000563053 -43943.2 106.268 
612816 0.0457795 -0.0444137 -43944.5 106.411 
613632 0.0817405 -0.0766489 -43871.8 106.553 
614448 0.0670247 -0.02968 -44346 106.695 
615264 0.0522885 -0.0141922 -43999.8 106.837 
616080 0.0639699 -0.020402 -44453 106.981 
616896 0.0563368 -0.00156037 -45094.3 107.122 
617712 0.0758862 0.00304709 -45098.3 107.268 
618528 0.0381514 -0.00230958 -43918.1 107.411 
619344 0.0426116 -0.033922 -43985.5 107.553 
620160 0.0243069 0.00140005 -43997.8 107.695 
620976 0.0214619 -0.0199975 -43860.7 107.837 
621792 0.0349823 0.0281892 -43633.8 107.978 
622608 0.0578389 -0.0528962 -42822.1 108.121 
623424 0.0813821 -0.0806186 -43179.9 108.264 
624240 0.0567573 -0.0513832 -43025 108.406 
625056 0.0511951 -0.0473897 -43212 108.548 
625872 0.0169188 -0.000326808 -43669.6 108.69 
626688 0.0667029 0.0559063 -44602.9 108.835 
627504 0.0502894 0.0273306 -44176.7 108.978 
628320 0.0771645 0.0764757 -44232.1 109.122 
629136 0.0665826 0.0570933 -43680.4 109.263 
629952 0.0386566 0.0362523 -43711.6 109.405 
630768 0.0180784 0.0149366 -43385.7 109.547 
631584 0.0145105 0.00616047 -42751.3 109.689 
632400 0.0578113 0.0460502 -43004.4 109.832 
633216 0.0402195 0.0362822 -42710.1 109.974 
634032 0.0389773 0.0319392 -42768.3 110.117 
634848 0.0492024 0.0366987 -42872.6 110.261 
635664 0.0380397 0.0275076 -43459.2 110.405 
636480 0.0429561 0.0374867 -41863.5 110.548 
637296 0.0481447 0.04182 -41716.2 110.692 
638112 0.033483 0.0150039 -43580.2 110.834 
638928 0.0469845 0.0308794 -43559.5 110.974 
639744 0.0899837 0.0769219 -42354.1 111.116 
640560 0.0556445 0.046004 -41994.3 111.259 
641376 0.0423975 0.0361271 -42211.2 111.402 
642192 0.012322 0.00987649 -41813.9 111.544 
643008 0.0413747 0.0294682 -43113.3 111.687 
643824 0.0487698 0.02023 -42857.6 111.83 
644640 0.0439421 0.0254024 -42784.9 111.973 
645456 0.0630883 0.0585186 -42885.5 112.117 
646272 0.0528538 0.0395865 -42375 112.259 
647088 0.0285271 0.0272035 -42146.5 112.398 
647904 0.0520592 0.030117 -42649.1 112.537 
648720 0.0514656 0.0375328 -41985.6 112.678 
649536 0.0307027 0.0215715 -42140.2 112.82 
650352 0.0524162 0.0384034 -43152.3 112.962 
651168 0.0464783 0.022773 -42040.4 113.104 
651984 0.0683201 0.0160797 -42820.4 113.243 
652800 0.0391712 0.031336 -42557.8 113.384 
653616 0.0235484 0.0216771 -43070.4 113.526 
654432 0.0586935 0.0578536 -42766.7 113.668 
655248 0.0466428 0.0234977 -42355.6 113.81 
656064 0.0593768 0.0219903 -43087.4 113.952 
656880 0.0619155 -0.0114679 -43761.4 114.094 
657696 0.0892453 -0.0600484 -42818.2 114.237 
658512 0.0613995 -0.00367721 -41711.3 114.379 
659328 0.0599919 -0.0156365 -42079.6 114.522 
660144 0.0361045 0.00492176 -42231.5 114.664 
660960 0.0655709 0.02923 -42797 114.806 
661776 0.0379352 0.000969647 -42974.8 114.949 
662592 0.0801757 0.0521131 -43420.5 115.091 
663408 0.0866199 0.0441945 -44180 115.232 
664224 0.0441352 0.0211979 -44083.3 115.374 
665040 0.0377485 0.0113588 -43489.2 115.516 
665856 0.0406 -0.00474969 -43775 115.659 
666672 0.0558952 -0.0371668 -43934.4 115.802 
667488 0.0390679 -0.0163482 -43704.3 115.942 
668304 0.0468958 -0.0318303 -43862.5 116.082 
669120 0.0332781 0.00545206 -43488.5 116.222 
669936 0.0267898 -0.0266497 -43040.2 116.364 
670752 0.0213832 0.00257 -43375.5 116.503 
671568 0.0375762 0.0293791 -43643.5 116.645 
672384 0.068259 0.0574719 -43703.9 116.787 
673200 0.0812909 0.0537356 -43768.6 116.929 
674016 0.0423247 0.00423717 -43378.6 117.07 
674832 0.0215084 -0.0180565 -42920.2 117.212 
675648 0.0346961 -0.0220037 -42322.4 117.352 
676464 0.0530911 -0.0498413 -43233.1 117.491 
677280 0.0497229 -0.0488859 -42237 117.633 
678096 0.0198646 -0.0163389 -42158.7 117.775 
678912 0.0313373 -0.0163851 -42319.9 117.917 
679728 0.0398863 0.0171346 -44075.8 118.06 
680544 0.0241474 0.020896 -43312.3 118.201 
681360 0.0381835 -0.0320656 -42686 118.34 
682176 0.0616355 -0.0534236 -43080 118.481 
682992 0.0466873 -0.0411546 -43739.6 118.623 
683808 0.0245457 -0.0239819 -43782.8 118.766 
684624 0.0486356 -0.00389883 -43493.2 118.907 
685440 0.0491889 -0.0196331 -42893 119.051 
686256 0.0431031 0.018369 -42328.3 119.194 
687072 0.0522879 -0.00316478 -42378.1 119.336 
687888 0.0662775 -0.0210588 -41890.3 119.478 
688704 0.0808236 0.00665331 -42515.4 119.62 
689520 0.0540566 -0.0225128 -42001.6 119.76 
690336 0.0620413 -0.0313604 -42366.1 119.904 
691152 0.0535258 -0.0228471 -43395.5 120.045 
691968 0.0857048 -0.075875 -42138.3 120.184 
692784 0.0406084 -0.030919 -42578.3 120.324 
693600 0.041722 -0.0253824 -43440.2 120.467 
694416 0.0440638 0.0241465 -42473.9 120.606 
695232 0.035773 0.0256035 -42748.5 120.744 
696048 0.0349248 0.0243996 -42475 120.884 
696864 0.0434435 0.0416068 -42329.9 121.025 
697680 0.0191629 -0.00505631 -43340.7 121.164 
698496 0.0546821 -0.0427183 -43326.9 121.303 
699312 0.0551292 -0.00282329 -43825.3 121.444 
700128 0.09343 0.00919516 -43872.4 121.584 
700944 0.097198 -0.00897365 -44468.7 121.723 
701760 0.0966776 -0.0209721 -44614.5 121.865 
702576 0.117993 -0.0425991 -44267.8 122.007 
703392 0.0698728 -0.00738951 -43799.7 122.147 
704208 0.0534339 0.00019176 -42990.8 122.286 
705024 0.0572267 0.0367971 -43616.7 122.424 
705840 0.0518957 0.0370269 -43173.1 122.564 
706656 0.0481578 0.0472193 -42919.2 122.706 
707472 0.0652154 0.0644612 -43398.1 122.846 
708288 0.09705 0.0852844 -43189.3 122.988 
709104 0.0834503 0.0646021 -42808.2 123.129 
709920 0.0769907 0.0661952 -43564.4 123.272 
710736 0.0400765 0.0307927 -42739.1 123.414 
711552 0.0361758 0.000335047 -42889 123.556 
712368 0.067669 0.0169539 -42915.5 123.697 
713184 0.0483052 0.0137248 -43201.5 123.839 
714000 0.0848866 0.00704671 -43752.3 123.981 
714816 0.0632686 -0.0116094 -43272.3 124.123 
715632 0.0597435 0.000271141 -43232.3 124.265 
716448 0.0563297 -0.00272793 -43960.2 124.406 
717264 0.0581347 0.0216694 -43166.2 124.549 
718080 0.0701168 0.0061996 -42427.3 124.692 
718896 0.0762951 -0.0329536 -42117.1 124.836 
719712 0.0635921 -0.0517849 -42804.2 124.978 
720528 0.0407187 -0.022535 -43290.8 125.119 
721344 0.0237286 0.00231971 -42647.9 125.258 
722160 0.0382738 -0.000403777 -42571.8 125.4 
722976 0.0360363 0.00564013 -42564.6 125.543 
723792 0.013104 0.00130793 -42671 125.685 
724608 0.0381921 0.00903461 -43114.8 125.827 
725424 0.0363965 -0.00719636 -43938.3 125.968 
726240 0.0520532 -0.015107 -43777.4 126.11 
727056 0.0628017 0.0109496 -42730 126.252 
727872 0.0370257 0.0149515 -42817.9 126.393 
728688 0.0132665 0.00639412 -43466.9 126.535 
729504 0.0627635 -0.0308187 -42289.4 126.676 
730320 0.0566353 -0.0104098 -42390.7 126.819 
731136 0.0762305 -0.0266078 -42330.3 126.961 
731952 0.0627725 -0.00969309 -42887.9 127.102 
732768 0.0397211 -0.0197151 -42829.7 127.243 
733584 0.0399022 -0.0242255 -43703.7 127.386 
734400 0.0358985 -0.0241298 -44049.7 127.527 
735216 0.0355011 -0.0201632 -44132.7 127.668 
736032 0.0565039 -0.0218488 -43250.5 127.808 
736848 0.0645425 -0.0387414 -42083.3 127.948 
737664 0.042543 -0.0245799 -41606.4 128.09 
738480 0.0331387 -0.0198314 -41626.5 128.231 
739296 0.0220095 -0.0128664 -42176.5 128.373 
740112 0.0332465 0.00588817 -42717.7 128.515 
740928 0.048421 0.0408531 -42493.2 128.658 
741744 0.0478297 0.0249509 -43397.2 128.8 
742560 0.042336 0.0181751 -42902.5 128.941 
743376 0.0403448 0.00370429 -43236.9 129.083 
744192 0.0602536 -0.0347445 -43345.6 129.224 
745008 0.0633979 -0.0338653 -43739.8 129.362 
745824 0.0981315 -0.0309032 -42893.9 129.503 
746640 0.0556368 -0.025582 -43108.3 129.644 
747456 0.0783177 -0.0400307 -43511 129.787 
748272 0.0380306 0.0109841 -42609.5 129.928 
749088 0.0433131 -0.000502649 -43650.5 130.07 
749904 0.063378 -0.0359465 -44204.4 130.213 
750720 0.0341014 0.00176138 -43743.9 130.355 
751536 0.0408935 0.020158 -43988.3 130.496 
752352 0.0400516 0.0204831 -43623.8 130.637 
753168 0.0232698 0.0143133 -43498.3 130.78 
753984 0.0114007 0.010087 -43459.3 130.923 
754800 0.0502412 0.0441901 -43724.6 131.065 
755616 0.052547 0.0159425 -42474.3 131.207 
756432 0.0609069 0.00396495 -42518.9 131.349 
757248 0.0376196 0.0237788 -41821 131.49 
758064 0.0552007 0.025203 -41610.3 131.633 
758880 0.0946172 0.0619569 -41760.4 131.775 
759696 0.0836281 0.0445916 -41246.4 131.916 
760512 0.0819983 0.0478802 -41989 132.06 
761328 0.0637728 0.0342081 -42124.4 132.203 
762144 0.07058 0.0261518 -43019.2 132.347 
762960 0.0743548 0.00373093 -43111.5 132.488 
763776 0.0521849 -0.0289309 -43556.2 132.629 
764592 0.0517899 -0.00555516 -42880.3 132.771 
765408 0.0908338 -0.0483784 -43566.1 132.912 
766224 0.0899035 -0.0164897 -43475 133.055 
767040 0.108187 0.0165708 -42617.5 133.197 
767856 0.0686937 -0.0270607 -42944.4 133.338 
768672 0.0618464 -0.0365016 -42934.7 133.479 
769488 0.0751526 0.00253927 -43349.9 133.622 
770304 0.0642722 -0.0180462 -42480.9 133.764 
771120 0.0131562 -0.00513647 -42952.8 133.907 
771936 0.0197074 -0.0120819 -42293.4 134.049 
772752 0.0350308 -0.0246911 -42449.4 134.191 
773568 0.0707034 0.00618401 -42799.3 134.333 
774384 0.0742479 -0.0255635 -42739.9 134.476 
775200 0.0581141 -0.0139354 -42905 134.619 
776016 0.0823027 -0.0283781 -42875.5 134.761 
776832 0.0840113 -0.0464629 -43765.7 134.903 
777648 0.0788988 -0.0617172 -43675.4 135.046 
778464 0.0744545 -0.0176714 -44485.2 135.19 
779280 0.0624496 0.0388623 -44406.9 135.333 
780096 0.0292493 0.0102719 -43963.4 135.474 
780912 0.0425458 0.0232404 -43703.6 135.616 
781728 0.0570489 -0.0274816 -42524.8 135.758 
782544 0.0460578 0.01964 -42765.9 135.901 
783360 0.0627649 0.0307085 -43132.1 136.043 
784176 0.0558417 0.0130003 -43474.6 136.184 
784992 0.0415298 0.00850827 -43010.8 136.326 
785808 0.0851698 0.0731082 -44401.9 136.469 
786624 0.0942655 0.0735942 -43587.9 136.612 
787440 0.0574765 0.0183372 -43208.7 136.755 
788256 0.0621516 0.0429858 -43659.2 136.897 
789072 0.0492282 -0.00863854 -42911.3 137.039 
789888 0.0491642 -0.00933691 -41842.3 137.183 
790704 0.0275035 -0.00020084 -41116.1 137.325 
791520 0.0251843 0.0214369 -40976.8 137.469 
792336 0.0675495 0.0628443 -40676.1 137.611 
793152 0.0337615 0.0326243 -40698.5 137.751 
793968 0.0351585 0.0327511 -41165.4 137.893 
794784 0.0253176 0.0107681 -41183.7 138.036 
795600 0.0392347 0.00817977 -40703 138.179 
796416 0.0605098 0.0206579 -41202.3 138.322 
797232 0.0677647 0.00120428 -42110.5 138.463 
798048 0.0658924 -0.0159504 -42580.5 138.604 
798864 0.0747113 0.010626 -43405.4 138.746 
799680 0.124827 -0.0691516 -43294.4 138.888 
800496 0.0989922 -0.0496608 -43494.3 139.031 
801312 0.0892859 -0.0526761 -43320.7 139.173 
802128 0.0743178 -0.0326894 -42420.3 139.315 
802944 0.0640339 -0.0193887 -42701.9 139.458 
803760 0.0286162 0.0199047 -42526.2 139.6 
804576 0.0412074 -0.0118127 -43143 139.741 
805392 0.0217555 -0.0144972 -42936.5 139.883 
806208 0.0277225 -0.0258873 -42082.1 140.026 
807024 0.017749 -0.00413446 -41814.2 140.169 
807840 0.0361107 0.0150842 -41776.6 140.312 
808656 0.0359933 0.0115371 -42893 140.452 
809472 0.0335198 -0.0288187 -43441 140.594 
810288 0.0395037 -0.00118048 -43655.4 140.736 
811104 0.0512385 -0.0013959 -43567.2 140.879 
811920 0.074736 -0.0401372 -43845.2 141.022 
812736 0.0636986 -0.00171149 -43864.1 141.163 
813552 0.0396944 -0.032481 -43470.8 141.306 
814368 0.0512621 -0.0389663 -43471.9 141.449 
815184 0.0465314 -0.0291573 -43665.8 141.592 
