0 0.060068 0.0490318 -34151.8 0 
816 0.0382102 -0.0201844 -36415.1 0.137316 
1632 0.0418034 -0.0275618 -37893.1 0.274665 
2448 0.0531534 -0.046562 -39488.7 0.412545 
3264 0.0512096 -0.0244845 -39825.8 0.550028 
4080 0.0692995 -0.027714 -40994.5 0.68769 
4896 0.0773698 0.0313668 -42181.7 0.82532 
5712 0.0653759 0.0148036 -41609.5 0.963256 
6528 0.0471231 0.0244911 -41753.7 1.10083 
7344 0.0886914 0.0696388 -42308 1.23847 
8160 0.057072 0.00958258 -42799.5 1.37613 
8976 0.0388181 -0.0048358 -41981.5 1.51364 
9792 0.062644 0.00588289 -42464.1 1.65116 
10608 0.061087 0.00589518 -42444.2 1.78867 
11424 0.0422879 9.55086e-05 -43074 1.92611 
12240 0.02482 0.00173576 -43033.1 2.0637 
13056 0.041795 0.00707451 -43013.9 2.20117 
13872 0.0276801 0.0258162 -42784.3 2.3389 
14688 0.031372 -0.0130136 -43442.2 2.47656 
15504 0.017967 -0.00933259 -43476.7 2.61398 
16320 0.0144091 0.0124685 -42324.4 2.75153 
17136 0.057014 -0.0131256 -41861.7 2.8889 
17952 0.0642964 -0.0085509 -42228.9 3.02659 
18768 0.0624957 -0.0239238 -41637.5 3.16464 
19584 0.0760731 -0.034129 -42011.6 3.30227 
20400 0.0522226 -0.0272843 -42429.2 3.43984 
21216 0.0690037 -0.0278425 -42698.4 3.57679 
22032 0.0805195 -0.0439356 -42775.6 3.71455 
22848 0.0649633 -0.0428557 -43605.3 3.85147 
23664 0.0531043 -0.000564461 -43224 3.98889 
24480 0.0664781 0.00649346 -42580.9 4.1262 
25296 0.0294659 0.0152817 -42921.8 4.2636 
26112 0.063251 0.0107956 -42495 4.40124 
26928 0.0876935 0.000504298 -44045.3 4.53876 
27744 0.0525768 0.0277405 -43215.6 4.67605 
28560 0.0507118 0.00876332 -43581.4 4.81376 
29376 0.0352908 0.00529791 -43879.2 4.95144 
30192 0.0467193 0.0248135 -43370.8 5.08927 
31008 0.0415372 0.0184986 -42610.4 5.22672 
31824 0.0413225 0.0048056 -42479.3 5.36439 
32640 0.0461484 0.00490799 -43304.6 5.50194 
33456 0.0487671 0.00600545 -44038.1 5.63953 
34272 0.0432599 0.00848634 -43397.7 5.77675 
35088 0.0426661 0.030239 -43037.2 5.9142 
35904 0.0373788 0.0256084 -42873.3 6.05144 
36720 0.0111181 0.000589265 -43767.3 6.18898 
37536 0.033595 0.0205042 -43691.3 6.32667 
38352 0.0215362 0.0180075 -43313 6.46436 
39168 0.0199245 0.0172324 -42935.4 6.60179 
39984 0.00519008 -0.00450085 -42848.5 6.73904 
40800 0.00926949 -0.00516212 -42767.7 6.87532 
41616 0.0302777 0.0176088 -42450.5 7.01291 
42432 0.0336739 0.0331991 -42664.1 7.15043 
43248 0.0485483 0.0405701 -42735.9 7.28819 
44064 0.0456431 0.0241454 -42614.6 7.42601 
44880 0.0442125 0.00271013 -42544.2 7.56337 
45696 0.0326966 -0.0139708 -42364.6 7.70066 
46512 0.0419395 0.000372682 -42118.3 7.83785 
47328 0.0317671 0.000985578 -42111 7.97535 
48144 0.0288429 0.00160279 -42926.8 8.11322 
48960 0.0164256 -0.00146084 -42764 8.25129 
49776 0.0177366 0.00677262 -42220.7 8.38859 
50592 0.0437582 0.0187424 -42535.2 8.52612 
51408 0.0578995 -0.0529995 -43142.1 8.66335 
52224 0.0311711 -0.0178719 -43272.6 8.80105 
53040 0.0357157 -0.026999 -43483.1 8.93831 
53856 0.0822491 -0.0669946 -43840.3 9.07617 
54672 0.054769 -0.0189511 -43662.6 9.21503 
55488 0.0338909 0.0108614 -44533 9.35375 
56304 0.046269 0.0268668 -43775.5 9.49168 
57120 0.0314824 -0.0147499 -43382.7 9.62896 
57936 0.0125331 -0.0122203 -43408 9.7665 
58752 0.0542263 -0.0407697 -43219.7 9.90464 
59568 0.0684496 -0.0603215 -43405.2 10.0425 
60384 0.0555956 -0.0326979 -43573.3 10.1798 
61200 0.0420142 -0.0344076 -43917 10.3177 
62016 0.0337362 0.0216343 -43538.8 10.4555 
62832 0.0290694 0.0140246 -43738 10.5928 
63648 0.0263433 -0.015813 -43772.4 10.7305 
64464 0.0236715 -0.0179657 -43980.3 10.8678 
65280 0.0363888 -0.0333141 -44307.6 11.005 
66096 0.0240862 -0.0235284 -44328.9 11.1421 
66912 0.0123062 0.000672481 -44091.8 11.2794 
67728 0.0239034 -0.0057553 -43770.9 11.4166 
68544 0.0492059 -0.0400707 -42674.7 11.5541 
69360 0.0332168 -0.0241786 -43402.1 11.6915 
70176 0.034376 -0.0226736 -43916.7 11.8292 
70992 0.0330168 0.00964577 -43961.2 11.967 
71808 0.0461122 -0.00208123 -43726.1 12.1045 
72624 0.0971753 0.0812123 -44442.7 12.2415 
73440 0.0438847 0.0087437 -44047.2 12.379 
74256 0.0595885 -0.0236615 -42664.2 12.5163 
75072 0.0419148 -0.0145923 -43001.3 12.6536 
75888 0.0395868 0.0333846 -43286.3 12.7908 
76704 0.056504 0.0536483 -42952.1 12.9283 
77520 0.0363228 0.0301719 -41891.7 13.0657 
78336 0.049529 0.00666474 -42707 13.2035 
79152 0.0384149 0.0268494 -42629.8 13.3415 
79968 0.0298354 0.0224207 -41908 13.4789 
80784 0.0386733 0.0343075 -42354.7 13.6169 
81600 0.0391785 0.013697 -42449.4 13.7549 
82416 0.0566737 0.0259914 -42140.7 13.8925 
83232 0.0369722 0.00266331 -41303.1 14.0298 
84048 0.0326558 0.00742127 -41728.6 14.1674 
84864 0.043695 0.0188173 -42486.6 14.3049 
85680 0.0548293 -0.0180756 -42011.2 14.4423 
86496 0.0739019 -0.00441299 -41990.2 14.58 
87312 0.0317727 0.0118429 -42718.8 14.7176 
88128 0.0396806 0.0224948 -42196.4 14.8549 
88944 0.0417817 0.0290743 -41308.6 14.9929 
89760 0.073143 0.0717921 -41577.8 15.1302 
90576 0.0635568 0.0627816 -41511.9 15.2676 
91392 0.0794908 0.0647502 -42044.8 15.4051 
92208 0.0819112 0.0598739 -42332.8 15.5425 
93024 0.0634588 0.0606507 -41489.9 15.6802 
93840 0.0413183 0.0327637 -41827.1 15.8176 
94656 0.0290407 0.0084826 -41945.2 15.9555 
95472 0.0293543 -0.00822714 -41819.2 16.0934 
96288 0.0169598 -0.00149664 -43149.1 16.2307 
97104 0.028507 -0.00977443 -42915.4 16.3683 
97920 0.0301472 0.028696 -42631.6 16.5063 
98736 0.043061 -0.000238737 -43048.7 16.6435 
99552 0.0521233 0.0224943 -42952.9 16.7815 
100368 0.0416076 0.0327885 -43297.5 16.9192 
101184 0.0208488 -0.00755795 -43452.6 17.0567 
102000 0.0444885 0.000675082 -43716.8 17.1942 
102816 0.0310854 -0.0017479 -44067.2 17.3318 
103632 0.0331379 -0.0244813 -42485.6 17.4695 
104448 0.082561 -0.064673 -42843.7 17.6067 
105264 0.0270479 -0.0117289 -43030.2 17.7436 
106080 0.0433403 -0.0356458 -42743.7 17.8813 
106896 0.0330035 -0.00196049 -42364.6 18.0188 
107712 0.0350066 -0.013307 -42736.3 18.1564 
108528 0.0441652 0.00411311 -42897.1 18.294 
109344 0.041391 0.0262522 -42300.3 18.4315 
110160 0.0125486 0.000541491 -42923.4 18.5689 
110976 0.0215924 -0.00885326 -43190.8 18.7063 
111792 0.0294248 -0.0111855 -43552.8 18.844 
112608 0.0257248 0.0138294 -42536.1 18.9815 
113424 0.0230713 -0.0161945 -42691.7 19.1189 
114240 0.0391303 -0.0276825 -42747.9 19.2564 
115056 0.0402046 0.00523787 -42792.1 19.3939 
115872 0.04094 0.000418621 -42770.2 19.5317 
116688 0.0385773 0.0268352 -42558.7 19.6685 
117504 0.0299887 0.000961416 -42536.9 19.806 
118320 0.0519983 -0.035222 -43002.9 19.9437 
119136 0.0547477 -0.0192266 -42520 20.0812 
119952 0.0128389 -0.00447358 -42330.7 20.2183 
120768 0.0212122 0.0118647 -42033.3 20.3554 
121584 0.0277419 0.0224705 -41801.3 20.493 
122400 0.0445769 0.0403699 -41930.7 20.6304 
123216 0.0177371 -0.00169991 -42693.6 20.7672 
124032 0.0579924 0.0471944 -42849.7 20.9043 
124848 0.0579418 0.0257717 -42902.5 21.0417 
125664 0.0408583 0.0268344 -43216 21.1786 
126480 0.0243363 0.0242665 -43422.2 21.3163 
127296 0.0116786 -0.00696916 -43250.1 21.4542 
128112 0.0226009 0.00149252 -43558.9 21.5918 
128928 0.0535079 -0.0319881 -43811.4 21.7288 
129744 0.0650199 -0.0387509 -43718.9 21.8661 
130560 0.0648962 -0.0191661 -44185.6 22.0039 
131376 0.0897975 -0.0494209 -44353.2 22.1413 
132192 0.0533341 -0.0400157 -42637.1 22.2783 
133008 0.036945 -0.0210525 -42847.4 22.4157 
133824 0.0964874 -0.0602819 -43303.4 22.5538 
134640 0.0423946 -0.027763 -43501.6 22.6916 
135456 0.0457459 -0.0176106 -42866.9 22.829 
136272 0.0534501 -0.0456919 -42590 22.9661 
137088 0.0683302 -0.0530918 -42740.8 23.1033 
137904 0.032826 0.018406 -42581.6 23.2405 
138720 0.039629 0.00563551 -42094.6 23.3774 
139536 0.0309364 0.00118529 -41958.9 23.5148 
140352 0.00591408 0.00490551 -42459.1 23.6523 
141168 0.0161911 -0.00996825 -42827.4 23.7899 
141984 0.0321053 -0.00933804 -42286.3 23.9277 
142800 0.0472108 -0.0201413 -42169.2 24.0654 
143616 0.0108695 0.00336611 -43021.3 24.2029 
144432 0.0235397 0.0150042 -43902.4 24.3403 
145248 0.0232557 -0.00337346 -43108.2 24.4779 
146064 0.0491168 0.0152946 -43736.7 24.6154 
146880 0.0544311 0.0307219 -44000.5 24.7529 
147696 0.023629 0.0201372 -44504.2 24.8903 
148512 0.0509927 0.0477728 -44932.1 25.0278 
149328 0.0287492 0.0232294 -46181.3 25.1653 
150144 0.0214476 -0.0113965 -45995.9 25.3031 
150960 0.0110094 0.00089804 -45601.5 25.4405 
151776 0.0449121 0.041203 -45115.1 25.5781 
152592 0.0421108 0.0343139 -45265.2 25.7157 
153408 0.0254523 -0.00686393 -44826.5 25.8533 
154224 0.0506901 -0.044312 -44399.8 25.9907 
155040 0.0655576 -0.0626603 -43740.5 26.1285 
155856 0.051293 -0.0479979 -43606.4 26.2665 
156672 0.0289144 0.00237515 -43203.8 26.4042 
157488 0.0517749 -0.0457729 -43693.1 26.542 
158304 0.0658547 -0.0617735 -44453.5 26.6795 
159120 0.0273575 -0.0258267 -44707.7 26.8169 
159936 0.0261704 0.0252174 -44455.1 26.9544 
160752 0.0464474 0.0343572 -43441.8 27.0914 
161568 0.0435628 0.0114343 -43572.4 27.2288 
162384 0.0538262 0.036448 -43635.2 27.3663 
163200 0.0476348 0.0275811 -43760.2 27.504 
164016 0.0419859 0.0359928 -43618.2 27.6418 
164832 0.0661293 0.0276913 -43260.9 27.7794 
165648 0.0352569 0.0165701 -44003.8 27.9167 
166464 0.0248939 0.0227815 -43740.5 28.0539 
167280 0.0210303 0.0188972 -43763.7 28.1913 
168096 0.0325674 -0.0119371 -44004.7 28.3283 
168912 0.0277032 -0.00110713 -44534.2 28.4658 
169728 0.0406555 0.0214939 -44032 28.6044 
170544 0.0391837 -0.000113731 -44491.7 28.7419 
171360 0.0588751 -0.0322471 -44455.9 28.8793 
172176 0.0676559 -0.0408402 -43843.5 29.0168 
172992 0.0661437 -0.0378049 -43625.9 29.1544 
173808 0.0546008 -0.0428479 -42700.7 29.2921 
174624 0.0459322 -0.033273 -42847.2 29.4297 
175440 0.073842 -0.049 -42988.7 29.5673 
176256 0.0619182 -0.0499767 -43192.7 29.7046 
177072 0.0422732 -0.0266126 -43930.3 29.8421 
177888 0.0755912 -0.0526975 -43584.7 29.9799 
178704 0.0519733 -0.0405181 -44065.8 30.1175 
179520 0.0453421 0.0278005 -44144.6 30.2554 
180336 0.04371 0.0224364 -43744.9 30.3934 
181152 0.0334135 0.00283252 -43053.1 30.5314 
181968 0.0404976 0.0378274 -43461.4 30.6682 
182784 0.0276824 0.0238007 -43216.1 30.8057 
183600 0.0202654 -0.00820621 -42823.6 30.9433 
184416 0.0308523 -0.00631662 -42661.1 31.0805 
185232 0.025701 0.00211129 -42697.6 31.2176 
186048 0.0386873 -0.0352575 -42117.7 31.3551 
186864 0.0383372 -0.0336004 -42313.1 31.4921 
187680 0.0154365 -0.0101046 -42331.5 31.6292 
188496 0.0501227 -0.0390898 -42384.5 31.7669 
189312 0.0430126 -0.0222189 -41994.6 31.9045 
190128 0.0479231 0.0130273 -42504.3 32.0422 
190944 0.0400907 -0.00518603 -42498.3 32.1798 
191760 0.0226275 -0.000800171 -41750.4 32.3175 
192576 0.0381486 -0.0267712 -43342.3 32.4551 
193392 0.0561355 -0.0433783 -42714.6 32.5928 
194208 0.0267987 -0.01724 -42687.3 32.7303 
195024 0.0409673 -0.0250028 -42605.9 32.8674 
195840 0.0268102 -0.0244196 -42006.1 33.0047 
196656 0.0495945 -0.0455495 -42452.8 33.1421 
197472 0.0472142 -0.0361954 -42355.3 33.2798 
198288 0.073719 -0.0148799 -41667.5 33.4173 
199104 0.04286 -0.00223786 -41320.9 33.5543 
199920 0.0478127 -5.6284e-05 -41562.2 33.6918 
200736 0.0312433 -0.00326414 -41620.1 33.8299 
201552 0.0454086 -0.0412618 -41357 33.9673 
202368 0.0577609 -0.0564078 -41518.4 34.1049 
203184 0.0480363 -0.0327786 -41142.8 34.242 
204000 0.0424682 -0.027343 -41231.4 34.3793 
204816 0.0210209 -0.0103272 -40934.7 34.5169 
205632 0.0174892 -0.00641562 -41015.4 34.6545 
206448 0.035076 -0.00806955 -41475 34.7921 
207264 0.0170058 -0.014542 -40076.5 34.9297 
208080 0.0138543 -0.00493579 -40172.8 35.0674 
208896 0.0378795 -0.0137081 -40451 35.2046 
209712 0.0400021 0.00431794 -40468.1 35.3419 
210528 0.0479618 -0.0126061 -41635.6 35.4792 
211344 0.0667136 0.0467868 -42927.1 35.6166 
212160 0.031787 0.0241295 -43034.1 35.754 
212976 0.0454308 0.042019 -42011.6 35.8909 
213792 0.032782 0.031858 -42062.2 36.0283 
214608 0.0527692 0.0424188 -42402 36.1656 
215424 0.0338024 0.0241641 -42566.5 36.303 
216240 0.0412305 0.0160485 -42410 36.4407 
217056 0.0247739 -0.00198133 -42615.5 36.5778 
217872 0.0507618 0.0136809 -42331 36.7154 
218688 0.0392338 -0.00998035 -42684 36.8524 
219504 0.0434829 -0.0200882 -42088 36.9898 
220320 0.0500305 -0.00770171 -42840 37.1271 
221136 0.0841323 0.0205406 -43481.8 37.2644 
221952 0.0572625 0.0144284 -43661.7 37.4021 
222768 0.0562617 0.0304958 -43903.6 37.5396 
223584 0.0560693 0.02153 -43347.5 37.6772 
224400 0.0550362 0.0346487 -42489.7 37.8148 
225216 0.0543824 0.0101507 -41966.1 37.9524 
226032 0.0760408 0.0125777 -42311.3 38.0901 
226848 0.0763312 0.00895124 -42332.5 38.2278 
227664 0.0598984 0.00771347 -42216 38.3653 
228480 0.042668 -0.00116306 -41840.6 38.5027 
229296 0.0389973 0.0219041 -42413.6 38.6404 
230112 0.075625 0.0629792 -42401.9 38.7779 
230928 0.0440027 0.0355118 -42568.3 38.9154 
231744 0.0429847 0.0417198 -42357.4 39.0529 
232560 0.0170558 0.0155088 -42680 39.1906 
233376 0.042618 0.018345 -41527.3 39.3279 
234192 0.0286965 -0.00310887 -41004.9 39.4652 
235008 0.0299891 0.0218431 -41127.8 39.6026 
235824 0.0573833 0.0296681 -42122.2 39.74 
236640 0.0669222 0.0366771 -42159.1 39.8777 
237456 0.0440485 0.0281491 -42686.1 40.0154 
238272 0.0422032 0.0242913 -42821 40.1532 
239088 0.015485 0.0118162 -41391.8 40.2907 
239904 0.0381208 0.0335352 -40948.8 40.4285 
240720 0.0248162 0.0194683 -42237.4 40.566 
241536 0.0173701 0.00591395 -42570.7 40.7034 
242352 0.0459402 -0.0441833 -42535.3 40.841 
243168 0.0206594 -0.0183976 -41975.6 40.978 
243984 0.00922276 -0.00918427 -42630.4 41.1156 
244800 0.0426122 -0.0392834 -43087.5 41.2526 
245616 0.0363093 -0.0318606 -42977 41.3902 
246432 0.0183319 -0.00493369 -42701.9 41.5284 
247248 0.0423065 -0.00877291 -42613.1 41.666 
248064 0.036667 -0.0168725 -42640.8 41.8039 
248880 0.0704469 -0.0366759 -43708.2 41.9416 
249696 0.0819122 -0.00865359 -43946.5 42.079 
250512 0.0446434 0.0189116 -44078.4 42.2168 
251328 0.0180261 -0.0126085 -44195.3 42.3544 
252144 0.0304079 -0.00124515 -42920.8 42.4919 
252960 0.0325191 0.0123824 -43019.7 42.6293 
253776 0.0380516 -0.00251702 -42533.2 42.7668 
254592 0.0775421 0.0587842 -43485.2 42.9042 
255408 0.0870224 0.0662968 -44686.5 43.0415 
256224 0.0728441 0.0397291 -43693.2 43.179 
257040 0.0291874 -0.0214275 -43462.4 43.3168 
257856 0.0286567 0.000456662 -43986 43.4541 
258672 0.0203455 0.00354514 -43740.4 43.5919 
259488 0.0154186 -0.0141971 -43871.6 43.7294 
260304 0.0373464 0.0263595 -43406.4 43.8672 
261120 0.0400339 0.00139267 -42229.2 44.0047 
261936 0.0323664 -0.0143656 -41157.4 44.1421 
262752 0.0254137 -0.0180921 -41007.7 44.2795 
263568 0.0192533 -0.00981279 -41228.3 44.417 
264384 0.02097 -0.0147535 -41129.5 44.5541 
265200 0.0209116 -0.00861812 -41839.9 44.6916 
266016 0.0499777 0.0168304 -41710.4 44.8292 
266832 0.0513211 0.0134042 -43076.1 44.9666 
267648 0.0568105 0.0125505 -42631 45.1043 
268464 0.0467186 0.0144564 -42642.2 45.242 
269280 0.00784041 0.00151288 -41836.2 45.3796 
270096 0.0181871 -0.00690712 -41685.6 45.5172 
270912 0.0311523 0.0124677 -42542.3 45.6546 
271728 0.0339054 0.0234689 -43409.1 45.7919 
272544 0.0395079 0.00380287 -42893.5 45.9293 
273360 0.0394795 -0.027769 -42185.9 46.0673 
274176 0.0354767 -0.0317708 -41923.9 46.2047 
274992 0.0451297 -0.0441301 -41280.2 46.3423 
275808 0.0463897 -0.039337 -41018.4 46.4795 
276624 0.0942204 -0.0915055 -41276.4 46.6171 
277440 0.0364626 -0.0336717 -42879.6 46.7545 
278256 0.0576423 -0.00510828 -42888.9 46.8916 
279072 0.052417 0.00162568 -42225.1 47.029 
279888 0.0643055 -0.0148264 -42907 47.1665 
280704 0.0557291 0.0134412 -43672.8 47.3039 
281520 0.0403169 -0.0198063 -43274.8 47.4412 
282336 0.0443079 0.0176062 -42580.1 47.5785 
283152 0.0446229 0.0190802 -41916.6 47.7161 
283968 0.0219002 -0.00983761 -42058.2 47.8537 
284784 0.0427787 0.00988754 -42333.5 47.991 
285600 0.0233624 0.0143043 -42899.3 48.1283 
286416 0.0187281 -0.00108454 -42846.5 48.2658 
287232 0.0247236 0.000766598 -42385.1 48.4033 
288048 0.0291222 0.0129064 -42628.2 48.5408 
288864 0.0190968 0.0121479 -42472.1 48.6776 
289680 0.0415925 0.0272771 -42767 48.815 
290496 0.0359228 0.0160799 -42234.5 48.9526 
291312 0.0525713 -0.00888697 -41799.6 49.0902 
292128 0.034372 -0.0110062 -42748.9 49.2278 
292944 0.0151011 0.00231304 -43163 49.3656 
293760 0.0314039 -0.0028043 -42552.7 49.5032 
294576 0.0152458 0.000940101 -42970.1 49.6408 
295392 0.032861 0.00688627 -41812.5 49.7778 
296208 0.0337204 0.0138599 -41625.1 49.9155 
297024 0.0581381 0.0329161 -41636.5 50.0533 
297840 0.0403362 0.023824 -41876.8 50.191 
298656 0.0211105 -0.000624979 -42413.4 50.3285 
299472 0.0327085 0.0118483 -42789.9 50.4659 
300288 0.0149916 0.00790995 -43494.5 50.6035 
301104 0.0384528 -0.025375 -43737.9 50.7409 
301920 0.0477106 -0.0410082 -43471.5 50.8786 
302736 0.0542423 -0.0409707 -44074.3 51.0163 
303552 0.041847 -0.0237315 -44277.6 51.1537 
304368 0.0318136 -0.0274499 -43884.6 51.2913 
305184 0.0278017 -0.0171312 -43540.1 51.4288 
306000 0.0331418 -0.0161065 -43071.4 51.5663 
306816 0.0248774 0.00282474 -42736.9 51.7041 
307632 0.0347378 0.0124057 -42991.5 51.8414 
308448 0.0288379 -0.015551 -42858.6 51.9791 
309264 0.0479511 -0.0369706 -43536.3 52.1169 
310080 0.0543966 -0.0268558 -43204.2 52.2539 
310896 0.0627583 -0.0530208 -43930.8 52.3914 
311712 0.0232137 -0.0227009 -43391.9 52.5291 
312528 0.0150743 -0.00655423 -43507 52.6663 
313344 0.0243751 -0.0172437 -42436.7 52.8039 
314160 0.0234886 0.00103133 -42730.6 52.9416 
314976 0.0271711 -0.00751965 -43225.8 53.0794 
315792 0.0334325 -0.0166636 -43199 53.2166 
316608 0.0271897 -0.0223192 -43138 53.3536 
317424 0.041139 0.00907756 -43183.1 53.4912 
318240 0.0492195 0.0241176 -43485.8 53.6287 
319056 0.012113 0.00355567 -43376.9 53.7661 
319872 0.0349855 0.00938649 -43762.6 53.9036 
320688 0.0357284 -0.0313387 -43193.4 54.0412 
321504 0.0507851 -0.00353703 -42097.9 54.1789 
322320 0.0574714 0.0300783 -42562.8 54.3166 
323136 0.0683458 0.0137182 -43014.8 54.454 
323952 0.0430159 0.00367199 -42048.5 54.5915 
324768 0.0268325 -0.0153468 -41781.8 54.729 
325584 0.0453162 -0.0450891 -41593.5 54.8669 
326400 0.0328747 -0.0302881 -42108.1 55.0042 
327216 0.0254136 -0.0138336 -42265.2 55.1415 
328032 0.0213044 0.0113724 -41446.1 55.2788 
328848 0.0560845 -0.0520767 -42083.3 55.4164 
329664 0.0731062 -0.0715468 -41442.3 55.5528 
330480 0.0672809 -0.0561797 -42164.6 55.6902 
331296 0.0454281 -0.0329784 -42531.3 55.8275 
332112 0.058361 -0.0393615 -41086.4 55.9645 
332928 0.0367645 -0.0282048 -41273.4 56.1021 
333744 0.0419914 -0.0276972 -42556.6 56.2393 
334560 0.0443218 -0.00112779 -42805.4 56.3765 
335376 0.0598333 -0.00873066 -41171.5 56.514 
336192 0.0742844 -0.0461364 -40992.6 56.6512 
337008 0.0558687 -0.0280067 -41316.8 56.7887 
337824 0.0493236 0.0192232 -40980.9 56.9258 
338640 0.0392283 0.0299765 -41005.5 57.0635 
339456 0.029759 0.0190174 -41010.9 57.2007 
340272 0.0420722 0.0390139 -40872.9 57.338 
341088 0.0489689 0.0473789 -41178.2 57.4755 
341904 0.0490212 0.0478399 -40638 57.6132 
342720 0.0867714 0.0834892 -40612.4 57.7508 
343536 0.0750781 0.0734111 -40278.7 57.8884 
344352 0.0445623 0.0220363 -40951.7 58.0258 
345168 0.0721335 0.0217034 -40529.4 58.1633 
345984 0.0617375 0.0134107 -41120.3 58.3007 
346800 0.0454114 -0.0102211 -41386.5 58.4386 
347616 0.0247531 -0.0194535 -41869.1 58.5763 
348432 0.0379719 -0.0143859 -42238.6 58.7139 
349248 0.0350412 -0.0323554 -41635.6 58.8515 
350064 0.0465944 -0.0446631 -43048.5 58.9892 
350880 0.0297717 -0.0260344 -42708 59.1269 
351696 0.0248302 -0.0103755 -42413.4 59.2647 
352512 0.04358 -0.00919788 -43200.7 59.4024 
353328 0.0475271 -0.0273912 -42591.8 59.54 
354144 0.0137819 0.00454106 -42724.4 59.6775 
354960 0.0494129 -0.0447968 -42467.9 59.8149 
355776 0.0370351 -0.0302138 -42016.9 59.9521 
356592 0.0455144 -0.0423011 -42764.1 60.09 
357408 0.0355114 -0.0196744 -43808.2 60.2277 
358224 0.0213036 -0.0175351 -43820.8 60.3652 
359040 0.039584 0.00271209 -44542.9 60.5026 
359856 0.0377371 0.0137277 -44122.5 60.6405 
360672 0.0445191 -0.0119107 -44323.8 60.7779 
361488 0.0267567 -0.0254895 -43263.5 60.9154 
362304 0.0279197 0.00219599 -43641.1 61.0529 
363120 0.0403115 0.0267044 -43585.4 61.1907 
363936 0.0368498 0.00984491 -43948.8 61.3279 
364752 0.00783313 -0.00215159 -44123.8 61.4654 
365568 0.018006 0.00654776 -43712.2 61.6029 
366384 0.0183285 0.0142256 -44363.7 61.7403 
367200 0.0393132 -0.0199542 -43741.6 61.8779 
368016 0.0653069 -0.0182674 -43704.5 62.0155 
368832 0.0507879 -0.000772004 -44772.8 62.1523 
369648 0.0280067 -0.0219057 -44501.8 62.2904 
370464 0.0125338 0.00826719 -44239.6 62.4278 
371280 0.0214336 -0.0176775 -44119.1 62.5659 
372096 0.0310196 0.00583774 -43882.5 62.7033 
372912 0.0413773 0.00734549 -44120.4 62.8408 
373728 0.0618122 0.0165257 -43489.1 62.9782 
374544 0.0851808 -0.0107549 -43089.1 63.116 
375360 0.043271 -0.0279853 -43751.1 63.254 
376176 0.0337554 -0.0227206 -44699 63.3913 
376992 0.025535 -0.0234487 -44112.3 63.5288 
377808 0.022736 0.0175763 -44035.4 63.6663 
378624 0.0451316 0.0388122 -43863 63.8042 
379440 0.0466384 0.0353374 -43952.5 63.9418 
380256 0.0182136 0.0110725 -42602.1 64.0793 
381072 0.0137919 0.0121277 -42455.4 64.2165 
381888 0.0462946 0.016264 -42343.2 64.3543 
382704 0.04485 0.00457323 -43061.4 64.492 
383520 0.057491 0.0382874 -43441.8 64.6297 
384336 0.0664993 0.0456042 -43676.3 64.7673 
385152 0.0691883 0.0493907 -43405 64.9051 
385968 0.0414414 0.0181111 -44340.2 65.0421 
386784 0.0536814 -0.0201426 -44077.9 65.1792 
387600 0.0420502 -0.0199702 -43848.3 65.317 
388416 0.0275838 -0.00306745 -43918.5 65.4548 
389232 0.0281924 -0.0125212 -43560.1 65.5925 
390048 0.0111244 -0.010845 -43886.8 65.7302 
390864 0.0286577 -0.00499197 -44198.5 65.8674 
391680 0.0529534 -0.00965815 -43599.3 66.005 
392496 0.0631027 0.00790545 -44511.2 66.1427 
393312 0.0491675 -0.00320789 -44091.5 66.28 
394128 0.0326024 0.00897374 -43461.2 66.4178 
394944 0.0462282 0.015414 -43446.1 66.5556 
395760 0.0273654 -0.0131502 -42925.7 66.6931 
396576 0.0385787 -0.00795433 -43589.5 66.8307 
397392 0.0522633 -0.0369149 -43717.2 66.9681 
398208 0.0842505 -0.0812462 -42346.6 67.1062 
399024 0.0758691 -0.0715606 -42556.3 67.244 
399840 0.0711391 -0.0668734 -42262.8 67.381 
400656 0.0551955 -0.0503404 -42592.9 67.5182 
401472 0.0538096 -0.050758 -42315.9 67.6556 
402288 0.0417732 -0.040506 -43117.4 67.7931 
403104 0.0458472 -0.00949136 -43194.2 67.9302 
403920 0.0513311 0.0146593 -43004.1 68.0678 
404736 0.0457782 0.00507977 -42734.6 68.205 
405552 0.0492017 -0.0178719 -43212.5 68.3428 
406368 0.0501015 0.0387245 -42968.6 68.4806 
407184 0.0608589 0.0398898 -42605.6 68.6186 
408000 0.0415048 0.0272741 -43030.9 68.7563 
408816 0.0447878 0.0324226 -44003.4 68.8942 
409632 0.0331726 0.000970521 -43892.7 69.0317 
410448 0.0486813 0.0369984 -43325.1 69.1692 
411264 0.0390966 0.0283134 -42258.7 69.3069 
412080 0.0188952 0.00875908 -43135.6 69.445 
412896 0.0517548 -0.038945 -42954.6 69.5817 
413712 0.0419362 -0.0278476 -43168.8 69.7191 
414528 0.0346448 0.0313217 -43078 69.8566 
415344 0.0448723 0.0191914 -43933.8 69.9943 
416160 0.0546379 -0.0258306 -42882.4 70.132 
416976 0.0598482 -0.0173116 -43022.1 70.2694 
417792 0.0248354 0.00423126 -43531.9 70.4065 
418608 0.0257804 0.0166085 -43168.2 70.5441 
419424 0.024692 0.0206309 -43764.7 70.6814 
420240 0.058498 0.0065514 -43310.3 70.819 
421056 0.0662141 0.0424435 -42682.9 70.9567 
421872 0.0236449 0.00726958 -42905.6 71.0939 
422688 0.0500318 -0.030884 -43266.8 71.2313 
423504 0.0553514 0.0149102 -43680.7 71.369 
424320 0.0267679 -0.0109714 -43252.1 71.5066 
425136 0.0594993 -0.0343683 -43798.5 71.6443 
425952 0.041805 -0.0274011 -42693.1 71.7817 
426768 0.0473131 -0.0260337 -42112.7 71.9196 
427584 0.0356724 -0.017095 -44333.9 72.0572 
428400 0.0332538 0.0127444 -44740.9 72.1951 
429216 0.0251105 0.00509709 -43551.5 72.3328 
430032 0.0186335 0.0158219 -43735.2 72.4704 
430848 0.0335089 0.0270072 -42324.3 72.6075 
431664 0.0506627 0.0506376 -42481.1 72.7448 
432480 0.0264826 0.0241389 -42784.6 72.8824 
433296 0.0259108 0.0156252 -42755 73.0203 
434112 0.0368452 0.0341377 -42798.2 73.158 
434928 0.0616905 0.0354615 -43436.6 73.2956 
435744 0.0437265 0.0401421 -42775.5 73.4333 
436560 0.103068 0.0700521 -42808.6 73.571 
437376 0.0705945 0.0448421 -42310.6 73.7085 
438192 0.0793649 0.0429429 -42516.9 73.8464 
439008 0.0814115 -0.00135941 -42509.8 73.9838 
439824 0.0697568 -0.00077068 -43118.7 74.1214 
440640 0.0797087 0.00395499 -42027.5 74.2591 
441456 0.067214 0.000785251 -42270.4 74.3967 
442272 0.0651818 0.0349451 -43002.1 74.5338 
443088 0.0778242 0.0426615 -42612.4 74.6715 
443904 0.0485107 0.0170448 -43039.3 74.8092 
444720 0.0490202 0.0040581 -43145.8 74.9459 
445536 0.0591392 -0.0267374 -42707.6 75.0835 
446352 0.0759771 -0.0189483 -43313.2 75.2213 
447168 0.0588094 -0.0100638 -42969.7 75.3588 
447984 0.0340227 0.000625013 -42519.7 75.4963 
448800 0.0241157 -0.0104937 -42105 75.6338 
449616 0.0275538 -0.0239423 -42193 75.7713 
450432 0.0202706 -0.0195469 -42442.9 75.9085 
451248 0.0426276 -0.0401061 -43022.4 76.0457 
452064 0.0871484 -0.0860634 -42412 76.1836 
452880 0.0525225 -0.0511477 -42309.8 76.3214 
453696 0.010731 -0.00996077 -42540 76.4589 
454512 0.0775447 -0.0281048 -42887.8 76.5966 
455328 0.0545595 -0.042647 -43182.1 76.7343 
456144 0.02848 -0.0278917 -42853.9 76.872 
456960 0.0108264 -0.00700295 -42708.8 77.0094 
457776 0.063898 -0.0396596 -42675.9 77.1473 
458592 0.0497508 -0.00103694 -43339.1 77.2848 
459408 0.0588493 -0.00619434 -42912.8 77.4228 
460224 0.062254 -0.0111762 -42466.1 77.5607 
461040 0.0506195 0.00427455 -41471.5 77.6983 
461856 0.0623883 0.0206972 -42801.6 77.8361 
462672 0.0462053 -0.00410098 -42071 77.9737 
463488 0.0288716 -0.0163881 -41810.6 78.1114 
464304 0.0352477 0.0152853 -41867 78.2492 
465120 0.0499155 -0.0174444 -42904.1 78.387 
465936 0.0634175 0.00259563 -43497.4 78.5249 
466752 0.0626858 0.00843319 -43428.5 78.6622 
467568 0.0688322 0.0233432 -42926.1 78.7999 
468384 0.0428564 0.0194329 -44089.7 78.9373 
469200 0.0528918 0.00748438 -44644.5 79.0752 
470016 0.0289805 -0.014206 -43854.7 79.2132 
470832 0.0234986 -0.00257999 -43950.1 79.3507 
471648 0.0130255 0.0126392 -43245.9 79.4887 
472464 0.0405504 -0.00957112 -43006.4 79.6264 
473280 0.0285624 -0.008961 -42392.5 79.7642 
474096 0.0219903 -0.00312071 -42671.6 79.902 
474912 0.0572955 -0.0171631 -41788.5 80.0396 
475728 0.0313981 0.024837 -41315.9 80.1773 
476544 0.0284875 -0.0115078 -40950 80.3149 
477360 0.0335542 0.00318315 -40617 80.4523 
478176 0.0416428 -0.00893161 -40991.7 80.5899 
478992 0.0561699 0.0351639 -41238.5 80.7279 
479808 0.0394003 0.0235717 -41754.7 80.8669 
480624 0.0409241 0.0313108 -42899.5 81.0042 
481440 0.0402717 0.015396 -43355.6 81.142 
482256 0.0509607 -0.00245572 -43456.9 81.2803 
483072 0.062257 -0.0311264 -43336.8 81.418 
483888 0.0595079 -0.0404377 -43003.9 81.5556 
484704 0.0453393 -0.020724 -42750.8 81.6935 
485520 0.0662864 -0.0502657 -43270.7 81.831 
486336 0.0526794 -0.040851 -42712.5 81.9688 
487152 0.0576366 0.0149784 -41915.6 82.1065 
487968 0.0694003 -0.00698366 -42615.6 82.2438 
488784 0.0698507 0.0123773 -42693.2 82.3816 
489600 0.0543614 0.0210349 -42840.7 82.5186 
490416 0.0295945 0.00558108 -42454.8 82.6563 
491232 0.0266008 -7.22499e-05 -42274.2 82.7937 
492048 0.0361852 -0.00812747 -42120.2 82.9314 
492864 0.0838233 0.00222708 -42553.4 83.0692 
493680 0.0603143 -0.0265412 -43059.4 83.2073 
494496 0.0414956 -0.0272843 -43016.7 83.345 
495312 0.0440156 0.0315825 -43130.2 83.4823 
496128 0.0207339 0.0206067 -42782.5 83.62 
496944 0.0325869 0.0173079 -43086.1 83.7581 
497760 0.0266087 0.0153338 -42153.7 83.8958 
498576 0.0345447 0.0160491 -43367.2 84.0335 
499392 0.0498863 0.0176 -43179.8 84.1712 
500208 0.0600847 0.00862668 -42788.5 84.309 
501024 0.0433462 0.0207882 -42660.9 84.4462 
501840 0.0651049 0.015722 -43455.2 84.584 
502656 0.0573139 0.0302608 -42518.5 84.7214 
503472 0.0370204 0.027678 -42688.7 84.8591 
504288 0.0551737 0.0451512 -42290.1 84.9965 
505104 0.0589785 0.0364319 -42417 85.1343 
505920 0.0365049 0.00123618 -42252 85.2723 
506736 0.056747 0.0238926 -42403.7 85.4099 
507552 0.0329604 0.023885 -42175.6 85.5478 
508368 0.00873784 -7.01851e-05 -42287.6 85.6853 
509184 0.0599578 0.0542989 -42837.5 85.8233 
510000 0.052491 0.0303553 -42660.9 85.9612 
510816 0.073741 0.0622494 -42404.5 86.0989 
511632 0.0939292 0.0769792 -42261.7 86.2366 
512448 0.0827421 0.0725327 -42426.2 86.3741 
513264 0.0675091 0.0543866 -42732.8 86.5117 
514080 0.0524273 0.0047137 -43012 86.6494 
514896 0.078296 -0.0246469 -42875.6 86.7872 
515712 0.0757462 0.0153702 -42024.4 86.925 
516528 0.0518498 0.00759624 -41425.5 87.0626 
517344 0.0582495 0.0332648 -42323 87.2005 
518160 0.0386349 0.0213545 -41794.8 87.3385 
518976 0.0525712 0.0462069 -42748.3 87.4764 
519792 0.0616015 0.0287511 -43155.2 87.614 
520608 0.038639 0.00306586 -42396.2 87.752 
521424 0.0415059 -0.0164386 -42805 87.8896 
522240 0.0681261 -0.0483846 -43255 88.0274 
523056 0.0408714 -0.0300618 -42923.9 88.1653 
523872 0.0428502 0.01691 -43111.1 88.303 
524688 0.0544206 0.00994453 -42683 88.4409 
525504 0.0278655 0.0255933 -41723.9 88.5786 
526320 0.035628 0.0220631 -41818.3 88.717 
527136 0.0189408 0.0170035 -41881.3 88.8548 
527952 0.0395967 0.0284553 -42279.4 88.9925 
528768 0.0501233 0.0497906 -42638.7 89.1299 
529584 0.00960067 0.00647424 -41826.3 89.2674 
530400 0.0095258 0.00437463 -41876.4 89.4053 
531216 0.00700197 -9.7968e-05 -42473.3 89.5432 
532032 0.0296681 -0.00676942 -42820.2 89.6809 
532848 0.0463486 -0.0136975 -43456.1 89.8186 
533664 0.0359061 -0.00454579 -43777.4 89.9562 
534480 0.0380066 0.0262043 -43931.2 90.0942 
535296 0.0362806 0.0248316 -43709.3 90.2316 
536112 0.0118465 0.011817 -43243.3 90.3694 
536928 0.0446262 0.0285049 -43357.4 90.5067 
537744 0.0613488 0.0103821 -42456.1 90.6441 
538560 0.0626298 -0.0158111 -43243.7 90.782 
539376 0.0529929 0.00173188 -43332.9 90.9199 
540192 0.044964 -0.0210056 -42809.9 91.058 
541008 0.0339247 -0.0130734 -42907.7 91.1953 
541824 0.0512278 -0.00262521 -42172.9 91.3329 
542640 0.0710337 -0.0129118 -42084.7 91.4705 
543456 0.0636846 0.00204611 -42365.3 91.6079 
544272 0.0209483 0.00431085 -41820 91.7459 
545088 0.0301265 0.0116732 -41881.9 91.8839 
545904 0.0162279 -0.00984073 -42426.2 92.0215 
546720 0.0481367 -0.00429785 -42579.6 92.1593 
547536 0.0645305 0.0237252 -41979.3 92.2971 
548352 0.0788326 -0.0265227 -42143.4 92.4351 
549168 0.0714807 -0.0106074 -42037.7 92.5729 
549984 0.0734683 -0.022332 -42384.4 92.7101 
550800 0.0549943 -0.0389387 -41986.8 92.8482 
551616 0.0747626 -0.0402211 -43104.3 92.986 
552432 0.0506509 0.044634 -42539.8 93.124 
553248 0.0318916 0.0264238 -41186.1 93.2616 
554064 0.00805669 0.00590312 -42063.8 93.3996 
554880 0.0488431 -0.0349286 -42711.9 93.5374 
555696 0.0313877 -0.00222448 -41875.6 93.675 
556512 0.0686539 0.0195945 -41925.3 93.8123 
557328 0.0596577 0.0306928 -41901.3 93.95 
558144 0.0503866 0.0269226 -42694.2 94.0876 
558960 0.0648333 -0.00569819 -42489.1 94.2255 
559776 0.0743563 0.00389768 -43018.3 94.3634 
560592 0.048626 0.0335815 -42159 94.5009 
561408 0.0494452 -0.0223356 -42749.3 94.6388 
562224 0.0436385 0.0026689 -42565.8 94.7767 
563040 0.0303442 -0.00252491 -41703.8 94.9145 
563856 0.0581521 -0.0324922 -41754.5 95.0519 
564672 0.0480051 0.00291998 -41274.8 95.1897 
565488 0.0326921 -0.023954 -42073.7 95.3276 
566304 0.0401509 0.0152374 -42073.1 95.4656 
567120 0.0488938 -0.0256896 -42577.4 95.603 
567936 0.0532849 0.0178554 -42843.9 95.7407 
568752 0.0469881 0.0218816 -42572 95.8785 
569568 0.0102182 -0.00653388 -42783.2 96.0161 
570384 0.013488 0.00723395 -43171.7 96.1539 
571200 0.0392282 0.0193943 -43519.9 96.2916 
572016 0.00383522 0.00320635 -43399.9 96.429 
572832 0.0245406 -0.0178094 -44071.6 96.5669 
573648 0.0717021 -0.0490043 -44077.9 96.7048 
574464 0.0741653 -0.0423573 -44344.3 96.8428 
575280 0.0859478 -0.063935 -44558.2 96.9806 
576096 0.0477943 -0.0297823 -44305 97.1184 
576912 0.0139492 0.000650013 -43763.2 97.2565 
577728 0.0249841 -0.00800929 -43817.3 97.3943 
578544 0.0245111 -0.0184476 -43251.3 97.532 
579360 0.0529725 -0.0479752 -43642.6 97.67 
580176 0.0259625 -0.0101025 -44418.1 97.808 
580992 0.0357042 0.00807473 -44201.7 97.946 
581808 0.0573026 -0.0411137 -42827.9 98.0835 
582624 0.0498904 -0.0159186 -44134.4 98.2214 
583440 0.0768866 0.0212086 -44838.6 98.3587 
584256 0.0588605 -0.0131561 -44436.5 98.4966 
585072 0.0582205 -0.0221216 -44773.7 98.6342 
585888 0.054785 -0.0165018 -43649.2 98.7715 
586704 0.0597394 0.0263324 -43191.8 98.9092 
587520 0.0515984 -0.0332288 -43140.9 99.0465 
588336 0.038885 0.00310768 -43011.7 99.1843 
589152 0.0316172 0.00526259 -43003.1 99.3219 
589968 0.0434835 -0.00307472 -41969.8 99.4594 
590784 0.0992123 -0.0443328 -42716.4 99.5972 
591600 0.0521125 -0.0189066 -42417 99.735 
592416 0.058995 0.00537671 -42263 99.8727 
593232 0.0371388 0.00749452 -41674.5 100.01 
594048 0.0432483 -0.00865624 -42529 100.148 
594864 0.0304463 -0.00830704 -41952.3 100.286 
595680 0.0471726 0.0189515 -42157.6 100.423 
596496 0.0351517 0.029643 -42075.5 100.561 
597312 0.0706121 0.018906 -42807.5 100.698 
598128 0.0425362 0.00748383 -41645.9 100.836 
598944 0.0503935 -0.00429515 -42169 100.974 
599760 0.0723013 0.0107164 -42549.1 101.111 
600576 0.0754686 0.0246246 -40673.1 101.249 
601392 0.0374928 0.0258344 -40420.7 101.386 
602208 0.0480751 0.0421833 -39557.7 101.524 
603024 0.0539492 0.0416212 -40242.5 101.662 
603840 0.0449385 0.0337706 -40002.3 101.8 
604656 0.019716 0.0137907 -40547.4 101.937 
605472 0.0111463 -0.00552789 -40504 102.075 
606288 0.0138437 0.00973369 -41655.5 102.213 
607104 0.0382534 0.0267177 -42392.2 102.35 
607920 0.0133308 0.00881382 -43003.9 102.488 
608736 0.0594994 0.0459768 -42065.7 102.626 
609552 0.0539665 0.0481141 -42061.2 102.763 
610368 0.0411247 0.0282954 -42462.3 102.901 
611184 0.0260631 0.00955793 -42867.2 103.038 
612000 0.0377678 -0.0150487 -43144.7 103.176 
612816 0.0631556 -0.0571259 -42079.8 103.314 
613632 0.0542851 -0.0450317 -42546.3 103.452 
614448 0.0577506 -0.0397375 -43702.1 103.589 
615264 0.0808971 -0.0602351 -43666.2 103.727 
616080 0.0496025 -0.0432994 -43854.8 103.864 
616896 0.0440681 -0.0432521 -43470 104.002 
617712 0.0718526 -0.0691555 -42989.9 104.139 
618528 0.0806285 -0.0781764 -43286.4 104.276 
619344 0.0403599 -0.0278159 -42833.2 104.414 
620160 0.0328237 0.0172093 -43273.3 104.552 
620976 0.0418954 0.0101795 -43584.1 104.69 
621792 0.0899375 0.013248 -44184.3 104.828 
622608 0.0562949 -0.0210227 -43604 104.966 
623424 0.0300094 0.00542726 -42704.8 105.103 
624240 0.0354503 0.0142236 -42722.4 105.241 
625056 0.0309521 0.00390879 -43130 105.379 
625872 0.0416539 0.00526041 -42989.9 105.516 
626688 0.0728128 -0.0313095 -43286.4 105.654 
627504 0.0698147 0.0162617 -42856 105.791 
628320 0.0566489 -0.00432335 -43047.3 105.929 
629136 0.0611298 0.00738854 -43073.3 106.067 
629952 0.0578679 -0.0149504 -42084.4 106.204 
630768 0.0400522 -0.0146529 -42033.6 106.342 
631584 0.0569843 -0.00859183 -41898.6 106.48 
632400 0.0514653 -0.0486152 -42470.2 106.618 
633216 0.0309091 0.0188434 -42882.3 106.755 
634032 0.0400193 -0.0120135 -42571.9 106.893 
634848 0.056285 -0.0327601 -42050.8 107.03 
635664 0.0443611 -0.0244532 -41752.6 107.168 
636480 0.0402786 -0.0316751 -42313 107.306 
637296 0.0476072 -0.0138617 -43722.9 107.444 
638112 0.0400209 0.000839428 -44299.2 107.581 
638928 0.0146374 -0.00490673 -43523.9 107.719 
639744 0.0439261 -0.0111865 -43773.9 107.857 
640560 0.0653995 -0.00396601 -43675.4 107.994 
641376 0.0539725 -0.020801 -43221.3 108.132 
642192 0.0497106 -0.0132838 -43874.5 108.27 
643008 0.0426038 -0.0242024 -43339.9 108.407 
643824 0.0597326 -0.0582184 -43350.2 108.545 
644640 0.0769633 -0.0432096 -42493.7 108.683 
645456 0.0481832 0.00566426 -42138.8 108.82 
646272 0.0345123 0.00255795 -41774.4 108.958 
647088 0.0426204 0.0369183 -41787.7 109.095 
647904 0.0455595 0.0292773 -42033.4 109.233 
648720 0.0541605 -0.0178246 -42086.8 109.371 
649536 0.0467375 -0.00847517 -42125 109.508 
650352 0.0298782 0.00636738 -41781.5 109.646 
651168 0.0240282 -0.00449269 -42084.2 109.784 
651984 0.0375318 -0.0371194 -42612.5 109.921 
652800 0.0366146 0.0246339 -42008.4 110.059 
653616 0.0432493 0.0339143 -42476.4 110.197 
654432 0.0466082 0.0418787 -41819.7 110.334 
655248 0.0588842 0.0517508 -42549.4 110.472 
656064 0.0650176 0.06015 -43437 110.61 
656880 0.0411332 0.0175964 -43917.5 110.747 
657696 0.04901 -0.0238212 -44287.3 110.885 
658512 0.0645047 -0.0114354 -43153.7 111.023 
659328 0.0437988 0.0108832 -42356.8 111.161 
660144 0.0211869 0.00542431 -42604.4 111.299 
660960 0.0346233 0.0161146 -42943.4 111.437 
661776 0.0236064 0.0134291 -43677 111.574 
662592 0.0363811 0.0334599 -42750.7 111.711 
663408 0.0199675 0.00809237 -42282.7 111.848 
664224 0.0536367 0.0296342 -42465.4 111.986 
665040 0.0763318 0.0189581 -43938.6 112.124 
665856 0.072329 -0.0150014 -44624.4 112.262 
666672 0.0743854 0.0181794 -43896 112.399 
667488 0.0645352 -0.0136099 -43305.7 112.537 
668304 0.0624392 -0.00443052 -43148.5 112.674 
669120 0.0177298 0.00749632 -44255.6 112.812 
669936 0.0405149 0.000439459 -43719.3 112.949 
670752 0.0442625 -0.0209986 -43455.7 113.087 
671568 0.0691144 -0.039556 -43308.1 113.225 
672384 0.0677914 0.00296648 -43260.5 113.363 
673200 0.0217375 -0.00634638 -42542.6 113.5 
674016 0.0449224 0.0398589 -42850.1 113.638 
674832 0.0406786 0.0310183 -42674.5 113.776 
675648 0.064976 0.0636819 -42247.1 113.913 
676464 0.0533057 0.00641047 -41447.1 114.051 
677280 0.0510436 0.0327121 -40799.8 114.189 
678096 0.0428121 0.00446835 -41403.9 114.327 
678912 0.0703924 -0.00772765 -41793 114.465 
679728 0.0636292 0.0151172 -41613.9 114.602 
680544 0.0687067 0.00249101 -41432.9 114.74 
681360 0.0601113 -0.00417844 -42613.9 114.878 
682176 0.0606727 -0.027488 -42370.1 115.015 
682992 0.0525861 0.00236446 -41766.6 115.153 
683808 0.0511866 -0.0116549 -42463.7 115.291 
684624 0.0598994 -0.0120463 -43277.2 115.429 
685440 0.0399043 -0.0337134 -42841.4 115.566 
686256 0.0402184 -0.0387528 -42622.8 115.704 
687072 0.0556763 -0.0142577 -42282 115.842 
687888 0.0585549 -0.00763218 -42464.7 115.98 
688704 0.068103 -0.0536263 -42737.9 116.117 
689520 0.0717217 -0.0615533 -43193.9 116.255 
690336 0.0652618 -0.0445449 -43089.1 116.393 
691152 0.0598562 -0.0307833 -42799.7 116.53 
691968 0.063315 0.0350542 -42548.5 116.668 
692784 0.067666 0.0582122 -42724.4 116.806 
693600 0.0702754 0.0649106 -42662.5 116.944 
694416 0.0819981 0.0797732 -42380.3 117.081 
695232 0.0288264 0.00665006 -42440.4 117.219 
696048 0.0311145 -0.0232926 -42078.1 117.357 
696864 0.0572893 -0.0140507 -41318.5 117.494 
697680 0.0569186 -0.0024467 -41183.5 117.632 
698496 0.0551971 0.00717324 -41367.7 117.77 
699312 0.0571208 0.00416591 -40796.9 117.907 
700128 0.0437097 0.0281579 -41209.7 118.045 
700944 0.0462964 0.0248953 -41642.4 118.182 
701760 0.0309297 0.0188118 -41423.4 118.32 
702576 0.0570106 0.0457931 -41680.4 118.458 
703392 0.0349216 -0.00133928 -41501.7 118.596 
704208 0.0331148 -0.0217178 -42049.1 118.733 
705024 0.0196004 0.0168896 -41883.7 118.871 
705840 0.0612992 0.0443796 -42464.8 119.009 
706656 0.0653953 0.0440916 -43471.4 119.147 
707472 0.0383581 0.0232106 -43623.3 119.284 
708288 0.0291184 0.0135486 -43333.6 119.422 
709104 0.0484659 0.0271825 -43625.3 119.56 
709920 0.0596508 -0.023589 -42717.8 119.698 
710736 0.0526778 0.0345249 -43095.5 119.835 
711552 0.0355938 -0.0265689 -42729.1 119.973 
712368 0.0559 -0.0368754 -43597.2 120.111 
713184 0.0368839 -0.0291517 -43562.7 120.248 
714000 0.00897262 -0.00782095 -43617.1 120.385 
714816 0.043063 0.0395353 -43038 120.523 
715632 0.0310497 -0.0177257 -42941.4 120.661 
716448 0.0684961 -0.0590709 -42550.7 120.799 
717264 0.026997 -0.0245111 -42095 120.937 
718080 0.0192467 0.0135804 -43129 121.075 
718896 0.0177621 0.0126118 -43021.3 121.212 
719712 0.048988 0.0401746 -42852.2 121.35 
720528 0.04656 0.0250221 -42850.2 121.488 
721344 0.0409738 -0.0326756 -43384.6 121.625 
722160 0.0174154 0.00738488 -43168.3 121.763 
722976 0.0457472 0.021366 -42112.2 121.901 
723792 0.036319 -0.00765727 -43019.1 122.039 
724608 0.0299428 0.0176251 -42670 122.177 
725424 0.0544075 -0.0338014 -41914.1 122.314 
726240 0.0746186 -0.0409942 -41980.5 122.452 
727056 0.0722593 0.0161674 -41918.4 122.59 
727872 0.0776836 -0.0246981 -41350.4 122.727 
728688 0.0661231 -0.0338372 -42166.9 122.865 
729504 0.0577444 0.00166738 -41791.9 123.002 
730320 0.0274415 -0.0114017 -41242.2 123.14 
731136 0.0361172 0.0191011 -41966.6 123.277 
731952 0.0216769 -0.0065052 -42345.7 123.415 
732768 0.0254297 0.0169414 -42968.8 123.552 
733584 0.0398533 0.037016 -42699.2 123.688 
734400 0.0607764 0.00257027 -42367 123.825 
735216 0.0778631 -0.0706248 -44051.3 123.963 
736032 0.017243 0.000321197 -44044.3 124.101 
736848 0.0279502 0.00597628 -44322.3 124.238 
737664 0.052284 0.0410991 -44420.4 124.376 
738480 0.0577065 0.00479175 -44693.5 124.514 
739296 0.0718721 -0.0287431 -43743 124.651 
740112 0.0338409 0.00772638 -44006.8 124.789 
740928 0.0451215 0.0196447 -44477 124.926 
741744 0.0352899 0.00156926 -44423.1 125.064 
742560 0.0634083 -0.0149858 -44628.6 125.201 
743376 0.0603741 -0.0208418 -43952.2 125.339 
744192 0.0329042 0.0236596 -43895.9 125.477 
745008 0.0340357 -0.00870113 -44218 125.614 
745824 0.0368876 0.0262139 -44500.8 125.751 
746640 0.0722336 0.0276519 -44943.7 125.889 
747456 0.0517063 0.0194898 -44053.6 126.027 
748272 0.0749274 -0.0225769 -45163.9 126.164 
749088 0.0574853 -0.0254766 -43832.9 126.3 
749904 0.0573198 -0.0168755 -43456.8 126.438 
750720 0.0496179 -0.0104985 -43157.4 126.575 
751536 0.0511429 0.00205695 -43434.2 126.713 
752352 0.0456834 -0.00892114 -43697.3 126.851 
753168 0.0625573 0.0160378 -43654.9 126.989 
753984 0.0612684 0.0239089 -42715.8 127.127 
754800 0.0576675 -0.0143229 -44078.8 127.264 
755616 0.074683 -0.0448028 -44143.5 127.402 
756432 0.0513447 -0.0392216 -44358.4 127.539 
757248 0.0405985 -0.0178369 -44264.4 127.677 
758064 0.0559981 -0.018263 -44486.7 127.815 
758880 0.0591766 -0.00933143 -43282.7 127.952 
759696 0.0471606 -0.00988606 -42724.1 128.09 
760512 0.0698987 -0.0467023 -42828.3 128.228 
761328 0.0373165 -0.015465 -42610.8 128.365 
762144 0.0627454 -0.00703835 -42875.6 128.503 
762960 0.067573 -0.0106271 -43041.4 128.641 
763776 0.0651218 -0.0149271 -42796.6 128.778 
764592 0.0993326 -0.00791333 -43074.5 128.915 
765408 0.096921 0.0184992 -43058.4 129.053 
766224 0.0820446 0.0176411 -43037.9 129.19 
767040 0.0795385 -0.0117641 -42210.2 129.328 
767856 0.0766639 -0.0345963 -41424.7 129.465 
768672 0.0694306 -0.0247635 -41818.5 129.603 
769488 0.0605507 -0.0367711 -41818 129.741 
770304 0.0310566 -0.0035562 -42099.1 129.879 
771120 0.0468525 0.0282957 -42860.7 130.016 
771936 0.0315588 0.0110229 -42804.9 130.153 
772752 0.0582313 0.0382056 -42127.8 130.291 
773568 0.0548053 0.0334374 -42066.9 130.428 
774384 0.0601219 0.0548041 -42263.4 130.566 
775200 0.0732567 0.0716876 -42617.6 130.704 
776016 0.0507749 0.049166 -41821.5 130.842 
776832 0.019556 0.0135843 -41943.1 130.979 
777648 0.0119348 0.00882956 -43347.8 131.117 
778464 0.0461718 -0.0157338 -44689.7 131.255 
779280 0.0431723 -0.00241471 -45214.9 131.392 
780096 0.034385 0.020475 -45327.3 131.53 
780912 0.030902 0.0288618 -45713.1 131.668 
781728 0.0418609 0.0400285 -45510.2 131.805 
782544 0.0250245 -0.000789415 -44906.1 131.943 
783360 0.0386826 -0.0134021 -44804.9 132.081 
784176 0.0381668 0.0318043 -45043.7 132.219 
784992 0.0223483 -0.000632415 -44517.9 132.357 
785808 0.0186849 -0.0153408 -43719.1 132.495 
786624 0.034332 -0.0010048 -43153.9 132.633 
787440 0.0528219 0.00492335 -43862.5 132.77 
788256 0.0705547 0.0561884 -43827.5 132.908 
789072 0.0932553 0.0844672 -44105.6 133.046 
789888 0.0620986 0.0491083 -43440.1 133.184 
790704 0.0787145 0.0495074 -43221.7 133.321 
791520 0.0579645 0.0015693 -43696.6 133.459 
792336 0.0576437 -0.00751582 -43569.2 133.596 
793152 0.0561844 0.0168007 -44017.8 133.734 
793968 0.0332885 0.00950787 -42943.5 133.871 
794784 0.0244314 -0.0230771 -42512.9 134.009 
795600 0.00874903 -0.00207556 -41917 134.147 
796416 0.023122 -0.000570881 -41389.6 134.284 
797232 0.0159451 -0.00915355 -42393.7 134.422 
798048 0.0412352 0.0326234 -42525.8 134.56 
798864 0.0451921 0.041597 -43150.8 134.697 
799680 0.0391358 0.0208576 -42949.7 134.835 
800496 0.0227063 0.0115744 -41862.2 134.973 
801312 0.0478548 -0.0386883 -42514 135.111 
802128 0.023082 -0.00335328 -43091.9 135.248 
802944 0.020955 -0.00270163 -43223.7 135.386 
803760 0.0249562 0.00874157 -43576.1 135.524 
804576 0.06486 0.0069236 -43347.6 135.661 
805392 0.040179 0.0120922 -42669.3 135.799 
806208 0.0120003 0.00640826 -42512.3 135.937 
807024 0.0310928 0.0238854 -42812.6 136.074 
807840 0.0325282 0.0190981 -43075.2 136.212 
808656 0.0227661 -0.00494725 -43439.9 136.349 
809472 0.0340595 -0.0161308 -43009.4 136.487 
810288 0.0354054 0.00752016 -42414.7 136.624 
811104 0.0666134 0.0617738 -43016.6 136.762 
811920 0.0284289 0.0122275 -42359.6 136.899 
812736 0.0335193 0.0107002 -42207.2 137.037 
813552 0.0449407 -0.0307172 -43223.3 137.175 
814368 0.0511217 -0.0153347 -43121.6 137.313 
815184 0.0435467 -0.028454 -43974 137.45 
