0 0.0091713 0.00765503 -34335.7 0 
816 0.0385659 0.0359196 -36350.3 0.176714 
1632 0.0173902 0.0168128 -38110.8 0.347221 
2448 0.0613047 0.0517562 -39611.3 0.523614 
3264 0.0502284 -0.00252565 -40109.6 0.698636 
4080 0.0644709 0.0143165 -40926.7 0.873104 
4896 0.0679099 0.0446525 -41383.1 1.04689 
5712 0.076326 0.0692569 -41812.1 1.22077 
6528 0.0320374 -0.00542661 -41614.4 1.39352 
7344 0.05543 0.00925064 -41747.5 1.55801 
8160 0.0391217 -7.09723e-05 -41425.3 1.72173 
8976 0.0537466 -0.0407483 -42369.1 1.88491 
9792 0.0458659 -0.0149534 -42364.7 2.05076 
10608 0.022691 0.00130238 -42100.6 2.21155 
11424 0.0161236 -0.0112838 -42156.8 2.37565 
12240 0.0320991 -0.0196563 -42627.8 2.53651 
13056 0.0176416 0.0119221 -41965.7 2.69964 
13872 0.0246621 -0.00696354 -41965.4 2.86116 
14688 0.0434615 -0.0051684 -42247.5 3.02076 
15504 0.0518314 0.018938 -41750.9 3.18726 
16320 0.0464402 0.0301671 -41964.3 3.35089 
17136 0.0631768 0.0406026 -41526.7 3.51451 
17952 0.0398952 0.0384691 -41955.4 3.68429 
18768 0.0570421 0.0551764 -42576.7 3.8548 
19584 0.0823251 0.0729401 -42440.1 4.02579 
20400 0.0302611 0.00126088 -42171.6 4.19857 
21216 0.0169101 0.0119043 -42920.3 4.36505 
22032 0.0138988 -0.0102349 -41844.6 4.53406 
22848 0.0572417 0.0432282 -42405.4 4.70435 
23664 0.0452653 0.0272898 -42684.5 4.88417 
24480 0.0518999 0.0298736 -43629.6 5.05572 
25296 0.0390856 0.0235006 -43808.8 5.23659 
26112 0.0523601 -0.0320821 -43934 5.41367 
26928 0.0257725 -0.00135782 -43739 5.59096 
27744 0.0525898 0.000374786 -43385 5.77543 
28560 0.0543001 0.00295037 -42937.4 5.95087 
29376 0.0401735 0.00826146 -42928.6 6.13384 
30192 0.0467142 0.000979457 -43280.3 6.30657 
31008 0.0341971 0.00826477 -42038.3 6.48406 
31824 0.0513118 0.0282169 -42041.5 6.66235 
32640 0.0576438 0.0245947 -42904.5 6.84231 
33456 0.0633243 0.061824 -42842.4 7.02067 
34272 0.0465028 0.0377596 -42613.5 7.20298 
35088 0.0562217 -0.00126146 -42683.9 7.38352 
35904 0.0382563 -0.000656606 -42997.6 7.5616 
36720 0.0244687 0.0196578 -42999.9 7.74635 
37536 0.0439358 -0.0304396 -42965.2 7.92779 
38352 0.0162503 0.000652814 -43479.8 8.11144 
39168 0.0429329 -0.0231069 -42128 8.28848 
39984 0.0373859 0.00797619 -42063.8 8.46817 
40800 0.0424895 0.0245312 -42082.9 8.64751 
41616 0.0522665 0.00232971 -41854.8 8.82808 
42432 0.0494161 -0.0144886 -40563.7 9.01402 
43248 0.0542072 -0.0265899 -41400.6 9.19506 
44064 0.0392139 -0.0294792 -41646.5 9.38193 
44880 0.0451157 -0.036652 -41545.3 9.57591 
45696 0.0666725 -0.0514027 -40838.3 9.76186 
46512 0.0359101 -0.0221667 -41422 9.94899 
47328 0.0509166 0.0185895 -42053.9 10.1346 
48144 0.0478803 0.0233026 -41482.4 10.3281 
48960 0.0434302 0.0200002 -41465.8 10.5187 
49776 0.0446771 0.0327841 -41320.6 10.7131 
50592 0.0276285 0.00799409 -41793.8 10.9009 
51408 0.0388699 0.0158956 -42945.4 11.0923 
52224 0.018114 0.0121951 -43098 11.2865 
53040 0.0443625 -0.0431181 -43719.7 11.4857 
53856 0.0460562 -0.0346797 -43956.9 11.6806 
54672 0.0503693 -0.0164098 -43533.4 11.884 
55488 0.0614672 0.00650185 -43571.3 12.0828 
56304 0.05639 0.00697297 -42200.6 12.2827 
57120 0.0459616 -0.00510059 -42254.1 12.4781 
57936 0.0264605 -0.0160431 -42446.9 12.6691 
58752 0.0259256 -0.0193775 -42059.1 12.8644 
59568 0.0666885 -0.0520504 -42672.3 13.0616 
60384 0.0388088 -0.00258177 -42931.7 13.2609 
61200 0.0584277 -0.0327076 -43518.2 13.458 
62016 0.0802195 -0.0355448 -43658.4 13.6496 
62832 0.0426149 -0.0158034 -42834.7 13.8508 
63648 0.0312572 -0.0155304 -42242.4 14.0479 
64464 0.0487697 -0.0269967 -41099.7 14.2402 
65280 0.0542802 -0.0360106 -41512.3 14.4368 
66096 0.0483589 -0.027624 -41945.2 14.6335 
66912 0.0485764 -0.0415037 -42748 14.834 
67728 0.0450722 -0.0360722 -43474.3 15.0344 
68544 0.0309741 -0.0296911 -42567.7 15.2375 
69360 0.0363893 0.0194465 -42732.8 15.4474 
70176 0.0579663 0.0311158 -42374.9 15.6424 
70992 0.0584289 0.0511518 -41827 15.8396 
71808 0.075046 0.0651829 -42222.6 16.0409 
72624 0.0820562 0.0417505 -42024.2 16.2382 
73440 0.0759531 0.0247381 -42754.9 16.4318 
74256 0.0852867 0.0488174 -42020.3 16.6272 
75072 0.0481114 0.0334681 -41204.3 16.8342 
75888 0.0208941 0.000763372 -42162.3 17.0295 
76704 0.044279 0.00409113 -42221 17.2271 
77520 0.0213972 0.0127183 -42113.7 17.4246 
78336 0.0460883 -0.0420845 -42334.5 17.6219 
79152 0.0220945 -0.0114857 -42996.6 17.8247 
79968 0.0478404 -0.0224701 -43057.3 18.0176 
80784 0.060219 -0.0231025 -43068.6 18.2147 
81600 0.0463945 -0.0165108 -43317.1 18.4041 
82416 0.0367776 0.0160619 -43269.9 18.604 
83232 0.0543347 -0.0367134 -43161.7 18.7943 
84048 0.0203196 -0.00862037 -43508.8 18.9872 
84864 0.0211236 -0.00369242 -43720.4 19.1839 
85680 0.0292793 -0.000506956 -43128.3 19.3832 
86496 0.0594869 0.00471553 -42262.2 19.5875 
87312 0.0288639 -0.000337928 -42127.1 19.7826 
88128 0.0213968 0.00161592 -42645.2 19.9777 
88944 0.0232299 0.0208802 -43142.7 20.1831 
89760 0.0394594 -0.0273193 -42456.8 20.3851 
90576 0.0413108 -0.0413058 -43167.2 20.5838 
91392 0.0438952 -0.0248312 -42665 20.7899 
92208 0.040506 -0.00819591 -43568.2 20.9888 
93024 0.0272481 0.0167574 -43739.3 21.1928 
93840 0.0373925 0.00960938 -43255.4 21.4015 
94656 0.0426276 -0.000764741 -42250.8 21.6048 
95472 0.0375808 0.021671 -43478 21.7957 
96288 0.0336859 0.0276041 -43251.1 21.9938 
97104 0.0209547 0.0101161 -42925.7 22.1938 
97920 0.0282818 -0.0109549 -43156.4 22.3959 
98736 0.0300662 -0.0231313 -43415.9 22.6002 
99552 0.0438503 0.0194482 -43670.9 22.8072 
100368 0.0482377 -0.00741123 -43146.4 23.0116 
101184 0.039976 0.00557569 -43833.2 23.2164 
102000 0.0460764 0.00389717 -43723.1 23.4185 
102816 0.0358616 -0.0115657 -42978.2 23.6141 
103632 0.0354671 -0.00587203 -41978.8 23.8122 
104448 0.0498467 0.003876 -42757.1 24.0087 
105264 0.0630584 0.0424999 -43395.8 24.207 
106080 0.0476058 0.0274701 -43888.5 24.4086 
106896 0.0555776 -0.00758484 -43014.1 24.608 
107712 0.048474 -0.0198126 -44143.2 24.8061 
108528 0.070747 -0.0460869 -44338.4 25.0087 
109344 0.064855 -0.0396007 -43425.7 25.2126 
110160 0.0332401 -0.00410763 -43555.6 25.4119 
110976 0.00943788 -0.00361961 -43000.5 25.612 
111792 0.0061318 0.00118356 -42923.1 25.8228 
112608 0.0469988 -0.0307111 -42314 26.022 
113424 0.0534924 -0.0313838 -42061.3 26.2297 
114240 0.0371134 -0.0252426 -41487 26.4306 
115056 0.0721164 -0.0717768 -42109.6 26.6282 
115872 0.024086 -0.0227607 -42920.9 26.8282 
116688 0.0374645 -0.000213751 -43227.1 27.0249 
117504 0.0429704 -0.00610446 -43696.9 27.2224 
118320 0.0281183 0.0122383 -44349.3 27.4235 
119136 0.0398914 0.0235157 -44381.7 27.6249 
119952 0.0253866 0.0195994 -44167.5 27.8254 
120768 0.0541574 0.0170674 -43927.8 28.0236 
121584 0.0568173 0.0432944 -44626.6 28.2248 
122400 0.0501144 0.0431731 -44039.7 28.4226 
123216 0.0476594 0.0383855 -43984.5 28.6198 
124032 0.0604437 0.0318863 -44007.1 28.8086 
124848 0.0813077 0.0535043 -44042.3 29.0025 
125664 0.0810552 0.0548034 -44130.9 29.1984 
126480 0.0332783 0.00555268 -44493.2 29.3918 
127296 0.0448834 -0.0215936 -44322.2 29.5809 
128112 0.0440356 0.03062 -44344.9 29.762 
128928 0.0487062 0.00287125 -44134.5 29.9437 
129744 0.0653459 -0.0316636 -43495.3 30.1255 
130560 0.03346 -0.031797 -43137.7 30.3133 
131376 0.0476442 -0.044674 -43272.5 30.496 
132192 0.0217592 0.00473083 -44178 30.6797 
133008 0.0246455 -0.0153363 -43668.6 30.8681 
133824 0.0143451 -0.0132301 -43438.9 31.0551 
134640 0.0330472 -0.0223549 -43027.3 31.2396 
135456 0.0604208 -0.0135918 -43930.5 31.4352 
136272 0.040963 -0.0252863 -43986.9 31.6287 
137088 0.0139634 -0.0131396 -42962.1 31.8204 
137904 0.0340662 0.00592546 -42214 32.0092 
138720 0.0692932 0.0515205 -41708 32.2012 
139536 0.0563886 0.0393479 -42520.8 32.3797 
140352 0.0182545 0.0046112 -43233 32.5633 
141168 0.0345687 0.00937316 -42089.1 32.7495 
141984 0.0727536 0.0265955 -42766 32.9311 
142800 0.0531312 -0.00970563 -42003.9 33.1085 
143616 0.0640152 0.0438311 -42795.5 33.299 
144432 0.0372977 -0.00435083 -42323.2 33.4805 
145248 0.0188338 0.000606332 -42604.3 33.6616 
146064 0.0235717 -0.00624639 -42070.7 33.8458 
146880 0.0542513 -0.0435963 -42227 34.0372 
147696 0.0498924 -0.0197578 -42114.5 34.2199 
148512 0.0490386 -0.0236203 -42014.5 34.397 
149328 0.0753609 -0.0446943 -42965.5 34.58 
150144 0.0767035 -0.010384 -41686.9 34.7522 
150960 0.0449018 -0.0215505 -41748.8 34.9239 
151776 0.0547236 0.0228764 -42277.1 35.0938 
152592 0.0467429 -0.00584128 -41430.7 35.2649 
153408 0.0697319 -0.0379792 -41317.1 35.437 
154224 0.0354558 -0.032655 -40354.2 35.6145 
155040 0.0348326 -0.0330743 -39971.2 35.7938 
155856 0.0569328 -0.0535576 -39584.4 35.9675 
156672 0.0552016 -0.0462996 -39122.5 36.1309 
157488 0.0564039 -0.0345527 -39467.6 36.2929 
158304 0.0556696 -0.0342019 -38938.3 36.4665 
159120 0.0622072 -0.0104466 -39618.9 36.6501 
159936 0.0523657 -0.0148624 -40097.5 36.8345 
160752 0.0419258 -0.0117276 -40382 37.0186 
161568 0.0663689 0.00513377 -41508.5 37.2022 
162384 0.0786446 -0.000138529 -41387.2 37.3758 
163200 0.0585156 -0.0291508 -41723.2 37.5517 
164016 0.0764927 0.00321239 -41804.7 37.7301 
164832 0.0527354 0.0182169 -42376.5 37.8956 
165648 0.0980082 -0.0809444 -42276.5 38.0578 
166464 0.111134 -0.0562334 -42691.7 38.2215 
167280 0.0582732 -0.000576558 -43376.7 38.3796 
168096 0.0340768 -0.0169903 -41892.8 38.5356 
168912 0.0227096 -0.0108428 -42222.8 38.692 
169728 0.0511537 -0.0411548 -42904.7 38.8518 
170544 0.0619514 -0.0553232 -42166 39.0076 
171360 0.0361181 -0.0199572 -42146.2 39.1658 
172176 0.0424243 0.0256847 -42838.5 39.3314 
172992 0.0426637 0.0278116 -42515.7 39.4971 
173808 0.0429469 -0.0350458 -42844.1 39.6606 
174624 0.0132783 -0.0103659 -42797.6 39.8291 
175440 0.0243971 -0.0127397 -42250.9 39.9972 
176256 0.0658633 -0.0640235 -42682.8 40.1628 
177072 0.0699439 -0.0416086 -42936 40.3273 
177888 0.0444389 -0.0408685 -43454.2 40.502 
178704 0.0453102 0.00131107 -43116.6 40.6732 
179520 0.0486281 -0.00728415 -43226 40.8497 
180336 0.0205349 -0.00874496 -43181.1 41.0201 
181152 0.047769 -0.0390592 -42367.8 41.1929 
181968 0.0792031 -0.0445906 -43325 41.3703 
182784 0.0615238 -0.00294131 -43480 41.5475 
183600 0.0660673 0.00229987 -42768.4 41.7254 
184416 0.0678468 0.013466 -43282.9 41.907 
185232 0.0648663 0.00519517 -42100.5 42.0922 
186048 0.0491183 -0.0340009 -41991.8 42.2734 
186864 0.0379294 0.00767484 -42310.2 42.457 
187680 0.0285899 -0.00572956 -42418.7 42.6409 
188496 0.0157434 -0.00365052 -42290.8 42.8184 
189312 0.0484684 -0.00125358 -43364.1 43.0019 
190128 0.0615816 0.034313 -43271.5 43.1829 
190944 0.0489032 0.0135935 -42448.6 43.3638 
191760 0.0486093 -0.0159501 -42414.3 43.5592 
192576 0.0465359 0.0143844 -41909.9 43.7481 
193392 0.0363179 0.0348839 -41898.4 43.9368 
194208 0.041328 0.0396123 -41627.1 44.1248 
195024 0.0100669 0.0025575 -41040.5 44.313 
195840 0.0240269 -0.0194371 -41139.3 44.5065 
196656 0.0126327 -0.00692749 -42540.1 44.6925 
197472 0.0406969 0.00392851 -42519.6 44.8929 
198288 0.0378878 -0.0143058 -42696 45.0949 
199104 0.0579012 0.0127712 -43192.6 45.2907 
199920 0.060893 0.0267923 -42717.4 45.4902 
200736 0.0608295 0.0278079 -43008 45.6825 
201552 0.0623497 -0.00801437 -42676.7 45.8756 
202368 0.0534965 -0.0146226 -42447.2 46.0753 
203184 0.052334 -0.0120722 -42472.3 46.2706 
204000 0.0540635 -0.0452232 -42712.7 46.4689 
204816 0.0584074 -0.0579258 -43931.6 46.6666 
205632 0.0239866 -0.0176135 -43551.3 46.8618 
206448 0.0295109 -0.0185597 -43910.4 47.0559 
207264 0.0665142 -0.0663015 -44061.9 47.2489 
208080 0.0751909 -0.0722828 -43182.4 47.4442 
208896 0.0884636 -0.0811958 -42130.1 47.6476 
209712 0.0631582 -0.051706 -42308.7 47.8456 
210528 0.0711804 -0.066253 -42862.3 48.0423 
211344 0.0676891 -0.0559107 -42499.8 48.2359 
212160 0.0596522 -0.0525495 -42361.4 48.4301 
212976 0.0401029 -0.0267682 -42092.7 48.6186 
213792 0.00825825 0.00207784 -42933.4 48.8126 
214608 0.0195249 0.00875273 -41521 49.0048 
215424 0.0261904 -0.00849463 -42021.7 49.1891 
216240 0.0212713 -0.020428 -41862 49.381 
217056 0.0461389 -0.022286 -41514.9 49.5695 
217872 0.0457542 -0.0216258 -40828.3 49.7604 
218688 0.0353239 0.0263469 -40894.4 49.9566 
219504 0.0194375 -0.0044594 -41282.8 50.1576 
220320 0.0385854 0.00246335 -41274.2 50.3529 
221136 0.0547665 0.0179873 -41395.7 50.5485 
221952 0.0851106 -0.0311554 -42170.8 50.7445 
222768 0.0992223 -0.0557857 -42176.8 50.9347 
223584 0.0683173 -0.0404282 -41141.2 51.1223 
224400 0.0642098 0.00322826 -41734.3 51.3114 
225216 0.0461039 0.0044818 -42077.2 51.4971 
226032 0.068551 0.0233976 -43051 51.6886 
226848 0.0906527 0.0531179 -43231.2 51.8807 
227664 0.0582337 0.00704843 -43395.9 52.0789 
228480 0.0517264 -0.0227291 -43170.1 52.272 
229296 0.0393507 0.00472081 -43395.3 52.4608 
230112 0.0399479 -0.0115679 -42251 52.6534 
230928 0.0276216 -0.0133957 -42127.5 52.8451 
231744 0.0553868 0.0150114 -41915.2 53.0437 
232560 0.0466257 0.014626 -41094.2 53.244 
233376 0.0295884 0.0209949 -41397 53.4352 
234192 0.0218994 0.0100319 -42407.3 53.6308 
235008 0.00677274 -0.00329028 -41817.4 53.8264 
235824 0.00944564 0.00858446 -41780.1 54.0298 
236640 0.0112962 0.011008 -42359.4 54.2332 
237456 0.018659 -0.0114893 -42334.4 54.4447 
238272 0.0149382 -0.0035319 -41716.5 54.6529 
239088 0.0281425 -0.0156217 -42039.1 54.8488 
239904 0.0411976 -0.0210953 -41726.8 55.0456 
240720 0.019164 -0.00849362 -41160.9 55.2426 
241536 0.0408756 0.023354 -41497.9 55.4344 
242352 0.032735 0.0203898 -42430.6 55.6243 
243168 0.0373176 0.0177485 -42988.4 55.8094 
243984 0.0592598 0.0529056 -42810.7 56.002 
244800 0.0777804 0.0736726 -42833 56.1848 
245616 0.0587063 0.0479359 -42907.5 56.3732 
246432 0.0797248 0.0635604 -42493.7 56.5595 
247248 0.0759679 0.0275393 -42111.4 56.7465 
248064 0.0693837 0.0418411 -41994 56.933 
248880 0.0398571 -0.00718797 -41278 57.1172 
249696 0.0568624 0.0246539 -41477.1 57.3059 
250512 0.0613633 -0.0148928 -42421.1 57.4941 
251328 0.0666349 0.00222312 -43138.5 57.6849 
252144 0.0609981 -0.00774724 -43360.5 57.8794 
252960 0.0662825 -0.0113353 -43467.4 58.07 
253776 0.054806 -0.0304536 -43236.9 58.2566 
254592 0.064569 -0.0178968 -42485.3 58.4469 
255408 0.0342551 -0.00229699 -42673.3 58.631 
256224 0.0452574 0.0221063 -41937.8 58.8199 
257040 0.0491031 0.0241487 -42160.1 59.0049 
257856 0.0659079 0.0450438 -42573.5 59.1925 
258672 0.0226998 0.000299921 -42437.4 59.3786 
259488 0.0493979 -0.0152615 -42763.8 59.5643 
260304 0.0700884 -0.010245 -43190.5 59.7461 
261120 0.056058 0.0259622 -43371.8 59.9289 
261936 0.0379897 -0.00435448 -42880.2 60.1046 
262752 0.0345153 -0.0292867 -42593.7 60.2924 
263568 0.0330096 -0.0128917 -42374.6 60.4709 
264384 0.0462214 -0.0273479 -41476.5 60.6452 
265200 0.0354537 -0.00682104 -41424.1 60.8223 
266016 0.034356 -0.000669649 -41593 60.9959 
266832 0.0504449 -0.00736028 -41897.4 61.1725 
267648 0.0358751 0.00578639 -42053.7 61.341 
268464 0.0860939 0.00586755 -42870.9 61.515 
269280 0.0980323 -0.0274381 -42921.7 61.6837 
270096 0.0787124 -0.0177046 -43099.4 61.8564 
270912 0.0500142 0.00030032 -42662 62.0232 
271728 0.0293459 -0.00834988 -42076.9 62.1877 
272544 0.04113 0.0173299 -41820.8 62.3523 
273360 0.0578074 0.00513899 -42729.6 62.5237 
274176 0.0575655 0.0313695 -43262.5 62.6982 
274992 0.0509905 0.0130841 -43970.2 62.872 
275808 0.0687699 0.00437671 -43514.2 63.0499 
276624 0.0577937 0.0214493 -42741.3 63.2307 
277440 0.0501662 -0.00554815 -42054.7 63.4045 
278256 0.0218079 -0.0035591 -41844.4 63.5848 
279072 0.0258398 -0.0251524 -41798 63.7684 
279888 0.0312586 -0.0251903 -42899.9 63.9493 
280704 0.0204844 -0.0157982 -43349.7 64.1336 
281520 0.0257691 -0.0146058 -43104.8 64.3182 
282336 0.0396812 -0.0345697 -43357.7 64.496 
283152 0.0750144 -0.0622083 -43071.9 64.6792 
283968 0.062992 -0.0422247 -43316 64.8667 
284784 0.0662964 -0.0583203 -43610.6 65.0473 
285600 0.0499061 -0.0290662 -43788.9 65.2362 
286416 0.0575118 -0.0283686 -43093.3 65.4152 
287232 0.0799044 -0.0771792 -43465.3 65.596 
288048 0.0528472 -0.0413718 -44470.6 65.7747 
288864 0.0506117 -0.0259803 -43755.8 65.9547 
289680 0.0188707 0.00822435 -43734.3 66.1341 
290496 0.0160739 0.0160179 -43729.1 66.316 
291312 0.0418911 0.0374769 -43027.1 66.5021 
292128 0.027818 0.00376034 -42721.8 66.6863 
292944 0.0290222 0.00449069 -42381.4 66.878 
293760 0.0156608 0.00390523 -42375.3 67.0677 
294576 0.0325642 0.0231015 -42286.3 67.2518 
295392 0.0353618 -0.00400244 -42483.4 67.4363 
296208 0.0465142 0.00410884 -42443.3 67.627 
297024 0.0425299 0.0135663 -42355.7 67.828 
297840 0.0585143 -0.0156337 -42695.1 68.0241 
298656 0.0715928 -0.0176385 -42728.9 68.2165 
299472 0.0579514 -0.0132059 -43217 68.4066 
300288 0.0436277 0.0263027 -43171.8 68.5991 
301104 0.0309426 -0.0015975 -43541.1 68.7872 
301920 0.0427061 -0.0023919 -43993.2 68.9801 
302736 0.0479746 0.0194081 -43448.8 69.172 
303552 0.0336865 0.00944681 -43018 69.3631 
304368 0.0575972 0.0342221 -43448.6 69.5495 
305184 0.0530901 0.010518 -42717.3 69.7368 
306000 0.0851395 0.024358 -41788.7 69.9237 
306816 0.0375996 0.0281211 -41510.5 70.1173 
307632 0.0672008 0.0267661 -42556 70.3111 
308448 0.07156 0.0503559 -41933.6 70.5007 
309264 0.074027 0.0492549 -41472.4 70.6964 
310080 0.0466567 0.0397839 -41528.7 70.8945 
310896 0.0346517 0.0105423 -41337.7 71.0931 
311712 0.0336476 0.0334828 -41975.9 71.2966 
312528 0.0235189 0.00750834 -41568.9 71.499 
313344 0.0423175 0.0288409 -41477.2 71.699 
314160 0.0746839 0.0502645 -41701.3 71.8997 
314976 0.0455658 0.03254 -42301.6 72.0984 
315792 0.0483564 0.0363 -42573.4 72.2988 
316608 0.0264535 0.0212994 -42464.1 72.4966 
317424 0.0248904 0.0124742 -42203.3 72.6899 
318240 0.0173463 -0.0172217 -42698 72.8896 
319056 0.0403238 0.0199943 -43705 73.0931 
319872 0.0484064 0.0191288 -43878.6 73.2924 
320688 0.0264982 -0.00141853 -44200.4 73.4907 
321504 0.0125336 0.00884327 -44312.2 73.6855 
322320 0.0412505 0.0299136 -43780.5 73.8775 
323136 0.0347581 -0.0212039 -44148.6 74.0703 
323952 0.0214753 0.00563928 -43328.7 74.2653 
324768 0.0619733 -0.000798855 -42803.1 74.4648 
325584 0.0928071 0.0239998 -43412.3 74.6694 
326400 0.120668 -0.0248148 -43084.3 74.8676 
327216 0.0959772 -0.0324087 -42631.9 75.0697 
328032 0.065311 -0.0279068 -42785.8 75.2747 
328848 0.0701731 -0.0251782 -43436.8 75.4763 
329664 0.0659375 -0.0399457 -43435.1 75.675 
330480 0.0365222 -0.0297381 -43123.5 75.8717 
331296 0.0279987 0.00856566 -42810.1 76.0707 
332112 0.0395495 -0.0087645 -42643.3 76.2668 
332928 0.0394634 -0.026337 -43079 76.4724 
333744 0.0501712 0.0468233 -43719.6 76.6724 
334560 0.0738631 0.0503075 -43650.2 76.8703 
335376 0.0333358 0.0128447 -43383.2 77.0727 
336192 0.0563873 0.0238725 -42417.5 77.2686 
337008 0.0430865 0.0253155 -42303.5 77.4614 
337824 0.0328822 -0.00954502 -42252.8 77.6568 
338640 0.0193148 0.0159424 -42576 77.844 
339456 0.0365143 0.0121881 -42732.5 78.0208 
340272 0.0661541 0.0276514 -43623.1 78.2036 
341088 0.0509603 0.00412861 -43651.2 78.3858 
341904 0.0711044 -0.00870609 -44391.4 78.5655 
342720 0.0556438 -0.0428395 -43298.4 78.7488 
343536 0.0600184 -0.0570991 -42524.4 78.9356 
344352 0.0290167 -0.0198651 -42335.9 79.124 
345168 0.0376527 0.00315066 -42161 79.3113 
345984 0.0386179 -0.00200949 -42186.6 79.5065 
346800 0.0407046 -0.023323 -41362.3 79.7028 
347616 0.0413071 -0.00145805 -41164.3 79.8948 
348432 0.0218792 0.00318957 -41701.7 80.0918 
349248 0.0355556 -0.0227072 -41901.1 80.2906 
350064 0.0311322 0.0167099 -41924.2 80.4824 
350880 0.0343686 -0.0161852 -42293.9 80.6829 
351696 0.0379821 -0.00563944 -42511.2 80.8814 
352512 0.053214 0.0139451 -42850.8 81.0812 
353328 0.0521297 0.025459 -42928.1 81.2767 
354144 0.0668456 -0.0149181 -43670.6 81.4708 
354960 0.0660543 -0.0208821 -43097.9 81.6643 
355776 0.039307 -0.0233435 -43347.1 81.8577 
356592 0.0554493 -0.0200346 -42678.2 82.0464 
357408 0.0439045 -0.0374168 -42227.3 82.2383 
358224 0.0691008 -0.0637047 -42926.7 82.4263 
359040 0.0553052 -0.0402054 -42456.6 82.6085 
359856 0.0377861 -0.0325911 -42480.5 82.7924 
360672 0.0615838 -0.0609671 -43113.2 82.971 
361488 0.0518745 -0.0375732 -43336.3 83.1572 
362304 0.0516958 -0.00578335 -42607.4 83.3346 
363120 0.0390342 -0.0329961 -42284.3 83.5143 
363936 0.0697877 -0.0544593 -42568.7 83.693 
364752 0.0695103 -0.0659469 -43010.8 83.8788 
365568 0.051833 -0.0505146 -42604.9 84.0606 
366384 0.0686454 -0.0597338 -42470.1 84.2445 
367200 0.0462388 -0.0460888 -42382.6 84.4281 
368016 0.0545494 -0.0501816 -43583.5 84.6073 
368832 0.0543815 -0.0331777 -43678.2 84.7948 
369648 0.0354861 0.0114942 -42821.6 84.973 
370464 0.0295823 -0.000960239 -43278.3 85.1572 
371280 0.046047 -0.0202797 -43208.8 85.3483 
372096 0.029916 0.000169041 -42940.8 85.541 
372912 0.0184999 -0.00525329 -42332.3 85.73 
373728 0.0308662 -0.00410512 -43048.3 85.9098 
374544 0.0306718 0.0103955 -42603.5 86.0941 
375360 0.0443977 -0.0322643 -43072.5 86.2774 
376176 0.065952 -0.000637275 -43907.4 86.4588 
376992 0.0184958 0.00301206 -43779 86.6364 
377808 0.00377235 -0.00362327 -43649.2 86.8146 
378624 0.019462 0.00276589 -44500.9 86.9959 
379440 0.0660212 0.0551568 -44963.3 87.1715 
380256 0.043368 0.0321617 -44694.5 87.35 
381072 0.0129094 0.00941548 -44681.3 87.5288 
381888 0.0140908 -0.00928871 -44941.6 87.7049 
382704 0.00846286 0.00221712 -44398.4 87.8793 
383520 0.0575159 0.0162956 -44309.7 88.0535 
384336 0.039274 -0.0137197 -44298.7 88.2282 
385152 0.036615 0.0259196 -44445 88.3989 
385968 0.0347693 0.0291836 -44659.3 88.5714 
386784 0.0610475 0.0516245 -45019.4 88.7383 
387600 0.0397296 0.0265895 -43615.2 88.9181 
388416 0.0471749 0.0048261 -44057.3 89.089 
389232 0.0477026 -0.00820179 -44230.4 89.2609 
390048 0.0416717 -0.0117562 -44316.1 89.4311 
390864 0.0207697 -0.0044838 -44128.5 89.6079 
391680 0.0358065 0.0222944 -43120.4 89.7727 
392496 0.0601756 0.0328064 -42728.4 89.9419 
393312 0.0433635 -0.0165813 -43151.8 90.116 
394128 0.0400756 0.0261949 -42394.8 90.2896 
394944 0.0202152 0.00496727 -42450.1 90.4645 
395760 0.0310746 -0.016627 -42467.9 90.6404 
396576 0.0193624 0.0149968 -41589.1 90.8246 
397392 0.0413813 0.0185979 -41497.9 90.9999 
398208 0.0171572 -0.0122687 -41241.1 91.1797 
399024 0.0344733 -0.0342778 -41911.1 91.3596 
399840 0.0308767 -0.00725022 -40842.6 91.5395 
400656 0.0382275 0.0322028 -41096.2 91.7208 
401472 0.0319957 0.0210601 -41108.2 91.9022 
402288 0.0298044 0.0116975 -41447 92.0844 
403104 0.0446179 -0.0106768 -41912.6 92.2667 
403920 0.0428114 0.0155859 -42642.5 92.4514 
404736 0.072296 0.03692 -42485.6 92.6354 
405552 0.0511008 0.031636 -41802.8 92.8158 
406368 0.0380611 -0.019378 -42551.7 92.9923 
407184 0.0416292 -0.0055648 -42551.1 93.1758 
408000 0.0397663 0.0108327 -42235.9 93.3595 
408816 0.0327004 0.0104205 -42717.1 93.5466 
409632 0.023146 0.00825119 -42270.2 93.7333 
410448 0.0498956 -0.00782576 -41933.2 93.9189 
411264 0.0359251 -0.0199615 -41531 94.105 
412080 0.0648637 -0.0415049 -41976.6 94.2959 
412896 0.0488212 -0.0120102 -42936.9 94.492 
413712 0.0672631 0.00479493 -42418.3 94.6778 
414528 0.0606178 -0.0198565 -43307.2 94.8678 
415344 0.0239859 -0.0062661 -42977.9 95.0536 
416160 0.0215031 -4.19867e-05 -43066.2 95.2332 
416976 0.0172724 -0.0116503 -43067.5 95.4147 
417792 0.049092 0.00440215 -43268.2 95.5949 
418608 0.0440232 0.00913444 -44047.5 95.7779 
419424 0.0148039 -0.0105636 -44383.6 95.959 
420240 0.00886943 -0.00830605 -44178.1 96.139 
421056 0.0281541 0.0239562 -44321.9 96.3194 
421872 0.0456658 0.0416787 -43658.5 96.5017 
422688 0.045536 0.0334458 -44073.4 96.6852 
423504 0.0352968 0.0224964 -42944.4 96.8716 
424320 0.0560764 -0.0271951 -42687.6 97.0512 
425136 0.0464265 -0.0186844 -42336.3 97.2383 
425952 0.0402284 0.0137645 -41719.5 97.4205 
426768 0.0440324 -0.00464288 -42079.6 97.6022 
427584 0.0223848 0.00351944 -42391.8 97.7914 
428400 0.0393437 0.0202576 -42531.1 97.9771 
429216 0.0216891 0.0074513 -42610.5 98.1585 
430032 0.0704452 0.0471479 -42315.5 98.3387 
430848 0.0569063 0.0566754 -42274.5 98.5286 
431664 0.0338433 0.0276781 -42658.2 98.7118 
432480 0.0456648 0.0374567 -42844.6 98.9015 
433296 0.0146179 0.00986288 -43476.5 99.085 
434112 0.0508953 0.027904 -42565.7 99.2724 
434928 0.0269222 -0.00612929 -42344.6 99.4564 
435744 0.0765042 0.0288239 -42163.4 99.6489 
436560 0.0795031 0.0241774 -43355.1 99.8355 
437376 0.0759856 0.041631 -42974.9 100.024 
438192 0.0491433 0.0107682 -42347.3 100.214 
439008 0.0381957 0.0281992 -42890.2 100.407 
439824 0.0162212 0.00759233 -43182 100.599 
440640 0.00989463 -0.00517299 -42903.2 100.784 
441456 0.0588508 -0.0587551 -43519.4 100.974 
442272 0.026374 -0.00685438 -43089.8 101.165 
443088 0.0298921 0.0119028 -41589.5 101.355 
443904 0.0426558 0.0322057 -40629.1 101.54 
444720 0.0507162 0.0338305 -40649.4 101.722 
445536 0.0488186 0.0427714 -40639.7 101.907 
446352 0.0384654 0.0324763 -41059.6 102.092 
447168 0.0487831 0.0173076 -41162 102.288 
447984 0.0377702 0.00327107 -41152.1 102.476 
448800 0.0340225 0.0214871 -40894.6 102.666 
449616 0.0217313 -0.0209712 -41648.9 102.85 
450432 0.0307287 -0.00750631 -41721 103.035 
451248 0.0405975 -0.0126484 -41807.1 103.222 
452064 0.0651356 -0.0248836 -42448.4 103.41 
452880 0.0385446 -0.00497732 -42601.5 103.596 
453696 0.0222612 0.00867657 -43073.4 103.783 
454512 0.0368297 0.0184669 -43189.5 103.974 
455328 0.0432318 0.0374523 -42892.3 104.163 
456144 0.0255507 0.0103715 -43554.6 104.36 
456960 0.0395505 -0.0286545 -42903.6 104.56 
457776 0.0227016 -0.0194751 -43153.3 104.756 
458592 0.0419764 0.0285075 -43187.5 104.957 
459408 0.078087 0.0583625 -43525.5 105.157 
460224 0.044792 0.0311504 -42909.8 105.354 
461040 0.0365378 -0.013528 -43233.2 105.544 
461856 0.0469423 -0.00561322 -42938 105.725 
462672 0.0476122 -0.0291834 -43229.2 105.899 
463488 0.0356729 0.0004906 -43390 106.067 
464304 0.0379575 0.00109267 -42800.6 106.242 
465120 0.0479503 0.0103623 -42534.2 106.412 
465936 0.0424502 0.0207256 -42528.8 106.584 
466752 0.033097 -0.0054426 -43084.4 106.751 
467568 0.0244371 -0.00816797 -43071.2 106.918 
468384 0.0671119 -0.00930688 -43034.1 107.077 
469200 0.0463154 -0.00707345 -43446.8 107.234 
470016 0.0211972 -0.00528004 -43894 107.386 
470832 0.0487027 0.0187977 -43926.8 107.563 
471648 0.0745029 -0.0395087 -44475.9 107.74 
472464 0.0502488 -0.0288919 -44184.6 107.912 
473280 0.0251833 -0.012017 -42993.2 108.092 
474096 0.043573 0.0238219 -43285.4 108.264 
474912 0.0324282 -0.0301674 -43955.6 108.44 
475728 0.0649451 -0.0456586 -44492.8 108.617 
476544 0.0502597 -0.00599861 -44404.2 108.788 
477360 0.0665168 -0.000851143 -44675.1 108.95 
478176 0.0548522 -0.00286997 -45078.9 109.105 
478992 0.0436616 -0.032378 -44965.1 109.258 
479808 0.0627277 -0.0599932 -44960.1 109.41 
480624 0.0518809 -0.0510865 -44594.4 109.559 
481440 0.0601486 -0.0207285 -43487 109.708 
482256 0.0714479 -0.0385614 -42498.6 109.856 
483072 0.0769199 -0.0393459 -42013.9 110.005 
483888 0.0467691 -0.0124254 -42045.7 110.151 
484704 0.0460477 0.0138737 -42724.1 110.301 
485520 0.0470563 -0.0428266 -42384.5 110.451 
486336 0.0334546 -0.0307541 -42573.8 110.599 
487152 0.0277306 -0.00721064 -43054.3 110.749 
487968 0.0303418 -0.0136325 -41981.4 110.899 
488784 0.0606453 -0.00106491 -41000.6 111.05 
489600 0.0250514 -0.0142266 -41697.6 111.198 
490416 0.0357788 -0.0356868 -41309.5 111.348 
491232 0.0330653 -0.0313297 -42094.7 111.501 
492048 0.0332066 -0.0304572 -42714.6 111.652 
492864 0.0257452 0.00723987 -42976.9 111.8 
493680 0.0202925 0.00262439 -42552 111.95 
494496 0.0393186 0.00593599 -43210.2 112.103 
495312 0.028036 -0.012546 -42993.2 112.254 
496128 0.025444 -0.0192409 -43838.6 112.407 
496944 0.0453111 -0.0336231 -44176.6 112.563 
497760 0.0225173 -0.016024 -43205.7 112.715 
498576 0.0267712 0.0195875 -44137.4 112.875 
499392 0.0385455 0.0362191 -43778.3 113.033 
500208 0.00948806 0.00287333 -42817.8 113.191 
501024 0.0312585 -0.0275713 -42635 113.35 
501840 0.0215882 -0.0115773 -42727.2 113.513 
502656 0.0227283 -0.0189732 -42844.8 113.67 
503472 0.0269174 -0.00917175 -42733.4 113.835 
504288 0.0393686 -0.0239315 -41757.5 113.997 
505104 0.0169069 0.0141076 -42077.6 114.158 
505920 0.0461643 0.00538364 -41844.1 114.33 
506736 0.0498299 -0.0372318 -42298.4 114.5 
507552 0.0512889 -0.00632118 -41515 114.669 
508368 0.070856 -0.0202563 -41696.1 114.835 
509184 0.0235901 -0.010204 -42350.9 115.006 
510000 0.0254475 0.0238549 -43065 115.172 
510816 0.0383429 0.018437 -42787.1 115.336 
511632 0.0350689 0.022444 -43848.3 115.501 
512448 0.0464754 0.0416243 -43094.9 115.662 
513264 0.0385918 0.0174261 -43115.6 115.83 
514080 0.0474038 -0.00976709 -41999.9 115.994 
514896 0.0574829 0.0368766 -42105.6 116.153 
515712 0.0654081 0.0136655 -41671.1 116.31 
516528 0.0391687 -0.0070543 -41845.9 116.468 
517344 0.0356435 -0.0226663 -42855.1 116.623 
518160 0.0540134 -0.0295887 -42881.1 116.778 
518976 0.0590576 -0.058169 -43057.6 116.933 
519792 0.0370834 -0.0240828 -43265.8 117.09 
520608 0.0223389 -0.00193836 -43354.7 117.243 
521424 0.0579135 -0.0156742 -43745 117.399 
522240 0.0486678 -0.0242278 -44130.2 117.555 
523056 0.0628875 -0.055571 -44161.6 117.714 
523872 0.0466802 -0.0291269 -44311 117.871 
524688 0.0562324 -0.0434326 -42902.8 118.027 
525504 0.0359592 0.0168225 -42836.7 118.184 
526320 0.0313229 0.0107568 -42590.6 118.349 
527136 0.0361169 0.00495795 -42237.7 118.506 
527952 0.027079 0.00854361 -41223.3 118.667 
528768 0.0266894 0.00853765 -41817.6 118.826 
529584 0.0322954 0.0188752 -41133.1 118.983 
530400 0.0478365 0.0436949 -41573.2 119.145 
531216 0.03245 0.00929953 -41989.6 119.302 
532032 0.0476535 0.0308236 -42453.6 119.461 
532848 0.0415608 -0.0047802 -41830 119.619 
533664 0.0450546 0.0139569 -43188.9 119.783 
534480 0.0351414 0.00356519 -43019.2 119.941 
535296 0.0409328 0.0110873 -42956.8 120.107 
536112 0.0316648 0.0082158 -42663.1 120.273 
536928 0.0332525 -0.0159513 -42636.6 120.435 
537744 0.0554432 0.00167514 -42490.3 120.599 
538560 0.0315504 0.0210074 -42611 120.769 
539376 0.0317974 0.0104506 -42806.7 120.935 
540192 0.0264447 -0.0210966 -43130 121.1 
541008 0.0656992 -0.0566851 -44157.4 121.262 
541824 0.0293856 -0.0179471 -43946.1 121.427 
542640 0.035507 0.0138743 -43838.8 121.593 
543456 0.0372862 -0.0190874 -43379.6 121.755 
544272 0.0403905 0.00601134 -42480.7 121.913 
545088 0.0564914 0.010082 -42099.8 122.073 
545904 0.0591472 0.00710107 -42326.7 122.233 
546720 0.0355213 -0.00615047 -42973.7 122.391 
547536 0.0683407 -0.0316154 -43675.7 122.55 
548352 0.0613097 -0.0196157 -43182 122.705 
549168 0.0853831 -0.0269148 -43770.2 122.862 
549984 0.0444508 0.00244987 -43502.3 123.024 
550800 0.0586493 -0.012596 -43528.4 123.189 
551616 0.0329353 -0.0122919 -42992.3 123.354 
552432 0.0468344 -0.0251425 -43532.2 123.52 
553248 0.017897 0.000233196 -43276.3 123.685 
554064 0.0457291 0.0455209 -44221.3 123.854 
554880 0.00320717 0.0023337 -44270.7 124.025 
555696 0.0223487 0.010442 -44057.8 124.199 
556512 0.0587711 -0.0221572 -43997.4 124.368 
557328 0.0344594 0.00362762 -43389.5 124.535 
558144 0.00956263 -0.00916206 -42837.2 124.713 
558960 0.0329406 0.0141894 -43528.6 124.883 
559776 0.036781 0.0116244 -43220 125.057 
560592 0.0359542 -0.0126901 -43128 125.227 
561408 0.0364629 -0.0316527 -42119.4 125.408 
562224 0.0131884 -0.0125717 -41605.9 125.578 
563040 0.0329224 -0.000701026 -42276.3 125.745 
563856 0.0186925 0.00960008 -42112.3 125.916 
564672 0.0444019 0.019106 -42600.8 126.09 
565488 0.0585197 0.0429626 -42358.3 126.262 
566304 0.0360419 0.0281696 -42149.2 126.435 
567120 0.0447893 0.0437093 -42732.7 126.616 
567936 0.0141078 0.0116353 -43583.2 126.791 
568752 0.0150227 -0.00946826 -43335.6 126.966 
569568 0.00716451 0.00709221 -43653 127.145 
570384 0.0385043 -0.0382169 -43648.4 127.32 
571200 0.0411032 -0.0107093 -44405.6 127.5 
572016 0.0557007 0.00281495 -44252.1 127.673 
572832 0.0371052 -0.0196945 -45004.6 127.853 
573648 0.049487 -0.0226729 -44616.1 128.037 
574464 0.0245586 0.00532657 -44347.6 128.219 
575280 0.0757039 0.0744618 -44884.1 128.401 
576096 0.0261222 -0.00166888 -45080.4 128.588 
576912 0.057952 -0.0459645 -44192.4 128.777 
577728 0.0182017 -0.0169317 -43624.9 128.959 
578544 0.0545538 -0.0392029 -43123.9 129.138 
579360 0.0487195 -0.0398109 -42643 129.32 
580176 0.0322085 -0.0155058 -43056.6 129.497 
580992 0.0737016 -0.0222272 -43432.1 129.677 
581808 0.0738241 0.0322219 -43776.7 129.857 
582624 0.0440101 -0.000125291 -43871.5 130.042 
583440 0.0463454 0.0317285 -44148.8 130.227 
584256 0.017956 -0.00932761 -44285.3 130.408 
585072 0.114229 0.0610563 -43992.4 130.597 
585888 0.0625795 0.00360429 -43886 130.788 
586704 0.0459173 -0.0132009 -43464.7 130.976 
587520 0.0260019 -0.00826765 -43307.2 131.168 
588336 0.0407228 -0.0241225 -44166.1 131.36 
589152 0.0563622 -0.0381123 -43837.6 131.553 
589968 0.0652527 -0.0339848 -43078.5 131.742 
590784 0.044193 0.00732118 -43068.8 131.94 
591600 0.0304485 -0.0104856 -43387.9 132.143 
592416 0.0460016 0.00279358 -43907.2 132.346 
593232 0.0621061 0.00172749 -44072.8 132.545 
594048 0.0463278 -0.0136875 -42586 132.743 
594864 0.0266399 -0.017604 -42759.4 132.943 
595680 0.00977151 -0.00311635 -43257.6 133.155 
596496 0.0480592 -0.0467532 -43074.8 133.366 
597312 0.0480258 0.0442442 -44481.3 133.564 
598128 0.0512237 0.0420324 -44977.6 133.767 
598944 0.0530612 0.0178782 -45075.8 133.976 
599760 0.0452756 -0.0333984 -44504 134.178 
600576 0.0325123 -0.0164327 -43618.4 134.381 
601392 0.0367621 0.00831067 -43750.7 134.583 
602208 0.0350552 -0.00153455 -44084.5 134.783 
603024 0.0321235 -0.0182233 -43545.7 134.986 
603840 0.0764919 0.0469888 -44232.5 135.19 
604656 0.0614026 0.0487014 -44804.5 135.382 
605472 0.0356791 0.022076 -45162.1 135.584 
606288 0.0475465 0.0264869 -44515.3 135.783 
607104 0.0543302 0.0265066 -43762 135.985 
607920 0.0504809 0.0206319 -43670.5 136.175 
608736 0.0708033 0.0576134 -43900.8 136.38 
609552 0.0565386 0.0364569 -44052.2 136.588 
610368 0.0879115 0.0744476 -44320.9 136.783 
611184 0.0656305 -0.018294 -43974.5 136.992 
612000 0.0377691 -0.0246607 -42409.5 137.189 
612816 0.0429126 0.0256917 -42231.2 137.389 
613632 0.0555047 0.0549991 -42581.1 137.591 
614448 0.033401 0.025245 -43273 137.793 
615264 0.0146516 0.00198837 -43087.3 137.997 
616080 0.0454913 0.0347515 -42116.8 138.198 
616896 0.0318438 0.0161905 -43168.9 138.399 
617712 0.0210631 -0.0158711 -43010.4 138.597 
618528 0.022795 -0.010622 -43530.1 138.799 
619344 0.0524914 0.0239266 -44257.5 139.006 
620160 0.0215246 0.015174 -43611.9 139.219 
620976 0.0865577 -0.072928 -43706.7 139.42 
621792 0.0457903 0.00162624 -43697.3 139.624 
622608 0.0265003 0.00375146 -43409.9 139.82 
623424 0.0563695 0.013086 -43732.2 140.027 
624240 0.041753 -0.0192037 -43512.8 140.229 
625056 0.032977 0.011885 -43260.8 140.426 
625872 0.0618217 0.0300426 -43727.3 140.636 
626688 0.0763485 0.0491455 -43511.7 140.84 
627504 0.0596851 -0.0170481 -44205.4 141.039 
628320 0.0729155 -0.0559953 -44548.4 141.239 
629136 0.0682193 -0.0589766 -43522.2 141.442 
629952 0.0631922 -0.061998 -43848.5 141.641 
630768 0.0113993 -0.00756342 -44572.6 141.839 
631584 0.0314855 0.0241055 -44491.1 142.043 
632400 0.026902 0.015823 -44709.9 142.245 
633216 0.0291442 -0.0138675 -44337.3 142.445 
634032 0.0223305 -0.0187971 -43913.8 142.645 
634848 0.0373575 0.00535868 -43114.6 142.842 
635664 0.052476 -0.00670106 -42517.2 143.049 
636480 0.0395847 -0.0182704 -42150.4 143.258 
637296 0.0542487 0.019355 -42492.2 143.471 
638112 0.0500421 -0.0248973 -42853.2 143.672 
638928 0.0324604 -0.0282654 -43325.4 143.874 
639744 0.0652895 -0.0521919 -42867.5 144.078 
640560 0.0741179 -0.0431539 -43048.9 144.278 
641376 0.0541357 -0.0118718 -43063.1 144.484 
642192 0.0335986 -0.017021 -41857.9 144.689 
643008 0.0184538 -0.0164079 -42503.3 144.895 
643824 0.0313038 0.00631537 -42775.5 145.099 
644640 0.0457029 -0.0381054 -42768.9 145.299 
645456 0.0573804 -0.0279313 -43342.3 145.506 
646272 0.0444781 -0.0263762 -43358.8 145.706 
647088 0.03649 0.000303992 -42217.3 145.915 
647904 0.0316287 0.0247308 -41691.2 146.112 
648720 0.0356841 0.00871694 -41594 146.317 
649536 0.0387948 -0.0354781 -41233.1 146.516 
650352 0.0112258 0.0041311 -42021.3 146.72 
651168 0.0137491 -0.0127874 -43412.4 146.928 
651984 0.0351064 -0.030983 -43890.3 147.132 
652800 0.0478854 -0.0447861 -44344.8 147.339 
653616 0.0285522 -0.0251543 -43955.4 147.541 
654432 0.0328426 -0.0270773 -43102 147.742 
655248 0.0338094 -0.0322214 -43300.6 147.947 
656064 0.0194648 -0.00272591 -43489 148.15 
656880 0.0417065 -0.00407509 -43219 148.347 
657696 0.0343697 -0.021226 -42822.5 148.548 
658512 0.0389267 0.0369855 -42687.1 148.751 
659328 0.0189714 0.0129353 -42895.6 148.954 
660144 0.0285441 0.0248731 -42661.9 149.162 
660960 0.02024 0.0039368 -43125.6 149.368 
661776 0.0324502 0.00958797 -42902.1 149.565 
662592 0.0202386 -0.00389562 -43748.5 149.77 
663408 0.047592 -0.00567762 -43240.3 149.974 
664224 0.0243422 -0.00681375 -43815 150.178 
665040 0.051138 -0.00850852 -42752.5 150.391 
665856 0.0589839 -0.0438513 -42003.7 150.597 
666672 0.0757799 -0.0577621 -41558.9 150.812 
667488 0.0397731 -0.0240406 -41806.7 151.022 
668304 0.0253275 0.00359812 -43234.7 151.234 
669120 0.0226017 0.00672629 -43701.3 151.442 
669936 0.0369508 -0.0255929 -42791.9 151.649 
670752 0.033667 -0.0239296 -42857.4 151.857 
671568 0.0123999 -0.00260627 -43135.3 152.064 
672384 0.0315836 0.0290511 -43528.3 152.268 
673200 0.0408572 0.0335699 -43509.9 152.473 
674016 0.0573583 -0.0188177 -43468.1 152.671 
674832 0.0301067 0.00534091 -42885 152.87 
675648 0.0411646 0.0101349 -42821.3 153.071 
676464 0.0357307 0.00262351 -43374.1 153.28 
677280 0.0370543 0.0202271 -43208.6 153.489 
678096 0.00831645 -0.00625448 -43092.9 153.701 
678912 0.0266816 -0.0201026 -42293.4 153.904 
679728 0.0312524 -0.00823337 -42887.6 154.113 
680544 0.0475946 -0.0175271 -43209 154.321 
681360 0.0572598 -0.0318195 -43387.9 154.529 
682176 0.0301847 -0.00272106 -43762.6 154.725 
682992 0.051496 -0.0161611 -42745.6 154.922 
683808 0.0696709 0.00373043 -43187.2 155.119 
684624 0.0772176 -0.0410071 -43526.5 155.321 
685440 0.0394451 -0.0138294 -42239.9 155.516 
686256 0.0650502 -0.0507092 -41742.5 155.705 
687072 0.0182605 -0.0182569 -41762.1 155.894 
687888 0.0456572 -0.0454701 -42612.7 156.085 
688704 0.0321013 -0.0194907 -41757.7 156.265 
689520 0.0332401 0.0166179 -42166.8 156.457 
690336 0.0226503 -0.0112629 -42202.4 156.648 
691152 0.0358244 -0.0188343 -42523 156.842 
691968 0.0235493 -0.0173046 -41440.7 157.034 
692784 0.0308067 -0.0236267 -41628.3 157.224 
693600 0.0462013 -0.00110474 -41610.6 157.416 
694416 0.0253057 0.00734473 -41350.4 157.6 
695232 0.0148893 -0.0106338 -41405 157.789 
696048 0.0384598 0.0237682 -41329.9 157.978 
696864 0.0423307 0.0190308 -41424.9 158.172 
697680 0.050469 0.0337653 -41127.2 158.364 
698496 0.0509539 0.0223368 -41992.6 158.554 
699312 0.0433261 -0.00487854 -42389.7 158.737 
700128 0.0375696 -0.000631009 -42120.1 158.929 
700944 0.0434595 -0.0221173 -43177 159.122 
701760 0.0663053 -0.0526657 -42561.8 159.313 
702576 0.0286321 -0.0246845 -42503.7 159.498 
703392 0.0196671 -0.00204105 -42271.7 159.691 
704208 0.0391523 0.00973286 -42925.3 159.879 
705024 0.0323078 0.00884586 -42288.7 160.067 
705840 0.0185724 -0.0125801 -42543.4 160.261 
706656 0.0246952 -0.0150419 -42346 160.448 
707472 0.0513475 -0.018926 -42570.4 160.642 
708288 0.0401739 -0.0327802 -42686.2 160.834 
709104 0.0384565 -0.0286242 -42659.3 161.025 
709920 0.0489911 -0.0374136 -42548.4 161.224 
710736 0.0323886 -0.0197638 -42959.2 161.416 
711552 0.0264177 -0.0241889 -43454.2 161.605 
712368 0.0422407 -0.0391118 -43299.9 161.796 
713184 0.0194528 -0.0190195 -42407.2 161.989 
714000 0.0283333 0.0122884 -43388 162.177 
714816 0.0244287 -0.0164792 -43935.8 162.364 
715632 0.0526508 -0.00519302 -44322.4 162.542 
716448 0.0510824 0.0207914 -43971.5 162.731 
717264 0.0385934 0.0202467 -42810.7 162.91 
718080 0.0385645 -0.00727449 -42873.5 163.089 
718896 0.0258427 -0.0108085 -43366.6 163.272 
719712 0.0334418 -0.0264948 -43366.4 163.454 
720528 0.0473927 -0.0447757 -43112.7 163.641 
721344 0.052863 -0.029322 -42565.5 163.828 
722160 0.0652328 -0.0569248 -42372.7 164.016 
722976 0.0556331 -0.0269766 -42976 164.206 
723792 0.0421413 -0.00117009 -43062.3 164.391 
724608 0.0313074 0.0181912 -43496.4 164.584 
725424 0.0275339 0.0258703 -43429.1 164.774 
726240 0.0273316 -0.00600747 -43653.4 164.963 
727056 0.0398082 0.0377155 -43503.8 165.152 
727872 0.020615 -0.0173733 -43376.3 165.349 
728688 0.0278463 0.00169998 -43703.7 165.544 
729504 0.0384286 0.00663374 -44004.6 165.731 
730320 0.0451692 -0.00141394 -42932.6 165.921 
731136 0.0287085 -0.0083872 -43219.2 166.114 
731952 0.0625279 -0.0452683 -43273.5 166.304 
732768 0.0665506 -0.0385641 -42795.6 166.502 
733584 0.0625628 -0.014361 -42913.6 166.691 
734400 0.0536314 -0.0159096 -42728.7 166.885 
735216 0.0673588 0.00432798 -42695.6 167.075 
736032 0.0476919 0.00815273 -42939.9 167.263 
736848 0.0431495 0.0374517 -42773.8 167.453 
737664 0.0414672 0.000919475 -43456.3 167.646 
738480 0.0239498 -0.015647 -43562.8 167.833 
739296 0.0402226 -0.00684172 -43401.9 168.024 
740112 0.0306416 0.00839231 -44191.8 168.216 
740928 0.0352903 0.0283362 -44196.2 168.413 
741744 0.0440187 0.00146758 -44866 168.603 
742560 0.0554507 -0.0089493 -44618.3 168.798 
743376 0.048223 0.0050386 -44595.7 168.992 
744192 0.0437451 0.0122094 -44318.7 169.182 
745008 0.0320935 -0.0208037 -44159 169.376 
745824 0.0849854 -0.0815199 -44074.9 169.57 
746640 0.039469 -0.0345797 -43713.1 169.765 
747456 0.0212317 -0.0152518 -42889.5 169.956 
748272 0.0174822 -0.0070949 -43019 170.157 
749088 0.0208364 0.018267 -43114.4 170.349 
749904 0.046779 0.0423642 -43410.6 170.545 
750720 0.0528908 0.0466663 -43603.5 170.737 
751536 0.0344757 0.00993273 -42348.3 170.932 
752352 0.0322932 -0.00885268 -42828.3 171.123 
753168 0.0490644 -0.0261695 -42969.8 171.317 
753984 0.0627665 -0.00810409 -42724.6 171.516 
754800 0.0618151 0.0115156 -41548.6 171.72 
755616 0.0517811 0.00879756 -41252.1 171.922 
756432 0.0398153 -0.0260694 -41266.6 172.127 
757248 0.0584472 -0.0360339 -41402.3 172.325 
758064 0.0229849 -0.0222535 -41528.3 172.526 
758880 0.0232251 -0.00857064 -41933.5 172.727 
759696 0.0448063 0.00391132 -43085.3 172.926 
760512 0.0486179 0.0138892 -42531.6 173.128 
761328 0.0426352 -0.0293046 -43512.2 173.333 
762144 0.0357037 0.00325412 -43253.9 173.538 
762960 0.0453341 2.12679e-05 -43614 173.739 
763776 0.0508302 -0.00282369 -44261.9 173.947 
764592 0.0599855 0.00662001 -43571.7 174.151 
765408 0.0438249 0.00554156 -43726.8 174.35 
766224 0.043747 0.0114941 -43621.6 174.555 
767040 0.0785237 -0.00868732 -43521.7 174.759 
767856 0.0585433 -0.00232397 -43672.3 174.959 
768672 0.0444222 -0.00336978 -43673.5 175.157 
769488 0.0253375 -0.0229453 -42439.6 175.36 
770304 0.0307772 -0.0116845 -42441.9 175.556 
771120 0.0435121 -0.00133843 -41967.9 175.753 
771936 0.0623228 -0.0380417 -41360.5 175.958 
772752 0.0854954 -0.0293267 -42565.2 176.158 
773568 0.0748183 -0.0299254 -42472.2 176.358 
774384 0.0886034 -0.0414694 -42336.3 176.555 
775200 0.0823548 -0.0445517 -41598.7 176.752 
776016 0.067637 -0.0242814 -41949.1 176.956 
776832 0.0454386 -0.0309316 -41544 177.162 
777648 0.0609989 -0.010494 -42343.9 177.366 
778464 0.0828489 -0.0225682 -42782.4 177.569 
779280 0.0457238 -0.033471 -43352.4 177.769 
780096 0.0277055 -0.0184021 -44191.3 177.974 
780912 0.0188395 -0.0157101 -44004.3 178.175 
781728 0.0164903 0.000765452 -44414.7 178.371 
782544 0.0375268 0.0332482 -44294.5 178.567 
783360 0.0210041 -0.00704547 -44309.9 178.768 
784176 0.0200319 -0.0101577 -43794.9 178.97 
784992 0.0341672 -0.0089124 -42938.9 179.17 
785808 0.0457678 -0.0147117 -42825.1 179.36 
786624 0.0510832 -0.0510572 -42681.8 179.554 
787440 0.0460868 -0.0451732 -42819.3 179.751 
788256 0.0533832 -0.0516682 -42543.5 179.94 
789072 0.0364223 -0.00404332 -42217.9 180.125 
789888 0.0593351 -0.033333 -43249.2 180.312 
790704 0.0539497 -0.0384564 -42687.3 180.484 
791520 0.037677 -0.0343819 -43047.2 180.653 
792336 0.021596 -0.00999013 -43348.9 180.817 
793152 0.0363085 0.0251076 -43022.8 180.987 
793968 0.0597467 0.0453835 -42136.2 181.157 
794784 0.0491321 0.0330017 -42369.1 181.329 
795600 0.0523452 0.0258022 -42508.9 181.502 
796416 0.0526643 0.0279577 -41964.2 181.672 
797232 0.0571924 0.038931 -41437.4 181.843 
798048 0.0834362 0.0596707 -41223.4 182.01 
798864 0.0671229 0.0622657 -42227 182.175 
799680 0.0539011 0.0392896 -42145 182.339 
800496 0.0765272 0.00125503 -42662.9 182.508 
801312 0.0582649 0.0106882 -42666.4 182.676 
802128 0.0713962 0.00798903 -42826.6 182.851 
802944 0.0656982 0.0193056 -43305.7 183.026 
803760 0.0673089 0.039762 -43641.7 183.204 
804576 0.0692534 0.0481426 -43770.2 183.382 
805392 0.0586151 0.0545357 -44104.4 183.558 
806208 0.0372758 0.0302212 -44155 183.737 
807024 0.0455008 0.0227974 -44011.6 183.911 
807840 0.054299 0.0402025 -43593.9 184.086 
808656 0.0426336 0.0178601 -43671 184.259 
809472 0.0150285 7.69609e-05 -43605.2 184.433 
810288 0.0271826 -0.00902745 -42945.6 184.603 
811104 0.0327718 -0.00175993 -42854.2 184.776 
811920 0.0229736 0.000784456 -43149.4 184.942 
812736 0.0261314 0.0238434 -42527.4 185.113 
813552 0.0372837 0.0281525 -42984.1 185.289 
814368 0.0518862 0.0506607 -42230.6 185.461 
815184 0.0600376 0.0393265 -41530.1 185.634 
