0 0.0181987 -0.0126486 -33813 0 
816 0.00543784 -0.00439561 -35952.7 0.162541 
1632 0.00941019 -0.0090317 -37578.1 0.327902 
2448 0.0379053 0.0284976 -38997.1 0.489212 
3264 0.0718825 0.0622603 -40318.8 0.655837 
4080 0.0355609 0.0120126 -40257.2 0.819123 
4896 0.0261218 0.0251426 -40539.6 0.985933 
5712 0.0476876 0.0352484 -42091.5 1.14656 
6528 0.0240938 0.0181971 -41248.5 1.30764 
7344 0.0282741 -0.00349591 -42160.2 1.46747 
8160 0.0415674 0.0308979 -42627.1 1.62736 
8976 0.0250175 -0.0144546 -42455.4 1.78695 
9792 0.0504279 -0.032855 -41571.1 1.94932 
10608 0.0267132 0.0109972 -42223.2 2.11693 
11424 0.0309286 0.0285892 -41275.3 2.28274 
12240 0.0471973 0.0464845 -41318.3 2.44932 
13056 0.0203003 -0.0178619 -42361.3 2.61538 
13872 0.03565 -0.0157104 -42467.2 2.7825 
14688 0.0540945 -0.018826 -42353.3 2.9441 
15504 0.0334923 -0.0110306 -42276.8 3.11216 
16320 0.049444 -0.0268633 -41976.1 3.2782 
17136 0.0672658 -0.0503502 -41915.6 3.44621 
17952 0.0544798 -0.0480067 -41487.4 3.61228 
18768 0.0629849 -0.0224179 -41376.6 3.77698 
19584 0.0422566 -0.014494 -42100.7 3.93831 
20400 0.0557362 0.0181022 -41662.2 4.10083 
21216 0.0686819 0.0289953 -41030.6 4.26322 
22032 0.0689602 0.00657116 -41868.5 4.4252 
22848 0.0388057 -0.00903141 -42497.2 4.58644 
23664 0.0335019 -0.023335 -42874.4 4.74823 
24480 0.0317189 -0.00744067 -42739.4 4.91051 
25296 0.0686705 -0.0524185 -42741 5.06746 
26112 0.058383 -0.0573805 -42053.9 5.21991 
26928 0.0590804 -0.0308533 -42037.3 5.37652 
27744 0.115036 -0.100272 -42860.5 5.53855 
28560 0.0846457 -0.0595372 -42677.8 5.70365 
29376 0.0858798 -0.0577009 -42240.3 5.87196 
30192 0.0235715 -0.0189659 -42202.9 6.04143 
31008 0.0181313 -0.00278531 -41980.7 6.21312 
31824 0.0172797 0.0157792 -42756.9 6.37537 
32640 0.0218183 -0.00965115 -42805.6 6.53859 
33456 0.0243039 0.00789821 -43106.7 6.70031 
34272 0.0491103 -0.0416302 -42236.7 6.86818 
35088 0.0425255 -0.0376525 -41865.6 7.02704 
35904 0.027835 -0.0121736 -42339.7 7.18614 
36720 0.0354586 -0.0149321 -41622 7.34803 
37536 0.0461569 0.0128634 -41281.2 7.50712 
38352 0.0706313 0.0241282 -41744.9 7.66722 
39168 0.0722019 0.0315586 -42165.8 7.82525 
39984 0.073508 0.00579911 -42144.9 7.9795 
40800 0.0517728 -0.00342109 -42092.7 8.13112 
41616 0.066187 -0.0124232 -42002.7 8.28015 
42432 0.0816393 0.0277309 -42466.4 8.43391 
43248 0.0680841 0.00549584 -43039.7 8.59292 
44064 0.0782852 0.0216246 -43905.2 8.74936 
44880 0.0595188 -0.00298098 -43883.1 8.91552 
45696 0.075513 -0.0280538 -43756.7 9.08313 
46512 0.0683934 -0.00299297 -43758.6 9.24667 
47328 0.0322464 -0.0170865 -44161.8 9.40736 
48144 0.0467363 -0.0315577 -44612.4 9.57129 
48960 0.0520118 -0.0232146 -44012.8 9.73671 
49776 0.0252466 -0.0239552 -43648.9 9.90143 
50592 0.0142404 -0.000905433 -42751.5 10.0668 
51408 0.0308478 -0.0258426 -43486 10.236 
52224 0.03299 -0.023287 -42942.2 10.4055 
53040 0.0481995 -0.0188141 -43400.9 10.5767 
53856 0.0625415 0.0362344 -44100.1 10.7439 
54672 0.0602263 -0.0300144 -45646.8 10.9083 
55488 0.0823241 -0.0216925 -44182.8 11.0767 
56304 0.0614593 -0.00573722 -43935.5 11.2439 
57120 0.0951252 -0.0302492 -44527.4 11.4142 
57936 0.0852465 -0.0492182 -44710.1 11.5774 
58752 0.0752428 -0.0597421 -44652.6 11.7435 
59568 0.0802599 -0.059637 -45001.7 11.9128 
60384 0.0775139 -0.0744327 -45047.7 12.0785 
61200 0.0669889 -0.0588637 -44389.3 12.2421 
62016 0.0807122 -0.0506779 -44474.1 12.4089 
62832 0.0460974 -0.0128452 -44056.1 12.5762 
63648 0.0485496 -0.0295156 -43723.5 12.7428 
64464 0.0391902 0.0135703 -44529.4 12.9062 
65280 0.0437241 0.009618 -42753.4 13.0743 
66096 0.0338596 0.00523949 -42188.2 13.241 
66912 0.0367722 0.027903 -41874.7 13.4032 
67728 0.0506349 -0.00587887 -42744.6 13.5633 
68544 0.0324338 0.00508027 -41644 13.724 
69360 0.0357874 0.00312291 -42415.4 13.8885 
70176 0.0217018 0.0129152 -41902.2 14.0546 
70992 0.0294395 0.00578744 -42428.9 14.2183 
71808 0.00293986 0.00148293 -44545.9 14.3817 
72624 0.0481522 -0.0130947 -43503.6 14.5514 
73440 0.0273319 -0.0227838 -43250.4 14.7173 
74256 0.0275227 -0.020834 -43196.3 14.8799 
75072 0.0189778 0.014888 -43028.1 15.0489 
75888 0.0419883 0.0337769 -43407.2 15.2148 
76704 0.0305576 -0.0177408 -43708.3 15.3824 
77520 0.0109225 -0.0058291 -42635.8 15.5481 
78336 0.0222371 0.0173946 -42240.3 15.7192 
79152 0.0311791 0.020855 -42657.2 15.8858 
79968 0.0491356 -0.0247935 -43150.4 16.0494 
80784 0.0410258 -0.010609 -42488 16.2176 
81600 0.0379151 -0.0375035 -42778.2 16.3868 
82416 0.051947 -0.0467512 -42991.2 16.5491 
83232 0.0329123 -0.0290574 -42249.7 16.7159 
84048 0.0143598 -0.011598 -43025.9 16.8812 
84864 0.0522875 -0.0429705 -42676 17.0487 
85680 0.0302481 -0.00193769 -42478.6 17.2144 
86496 0.0614679 -0.0485057 -42167.9 17.3796 
87312 0.0315922 -0.0279291 -42412.5 17.5459 
88128 0.0577357 -0.0239897 -42619.1 17.7111 
88944 0.0257773 -0.00538899 -42765.1 17.8732 
89760 0.0230623 -0.0111607 -42764 18.0395 
90576 0.0554798 -0.0229739 -41777.4 18.2047 
91392 0.0864198 0.00286026 -42534.1 18.3711 
92208 0.0888715 -0.020593 -42268.3 18.5323 
93024 0.0906017 -0.0313028 -42172.2 18.6957 
93840 0.0517573 0.014588 -42699.6 18.8682 
94656 0.0474701 0.00335846 -42741.7 19.0324 
95472 0.0521344 0.00860753 -42389.2 19.1995 
96288 0.0408742 0.02245 -42478.7 19.3622 
97104 0.0494633 0.023197 -43499.7 19.5309 
97920 0.0554846 0.0201458 -42885.3 19.6991 
98736 0.0771252 0.0487101 -42915.1 19.8665 
99552 0.092621 0.0670437 -44209.7 20.0326 
100368 0.084454 0.0722413 -44126.7 20.1991 
101184 0.0698733 0.0374404 -43236.7 20.3658 
102000 0.0753003 0.0353792 -43146.5 20.5339 
102816 0.0410583 -0.004369 -43498.6 20.703 
103632 0.0420738 -0.0070573 -42933.9 20.8703 
104448 0.0458987 -0.000385026 -44216.6 21.0389 
105264 0.0692408 -0.0049835 -43924.3 21.2024 
106080 0.0352061 0.0250774 -43986.4 21.3667 
106896 0.0393598 0.019041 -44161.5 21.5312 
107712 0.0474462 0.00604999 -43319 21.6952 
108528 0.0450531 0.00808711 -43008.9 21.8557 
109344 0.0605989 -0.000429018 -42668.5 22.0172 
110160 0.0553465 -0.0182281 -43780.5 22.1795 
110976 0.0565104 0.000790926 -43204.2 22.3412 
111792 0.0374098 -0.0182938 -42639.3 22.5061 
112608 0.0314822 0.00117066 -43573.8 22.6699 
113424 0.0517434 0.0359754 -43524.2 22.8321 
114240 0.0588166 0.0225898 -42762.7 22.994 
115056 0.0337415 -0.005374 -43067.3 23.1579 
115872 0.025305 0.00458764 -43036.5 23.3208 
116688 0.0787311 0.0572545 -42500.7 23.4866 
117504 0.0613354 0.0502498 -42352 23.6517 
118320 0.0240189 0.0011421 -41957.1 23.816 
119136 0.0516077 -0.00506328 -41824.8 23.9798 
119952 0.0422064 -0.0232472 -42326.1 24.1432 
120768 0.0689788 -0.0421678 -42826.8 24.3076 
121584 0.057594 -0.0337272 -43870.3 24.4731 
122400 0.107424 -0.103274 -44042.1 24.6375 
123216 0.0404433 -0.0255608 -43742.5 24.8044 
124032 0.0618781 -0.0484664 -43791.1 24.9736 
124848 0.102061 -0.0827201 -43078.7 25.1387 
125664 0.0655598 -0.0599077 -42820.2 25.304 
126480 0.0803099 -0.0713675 -42683.3 25.4743 
127296 0.0474645 -0.00952805 -42365.3 25.6406 
128112 0.0451129 -0.0201097 -42687.4 25.8057 
128928 0.0626834 0.00835066 -43331.8 25.9742 
129744 0.0537558 0.0183678 -42968.9 26.1423 
130560 0.0602648 0.00905997 -43777.4 26.3128 
131376 0.0431748 0.00471909 -44077.2 26.4842 
132192 0.0358978 0.0216127 -43102.7 26.6488 
133008 0.0388004 0.0292762 -42929.3 26.8119 
133824 0.0330408 0.0245588 -43182.3 26.98 
134640 0.0162533 -0.00240134 -43845.6 27.1476 
135456 0.0170898 0.0154893 -42747.1 27.3136 
136272 0.0273418 0.00830621 -42639 27.4808 
137088 0.0196909 0.00754925 -42761.2 27.6471 
137904 0.0159762 -0.0015699 -43415.4 27.8116 
138720 0.0271115 -0.0260844 -43590.5 27.975 
139536 0.0440283 -0.0259774 -43868 28.1386 
140352 0.0635775 0.027755 -44650.1 28.2997 
141168 0.0637724 0.0540358 -44723.2 28.4634 
141984 0.05254 -0.0138244 -43771 28.6263 
142800 0.0246479 -0.00190176 -44216.2 28.7918 
143616 0.0207138 0.018708 -44121.4 28.9577 
144432 0.0501931 0.045581 -43752.8 29.1223 
145248 0.0401027 0.033542 -43716.6 29.2842 
146064 0.0320692 0.017267 -43032.9 29.4461 
146880 0.0333049 -0.000336893 -42032 29.6099 
147696 0.0210628 0.00407949 -42941.6 29.7722 
148512 0.0143622 -0.00774568 -42544.3 29.9403 
149328 0.0340071 -0.0244673 -43665.1 30.1034 
150144 0.0555556 0.0178532 -43876.3 30.2689 
150960 0.0298442 0.0252482 -44575 30.4364 
151776 0.0153099 0.000983483 -44013.8 30.6032 
152592 0.0135537 -0.00907252 -42978.4 30.773 
153408 0.0443951 -0.0214507 -42208.2 30.9363 
154224 0.0677875 -0.0403502 -42703.1 31.1014 
155040 0.0458662 -0.0169546 -42440.8 31.2683 
155856 0.0487995 -0.010393 -43068.3 31.43 
156672 0.0574104 0.0122308 -43286.5 31.5985 
157488 0.0123024 0.0074042 -43089.3 31.7656 
158304 0.029495 -0.0139351 -42525.3 31.933 
159120 0.0251267 -0.00342239 -42654.8 32.1039 
159936 0.0533354 -0.0269309 -42642.8 32.2699 
160752 0.0513388 0.0198332 -42630.8 32.4342 
161568 0.00842396 -0.00773305 -42390.9 32.5977 
162384 0.0115877 0.00476432 -43345.6 32.7613 
163200 0.0557873 -0.0484093 -44484 32.9239 
164016 0.0417098 -0.0171558 -43209.3 33.0855 
164832 0.0585093 0.00371409 -42468.8 33.2498 
165648 0.0410054 -0.00054797 -41681 33.4137 
166464 0.0185253 0.00886498 -41381.4 33.5786 
167280 0.0535355 0.0379124 -40942.7 33.743 
168096 0.0827826 0.0809628 -40632.8 33.9076 
168912 0.0313221 0.0273676 -41610.6 34.0696 
169728 0.0339197 0.0289769 -42267.9 34.2338 
170544 0.032867 -0.00624705 -42718.7 34.3967 
171360 0.0538982 0.00427276 -42526.4 34.5584 
172176 0.0655462 -0.00380274 -42173.9 34.7181 
172992 0.0540334 -0.0325781 -42283.1 34.88 
173808 0.0571323 -0.0372468 -42275.1 35.0444 
174624 0.09321 -0.0638326 -42469.4 35.2046 
175440 0.0673379 -0.0526311 -42394.9 35.3675 
176256 0.0369542 -0.000951635 -42113.1 35.5302 
177072 0.04839 0.00334516 -42434.9 35.6949 
177888 0.0537905 0.0154015 -42973.1 35.8623 
178704 0.0464373 0.0168294 -42489.8 36.0308 
179520 0.026025 0.025647 -41928.2 36.2 
180336 0.0171801 0.0119731 -42668.4 36.3694 
181152 0.0251165 0.0161087 -43928.1 36.5308 
181968 0.0184314 0.0172401 -42954.7 36.702 
182784 0.0085173 -0.00576554 -42254.4 36.8662 
183600 0.0346651 -0.00386251 -41751.7 37.0312 
184416 0.0298852 0.00704995 -42697.5 37.1969 
185232 0.0161698 0.00840611 -43083 37.3631 
186048 0.0203291 -0.002032 -42974.9 37.5298 
186864 0.0133958 -0.0105724 -42675.1 37.694 
187680 0.0160843 0.00821824 -42431.3 37.8577 
188496 0.0375093 0.0115265 -42333.5 38.0196 
189312 0.0530451 0.00522068 -43175.7 38.1815 
190128 0.0421001 -0.00859465 -44266.9 38.343 
190944 0.0156413 -0.00693198 -45219.9 38.5057 
191760 0.0280936 0.00379748 -44993.9 38.6688 
192576 0.0553509 -0.0252998 -45352.9 38.8319 
193392 0.0304955 -0.00768492 -45257.2 38.994 
194208 0.0350603 0.0211036 -45908.4 39.1592 
195024 0.0410344 -0.0125974 -44906.9 39.3226 
195840 0.0286735 -0.00567145 -44438.4 39.4867 
196656 0.00805085 0.00767231 -44107.8 39.648 
197472 0.0272163 -0.00917646 -43851 39.8093 
198288 0.0369071 0.0133997 -43312.6 39.9747 
199104 0.0282079 -0.00286664 -43704.7 40.1365 
199920 0.0437126 0.00118218 -42886.6 40.2993 
200736 0.058987 0.0306047 -42976 40.4594 
201552 0.0239694 0.0233625 -42295.8 40.6199 
202368 0.0166007 0.0151958 -42169.3 40.7809 
203184 0.0740105 0.072912 -42605.8 40.9405 
204000 0.0430208 0.0396045 -42733.3 41.1027 
204816 0.0450505 0.035748 -42657.2 41.266 
205632 0.0684421 0.0488196 -42240.5 41.4274 
206448 0.0846862 0.0765917 -42932.5 41.593 
207264 0.0471498 0.0164157 -42705.1 41.7588 
208080 0.00924807 0.00298604 -42570.3 41.9189 
208896 0.0294407 0.0178157 -42540.9 42.0836 
209712 0.0425222 0.0311026 -41829 42.249 
210528 0.0313854 0.00697481 -42057.1 42.411 
211344 0.0312552 0.0262244 -42477.1 42.5781 
212160 0.0453927 0.0368459 -43581 42.7445 
212976 0.0376418 -0.0145427 -43615.1 42.91 
213792 0.0415272 -0.0290049 -42876 43.0782 
214608 0.0785289 -0.0267826 -43260.3 43.2466 
215424 0.070822 -0.000342812 -42601.3 43.4107 
216240 0.0543565 0.00201276 -42883.4 43.5748 
217056 0.050861 0.00716063 -42454.6 43.7381 
217872 0.069592 -0.0217098 -42867.4 43.9068 
218688 0.053101 -0.0255749 -42750.6 44.0721 
219504 0.0443063 -0.016375 -42556.1 44.2363 
220320 0.0346654 -0.00430026 -42948.9 44.408 
221136 0.0395662 -0.00279556 -42740.3 44.5745 
221952 0.0411936 0.0261039 -43683.1 44.7415 
222768 0.0564303 0.0468666 -43431.4 44.9087 
223584 0.0722797 0.061233 -44250.6 45.0762 
224400 0.0467673 0.0388651 -44587.8 45.2431 
225216 0.0735486 0.06322 -44008.5 45.41 
226032 0.0794761 0.0783536 -43447.4 45.5761 
226848 0.0710466 0.0677742 -44072.7 45.7415 
227664 0.0515138 0.047625 -44229.5 45.911 
228480 0.0280515 0.0276614 -43353.6 46.0793 
229296 0.053893 0.0492005 -42687.1 46.2463 
230112 0.0294579 0.0272519 -42341.9 46.4101 
230928 0.0553024 -0.0266025 -42272.3 46.5779 
231744 0.0502267 -0.0336996 -42054.1 46.7436 
232560 0.00951128 0.000382819 -41314.3 46.9071 
233376 0.0308662 -0.0208225 -42232.1 47.0705 
234192 0.036727 -0.015627 -43182.8 47.2343 
235008 0.027362 0.0196071 -43293.9 47.3992 
235824 0.0438134 0.0366628 -43035.4 47.5615 
236640 0.0353437 0.00791933 -42195.1 47.7243 
237456 0.0509386 0.0426492 -42060.5 47.8879 
238272 0.0300241 0.0216699 -42705 48.0531 
239088 0.0378228 0.0327966 -43659.1 48.2161 
239904 0.0176705 0.01515 -43051.4 48.3764 
240720 0.0287766 -0.000479331 -43193.2 48.5354 
241536 0.0538082 -0.0460612 -42660.6 48.6928 
242352 0.0576408 -0.030296 -42158.4 48.8558 
243168 0.0287201 -0.00781108 -42070.2 49.0239 
243984 0.0490593 -0.0339958 -41577.5 49.1913 
244800 0.0532325 -0.0242288 -41692.5 49.3628 
245616 0.0527711 -0.00592624 -42356.9 49.5358 
246432 0.0489713 -0.0152338 -41089.3 49.7046 
247248 0.0632532 -0.0324383 -42312.7 49.8723 
248064 0.065524 -0.0637292 -42131.7 50.039 
248880 0.0494574 -0.0355038 -42730.9 50.2071 
249696 0.0717264 -0.0588872 -42427.7 50.3716 
250512 0.0557864 -0.0512581 -42960.6 50.5431 
251328 0.0681168 -0.043111 -42590.1 50.7088 
252144 0.0512084 -0.0226498 -42012.3 50.8741 
252960 0.067093 -0.0218715 -42610.7 51.0397 
253776 0.0554679 -0.0146859 -42302.1 51.2064 
254592 0.0937951 -0.0499315 -42568.2 51.3731 
255408 0.0575092 0.00362585 -42207.4 51.5392 
256224 0.0660215 0.011914 -42269.9 51.703 
257040 0.0454049 0.00825904 -42320.5 51.8674 
257856 0.0714259 -0.0356865 -42614.8 52.032 
258672 0.0839996 -0.0547776 -42784.8 52.195 
259488 0.0532523 0.0067978 -43012.2 52.3587 
260304 0.0936553 -0.0480211 -44110.8 52.5241 
261120 0.0837339 -0.0479348 -44135.5 52.6876 
261936 0.0758764 -0.0542931 -43883.1 52.8501 
262752 0.0758814 -0.0359277 -43137.1 53.0121 
263568 0.0218088 0.0207055 -42204 53.1759 
264384 0.0339064 0.0174805 -42853 53.3389 
265200 0.0461914 0.0111405 -42857.3 53.5049 
266016 0.02845 -0.00391283 -42836.7 53.6728 
266832 0.0279534 0.0249174 -43117.9 53.8368 
267648 0.0142018 -0.000352273 -42965.1 53.9981 
268464 0.0226527 -0.00758051 -42630.6 54.1652 
269280 0.0316121 -0.0290978 -42279.9 54.3258 
270096 0.0401712 -0.0294961 -41327.7 54.4902 
270912 0.042325 -0.0323797 -41137.3 54.6529 
271728 0.0576477 -0.0531766 -41369.7 54.82 
272544 0.0318336 -0.00711808 -41410 54.9809 
273360 0.0414125 0.0306933 -41989.1 55.144 
274176 0.0300962 0.00996253 -42189.1 55.3091 
274992 0.0513518 -0.00328733 -42688.1 55.4792 
275808 0.0403443 0.0291112 -41788.2 55.6428 
276624 0.00645947 0.00641322 -41416.2 55.8098 
277440 0.0237024 0.023142 -41894.2 55.9768 
278256 0.0364497 -0.0032807 -42660 56.141 
279072 0.0309243 0.0255564 -42403 56.3087 
279888 0.00473324 0.00190309 -41165.3 56.4724 
280704 0.0283331 0.0123402 -41967.7 56.6387 
281520 0.0673851 0.0135579 -42246.4 56.7993 
282336 0.043885 0.0243344 -41873.2 56.9604 
283152 0.0397058 0.00786433 -42412.9 57.1227 
283968 0.041783 0.016565 -42409.2 57.2861 
284784 0.0460033 0.0199078 -42843.5 57.4471 
285600 0.0335566 0.0161139 -43309.6 57.6098 
286416 0.0541936 -0.00602346 -43430.4 57.7749 
287232 0.0754353 0.00468893 -42806.7 57.9387 
288048 0.087368 0.0165014 -43279.3 58.1012 
288864 0.103873 -0.0299191 -43894.3 58.2627 
289680 0.0745793 -0.0453125 -43714.5 58.4255 
290496 0.0469738 0.00877045 -43163.5 58.5892 
291312 0.025255 -0.0154538 -43015 58.7542 
292128 0.0198921 -0.0192834 -42459.7 58.9172 
292944 0.0347305 -0.0130394 -42887.9 59.0842 
293760 0.0468967 -0.00292288 -43072.8 59.2509 
294576 0.0280132 -0.00597903 -43820.8 59.417 
295392 0.0208669 -0.000953913 -44246.8 59.5806 
296208 0.0346252 -0.0101788 -44821.9 59.7487 
297024 0.0359575 -0.0287286 -44005.2 59.9146 
297840 0.0298286 -0.0147747 -43411 60.0842 
298656 0.0343805 -0.00134732 -43440.7 60.2543 
299472 0.0534764 0.00661071 -43903.8 60.4227 
300288 0.0444057 0.00577059 -44378.7 60.5878 
301104 0.0334727 0.0199901 -44620.6 60.7549 
301920 0.030608 -0.00931141 -43703.6 60.9183 
302736 0.055619 -0.0474044 -43580.4 61.0799 
303552 0.047882 -0.0284992 -43703.2 61.2419 
304368 0.0422527 -0.00510248 -43788.4 61.4016 
305184 0.0408624 0.0177856 -43957.6 61.5617 
306000 0.0305233 0.0268001 -43421.5 61.7255 
306816 0.0567184 0.0483945 -43411 61.8892 
307632 0.0220353 0.0212882 -43553.7 62.0499 
308448 0.0452567 0.027007 -43440.7 62.213 
309264 0.0569247 -0.048214 -43725.6 62.3748 
310080 0.0582347 -0.0345029 -44671.4 62.5365 
310896 0.0736052 -0.0711868 -43808.6 62.6982 
311712 0.0249488 -0.0245478 -43889 62.8618 
312528 0.0358729 -0.0260331 -43451.4 63.0254 
313344 0.0123245 -0.0118727 -44003.1 63.1889 
314160 0.0357291 -0.0348233 -43947.9 63.3505 
314976 0.0595919 -0.0211759 -44610.3 63.5141 
315792 0.0439202 0.026083 -43715 63.6788 
316608 0.018605 0.0163352 -42972.7 63.8463 
317424 0.00556318 0.00135821 -43856.3 64.0106 
318240 0.00581186 0.00353998 -42887.3 64.1746 
319056 0.0240736 -0.0213012 -43754.7 64.3364 
319872 0.0250921 0.0145568 -43630.8 64.5033 
320688 0.0508745 -0.0244497 -43852.2 64.6702 
321504 0.044137 -0.00504132 -43370 64.83 
322320 0.021458 0.0137789 -42575.7 64.9902 
323136 0.0538747 0.0306261 -42390.1 65.1514 
323952 0.0479584 0.0414036 -42847.4 65.3173 
324768 0.0622528 0.0618956 -42746.9 65.4851 
325584 0.0461987 0.0388512 -42505.5 65.6536 
326400 0.0652699 0.053187 -42307.2 65.8184 
327216 0.0285837 0.0114993 -43302.5 65.9831 
328032 0.0120275 0.00568573 -42996.1 66.1502 
328848 0.0495345 0.0397798 -42988.8 66.3178 
329664 0.0377252 -0.00120001 -42031.2 66.4797 
330480 0.0377879 0.00439446 -42406.1 66.6459 
331296 0.0519578 0.0311068 -42913 66.8139 
332112 0.0580816 0.0493303 -42741.5 66.9776 
332928 0.0515049 0.0473323 -42615.8 67.1379 
333744 0.0380373 0.0328852 -42494.9 67.2989 
334560 0.0814237 0.0607719 -42207.3 67.4601 
335376 0.0399039 0.0149056 -42673.6 67.6205 
336192 0.0638722 0.0388867 -42412.8 67.7793 
337008 0.0843892 0.0617638 -42731.9 67.9341 
337824 0.0503842 0.0249113 -42622 68.0931 
338640 0.0576681 0.0131914 -42166.6 68.2564 
339456 0.0440004 0.0285055 -42356.8 68.4191 
340272 0.0507307 0.0308904 -42318.6 68.5823 
341088 0.0296747 0.00547334 -41876.3 68.7446 
341904 0.051769 0.0459617 -41347.3 68.9107 
342720 0.0646948 0.0583825 -41969.1 69.0798 
343536 0.0242063 0.0192823 -41829.7 69.2447 
344352 0.0720121 0.065597 -41960.1 69.4074 
345168 0.0523799 0.0440552 -41971.7 69.5714 
345984 0.0184247 0.00138923 -41170.7 69.7374 
346800 0.0196765 -0.00364476 -41326.8 69.9048 
347616 0.0389331 -0.00878681 -41458.1 70.0683 
348432 0.0394715 0.00744812 -41167.6 70.2351 
349248 0.0561255 0.0390402 -41554.1 70.3991 
350064 0.0641399 0.0382514 -42172.2 70.5702 
350880 0.0550976 0.0346344 -42175.8 70.734 
351696 0.0279836 0.0191674 -42770.1 70.9 
352512 0.0344426 0.0174469 -43000.4 71.068 
353328 0.0536707 0.0413554 -42441.6 71.2366 
354144 0.0782441 0.057582 -42759.2 71.3999 
354960 0.0728876 0.0192224 -43709.7 71.5652 
355776 0.0677577 0.0555952 -43971.1 71.7284 
356592 0.077 0.00277464 -44819.8 71.8934 
357408 0.0535625 0.0126683 -43380.6 72.0598 
358224 0.0351066 0.0165844 -43292 72.2273 
359040 0.0566334 0.0561336 -43312.1 72.3927 
359856 0.0477988 0.0193015 -43117.3 72.5574 
360672 0.0311365 0.0184745 -42316.1 72.7238 
361488 0.0363617 -0.00229027 -42730.7 72.8876 
362304 0.0284218 0.00365123 -41766.6 73.0499 
363120 0.0383083 0.0048919 -42331.8 73.2133 
363936 0.0552728 0.00666329 -43231.8 73.3811 
364752 0.0521541 0.0318025 -43464.7 73.5468 
365568 0.0521143 0.0363811 -42853.5 73.7073 
366384 0.01093 0.00569681 -42808 73.8728 
367200 0.00730413 0.00453003 -42116.7 74.0399 
368016 0.0161968 0.0157182 -41653.9 74.2029 
368832 0.0311139 0.0296006 -42019.6 74.3712 
369648 0.0258352 0.0133963 -43389.7 74.5366 
370464 0.0614589 0.0236347 -43115.6 74.6996 
371280 0.0724987 -0.00819645 -43251 74.8687 
372096 0.0409742 0.0132811 -43064.7 75.0368 
372912 0.0275304 0.0223641 -43678.5 75.209 
373728 0.0521595 0.0504226 -43262.4 75.3733 
374544 0.0864242 0.084765 -43342 75.5355 
375360 0.042645 0.0420271 -42617.7 75.7026 
376176 0.0494277 0.0415616 -43185.4 75.8707 
376992 0.0634092 0.0411783 -44060.5 76.0338 
377808 0.055498 0.0501117 -43674.2 76.1996 
378624 0.0272928 0.00868866 -43303.7 76.3656 
379440 0.0125947 0.00562263 -43432.9 76.5313 
380256 0.0297105 -0.0238038 -43645.2 76.6985 
381072 0.0409673 -0.0340719 -43358.4 76.8643 
381888 0.0443179 -0.0411859 -43327.3 77.0285 
382704 0.0739353 -0.033157 -42861.7 77.1918 
383520 0.0624785 -0.0233441 -42989 77.3561 
384336 0.063088 -0.0142813 -42936.4 77.52 
385152 0.0566139 0.00456879 -43111.6 77.6855 
385968 0.0377217 -0.00248117 -43439.6 77.8491 
386784 0.0494988 -0.0195092 -42370.2 78.0127 
387600 0.0307193 -0.00297948 -42724.2 78.1764 
388416 0.0422954 -0.0126549 -43022.9 78.339 
389232 0.0671182 -0.0436365 -43371 78.5013 
390048 0.0122416 -0.00732235 -42829.7 78.6701 
390864 0.0304796 0.0280133 -42670.9 78.8344 
391680 0.0202436 0.0174664 -42572.2 79.0005 
392496 0.0136308 0.00980171 -43442.2 79.1659 
393312 0.0167757 -0.0158874 -43960.4 79.3348 
394128 0.0132638 0.00111086 -44466.8 79.503 
394944 0.0301758 -0.0279827 -44351.8 79.6722 
395760 0.0332986 0.010723 -44397.6 79.8384 
396576 0.0596069 -0.054924 -44175.8 80.0068 
397392 0.0468009 -0.0459101 -44123.7 80.1739 
398208 0.0400725 -0.0218524 -44835.4 80.3381 
399024 0.0334186 0.00262149 -45194.4 80.5035 
399840 0.0195233 0.00263222 -44870.7 80.6731 
400656 0.0218196 0.021495 -43503.3 80.8388 
401472 0.0304808 0.02525 -43902 81.0014 
402288 0.0391881 0.0342451 -45071 81.1658 
403104 0.0240668 0.0153572 -43852 81.3352 
403920 0.0603101 -0.0486416 -43892.9 81.4975 
404736 0.0372473 -0.0241488 -44269.9 81.6636 
405552 0.067681 -0.0672337 -44788.5 81.8269 
406368 0.0103122 -0.00666871 -44526.9 81.988 
407184 0.0382984 -0.0129893 -44391.8 82.1497 
408000 0.0813188 0.0541243 -44185.4 82.3133 
408816 0.0546221 0.0488959 -43296.2 82.4755 
409632 0.0405015 0.00738213 -42884.6 82.6382 
410448 0.0588609 -0.0154875 -43149.8 82.806 
411264 0.0272647 -0.0241192 -43302.1 82.9696 
412080 0.034963 -0.00809282 -44070.6 83.1347 
412896 0.038352 -0.0271753 -43541.5 83.2955 
413712 0.0262204 -0.0160051 -43633 83.4555 
414528 0.0230472 0.00131622 -42854.9 83.6156 
415344 0.0276621 0.00772806 -43036.2 83.7807 
416160 0.012084 -0.00584133 -42041.8 83.9462 
416976 0.0636232 0.0312857 -42458.7 84.1113 
417792 0.0619233 0.041518 -42014 84.2724 
418608 0.065144 0.0312282 -42780.4 84.4382 
419424 0.0505246 0.0376749 -41821.9 84.6008 
420240 0.0484129 0.0342464 -41800.9 84.7655 
421056 0.0613911 0.0406969 -41534.9 84.9274 
421872 0.0552179 0.0501264 -42111.8 85.0931 
422688 0.013837 -0.0030295 -41167.7 85.2613 
423504 0.0348927 0.00696567 -41062.5 85.4274 
424320 0.0236076 -0.0192759 -41962.5 85.5922 
425136 0.0115941 -0.00548916 -42215 85.7596 
425952 0.0377195 0.03298 -42867.1 85.9251 
426768 0.00653218 -0.00563942 -42328.1 86.0906 
427584 0.0471716 -0.0257641 -41789.4 86.2516 
428400 0.0244334 -0.00987166 -42347.1 86.4193 
429216 0.0632571 -0.0338622 -42799.1 86.5834 
430032 0.0498128 -0.0255115 -42877.8 86.7534 
430848 0.0428305 0.000547336 -42696.9 86.9194 
431664 0.0237138 -0.0103211 -42656.7 87.0829 
432480 0.0420088 -0.00271495 -42313.2 87.2471 
433296 0.047571 -0.0145428 -44063.3 87.4119 
434112 0.07537 0.00198071 -43697.3 87.5728 
434928 0.0797212 -0.00493543 -44533.5 87.7299 
435744 0.0889346 0.00651695 -44730.9 87.8906 
436560 0.0798591 0.0187189 -43841.9 88.0582 
437376 0.0852314 -0.0426584 -43883.1 88.224 
438192 0.07787 0.00439747 -44166.8 88.3834 
439008 0.0893173 0.0329424 -44270.5 88.5427 
439824 0.0865323 0.0257118 -44442.8 88.7017 
440640 0.0403686 -0.00552051 -43935.5 88.8617 
441456 0.0251194 -0.00270217 -44144.4 89.0248 
442272 0.056839 0.0353755 -44318 89.1912 
443088 0.0528215 -0.0135707 -42804.5 89.356 
443904 0.0483582 0.0054724 -42018.4 89.5195 
444720 0.0757789 -0.0209975 -41820.4 89.6856 
445536 0.0259784 -0.00719674 -41983 89.852 
446352 0.0389653 -0.0118168 -41479.4 90.0193 
447168 0.0086523 8.08171e-05 -42014.9 90.1842 
447984 0.0351523 0.0152751 -42765 90.3497 
448800 0.0373229 -0.000339546 -43484.7 90.5159 
449616 0.0479698 -0.0460695 -44045.8 90.6781 
450432 0.0173922 -0.00979628 -44718 90.843 
451248 0.0643208 -0.0364137 -44608.6 91.0071 
452064 0.0464892 -0.0244826 -44073.4 91.1692 
452880 0.0482984 -0.0338058 -43520.1 91.331 
453696 0.0801646 -0.0390528 -43651.8 91.4875 
454512 0.0925757 -0.0498618 -44069.4 91.6502 
455328 0.0950128 -0.0581194 -45187.4 91.8131 
456144 0.0418364 -0.0385882 -44797.8 91.9738 
456960 0.0145749 -0.00367379 -43776.8 92.1374 
457776 0.0154346 0.000449613 -43420.8 92.3006 
458592 0.0298166 -0.00346778 -43736.4 92.4623 
459408 0.0522358 -0.0158443 -43430.7 92.6281 
460224 0.0548645 0.00265094 -43152.2 92.7996 
461040 0.057296 0.0141547 -43235.3 92.9647 
461856 0.031992 0.00287493 -42556.6 93.1239 
462672 0.0563027 0.00958166 -42389.5 93.2854 
463488 0.0252476 -0.00634318 -42255.5 93.4522 
464304 0.033178 -0.00566523 -43027.7 93.6153 
465120 0.0472419 0.0228136 -42823.4 93.7805 
465936 0.038065 0.0369627 -43435.4 93.9402 
466752 0.0251758 0.00902413 -43569.5 94.1022 
467568 0.0402038 0.0346848 -43490.1 94.267 
468384 0.0299668 0.0123341 -43388.8 94.4261 
469200 0.0329796 0.0276254 -42109.5 94.5873 
470016 0.0639185 0.0329883 -42583.4 94.7519 
470832 0.033045 0.0139938 -42374.4 94.9152 
471648 0.0364536 -0.0134131 -42726.1 95.078 
472464 0.0556862 -0.0111297 -42430 95.2418 
473280 0.0490421 -0.021803 -43354.1 95.4076 
474096 0.07471 -0.0560529 -43148.2 95.5735 
474912 0.0427435 0.0104196 -43412.9 95.7347 
475728 0.0742913 -0.0728777 -43746 95.8988 
476544 0.0261547 -0.009764 -43304.9 96.0628 
477360 0.0301585 -0.00464753 -42608.7 96.2235 
478176 0.0216179 0.00661297 -43354.9 96.384 
478992 0.0121987 0.00193092 -42709.1 96.5498 
479808 0.0299904 0.0237502 -42821.3 96.7127 
480624 0.027682 -0.00861717 -41836.9 96.8767 
481440 0.0253252 -0.00181818 -41349.8 97.0394 
482256 0.0740738 -0.0500974 -41872.3 97.2016 
483072 0.0384184 -0.0209894 -42627.7 97.3623 
483888 0.0429031 -0.0418358 -42704.9 97.5253 
484704 0.0243102 -0.0184266 -41966.5 97.6917 
485520 0.0454113 -0.0453632 -42444 97.857 
486336 0.0314472 0.0111775 -42335.8 98.0228 
487152 0.0570664 0.00680814 -42567 98.1868 
487968 0.0549297 -0.0225147 -42666.2 98.3532 
488784 0.0420791 0.00357519 -43054.3 98.5189 
489600 0.0494983 -0.0341156 -43326.6 98.6807 
490416 0.0691717 -0.0348098 -42405.4 98.8482 
491232 0.0633919 -0.00990748 -43233.4 99.0158 
492048 0.0713425 -0.00743834 -42535.2 99.181 
492864 0.0855102 -0.0148788 -42658.5 99.3488 
493680 0.103584 0.0729602 -42727.6 99.5176 
494496 0.0840459 0.0458748 -42661.5 99.6803 
495312 0.0589065 0.0538491 -43239.1 99.8439 
496128 0.0391478 0.0333162 -43795.4 100.009 
496944 0.0590777 0.0563115 -43543.9 100.174 
497760 0.0976872 0.0879737 -42867.5 100.336 
498576 0.0392078 0.036542 -42594.6 100.496 
499392 0.0428458 0.00765513 -42787.1 100.656 
500208 0.0736882 0.0210833 -43294.1 100.818 
501024 0.0650615 0.0301169 -43434.3 100.979 
501840 0.0726923 0.0322567 -44361.6 101.141 
502656 0.0760355 0.0148282 -43086.3 101.302 
503472 0.0765793 0.0176037 -41965.2 101.462 
504288 0.0744524 0.016075 -42668.9 101.623 
505104 0.0773682 0.0267723 -42244.6 101.788 
505920 0.0628988 0.0307624 -42716.1 101.95 
506736 0.0566447 0.0382912 -42412 102.113 
507552 0.0344204 0.0316843 -41910.9 102.274 
508368 0.0703813 0.0606704 -41838.6 102.437 
509184 0.0750889 0.0648474 -41686.4 102.6 
510000 0.0391705 0.0249366 -42866.9 102.763 
510816 0.0677125 0.0543845 -43961.3 102.93 
511632 0.0729148 0.0605023 -43317.6 103.098 
512448 0.0526714 0.0371965 -43096.5 103.265 
513264 0.0396104 0.00681827 -42310.7 103.427 
514080 0.0400775 0.0242677 -42464.8 103.597 
514896 0.0507132 0.0169295 -42086.1 103.766 
515712 0.0621336 0.0463426 -42802.7 103.93 
516528 0.0606202 0.0411079 -43360.9 104.097 
517344 0.0502213 0.0257492 -43528.5 104.261 
518160 0.0420894 -0.0215414 -43497.3 104.428 
518976 0.0748586 -0.0570675 -43842.6 104.594 
519792 0.0755356 -0.0554959 -43552.1 104.761 
520608 0.0649958 -0.0342348 -43294.1 104.929 
521424 0.0773852 -0.0260895 -43174.5 105.091 
522240 0.0313467 -0.0186097 -43638.7 105.258 
523056 0.0354582 -0.00952293 -43708.2 105.421 
523872 0.0526805 0.000453115 -43603.2 105.588 
524688 0.0506622 -5.09757e-05 -42858.3 105.752 
525504 0.0572564 -0.0281357 -42712.4 105.916 
526320 0.0527286 -0.0133442 -41752.9 106.079 
527136 0.0334461 -0.0278799 -42355.6 106.244 
527952 0.0194434 0.0186308 -42179.1 106.406 
528768 0.0332474 0.0283312 -42215.9 106.568 
529584 0.0576709 0.0481183 -42459.2 106.735 
530400 0.0134471 0.0125205 -41728.3 106.899 
531216 0.0253817 0.0167313 -42023 107.064 
532032 0.0270482 0.0244381 -41906 107.225 
532848 0.0303072 0.0279211 -41742.8 107.389 
533664 0.0338062 0.026284 -41900.2 107.552 
534480 0.0408029 0.0190954 -42436.6 107.719 
535296 0.0398004 0.025928 -42165.7 107.885 
536112 0.046611 0.0164829 -42476 108.045 
536928 0.0188156 -0.0143002 -41134.9 108.213 
537744 0.0144998 -0.0132871 -41868.9 108.376 
538560 0.0323099 -0.0214428 -42232.3 108.536 
539376 0.0153088 -0.00513248 -42447.8 108.696 
540192 0.0447772 -0.0308195 -42940 108.861 
541008 0.0430162 -0.0289975 -43408.4 109.027 
541824 0.0305963 -0.0116063 -43293.8 109.191 
542640 0.0278826 -0.00426636 -44509.1 109.356 
543456 0.0256541 0.00426445 -44037.3 109.523 
544272 0.0265458 0.0185503 -43561.5 109.687 
545088 0.065908 0.0555117 -42557.6 109.846 
545904 0.0715685 0.0559802 -42654.5 110.006 
546720 0.0493048 0.013879 -42752.8 110.168 
547536 0.0525428 -0.0249174 -43443.9 110.327 
548352 0.0519198 -0.00419291 -42901.3 110.489 
549168 0.0321441 0.00165484 -43234.3 110.645 
549984 0.0464332 -0.0339044 -42688 110.807 
550800 0.0201009 0.000368458 -42907.2 110.964 
551616 0.0348276 -0.0240877 -42903.8 111.124 
552432 0.0432103 -0.0340143 -42865.3 111.286 
553248 0.0568557 -0.0454777 -42177.1 111.44 
554064 0.0316755 -0.0128498 -42813.6 111.593 
554880 0.062002 -0.0172143 -42944.1 111.743 
555696 0.0583579 -0.0324388 -43002.6 111.902 
556512 0.084752 -0.0318195 -43241.8 112.057 
557328 0.0536703 -0.0294128 -44002.8 112.213 
558144 0.0260206 0.012114 -43270 112.371 
558960 0.0121524 0.0117316 -42408 112.53 
559776 0.0317343 0.0235428 -42013.1 112.688 
560592 0.0243907 0.0140296 -41917 112.853 
561408 0.013724 -0.00417158 -42087 113.019 
562224 0.0315559 0.0292233 -42401.4 113.186 
563040 0.0212232 -0.00619035 -43527.2 113.35 
563856 0.0211281 0.00247084 -43296.5 113.515 
564672 0.0526547 0.00155935 -43031.2 113.679 
565488 0.0810472 -0.0159326 -43434.7 113.845 
566304 0.0641835 0.0119087 -43173.4 114.006 
567120 0.0889853 -0.0744745 -43101.4 114.166 
567936 0.0658593 0.0159304 -42641 114.328 
568752 0.0247436 0.0106484 -41845.7 114.493 
569568 0.0631479 0.0373649 -42163.5 114.655 
570384 0.0245895 0.0147119 -41404.1 114.815 
571200 0.0359164 0.00935232 -41686.4 114.98 
572016 0.0248736 0.0197729 -42589.9 115.145 
572832 0.0175825 -0.00123271 -43469.2 115.316 
573648 0.0145801 0.00441133 -43259.3 115.483 
574464 0.0266067 0.0251125 -43021.5 115.645 
575280 0.0276347 -0.0179275 -42377.1 115.808 
576096 0.0261223 -0.012144 -41774.2 115.975 
576912 0.0430296 -0.0345139 -42334.6 116.137 
577728 0.0431708 -0.0241544 -42408.3 116.298 
578544 0.0364503 0.0268304 -42852.8 116.46 
579360 0.0467818 0.0204529 -42976.6 116.622 
580176 0.0464238 -0.0320323 -42540.9 116.782 
580992 0.0399372 -0.0328718 -42222.4 116.942 
581808 0.0179533 -0.0107571 -41970.1 117.104 
582624 0.0159089 -0.00846444 -42537.7 117.263 
583440 0.0367704 0.0211018 -42967.3 117.424 
584256 0.0644102 0.049576 -43809.6 117.588 
585072 0.0230265 -0.0137657 -43296.2 117.754 
585888 0.024643 -0.0198615 -43038.5 117.916 
586704 0.0363081 0.018545 -43089 118.082 
587520 0.0200015 0.0057021 -43286.3 118.252 
588336 0.0243917 -0.0196634 -43800.8 118.421 
589152 0.0216808 -0.0208544 -43558.5 118.592 
589968 0.00515369 0.000346461 -43191.6 118.758 
590784 0.0333062 0.0101506 -43464.9 118.926 
591600 0.0606326 0.0275421 -44835.6 119.095 
592416 0.034466 0.00748922 -44661.1 119.262 
593232 0.0217239 0.0101287 -44104.9 119.427 
594048 0.0444611 -0.0383194 -43202.8 119.595 
594864 0.0642533 -0.052489 -44621.5 119.762 
595680 0.0503778 -0.0359272 -45044.1 119.927 
596496 0.0461385 -0.0110536 -44307.3 120.091 
597312 0.0467004 -0.0348592 -42969.8 120.256 
598128 0.0243897 -0.0167558 -41438.2 120.421 
598944 0.017612 -0.00678111 -42627.9 120.587 
599760 0.0248974 -0.0162306 -42144.6 120.752 
600576 0.0569861 -0.0254476 -43135.4 120.919 
601392 0.0503895 0.00180793 -43139.9 121.08 
602208 0.0235144 -0.0121026 -43419.5 121.24 
603024 0.0183739 0.0113559 -43365.3 121.4 
603840 0.0574957 0.052362 -43933.6 121.561 
604656 0.0480684 0.0444671 -44131.9 121.722 
605472 0.0429183 0.0370605 -43907.4 121.878 
606288 0.0517845 0.0205089 -43879.2 122.031 
607104 0.0273688 0.00505308 -43901.3 122.192 
607920 0.0376679 0.00226115 -44113.7 122.354 
608736 0.0310562 -0.0298411 -44974 122.514 
609552 0.0422603 -0.0314608 -45103.9 122.676 
610368 0.0367854 -0.0279881 -45348.9 122.835 
611184 0.0349368 -0.0337201 -45287.5 123.001 
612000 0.0105169 0.00190241 -44847.3 123.169 
612816 0.0240192 0.0203872 -44301.7 123.336 
613632 0.0121401 -0.00855617 -44009.8 123.499 
614448 0.0204479 -0.0123169 -43909.7 123.661 
615264 0.0403908 -0.0101287 -44153 123.827 
616080 0.034826 -0.000903667 -44457.4 123.995 
616896 0.0413096 0.0098531 -44663.3 124.16 
617712 0.0381806 -0.00138112 -44766.4 124.328 
618528 0.0488588 -0.0238334 -43244 124.49 
619344 0.0370245 -0.013059 -43026.4 124.649 
620160 0.0320464 0.0302243 -43395.5 124.808 
620976 0.0454141 0.0399584 -42154.2 124.969 
621792 0.0501304 0.0463424 -42473.7 125.129 
622608 0.0674579 0.0448836 -43394.8 125.296 
623424 0.045121 0.0313943 -42875.7 125.465 
624240 0.0400772 0.0197357 -43132.4 125.628 
625056 0.0608874 -0.0440826 -43911.9 125.792 
625872 0.0369965 -0.0108211 -42846 125.955 
626688 0.0539191 -0.0401767 -42750.1 126.117 
627504 0.0691484 -0.0466198 -42242.8 126.281 
628320 0.0447279 -0.015503 -43296.4 126.444 
629136 0.0649547 -0.0252547 -42502.2 126.606 
629952 0.0401234 -0.0104202 -43346.4 126.765 
630768 0.0399477 -0.0101345 -43451 126.925 
631584 0.0500969 -0.0114005 -43247.4 127.086 
632400 0.0795858 0.0196832 -43228.5 127.247 
633216 0.0666819 -0.0363432 -43017.9 127.407 
634032 0.0670647 -0.0286173 -42776.6 127.565 
634848 0.0451262 -0.0158757 -43046.3 127.719 
635664 0.0588004 -0.0402158 -42783 127.874 
636480 0.0606955 -0.0552132 -43471.4 128.035 
637296 0.040501 -0.0348117 -43113.2 128.194 
638112 0.0660653 -0.0629384 -42963.4 128.349 
638928 0.0607212 -0.0594555 -43655 128.508 
639744 0.0838458 -0.0811291 -43309.3 128.676 
640560 0.0383704 -0.0155668 -42663.7 128.845 
641376 0.0596146 -0.0486623 -42425.3 129.01 
642192 0.032315 -0.0190656 -43208.7 129.177 
643008 0.0316061 -0.00851768 -43921.2 129.345 
643824 0.0626282 0.0198238 -43842.7 129.515 
644640 0.0585539 0.0121578 -43514 129.684 
645456 0.0491733 -0.0377169 -42481.4 129.853 
646272 0.0421259 -0.0301591 -42174.3 130.023 
647088 0.0171405 -0.0164397 -42026.4 130.189 
647904 0.0260552 0.0161212 -42031.8 130.358 
648720 0.0482688 0.0463506 -41903.8 130.524 
649536 0.0467623 -0.00602463 -42827.1 130.69 
650352 0.0479932 -0.0425383 -43156.2 130.852 
651168 0.0621388 -0.0342466 -43006.8 131.011 
651984 0.0519083 -0.00492884 -43008.4 131.178 
652800 0.0370146 -0.0340814 -42680.4 131.348 
653616 0.0269305 -0.0214424 -41901.3 131.512 
654432 0.0192466 -0.00812126 -41639.5 131.676 
655248 0.0248774 -0.0190226 -41851.5 131.843 
656064 0.0264328 -0.0106091 -41463.4 132.008 
656880 0.0559742 -0.00271336 -41906.8 132.172 
657696 0.0458635 -0.00864543 -42171.1 132.338 
658512 0.0459432 -0.00682488 -41990.9 132.503 
659328 0.0593214 -0.0153427 -41900.5 132.669 
660144 0.0559666 0.0330971 -41670.9 132.835 
660960 0.0555912 -0.0480216 -41449.4 133.002 
661776 0.0728507 -0.0249759 -42274.2 133.168 
662592 0.0542864 -0.0201172 -42015.7 133.334 
663408 0.0643653 0.0113455 -42671.6 133.502 
664224 0.0726389 -0.0319088 -42320.3 133.67 
665040 0.0901327 -0.0448344 -42675.9 133.839 
665856 0.0707094 -0.0392467 -42450.3 134.008 
666672 0.0672037 -0.00904142 -41702.3 134.173 
667488 0.0219593 0.00569548 -41983.6 134.341 
668304 0.0379194 -0.0150022 -42430.2 134.511 
669120 0.0441921 -0.0270489 -41793.7 134.683 
669936 0.00455673 0.000851646 -41603.7 134.849 
670752 0.0310103 0.0303284 -41805.6 135.017 
671568 0.0412586 0.0303069 -42229.7 135.184 
672384 0.0667553 0.0469868 -42580.8 135.346 
673200 0.0669862 0.0330765 -42885.1 135.509 
674016 0.079518 0.0416878 -43688.1 135.671 
674832 0.063729 0.00457151 -43543 135.835 
675648 0.0496492 -0.00249211 -44478.6 136 
676464 0.0214977 -0.00996015 -44352.4 136.165 
677280 0.0229119 -0.0177897 -43531.5 136.329 
678096 0.0204793 -0.00434495 -43467.2 136.494 
678912 0.0300033 -0.0176831 -42579.1 136.661 
679728 0.0311732 0.0275277 -42266.7 136.824 
680544 0.0236262 0.0130358 -42518.1 136.989 
681360 0.0465057 0.0360864 -43567 137.157 
682176 0.0567313 0.0188298 -44333.1 137.32 
682992 0.0394766 -0.0150968 -44043.2 137.482 
683808 0.0721463 -0.00592859 -44424.6 137.646 
684624 0.0737362 0.0356188 -44402.2 137.809 
685440 0.0555438 0.0236857 -44328.6 137.973 
686256 0.064662 0.0343538 -44054.3 138.14 
687072 0.0528778 0.0366218 -43325.3 138.307 
687888 0.0503305 0.0487409 -43647.9 138.471 
688704 0.0316873 0.0189992 -43293 138.64 
689520 0.0411245 0.0242434 -42717.9 138.809 
690336 0.0334806 0.0296736 -42589.8 138.975 
691152 0.0626266 0.0440933 -42825 139.144 
691968 0.0235613 0.014019 -42863.3 139.31 
692784 0.0460078 0.0181158 -42735.5 139.478 
693600 0.0273542 -0.000163618 -42902 139.643 
694416 0.04448 0.0116435 -44162.9 139.814 
695232 0.0755777 -0.0442628 -43496.9 139.983 
696048 0.102925 -0.086833 -44077.5 140.148 
696864 0.0965464 -0.0818146 -43320.7 140.316 
697680 0.0888157 -0.0180441 -42809.3 140.483 
698496 0.0692394 -0.0153298 -43109.7 140.648 
699312 0.0607598 -0.0364418 -42226.3 140.816 
700128 0.0427981 0.0244117 -42916.1 140.982 
700944 0.0453 0.0408905 -43181.2 141.149 
701760 0.054016 0.0381846 -43146.7 141.316 
702576 0.0830109 0.0441159 -43110.6 141.484 
703392 0.0594785 0.0152391 -43720.9 141.648 
704208 0.0766957 0.0621614 -44108.9 141.811 
705024 0.0652862 0.0459545 -44553.7 141.973 
705840 0.0466159 0.0101668 -44424 142.138 
706656 0.026426 0.0150398 -43307.8 142.307 
707472 0.047418 0.0372055 -43243.4 142.47 
708288 0.0598674 0.0589248 -42236.5 142.633 
709104 0.0834972 0.0710576 -42059.8 142.795 
709920 0.073791 0.0604904 -42796.8 142.955 
710736 0.0695986 0.0362158 -43411 143.123 
711552 0.080998 0.0629378 -43200.5 143.283 
712368 0.0625386 0.0497974 -43608.8 143.45 
713184 0.0447855 0.0275479 -43493.1 143.615 
714000 0.0628621 0.0481807 -43488.5 143.776 
714816 0.0285255 0.0141942 -42567.8 143.944 
715632 0.0141167 0.00364116 -44031.8 144.109 
716448 0.034484 0.0218866 -44891.2 144.275 
717264 0.0453847 0.0190052 -44455.3 144.443 
718080 0.0464861 0.0220426 -45007.3 144.609 
718896 0.06834 0.0267336 -44804.3 144.776 
719712 0.0835804 -0.00152337 -44484.2 144.944 
720528 0.0512645 0.00677239 -44541.9 145.11 
721344 0.0433586 -0.00334311 -44117.7 145.277 
722160 0.075181 0.0314051 -42949.6 145.441 
722976 0.058463 0.0198134 -43383.3 145.603 
723792 0.0439393 0.0243213 -42601.5 145.767 
724608 0.0221248 0.00198356 -42361.5 145.932 
725424 0.020183 0.0165526 -43385.2 146.095 
726240 0.0795661 0.0719094 -42429.7 146.263 
727056 0.0640892 0.0506002 -42298.7 146.425 
727872 0.0311083 0.0218768 -42540.7 146.593 
728688 0.0276869 0.00992654 -42171 146.756 
729504 0.0468419 -0.0197046 -43333.4 146.914 
730320 0.0341646 -0.0325072 -42422.3 147.078 
731136 0.00803257 0.00539995 -42243.3 147.241 
731952 0.0234209 -0.000604868 -42331.7 147.411 
732768 0.0464312 -0.00429283 -42118.5 147.577 
733584 0.0229931 -0.0110114 -41464.3 147.746 
734400 0.0280718 -0.0275361 -41611.6 147.91 
735216 0.0200775 0.0148178 -42036.8 148.076 
736032 0.0420283 0.0216444 -42976 148.241 
736848 0.0657706 0.0555275 -42776.9 148.404 
737664 0.0804046 0.0735806 -42889.3 148.571 
738480 0.0786667 0.0758282 -43499.4 148.738 
739296 0.0360015 0.0338435 -43365 148.903 
740112 0.0264109 -0.00427288 -43779.4 149.071 
740928 0.0300239 -0.0247069 -42505.4 149.24 
741744 0.0224787 0.00347823 -42596 149.407 
742560 0.0366737 0.036283 -42898.3 149.572 
743376 0.0364357 -0.000769401 -42604.1 149.738 
744192 0.0430789 0.0129201 -42254.4 149.906 
745008 0.0440767 0.0310303 -42451.2 150.072 
745824 0.0197695 0.00935122 -41855.1 150.236 
746640 0.0296422 0.0207259 -41757.9 150.4 
747456 0.050238 0.00651872 -41412 150.564 
748272 0.021617 0.00693813 -41738.8 150.729 
749088 0.0623393 0.0414588 -42230.3 150.893 
749904 0.0626825 0.025963 -43122 151.059 
750720 0.0459695 0.0258366 -42965.3 151.223 
751536 0.0533925 0.017506 -42501.1 151.389 
752352 0.0510537 0.0480744 -41978.4 151.551 
753168 0.0334584 -0.0038602 -41703.5 151.713 
753984 0.0559406 0.0487986 -42075.8 151.883 
754800 0.0750594 -0.017949 -42265.4 152.053 
755616 0.047801 -0.00994797 -42129.2 152.223 
756432 0.0585711 -0.00929588 -42545.9 152.389 
757248 0.0407227 -0.0303803 -42097.5 152.553 
758064 0.0564766 -0.0335282 -42333.7 152.722 
758880 0.0370383 -0.0153597 -41500.3 152.892 
759696 0.0384557 -0.0191709 -41832.9 153.059 
760512 0.0437566 0.0246936 -41823.7 153.227 
761328 0.0322711 0.0159336 -42136.8 153.391 
762144 0.0544244 0.0222022 -42355 153.559 
762960 0.037193 -0.0239531 -41865.9 153.725 
763776 0.0300502 -0.0112547 -40869.4 153.891 
764592 0.037626 0.00685296 -40610 154.057 
765408 0.0496942 -0.00948247 -41379.6 154.221 
766224 0.0421098 -0.00181233 -42387.9 154.383 
767040 0.0523883 -0.0110397 -42648.9 154.547 
767856 0.0349672 0.0100331 -43614.5 154.71 
768672 0.0354299 0.0197563 -42400.6 154.874 
769488 0.0177237 0.015663 -43056.5 155.039 
770304 0.0528263 0.0510781 -43029.8 155.201 
771120 0.0827105 0.0801495 -43708.6 155.365 
771936 0.0778302 0.0776845 -43742.2 155.529 
772752 0.0733342 0.0689804 -43996.5 155.694 
773568 0.0480214 0.0455536 -43534.2 155.855 
774384 0.0265449 0.0191136 -43123.2 156.02 
775200 0.03603 0.0347646 -42602.3 156.185 
776016 0.022554 0.00552144 -42878.6 156.349 
776832 0.0303587 0.0157757 -43762 156.517 
777648 0.0547657 0.0415843 -42932 156.683 
778464 0.0543158 0.0375082 -42797.1 156.85 
779280 0.0668036 0.0605596 -42324.9 157.02 
780096 0.0799058 0.074025 -42310.7 157.183 
780912 0.0639966 0.0619267 -42086 157.352 
781728 0.0222375 0.0197458 -42347 157.516 
782544 0.0545738 0.0380099 -41877.1 157.682 
783360 0.0606415 0.051055 -41711 157.851 
784176 0.047673 -0.0119583 -42106.8 158.018 
784992 0.0622616 0.0315108 -42007.6 158.184 
785808 0.0549236 0.0313968 -42122.4 158.349 
786624 0.048925 0.0235641 -42597.7 158.519 
787440 0.044529 -0.0112467 -42592.7 158.686 
788256 0.0318624 0.0121567 -42202.5 158.849 
789072 0.0249334 -0.012023 -41994.4 159.016 
789888 0.0224103 -0.00864858 -42359.6 159.183 
790704 0.0365437 -0.034262 -42885.9 159.347 
791520 0.00888481 -0.00641616 -42827.3 159.515 
792336 0.0354563 -0.00915207 -42887.5 159.681 
793152 0.0432833 -0.0356187 -42455.1 159.846 
793968 0.0331236 -0.0162795 -42436.8 160.011 
794784 0.0468604 0.036688 -43065.2 160.175 
795600 0.0366149 0.0349361 -43111.9 160.335 
796416 0.0451608 0.0425083 -42510.3 160.492 
797232 0.0375473 0.0363306 -42671.5 160.651 
798048 0.0120206 -0.00667949 -42358.1 160.808 
798864 0.0383588 0.0377257 -42679.8 160.97 
799680 0.0541444 0.0386111 -42211.7 161.138 
800496 0.0290703 0.00526605 -42064.3 161.301 
801312 0.056956 0.00475656 -42588.3 161.461 
802128 0.0606883 0.00714 -42560.5 161.621 
802944 0.0548048 -0.0200917 -42059.5 161.782 
803760 0.0644161 -0.0165811 -41807.1 161.942 
804576 0.0571869 -0.0410029 -41456.8 162.103 
805392 0.0508915 -0.0414064 -41634.6 162.268 
806208 0.0434615 -0.0315321 -43056.3 162.432 
807024 0.03663 0.0110729 -43549.3 162.598 
807840 0.041839 0.00733381 -44248.9 162.763 
808656 0.0196016 0.000749175 -44674.5 162.929 
809472 0.0518459 -0.00483807 -44062.6 163.09 
810288 0.0538482 0.0227564 -44369.3 163.25 
811104 0.0608795 -0.0126321 -43706.1 163.415 
811920 0.0419696 0.0159899 -43590.8 163.579 
812736 0.0396169 0.0264323 -44553.1 163.744 
813552 0.0334919 0.0246924 -44395.6 163.909 
814368 0.029385 -0.00566055 -44171.4 164.07 
815184 0.0101612 0.00754193 -43846.5 164.23 
