0 1 1 -98304 0 
10 1 -0.859481 -98304 0.0305789 
20 1 0.117239 -98304 0.0609734 
30 1 0.833963 -98304 0.0912566 
40 0.999517 -0.129264 -98251.7 0.125445 
50 0.999517 0.857967 -98251.7 0.155993 
60 0.999248 0.460555 -98219.6 0.189509 
70 0.999248 -0.341287 -98219.6 0.220851 
80 0.999256 -0.608758 -98220.4 0.25124 
90 0.999255 0.817808 -98220.4 0.281366 
100 0.999527 0.442384 -98247.9 0.315686 
110 0.999527 0.698774 -98247.9 0.343408 
120 0.998826 -0.0929361 -98175.6 0.376642 
130 0.998826 -0.546801 -98175.6 0.406941 
140 0.998809 -0.367622 -98173.5 0.43288 
150 0.998566 -0.110775 -98149.1 0.46354 
160 0.998646 0.251852 -98165.7 0.493155 
170 0.998553 0.0813994 -98156.9 0.527746 
180 0.998671 0.0522015 -98166.5 0.556751 
190 0.998672 0.652861 -98167.2 0.589974 
200 0.998608 -0.742438 -98153.9 0.623307 
210 0.998609 -0.61696 -98153.9 0.654845 
220 0.998607 0.879375 -98154.2 0.686356 
230 0.998707 0.495646 -98164.4 0.719664 
240 0.998714 -0.715772 -98164.8 0.751919 
250 0.998714 0.168807 -98164.9 0.777008 
260 0.998714 0.458506 -98164.9 0.806406 
270 0.998593 -0.176654 -98154.1 0.839695 
280 0.998593 -0.911369 -98154.1 0.86749 
290 0.998593 0.155338 -98154.1 0.899435 
300 0.998593 0.473648 -98154.1 0.928463 
310 0.998593 0.634392 -98154.1 0.95635 
320 0.998593 -0.983228 -98154.1 0.984119 
330 0.998593 -0.76782 -98154.1 1.01462 
340 0.998593 -0.114251 -98154.1 1.04504 
350 0.998595 0.484283 -98154.4 1.07597 
360 0.998412 0.0786997 -98136.3 1.10688 
370 0.998412 -0.0576906 -98136.3 1.13442 
380 0.998412 -0.773712 -98136.3 1.16544 
390 0.998412 -0.126565 -98136.3 1.19663 
400 0.998412 -0.431828 -98136.3 1.22424 
410 0.998412 -0.0248958 -98136.5 1.25531 
420 0.998412 -0.799311 -98136.5 1.28574 
430 0.998412 0.912436 -98136.5 1.31741 
440 0.998412 -0.784885 -98136.5 1.34875 
450 0.998398 0.907533 -98138.2 1.38339 
460 0.998457 -0.537365 -98144.9 1.41501 
470 0.998517 0.0591693 -98150.7 1.44496 
480 0.998478 0.759661 -98147.8 1.47948 
490 0.998282 0.621996 -98128.5 1.51312 
500 0.997898 0.695975 -98094.4 1.54814 
510 0.997997 -0.141357 -98106.2 1.58197 
520 0.997999 -0.564168 -98106.5 1.61371 
530 0.997999 0.693779 -98106.5 1.64421 
540 0.997989 -0.0652327 -98105.1 1.6751 
550 0.998092 0.751083 -98112.1 1.70636 
560 0.99809 -0.66691 -98111.8 1.7371 
570 0.998075 -0.245746 -98109.2 1.76961 
580 0.997924 0.275436 -98095.7 1.80716 
590 0.997924 0.688693 -98095.7 1.83827 
600 0.997767 0.0241884 -98084.6 1.86957 
610 0.997806 -0.00932343 -98088.5 1.90158 
620 0.997806 0.691416 -98088.5 1.93228 
630 0.997792 -0.841511 -98087.2 1.96469 
640 0.997912 -0.212842 -98095 2.00158 
650 0.997779 -0.872973 -98082.3 2.03642 
660 0.997751 -0.921138 -98078.9 2.06594 
670 0.997745 -0.0839709 -98078.4 2.09514 
680 0.997679 0.545403 -98071 2.12841 
690 0.997673 0.964345 -98070.7 2.16014 
700 0.997688 -0.718619 -98072 2.19002 
710 0.997699 0.196971 -98073.6 2.22185 
720 0.997699 0.753513 -98073.5 2.24956 
730 0.997826 0.061424 -98083.5 2.28068 
740 0.997826 -0.854995 -98083.5 2.31142 
750 0.997817 -0.82665 -98083 2.34521 
760 0.997797 -0.568239 -98078.1 2.37868 
770 0.99773 -0.0417486 -98073.9 2.41169 
780 0.997545 0.0632138 -98064.8 2.44325 
790 0.99762 -0.230327 -98071.2 2.47668 
800 0.99764 0.887038 -98072.5 2.50889 
810 0.99764 -0.446561 -98072.5 2.53972 
820 0.997522 0.830538 -98067 2.57498 
830 0.997347 -0.224807 -98054.5 2.6089 
840 0.997478 0.449088 -98064.1 2.64288 
850 0.997439 -0.353362 -98062.5 2.6758 
860 0.997439 0.657692 -98063 2.7068 
870 0.997433 0.185644 -98063 2.73666 
880 0.997433 -0.858049 -98063 2.76725 
890 0.997433 0.395748 -98063 2.79797 
900 0.997473 0.734709 -98065.7 2.8295 
910 0.997453 0.150913 -98059.8 2.86352 
920 0.997486 -0.320578 -98064.4 2.89253 
930 0.997449 0.357182 -98066.2 2.92411 
940 0.997454 -0.916445 -98065.5 2.95609 
950 0.997469 0.819241 -98066.8 2.98755 
960 0.997433 -0.874269 -98065.4 3.01736 
970 0.997433 0.0726823 -98065.4 3.04818 
980 0.99744 0.748963 -98066.4 3.08003 
990 0.997501 0.115523 -98069.7 3.10794 
1000 0.997507 -0.640499 -98070.3 3.13592 
1010 0.997507 -0.479107 -98070.3 3.16667 
1020 0.99764 -0.544391 -98078.4 3.19859 
1030 0.997629 0.508433 -98077.6 3.22958 
1040 0.997631 -0.414427 -98077.7 3.26093 
1050 0.997623 0.636392 -98068.8 3.2961 
1060 0.997539 0.964276 -98060.7 3.33048 
1070 0.997653 0.980289 -98070.1 3.36459 
1080 0.997664 -0.472357 -98069.8 3.39592 
1090 0.997614 0.187659 -98066.1 3.42696 
1100 0.997614 0.61287 -98066.1 3.45766 
1110 0.997614 -0.732528 -98066.2 3.48838 
1120 0.997691 0.0609697 -98074.5 3.52169 
1130 0.997682 -0.269667 -98073.6 3.55306 
1140 0.997628 0.237827 -98077.3 3.58664 
1150 0.997534 0.606423 -98070.3 3.6139 
1160 0.997453 0.640378 -98064.2 3.64594 
1170 0.997449 -0.715084 -98064.2 3.67596 
1180 0.9974 -0.514941 -98064.5 3.70534 
1190 0.997432 0.46211 -98058.1 3.73281 
1200 0.997571 0.497933 -98067.1 3.76519 
1210 0.997571 0.701586 -98067.1 3.79615 
1220 0.997588 -0.956391 -98067.9 3.82945 
1230 0.997628 0.34776 -98068.3 3.85906 
1240 0.997621 0.812649 -98067.6 3.88999 
1250 0.997623 0.257826 -98067.8 3.9235 
1260 0.99761 -0.388793 -98066.3 3.95664 
1270 0.997609 0.649907 -98066.3 3.98717 
1280 0.997679 -0.93183 -98071.3 4.01796 
1290 0.997745 0.0542827 -98073.8 4.05297 
1300 0.997745 -0.919228 -98073.7 4.08101 
1310 0.997678 0.560011 -98071 4.1139 
1320 0.997665 0.27618 -98069.2 4.14686 
1330 0.997666 0.456994 -98069.2 4.17835 
1340 0.997665 0.314461 -98069.2 4.2066 
1350 0.997528 -0.933657 -98054.7 4.2398 
1360 0.997531 0.994958 -98055.7 4.27467 
1370 0.997541 0.753764 -98056.5 4.30776 
1380 0.997541 -0.778724 -98056.5 4.3327 
1390 0.997517 -0.764504 -98057.1 4.36679 
1400 0.997517 0.061513 -98057.1 4.39169 
1410 0.997468 -0.0929703 -98053.8 4.42422 
1420 0.997514 -0.639355 -98056 4.45529 
1430 0.997507 0.943172 -98055.5 4.48611 
1440 0.99763 -0.0931888 -98067.2 4.51791 
1450 0.997595 -0.911651 -98065.5 4.55122 
1460 0.997595 0.713789 -98065.5 4.58259 
1470 0.997601 -0.326012 -98066.1 4.61396 
1480 0.997601 -0.257685 -98066.1 4.6389 
1490 0.997437 -0.94528 -98056 4.67441 
1500 0.997487 -0.136204 -98062 4.70076 
1510 0.997453 0.851702 -98058.8 4.72928 
1520 0.997452 -0.728778 -98058.8 4.76015 
1530 0.997452 -0.254973 -98058.8 4.7921 
1540 0.997451 -0.215874 -98058.8 4.82363 
1550 0.997511 -0.573442 -98063.6 4.85645 
1560 0.997515 -0.582784 -98063.5 4.88775 
1570 0.99753 0.0702852 -98064.9 4.91682 
1580 0.997537 0.996635 -98066.2 4.94915 
1590 0.997537 -0.538755 -98066.2 4.97964 
1600 0.997537 -0.780646 -98066.2 5.01067 
1610 0.997546 0.440933 -98066.9 5.04171 
1620 0.997614 0.38405 -98067.2 5.07087 
1630 0.997595 0.78047 -98065.4 5.10321 
1640 0.9976 -0.185143 -98063.7 5.13661 
1650 0.997671 0.745961 -98067.8 5.17015 
1660 0.997694 -0.166305 -98070.3 5.19915 
1670 0.997694 -0.164163 -98070.3 5.22965 
1680 0.997683 -0.485915 -98069.4 5.26101 
1690 0.997547 -0.454078 -98059.2 5.2944 
1700 0.997544 0.898836 -98059 5.32559 
1710 0.997576 -0.470737 -98063.6 5.3589 
1720 0.997558 -0.5131 -98060.5 5.39068 
1730 0.997673 -0.350311 -98070.6 5.4247 
1740 0.997673 0.315249 -98070.7 5.45519 
1750 0.997695 0.134368 -98074.2 5.48673 
1760 0.997731 0.806348 -98081.8 5.52212 
1770 0.997711 -0.165573 -98078.8 5.55511 
1780 0.997711 0.0635194 -98078.8 5.58642 
1790 0.997712 -0.342732 -98078 5.61833 
1800 0.997728 -0.037048 -98079.5 5.64958 
1810 0.997717 0.546077 -98079.4 5.68147 
1820 0.99762 -0.190189 -98072.1 5.71464 
1830 0.997621 -0.134411 -98069.2 5.74887 
1840 0.997621 -0.529457 -98069.1 5.7804 
1850 0.997621 -0.25323 -98069.2 5.81096 
1860 0.99762 0.995621 -98068.7 5.84508 
1870 0.997621 -0.833018 -98068.8 5.87759 
1880 0.997485 0.914512 -98061.4 5.9127 
1890 0.997475 -0.361089 -98059.8 5.94411 
1900 0.997482 -0.728522 -98064.5 5.9792 
1910 0.997486 -0.517335 -98064.9 6.01048 
1920 0.997486 -0.012407 -98064.8 6.04129 
1930 0.997486 -0.609823 -98064.8 6.06896 
1940 0.997499 -0.88824 -98065.5 6.09727 
1950 0.997486 -0.641603 -98069.2 6.13028 
1960 0.997486 -0.637028 -98069.2 6.16122 
1970 0.997528 -0.384542 -98069 6.19261 
1980 0.997553 0.874847 -98065.3 6.22715 
1990 0.997547 -0.970611 -98064.8 6.25838 
2000 0.997489 0.795989 -98063.2 6.29332 
2010 0.997491 0.878773 -98061.8 6.32022 
2020 0.997525 0.226106 -98061.2 6.35379 
2030 0.997525 0.795038 -98061.1 6.38475 
2040 0.997524 0.036651 -98061.1 6.41558 
2050 0.99754 -0.0429605 -98062.8 6.44012 
2060 0.997511 0.811788 -98059.9 6.47199 
2070 0.997544 -0.459083 -98061.8 6.50894 
2080 0.997544 -0.295235 -98061.8 6.53671 
2090 0.997493 0.973099 -98061 6.57022 
2100 0.997547 -0.873137 -98065.6 6.6054 
2110 0.997545 0.958714 -98065.1 6.63816 
2120 0.997545 0.984412 -98065.1 6.66913 
2130 0.997524 -0.577878 -98064.9 6.7012 
2140 0.997527 -0.400478 -98063.1 6.73297 
2150 0.99754 -0.950767 -98064.4 6.76436 
2160 0.99754 -0.875794 -98064.4 6.79214 
2170 0.997533 -0.559279 -98063.6 6.82198 
2180 0.997533 -0.13626 -98063.6 6.84679 
2190 0.997524 0.643941 -98062.9 6.87494 
2200 0.997524 0.459366 -98062.9 6.90268 
2210 0.99754 -0.146066 -98064.9 6.93624 
2220 0.997546 -0.916076 -98065.6 6.96436 
2230 0.997546 0.64668 -98065.6 6.99517 
2240 0.997552 0.18253 -98066 7.02627 
2250 0.997519 0.117835 -98063.6 7.05863 
2260 0.997484 0.53438 -98060.5 7.08792 
2270 0.997467 0.0220844 -98059.3 7.11975 
2280 0.997467 0.774718 -98059.4 7.14759 
2290 0.997473 -0.473309 -98059.8 7.17314 
2300 0.997517 0.251279 -98061.5 7.20342 
2310 0.997499 -0.0992014 -98059.6 7.23672 
2320 0.997448 0.2942 -98058 7.26665 
2330 0.99754 -0.654389 -98067.8 7.29995 
2340 0.997543 -0.217482 -98068 7.33175 
2350 0.997535 0.10174 -98068.8 7.36546 
2360 0.997565 0.57621 -98072.2 7.39484 
2370 0.997565 -0.167695 -98072.2 7.42307 
2380 0.997578 -0.116026 -98073.6 7.45171 
2390 0.997578 -0.624673 -98073.6 7.48227 
2400 0.997578 0.0402483 -98073.6 7.51007 
2410 0.997578 0.500013 -98073.6 7.54105 
2420 0.997559 -0.750461 -98073.9 7.5745 
2430 0.99756 0.0122907 -98073.9 7.60273 
2440 0.997569 0.881145 -98074.7 7.63085 
2450 0.997639 0.908472 -98078.2 7.65826 
2460 0.997639 0.470463 -98078.3 7.68884 
2470 0.997645 0.0291239 -98074.9 7.72163 
2480 0.997631 0.594137 -98075 7.74649 
2490 0.997677 0.734934 -98079.8 7.78127 
2500 0.997559 -0.580859 -98069.9 7.81918 
2510 0.997559 0.226604 -98069.9 7.84986 
2520 0.99756 -0.188322 -98070 7.88046 
2530 0.99756 0.200106 -98070 7.90895 
2540 0.997497 0.443538 -98067.8 7.94269 
2550 0.997427 0.151511 -98066.9 7.97329 
2560 0.997411 0.724228 -98066 8.00609 
2570 0.997399 0.308399 -98065 8.03702 
2580 0.997378 0.592062 -98065.9 8.07015 
2590 0.997378 -0.718648 -98065.9 8.10075 
2600 0.997476 0.669935 -98066.5 8.13406 
2610 0.99747 -0.178831 -98066.1 8.16273 
2620 0.997385 -0.870431 -98059.9 8.19848 
2630 0.997432 -0.0786318 -98064.1 8.23046 
2640 0.997455 0.0244442 -98063.2 8.26138 
2650 0.997455 -0.705227 -98063.2 8.28919 
2660 0.997454 0.848391 -98063.2 8.31822 
2670 0.997454 -0.783165 -98063.2 8.34897 
2680 0.997432 0.465695 -98060.7 8.38064 
2690 0.997442 0.286994 -98063.8 8.41217 
2700 0.997472 -0.441471 -98066.5 8.44328 
2710 0.997441 -0.859177 -98067.1 8.47365 
2720 0.997528 0.588121 -98067.7 8.50576 
2730 0.997506 -0.665155 -98067.6 8.54071 
2740 0.997482 -0.667745 -98065.5 8.57297 
2750 0.997526 0.130899 -98068.8 8.60703 
2760 0.997544 -0.576916 -98070.8 8.63551 
2770 0.997544 0.258724 -98070.7 8.66318 
2780 0.997546 0.00534402 -98070.8 8.69381 
2790 0.99755 0.05085 -98080.1 8.72112 
2800 0.997509 -0.314929 -98072.8 8.7534 
2810 0.997454 0.782982 -98068.5 8.78581 
2820 0.997499 -0.555269 -98065.7 8.81987 
2830 0.997533 -0.733445 -98069.7 8.85219 
2840 0.99751 0.118188 -98058.9 8.88949 
2850 0.997512 -0.319925 -98063.9 8.92242 
2860 0.997564 -0.845608 -98070 8.95724 
2870 0.997545 0.0572563 -98067.9 8.98862 
2880 0.997589 0.779223 -98067.8 9.01353 
2890 0.997566 0.701434 -98066.3 9.04526 
2900 0.99746 -0.875426 -98060.8 9.07642 
2910 0.997477 0.757249 -98064.5 9.10655 
2920 0.99748 0.955289 -98064.8 9.13736 
2930 0.997418 -0.729371 -98073.7 9.17141 
2940 0.997393 0.101509 -98070.5 9.20336 
2950 0.997393 -0.171164 -98070.4 9.23421 
2960 0.997375 0.181333 -98070.4 9.26313 
2970 0.997381 0.45784 -98071 9.29417 
2980 0.997355 -0.324591 -98068.5 9.32502 
2990 0.997348 -0.816826 -98067.7 9.35359 
3000 0.9973 0.307361 -98064.9 9.38387 
3010 0.997385 -0.137747 -98064.5 9.41603 
3020 0.997449 -0.394998 -98064.2 9.45103 
3030 0.997466 0.0631752 -98063 9.48374 
3040 0.997432 -0.601063 -98062 9.51556 
3050 0.997445 -0.0612844 -98062.9 9.54684 
3060 0.997402 0.766885 -98063.8 9.58295 
3070 0.997402 -0.692339 -98063.8 9.61371 
3080 0.997433 -0.596192 -98067.5 9.64618 
3090 0.997433 -0.802575 -98067.6 9.6768 
3100 0.997433 -0.637045 -98067.6 9.70746 
3110 0.997436 0.228868 -98067 9.73733 
3120 0.997416 -0.472339 -98064 9.77182 
3130 0.997407 -0.692553 -98063.9 9.80435 
3140 0.997387 0.833565 -98062.5 9.83924 
3150 0.99742 0.86439 -98064.3 9.87201 
3160 0.99742 0.469986 -98064.3 9.90146 
3170 0.997438 -0.44885 -98063.9 9.93476 
3180 0.997435 -0.0266043 -98064 9.96051 
3190 0.997435 -0.730287 -98063.9 9.99123 
3200 0.997441 0.261047 -98064.2 10.0227 
3210 0.997439 -0.274001 -98064 10.0533 
3220 0.997439 0.874246 -98064 10.0839 
3230 0.997448 -0.182623 -98064.6 10.1153 
3240 0.997448 -0.183185 -98066 10.1486 
3250 0.997448 -0.703037 -98066 10.1775 
3260 0.997459 0.520778 -98066.9 10.2059 
3270 0.997526 -0.897153 -98066.3 10.2348 
3280 0.997504 -0.768341 -98064.7 10.2666 
3290 0.997504 -0.905823 -98064.7 10.2986 
3300 0.997504 0.748986 -98064.7 10.3297 
3310 0.997504 -0.506428 -98062.7 10.3624 
3320 0.997505 0.609706 -98062.8 10.3932 
3330 0.997537 0.194813 -98065.3 10.424 
3340 0.997538 -0.614693 -98069.3 10.4557 
3350 0.997622 0.302182 -98074.7 10.4884 
3360 0.997622 -0.318588 -98074.7 10.519 
3370 0.997622 0.142907 -98074.7 10.5498 
3380 0.997616 0.543615 -98073.8 10.5801 
3390 0.997563 0.590183 -98069.9 10.6127 
3400 0.997667 0.231869 -98076.9 10.6474 
3410 0.997667 -0.269316 -98076.9 10.6783 
3420 0.997667 -0.842811 -98076.9 10.7089 
3430 0.997666 0.402052 -98076.5 10.7375 
3440 0.997662 -0.598194 -98076.8 10.7702 
3450 0.997655 0.79212 -98076.2 10.8012 
3460 0.997655 -0.755826 -98076.2 10.8324 
3470 0.99754 -0.935412 -98069.7 10.8677 
3480 0.99754 -0.856155 -98069.7 10.8954 
3490 0.997544 0.84888 -98070.2 10.9264 
3500 0.997571 0.941946 -98073.4 10.9565 
3510 0.997664 -0.279245 -98079.1 10.9897 
3520 0.997676 -0.843604 -98082.2 11.0228 
3530 0.997676 0.945414 -98082.2 11.0537 
3540 0.997659 0.30928 -98080.6 11.0862 
3550 0.997575 -0.146197 -98074.3 11.1162 
3560 0.997514 0.0499145 -98070.5 11.1453 
3570 0.997507 0.454256 -98069.9 11.1765 
3580 0.997509 -0.138102 -98070 11.2076 
3590 0.997509 0.700433 -98070 11.239 
3600 0.997411 -0.348725 -98065.3 11.2719 
3610 0.997411 0.757026 -98065.3 11.2996 
3620 0.997407 -0.629131 -98065.7 11.3336 
3630 0.997474 0.808602 -98070 11.3672 
3640 0.997605 -0.352458 -98079.6 11.3969 
3650 0.997605 0.645521 -98079.6 11.4276 
3660 0.997514 0.0856075 -98065.5 11.4574 
3670 0.997488 0.669377 -98062.9 11.4895 
3680 0.997518 -0.896588 -98063.3 11.5228 
3690 0.997546 0.671063 -98066.4 11.5518 
3700 0.997474 -0.0619702 -98060.1 11.5857 
3710 0.997606 -0.389346 -98066.4 11.6174 
3720 0.997599 0.575489 -98065.5 11.6498 
3730 0.9976 -0.583051 -98065.7 11.6829 
3740 0.9976 0.670965 -98065.7 11.7134 
3750 0.9976 0.811688 -98065.7 11.744 
3760 0.997623 0.496116 -98061.5 11.7743 
3770 0.997623 0.997486 -98061.5 11.7993 
3780 0.997618 -0.898566 -98061.8 11.8329 
3790 0.997622 0.214877 -98063.8 11.8654 
3800 0.997618 -0.0695983 -98063.4 11.8961 
3810 0.997618 -0.274588 -98063.3 11.9286 
3820 0.997468 -0.870479 -98054 11.9635 
3830 0.997468 -0.87273 -98054 11.9941 
3840 0.99737 -0.703147 -98048.4 12.027 
3850 0.997429 -0.045727 -98053 12.0615 
3860 0.997497 -0.213751 -98058.7 12.0963 
3870 0.997528 0.955322 -98060.7 12.1286 
3880 0.997522 0.191184 -98060.2 12.1602 
3890 0.997531 0.89797 -98064.1 12.1934 
3900 0.997531 0.672969 -98064.1 12.2249 
3910 0.997569 0.648764 -98062.2 12.2577 
3920 0.997517 0.778363 -98058.2 12.2908 
3930 0.997452 0.569269 -98056.6 12.3265 
3940 0.997441 -0.9646 -98056 12.3576 
3950 0.99744 -0.544863 -98056.1 12.3823 
3960 0.997447 0.899342 -98056.7 12.4102 
3970 0.997564 0.159493 -98064 12.4432 
3980 0.997564 0.475057 -98063.9 12.4743 
3990 0.997564 -0.554315 -98063.8 12.5049 
4000 0.99758 -0.836952 -98065 12.538 
4010 0.997523 -0.0529027 -98058.4 12.572 
4020 0.997521 0.45881 -98058.1 12.5978 
4030 0.997567 0.441666 -98062.9 12.6301 
4040 0.997588 0.582205 -98067.3 12.6655 
4050 0.99759 0.168297 -98067.5 12.6932 
4060 0.997589 -0.0118709 -98067.4 12.7238 
4070 0.997576 -0.329044 -98067.6 12.7535 
4080 0.997545 0.596099 -98065.9 12.7823 
4090 0.997541 0.350554 -98065.6 12.8142 
4100 0.997685 -0.0466803 -98073.2 12.8458 
4110 0.997688 -0.209346 -98073.4 12.874 
4120 0.997475 -0.883424 -98063.3 12.9102 
4130 0.997493 -0.721663 -98065.7 12.9344 
4140 0.997552 -0.762599 -98074.4 12.9671 
4150 0.997519 0.227304 -98071.2 13 
4160 0.99752 0.40387 -98071.3 13.031 
4170 0.997519 -0.00180873 -98071.2 13.0616 
4180 0.997524 0.664086 -98071.5 13.0838 
4190 0.997497 -0.635741 -98065.2 13.1134 
4200 0.997502 0.128043 -98065.6 13.1461 
4210 0.997502 0.0917991 -98065.6 13.1738 
4220 0.997436 0.288322 -98067.2 13.2078 
4230 0.99737 0.54415 -98061.2 13.24 
4240 0.997308 -0.550035 -98059 13.2686 
4250 0.99729 -0.227126 -98057.4 13.2994 
4260 0.997342 -0.0280004 -98059.6 13.3324 
4270 0.997478 0.889877 -98065.9 13.3578 
4280 0.997524 0.700942 -98068.9 13.3919 
4290 0.997524 -0.729647 -98068.9 13.4228 
4300 0.997513 -0.5598 -98076.5 13.4572 
4310 0.997462 -0.916123 -98075.1 13.4901 
4320 0.997507 0.199893 -98071.9 13.5231 
4330 0.997507 0.341662 -98071.9 13.5537 
4340 0.997478 -0.619359 -98069.2 13.5859 
4350 0.997478 0.121948 -98069.2 13.6171 
4360 0.99744 -0.187847 -98067.9 13.6474 
4370 0.99738 0.180511 -98060 13.6776 
4380 0.99738 -0.960441 -98060 13.7082 
4390 0.997303 -0.49313 -98054 13.7446 
4400 0.997312 -0.43467 -98054.9 13.7697 
4410 0.997436 -0.847614 -98063.8 13.8046 
4420 0.997435 -0.875393 -98063.9 13.8364 
4430 0.997431 -0.614829 -98064.2 13.8703 
4440 0.997431 -0.0451312 -98064.2 13.9008 
4450 0.997446 0.892937 -98065.5 13.9322 
4460 0.997452 0.958752 -98066.9 13.9663 
4470 0.997452 0.127708 -98066.9 13.9941 
4480 0.997448 -0.556702 -98061.3 14.0256 
4490 0.997448 0.93251 -98061.3 14.0562 
4500 0.997471 0.234089 -98063.6 14.0764 
4510 0.997471 0.595517 -98063.6 14.1069 
4520 0.997447 0.792986 -98058 14.1368 
4530 0.997447 -0.349783 -98058 14.1645 
4540 0.997445 0.290365 -98057.8 14.1925 
4550 0.997444 -0.141006 -98059.2 14.224 
4560 0.997434 0.422166 -98058.3 14.2556 
4570 0.997427 -0.129272 -98057.1 14.2848 
4580 0.997449 0.695253 -98059.7 14.3163 
4590 0.997485 0.0445711 -98066.2 14.3556 
4600 0.997512 0.668113 -98068.7 14.3887 
4610 0.997455 -0.658318 -98065.8 14.418 
4620 0.99745 -0.0399821 -98065.5 14.4497 
4630 0.997504 0.108929 -98065.5 14.483 
4640 0.997429 0.976744 -98065.6 14.5157 
4650 0.997536 -0.82994 -98070 14.5455 
4660 0.99748 0.741781 -98067 14.5804 
4670 0.99743 0.44299 -98062.2 14.6152 
4680 0.9974 0.198803 -98060.2 14.6482 
4690 0.9974 -0.973045 -98060.2 14.6731 
4700 0.997421 -0.15382 -98061.7 14.7044 
4710 0.997554 -0.0151122 -98068.8 14.7358 
4720 0.997554 0.237775 -98068.8 14.7666 
4730 0.997627 0.326578 -98066.4 14.797 
4740 0.997626 -0.758883 -98066.3 14.8274 
4750 0.997597 0.742173 -98065.1 14.8574 
4760 0.997576 -0.315671 -98067.6 14.8904 
4770 0.997544 -0.224987 -98062.5 14.9177 
4780 0.997648 -0.491708 -98069.1 14.9476 
4790 0.997626 -0.608422 -98068.2 14.9756 
4800 0.997625 -0.455175 -98068 15.0086 
4810 0.997624 -0.81658 -98067.9 15.0393 
4820 0.997625 0.214406 -98068.6 15.0705 
4830 0.99772 0.878988 -98073.3 15.1006 
4840 0.997654 -0.293437 -98068.6 15.1302 
4850 0.997656 0.218819 -98068.8 15.1612 
4860 0.997569 -0.730616 -98054.6 15.1962 
4870 0.997569 -0.861439 -98054.6 15.2269 
4880 0.997559 0.716775 -98055.6 15.2565 
4890 0.997569 0.719229 -98056.1 15.289 
4900 0.997597 -0.502096 -98059 15.3218 
4910 0.997601 -0.342518 -98059.5 15.3529 
4920 0.997636 -0.927631 -98063.4 15.3868 
4930 0.997635 -0.825178 -98063.4 15.4119 
4940 0.997641 0.41749 -98063.7 15.4401 
4950 0.997641 -0.166134 -98063.7 15.471 
4960 0.997641 0.339256 -98063.7 15.5018 
4970 0.997648 0.886192 -98064.7 15.5343 
4980 0.997648 0.820413 -98064.7 15.565 
4990 0.997634 -0.88034 -98063.5 15.5966 
5000 0.997536 -0.143824 -98057.5 15.6295 
5010 0.997536 0.883786 -98057.5 15.6606 
5020 0.99754 -0.42147 -98057.7 15.6887 
5030 0.99744 0.110235 -98061.2 15.7225 
5040 0.997467 0.475987 -98062.9 15.7551 
5050 0.997427 -0.142117 -98062 15.7838 
5060 0.997427 0.695943 -98062 15.8146 
5070 0.997427 0.65659 -98062 15.8427 
5080 0.997503 0.0621301 -98062 15.8735 
5090 0.997422 0.483132 -98058.6 15.9078 
5100 0.99749 -0.778999 -98063.3 15.9411 
5110 0.997499 0.265752 -98063.4 15.9748 
5120 0.997541 -0.390701 -98065.6 16.009 
5130 0.997449 0.71498 -98061 16.0416 
5140 0.997449 -0.562428 -98061 16.0725 
5150 0.997449 0.690465 -98061 16.1005 
5160 0.997474 -0.307825 -98062 16.1311 
5170 0.997476 -0.228551 -98060.6 16.1625 
5180 0.997503 0.743327 -98065 16.1951 
5190 0.997454 0.321887 -98059.9 16.2287 
5200 0.997477 0.366309 -98066.6 16.2645 
5210 0.997499 -0.848087 -98064.7 16.2987 
5220 0.997517 -0.236582 -98064.4 16.3236 
5230 0.997517 -0.198 -98064.4 16.3542 
5240 0.997629 -0.840292 -98064.9 16.3859 
5250 0.997663 -0.27221 -98068.9 16.4187 
5260 0.997588 0.624632 -98062 16.449 
5270 0.997686 0.110328 -98065.2 16.4795 
5280 0.997697 0.205059 -98066.4 16.5109 
5290 0.997697 -0.661293 -98066.4 16.5419 
5300 0.997688 -0.682308 -98066.3 16.5739 
5310 0.997667 0.0788722 -98065.8 16.6061 
5320 0.997597 0.385905 -98067.2 16.6443 
5330 0.997529 -0.673803 -98061 16.6739 
5340 0.997529 -0.871435 -98061.1 16.7051 
5350 0.997644 0.853675 -98067 16.7366 
5360 0.997644 -0.968707 -98067 16.7647 
5370 0.997622 -0.889837 -98064.3 16.7933 
5380 0.997663 -0.308245 -98068.5 16.8252 
5390 0.997678 -0.516183 -98067.6 16.8566 
5400 0.997585 0.99191 -98062.2 16.8892 
5410 0.997627 0.666444 -98060.2 16.9243 
5420 0.997609 0.993943 -98058.3 16.956 
5430 0.997609 0.162856 -98058.3 16.9839 
5440 0.997609 0.752931 -98058.3 17.0118 
5450 0.997615 -0.689413 -98058.9 17.0449 
5460 0.997645 -0.556157 -98061 17.0783 
5470 0.99765 0.562488 -98061.4 17.11 
5480 0.997719 0.599203 -98069.6 17.1455 
5490 0.997764 0.0783332 -98077.5 17.1777 
5500 0.997686 0.165094 -98067 17.2147 
5510 0.997679 0.496307 -98066.3 17.2456 
5520 0.997749 -0.23786 -98073.9 17.2778 
5530 0.997735 -0.334009 -98075.4 17.3084 
5540 0.997767 0.141863 -98077.2 17.3388 
5550 0.997767 0.609265 -98077.2 17.3669 
5560 0.997692 0.335018 -98076.4 17.3934 
5570 0.997692 -0.864031 -98076.4 17.4242 
5580 0.997723 0.0645279 -98071.2 17.4584 
5590 0.997754 0.172195 -98077.1 17.4881 
5600 0.997738 0.21264 -98076 17.5182 
5610 0.997738 0.0761356 -98076 17.5489 
5620 0.997738 -0.463812 -98076 17.5773 
5630 0.997711 0.700798 -98075 17.61 
5640 0.997746 -0.976634 -98071.3 17.64 
5650 0.997746 0.505608 -98071.3 17.6706 
5660 0.997738 0.111583 -98065.2 17.7024 
5670 0.997756 0.158075 -98066.8 17.7265 
5680 0.997739 0.302424 -98065.1 17.7523 
5690 0.997712 0.404267 -98063.9 17.7785 
5700 0.997764 0.472473 -98071.9 17.8145 
5710 0.997763 -0.595778 -98071.7 17.8454 
5720 0.997763 0.20859 -98071.7 17.8704 
5730 0.997763 0.279759 -98071.7 17.9011 
5740 0.997788 -0.449763 -98075 17.936 
5750 0.997625 0.831471 -98066.2 17.9753 
5760 0.997618 -0.0739306 -98065.8 18.0038 
5770 0.99762 -0.988343 -98067.5 18.0334 
5780 0.997658 -0.443921 -98069.1 18.0668 
5790 0.997584 0.731883 -98065.1 18.0976 
5800 0.997563 -0.963846 -98063.2 18.1285 
5810 0.99755 -0.946548 -98065.7 18.1614 
5820 0.997559 -0.669362 -98066.4 18.1936 
5830 0.997559 0.479925 -98066.4 18.2213 
5840 0.997647 -0.728897 -98070.6 18.2542 
5850 0.997556 -0.928943 -98062.9 18.2818 
5860 0.997523 -0.663372 -98059.2 18.3104 
5870 0.997497 0.565711 -98065 18.3458 
5880 0.997561 -0.833621 -98069.7 18.3782 
5890 0.997506 0.380695 -98061.3 18.4111 
5900 0.997609 0.0244875 -98067.7 18.4411 
5910 0.997617 -0.230405 -98068.4 18.4731 
5920 0.997651 0.604316 -98071.5 18.5068 
5930 0.997639 0.45566 -98070 18.5384 
5940 0.997562 0.444683 -98066.2 18.5713 
5950 0.997422 -0.876693 -98059.5 18.6047 
5960 0.997422 -0.818127 -98059.5 18.6355 
5970 0.997447 -0.139156 -98062.4 18.6675 
5980 0.997482 0.16618 -98066.2 18.6948 
5990 0.997482 0.861324 -98066.2 18.7258 
6000 0.997453 0.187172 -98063.3 18.7585 
6010 0.9974 0.917769 -98060.2 18.7911 
6020 0.997421 -0.326379 -98061.3 18.8223 
6030 0.997421 -0.919199 -98061.3 18.8529 
6040 0.997503 -0.48923 -98066.9 18.8906 
6050 0.9975 0.783327 -98066.7 18.9215 
6060 0.99748 0.318061 -98065.5 18.9535 
6070 0.997609 -0.332773 -98073.8 18.9865 
6080 0.997609 -0.0793837 -98073.7 19.0181 
6090 0.997636 0.211886 -98075.1 19.0509 
6100 0.997636 0.65293 -98075.1 19.0816 
6110 0.997623 0.0398827 -98077.1 19.1145 
6120 0.997623 0.0640512 -98077.1 19.1465 
6130 0.997635 0.738599 -98073.9 19.1786 
6140 0.997772 0.746527 -98084.2 19.2128 
6150 0.997648 -0.829636 -98072.1 19.2458 
6160 0.997648 0.331716 -98072.1 19.2736 
6170 0.997639 0.467424 -98071.4 19.3047 
6180 0.997586 -0.217678 -98068.9 19.3379 
6190 0.997595 0.419889 -98073.7 19.3671 
6200 0.997507 -0.111605 -98063 19.3947 
6210 0.997478 -0.503238 -98051.2 19.4289 
6220 0.997475 -0.968906 -98050.8 19.4543 
6230 0.997475 -0.897998 -98050.8 19.4824 
6240 0.99745 -0.50615 -98047.1 19.5129 
6250 0.997534 0.0169358 -98057 19.5473 
6260 0.997531 0.793439 -98063.1 19.582 
6270 0.99754 -0.259722 -98064 19.6144 
6280 0.997618 0.0630822 -98072.6 19.649 
6290 0.997518 0.384452 -98055.1 19.6802 
6300 0.997576 -0.594126 -98062.8 19.7092 
6310 0.997575 0.340457 -98062.9 19.7384 
6320 0.997575 -0.36625 -98062.9 19.7694 
6330 0.997679 0.965328 -98072 19.8031 
6340 0.997679 0.710012 -98072 19.832 
6350 0.997672 -0.120816 -98071.9 19.8659 
6360 0.997674 0.214762 -98071.6 19.892 
6370 0.997674 0.378651 -98071.6 19.9226 
6380 0.99767 -0.40219 -98071.1 19.9552 
6390 0.997624 -0.379189 -98065.3 19.9907 
6400 0.997662 0.741911 -98076.8 20.0244 
6410 0.997662 0.9598 -98076.8 20.0539 
6420 0.99763 0.42521 -98075.7 20.0868 
6430 0.997574 -0.0304608 -98070.4 20.1161 
6440 0.997574 -0.213004 -98070.5 20.144 
6450 0.997574 -0.609822 -98070.4 20.1763 
6460 0.997578 -0.48526 -98070.9 20.2046 
6470 0.997539 0.178901 -98067 20.2387 
6480 0.997539 -0.466498 -98067 20.2637 
6490 0.997435 0.639021 -98057.7 20.2978 
6500 0.997435 0.675062 -98057.8 20.3294 
6510 0.997428 0.799331 -98057.1 20.3608 
6520 0.997428 -0.937072 -98057.1 20.3887 
6530 0.997428 0.571109 -98057.1 20.4201 
6540 0.997428 -0.890176 -98057.1 20.4488 
6550 0.997415 -0.146344 -98056.1 20.4782 
6560 0.997415 0.494836 -98056 20.5089 
6570 0.997415 0.489767 -98056 20.5404 
6580 0.997415 -0.46578 -98056 20.5689 
6590 0.997348 -0.406552 -98055.3 20.6015 
6600 0.997348 -0.0425279 -98055.3 20.6321 
6610 0.997506 -0.28364 -98071.7 20.6654 
6620 0.997519 -0.126367 -98073 20.6939 
6630 0.99738 -0.732872 -98056.1 20.7284 
6640 0.997368 0.936148 -98056.2 20.7604 
6650 0.997368 -0.549984 -98057.9 20.7899 
6660 0.997368 -0.256591 -98057.9 20.818 
6670 0.997423 0.455158 -98065.5 20.8509 
6680 0.997499 0.282708 -98059.1 20.8828 
6690 0.997499 -0.963939 -98059.1 20.9134 
6700 0.997525 -0.215982 -98062 20.9451 
6710 0.997618 0.2839 -98065.6 20.975 
6720 0.997618 -0.739422 -98065.6 21.0058 
6730 0.997631 0.86215 -98066.4 21.0388 
6740 0.997596 -0.698227 -98064 21.0717 
6750 0.997641 -0.210846 -98065.1 21.105 
6760 0.997717 -0.874417 -98069.4 21.1395 
6770 0.997721 0.240906 -98070.2 21.171 
6780 0.997716 0.451359 -98069.8 21.1995 
6790 0.997723 0.150116 -98070.4 21.2253 
6800 0.99765 0.17477 -98063 21.2593 
6810 0.99763 -0.0894968 -98063.4 21.2948 
6820 0.99761 0.638944 -98066.4 21.3342 
6830 0.997633 0.212035 -98067.2 21.3662 
6840 0.99757 0.899008 -98065 21.3999 
6850 0.997596 -0.412539 -98067.3 21.4316 
6860 0.997597 0.242305 -98067.4 21.4635 
6870 0.997597 0.172953 -98067.4 21.4914 
6880 0.997614 0.244425 -98069.1 21.5239 
6890 0.997615 -0.801504 -98069.1 21.5546 
6900 0.997442 -0.327155 -98055.7 21.5905 
6910 0.99732 -0.502342 -98043.3 21.624 
6920 0.997507 0.504775 -98059.8 21.6569 
6930 0.9975 0.937027 -98059 21.6852 
6940 0.9975 -0.94579 -98059 21.7162 
6950 0.997497 0.213641 -98058.6 21.747 
6960 0.997486 -0.481411 -98058.2 21.7785 
6970 0.997399 -0.0455387 -98051.2 21.8114 
6980 0.99747 -0.474577 -98053.8 21.8452 
6990 0.997527 -0.476861 -98059.1 21.8817 
7000 0.997527 0.0995641 -98059.2 21.9095 
7010 0.997527 -0.526349 -98059.2 21.9403 
7020 0.997577 0.699334 -98060.7 21.976 
7030 0.997577 0.550895 -98060.6 22.0067 
7040 0.997564 -0.0728055 -98059 22.0402 
7050 0.99763 -0.5823 -98060.9 22.0732 
7060 0.99763 -0.405897 -98061 22.1044 
7070 0.99763 -0.903661 -98061 22.1352 
7080 0.997609 0.220425 -98058.2 22.1644 
7090 0.997609 -0.388398 -98058.2 22.1965 
7100 0.997609 0.323774 -98058.2 22.2274 
7110 0.997653 0.517714 -98063 22.2599 
7120 0.997645 0.6735 -98063.5 22.2925 
7130 0.997645 -0.196535 -98065.4 22.3277 
7140 0.997672 0.828397 -98064.9 22.3617 
7150 0.997672 -0.150362 -98064.6 22.3946 
7160 0.997674 0.176223 -98064.8 22.4256 
7170 0.997687 0.693382 -98068 22.4589 
7180 0.997689 -0.374096 -98067.7 22.4914 
7190 0.99775 0.441612 -98077.2 22.5245 
7200 0.997751 -0.458965 -98077.3 22.5555 
7210 0.997689 -0.31207 -98072.3 22.5907 
7220 0.997693 0.600034 -98072.7 22.6223 
7230 0.9977 -0.885287 -98073 22.655 
7240 0.997733 0.48363 -98075.7 22.6875 
7250 0.997727 -0.198058 -98076.6 22.7228 
7260 0.997727 0.669638 -98076.6 22.7534 
7270 0.99773 -0.091313 -98077.1 22.7813 
7280 0.997707 -0.609257 -98074.8 22.8176 
7290 0.997707 0.528165 -98074.8 22.8483 
7300 0.997715 0.450983 -98075.6 22.8745 
7310 0.997604 -0.529039 -98068.8 22.9053 
7320 0.997632 0.287926 -98072.5 22.9383 
7330 0.997628 -0.1957 -98070.5 22.9706 
7340 0.997618 0.011453 -98073.3 23.0043 
7350 0.997642 -0.0747746 -98074.7 23.0339 
7360 0.997482 0.518977 -98065.3 23.0692 
7370 0.997357 -0.503609 -98063.2 23.1022 
7380 0.997411 0.544109 -98067.6 23.1345 
7390 0.997411 0.530692 -98067.6 23.1652 
7400 0.997411 -0.174217 -98067.6 23.1961 
7410 0.997411 -0.788292 -98067.6 23.2238 
7420 0.997386 0.379925 -98065.3 23.2582 
7430 0.997386 -0.425067 -98065.3 23.2889 
7440 0.99737 0.845399 -98059.2 23.3232 
7450 0.997404 0.476011 -98061.7 23.3566 
7460 0.997338 -0.976468 -98053.6 23.3855 
7470 0.997336 0.132816 -98053.2 23.4106 
7480 0.997547 -0.300265 -98061.8 23.4489 
7490 0.997547 0.252478 -98064.7 23.4779 
7500 0.997553 0.317013 -98068 23.5113 
7510 0.997554 -0.865065 -98068.1 23.5427 
7520 0.997549 0.074891 -98068.1 23.572 
7530 0.997531 -0.73096 -98064.7 23.604 
7540 0.997577 -0.641498 -98072.2 23.6391 
7550 0.997569 0.740483 -98074.4 23.6731 
7560 0.997572 0.676397 -98078.8 23.7106 
7570 0.997537 -0.569118 -98077.2 23.7397 
7580 0.997536 0.23816 -98077.1 23.7708 
7590 0.997465 0.121997 -98068.5 23.8052 
7600 0.997547 -0.356276 -98075.9 23.8354 
7610 0.9976 -0.829161 -98077.7 23.8684 
7620 0.997666 -0.658693 -98072.4 23.9006 
7630 0.997665 -0.177015 -98072.3 23.9316 
7640 0.997675 0.913257 -98073.4 23.9638 
7650 0.997627 -0.49789 -98070.7 24.0013 
7660 0.997746 0.486215 -98082 24.0373 
7670 0.997735 -0.925573 -98082.5 24.0687 
7680 0.997716 0.294684 -98079.9 24.1019 
7690 0.997716 0.672223 -98079.9 24.1326 
7700 0.997726 -0.00353141 -98080.7 24.1636 
7710 0.997726 0.90345 -98080.7 24.1925 
7720 0.997726 0.845568 -98080.7 24.2204 
7730 0.997726 0.427373 -98080.7 24.2452 
7740 0.997717 -0.512232 -98079.8 24.2722 
7750 0.997648 0.196429 -98080.2 24.3021 
7760 0.997706 -0.776317 -98080.8 24.3371 
7770 0.997702 0.274367 -98081 24.3658 
7780 0.997699 0.0150266 -98080.8 24.3966 
7790 0.997699 -0.298404 -98080.8 24.4275 
7800 0.997705 0.40076 -98081.1 24.4581 
7810 0.997707 0.960534 -98081.2 24.489 
7820 0.997642 -0.823814 -98077.3 24.5212 
7830 0.997541 -0.733598 -98069.6 24.5536 
7840 0.997537 -0.760912 -98069.4 24.5827 
7850 0.997535 -0.548296 -98069.3 24.6142 
7860 0.997575 0.476017 -98072 24.6453 
7870 0.997543 -0.148083 -98068.2 24.674 
7880 0.997617 0.64372 -98067.1 24.7058 
7890 0.997617 -0.370845 -98067.1 24.7378 
7900 0.99764 -0.44418 -98067.4 24.7675 
7910 0.99764 0.633304 -98067.4 24.7985 
7920 0.99764 -0.83827 -98067.4 24.8289 
7930 0.997684 -0.186707 -98071.9 24.8617 
7940 0.997567 -0.385554 -98068.1 24.8959 
7950 0.997567 0.763441 -98068.1 24.9208 
7960 0.997559 0.498866 -98069.2 24.9508 
7970 0.997559 -0.407368 -98068.9 24.9794 
7980 0.997563 -0.862705 -98069.2 25.0117 
7990 0.997548 0.0898774 -98068.1 25.0444 
8000 0.997637 -0.0532113 -98071 25.0773 
8010 0.997637 -0.00839474 -98071 25.0993 
8020 0.997637 -0.545656 -98071 25.1299 
8030 0.997641 0.527516 -98070.8 25.1628 
8040 0.997681 0.101351 -98065.4 25.1969 
8050 0.997681 -0.549178 -98065.5 25.2279 
8060 0.997568 0.557517 -98065.9 25.2616 
8070 0.997573 -0.0710971 -98066.4 25.2931 
8080 0.997576 0.27817 -98066.3 25.3203 
8090 0.997576 0.949983 -98066.3 25.3483 
8100 0.997576 0.201349 -98066.2 25.3793 
8110 0.997572 0.590434 -98065.3 25.4101 
8120 0.997563 -0.302852 -98064.1 25.4399 
8130 0.997566 0.270095 -98062 25.4716 
8140 0.997632 0.778211 -98057.9 25.5042 
8150 0.997628 -0.839567 -98056.6 25.5387 
8160 0.997643 0.66571 -98057.6 25.5663 
8170 0.997631 0.643736 -98056.8 25.598 
8180 0.997631 -0.080012 -98056.8 25.6258 
8190 0.997638 0.0937657 -98060.6 25.6592 
8200 0.997623 0.686751 -98058 25.6927 
8210 0.997623 0.181063 -98058 25.724 
8220 0.997435 0.354651 -98048.3 25.7605 
8230 0.997435 -0.579013 -98048.3 25.791 
8240 0.997458 0.510164 -98051 25.8241 
8250 0.997458 -0.100305 -98051 25.8548 
8260 0.997446 -0.487299 -98050 25.8863 
8270 0.997443 0.597193 -98049.7 25.9173 
8280 0.997442 0.503928 -98049.6 25.9485 
8290 0.997442 0.39898 -98049.6 25.979 
8300 0.997667 -0.360225 -98058.1 26.0126 
8310 0.997667 -0.344146 -98058.1 26.0405 
8320 0.997585 0.43989 -98054.5 26.077 
8330 0.997606 -0.737815 -98055.6 26.1103 
8340 0.997603 -0.862953 -98055.3 26.1384 
8350 0.997612 -0.258979 -98053.8 26.1685 
8360 0.997686 0.034227 -98055.9 26.2017 
8370 0.997687 0.0357362 -98055.9 26.2324 
8380 0.997678 -0.412589 -98055.2 26.2637 
8390 0.99764 -0.255362 -98057.2 26.2981 
8400 0.997636 0.318522 -98056.7 26.331 
8410 0.997631 -0.867213 -98056.1 26.3622 
8420 0.997649 -0.59743 -98057.4 26.3947 
8430 0.997702 -0.956549 -98061.3 26.4301 
8440 0.997702 -0.627284 -98061.3 26.4609 
8450 0.997702 0.844568 -98061.3 26.4915 
8460 0.997703 0.65434 -98061.5 26.5227 
8470 0.997679 0.703813 -98058.1 26.5556 
8480 0.997666 0.792957 -98057.1 26.5837 
8490 0.997728 -0.760984 -98066.4 26.6157 
8500 0.997712 0.924594 -98064.6 26.6469 
8510 0.997746 0.698145 -98068.7 26.6771 
8520 0.997779 0.289014 -98070.3 26.7075 
8530 0.997699 -0.322183 -98067.8 26.7392 
8540 0.997692 -0.690926 -98067.3 26.7708 
8550 0.997696 0.930306 -98067.6 26.8036 
8560 0.997696 0.779909 -98067.6 26.8346 
8570 0.997696 0.0566242 -98067.6 26.8657 
8580 0.997697 -0.0826456 -98070.2 26.8978 
8590 0.99771 0.545612 -98069.4 26.9299 
8600 0.997673 0.00999107 -98065.1 26.9628 
8610 0.997692 0.76628 -98065.1 26.996 
8620 0.997702 0.609741 -98066.5 27.0244 
8630 0.997702 0.519724 -98066.5 27.0561 
8640 0.99773 0.0711689 -98070.3 27.0899 
8650 0.997667 -0.0808515 -98071.4 27.1219 
8660 0.997664 0.205339 -98070.9 27.1531 
8670 0.997664 -0.804019 -98070.9 27.1838 
8680 0.997664 0.0618235 -98070.9 27.2146 
8690 0.997664 -0.934658 -98070.9 27.2425 
8700 0.997687 -0.362418 -98072.1 27.2754 
8710 0.997686 0.562031 -98072.1 27.3033 
8720 0.997685 -0.843711 -98071.5 27.3356 
8730 0.997636 0.330987 -98070.3 27.3689 
8740 0.997636 -0.968314 -98070.3 27.4002 
8750 0.997581 -0.0457619 -98067.5 27.4305 
8760 0.997528 -0.971233 -98062.4 27.4629 
8770 0.997528 0.654341 -98062.4 27.4942 
8780 0.997574 -0.398322 -98066.8 27.5261 
8790 0.997589 -0.839721 -98067.9 27.561 
8800 0.997473 0.336481 -98052.4 27.5958 
8810 0.997546 0.277189 -98059.8 27.6276 
8820 0.997538 -0.176105 -98059.1 27.6583 
8830 0.997475 -0.348717 -98052.2 27.6881 
8840 0.997639 -0.360339 -98068.1 27.7211 
8850 0.997639 0.129225 -98068.1 27.7524 
8860 0.997624 0.346006 -98066.6 27.7865 
8870 0.997623 -0.0309359 -98066.5 27.8144 
8880 0.997624 -0.797544 -98066.6 27.8466 
8890 0.997618 -0.708851 -98066.4 27.8788 
8900 0.99768 -0.358787 -98070.9 27.912 
8910 0.997669 -0.786336 -98069.2 27.9452 
8920 0.997665 0.542337 -98069 27.9774 
8930 0.997665 -0.450796 -98068.8 28.0102 
8940 0.997662 0.6629 -98068.7 28.0418 
8950 0.997681 0.371024 -98075.4 28.0675 
8960 0.997685 0.816766 -98072.9 28.1001 
8970 0.997685 -0.619855 -98072.9 28.1312 
8980 0.99769 0.170017 -98073.9 28.1635 
8990 0.997738 0.911947 -98078.2 28.1968 
9000 0.997738 0.579101 -98078.2 28.2218 
9010 0.997739 -0.63606 -98078.3 28.2529 
9020 0.997681 0.153436 -98071.8 28.2858 
9030 0.997653 0.758094 -98069.3 28.3152 
9040 0.997629 0.558949 -98069.3 28.3522 
9050 0.997629 0.34494 -98069.2 28.3837 
9060 0.997584 -0.0334735 -98069.8 28.4136 
9070 0.997598 -0.565793 -98070.7 28.4449 
9080 0.997623 -0.278608 -98072.9 28.4791 
9090 0.997623 0.260627 -98072.8 28.5101 
9100 0.997614 0.250522 -98071.2 28.5422 
9110 0.997614 -0.607256 -98071.2 28.57 
9120 0.997617 -0.113106 -98073 28.6018 
9130 0.997591 -0.584632 -98069.9 28.6321 
9140 0.997522 -0.785115 -98064.7 28.6611 
9150 0.997528 0.240265 -98066.2 28.6866 
9160 0.997495 -0.0188796 -98061.2 28.7206 
9170 0.997443 -0.32365 -98054.9 28.7589 
9180 0.997492 0.708637 -98058.5 28.7922 
9190 0.997492 0.840436 -98058.5 28.823 
9200 0.997478 0.936881 -98057.2 28.8519 
9210 0.997542 -0.29829 -98064.5 28.8802 
9220 0.99752 -0.391751 -98062.1 28.9119 
9230 0.99752 -0.906471 -98062.1 28.9425 
9240 0.99763 0.412602 -98067.5 28.9728 
9250 0.997578 0.683269 -98059.8 29.0037 
9260 0.997578 0.409436 -98059.7 29.0344 
9270 0.997619 0.449347 -98064.9 29.0687 
9280 0.997596 0.0984702 -98063.9 29.1006 
9290 0.997598 0.184658 -98065.3 29.13 
9300 0.997537 -0.690568 -98059.8 29.1599 
9310 0.997519 0.596453 -98068.3 29.19 
9320 0.997519 0.391333 -98068.3 29.2179 
9330 0.997507 -0.666607 -98067.3 29.2489 
9340 0.997509 0.156301 -98067.3 29.2814 
9350 0.997518 0.531788 -98068 29.3133 
9360 0.997585 0.404273 -98071.5 29.3479 
9370 0.997582 0.770943 -98071.3 29.3798 
9380 0.99763 -0.110498 -98073.6 29.414 
9390 0.997611 0.806161 -98075.9 29.4481 
9400 0.997605 -0.623942 -98074.5 29.481 
9410 0.997673 0.290329 -98074.2 29.5116 
9420 0.997392 -0.15064 -98064.9 29.5494 
9430 0.997456 -0.872957 -98066.4 29.5841 
9440 0.997456 -0.593139 -98066.4 29.615 
9450 0.997456 -0.428441 -98066.4 29.6458 
9460 0.997428 0.587693 -98063.9 29.6788 
9470 0.997483 0.0271541 -98068.2 29.7112 
9480 0.997474 0.798619 -98067.1 29.7414 
9490 0.997474 -0.973819 -98067 29.7722 
9500 0.997458 -0.192849 -98061.1 29.8055 
9510 0.997545 0.373851 -98061.8 29.8362 
9520 0.997545 0.955439 -98061.8 29.8615 
9530 0.997545 -0.203044 -98061.8 29.8926 
9540 0.997567 0.0569032 -98059.8 29.9229 
9550 0.997568 -0.767305 -98059.8 29.9513 
9560 0.997585 -0.670992 -98061.6 29.9838 
9570 0.9975 -0.317927 -98053.6 30.0176 
9580 0.997492 -0.741204 -98052.9 30.0432 
9590 0.997467 0.566889 -98051.3 30.0747 
9600 0.997467 0.54899 -98051.3 30.1024 
9610 0.997421 0.56931 -98046.8 30.1347 
9620 0.997332 -0.0793379 -98047.9 30.1676 
9630 0.997332 0.26137 -98047.9 30.199 
9640 0.997332 -0.0965851 -98047.8 30.2303 
9650 0.997394 0.157833 -98054.3 30.2629 
9660 0.997394 -0.885348 -98054.3 30.2936 
9670 0.997342 -0.86515 -98058.3 30.3227 
9680 0.997381 0.14817 -98060.2 30.3559 
9690 0.997461 0.451582 -98060.8 30.3848 
9700 0.997469 0.988457 -98060.8 30.4134 
9710 0.997528 0.494095 -98065.8 30.4459 
9720 0.997569 -0.920615 -98068.4 30.4789 
9730 0.997552 0.0280869 -98067.8 30.512 
9740 0.997513 -0.351934 -98069.3 30.5476 
9750 0.99743 -0.979063 -98064 30.5778 
9760 0.997362 -0.713783 -98059.4 30.6112 
9770 0.997362 0.871564 -98059.4 30.6391 
9780 0.997535 0.586254 -98062.9 30.6725 
9790 0.997535 0.946058 -98062.9 30.7005 
9800 0.997506 -0.61178 -98059.7 30.7317 
9810 0.997505 0.369465 -98059.6 30.76 
9820 0.997505 -0.839314 -98059.6 30.791 
9830 0.997505 -0.319056 -98059.6 30.8223 
9840 0.997586 -0.654041 -98066.6 30.8524 
9850 0.997586 0.154833 -98066.6 30.8803 
9860 0.997593 0.256611 -98066.7 30.9121 
9870 0.997731 -0.0637965 -98071.8 30.9445 
9880 0.997731 0.57026 -98071.8 30.9753 
9890 0.997731 -0.153547 -98071.8 31.003 
9900 0.997661 0.639949 -98066.8 31.0383 
9910 0.997663 0.92304 -98067.8 31.0672 
9920 0.997621 -0.168693 -98060.7 31.1002 
9930 0.997615 -0.860978 -98060.2 31.1311 
9940 0.997622 -0.595057 -98062.1 31.1642 
9950 0.99762 0.0087 -98061.8 31.1965 
9960 0.997618 -0.532075 -98061.9 31.2276 
9970 0.997616 -0.762415 -98061.6 31.262 
9980 0.997616 0.408835 -98061.6 31.2928 
9990 0.997588 -0.817481 -98059.6 31.3248 
10000 0.997588 0.418974 -98059.6 31.3553 
