0 1 1 -98304 0 
10 0.99951 0.164601 -98243.4 0.0311293 
20 0.99951 -0.246917 -98243.4 0.0564802 
30 0.999449 0.214485 -98237.6 0.0863209 
40 0.999449 -0.634645 -98237.5 0.114126 
50 0.999449 -0.00576653 -98237.5 0.141914 
60 0.999438 0.00648509 -98235.7 0.165274 
70 0.9986 -0.475815 -98155 0.19716 
80 0.998257 0.535531 -98117.4 0.225172 
90 0.998274 -0.934525 -98119.4 0.255605 
100 0.998622 -0.279385 -98157.2 0.285374 
110 0.998636 0.0988754 -98155.8 0.316561 
120 0.998615 0.961303 -98153.1 0.345932 
130 0.99869 -0.850812 -98162 0.376266 
140 0.998851 -0.0685307 -98179.9 0.403575 
150 0.998716 -0.937137 -98162.7 0.433957 
160 0.998587 -0.47984 -98149 0.460491 
170 0.998604 -0.283238 -98150.9 0.486623 
180 0.998603 0.204024 -98151 0.506771 
190 0.998647 0.347615 -98156.4 0.535347 
200 0.998644 -0.394533 -98155.8 0.561774 
210 0.998421 -0.335875 -98137.2 0.592545 
220 0.99835 0.58322 -98128.8 0.624885 
230 0.998288 -0.763421 -98122.8 0.65265 
240 0.998318 0.450574 -98125.9 0.681392 
250 0.998318 0.593466 -98125.9 0.709442 
260 0.998074 -0.22559 -98111.8 0.738637 
270 0.998079 0.993467 -98112.3 0.767241 
280 0.998079 -0.85661 -98112.3 0.795422 
290 0.998079 0.723062 -98112.4 0.820871 
300 0.997962 0.611008 -98101 0.851064 
310 0.997954 -0.768212 -98100.3 0.8798 
320 0.998269 0.705643 -98123.8 0.907598 
330 0.998155 0.518695 -98122.1 0.934856 
340 0.998155 -0.0987909 -98122.1 0.957733 
350 0.997703 0.13307 -98086.3 0.987741 
360 0.997703 0.513685 -98081.9 1.0113 
370 0.997703 0.540485 -98081.8 1.03739 
380 0.997929 -0.757427 -98098.5 1.06752 
390 0.997769 0.654665 -98095.6 1.09992 
400 0.997698 -0.451981 -98086.7 1.12777 
410 0.997781 0.587623 -98091.4 1.15634 
420 0.997742 -0.707189 -98089 1.18641 
430 0.997742 0.0103848 -98089 1.21448 
440 0.997712 -0.693683 -98084.5 1.24093 
450 0.997701 0.575761 -98078 1.26739 
460 0.997701 0.553306 -98078 1.29546 
470 0.99763 -0.948749 -98078.6 1.3304 
480 0.99763 0.0159468 -98078.6 1.35582 
490 0.997784 -0.874669 -98088.7 1.38788 
500 0.997856 0.0727591 -98093.2 1.41609 
510 0.997831 -0.816119 -98092.9 1.446 
520 0.997831 -0.875683 -98092.9 1.47411 
530 0.997849 0.45236 -98094.3 1.50654 
540 0.997858 -0.458768 -98095.6 1.53553 
550 0.997856 -0.750077 -98096 1.56157 
560 0.997859 0.211574 -98096.9 1.59114 
570 0.997702 0.526639 -98087.7 1.62383 
580 0.997675 -0.546408 -98085.2 1.65117 
590 0.997672 0.990694 -98084.9 1.67936 
600 0.997605 0.654933 -98076.8 1.71038 
610 0.997596 -0.778404 -98076.4 1.73955 
620 0.997595 -0.805264 -98076.3 1.76777 
630 0.997595 -0.0374813 -98076.3 1.79588 
640 0.997646 0.313866 -98081.1 1.82544 
650 0.997707 -0.380987 -98080.7 1.85559 
660 0.997704 0.60312 -98080.5 1.884 
670 0.997726 0.770334 -98083.2 1.91401 
680 0.997725 -0.743999 -98083.2 1.94263 
690 0.997788 -0.54177 -98089.3 1.96757 
700 0.997755 -0.957753 -98088.4 1.99532 
710 0.997718 0.217982 -98086.2 2.02462 
720 0.997687 0.726195 -98082.8 2.0543 
730 0.997711 0.960888 -98084 2.0828 
740 0.997711 -0.22232 -98084 2.11111 
750 0.997711 -0.154378 -98084 2.13725 
760 0.997705 -0.301796 -98083.4 2.1661 
770 0.997688 -0.715274 -98082 2.19458 
780 0.997707 -0.189471 -98083.5 2.22354 
790 0.997701 -0.856223 -98078.3 2.25393 
800 0.997701 0.991729 -98078.3 2.27939 
810 0.997674 -0.754495 -98076.3 2.30683 
820 0.997706 0.743518 -98079.2 2.33643 
830 0.997645 0.0735571 -98075.2 2.36823 
840 0.99763 0.599862 -98072.7 2.39843 
850 0.99765 -0.360346 -98074.7 2.42527 
860 0.997523 -0.917707 -98063.8 2.45684 
870 0.997527 0.914606 -98062.9 2.48612 
880 0.997528 -0.0383779 -98063 2.51439 
890 0.997584 0.0818952 -98059.9 2.54379 
900 0.99757 0.0992735 -98058.2 2.57335 
910 0.997628 -0.597807 -98060.8 2.60364 
920 0.997754 0.271504 -98072 2.63601 
930 0.997713 0.970438 -98068.3 2.66858 
940 0.997728 -0.646641 -98070.3 2.6993 
950 0.997676 -0.807051 -98067.8 2.73081 
960 0.997639 0.705598 -98071 2.76153 
970 0.997585 -0.44807 -98066.6 2.78943 
980 0.997593 -0.542871 -98067.3 2.81795 
990 0.997583 0.119365 -98067.9 2.84778 
1000 0.997583 -0.0175571 -98067.9 2.87598 
1010 0.997474 -0.0892981 -98058.8 2.908 
1020 0.997441 0.306399 -98056 2.93739 
1030 0.997385 -0.374523 -98052 2.96785 
1040 0.99744 -0.807118 -98055.9 2.99819 
1050 0.99744 0.236908 -98056 3.02633 
1060 0.997458 0.603185 -98061.9 3.04818 
1070 0.997402 0.238651 -98058.3 3.0787 
1080 0.997417 0.0133685 -98058.4 3.1072 
1090 0.997417 0.104235 -98058.4 3.13269 
1100 0.997416 0.229416 -98058.3 3.16107 
1110 0.997519 -0.269986 -98059 3.19329 
1120 0.997528 -0.317905 -98060 3.22831 
1130 0.997583 0.914025 -98070 3.26077 
1140 0.997583 -0.245897 -98070 3.28908 
1150 0.997583 0.622665 -98070 3.31189 
1160 0.997573 0.866508 -98068.7 3.33868 
1170 0.997457 -0.513052 -98063.2 3.36894 
1180 0.997457 -0.82832 -98063.2 3.39707 
1190 0.997449 0.226443 -98062.7 3.42535 
1200 0.997424 0.602233 -98060.7 3.4545 
1210 0.997424 -0.0891928 -98060.7 3.48259 
1220 0.997424 -0.462612 -98060.7 3.50812 
1230 0.99741 0.634358 -98059.3 3.53793 
1240 0.997329 -0.411369 -98053.6 3.56866 
1250 0.997349 0.446471 -98060.5 3.60004 
1260 0.99739 -0.521346 -98063.1 3.62758 
1270 0.997491 -0.105042 -98068.9 3.65773 
1280 0.997486 0.265947 -98067.3 3.68805 
1290 0.997486 -0.632433 -98067.3 3.7109 
1300 0.997511 -0.510004 -98070.2 3.73988 
1310 0.997489 0.575245 -98068.2 3.77122 
1320 0.997477 0.530915 -98067.3 3.80048 
1330 0.997491 0.683668 -98068.9 3.82937 
1340 0.997512 -0.604095 -98070.3 3.85657 
1350 0.997512 -0.0104291 -98070.4 3.88466 
1360 0.997567 -0.760375 -98074.4 3.91071 
1370 0.997589 0.314353 -98076 3.93893 
1380 0.997412 -0.881733 -98065 3.96621 
1390 0.997409 -0.493157 -98065.1 3.99499 
1400 0.997409 0.167283 -98065.1 4.02357 
1410 0.997409 0.684526 -98065.1 4.05166 
1420 0.997409 0.400679 -98065.1 4.07995 
1430 0.997411 -0.851107 -98065.3 4.10567 
1440 0.997411 0.917058 -98065.3 4.1341 
1450 0.997411 0.602086 -98065.3 4.15989 
1460 0.997405 0.515259 -98064.6 4.18836 
1470 0.997385 0.482474 -98062.5 4.2171 
1480 0.997441 -0.816204 -98065.5 4.24689 
1490 0.997408 -0.0907895 -98063.4 4.27715 
1500 0.997408 0.902686 -98063.4 4.30535 
1510 0.997409 -0.728593 -98063.5 4.33092 
1520 0.9974 -0.665777 -98062.9 4.35943 
1530 0.997466 -0.711993 -98068.7 4.38904 
1540 0.997544 -0.255276 -98072.2 4.41974 
1550 0.997587 0.746111 -98072.2 4.4498 
1560 0.997553 0.828305 -98068.4 4.48001 
1570 0.997457 0.201331 -98056.6 4.51047 
1580 0.997539 0.75009 -98069.2 4.5398 
1590 0.997547 0.464992 -98069.9 4.56814 
1600 0.997578 0.316106 -98072.1 4.59498 
1610 0.997571 -0.222564 -98071.5 4.6207 
1620 0.997565 -0.617548 -98072 4.65023 
1630 0.997565 -0.654081 -98072 4.67835 
1640 0.99758 -0.237123 -98073 4.704 
1650 0.997574 -0.468998 -98072.4 4.72999 
1660 0.997465 0.815689 -98070.5 4.75593 
1670 0.99745 0.615167 -98069.2 4.78441 
1680 0.997446 0.346822 -98069 4.81082 
1690 0.997404 -0.992871 -98067.1 4.84108 
1700 0.997505 0.429066 -98072.5 4.87166 
1710 0.99756 0.845244 -98074.6 4.89956 
1720 0.997555 -0.503388 -98071.6 4.92982 
1730 0.997602 -0.76618 -98074.9 4.95707 
1740 0.997601 -0.798243 -98074.9 4.98525 
1750 0.997582 0.199011 -98073.5 5.01427 
1760 0.997572 -0.09137 -98072.8 5.04349 
1770 0.997602 -0.33487 -98069.5 5.07359 
1780 0.997602 -0.346857 -98069.5 5.09904 
1790 0.997634 0.769682 -98071.5 5.12519 
1800 0.997543 -0.577882 -98056.5 5.15625 
1810 0.997543 0.561321 -98056.5 5.18432 
1820 0.997543 -0.688877 -98056.5 5.2124 
1830 0.997601 -0.4858 -98064.8 5.23901 
1840 0.997569 -0.297509 -98064.6 5.26861 
1850 0.997569 0.105257 -98064.7 5.29405 
1860 0.997581 0.24547 -98066.6 5.32402 
1870 0.99759 0.207686 -98067.9 5.35401 
1880 0.997628 0.641378 -98073 5.38376 
1890 0.997614 -0.106609 -98071 5.41304 
1900 0.997614 0.910149 -98071 5.4385 
1910 0.997614 -0.387133 -98071 5.46394 
1920 0.997614 -0.664641 -98071 5.48939 
1930 0.997582 -0.686009 -98068.4 5.51889 
1940 0.997632 0.486055 -98070.9 5.54773 
1950 0.997632 0.0251946 -98071 5.57588 
1960 0.997625 0.0661671 -98070.2 5.60423 
1970 0.997625 0.311703 -98070.2 5.63231 
1980 0.997545 0.864855 -98065.6 5.66243 
1990 0.997563 -0.358928 -98067.7 5.68888 
2000 0.99756 -0.245774 -98067.3 5.709 
2010 0.997601 -0.471455 -98071.3 5.73736 
2020 0.997645 0.137021 -98073.5 5.77006 
2030 0.997646 -0.887065 -98073.6 5.79548 
2040 0.997614 -0.435836 -98071.6 5.82526 
2050 0.997574 0.946337 -98074.1 5.85545 
2060 0.997633 0.0939096 -98075.3 5.88525 
2070 0.997633 -0.849737 -98075.3 5.91335 
2080 0.997632 -0.00129131 -98075.2 5.94164 
2090 0.997642 0.472788 -98075.4 5.96961 
2100 0.997706 0.213954 -98076.9 6.00155 
2110 0.997601 -0.737604 -98073.5 6.03577 
2120 0.997604 -0.756155 -98073.8 6.06412 
2130 0.997511 -0.698603 -98066.4 6.09423 
2140 0.997512 0.681214 -98066.5 6.12231 
2150 0.997549 0.709638 -98069 6.15347 
2160 0.997551 0.969476 -98073.8 6.1852 
2170 0.997524 -0.663306 -98071.9 6.21562 
2180 0.997445 0.288249 -98069.8 6.24663 
2190 0.997442 0.920402 -98069.8 6.27289 
2200 0.99745 0.81653 -98069.8 6.30215 
2210 0.99741 0.180931 -98068.2 6.33248 
2220 0.997418 -0.0646094 -98069.4 6.35893 
2230 0.997406 0.549375 -98061.2 6.38776 
2240 0.997406 -0.267872 -98061.2 6.41593 
2250 0.997406 -0.131947 -98061.2 6.44141 
2260 0.997397 0.309786 -98061.6 6.46689 
2270 0.997426 0.659216 -98061.3 6.49633 
2280 0.997426 -0.718778 -98061.3 6.52468 
2290 0.997426 -0.0966337 -98061.3 6.55279 
2300 0.997465 -0.516703 -98061.1 6.58064 
2310 0.997465 0.43209 -98061.1 6.60873 
2320 0.997413 0.192923 -98063.1 6.63313 
2330 0.997425 0.719888 -98066.7 6.66248 
2340 0.997436 0.760745 -98066.9 6.68971 
2350 0.997523 -0.247513 -98067.3 6.71997 
2360 0.997547 0.448321 -98068.9 6.75219 
2370 0.997547 0.991235 -98068.8 6.7803 
2380 0.997576 -0.129377 -98071.3 6.80991 
2390 0.997576 0.0105275 -98071.3 6.83798 
2400 0.997575 0.663664 -98071.2 6.86114 
2410 0.997553 -0.566631 -98061.3 6.89037 
2420 0.997579 0.240605 -98058.7 6.92281 
2430 0.997661 -0.564942 -98065.2 6.95314 
2440 0.997656 0.716436 -98064.6 6.98174 
2450 0.9976 -0.238371 -98067.4 7.01277 
2460 0.9976 0.643258 -98067.4 7.04086 
2470 0.997611 -0.711057 -98068.2 7.06984 
2480 0.997622 -0.592155 -98069.4 7.09896 
2490 0.997612 0.719519 -98068.6 7.12466 
2500 0.99748 0.889025 -98066 7.15807 
2510 0.997487 -0.905756 -98067 7.1839 
2520 0.997506 -0.725223 -98069.2 7.21283 
2530 0.997487 -0.568028 -98067.5 7.24217 
2540 0.997509 -0.0598669 -98069.3 7.272 
2550 0.997531 0.649824 -98070.8 7.29622 
2560 0.997531 0.506687 -98070.8 7.32429 
2570 0.997569 0.737835 -98074.7 7.3544 
2580 0.997544 -0.50348 -98071.2 7.38419 
2590 0.99754 -0.430134 -98069.6 7.41444 
2600 0.997467 -0.722469 -98058.3 7.4446 
2610 0.997467 -0.002019 -98058.3 7.47266 
2620 0.997467 0.71934 -98058.3 7.49807 
2630 0.997467 -0.915928 -98058.3 7.52627 
2640 0.997467 -0.787132 -98058.3 7.55434 
2650 0.997453 -0.348881 -98056.7 7.58363 
2660 0.997499 -0.992299 -98060.2 7.61267 
2670 0.997537 0.150216 -98064.1 7.63928 
2680 0.997481 -0.683246 -98058.4 7.66885 
2690 0.997484 0.459256 -98058.7 7.69724 
2700 0.997545 0.131009 -98061.4 7.72746 
2710 0.997538 0.934702 -98059.6 7.75529 
2720 0.997567 -0.870934 -98062.5 7.77826 
2730 0.997572 0.969201 -98063.3 7.80517 
2740 0.997594 0.15487 -98062.6 7.83586 
2750 0.997566 0.693967 -98063.1 7.86622 
2760 0.997577 0.285117 -98064 7.89189 
2770 0.99763 -0.885491 -98063.8 7.92249 
2780 0.99763 -0.946736 -98063.8 7.95057 
2790 0.997671 -0.054578 -98067.6 7.98183 
2800 0.997619 0.658167 -98071.4 8.00852 
2810 0.997627 -0.0484248 -98072.1 8.03721 
2820 0.997629 0.0587501 -98072.5 8.06612 
2830 0.997683 -0.645283 -98077.8 8.09279 
2840 0.997682 0.626626 -98077.8 8.11852 
2850 0.997762 0.27199 -98083.4 8.14808 
2860 0.997762 0.786314 -98083.4 8.1735 
2870 0.99779 -0.455134 -98076.1 8.20181 
2880 0.99779 0.239442 -98076 8.22997 
2890 0.99779 0.827928 -98076 8.2554 
2900 0.997763 0.234169 -98077.8 8.28879 
2910 0.99776 0.524143 -98077.5 8.31744 
2920 0.99777 -0.719034 -98084.5 8.34791 
2930 0.997771 -0.947901 -98084.7 8.37251 
2940 0.997771 0.436986 -98084.7 8.39794 
2950 0.997771 -0.405396 -98084.7 8.42605 
2960 0.997681 -0.512993 -98077.7 8.45385 
2970 0.99768 0.445742 -98077.6 8.48206 
2980 0.99768 0.793298 -98077.7 8.5076 
2990 0.997681 0.987425 -98077.7 8.533 
3000 0.997681 -0.397554 -98077.7 8.55845 
3010 0.997683 0.739534 -98077.4 8.5851 
3020 0.997576 0.14203 -98066.6 8.61061 
3030 0.99759 -0.901604 -98067.6 8.63675 
3040 0.997605 -0.950771 -98066.1 8.66687 
3050 0.997605 0.994499 -98066.1 8.695 
3060 0.997626 0.914818 -98068.5 8.72367 
3070 0.997594 -0.167139 -98065.2 8.75104 
3080 0.997644 -0.577752 -98070 8.77797 
3090 0.997567 -0.652721 -98069.7 8.80513 
3100 0.997531 0.375233 -98066.6 8.83405 
3110 0.997531 -0.473182 -98066.6 8.85947 
3120 0.997469 0.896911 -98058.3 8.88886 
3130 0.997469 0.341751 -98058.4 8.91702 
3140 0.997556 0.430781 -98065.4 8.94713 
3150 0.997543 0.355544 -98063.9 8.97598 
3160 0.997543 -0.912758 -98063.9 9.00407 
3170 0.997534 0.451286 -98064.7 9.03397 
3180 0.997533 -0.789487 -98063.5 9.06166 
3190 0.997597 -0.786732 -98067.6 9.08924 
3200 0.997597 -0.643537 -98067.7 9.11735 
3210 0.997597 0.819527 -98067.6 9.14013 
3220 0.997618 -0.353348 -98069.7 9.16333 
3230 0.997618 -0.41718 -98069.7 9.1914 
3240 0.997655 0.398931 -98071.9 9.22263 
3250 0.997592 -0.684256 -98072.3 9.25475 
3260 0.997592 -0.0878524 -98072.3 9.28284 
3270 0.997593 -0.327754 -98071.6 9.31209 
3280 0.997666 -0.742398 -98076.6 9.33963 
3290 0.997674 0.467573 -98077.8 9.37003 
3300 0.997674 -0.858507 -98077.8 9.39547 
3310 0.997649 -0.218792 -98077.7 9.42495 
3320 0.997649 -0.979216 -98077.8 9.45037 
3330 0.997692 0.439091 -98074.4 9.48061 
3340 0.997588 0.25131 -98071.6 9.51382 
3350 0.997564 -0.480043 -98070.1 9.53579 
3360 0.997502 0.50564 -98064.5 9.56409 
3370 0.99752 -0.642007 -98069.4 9.59378 
3380 0.997473 -0.934712 -98067.7 9.62682 
3390 0.997473 0.826774 -98067.7 9.65489 
3400 0.997526 0.161652 -98066.8 9.68478 
3410 0.997465 0.0744565 -98058.7 9.71531 
3420 0.997452 -0.698016 -98056.7 9.74212 
3430 0.997503 0.872178 -98055.3 9.77126 
3440 0.99752 -0.226741 -98057.1 9.80001 
3450 0.997537 -0.146196 -98055.3 9.83029 
3460 0.997537 0.24901 -98055.3 9.85571 
3470 0.997537 0.406456 -98055.3 9.87865 
3480 0.997544 0.185355 -98054.9 9.90905 
3490 0.997378 0.627981 -98045.7 9.93693 
3500 0.997441 -0.573898 -98049.8 9.96469 
3510 0.997324 -0.895283 -98037 9.9984 
3520 0.997324 0.473343 -98037 10.0265 
3530 0.997381 0.513341 -98043.7 10.0596 
3540 0.997439 0.812194 -98048.5 10.0862 
3550 0.99745 -0.396485 -98049.5 10.1147 
3560 0.997409 0.0902425 -98061.4 10.1436 
3570 0.997409 0.811894 -98061.4 10.1717 
3580 0.997409 -0.651025 -98061 10.2005 
3590 0.997397 0.662928 -98059.9 10.2236 
3600 0.997355 0.499479 -98055.1 10.2556 
3610 0.997355 -0.21968 -98062.2 10.2886 
3620 0.997301 -0.69864 -98057.4 10.3182 
3630 0.997336 0.117123 -98061.9 10.3517 
3640 0.997361 -0.218688 -98064.3 10.3849 
3650 0.997224 -0.729142 -98057.3 10.415 
3660 0.997226 -0.978785 -98057.5 10.4435 
3670 0.997323 -0.912535 -98064.4 10.4715 
3680 0.997323 0.359747 -98064.4 10.4971 
3690 0.997325 -0.596883 -98066.6 10.5232 
3700 0.997324 -0.739235 -98066.5 10.5515 
3710 0.997355 -0.482855 -98066.8 10.5813 
3720 0.99742 0.868083 -98071.8 10.613 
3730 0.997417 0.401315 -98071.7 10.6417 
3740 0.997371 0.487252 -98065.3 10.6731 
3750 0.997293 -0.770071 -98063.4 10.7009 
3760 0.997446 -0.603755 -98065.5 10.7312 
3770 0.997452 -0.668019 -98066 10.7598 
3780 0.997452 -0.00696249 -98066.1 10.7827 
3790 0.997442 -0.646419 -98065.2 10.8083 
3800 0.997442 0.608423 -98065.3 10.8338 
3810 0.997459 -0.728523 -98065.9 10.8629 
3820 0.99745 -0.178904 -98064.9 10.8916 
3830 0.997461 0.53769 -98065.8 10.9172 
3840 0.997461 0.0392445 -98065.8 10.9456 
3850 0.997531 -0.0597785 -98063.9 10.9731 
3860 0.997597 0.617278 -98070.2 11.0033 
3870 0.997597 0.829159 -98070.2 11.0289 
3880 0.997597 -0.0911388 -98070.3 11.0544 
3890 0.997565 0.0376705 -98075.6 11.0868 
3900 0.99744 0.564811 -98069.2 11.1191 
3910 0.997452 0.079139 -98070.6 11.1515 
3920 0.997511 0.402296 -98069.4 11.1771 
3930 0.997511 -0.662621 -98069.4 11.2054 
3940 0.997539 -0.853164 -98068.7 11.2358 
3950 0.997506 0.521899 -98063 11.2659 
3960 0.997588 -0.210823 -98073.6 11.2969 
3970 0.997569 -0.331014 -98072.6 11.3239 
3980 0.997588 -0.468384 -98071.4 11.3544 
3990 0.99761 0.21285 -98071.6 11.3832 
4000 0.99761 0.913744 -98071.6 11.4114 
4010 0.997601 -0.559744 -98070.9 11.4377 
4020 0.997599 -0.71275 -98072.3 11.4672 
4030 0.997599 -0.779475 -98072.3 11.4953 
4040 0.997557 0.923341 -98068.3 11.5248 
4050 0.997557 0.27098 -98068.3 11.5529 
4060 0.997549 0.654259 -98067.4 11.5784 
4070 0.997535 0.0104575 -98065.9 11.6071 
4080 0.997469 0.66291 -98058.6 11.6387 
4090 0.997504 0.920146 -98060.6 11.6688 
4100 0.997528 -0.601378 -98062.8 11.6981 
4110 0.997522 0.603781 -98062.6 11.7278 
4120 0.997544 -0.816341 -98066.5 11.7588 
4130 0.997556 -0.728819 -98062.8 11.7855 
4140 0.997564 0.249055 -98063.2 11.8117 
4150 0.997564 0.939544 -98063.2 11.84 
4160 0.997564 -0.984803 -98063.2 11.868 
4170 0.997579 0.59255 -98064.7 11.8952 
4180 0.997579 0.343204 -98064.6 11.9179 
4190 0.997489 -0.0758929 -98061.8 11.9457 
4200 0.997574 0.0802784 -98071.9 11.975 
4210 0.997585 -0.752918 -98073.6 12.0019 
4220 0.997572 0.417307 -98075.3 12.0344 
4230 0.997567 0.345219 -98074.8 12.0626 
4240 0.997567 0.219419 -98074.8 12.0882 
4250 0.997567 0.52352 -98074.3 12.1181 
4260 0.997468 -0.818105 -98068.9 12.1479 
4270 0.997468 -0.248357 -98068.9 12.1762 
4280 0.997466 0.709443 -98069.6 12.2033 
4290 0.99747 -0.831859 -98070 12.2289 
4300 0.997554 -0.506863 -98067 12.2557 
4310 0.997558 0.824846 -98067.3 12.2838 
4320 0.997557 0.726994 -98067.3 12.3119 
4330 0.997558 -0.388362 -98067.4 12.34 
4340 0.997588 0.0254603 -98070.1 12.37 
4350 0.997588 0.511474 -98070.1 12.3981 
4360 0.997588 0.492871 -98070.1 12.4263 
4370 0.997588 -0.130014 -98070.1 12.4517 
4380 0.997632 -0.0879651 -98074.8 12.4827 
4390 0.997632 -0.827906 -98074.8 12.511 
4400 0.997633 -0.707179 -98074.6 12.5412 
4410 0.997634 0.404813 -98074.7 12.567 
4420 0.997634 -0.215558 -98074.7 12.5925 
4430 0.997634 -0.728225 -98074.7 12.6181 
4440 0.997558 -0.626433 -98067.9 12.6512 
4450 0.997573 -0.14484 -98069.9 12.6818 
4460 0.99747 0.51307 -98059.3 12.7075 
4470 0.99747 0.559142 -98059.3 12.7359 
4480 0.997494 -0.864155 -98063.4 12.7681 
4490 0.997495 0.328112 -98063.4 12.7963 
4500 0.997494 0.0275485 -98063.3 12.8219 
4510 0.997494 0.893948 -98063.3 12.8499 
4520 0.997494 -0.799469 -98063.3 12.8755 
4530 0.997476 0.887197 -98061.9 12.9044 
4540 0.997489 0.0946438 -98062.8 12.9332 
4550 0.997491 -0.152235 -98063 12.9617 
4560 0.997514 0.161318 -98064.5 12.9909 
4570 0.997463 -0.465072 -98063.2 13.0184 
4580 0.997462 0.847375 -98062.9 13.0474 
4590 0.997462 0.944205 -98062.8 13.0758 
4600 0.997462 0.0847061 -98062.8 13.1039 
4610 0.997505 0.125007 -98067 13.134 
4620 0.997456 -0.788494 -98063.1 13.1632 
4630 0.997466 -0.895879 -98064 13.1896 
4640 0.997447 0.0313692 -98058.9 13.215 
4650 0.997475 0.662578 -98062.9 13.2445 
4660 0.997479 0.956716 -98061.5 13.277 
4670 0.997479 -0.534515 -98061.5 13.3024 
4680 0.997563 -0.295954 -98064.9 13.3276 
4690 0.997592 0.061487 -98068.9 13.3581 
4700 0.997583 -0.156613 -98068.2 13.3843 
4710 0.997579 -0.564556 -98067.5 13.412 
4720 0.997592 0.369394 -98074 13.4415 
4730 0.997611 0.28305 -98075.6 13.4683 
4740 0.997619 -0.586896 -98076.7 13.498 
4750 0.997625 0.971895 -98079.3 13.5306 
4760 0.997598 -0.910625 -98077.2 13.5583 
4770 0.997599 0.113935 -98077.2 13.5864 
4780 0.997544 -0.0959826 -98070.2 13.6196 
4790 0.997555 0.542448 -98071 13.648 
4800 0.99755 0.685251 -98070.4 13.6772 
4810 0.997519 -0.705438 -98066.2 13.705 
4820 0.997525 -0.649045 -98066.8 13.7334 
4830 0.997529 0.0658017 -98067.1 13.7564 
4840 0.997545 -0.230726 -98070.6 13.7879 
4850 0.997542 0.89554 -98070.5 13.8163 
4860 0.997486 -0.548814 -98065.4 13.8454 
4870 0.997431 0.466157 -98064.8 13.8754 
4880 0.997431 0.976405 -98064.8 13.9037 
4890 0.997451 0.959646 -98066.6 13.9331 
4900 0.997451 0.448937 -98066.6 13.9612 
4910 0.997458 0.799773 -98066.8 13.9901 
4920 0.997463 -0.229758 -98064.6 14.0177 
4930 0.997462 0.15189 -98064.6 14.0458 
4940 0.997505 0.74687 -98068.2 14.0757 
4950 0.997514 -0.333315 -98068.7 14.0989 
4960 0.997512 -0.00918045 -98068.7 14.1262 
4970 0.997512 0.726725 -98068.7 14.149 
4980 0.997422 -0.797728 -98061 14.1795 
4990 0.997422 -0.966938 -98061 14.2049 
5000 0.997586 -0.913527 -98069.9 14.2352 
5010 0.997625 -0.609457 -98071.4 14.2652 
5020 0.997626 0.00402993 -98071.8 14.2951 
5030 0.997552 0.69591 -98072.1 14.324 
5040 0.997546 0.561536 -98071.9 14.3543 
5050 0.99749 -0.480369 -98067.5 14.384 
5060 0.997513 0.609463 -98068.7 14.4144 
5070 0.997513 -0.780748 -98068.7 14.4398 
5080 0.997428 -0.743001 -98061.9 14.4707 
5090 0.997436 -0.5785 -98062.8 14.4991 
5100 0.997532 0.793242 -98058.4 14.5333 
5110 0.997583 0.547015 -98065.4 14.5599 
5120 0.997525 0.887849 -98055.3 14.5917 
5130 0.997534 -0.447283 -98056.2 14.6201 
5140 0.997502 0.0387315 -98057.4 14.6475 
5150 0.997483 0.667827 -98056.2 14.6736 
5160 0.997456 0.8034 -98052.8 14.7059 
5170 0.997488 0.705321 -98050.9 14.7375 
5180 0.99747 -0.322661 -98050.6 14.7672 
5190 0.997466 0.340329 -98051.4 14.7947 
5200 0.997464 0.884161 -98051.2 14.8201 
5210 0.997553 0.155485 -98067.4 14.85 
5220 0.997576 0.407263 -98069.4 14.8787 
5230 0.997576 -0.544303 -98069.4 14.9068 
5240 0.99759 0.703218 -98073.9 14.9371 
5250 0.99759 -0.703061 -98073.9 14.9652 
5260 0.99759 -0.748773 -98073.9 14.9907 
5270 0.997567 0.71566 -98070.9 15.0196 
5280 0.997567 0.234299 -98070.9 15.0451 
5290 0.997477 0.556398 -98064.6 15.0747 
5300 0.997466 -0.574262 -98062 15.1075 
5310 0.997558 0.124208 -98062 15.1323 
5320 0.997578 -0.0590168 -98062.9 15.1634 
5330 0.997578 0.300144 -98062.9 15.1917 
5340 0.997534 0.296361 -98048.7 15.2234 
5350 0.997552 0.306772 -98052.7 15.2537 
5360 0.997579 -0.234093 -98054.6 15.283 
5370 0.997586 0.678362 -98057.3 15.3116 
5380 0.997586 -0.314811 -98057.3 15.3398 
5390 0.997586 -0.315442 -98057.3 15.3679 
5400 0.997586 0.0217482 -98057.3 15.3961 
5410 0.997558 0.614413 -98054.7 15.4254 
5420 0.997597 0.944362 -98057.6 15.4531 
5430 0.997625 -0.061263 -98058.6 15.4861 
5440 0.997621 -0.732773 -98058.3 15.512 
5450 0.997578 0.283119 -98053.5 15.5331 
5460 0.997578 0.777844 -98053.5 15.5585 
5470 0.997608 0.966172 -98060 15.5888 
5480 0.997586 -0.164808 -98057.8 15.6167 
5490 0.997586 0.855386 -98057.8 15.6448 
5500 0.997586 -0.0331316 -98057.8 15.6729 
5510 0.99752 -0.254828 -98055.8 15.7002 
5520 0.99752 -0.624161 -98055.8 15.7283 
5530 0.997525 0.462998 -98056.9 15.7579 
5540 0.997504 -0.181041 -98051.9 15.7884 
5550 0.997577 0.799236 -98058.4 15.818 
5560 0.997578 0.885526 -98058.4 15.8434 
5570 0.997625 0.653614 -98063.7 15.874 
5580 0.997679 -0.662728 -98070 15.9067 
5590 0.997679 0.68688 -98070 15.9321 
5600 0.997662 -0.0887924 -98070 15.9627 
5610 0.997661 -0.791543 -98070 15.9912 
5620 0.997693 -0.0873843 -98071.6 16.0225 
5630 0.997693 0.00858644 -98071.6 16.0505 
5640 0.997665 0.305224 -98067.5 16.0797 
5650 0.997658 -0.381286 -98066.7 16.1031 
5660 0.99769 -0.86849 -98071.8 16.1365 
5670 0.99769 -0.402973 -98071.7 16.1646 
5680 0.99769 0.487895 -98071.7 16.193 
5690 0.997527 -0.242401 -98064.1 16.2247 
5700 0.997527 -0.630029 -98064.1 16.253 
5710 0.997527 0.689105 -98064.1 16.281 
5720 0.997494 0.69867 -98060.6 16.3079 
5730 0.997434 -0.0440236 -98057.8 16.3331 
5740 0.997559 -0.39968 -98065.5 16.3655 
5750 0.997559 0.196696 -98065.5 16.3856 
5760 0.997562 -0.915272 -98065.9 16.4095 
5770 0.997536 0.17055 -98062.1 16.4367 
5780 0.997616 0.67673 -98068.2 16.4674 
5790 0.997616 -0.892269 -98068.2 16.4929 
5800 0.99761 -0.262005 -98067.3 16.519 
5810 0.99761 0.0768129 -98067.3 16.5446 
5820 0.997611 -0.616618 -98067.4 16.5706 
5830 0.997613 -0.0575464 -98067.7 16.5938 
5840 0.997549 -0.52063 -98072.7 16.6243 
5850 0.997546 0.0650027 -98073.9 16.6525 
5860 0.997505 0.0483154 -98069.1 16.6832 
5870 0.997505 0.429434 -98069.1 16.7089 
5880 0.997504 -0.439277 -98070.8 16.7364 
5890 0.997705 0.744488 -98088.9 16.765 
5900 0.997536 0.267362 -98064.4 16.7979 
5910 0.997557 0.716332 -98067.5 16.8273 
5920 0.997702 -0.0484765 -98080.5 16.8588 
5930 0.997769 0.532618 -98077.4 16.8879 
5940 0.997756 -0.865898 -98076.3 16.9141 
5950 0.997756 -0.65019 -98076.4 16.9424 
5960 0.997754 0.882875 -98076 16.969 
5970 0.997779 -0.615451 -98078 17.0007 
5980 0.997764 0.327381 -98078.6 17.0316 
5990 0.997764 0.972423 -98078.7 17.0599 
6000 0.9977 0.362523 -98075.4 17.0908 
6010 0.997696 0.260918 -98075.1 17.1194 
6020 0.997696 0.68661 -98075.1 17.1476 
6030 0.997727 -0.183121 -98079.3 17.1771 
6040 0.99773 -0.878919 -98079.5 17.2053 
6050 0.997645 -0.880242 -98067.3 17.2374 
6060 0.997645 0.35161 -98067.4 17.2659 
6070 0.997645 0.930541 -98067.3 17.2914 
6080 0.997538 0.330613 -98062.3 17.3217 
6090 0.997538 -0.260887 -98062.3 17.3447 
6100 0.997526 0.873995 -98060.4 17.3751 
6110 0.997528 0.786725 -98060.6 17.4037 
6120 0.997521 -0.480724 -98063 17.4353 
6130 0.9975 0.620863 -98062.9 17.4608 
6140 0.99758 0.105024 -98067.4 17.49 
6150 0.997536 -0.579375 -98066.4 17.5202 
6160 0.997536 -0.654035 -98066.4 17.5458 
6170 0.997536 0.428102 -98066.4 17.5741 
6180 0.997532 0.145699 -98067.4 17.6043 
6190 0.99746 0.484651 -98067.5 17.6333 
6200 0.997485 -0.434688 -98069.1 17.6626 
6210 0.997527 0.181844 -98065.7 17.6871 
6220 0.997521 0.297104 -98065.2 17.7157 
6230 0.997506 0.424475 -98068.9 17.746 
6240 0.997598 -0.239811 -98075.1 17.7763 
6250 0.997722 -0.100343 -98087.5 17.8064 
6260 0.997683 -0.400256 -98087.4 17.8342 
6270 0.99756 -0.312542 -98073.7 17.8587 
6280 0.997556 -0.298975 -98073.1 17.8858 
6290 0.997641 -0.826215 -98082.4 17.9179 
6300 0.997657 0.00961253 -98086.5 17.9453 
6310 0.997657 -0.686925 -98086.5 17.9681 
6320 0.99768 -0.278209 -98085.2 17.9998 
6330 0.997661 0.31041 -98083.3 18.0299 
6340 0.997622 0.219678 -98076.2 18.0632 
6350 0.997593 -0.656434 -98075.8 18.0925 
6360 0.997593 0.46353 -98075.8 18.1209 
6370 0.997732 -0.955661 -98081.4 18.1509 
6380 0.997696 -0.762265 -98078.6 18.1816 
6390 0.997696 0.0549107 -98078.6 18.2101 
6400 0.997696 -0.363127 -98078.6 18.2382 
6410 0.99762 0.0390802 -98074 18.2686 
6420 0.997572 0.436592 -98069.3 18.2943 
6430 0.997572 0.260992 -98069.3 18.3227 
6440 0.997677 -0.088356 -98075.6 18.355 
6450 0.997639 0.123208 -98070 18.3811 
6460 0.9977 -0.596611 -98071.3 18.4109 
6470 0.9977 0.0750998 -98071.3 18.4364 
6480 0.9977 0.496413 -98071.3 18.4619 
6490 0.997698 -0.0149709 -98072.7 18.4865 
6500 0.997702 -0.418511 -98071.4 18.5167 
6510 0.997646 0.528945 -98066.3 18.5464 
6520 0.997646 0.136731 -98066.2 18.5745 
6530 0.997682 0.50544 -98069.7 18.6056 
6540 0.997696 0.788891 -98070.4 18.636 
6550 0.997696 -0.536191 -98070.4 18.6642 
6560 0.997667 -0.111025 -98068.9 18.6938 
6570 0.997667 -0.744119 -98068.9 18.722 
6580 0.997672 0.127578 -98071.9 18.7535 
6590 0.997618 -0.907899 -98075.2 18.7798 
6600 0.997542 -0.343681 -98068.9 18.8075 
6610 0.997546 -0.253177 -98068.9 18.8369 
6620 0.997468 -0.688278 -98058.3 18.8689 
6630 0.997461 0.0669587 -98057.1 18.8986 
6640 0.997514 0.637018 -98063.1 18.9289 
6650 0.997519 -0.887645 -98063.3 18.9558 
6660 0.997606 -0.892223 -98068.9 18.9863 
6670 0.997588 -0.0718755 -98076.9 19.0154 
6680 0.997606 -0.117648 -98076.3 19.0413 
6690 0.997555 -0.482652 -98069.4 19.0717 
6700 0.997403 0.961287 -98061.5 19.1029 
6710 0.9974 0.143887 -98061.1 19.1313 
6720 0.997381 0.223139 -98059.2 19.1624 
6730 0.997417 0.0912862 -98062.3 19.1918 
6740 0.997417 -0.939283 -98062.3 19.2199 
6750 0.997418 0.363096 -98063.5 19.2507 
6760 0.997418 -0.739173 -98063.4 19.2789 
6770 0.997418 0.732764 -98063.4 19.3071 
6780 0.997418 -0.612585 -98063.4 19.3353 
6790 0.997469 0.54188 -98069.5 19.3682 
6800 0.997469 0.870014 -98069.4 19.3964 
6810 0.997471 -0.203493 -98069.6 19.4247 
6820 0.997538 0.387641 -98072.1 19.455 
6830 0.997604 -0.880866 -98076 19.4863 
6840 0.997478 0.642883 -98075.8 19.5124 
6850 0.997478 -0.538295 -98075.8 19.5382 
6860 0.997477 -0.0483698 -98073 19.5658 
6870 0.997571 -0.0729483 -98068.1 19.5945 
6880 0.997586 0.262744 -98067.5 19.6275 
6890 0.997712 -0.381481 -98068.3 19.6532 
6900 0.997712 -0.628006 -98068.3 19.6815 
6910 0.997606 -0.514687 -98063.6 19.7089 
6920 0.997608 0.124024 -98066.8 19.7365 
6930 0.997556 -0.281828 -98065.1 19.7659 
6940 0.997611 0.447896 -98070.1 19.7968 
6950 0.997515 -0.705906 -98061.8 19.8261 
6960 0.997515 0.573905 -98061.8 19.8518 
6970 0.997527 -0.946931 -98062.9 19.8811 
6980 0.997422 0.667558 -98059.6 19.9115 
6990 0.997427 0.673362 -98059.9 19.9347 
7000 0.997487 -0.558873 -98060.2 19.9655 
7010 0.997543 0.205994 -98066.6 19.9957 
7020 0.997558 0.763146 -98068 20.0288 
7030 0.997558 0.452112 -98068 20.0544 
7040 0.997572 0.185764 -98069.9 20.0835 
7050 0.997572 0.187746 -98069.9 20.1117 
7060 0.997565 -0.932645 -98069.2 20.1405 
7070 0.997566 0.430083 -98069.7 20.1695 
7080 0.997566 -0.621769 -98069.8 20.1976 
7090 0.997566 0.209681 -98069.8 20.2258 
7100 0.997622 0.433635 -98064.6 20.2549 
7110 0.997633 -0.245484 -98066.7 20.2838 
7120 0.997647 -0.953292 -98068.3 20.3123 
7130 0.997615 0.637022 -98067.5 20.3428 
7140 0.997618 0.146808 -98065.7 20.3703 
7150 0.997618 -0.591664 -98065.7 20.3985 
7160 0.997494 -0.158004 -98062.1 20.4216 
7170 0.997517 0.306087 -98063 20.4495 
7180 0.997524 -0.843618 -98058.1 20.4814 
7190 0.997524 -0.801495 -98058.1 20.5096 
7200 0.997531 0.117954 -98058.9 20.538 
7210 0.997547 -0.622863 -98061.6 20.5676 
7220 0.997582 -0.418796 -98062.6 20.5952 
7230 0.997542 0.959304 -98059.6 20.6242 
7240 0.997566 0.306137 -98064.6 20.6569 
7250 0.997705 -0.353416 -98070.4 20.687 
7260 0.997673 -0.049442 -98063.8 20.7168 
7270 0.997623 -0.459349 -98061.4 20.7478 
7280 0.997545 0.576005 -98059.4 20.7781 
7290 0.997545 -0.710385 -98059.4 20.8063 
7300 0.997536 -0.246234 -98061.4 20.8292 
7310 0.997526 -0.38848 -98060.3 20.8577 
7320 0.997462 0.227575 -98051.3 20.8882 
7330 0.997421 -0.724317 -98040.8 20.9189 
7340 0.997432 0.456602 -98041.7 20.9478 
7350 0.997467 0.699499 -98045.7 20.9774 
7360 0.997582 -0.439151 -98056.9 21.008 
7370 0.997589 0.146325 -98057.6 21.034 
7380 0.997587 0.38407 -98056.8 21.0631 
7390 0.997591 0.895214 -98057.3 21.093 
7400 0.997591 -0.558571 -98057.3 21.1213 
7410 0.997591 -0.422871 -98057.3 21.1494 
7420 0.997593 -0.683433 -98057.7 21.1781 
7430 0.997669 -0.680117 -98059.7 21.2052 
7440 0.997724 -0.0282887 -98064.6 21.2354 
7450 0.997721 -0.242334 -98064.2 21.2639 
7460 0.997721 0.987423 -98064.2 21.2921 
7470 0.997721 0.898323 -98064.2 21.3205 
7480 0.997722 0.906757 -98064.2 21.3486 
7490 0.99756 0.179526 -98056.3 21.3768 
7500 0.9975 -0.386926 -98052 21.4069 
7510 0.997508 0.00334047 -98052.9 21.436 
7520 0.997507 -0.357842 -98052.9 21.4615 
7530 0.997507 -0.781551 -98052.9 21.4898 
7540 0.997507 0.334518 -98052.8 21.5156 
7550 0.997482 0.773498 -98050.6 21.5469 
7560 0.997482 0.645361 -98050.6 21.575 
7570 0.997623 -0.327247 -98064.2 21.6073 
7580 0.99754 0.701006 -98060.8 21.6296 
7590 0.99754 -0.245602 -98060.9 21.6578 
7600 0.99754 0.950382 -98060.9 21.686 
7610 0.99756 -0.64535 -98062.9 21.7119 
7620 0.99756 -0.481986 -98062.9 21.7375 
7630 0.997608 -0.0442471 -98068.1 21.7696 
7640 0.997543 -0.0658507 -98066.5 21.801 
7650 0.997591 0.0651102 -98069.9 21.8289 
7660 0.997542 0.0960249 -98066.7 21.8572 
7670 0.997481 -0.216201 -98061.1 21.8885 
7680 0.997481 0.493362 -98061.1 21.9139 
7690 0.99748 -0.927393 -98061 21.9439 
7700 0.99748 0.762537 -98061 21.9721 
7710 0.99748 -0.386646 -98061 22.0003 
7720 0.997523 -0.652957 -98061.8 22.0298 
7730 0.997508 0.509416 -98061.9 22.0587 
7740 0.997508 0.921988 -98061.9 22.0869 
7750 0.997506 -0.217047 -98059.1 22.1147 
7760 0.997522 0.549347 -98061.4 22.1435 
7770 0.997522 0.309815 -98061.4 22.1718 
7780 0.997511 -0.570547 -98060.2 22.2039 
7790 0.99754 0.517384 -98064 22.2336 
7800 0.997545 0.363421 -98065.5 22.2629 
7810 0.997575 -0.0648967 -98070.8 22.2942 
7820 0.997587 0.335517 -98072.3 22.323 
7830 0.997593 0.0364827 -98073 22.3529 
7840 0.997578 0.194493 -98072.3 22.3845 
7850 0.997579 0.457367 -98072.4 22.4129 
7860 0.997609 0.716067 -98069.4 22.4409 
7870 0.997594 -0.953528 -98068.1 22.467 
7880 0.997653 -0.0103143 -98074.2 22.4973 
7890 0.997654 -0.640205 -98073.1 22.526 
7900 0.997626 -0.427694 -98071.5 22.5549 
7910 0.997627 -0.112924 -98071.5 22.5778 
7920 0.997635 0.732373 -98072.3 22.6071 
7930 0.997702 -0.505773 -98075.3 22.6369 
7940 0.997702 0.633296 -98075.3 22.6653 
7950 0.997702 -0.627043 -98075.3 22.6908 
7960 0.997702 -0.96209 -98075.4 22.719 
7970 0.997677 0.689724 -98073.7 22.7462 
7980 0.997753 0.437023 -98081.7 22.7727 
7990 0.997753 0.933181 -98081.7 22.8011 
8000 0.997753 0.0664605 -98081.7 22.8266 
8010 0.997754 0.590121 -98082.9 22.8558 
8020 0.997755 -0.088353 -98083.2 22.8819 
8030 0.99777 -0.665289 -98084.1 22.9112 
8040 0.997718 -0.842412 -98078.9 22.9348 
8050 0.997717 -0.074473 -98078.8 22.961 
8060 0.997715 0.925144 -98078.7 22.991 
8070 0.997734 -0.44598 -98082.9 23.0201 
8080 0.997734 0.757669 -98082.9 23.0457 
8090 0.997792 0.674063 -98082.3 23.074 
8100 0.997792 0.802902 -98082.3 23.1022 
8110 0.997721 -0.0782948 -98082.4 23.1298 
8120 0.997696 -0.447403 -98087.5 23.1583 
8130 0.997697 0.237329 -98087.7 23.1839 
8140 0.997697 0.893842 -98087.6 23.2121 
8150 0.997697 -0.704131 -98087.6 23.2405 
8160 0.997587 0.258755 -98077.8 23.2645 
8170 0.997559 0.744853 -98075.5 23.2953 
8180 0.997524 0.159967 -98069.6 23.3229 
8190 0.997578 0.449867 -98070.6 23.3532 
8200 0.997602 -0.151441 -98071.4 23.3779 
8210 0.997576 0.742634 -98070.3 23.4087 
8220 0.997576 0.938415 -98070.3 23.4369 
8230 0.997579 0.753794 -98069 23.4623 
8240 0.997579 -0.580041 -98069 23.4904 
8250 0.997539 -0.813142 -98068.4 23.5199 
8260 0.997474 0.575968 -98060.5 23.5504 
8270 0.997562 0.648829 -98061.3 23.5791 
8280 0.997516 -0.639963 -98056.7 23.6066 
8290 0.997519 0.173027 -98057.1 23.635 
8300 0.997519 0.208778 -98057.1 23.6632 
8310 0.997552 0.630621 -98065.7 23.6946 
8320 0.997552 0.527681 -98065.7 23.723 
8330 0.997552 0.020463 -98065.7 23.7486 
8340 0.997549 -0.82956 -98065.4 23.7743 
8350 0.997464 -0.2524 -98059.2 23.8043 
8360 0.997469 -0.65952 -98059.4 23.8327 
8370 0.997469 -0.949103 -98059.4 23.8609 
8380 0.997467 -0.875673 -98059.1 23.8891 
8390 0.997462 0.776229 -98058.6 23.9175 
8400 0.997497 -0.88982 -98061.3 23.9437 
8410 0.997497 0.570401 -98061.3 23.9692 
8420 0.997469 -0.7948 -98057.3 23.9991 
8430 0.997511 0.343379 -98060.8 24.029 
8440 0.997445 0.218082 -98058.6 24.0504 
8450 0.997377 -0.308334 -98056.6 24.0828 
8460 0.997397 0.287733 -98058.5 24.1113 
8470 0.997503 -0.288876 -98067.1 24.1424 
8480 0.997656 0.258397 -98076.6 24.1692 
8490 0.997656 0.806052 -98076.6 24.195 
8500 0.997656 0.499957 -98076.6 24.2232 
8510 0.997655 0.106712 -98076.6 24.2514 
8520 0.997645 -0.385144 -98069.9 24.2827 
8530 0.997645 0.00362548 -98069.9 24.3084 
8540 0.997645 0.935606 -98069.9 24.3368 
8550 0.997571 -0.590372 -98067.5 24.3669 
8560 0.997535 -0.647297 -98064.2 24.3958 
8570 0.997513 -0.834302 -98057.7 24.4267 
8580 0.997561 0.153548 -98060 24.4545 
8590 0.997563 -0.565726 -98060.2 24.4829 
8600 0.997569 -0.847583 -98060.9 24.5089 
8610 0.997585 -0.852843 -98062.5 24.5378 
8620 0.997577 -0.303829 -98061.8 24.5641 
8630 0.997557 -0.346903 -98060.3 24.5927 
8640 0.997591 -0.81297 -98063.6 24.6227 
8650 0.997567 -0.247969 -98061.4 24.6502 
8660 0.997508 -0.927493 -98065.9 24.6785 
8670 0.997547 0.143687 -98067.3 24.7027 
8680 0.997544 0.0511315 -98066.4 24.7358 
8690 0.997566 0.053682 -98066.7 24.7595 
8700 0.997566 0.139541 -98066.7 24.7877 
8710 0.997572 -0.5804 -98067.5 24.8134 
8720 0.997573 0.296829 -98067.5 24.8418 
8730 0.997515 -0.643527 -98064.1 24.8741 
8740 0.997509 0.964166 -98064.3 24.8981 
8750 0.997525 -0.743735 -98066.7 24.9281 
8760 0.997507 0.982887 -98063.7 24.9585 
8770 0.997507 0.350836 -98063.7 24.9866 
8780 0.997555 0.856342 -98056.9 25.0158 
8790 0.997524 -0.796359 -98060.3 25.0462 
8800 0.997523 -0.114811 -98060.3 25.0717 
8810 0.997523 0.715357 -98060.3 25.0999 
8820 0.997558 -0.155488 -98061.3 25.13 
8830 0.997537 0.994998 -98062 25.1625 
8840 0.997551 0.230564 -98056.5 25.1973 
8850 0.997471 0.641618 -98049.6 25.225 
8860 0.997407 -0.500591 -98047.7 25.2509 
8870 0.997407 0.654656 -98047.7 25.2764 
8880 0.997564 -0.263738 -98052.5 25.3066 
8890 0.997576 -0.336021 -98058.1 25.3359 
8900 0.997588 0.110234 -98057.9 25.3627 
8910 0.997588 -0.334533 -98057.9 25.391 
8920 0.997577 0.143608 -98059 25.4231 
8930 0.997582 -0.74001 -98060 25.4519 
8940 0.997582 -0.286963 -98060 25.4801 
8950 0.997532 0.740976 -98058.2 25.5075 
8960 0.997531 0.729946 -98056.3 25.5405 
8970 0.997546 0.661458 -98058.1 25.5666 
8980 0.997546 0.781241 -98058.1 25.5948 
8990 0.997576 0.117848 -98061.2 25.6221 
9000 0.997591 -0.824182 -98067 25.6542 
9010 0.99766 0.938288 -98073.1 25.6842 
9020 0.997698 -0.795356 -98078.4 25.7145 
9030 0.997691 -0.584826 -98077.6 25.7431 
9040 0.997693 -0.374962 -98077.4 25.7724 
9050 0.997675 -0.447712 -98071.2 25.8033 
9060 0.997641 0.252257 -98071.3 25.8346 
9070 0.99757 0.952448 -98065.6 25.8646 
9080 0.99757 -0.729877 -98065.6 25.8928 
9090 0.99753 -0.680763 -98060 25.9245 
9100 0.99753 -0.989541 -98060 25.95 
9110 0.997548 0.694149 -98061.8 25.9761 
9120 0.997539 0.784905 -98059.8 26.0064 
9130 0.99756 -0.600084 -98062 26.0324 
9140 0.997592 0.67638 -98064.2 26.0593 
9150 0.997592 -0.909526 -98064.3 26.0848 
9160 0.997432 -0.293127 -98056.2 26.1192 
9170 0.997496 -0.953863 -98058 26.1514 
9180 0.997527 0.596692 -98060.9 26.1809 
9190 0.997527 -0.461419 -98060.9 26.2091 
9200 0.997523 -0.443873 -98059.2 26.2385 
9210 0.997592 -0.87343 -98066.8 26.2633 
9220 0.997688 0.106185 -98074.9 26.2928 
9230 0.997698 -0.647508 -98075.7 26.3203 
9240 0.997625 -0.429345 -98068.7 26.3514 
9250 0.99768 0.658358 -98073 26.3808 
9260 0.997654 0.553371 -98071.9 26.4082 
9270 0.997653 -0.0618537 -98072.2 26.4313 
9280 0.997653 -0.30089 -98072.2 26.4541 
9290 0.997653 -0.754239 -98072.2 26.4825 
9300 0.997653 -0.112511 -98072.2 26.5107 
9310 0.997577 -0.120176 -98073.7 26.5358 
9320 0.997622 0.0411109 -98075.6 26.5663 
9330 0.997574 0.280642 -98070.4 26.5939 
9340 0.99753 0.801997 -98067.5 26.6238 
9350 0.99753 0.853988 -98067.5 26.652 
9360 0.997509 0.987949 -98065.8 26.6783 
9370 0.997598 -0.950194 -98074.4 26.7087 
9380 0.997675 -0.181139 -98082 26.7391 
9390 0.997675 0.484463 -98082 26.7674 
9400 0.997524 -0.133361 -98068.1 26.7979 
9410 0.997518 -0.334599 -98067 26.8265 
9420 0.997458 0.301885 -98064.4 26.8564 
9430 0.997458 0.253845 -98064.4 26.8846 
9440 0.997467 -0.800636 -98065.2 26.913 
9450 0.997463 0.281283 -98064.7 26.9417 
9460 0.997397 0.134538 -98062.2 26.9667 
9470 0.997397 0.635595 -98062.2 26.995 
9480 0.997397 -0.947755 -98063.6 27.0202 
9490 0.997449 0.231532 -98062.1 27.0521 
9500 0.997449 -0.381453 -98062.1 27.0805 
9510 0.997447 -0.204855 -98062.1 27.1104 
9520 0.997456 -0.831013 -98063.1 27.1389 
9530 0.997417 0.265847 -98059.1 27.1677 
9540 0.997454 0.223348 -98060.4 27.1941 
9550 0.997517 0.972437 -98064.6 27.2243 
9560 0.997507 -0.113208 -98062.9 27.2508 
9570 0.997517 0.278803 -98063.4 27.2799 
9580 0.997492 -0.923365 -98062.9 27.31 
9590 0.997483 0.0802816 -98062.9 27.3398 
9600 0.997471 0.455684 -98061.7 27.366 
9610 0.997471 -0.533031 -98061.8 27.3942 
9620 0.997469 -0.792272 -98061.5 27.4205 
9630 0.997469 0.904897 -98061.5 27.4487 
9640 0.99747 0.046452 -98061.5 27.4717 
9650 0.997498 -0.859872 -98064.5 27.5027 
9660 0.997462 0.549129 -98061.4 27.5328 
9670 0.99752 -0.233177 -98068.1 27.5634 
9680 0.99752 0.566556 -98068.1 27.5918 
9690 0.997383 -0.647179 -98063 27.6221 
9700 0.997453 -0.91386 -98067.4 27.6522 
9710 0.997467 0.33378 -98066.6 27.6821 
9720 0.997489 -0.255875 -98068.1 27.7139 
9730 0.997434 -0.19833 -98068.6 27.7443 
9740 0.997378 0.744239 -98064.3 27.7711 
9750 0.99736 0.0882202 -98062.8 27.7998 
9760 0.99736 -0.569534 -98062.8 27.828 
9770 0.99736 0.714237 -98062.8 27.8561 
9780 0.99736 -0.601387 -98062.9 27.8843 
9790 0.997347 -0.652189 -98059.6 27.9142 
9800 0.99743 -0.865868 -98058.4 27.9418 
9810 0.997363 -0.895463 -98054.3 27.967 
9820 0.997363 -0.673274 -98054.3 27.9952 
9830 0.997431 0.437137 -98061.4 28.0256 
9840 0.997427 0.188755 -98061.1 28.0538 
9850 0.997448 -0.963373 -98062.2 28.083 
9860 0.997497 -0.55873 -98064 28.1152 
9870 0.997484 0.0812701 -98062.7 28.1389 
9880 0.997474 -0.581174 -98062.4 28.168 
9890 0.997439 -0.878023 -98055.6 28.1991 
9900 0.997373 0.157302 -98049.6 28.2264 
9910 0.997256 0.610689 -98046.2 28.2568 
9920 0.997358 -0.425877 -98051.5 28.2837 
9930 0.997354 -0.0390333 -98051.3 28.312 
9940 0.997354 -0.644056 -98051.3 28.3375 
9950 0.997357 -0.977304 -98051.4 28.3658 
9960 0.997364 -0.829171 -98052.3 28.3944 
9970 0.997467 -0.765925 -98058.7 28.4189 
9980 0.997516 0.980624 -98060.9 28.4465 
9990 0.997517 0.301879 -98060.9 28.4747 
10000 0.997516 0.620218 -98060.9 28.5031 
