0 1 1 -98304 0 
10 1 0.85108 -98304.1 0.0304639 
20 0.999333 0.948364 -98227.7 0.0638161 
30 0.999311 0.729348 -98225 0.0958051 
40 0.998928 0.458722 -98186.6 0.128981 
50 0.99889 0.00612169 -98182.1 0.163038 
60 0.998777 -0.297413 -98171.9 0.196014 
70 0.998682 0.418334 -98165 0.229013 
80 0.998558 -0.877174 -98150.6 0.259283 
90 0.998558 0.865504 -98150.7 0.290735 
100 0.997944 0.369051 -98097.4 0.318578 
110 0.997954 0.103637 -98098.8 0.349609 
120 0.997954 0.658001 -98098.8 0.379958 
130 0.997945 0.0923033 -98098.2 0.411751 
140 0.997405 -0.948403 -98056.6 0.443441 
150 0.997506 0.722918 -98066.3 0.475894 
160 0.997506 -0.0196001 -98066.3 0.507073 
170 0.997585 -0.365615 -98068.5 0.539077 
180 0.99759 -0.237675 -98069.1 0.570425 
190 0.997579 -0.75278 -98067.9 0.601916 
200 0.997452 0.27976 -98053.3 0.633675 
210 0.997461 -0.823958 -98053.6 0.664654 
220 0.997405 0.00556785 -98049.1 0.692935 
230 0.997697 -0.0519509 -98078.9 0.726385 
240 0.997417 0.0687963 -98045.6 0.761992 
250 0.997414 -0.107269 -98045.3 0.789885 
260 0.997414 0.40297 -98045.3 0.821029 
270 0.997386 -0.718929 -98043.1 0.851176 
280 0.997386 0.177476 -98043 0.883438 
290 0.997386 -0.585967 -98043.1 0.914458 
300 0.99723 0.0550454 -98029.3 0.944562 
310 0.997378 0.208491 -98038.9 0.971618 
320 0.997391 -0.5592 -98038.7 1.00655 
330 0.997377 0.0856559 -98037.5 1.03495 
340 0.997578 -0.818461 -98055.9 1.06593 
350 0.99758 0.46034 -98056.1 1.09666 
360 0.997577 0.375583 -98055.9 1.12777 
370 0.997577 0.0138246 -98055.9 1.1559 
380 0.997601 0.584943 -98057.9 1.18669 
390 0.997526 -0.225389 -98049.4 1.21284 
400 0.997526 -0.161228 -98049.4 1.24044 
410 0.997527 0.421383 -98049.6 1.26843 
420 0.997527 -0.218946 -98049.6 1.30018 
430 0.997527 0.285741 -98049.6 1.33099 
440 0.997527 0.0588065 -98049.9 1.36126 
450 0.997464 0.0256884 -98043.2 1.39429 
460 0.997486 -0.834531 -98045.5 1.42623 
470 0.997609 0.357978 -98061.7 1.45606 
480 0.997609 -0.193692 -98061.7 1.48658 
490 0.99755 0.499467 -98052.3 1.519 
500 0.99751 0.293718 -98049.1 1.54858 
510 0.997601 -0.250615 -98056.8 1.58193 
520 0.997601 0.621672 -98056.8 1.61002 
530 0.997513 0.490736 -98049.1 1.63836 
540 0.997513 0.416424 -98049.1 1.66893 
550 0.997524 -0.107714 -98049.2 1.6979 
560 0.997524 -0.0812425 -98049.2 1.72848 
570 0.997524 -0.593629 -98049.2 1.7592 
580 0.997498 0.823361 -98050.3 1.78176 
590 0.997542 -0.386178 -98050.1 1.81401 
600 0.997496 0.774328 -98046.1 1.84618 
610 0.997393 -0.888104 -98044.2 1.87816 
620 0.997495 0.974339 -98054.3 1.91334 
630 0.997541 -0.248749 -98060.9 1.94709 
640 0.997507 -0.329608 -98057.8 1.97749 
650 0.997506 0.753728 -98057.9 2.00904 
660 0.997506 0.165811 -98057.9 2.03948 
670 0.997471 -0.744587 -98055.1 2.07092 
680 0.997589 0.0492562 -98063.4 2.10391 
690 0.997623 -0.217576 -98065.6 2.13337 
700 0.997549 -0.4321 -98060.8 2.16156 
710 0.997549 0.926141 -98060.8 2.18955 
720 0.997549 0.938876 -98060.8 2.2202 
730 0.997653 -0.142398 -98063.3 2.25337 
740 0.997648 0.134296 -98063 2.28574 
750 0.997646 0.0886467 -98062.7 2.31714 
760 0.997646 -0.928624 -98062.7 2.34821 
770 0.997646 -0.506661 -98062.6 2.37874 
780 0.997626 0.165991 -98061.1 2.40593 
790 0.997626 -0.431931 -98061.1 2.43668 
800 0.997608 0.378216 -98059.4 2.46793 
810 0.997627 0.456037 -98059.1 2.5016 
820 0.997615 0.548655 -98061.6 2.53653 
830 0.997615 -0.351073 -98061.6 2.56811 
840 0.99761 -0.747143 -98060.8 2.59666 
850 0.997573 0.594095 -98056.3 2.62958 
860 0.997638 -0.417144 -98064.8 2.6629 
870 0.997641 -0.536376 -98065.3 2.6938 
880 0.997653 0.19907 -98067 2.72514 
890 0.997687 0.0430176 -98071.1 2.75594 
900 0.997707 0.41912 -98073 2.78908 
910 0.997704 -0.188597 -98073.1 2.8182 
920 0.997712 -0.671194 -98074.8 2.84829 
930 0.997722 -0.47788 -98074.3 2.88488 
940 0.997683 -0.285584 -98071.8 2.91721 
950 0.997683 -0.404483 -98071.8 2.94782 
960 0.997784 -0.0729647 -98075.7 2.97856 
970 0.997789 0.714843 -98076 3.00987 
980 0.997763 0.110338 -98073 3.04265 
990 0.997775 0.39002 -98074 3.07153 
1000 0.997754 -0.41492 -98073.5 3.10657 
1010 0.997764 -0.704752 -98075.9 3.13738 
1020 0.997666 -0.1974 -98072.7 3.17045 
1030 0.997642 -0.93023 -98071.7 3.20094 
1040 0.997572 0.393365 -98063.8 3.23362 
1050 0.997572 -0.0943088 -98063.8 3.26127 
1060 0.99752 0.437413 -98063.8 3.29167 
1070 0.997507 0.601027 -98062.1 3.32358 
1080 0.997487 -0.976659 -98061.2 3.35644 
1090 0.997521 -0.873308 -98065 3.38837 
1100 0.997529 0.694773 -98063.8 3.41807 
1110 0.997556 0.986413 -98064.9 3.45016 
1120 0.997533 0.527137 -98063.3 3.47923 
1130 0.997634 0.938789 -98070.3 3.51589 
1140 0.997634 0.193528 -98070.3 3.54656 
1150 0.997633 0.61797 -98070.5 3.57785 
1160 0.997629 -0.306564 -98069.9 3.61004 
1170 0.997562 0.529784 -98069.8 3.6415 
1180 0.997565 -0.520975 -98070.1 3.66916 
1190 0.997422 0.806534 -98065.2 3.70008 
1200 0.997385 0.707619 -98062.2 3.73223 
1210 0.997445 0.677458 -98065.9 3.76539 
1220 0.997451 0.628505 -98066.3 3.79875 
1230 0.997444 0.707804 -98065.8 3.82675 
1240 0.997437 0.676703 -98065 3.85774 
1250 0.997429 -0.308343 -98065.1 3.88646 
1260 0.997429 -0.529207 -98065 3.91606 
1270 0.997429 0.381905 -98065 3.94671 
1280 0.997432 0.2357 -98065.3 3.9744 
1290 0.997432 0.714853 -98065.3 4.0051 
1300 0.997496 0.626694 -98065.2 4.03834 
1310 0.997496 0.280637 -98065.2 4.06899 
1320 0.997471 0.29574 -98063.1 4.10168 
1330 0.997433 0.372854 -98061.7 4.12797 
1340 0.99742 0.557327 -98067.6 4.16019 
1350 0.99742 -0.0665657 -98067.6 4.18549 
1360 0.99742 0.32326 -98067.6 4.21334 
1370 0.997424 0.667971 -98067.9 4.24401 
1380 0.997424 0.775883 -98067.4 4.27494 
1390 0.997439 -0.756036 -98069.5 4.30522 
1400 0.997439 -0.328032 -98069.5 4.33324 
1410 0.997512 -0.942323 -98076.4 4.36541 
1420 0.997512 0.489915 -98076.4 4.39604 
1430 0.997559 0.530933 -98076.1 4.42893 
1440 0.997557 0.0112624 -98075.8 4.45396 
1450 0.997544 -0.869928 -98072.8 4.48321 
1460 0.997504 0.925592 -98071.6 4.51637 
1470 0.997511 0.418495 -98070.1 4.55099 
1480 0.997506 0.270129 -98069.7 4.58264 
1490 0.997502 0.683228 -98066.4 4.61552 
1500 0.997441 -0.310301 -98059 4.64752 
1510 0.997441 -0.191348 -98059.1 4.67806 
1520 0.99752 -0.98697 -98063.2 4.70676 
1530 0.99752 0.385935 -98063.2 4.7344 
1540 0.997481 0.6105 -98058.3 4.76901 
1550 0.997507 0.134016 -98063.8 4.80023 
1560 0.997504 0.650882 -98063.6 4.8309 
1570 0.9975 -0.160539 -98062.3 4.8634 
1580 0.997489 0.88645 -98066.1 4.89339 
1590 0.99749 -0.587297 -98066.3 4.92626 
1600 0.997509 -0.409009 -98067.6 4.95817 
1610 0.997507 0.877628 -98066.8 4.9872 
1620 0.997537 -0.556619 -98068.4 5.01994 
1630 0.997477 -0.0636775 -98065.1 5.05389 
1640 0.997437 -0.779931 -98062.2 5.08608 
1650 0.997437 0.151601 -98062.2 5.11682 
1660 0.997639 -0.378651 -98078.3 5.15401 
1670 0.997678 -0.208599 -98073.3 5.18988 
1680 0.997678 -0.339025 -98073.3 5.22069 
1690 0.997678 -0.253183 -98073.3 5.24827 
1700 0.997676 -0.793178 -98073.9 5.28111 
1710 0.997644 -0.992594 -98070.2 5.31594 
1720 0.997627 0.635317 -98070.1 5.34626 
1730 0.997627 0.20763 -98070.1 5.37709 
1740 0.997627 0.967457 -98070.1 5.40763 
1750 0.997622 0.925468 -98069.7 5.43942 
1760 0.99761 -0.619328 -98069.8 5.47249 
1770 0.997611 -0.212527 -98069.9 5.50332 
1780 0.99761 0.635275 -98069.9 5.52832 
1790 0.997611 -0.0369201 -98069.9 5.55908 
1800 0.997558 0.299555 -98060.7 5.58708 
1810 0.997561 -0.351737 -98061 5.61578 
1820 0.997614 -0.196345 -98063.9 5.64952 
1830 0.997621 0.482224 -98064.6 5.68185 
1840 0.997624 0.537611 -98064.9 5.71237 
1850 0.997615 -0.1974 -98064.1 5.74346 
1860 0.997648 -0.655454 -98069.4 5.77789 
1870 0.997563 -0.44282 -98063.8 5.8103 
1880 0.997486 -0.626862 -98056.7 5.84086 
1890 0.997489 -0.198823 -98056.2 5.87419 
1900 0.997616 -0.167725 -98063 5.90875 
1910 0.997618 -0.595197 -98063.1 5.93742 
1920 0.997613 0.262815 -98065.3 5.96837 
1930 0.997557 -0.79493 -98060.1 5.99958 
1940 0.997553 0.0634434 -98059.7 6.03042 
1950 0.997553 -0.276982 -98059.6 6.06138 
1960 0.997553 -0.391087 -98059.7 6.09182 
1970 0.997576 -0.451842 -98062.2 6.123 
1980 0.997572 0.874269 -98063.5 6.1567 
1990 0.997561 0.258028 -98061.8 6.19024 
2000 0.99754 0.12518 -98058.7 6.21693 
2010 0.997548 -0.904061 -98059.7 6.24514 
2020 0.997536 -0.846107 -98063.6 6.27902 
2030 0.99752 0.178595 -98063.2 6.30541 
2040 0.997642 0.225672 -98070.6 6.3392 
2050 0.997581 0.237525 -98063.7 6.37299 
2060 0.997627 0.469216 -98070.1 6.4064 
2070 0.997616 -0.729092 -98069.3 6.43952 
2080 0.997657 0.337517 -98074 6.46853 
2090 0.997669 -0.400154 -98076.1 6.50107 
2100 0.997669 -0.397575 -98076.1 6.52296 
2110 0.997703 0.085035 -98080 6.5528 
2120 0.997675 0.0839777 -98075.8 6.58593 
2130 0.997675 0.604191 -98075.8 6.61426 
2140 0.997651 0.694865 -98073.5 6.64837 
2150 0.997651 0.919869 -98073.5 6.679 
2160 0.997547 -0.27351 -98067.9 6.7115 
2170 0.997595 -0.85621 -98067.3 6.74074 
2180 0.997655 -0.324286 -98068.2 6.77357 
2190 0.997611 -0.548867 -98066.9 6.8065 
2200 0.997636 -0.801055 -98066.8 6.83721 
2210 0.997636 -0.0921221 -98066.8 6.86811 
2220 0.997636 -0.385417 -98066.8 6.89287 
2230 0.997562 0.8052 -98056.7 6.92265 
2240 0.997701 0.088713 -98068.5 6.95836 
2250 0.997665 -0.717243 -98065.1 6.99173 
2260 0.997605 0.797501 -98060.7 7.02411 
2270 0.997601 0.660871 -98060.3 7.05561 
2280 0.997593 0.0950739 -98059.7 7.08324 
2290 0.997593 0.111943 -98059.7 7.11383 
2300 0.9976 -0.160041 -98060.2 7.14158 
2310 0.9976 -0.196208 -98060.2 7.16947 
2320 0.99759 -0.321641 -98059.3 7.20123 
2330 0.997591 -0.048551 -98059.3 7.22903 
2340 0.997438 -0.362769 -98046.9 7.26154 
2350 0.997468 -0.385115 -98046 7.29478 
2360 0.997468 0.177018 -98046 7.32597 
2370 0.997468 0.253752 -98046 7.35398 
2380 0.997468 -0.994087 -98046 7.3818 
2390 0.997471 0.263049 -98046.2 7.41263 
2400 0.997479 -0.922992 -98046.8 7.44398 
2410 0.997623 -0.772168 -98054.1 7.47686 
2420 0.997637 0.653482 -98057.1 7.50572 
2430 0.997646 -0.615381 -98057.8 7.53699 
2440 0.997646 -0.644928 -98057.8 7.56776 
2450 0.997647 0.641426 -98057.8 7.59951 
2460 0.997647 0.850542 -98057.8 7.62742 
2470 0.997646 -0.861002 -98057.8 7.6551 
2480 0.997626 0.606392 -98057.4 7.68503 
2490 0.997626 0.930652 -98057.4 7.71554 
2500 0.997584 0.755974 -98053.2 7.7444 
2510 0.997577 0.150056 -98052.5 7.77559 
2520 0.997577 -0.669313 -98052.4 7.80688 
2530 0.997583 0.976311 -98052.9 7.83805 
2540 0.99759 0.484018 -98053 7.86846 
2550 0.99759 0.0749412 -98053 7.89941 
2560 0.997579 -0.142334 -98050.4 7.93403 
2570 0.997587 0.730765 -98049.7 7.9634 
2580 0.997535 0.00997572 -98044.1 7.99042 
2590 0.997508 -0.134833 -98041.1 8.01557 
2600 0.997518 0.540612 -98042.5 8.04699 
2610 0.997541 -0.734473 -98045.7 8.07868 
2620 0.997588 -0.566163 -98058.3 8.11363 
2630 0.997647 -0.718128 -98063.4 8.14586 
2640 0.997677 0.852632 -98067.3 8.17868 
2650 0.997677 0.163333 -98067.3 8.20992 
2660 0.997602 -0.0453411 -98063.4 8.2448 
2670 0.997589 -0.0411146 -98064.4 8.2776 
2680 0.997589 -0.262216 -98064.4 8.30731 
2690 0.997639 0.060317 -98071.5 8.34189 
2700 0.997477 -0.983934 -98061.1 8.37492 
2710 0.997477 -0.303236 -98061.1 8.4055 
2720 0.99741 -0.0205494 -98057.2 8.43839 
2730 0.997326 0.277547 -98056.4 8.47206 
2740 0.997466 0.441632 -98061.4 8.50241 
2750 0.997543 -0.124013 -98067.6 8.53268 
2760 0.997543 -0.883239 -98067.7 8.56052 
2770 0.997548 0.524215 -98068.2 8.58634 
2780 0.99757 0.776854 -98071.8 8.62294 
2790 0.997573 0.975821 -98072.1 8.65382 
2800 0.997458 0.388119 -98060.3 8.68395 
2810 0.99745 0.184502 -98059.4 8.71503 
2820 0.997298 -0.497823 -98052.1 8.74774 
2830 0.997298 -0.770512 -98052.1 8.77836 
2840 0.997352 -0.687702 -98056.9 8.8114 
2850 0.997455 -0.145224 -98066 8.84433 
2860 0.997436 0.268223 -98064 8.87541 
2870 0.997529 -0.0226604 -98068.7 8.91346 
2880 0.997614 -0.497202 -98064.9 8.94493 
2890 0.997644 -0.0436389 -98067.2 8.97777 
2900 0.997644 0.557349 -98067.2 9.00564 
2910 0.997644 0.188731 -98067.2 9.03667 
2920 0.997636 0.453423 -98066.4 9.06802 
2930 0.997596 0.92119 -98062.3 9.10174 
2940 0.997596 0.270483 -98062.3 9.12937 
2950 0.997495 -0.467659 -98057 9.16209 
2960 0.997495 -0.656236 -98057 9.1931 
2970 0.997495 -0.974161 -98057 9.22515 
2980 0.997596 0.550199 -98068.1 9.25223 
2990 0.997538 0.120535 -98066.4 9.28527 
3000 0.997641 -0.181225 -98069.8 9.31714 
3010 0.997647 0.0410325 -98069.9 9.34567 
3020 0.997649 0.262116 -98069.2 9.37172 
3030 0.997628 -0.807775 -98068.2 9.40143 
3040 0.997628 0.549461 -98068.2 9.43218 
3050 0.997628 0.658372 -98068.2 9.46341 
3060 0.997628 0.593554 -98068.2 9.49399 
3070 0.997621 -0.668715 -98071.3 9.5267 
3080 0.997555 -0.236048 -98065 9.55954 
3090 0.997557 0.339033 -98065.2 9.59234 
3100 0.997543 0.584775 -98065.4 9.6245 
3110 0.997526 0.322486 -98064.3 9.65571 
3120 0.99755 -0.901019 -98066.4 9.68692 
3130 0.99755 -0.549247 -98066.4 9.71738 
3140 0.997582 -0.287065 -98068.2 9.75002 
3150 0.997591 -0.836926 -98069.6 9.78107 
3160 0.997612 0.471904 -98071.5 9.81334 
3170 0.997606 -0.805227 -98071.2 9.84361 
3180 0.997606 -0.362868 -98071.2 9.87413 
3190 0.99758 0.975715 -98068.5 9.90625 
3200 0.997705 -0.36687 -98082.3 9.93995 
3210 0.997705 -0.242273 -98082.3 9.97094 
3220 0.997706 -0.500541 -98082.4 10.0016 
3230 0.997701 0.134776 -98081.9 10.0324 
3240 0.997682 -0.0709103 -98070.4 10.0675 
3250 0.997682 0.152781 -98070.4 10.0951 
3260 0.997716 0.037364 -98074.2 10.1241 
3270 0.997683 0.392488 -98071.4 10.1568 
3280 0.99769 -0.462548 -98072.1 10.1853 
3290 0.997714 0.494902 -98074.2 10.2179 
3300 0.997714 0.447049 -98074.2 10.2466 
3310 0.997711 -0.745863 -98074 10.278 
3320 0.997712 -0.0109998 -98074.1 10.3091 
3330 0.997712 -0.574147 -98074.1 10.3405 
3340 0.997715 -0.963154 -98074.3 10.3719 
3350 0.997715 0.797936 -98074.3 10.4027 
3360 0.997715 -0.22703 -98074.3 10.4334 
3370 0.997722 0.951979 -98075 10.4641 
3380 0.997698 0.944065 -98065.8 10.4939 
3390 0.997698 -0.527035 -98065.8 10.5219 
3400 0.997674 -0.705755 -98073 10.555 
3410 0.997649 -0.911458 -98070 10.5871 
3420 0.99765 0.436576 -98070.1 10.616 
3430 0.997624 -0.71595 -98067.5 10.6475 
3440 0.99762 0.513791 -98067.2 10.6791 
3450 0.997606 0.456967 -98066.6 10.7107 
3460 0.997625 -0.446447 -98067.8 10.742 
3470 0.997625 0.764328 -98067.8 10.7727 
3480 0.99762 0.920768 -98068.4 10.7978 
3490 0.99761 -0.810721 -98068.3 10.8288 
3500 0.997606 0.163643 -98067.9 10.8566 
3510 0.997657 -0.159657 -98068.3 10.8939 
3520 0.997657 0.184614 -98068.3 10.922 
3530 0.997717 0.713334 -98076.4 10.9566 
3540 0.997699 -0.136915 -98069.1 10.9902 
3550 0.997743 -0.771868 -98071.1 11.0244 
3560 0.997711 -0.993555 -98066.9 11.0478 
3570 0.997719 0.906642 -98068.3 11.08 
3580 0.997719 0.88463 -98068.3 11.1047 
3590 0.997685 -0.892347 -98067.2 11.1394 
3600 0.997635 -0.0914975 -98066.2 11.1695 
3610 0.997661 0.0632765 -98067.9 11.2014 
3620 0.997657 0.49701 -98067.6 11.2312 
3630 0.99766 -0.149938 -98067.7 11.2646 
3640 0.99766 0.711213 -98067.7 11.2953 
3650 0.997661 0.556609 -98067.8 11.3265 
3660 0.997673 -0.302339 -98071.5 11.3625 
3670 0.997556 -0.535634 -98065.2 11.3926 
3680 0.997656 -0.317625 -98066.6 11.4249 
3690 0.997672 -0.995682 -98067.1 11.4539 
3700 0.997657 0.522895 -98067.3 11.4833 
3710 0.997657 -0.75378 -98067.3 11.5138 
3720 0.997659 -0.320255 -98067.9 11.5417 
3730 0.997708 0.825074 -98073.5 11.576 
3740 0.997703 -0.33517 -98073.3 11.6088 
3750 0.997695 0.954182 -98072.7 11.6424 
3760 0.99764 -0.249077 -98070.5 11.6722 
3770 0.99762 -0.695121 -98068.7 11.7036 
3780 0.997458 -0.215783 -98051.8 11.7346 
3790 0.997439 0.707038 -98052.6 11.7625 
3800 0.997445 -0.764263 -98052 11.7978 
3810 0.997418 0.161817 -98050 11.8264 
3820 0.997381 -0.291362 -98052.9 11.8595 
3830 0.997461 -0.725711 -98058 11.892 
3840 0.99754 0.158351 -98060.8 11.9257 
3850 0.997526 -0.27947 -98064.2 11.9626 
3860 0.997538 -0.0514214 -98064 11.9956 
3870 0.997528 -0.796023 -98059.2 12.0266 
3880 0.99752 0.991085 -98058.5 12.0574 
3890 0.997513 0.788847 -98056.3 12.0911 
3900 0.997513 -0.969814 -98056.3 12.1218 
3910 0.997564 0.0696114 -98061.3 12.156 
3920 0.997545 0.305413 -98061.7 12.1893 
3930 0.997547 0.445889 -98061.8 12.2217 
3940 0.997547 0.453561 -98061.9 12.2526 
3950 0.997607 0.355685 -98068.3 12.2849 
3960 0.997627 -0.421605 -98069.4 12.3155 
3970 0.997613 0.956529 -98068.2 12.3492 
3980 0.997613 0.141562 -98068.2 12.3772 
3990 0.99767 0.428551 -98064.9 12.4044 
4000 0.997757 0.15112 -98071.7 12.4385 
4010 0.997787 0.271107 -98074.9 12.4706 
4020 0.997761 0.0490301 -98072.8 12.5039 
4030 0.997742 0.483844 -98072.2 12.5365 
4040 0.997733 0.563604 -98071.2 12.568 
4050 0.997618 0.928164 -98069.9 12.5977 
4060 0.997543 0.0309673 -98073 12.6281 
4070 0.997562 -0.177815 -98074.5 12.6609 
4080 0.997562 0.0402355 -98074.5 12.6886 
4090 0.997479 -0.755287 -98069.6 12.723 
4100 0.99747 0.325015 -98069.8 12.7514 
4110 0.997488 0.887785 -98073.1 12.7842 
4120 0.997485 -0.232067 -98072.8 12.8125 
4130 0.997485 -0.363145 -98072.8 12.841 
4140 0.997572 -0.846373 -98072.9 12.8749 
4150 0.997681 -0.416105 -98078.7 12.905 
4160 0.997681 -0.771573 -98078.7 12.9362 
4170 0.997681 -0.255199 -98078.8 12.9679 
4180 0.997685 0.050292 -98079 12.9987 
4190 0.99768 0.0615681 -98079.4 13.0246 
4200 0.99768 0.875742 -98079.4 13.0552 
4210 0.997645 0.704729 -98074.1 13.0883 
4220 0.997569 -0.320331 -98073.4 13.1182 
4230 0.997564 -0.468177 -98073.2 13.1463 
4240 0.997476 -0.605518 -98072.6 13.1815 
4250 0.997476 -0.365292 -98072.6 13.2127 
4260 0.997407 -0.437425 -98059.3 13.2466 
4270 0.997407 -0.357028 -98059.3 13.2772 
4280 0.997564 0.401528 -98064 13.3142 
4290 0.9976 0.696117 -98069.5 13.3514 
4300 0.997675 0.266719 -98074.9 13.3844 
4310 0.997689 0.40497 -98077.6 13.4171 
4320 0.997722 -0.541344 -98074 13.4501 
4330 0.997722 -0.867054 -98074 13.4806 
4340 0.997662 -0.668928 -98067.4 13.5143 
4350 0.997683 0.899453 -98069.1 13.5425 
4360 0.997662 -0.0335408 -98067.7 13.5728 
4370 0.997662 0.722854 -98067.7 13.6011 
4380 0.997571 0.241582 -98059.1 13.6367 
4390 0.997604 0.725797 -98067.2 13.667 
4400 0.9976 -0.839215 -98066.8 13.6985 
4410 0.997606 -0.0893878 -98059 13.7326 
4420 0.997508 0.407518 -98055 13.7744 
4430 0.997533 -0.603205 -98057.8 13.8073 
4440 0.997518 0.803537 -98058.4 13.843 
4450 0.997518 -0.176198 -98058.4 13.8739 
4460 0.997522 -0.830596 -98059.4 13.9067 
4470 0.997556 0.508644 -98060.3 13.9403 
4480 0.997556 0.842359 -98060.3 13.9721 
4490 0.997573 -0.227033 -98060.5 14.0054 
4500 0.997565 -0.621712 -98059.7 14.0364 
4510 0.997565 0.979498 -98059.7 14.0643 
4520 0.997569 -0.807075 -98061.8 14.0975 
4530 0.997569 -0.365781 -98061.7 14.1284 
4540 0.997751 -0.0753558 -98078.3 14.165 
4550 0.997757 -0.729511 -98078.9 14.1932 
4560 0.997791 0.780983 -98081.2 14.2252 
4570 0.997785 0.241833 -98080.7 14.2577 
4580 0.997786 -0.625587 -98082.8 14.2914 
4590 0.997714 -0.389724 -98079.1 14.319 
4600 0.997714 -0.732943 -98079 14.3505 
4610 0.997714 0.123314 -98079 14.3819 
4620 0.997714 -0.882662 -98079 14.413 
4630 0.997674 -0.272753 -98078.1 14.4429 
4640 0.997498 -0.0840858 -98065.5 14.4782 
4650 0.99749 -0.0591452 -98065.2 14.5093 
4660 0.997499 0.380746 -98065.6 14.5346 
4670 0.997498 0.539298 -98065.6 14.5622 
4680 0.997472 -0.804984 -98063.8 14.5946 
4690 0.997464 0.134735 -98062.6 14.626 
4700 0.997464 0.504011 -98062.6 14.6577 
4710 0.997473 0.632538 -98063.9 14.6892 
4720 0.997474 -0.134976 -98064 14.717 
4730 0.997431 0.340069 -98060 14.7498 
4740 0.997431 0.349234 -98060 14.7775 
4750 0.997408 0.488387 -98060.4 14.8076 
4760 0.997374 0.177943 -98053.2 14.8444 
4770 0.997374 0.70691 -98053.2 14.8755 
4780 0.997374 -0.834176 -98053.2 14.906 
4790 0.997407 0.198066 -98057.6 14.9369 
4800 0.997413 -0.893611 -98057.6 14.9695 
4810 0.997384 0.921169 -98053.4 15.0051 
4820 0.997492 0.970414 -98061.2 15.0395 
4830 0.997577 -0.449073 -98066.6 15.0721 
4840 0.997578 -0.574506 -98066.6 15.1027 
4850 0.997552 0.195565 -98064 15.1337 
4860 0.997542 0.950389 -98063.3 15.1621 
4870 0.997558 0.262839 -98064.3 15.1944 
4880 0.997557 0.329661 -98064.2 15.2256 
4890 0.997579 0.859153 -98065.7 15.2577 
4900 0.997578 -0.464022 -98065.7 15.2883 
4910 0.997578 -0.340787 -98065.7 15.3132 
4920 0.997535 -0.303342 -98065 15.3479 
4930 0.997517 0.414054 -98065.3 15.3833 
4940 0.997516 -0.964915 -98065.2 15.4142 
4950 0.997549 0.513591 -98065.7 15.4445 
4960 0.997574 0.736783 -98067.5 15.4754 
4970 0.997728 0.78525 -98073.5 15.5093 
4980 0.997708 0.00124098 -98070.3 15.5383 
4990 0.997689 -0.433564 -98069.9 15.566 
5000 0.997689 -0.649776 -98070 15.597 
5010 0.997573 -0.693427 -98058.2 15.6307 
5020 0.997482 0.18732 -98055.3 15.6654 
5030 0.99748 0.889277 -98055 15.6968 
5040 0.997454 0.757665 -98052.3 15.7282 
5050 0.997469 0.713599 -98053 15.76 
5060 0.997469 0.465673 -98053 15.7877 
5070 0.997469 -0.221919 -98053 15.8183 
5080 0.997556 -0.612046 -98057 15.8488 
5090 0.997584 -0.578936 -98059.3 15.8814 
5100 0.997606 -0.790852 -98061 15.9139 
5110 0.997545 0.373252 -98054 15.9418 
5120 0.997637 0.585257 -98063.6 15.9769 
5130 0.997637 0.130023 -98063.7 16.0076 
5140 0.997614 -0.142125 -98061.3 16.0389 
5150 0.997614 0.199428 -98061.3 16.0668 
5160 0.997604 -0.250079 -98060.9 16.0983 
5170 0.997604 -0.524953 -98060.9 16.1289 
5180 0.99761 0.551334 -98062.2 16.1609 
5190 0.9976 0.14588 -98060.3 16.1916 
5200 0.997622 0.663558 -98061.5 16.2207 
5210 0.997622 -0.916463 -98061.6 16.2488 
5220 0.997611 -0.563502 -98060.7 16.2796 
5230 0.997614 -0.120477 -98062 16.308 
5240 0.997614 0.563146 -98062 16.3375 
5250 0.997606 0.341317 -98061.4 16.3685 
5260 0.997597 -0.66348 -98060.6 16.401 
5270 0.997589 -0.252857 -98062 16.4294 
5280 0.997586 0.20474 -98061.9 16.4603 
5290 0.997598 -0.893356 -98062.1 16.493 
5300 0.997598 -0.169154 -98062 16.5207 
5310 0.997598 0.713217 -98062.1 16.5514 
5320 0.997617 -0.193869 -98064.6 16.5846 
5330 0.99755 0.216728 -98059.4 16.6188 
5340 0.997556 -0.681851 -98059.9 16.6502 
5350 0.997579 -0.816159 -98066.8 16.6822 
5360 0.997579 -0.691846 -98066.8 16.7071 
5370 0.997685 -0.792111 -98072 16.7417 
5380 0.997697 -0.746814 -98073.6 16.7699 
5390 0.997668 0.700419 -98071.9 16.804 
5400 0.99762 -0.36794 -98065.5 16.8371 
5410 0.997599 -0.541375 -98064.3 16.8707 
5420 0.997599 -0.807494 -98064.3 16.8957 
5430 0.997599 0.629932 -98064.3 16.9233 
5440 0.997599 0.934735 -98064.3 16.9512 
5450 0.9974 0.706942 -98051.1 16.9872 
5460 0.997347 0.299323 -98048.9 17.0197 
5470 0.997347 -0.543994 -98048.9 17.0475 
5480 0.997361 -0.438234 -98050.5 17.0795 
5490 0.997371 0.669701 -98051.3 17.1068 
5500 0.997355 -0.786354 -98047.1 17.1436 
5510 0.997351 0.227341 -98047 17.1713 
5520 0.997357 0.568773 -98048.4 17.2037 
5530 0.997428 0.345763 -98059.9 17.2317 
5540 0.997428 0.457022 -98059.9 17.26 
5550 0.997474 0.460301 -98062.9 17.2908 
5560 0.997483 -0.527016 -98063.6 17.322 
5570 0.997503 0.52375 -98068.1 17.3554 
5580 0.997503 0.489087 -98068.1 17.3839 
5590 0.997509 -0.664042 -98068.9 17.4153 
5600 0.997509 -0.411009 -98068.9 17.4434 
5610 0.997512 0.881849 -98069 17.4746 
5620 0.997521 -0.688408 -98069.8 17.5057 
5630 0.997585 -0.338908 -98069.7 17.5359 
5640 0.997585 -0.897267 -98069.7 17.567 
5650 0.997642 -0.00564215 -98074.7 17.6009 
5660 0.997642 -0.0665126 -98074.7 17.6317 
5670 0.997639 -0.206667 -98074 17.664 
5680 0.997639 0.00923596 -98074.1 17.6957 
5690 0.99763 -0.431636 -98072.8 17.7274 
5700 0.99763 0.622587 -98072.7 17.7581 
5710 0.99763 0.954425 -98072.8 17.7857 
5720 0.997695 -0.418526 -98074.6 17.8191 
5730 0.997671 0.20247 -98072.1 17.8509 
5740 0.997635 -0.0813648 -98066.9 17.8813 
5750 0.997596 0.342357 -98068.1 17.9128 
5760 0.997596 -0.881546 -98068.1 17.9439 
5770 0.997596 0.719612 -98068.1 17.9716 
5780 0.997595 -0.662343 -98068 18.0038 
5790 0.997586 -0.149965 -98067.9 18.035 
5800 0.997587 -0.333292 -98068 18.0603 
5810 0.997582 -0.694995 -98066.9 18.0914 
5820 0.997582 0.241725 -98066.9 18.1222 
5830 0.997622 0.693934 -98071.6 18.1536 
5840 0.997534 0.142535 -98063.7 18.1853 
5850 0.997536 -0.833684 -98059.2 18.2183 
5860 0.997536 0.0154092 -98059.2 18.2465 
5870 0.997574 -0.944881 -98065.9 18.2801 
5880 0.997538 -0.739435 -98061 18.3118 
5890 0.997545 -0.69978 -98062.3 18.3409 
5900 0.997455 0.290648 -98053.6 18.3744 
5910 0.997455 0.479535 -98053.6 18.4063 
5920 0.997467 -0.746338 -98053.2 18.4342 
5930 0.997467 0.372373 -98053.2 18.4647 
5940 0.997503 -0.631311 -98056.5 18.4978 
5950 0.997514 0.391928 -98053.3 18.5285 
5960 0.997635 -0.435978 -98058.8 18.5624 
5970 0.997608 0.0799724 -98056.6 18.5938 
5980 0.997608 0.219343 -98056.6 18.6246 
5990 0.997608 -0.727362 -98056.5 18.6528 
6000 0.997599 0.226651 -98055.7 18.6843 
6010 0.997599 -0.827305 -98055.7 18.7149 
6020 0.997652 0.415977 -98064.2 18.7491 
6030 0.997656 0.691324 -98064.3 18.7811 
6040 0.997586 0.961936 -98058.7 18.8155 
6050 0.997615 0.307643 -98060 18.8477 
6060 0.997561 0.545337 -98060.8 18.881 
6070 0.997587 -0.759175 -98062.7 18.9133 
6080 0.997567 0.231167 -98060.8 18.9444 
6090 0.997567 -0.836961 -98060.8 18.975 
6100 0.997582 0.398279 -98062.3 19.0084 
6110 0.997582 0.771941 -98062.3 19.0367 
6120 0.997583 0.308852 -98062.3 19.0676 
6130 0.997505 0.651871 -98056.7 19.1005 
6140 0.997548 0.645771 -98062.2 19.1328 
6150 0.997611 -0.0553126 -98066.4 19.161 
6160 0.997611 0.949396 -98066.4 19.1916 
6170 0.997615 0.0575579 -98066.9 19.2197 
6180 0.997615 -0.480514 -98066.9 19.2475 
6190 0.997557 -0.731164 -98062.1 19.2813 
6200 0.997557 0.230173 -98062.1 19.3125 
6210 0.997557 0.534556 -98062.1 19.3404 
6220 0.997558 0.779722 -98062.1 19.3682 
6230 0.997558 -0.120886 -98062.2 19.3977 
6240 0.997546 0.702277 -98060.1 19.4299 
6250 0.997546 -0.27961 -98060.1 19.4547 
6260 0.997588 -0.65209 -98062.3 19.4865 
6270 0.997588 -0.367767 -98062.4 19.5145 
6280 0.997589 -0.0945455 -98062.4 19.5451 
6290 0.997588 0.738057 -98062.4 19.5757 
6300 0.997582 -0.955823 -98061.5 19.6042 
6310 0.997565 -0.240401 -98060.4 19.6383 
6320 0.997564 0.405727 -98060.4 19.6703 
6330 0.997543 0.568962 -98058.9 19.7018 
6340 0.997524 -0.471544 -98057.5 19.728 
6350 0.997525 -0.0802072 -98057.5 19.7556 
6360 0.997525 0.192417 -98057.5 19.7833 
6370 0.997506 -0.84556 -98055.7 19.8118 
6380 0.997523 -0.87341 -98056.8 19.8451 
6390 0.997523 -0.247067 -98056.8 19.8765 
6400 0.997524 -0.219461 -98056.8 19.9045 
6410 0.997524 0.70708 -98058.7 19.9385 
6420 0.997506 -0.0879385 -98056.4 19.9679 
6430 0.997482 -0.95393 -98054.3 19.9999 
6440 0.997487 -0.208739 -98054.4 20.031 
6450 0.997488 0.317264 -98054.4 20.0589 
6460 0.997476 0.566902 -98052.6 20.0886 
6470 0.997587 -0.895596 -98061.9 20.1217 
6480 0.997587 -0.805431 -98061.9 20.1523 
6490 0.997568 -0.831606 -98060 20.1836 
6500 0.99754 -0.76968 -98056.3 20.2109 
6510 0.997534 0.71567 -98056.3 20.2409 
6520 0.99761 0.560403 -98058.3 20.2751 
6530 0.99761 0.494965 -98058.3 20.3057 
6540 0.997502 0.899294 -98052.7 20.3423 
6550 0.997586 -0.0413706 -98057.7 20.3746 
6560 0.997586 0.473242 -98057.7 20.4056 
6570 0.997603 0.454228 -98060.7 20.4351 
6580 0.997607 -0.228277 -98057.5 20.4652 
6590 0.997529 0.321722 -98046.2 20.5 
6600 0.997529 -0.0671328 -98046.1 20.5306 
6610 0.997529 0.738809 -98046.1 20.5617 
6620 0.997529 -0.0681986 -98046.1 20.5922 
6630 0.997531 0.0761282 -98049.8 20.6293 
6640 0.997555 -0.275151 -98052.2 20.6587 
6650 0.997614 -0.631554 -98058.9 20.6881 
6660 0.997613 -0.830004 -98058.8 20.7187 
6670 0.997613 -0.68058 -98058.8 20.7494 
6680 0.997642 0.460196 -98062.1 20.7815 
6690 0.99763 0.513989 -98061 20.8124 
6700 0.99763 -0.00901087 -98061 20.8431 
6710 0.99764 -0.710267 -98062 20.872 
6720 0.997594 -0.126617 -98062.6 20.9029 
6730 0.997594 -0.421634 -98062.6 20.9337 
6740 0.997557 0.0245644 -98065.9 20.9672 
6750 0.997577 0.372961 -98066.4 20.9968 
6760 0.997577 -0.828413 -98066.4 21.0276 
6770 0.997577 -0.394323 -98066.4 21.0584 
6780 0.99752 0.366327 -98056.9 21.0927 
6790 0.99754 0.315095 -98073.4 21.1278 
6800 0.997499 -0.59078 -98069.9 21.1564 
6810 0.997432 0.465266 -98059.6 21.19 
6820 0.997494 0.672633 -98064.8 21.2234 
6830 0.997514 0.462322 -98066.6 21.2566 
6840 0.997514 0.704011 -98066.6 21.2878 
6850 0.997501 -0.968179 -98069.7 21.3206 
6860 0.997494 -0.501158 -98069.7 21.3523 
6870 0.997466 -0.653676 -98067.3 21.3856 
6880 0.997482 0.546614 -98066.5 21.4181 
6890 0.997475 0.491424 -98065.8 21.4491 
6900 0.997485 -0.449488 -98068.2 21.4785 
6910 0.997465 0.592559 -98067 21.5103 
6920 0.997465 -0.555018 -98067 21.5411 
6930 0.997443 0.254673 -98064.6 21.5695 
6940 0.997529 -0.0477312 -98072.3 21.5998 
6950 0.997528 -0.21459 -98072.7 21.6293 
6960 0.997528 -0.525962 -98072.7 21.6583 
6970 0.997554 -0.452266 -98076.9 21.6931 
6980 0.99759 -0.567538 -98078.2 21.7252 
6990 0.99759 -0.712258 -98078.2 21.756 
7000 0.99769 -0.647743 -98084 21.7889 
7010 0.997698 0.968811 -98085 21.8201 
7020 0.997706 -0.541595 -98083.5 21.8519 
7030 0.997702 -0.184023 -98083.1 21.8835 
7040 0.997667 -0.252418 -98081.4 21.9165 
7050 0.997648 -0.0438363 -98079.7 21.9486 
7060 0.997648 -0.757568 -98079.7 21.9793 
7070 0.997648 0.393757 -98079.7 22.0079 
7080 0.997556 -0.332256 -98071.2 22.0422 
7090 0.997524 0.0868992 -98068.8 22.0756 
7100 0.997478 -0.117811 -98067.5 22.1081 
7110 0.997535 0.63635 -98071.2 22.1402 
7120 0.997535 0.288935 -98071.2 22.1681 
7130 0.997535 -0.0209288 -98071.2 22.1988 
7140 0.997569 0.32245 -98072.9 22.2275 
7150 0.997569 0.527 -98072.9 22.2585 
7160 0.997577 0.765793 -98073.4 22.2913 
7170 0.997706 0.340285 -98074.6 22.3268 
7180 0.997708 0.971955 -98074.7 22.3587 
7190 0.997717 -0.250837 -98075.3 22.3898 
7200 0.997729 -0.603674 -98075.9 22.4236 
7210 0.997762 -0.856112 -98078.7 22.4534 
7220 0.997735 -0.923312 -98079.8 22.4837 
7230 0.997686 0.375004 -98076.5 22.5183 
7240 0.997686 0.467749 -98076.5 22.5463 
7250 0.997663 0.787772 -98073.8 22.5793 
7260 0.997668 0.207875 -98073.9 22.6074 
7270 0.997617 0.373182 -98076.5 22.6361 
7280 0.997617 0.497755 -98076.5 22.6642 
7290 0.997617 0.0437489 -98076.5 22.6928 
7300 0.997604 0.910594 -98076.5 22.7227 
7310 0.997536 -0.0888221 -98072.9 22.7584 
7320 0.997536 0.507704 -98072.9 22.7891 
7330 0.99754 0.103475 -98073.1 22.8199 
7340 0.997618 -0.303206 -98079.7 22.8499 
7350 0.997618 0.801291 -98079.7 22.8808 
7360 0.997495 0.272133 -98074.2 22.9142 
7370 0.997467 -0.0380905 -98072.7 22.9402 
7380 0.997537 0.505553 -98075.3 22.9733 
7390 0.997537 0.825648 -98075.3 23.0044 
7400 0.997531 -0.891057 -98074.5 23.0366 
7410 0.99735 -0.422068 -98067.3 23.0711 
7420 0.997411 0.846348 -98075.8 23.1049 
7430 0.997629 -0.0685118 -98082.6 23.1398 
7440 0.997603 -0.2501 -98080.7 23.1697 
7450 0.997602 0.467792 -98080.5 23.1975 
7460 0.997602 -0.630335 -98080.6 23.228 
7470 0.997603 0.718716 -98080.6 23.2587 
7480 0.997602 0.359359 -98080.6 23.2897 
7490 0.997595 -0.498472 -98080.1 23.3215 
7500 0.997537 0.3938 -98079.2 23.3522 
7510 0.997529 0.427 -98072 23.3861 
7520 0.997529 -0.579961 -98072 23.4188 
7530 0.997529 0.407557 -98072.1 23.4498 
7540 0.997569 -0.292328 -98074.8 23.4813 
7550 0.997569 -0.121749 -98074.8 23.5092 
7560 0.997569 0.643688 -98074.8 23.54 
7570 0.99762 -0.558239 -98079.8 23.5709 
7580 0.997528 -0.575778 -98068.5 23.6024 
7590 0.99747 0.488372 -98063.6 23.6354 
7600 0.997488 -0.77663 -98070.1 23.6684 
7610 0.99748 0.0638422 -98069.6 23.6998 
7620 0.997478 0.116619 -98069.2 23.7306 
7630 0.997406 0.0119763 -98062.6 23.7602 
7640 0.997456 0.105035 -98065.1 23.7938 
7650 0.997424 0.685396 -98059.1 23.8306 
7660 0.997497 0.583283 -98061.5 23.8634 
7670 0.997583 0.314473 -98068.7 23.8952 
7680 0.997585 0.396651 -98068.6 23.9274 
7690 0.997585 0.300046 -98068.6 23.958 
7700 0.997597 -0.0743458 -98069 23.9883 
7710 0.997581 0.747419 -98071.4 24.019 
7720 0.997617 -0.289766 -98073.3 24.0543 
7730 0.997617 0.21006 -98073.3 24.0852 
7740 0.997712 0.519884 -98081.1 24.1171 
7750 0.997706 -0.655552 -98080.5 24.1483 
7760 0.997706 -0.714056 -98080.5 24.1734 
7770 0.997696 0.727945 -98079.6 24.2054 
7780 0.997688 -0.136709 -98078.8 24.2312 
7790 0.997643 -0.862243 -98074.3 24.264 
7800 0.997705 0.028037 -98076.9 24.2945 
7810 0.997651 0.930181 -98072.1 24.3279 
7820 0.997651 0.263175 -98072.1 24.3536 
7830 0.997588 -0.76491 -98066.4 24.3823 
7840 0.99759 -0.471045 -98066.8 24.4135 
7850 0.997578 0.445897 -98062.5 24.4481 
7860 0.997578 0.178678 -98062.5 24.4759 
7870 0.997559 0.678648 -98061.8 24.4998 
7880 0.997572 -0.631664 -98063.3 24.5317 
7890 0.997517 0.688547 -98058.3 24.5644 
7900 0.997517 0.908784 -98058.3 24.5949 
7910 0.997603 -0.547875 -98063.1 24.629 
7920 0.997707 -0.864688 -98071.7 24.6588 
7930 0.997595 -0.638263 -98064 24.6891 
7940 0.997641 0.109126 -98068.3 24.7236 
7950 0.997659 0.465852 -98070.6 24.7561 
7960 0.997647 0.608139 -98069.3 24.7883 
7970 0.997647 0.239365 -98069.3 24.819 
7980 0.997615 -0.758336 -98068.7 24.8524 
7990 0.997507 -0.152201 -98069.2 24.8806 
8000 0.997507 -0.871161 -98069.2 24.9112 
8010 0.997486 0.0143528 -98067.8 24.9348 
8020 0.997508 0.0173778 -98069.3 24.9674 
8030 0.997482 0.681567 -98067.6 24.9994 
8040 0.997482 0.00489411 -98067.6 25.03 
8050 0.99755 -0.680319 -98067.2 25.0648 
8060 0.997564 -0.799799 -98068.2 25.0965 
8070 0.997467 -0.652579 -98060.8 25.1297 
8080 0.997464 -0.612285 -98060.5 25.1575 
8090 0.997464 0.9175 -98060.4 25.1882 
8100 0.997464 -0.970068 -98060.4 25.2158 
8110 0.997487 -0.915636 -98060.6 25.2487 
8120 0.9975 0.231834 -98060 25.2823 
8130 0.997478 0.825062 -98057.8 25.3154 
8140 0.997473 -0.287003 -98057.8 25.3448 
8150 0.997492 -0.0450627 -98059.9 25.3764 
8160 0.997481 -0.597739 -98059 25.4076 
8170 0.997492 0.0847881 -98059.4 25.4401 
8180 0.997491 0.71949 -98059.4 25.471 
8190 0.997491 0.377802 -98059.4 25.4995 
8200 0.997491 -0.129678 -98059.4 25.5303 
8210 0.997491 -0.965134 -98059.4 25.5613 
8220 0.997491 0.138321 -98059.4 25.5892 
8230 0.997543 -0.495881 -98073.6 25.6218 
8240 0.997551 -0.464618 -98074.2 25.6529 
8250 0.997534 0.149657 -98066.5 25.6878 
8260 0.997542 -0.238519 -98063.3 25.722 
8270 0.997542 0.769263 -98063.3 25.7498 
8280 0.997542 0.725013 -98063.3 25.7804 
8290 0.997547 0.267139 -98063.9 25.8055 
8300 0.997466 -0.287757 -98058.2 25.8383 
8310 0.997479 0.494501 -98060.7 25.8709 
8320 0.997479 0.365726 -98059.9 25.9044 
8330 0.997479 -0.0427902 -98059.9 25.9337 
8340 0.997481 -0.146294 -98060.2 25.9652 
8350 0.997523 -0.33246 -98059 25.9956 
8360 0.997524 0.49626 -98055.2 26.029 
8370 0.997529 -0.133366 -98055.2 26.0633 
8380 0.997584 -0.22138 -98055.8 26.0961 
8390 0.997551 0.40862 -98053.9 26.1237 
8400 0.997551 0.948297 -98053.8 26.1542 
8410 0.997507 -0.814176 -98050.9 26.1885 
8420 0.997515 -0.205985 -98052.5 26.2199 
8430 0.997587 0.912443 -98064.8 26.2496 
8440 0.997536 -0.809821 -98065.1 26.2816 
8450 0.997486 0.803661 -98061.1 26.3164 
8460 0.997526 -0.474177 -98064.3 26.3497 
8470 0.997582 0.230058 -98066.8 26.3778 
8480 0.9976 -0.369739 -98068.3 26.4094 
8490 0.997599 0.57707 -98068.3 26.4408 
8500 0.997589 -0.700174 -98069.9 26.4745 
8510 0.997588 -0.577994 -98069.9 26.5054 
8520 0.997564 0.654104 -98070.4 26.5353 
8530 0.997597 -0.633317 -98071.8 26.569 
8540 0.997569 0.0616638 -98069.1 26.601 
8550 0.997502 0.575401 -98060.1 26.6381 
8560 0.997502 0.10655 -98060 26.6688 
8570 0.997525 -0.575505 -98063.7 26.6961 
8580 0.997515 0.750189 -98062.9 26.7275 
8590 0.997515 0.271634 -98062.9 26.7586 
8600 0.997529 -0.19794 -98068.5 26.7913 
8610 0.997524 0.592101 -98067.9 26.823 
8620 0.997538 -0.152569 -98069.3 26.854 
8630 0.997527 -0.1605 -98067.1 26.8864 
8640 0.997529 -0.336894 -98067.3 26.9124 
8650 0.997551 -0.695138 -98066.6 26.9503 
8660 0.997557 0.628045 -98065.5 26.9847 
8670 0.997473 0.147496 -98065.4 27.0166 
8680 0.997488 0.816907 -98066.8 27.0486 
8690 0.99751 -0.168186 -98068.5 27.0784 
8700 0.997521 0.477382 -98071.5 27.1157 
8710 0.99758 -0.168018 -98077 27.1478 
8720 0.997585 0.734908 -98077.5 27.1794 
8730 0.997571 0.84837 -98076.3 27.2076 
8740 0.997568 -0.0127633 -98076.1 27.2384 
8750 0.997563 -0.254109 -98073.9 27.2702 
8760 0.997557 -0.460343 -98072.9 27.3026 
8770 0.997557 0.86378 -98073 27.3344 
8780 0.997472 0.711408 -98072.9 27.3683 
8790 0.997539 -0.182471 -98076.4 27.3968 
8800 0.997528 0.457742 -98075.4 27.4259 
8810 0.997521 -0.68379 -98074.6 27.4565 
8820 0.997584 -0.312901 -98080.9 27.4871 
8830 0.997582 0.198608 -98078.9 27.5207 
8840 0.997582 -0.396869 -98078.9 27.5512 
8850 0.997547 0.84149 -98076.1 27.5837 
8860 0.997537 0.78948 -98074.8 27.6116 
8870 0.997536 0.647958 -98074.3 27.6402 
8880 0.997548 0.743488 -98075.1 27.6735 
8890 0.997548 -0.186082 -98075 27.7046 
8900 0.997599 0.537576 -98076.9 27.735 
8910 0.99761 0.220983 -98079.9 27.7683 
8920 0.9977 0.465082 -98076.7 27.7996 
8930 0.9977 -0.971361 -98076.7 27.8277 
8940 0.997723 -0.867595 -98079.6 27.8569 
8950 0.997676 -0.402585 -98073.2 27.8831 
8960 0.99767 0.171144 -98072.4 27.9081 
8970 0.99767 0.119209 -98072.5 27.9389 
8980 0.997615 -0.728497 -98068.9 27.9725 
8990 0.997652 -0.796782 -98073.7 28.002 
9000 0.997627 0.136417 -98070.4 28.0353 
9010 0.997656 0.0448824 -98074.6 28.0669 
9020 0.99767 -0.490389 -98076 28.1005 
9030 0.99767 -0.834546 -98075.9 28.1283 
9040 0.997722 -0.34425 -98080.3 28.1626 
9050 0.997722 0.38833 -98080.3 28.1933 
9060 0.99772 -0.55402 -98080 28.2244 
9070 0.997707 0.62086 -98079.6 28.2573 
9080 0.997673 -0.810463 -98078.1 28.2893 
9090 0.997673 0.311901 -98078.2 28.3203 
9100 0.997673 0.168316 -98078.1 28.3482 
9110 0.997673 -0.759708 -98078.2 28.3776 
9120 0.997673 0.44737 -98078.1 28.4085 
9130 0.997583 -0.0461493 -98068.8 28.4435 
9140 0.997583 0.337179 -98068.9 28.4749 
9150 0.997551 -0.151967 -98065.2 28.5077 
9160 0.997573 0.145721 -98066.3 28.5368 
9170 0.997555 -0.982986 -98061.6 28.5671 
9180 0.997566 -0.813066 -98062.9 28.5984 
9190 0.997559 0.590287 -98062.3 28.6261 
9200 0.997588 0.313451 -98059.7 28.6587 
9210 0.997588 -0.673433 -98059.7 28.6895 
9220 0.997566 -0.0404963 -98057 28.7223 
9230 0.997566 0.450239 -98057 28.7534 
9240 0.997562 0.844018 -98056.7 28.7855 
9250 0.997544 -0.551936 -98055.3 28.815 
9260 0.997544 0.280291 -98055.3 28.8459 
9270 0.997544 -0.312067 -98055.3 28.8767 
9280 0.997618 0.670635 -98060.3 28.9106 
9290 0.997622 -0.341092 -98059.7 28.9378 
9300 0.99762 0.586138 -98059.5 28.9693 
9310 0.997631 0.548326 -98060.3 29.0013 
9320 0.997693 0.703006 -98066.4 29.0343 
9330 0.997693 0.170084 -98066.4 29.0591 
9340 0.997699 -0.0281179 -98067.3 29.0909 
9350 0.997699 -0.783411 -98067.4 29.12 
9360 0.9977 -0.814061 -98067.3 29.1481 
9370 0.997663 0.496546 -98063.7 29.1813 
9380 0.997663 -0.468899 -98063.7 29.2119 
9390 0.997663 -0.355619 -98063.7 29.243 
9400 0.997627 0.917777 -98060.6 29.2729 
9410 0.997627 -0.873332 -98060.6 29.3036 
9420 0.997638 -0.506177 -98061.7 29.3348 
9430 0.997623 -0.601956 -98059.6 29.3671 
9440 0.997623 -0.527915 -98059.6 29.3954 
9450 0.997624 -0.69642 -98059.6 29.4263 
9460 0.997607 0.11488 -98058.2 29.4576 
9470 0.997531 0.253186 -98057.1 29.4919 
9480 0.997531 0.744552 -98057.2 29.5236 
9490 0.997525 -0.711517 -98056.3 29.5555 
9500 0.997539 -0.24928 -98057.5 29.5867 
9510 0.997539 0.984813 -98057.5 29.6176 
9520 0.997512 -0.505544 -98060.2 29.6474 
9530 0.997512 0.972413 -98061.6 29.6802 
9540 0.997512 -0.654303 -98061.6 29.7108 
9550 0.997588 -0.13908 -98067.7 29.7435 
9560 0.997588 -0.983614 -98067.7 29.7686 
9570 0.997605 0.503308 -98069.8 29.8008 
9580 0.997605 -0.31388 -98069.8 29.8324 
9590 0.997605 -0.626485 -98069.8 29.863 
9600 0.9976 0.648561 -98070.9 29.8909 
9610 0.997592 -0.386191 -98069.8 29.9187 
9620 0.9976 -0.287167 -98072.6 29.9511 
9630 0.997585 0.571081 -98072.6 29.9772 
9640 0.997617 0.532617 -98070.1 30.0086 
9650 0.997616 -0.394277 -98069.8 30.035 
9660 0.997598 -0.666127 -98066.6 30.0674 
9670 0.997598 -0.454199 -98066.6 30.098 
9680 0.997618 -0.233728 -98075.6 30.1332 
9690 0.997604 -0.664634 -98074.3 30.1611 
9700 0.997598 -0.926658 -98074.4 30.1921 
9710 0.997598 -0.0138008 -98074.4 30.2232 
9720 0.997585 0.977852 -98072.7 30.2543 
9730 0.997584 -0.670998 -98072.7 30.2848 
9740 0.997578 0.408232 -98075.6 30.3152 
9750 0.997578 -0.170538 -98075.5 30.346 
9760 0.997553 -0.220711 -98071.7 30.3793 
9770 0.997553 -0.947136 -98071.7 30.4106 
9780 0.997574 -0.390144 -98073.1 30.4403 
9790 0.997544 -0.731433 -98065 30.4748 
9800 0.997629 -0.191482 -98072.7 30.5055 
9810 0.997604 0.23771 -98070.1 30.5346 
9820 0.997549 -0.917043 -98065.6 30.5692 
9830 0.997549 -0.00120739 -98065.6 30.5999 
9840 0.99739 -0.529641 -98061.7 30.6355 
9850 0.997407 -0.794 -98067.3 30.6686 
9860 0.997384 0.503321 -98068.7 30.7 
9870 0.997415 0.369002 -98069.4 30.7329 
9880 0.997398 0.318678 -98068 30.7621 
9890 0.997403 0.644015 -98068.4 30.7904 
9900 0.997374 0.470134 -98068.2 30.8252 
9910 0.997424 0.10496 -98063.5 30.8611 
9920 0.997589 0.316893 -98069.7 30.893 
9930 0.997615 -0.372742 -98074.2 30.9252 
9940 0.997591 -0.511724 -98070.6 30.9575 
9950 0.997583 -0.213368 -98070.5 30.9887 
9960 0.997617 -0.462347 -98072 31.0208 
9970 0.997616 -0.805719 -98072 31.0516 
9980 0.997604 -0.444653 -98072.3 31.0841 
9990 0.997562 -0.041763 -98069.4 31.1167 
10000 0.997582 -0.521484 -98072.3 31.1503 
