0 1 1 -98304 0 
10 1 -0.869359 -98303.9 0.0349175 
20 1 0.889897 -98303.9 0.0684206 
30 1 0.461071 -98303.9 0.106483 
40 0.999901 -0.387994 -98291.4 0.140195 
50 0.999901 -0.270637 -98291.4 0.173449 
60 0.999901 -0.614014 -98291.4 0.211812 
70 0.999891 0.269589 -98290.1 0.250651 
80 0.999903 -0.964366 -98291.6 0.286175 
90 0.99991 0.482166 -98292.5 0.321329 
100 0.99991 -0.0685644 -98292.5 0.350988 
110 0.99991 -0.22635 -98292.5 0.38772 
120 0.999901 0.914286 -98291.3 0.420607 
130 0.999901 -0.638474 -98291.3 0.457973 
140 0.999901 -0.267769 -98291.4 0.492444 
150 0.999901 0.106123 -98291.4 0.530952 
160 0.999901 0.508799 -98291.3 0.564716 
170 0.999901 -0.544645 -98291.3 0.598277 
180 0.999938 0.579293 -98296 0.638486 
190 0.999939 0.463805 -98296.1 0.668068 
200 0.999939 0.52295 -98296.1 0.698868 
210 0.999937 -0.693485 -98295.9 0.726714 
220 0.999919 0.341376 -98293.5 0.763382 
230 0.999919 0.984417 -98293.5 0.797359 
240 0.999918 -0.700147 -98293.5 0.828254 
250 0.999903 0.419072 -98291.4 0.865337 
260 0.999893 -0.858558 -98290.5 0.89907 
270 0.999892 -0.863345 -98290.5 0.935983 
280 0.999893 0.719248 -98290.5 0.969228 
290 0.999907 -0.386143 -98292.4 1.00646 
300 0.999909 0.571836 -98292.7 1.03933 
310 0.999909 0.719685 -98292.7 1.07187 
320 0.999901 0.297457 -98291.6 1.10061 
330 0.999906 -0.679677 -98292.3 1.13721 
340 0.999906 0.439487 -98292.3 1.17384 
350 0.999906 0.913419 -98292.3 1.20745 
360 0.999917 -0.774774 -98293.8 1.2438 
370 0.999917 -0.106501 -98293.8 1.28058 
380 0.999917 0.947575 -98293.8 1.31412 
390 0.999888 -0.513449 -98290 1.34438 
400 0.99988 -0.406399 -98288.7 1.38244 
410 0.99988 -0.625519 -98288.6 1.42079 
420 0.999881 -0.414298 -98288.7 1.45343 
430 0.999881 -0.431016 -98288.7 1.4832 
440 0.99988 -0.945832 -98288.6 1.52176 
450 0.99988 -0.88708 -98288.6 1.55733 
460 0.999517 -0.194515 -98244.4 1.59449 
470 0.999028 -0.148881 -98188 1.63553 
480 0.999091 -0.268179 -98195.5 1.67023 
490 0.99908 0.15855 -98193.8 1.70823 
500 0.998318 0.380041 -98122.1 1.75228 
510 0.997843 -0.736395 -98085.1 1.79036 
520 0.997843 0.723113 -98085.1 1.82605 
530 0.997848 -0.963679 -98084.7 1.8662 
540 0.997849 -0.264265 -98084.7 1.89927 
550 0.997805 0.797655 -98081.7 1.93206 
560 0.997881 -0.61709 -98089.6 1.97061 
570 0.997793 0.698697 -98089 2.01023 
580 0.997793 0.829283 -98089 2.04447 
590 0.997809 -0.600849 -98091.4 2.08202 
600 0.997778 0.218016 -98087.1 2.11809 
610 0.997685 0.875511 -98073 2.15668 
620 0.997685 0.827074 -98073 2.19005 
630 0.997546 0.373903 -98062 2.2304 
640 0.997546 -0.225988 -98062 2.26527 
650 0.997533 -0.247758 -98060 2.30532 
660 0.997555 0.615027 -98067.4 2.34433 
670 0.997551 0.0362274 -98066.8 2.37881 
680 0.997575 0.940327 -98069.5 2.41635 
690 0.997585 0.469271 -98071.5 2.45003 
700 0.997629 0.538583 -98075.5 2.48458 
710 0.997652 -0.464325 -98078.1 2.52013 
720 0.998215 0.149162 -98118.2 2.56162 
730 0.998173 0.0464303 -98113.8 2.59946 
740 0.998165 0.460488 -98113.2 2.63441 
750 0.998165 0.0483608 -98113.2 2.67063 
760 0.998054 -0.873049 -98103.4 2.71177 
770 0.997982 0.13234 -98097.5 2.74667 
780 0.99795 0.85215 -98094.8 2.77858 
790 0.998028 -0.907848 -98102.2 2.81721 
800 0.998071 -0.136858 -98107.8 2.85453 
810 0.998071 0.891796 -98107.8 2.89411 
820 0.997841 0.225225 -98085 2.93209 
830 0.997825 -0.112923 -98082.8 2.9667 
840 0.997825 -0.640073 -98082.8 3.00379 
850 0.997825 0.150395 -98082.8 3.03471 
860 0.997825 0.265604 -98082.7 3.06518 
870 0.997762 -0.774223 -98080.5 3.10381 
880 0.997542 0.935204 -98064.6 3.14511 
890 0.997505 0.273313 -98062.8 3.18226 
900 0.997591 0.240585 -98071.3 3.21975 
910 0.997592 0.514549 -98071.4 3.25592 
920 0.9976 0.0285109 -98072.4 3.29033 
930 0.997512 -0.538513 -98065 3.32585 
940 0.99752 -0.428268 -98065.6 3.36328 
950 0.997519 -0.924814 -98065.5 3.39921 
960 0.997518 0.423622 -98065.5 3.42944 
970 0.997518 0.299253 -98065.5 3.46769 
980 0.997518 -0.145433 -98065.5 3.50298 
990 0.997551 -0.927479 -98068.5 3.54052 
1000 0.997526 -0.187542 -98063.4 3.57917 
1010 0.997526 0.329052 -98063.4 3.61514 
1020 0.997505 0.0397478 -98060.3 3.6507 
1030 0.997505 -0.662228 -98060.3 3.68544 
1040 0.997568 0.974326 -98067.8 3.72759 
1050 0.997568 0.522847 -98067.9 3.76242 
1060 0.997562 -0.417656 -98067.2 3.79772 
1070 0.997566 0.69249 -98067.4 3.83574 
1080 0.997566 -0.0154694 -98067.4 3.87313 
1090 0.997574 -0.677529 -98067.1 3.90833 
1100 0.997545 0.69717 -98059.5 3.9425 
1110 0.997547 -0.847441 -98059.6 3.97639 
1120 0.997565 0.745643 -98061.5 4.01565 
1130 0.997558 -0.931349 -98060.5 4.05225 
1140 0.997558 -0.552064 -98060.5 4.08517 
1150 0.997558 -0.762392 -98060.5 4.11646 
1160 0.997682 -0.885778 -98073.7 4.14658 
1170 0.997719 0.288813 -98075.9 4.1904 
1180 0.997674 0.294756 -98072 4.22787 
1190 0.997674 -0.076017 -98072 4.26035 
1200 0.997769 -0.918556 -98073.4 4.29542 
1210 0.997769 -0.342194 -98073.4 4.33431 
1220 0.997754 0.191247 -98072.6 4.36936 
1230 0.997744 0.307713 -98071.9 4.40588 
1240 0.997601 -0.0217701 -98063.4 4.4471 
1250 0.997635 -0.948613 -98057.2 4.48839 
1260 0.997593 -0.481634 -98051.5 4.52114 
1270 0.997584 -0.0319294 -98051 4.5568 
1280 0.997585 -0.775256 -98050.9 4.59243 
1290 0.997562 -0.142541 -98048.5 4.63111 
1300 0.997563 -0.743517 -98048.7 4.66887 
1310 0.997563 -0.315601 -98048.7 4.69898 
1320 0.99761 -0.864985 -98054.6 4.73542 
1330 0.99758 -0.767954 -98063.1 4.7748 
1340 0.997507 -0.209936 -98057.2 4.80694 
1350 0.997487 0.420954 -98053.7 4.84255 
1360 0.997575 -0.963908 -98066.8 4.88651 
1370 0.997575 -0.368828 -98066.8 4.92378 
1380 0.997599 -0.542835 -98064.5 4.96232 
1390 0.997607 -0.113326 -98065 4.9978 
1400 0.997607 0.186434 -98065 5.03521 
1410 0.997573 -0.693947 -98065.1 5.07309 
1420 0.997525 -0.567095 -98060.2 5.10924 
1430 0.997526 -0.0334759 -98060.2 5.14589 
1440 0.997528 -0.599267 -98059.6 5.18385 
1450 0.997444 -0.197756 -98056.7 5.2176 
1460 0.997406 0.459734 -98052.7 5.251 
1470 0.997415 0.594569 -98053.8 5.28712 
1480 0.997415 0.567629 -98053.8 5.32322 
1490 0.997408 -0.712112 -98053.2 5.36192 
1500 0.997505 0.777973 -98060.3 5.39986 
1510 0.997483 -0.101731 -98059.9 5.43714 
1520 0.997549 0.200687 -98062.1 5.47415 
1530 0.997627 0.724397 -98060.9 5.51432 
1540 0.997625 -0.784913 -98059.8 5.54612 
1550 0.997624 -0.429335 -98060.2 5.58401 
1560 0.997575 -0.787863 -98056.9 5.62162 
1570 0.997609 0.863317 -98060.4 5.65619 
1580 0.997609 -0.665912 -98060.5 5.68694 
1590 0.997605 0.591875 -98060.2 5.7239 
1600 0.997573 0.190479 -98056.1 5.75955 
1610 0.997569 0.277249 -98055.7 5.79754 
1620 0.997569 0.318345 -98055.7 5.83473 
1630 0.99758 -0.531097 -98057.2 5.87232 
1640 0.997598 -0.622644 -98058.6 5.91115 
1650 0.997587 -0.425145 -98057.8 5.94434 
1660 0.997587 -0.607898 -98057.8 5.97843 
1670 0.997603 0.234059 -98060.1 6.0138 
1680 0.997615 -0.35692 -98061.2 6.04202 
1690 0.997614 -0.46683 -98061.1 6.08074 
1700 0.997614 -0.541389 -98061.1 6.11714 
1710 0.997614 -0.123442 -98061.1 6.14813 
1720 0.997665 0.532059 -98065.5 6.18298 
1730 0.997637 0.317969 -98061.9 6.21564 
1740 0.997662 0.715497 -98063.6 6.25109 
1750 0.99766 0.649581 -98063.9 6.28772 
1760 0.997573 -0.86771 -98061.2 6.32464 
1770 0.997663 -0.768317 -98067.8 6.36241 
1780 0.997663 0.369063 -98067.8 6.39628 
1790 0.997615 0.638852 -98061.2 6.434 
1800 0.997615 0.580809 -98061.2 6.46793 
1810 0.997598 0.113478 -98060.3 6.5024 
1820 0.997583 0.285083 -98061.6 6.54743 
1830 0.997617 0.176137 -98066.1 6.58299 
1840 0.997617 -0.0529206 -98066.1 6.61703 
1850 0.99757 0.64613 -98062.1 6.66046 
1860 0.997543 0.104637 -98063.5 6.69853 
1870 0.997577 -0.294584 -98063 6.73599 
1880 0.997577 -0.646226 -98062.9 6.77678 
1890 0.997602 -0.214993 -98069.3 6.81668 
1900 0.99763 -0.367716 -98071 6.85183 
1910 0.997625 -0.52365 -98070.7 6.88887 
1920 0.997625 -0.677184 -98070.7 6.92093 
1930 0.997625 0.749976 -98070.7 6.95508 
1940 0.997621 -0.76586 -98070.2 6.99082 
1950 0.997629 -0.743812 -98071 7.02597 
1960 0.997637 0.802162 -98071.7 7.05759 
1970 0.997587 0.586435 -98067.3 7.09689 
1980 0.99752 -0.91508 -98064.3 7.13805 
1990 0.997692 -0.555791 -98071.9 7.17888 
2000 0.997692 0.25679 -98071.9 7.21623 
2010 0.997692 -0.646331 -98071.9 7.25387 
2020 0.997692 -0.8271 -98071.8 7.28127 
2030 0.997689 -0.163221 -98072.5 7.31416 
2040 0.997614 -0.753043 -98064.3 7.35874 
2050 0.997614 -0.798174 -98064.3 7.39272 
2060 0.997651 0.0448906 -98065.5 7.42523 
2070 0.997691 0.629526 -98067.7 7.46563 
2080 0.997683 -0.983311 -98069.6 7.49974 
2090 0.99769 -0.110892 -98070.5 7.54032 
2100 0.99769 0.712167 -98070.5 7.5758 
2110 0.997654 0.0882941 -98076.7 7.61046 
2120 0.997682 -0.235006 -98076.9 7.64902 
2130 0.997684 0.343012 -98077.4 7.68947 
2140 0.99765 0.919245 -98066.8 7.72681 
2150 0.997654 0.228822 -98066.1 7.76452 
2160 0.99767 -0.455373 -98074.4 7.80556 
2170 0.99767 0.0785442 -98074.4 7.84132 
2180 0.997756 -0.941806 -98076.9 7.87629 
2190 0.997831 0.848544 -98080.7 7.91448 
2200 0.997831 0.949268 -98080.7 7.95468 
2210 0.997816 0.876826 -98079.9 7.98162 
2220 0.997795 -0.656794 -98077.8 8.01865 
2230 0.997787 0.272493 -98076.1 8.05727 
2240 0.997718 -0.270955 -98073.1 8.098 
2250 0.997724 -0.611209 -98074.4 8.13738 
2260 0.997724 0.589875 -98074.4 8.16746 
2270 0.997724 0.545498 -98074.4 8.20123 
2280 0.997724 -0.675857 -98074.4 8.23195 
2290 0.997647 0.499566 -98066.1 8.27179 
2300 0.997657 -0.867599 -98066.8 8.3055 
2310 0.997657 0.394973 -98066.5 8.34443 
2320 0.997603 0.224887 -98063.4 8.39011 
2330 0.997539 -0.695721 -98058.8 8.42375 
2340 0.997539 -0.404231 -98058.9 8.45851 
2350 0.997543 -0.589189 -98059.1 8.49572 
2360 0.997544 -0.381295 -98059.5 8.52873 
2370 0.997667 -0.198462 -98068.6 8.56648 
2380 0.997667 0.248899 -98066.4 8.60829 
2390 0.997603 0.412647 -98074.5 8.64378 
2400 0.997603 0.190058 -98074.5 8.68218 
2410 0.997603 -0.418929 -98074.5 8.71862 
2420 0.997648 0.433396 -98083 8.75718 
2430 0.99746 0.851839 -98070.9 8.79579 
2440 0.997421 -0.878174 -98068.1 8.83449 
2450 0.997457 -0.551153 -98071.4 8.87068 
2460 0.997501 -0.00933758 -98073.1 8.90082 
2470 0.997564 -0.0618886 -98070.6 8.93941 
2480 0.997468 -0.169444 -98063.9 8.97319 
2490 0.997475 0.575243 -98064.9 9.01218 
2500 0.997497 -0.528242 -98066.3 9.05182 
2510 0.997497 0.0166266 -98066.3 9.0899 
2520 0.997497 -0.187857 -98066.3 9.12375 
2530 0.997513 -0.373519 -98064.2 9.16431 
2540 0.997576 0.822388 -98069.8 9.19974 
2550 0.997616 -0.231772 -98069.3 9.24101 
2560 0.997627 0.126708 -98071.6 9.27806 
2570 0.997583 0.912192 -98066.3 9.31069 
2580 0.997646 -0.750387 -98069.5 9.34969 
2590 0.997658 -0.393987 -98070 9.38936 
2600 0.997658 0.345515 -98070 9.42169 
2610 0.997548 -0.023549 -98065.9 9.45814 
2620 0.997533 0.683435 -98067.3 9.50347 
2630 0.997462 -0.944718 -98068.9 9.54222 
2640 0.997441 0.690219 -98065.5 9.57791 
2650 0.997458 0.579909 -98065.2 9.61235 
2660 0.997593 0.406139 -98067.3 9.64563 
2670 0.997592 -0.287071 -98067.3 9.67557 
2680 0.997629 -0.131608 -98069.4 9.71198 
2690 0.997629 -0.124263 -98069.4 9.74805 
2700 0.997651 -0.846482 -98071.3 9.78253 
2710 0.997503 0.125257 -98058.9 9.81742 
2720 0.997621 0.612209 -98064.2 9.85207 
2730 0.997618 0.0329959 -98064 9.88588 
2740 0.997572 -0.668795 -98058.8 9.92162 
2750 0.997625 -0.395287 -98065.2 9.96032 
2760 0.997641 0.979883 -98066.7 9.99389 
2770 0.997641 0.707636 -98066.7 10.0268 
2780 0.997627 0.897352 -98066.1 10.0658 
2790 0.997626 0.397081 -98066.1 10.1 
2800 0.997613 0.0971237 -98065.1 10.1343 
2810 0.997614 0.849762 -98063.3 10.1748 
2820 0.997718 -0.352887 -98069.3 10.218 
2830 0.997734 0.172046 -98075 10.2559 
2840 0.997734 -0.748149 -98075 10.2893 
2850 0.997713 0.721614 -98078.8 10.3302 
2860 0.9977 0.0724974 -98077.7 10.3675 
2870 0.99772 0.777151 -98079.6 10.4023 
2880 0.997689 -0.395021 -98069.9 10.4414 
2890 0.997689 -0.487104 -98069.9 10.4716 
2900 0.997704 0.872212 -98069.8 10.5119 
2910 0.997743 -0.712 -98067.9 10.5455 
2920 0.997734 0.200049 -98071.6 10.5831 
2930 0.997703 0.288147 -98068 10.6199 
2940 0.997813 -0.0428978 -98078.8 10.6604 
2950 0.99777 -0.676436 -98074.6 10.693 
2960 0.997652 -0.0745055 -98066.6 10.7275 
2970 0.997685 -0.63878 -98071.1 10.7639 
2980 0.997716 -0.319641 -98074.3 10.7995 
2990 0.997686 0.556942 -98071.1 10.8326 
3000 0.997686 -0.455092 -98071.1 10.8679 
3010 0.997684 -0.638793 -98070.8 10.8986 
3020 0.997588 -0.0349306 -98063.2 10.9438 
3030 0.997698 -0.804427 -98069 10.9865 
3040 0.997698 0.576899 -98069 11.0136 
3050 0.997699 0.132877 -98069.1 11.0426 
3060 0.997707 -0.198368 -98070.1 11.0804 
3070 0.997707 -0.728406 -98070.1 11.114 
3080 0.997689 0.939939 -98070.2 11.1489 
3090 0.997653 -0.415018 -98067.7 11.1821 
3100 0.997653 0.116023 -98067.7 11.2154 
3110 0.997653 0.800788 -98067.7 11.2424 
3120 0.997517 0.825729 -98058.3 11.2826 
3130 0.997529 0.815442 -98059.2 11.3162 
3140 0.997529 0.952259 -98059.2 11.3537 
3150 0.997503 0.208889 -98056.2 11.3843 
3160 0.997552 -0.166565 -98061.2 11.42 
3170 0.997558 0.959997 -98062.5 11.4574 
3180 0.997558 -0.730995 -98062.4 11.4883 
3190 0.997624 -0.307652 -98060.2 11.5266 
3200 0.997603 -0.220458 -98058.7 11.5588 
3210 0.997603 0.258115 -98058.7 11.5931 
3220 0.997607 0.756247 -98059.6 11.6264 
3230 0.997594 0.935375 -98057 11.6671 
3240 0.997564 0.526214 -98054 11.7046 
3250 0.99759 0.933673 -98055.9 11.7431 
3260 0.997599 0.420562 -98056.9 11.774 
3270 0.997578 0.466908 -98055 11.8115 
3280 0.997575 0.0352554 -98054.8 11.8432 
3290 0.997655 -0.540276 -98064.5 11.8799 
3300 0.997655 0.671567 -98064.6 11.9177 
3310 0.997655 0.140496 -98064.6 11.9514 
3320 0.997655 -0.0259203 -98064.6 11.9851 
3330 0.997665 -0.706973 -98066.1 12.021 
3340 0.997658 -0.134312 -98065.3 12.0545 
3350 0.997621 0.840676 -98069.2 12.0936 
3360 0.997681 -0.192002 -98071.1 12.1254 
3370 0.997634 0.197017 -98071.5 12.1616 
3380 0.997636 -0.505884 -98071.6 12.1954 
3390 0.997636 -0.663598 -98067.5 12.2304 
3400 0.997644 -0.141263 -98068.4 12.2644 
3410 0.997644 0.194291 -98068.4 12.2952 
3420 0.997492 0.628802 -98061 12.3389 
3430 0.997502 -0.743348 -98061.9 12.3767 
3440 0.997585 0.880481 -98066.6 12.4126 
3450 0.997576 -0.431526 -98066 12.4483 
3460 0.997576 -0.838384 -98066 12.4807 
3470 0.997568 0.796776 -98064.5 12.5138 
3480 0.997592 0.766123 -98066.7 12.549 
3490 0.997587 0.826717 -98066.2 12.5854 
3500 0.997652 -0.910725 -98071.1 12.6233 
3510 0.99763 -0.735134 -98070.4 12.6647 
3520 0.99763 -0.426747 -98070.4 12.6988 
3530 0.997622 -0.414075 -98069.7 12.7335 
3540 0.997645 -0.593816 -98071.1 12.7671 
3550 0.997658 0.408676 -98070.1 12.8072 
3560 0.99759 0.865061 -98068.2 12.8442 
3570 0.997593 -0.423043 -98068.5 12.8783 
3580 0.997589 -0.608601 -98068 12.9154 
3590 0.997617 -0.362354 -98071.3 12.9499 
3600 0.997582 0.362494 -98070.6 12.9889 
3610 0.997622 -0.368681 -98069.5 13.0262 
3620 0.997622 0.872873 -98069.5 13.0624 
3630 0.997616 0.46241 -98068.5 13.0978 
3640 0.997616 -0.988489 -98068.5 13.1292 
3650 0.997602 -0.130388 -98067.5 13.1665 
3660 0.997602 0.477564 -98067.5 13.2006 
3670 0.997603 -0.699229 -98069.2 13.2436 
3680 0.997615 0.621828 -98070.4 13.2775 
3690 0.997615 0.730898 -98070.9 13.3143 
3700 0.997617 -0.212341 -98070.3 13.3518 
3710 0.997571 -0.478028 -98066.7 13.3903 
3720 0.997682 -0.934624 -98071.8 13.4269 
3730 0.997647 0.484622 -98065 13.4603 
3740 0.997647 -0.0225242 -98065 13.4972 
3750 0.997647 -0.585612 -98064.8 13.5326 
3760 0.997647 0.985902 -98064.8 13.5666 
3770 0.997681 -0.392101 -98064.5 13.6099 
3780 0.997733 -0.92797 -98069.7 13.6507 
3790 0.99773 0.598527 -98071.7 13.6839 
3800 0.997704 -0.552937 -98072.6 13.7212 
3810 0.997704 -0.0206392 -98072.6 13.7528 
3820 0.99761 -0.525555 -98066.3 13.7932 
3830 0.997611 0.222091 -98066.4 13.8304 
3840 0.997606 0.732088 -98066 13.864 
3850 0.997472 -0.136816 -98061.2 13.902 
3860 0.997477 0.422234 -98061.7 13.9405 
3870 0.997477 -0.456324 -98061.7 13.9741 
3880 0.997358 -0.526735 -98052.7 14.0104 
3890 0.997321 -0.370359 -98051.8 14.0504 
3900 0.997308 -0.291626 -98049.5 14.0878 
3910 0.997374 0.0784649 -98055.5 14.122 
3920 0.997376 0.478882 -98055.7 14.1562 
3930 0.997413 0.501448 -98060.8 14.1928 
3940 0.997464 0.582787 -98060 14.2283 
3950 0.997471 0.812702 -98061.2 14.2666 
3960 0.997491 -0.0828854 -98064.5 14.3074 
3970 0.997493 0.931794 -98064.6 14.3414 
3980 0.997474 0.912655 -98068.2 14.3812 
3990 0.9975 0.409934 -98069 14.4162 
4000 0.997433 0.123804 -98067.8 14.449 
4010 0.997407 0.604451 -98065.9 14.4845 
4020 0.997407 -0.693214 -98065.9 14.5149 
4030 0.997446 -0.141522 -98066.3 14.552 
4040 0.997416 -0.484166 -98062.8 14.5849 
4050 0.997516 0.511785 -98066 14.6251 
4060 0.997495 -0.53125 -98064.7 14.6613 
4070 0.997483 -0.114451 -98063.9 14.696 
4080 0.99743 -0.716757 -98059.5 14.7293 
4090 0.997467 -0.42817 -98063.5 14.7651 
4100 0.997467 -0.599465 -98063.5 14.7981 
4110 0.997468 0.0424398 -98063.6 14.8334 
4120 0.997552 -0.701826 -98067.8 14.8685 
4130 0.997542 0.728298 -98066.7 14.9034 
4140 0.997542 -0.81576 -98066.7 14.9379 
4150 0.99749 0.924481 -98061.8 14.9744 
4160 0.997462 0.67358 -98059.8 15.0132 
4170 0.997471 0.339137 -98060.8 15.0492 
4180 0.997461 0.842796 -98059.4 15.0834 
4190 0.997462 0.13815 -98059.5 15.119 
4200 0.997462 0.75846 -98059.5 15.155 
4210 0.997448 0.228543 -98058.1 15.1882 
4220 0.99746 -0.617986 -98059 15.2222 
4230 0.99746 0.814476 -98059 15.2552 
4240 0.997559 -0.467696 -98065.5 15.2914 
4250 0.997559 0.173473 -98065.5 15.3115 
4260 0.99756 -0.613496 -98066 15.3461 
4270 0.997567 -0.959663 -98066.5 15.3829 
4280 0.997561 0.560256 -98066.5 15.4221 
4290 0.997561 -0.125145 -98066.5 15.4521 
4300 0.99752 0.610451 -98068.9 15.4892 
4310 0.997501 0.257386 -98065.5 15.527 
4320 0.997501 -0.0707924 -98065.5 15.5575 
4330 0.997504 -0.871572 -98065.8 15.5941 
4340 0.997501 -0.0867577 -98064.6 15.6315 
4350 0.997514 -0.399727 -98066.2 15.6615 
4360 0.997512 0.936018 -98061.2 15.6987 
4370 0.997512 0.155612 -98061.2 15.7314 
4380 0.997583 0.380821 -98060.6 15.7673 
4390 0.997605 -0.72236 -98058.6 15.8058 
4400 0.997605 -0.388332 -98058.6 15.8389 
4410 0.997623 0.0470183 -98060.7 15.8801 
4420 0.997561 0.802813 -98057.6 15.9182 
4430 0.997539 -0.879832 -98054.9 15.9588 
4440 0.997546 -0.313608 -98055.5 15.9917 
4450 0.997474 0.968473 -98055.5 16.029 
4460 0.997474 -0.833036 -98055.5 16.0593 
4470 0.997474 -0.588583 -98055.5 16.093 
4480 0.997459 -0.863138 -98055 16.1283 
4490 0.997465 0.585089 -98056.6 16.1639 
4500 0.997487 0.950885 -98060.3 16.2055 
4510 0.997447 -0.353431 -98055.7 16.244 
4520 0.997625 -0.12781 -98067.9 16.2817 
4530 0.997625 0.278055 -98067.9 16.3145 
4540 0.997625 -0.643964 -98068 16.3512 
4550 0.997625 -0.0866934 -98068 16.384 
4560 0.997682 0.578127 -98071.8 16.4216 
4570 0.997714 -0.422214 -98077.1 16.4574 
4580 0.997684 -0.829081 -98075 16.4965 
4590 0.997692 -0.870588 -98075.6 16.532 
4600 0.997665 0.578744 -98067.9 16.5699 
4610 0.99766 0.247311 -98067.6 16.6044 
4620 0.997658 0.323365 -98067.4 16.6368 
4630 0.997685 -0.769369 -98065.2 16.6728 
4640 0.997669 0.545384 -98063.1 16.7074 
4650 0.997687 0.41233 -98065.5 16.7434 
4660 0.997704 0.245342 -98066.8 16.7785 
4670 0.99762 -0.14758 -98066 16.8143 
4680 0.997593 -0.425717 -98060.9 16.853 
4690 0.997593 0.958117 -98060.9 16.8863 
4700 0.997562 -0.724596 -98059.9 16.9214 
4710 0.997568 0.529937 -98059.7 16.9555 
4720 0.997644 0.76669 -98069 16.9902 
4730 0.997632 0.29595 -98070 17.0281 
4740 0.997663 -0.0890599 -98072.1 17.0636 
4750 0.997664 0.175614 -98072.1 17.0942 
4760 0.997663 0.387479 -98071.9 17.1258 
4770 0.997662 -0.72826 -98071.9 17.1618 
4780 0.997663 -0.716249 -98071.9 17.1953 
4790 0.997663 -0.732951 -98071.9 17.2294 
4800 0.997674 -0.0857542 -98073 17.2649 
4810 0.99767 0.675674 -98071.2 17.3028 
4820 0.997655 -0.13152 -98067.5 17.341 
4830 0.997655 0.0941333 -98067.6 17.3678 
4840 0.997608 -0.918513 -98064.5 17.4072 
4850 0.997675 0.633989 -98066.7 17.4432 
4860 0.997682 0.871618 -98062.9 17.4791 
4870 0.997682 -0.233567 -98062.9 17.5158 
4880 0.997567 0.75235 -98057.2 17.5535 
4890 0.997567 0.778135 -98057.2 17.5869 
4900 0.99759 0.659485 -98060.1 17.6254 
4910 0.99762 0.0551332 -98065.7 17.6655 
4920 0.997636 -0.816235 -98067.5 17.6954 
4930 0.997591 -0.482912 -98061.1 17.7316 
4940 0.997632 0.350896 -98064.2 17.7693 
4950 0.997561 -0.320547 -98055.8 17.8088 
4960 0.997685 0.542273 -98073.2 17.8392 
4970 0.997685 -0.253077 -98073.3 17.8725 
4980 0.99768 -0.565874 -98072.8 17.905 
4990 0.997585 0.382207 -98065.7 17.942 
5000 0.997586 0.327885 -98065.8 17.9786 
5010 0.997556 -0.24826 -98064.7 18.011 
5020 0.997567 -0.830664 -98068.1 18.0477 
5030 0.997626 -0.173226 -98069.3 18.0853 
5040 0.997631 -0.606479 -98069.8 18.1174 
5050 0.997631 -0.125954 -98069.8 18.15 
5060 0.997648 -0.410635 -98072.5 18.1843 
5070 0.997623 -0.212209 -98070.5 18.219 
5080 0.997668 0.628301 -98073.1 18.2568 
5090 0.997668 -0.797148 -98073.1 18.2902 
5100 0.997668 0.529313 -98073.1 18.3235 
5110 0.997668 -0.954056 -98073 18.3573 
5120 0.997649 0.393144 -98069 18.3934 
5130 0.997522 -0.141125 -98064.6 18.4333 
5140 0.997536 0.516216 -98076.8 18.4714 
5150 0.997536 0.336439 -98076.7 18.5022 
5160 0.997511 -0.11665 -98073.8 18.5402 
5170 0.997505 -0.62466 -98073.3 18.5715 
5180 0.997505 0.901622 -98073.3 18.6056 
5190 0.997505 0.55933 -98073.3 18.6401 
5200 0.997505 0.992359 -98073.3 18.6771 
5210 0.997505 0.916926 -98073.3 18.7102 
5220 0.997464 -0.281036 -98069.7 18.7455 
5230 0.997461 -0.955694 -98064.8 18.7819 
5240 0.997505 -0.909326 -98071.8 18.8199 
5250 0.997509 0.242819 -98072.2 18.8537 
5260 0.997509 -0.253233 -98072.2 18.8875 
5270 0.99753 0.128417 -98075.6 18.9267 
5280 0.997443 -0.931955 -98067.3 18.9629 
5290 0.997443 0.497838 -98067.3 18.9966 
5300 0.997477 0.843541 -98072.5 19.0331 
5310 0.997479 0.872876 -98072.4 19.0682 
5320 0.99751 -0.61609 -98067.8 19.1075 
5330 0.997494 0.167297 -98066.7 19.1365 
5340 0.997512 0.64515 -98070.9 19.1727 
5350 0.997502 -0.864708 -98069.7 19.2043 
5360 0.997478 0.431001 -98066.7 19.2413 
5370 0.997489 0.0770993 -98068.1 19.2724 
5380 0.997586 0.547133 -98077 19.3061 
5390 0.997546 0.910016 -98076.8 19.3421 
5400 0.997523 -0.989913 -98074.7 19.3808 
5410 0.997486 -0.0521904 -98071 19.4154 
5420 0.997415 -0.88788 -98064.2 19.4518 
5430 0.997401 -0.767027 -98059.7 19.4911 
5440 0.997411 0.674827 -98060.9 19.5225 
5450 0.997373 -0.514827 -98057.6 19.5556 
5460 0.997373 0.0669669 -98057.6 19.588 
5470 0.997337 -0.562599 -98062.8 19.6218 
5480 0.997342 -0.0652314 -98060.8 19.6619 
5490 0.997343 -0.136671 -98060.9 19.6983 
5500 0.99727 -0.416796 -98058.2 19.7351 
5510 0.997394 -0.832442 -98057 19.7663 
5520 0.997394 0.0130542 -98057 19.8029 
5530 0.997394 -0.546333 -98056.5 19.835 
5540 0.997394 0.874897 -98056.5 19.8695 
5550 0.997414 -0.243573 -98058.5 19.9053 
5560 0.997401 -0.840911 -98052.5 19.9456 
5570 0.997452 -0.0228058 -98055.2 19.9806 
5580 0.997472 0.516227 -98053.1 20.0161 
5590 0.997472 -0.0654015 -98053.2 20.0526 
5600 0.997464 -0.23926 -98055.9 20.0886 
5610 0.997513 0.576687 -98062.6 20.1243 
5620 0.997524 0.444857 -98064.2 20.1576 
5630 0.997561 0.361152 -98065.6 20.1905 
5640 0.99754 -0.534281 -98063.8 20.2156 
5650 0.997539 -0.957518 -98062.9 20.2531 
5660 0.99747 -0.777603 -98057.8 20.2943 
5670 0.997447 -0.627559 -98056.2 20.3259 
5680 0.997433 -0.47477 -98058.5 20.3525 
5690 0.997464 0.293459 -98062.3 20.3949 
5700 0.997458 -0.244453 -98061.8 20.4313 
5710 0.997486 -0.246086 -98065.9 20.4669 
5720 0.997599 0.632255 -98074.7 20.5069 
5730 0.997595 -0.357987 -98074.4 20.5441 
5740 0.997549 0.235242 -98071.8 20.5783 
5750 0.997559 -0.0761973 -98075 20.6118 
5760 0.997438 0.371578 -98063.5 20.6568 
5770 0.997437 0.830672 -98063.1 20.6883 
5780 0.99744 0.319977 -98063.3 20.719 
5790 0.997426 -0.236036 -98060.6 20.7545 
5800 0.997407 -0.208511 -98060.3 20.7864 
5810 0.997403 -0.460649 -98058.9 20.8271 
5820 0.997411 0.120773 -98058.9 20.8658 
5830 0.997467 0.872841 -98066.3 20.8979 
5840 0.99745 -0.456097 -98044.8 20.9332 
5850 0.99745 -0.0533615 -98044.8 20.9668 
5860 0.997468 0.26657 -98048.1 21.0031 
5870 0.997431 -0.268722 -98043.4 21.0399 
5880 0.997434 -0.2973 -98043.7 21.0777 
5890 0.997473 0.297412 -98053.8 21.1161 
5900 0.997588 -0.477766 -98057.1 21.152 
5910 0.997588 0.52022 -98057.1 21.1863 
5920 0.997751 -0.922915 -98071.4 21.2253 
5930 0.997777 0.609807 -98078.8 21.2651 
5940 0.997763 -0.155586 -98076.8 21.2998 
5950 0.997751 -0.771446 -98075.9 21.3335 
5960 0.997646 -0.440521 -98067 21.3727 
5970 0.997654 0.410257 -98067.6 21.4065 
5980 0.997673 0.31072 -98068.6 21.4422 
5990 0.997673 0.0753829 -98068.5 21.4771 
6000 0.997682 0.0519181 -98069.3 21.5102 
6010 0.997692 0.57247 -98069.7 21.5475 
6020 0.997738 0.632186 -98072.6 21.5914 
6030 0.997825 -0.559467 -98083.9 21.6292 
6040 0.997825 0.9599 -98083.9 21.663 
6050 0.997791 0.566019 -98082.4 21.7047 
6060 0.997864 -0.751123 -98085.4 21.7415 
6070 0.997885 -0.454153 -98086.8 21.7736 
6080 0.997811 -0.133081 -98078.7 21.8095 
6090 0.997767 0.192323 -98076.8 21.8495 
6100 0.997767 -0.145851 -98076.8 21.8789 
6110 0.997768 0.26252 -98076.8 21.9128 
6120 0.997682 -0.0645729 -98070.1 21.9519 
6130 0.997669 -0.985832 -98070.8 21.9894 
6140 0.997645 -0.632259 -98066.7 22.0272 
6150 0.997645 -0.17961 -98066.8 22.0617 
6160 0.997615 -0.253157 -98066.8 22.0977 
6170 0.99766 0.281136 -98072.7 22.1373 
6180 0.997644 0.371372 -98069.5 22.1767 
6190 0.997642 -0.745052 -98069.4 22.2037 
6200 0.997642 0.882893 -98069.4 22.2371 
6210 0.997647 -0.413331 -98070 22.2756 
6220 0.997681 0.422908 -98071.6 22.3105 
6230 0.997681 -0.514558 -98071.6 22.3439 
6240 0.997593 0.0187778 -98065.3 22.3874 
6250 0.997593 -0.372801 -98065.2 22.4208 
6260 0.997589 -0.655759 -98064.7 22.4549 
6270 0.997588 -0.53817 -98064.1 22.4925 
6280 0.997567 -0.277087 -98060 22.5298 
6290 0.9976 -0.231476 -98060.5 22.5669 
6300 0.9976 -0.684035 -98060.5 22.6038 
6310 0.997679 0.0519471 -98070.4 22.6394 
6320 0.997689 -0.595914 -98072.5 22.6799 
6330 0.997685 -0.25072 -98072.2 22.7162 
6340 0.997685 0.187437 -98072.1 22.7551 
6350 0.997693 0.0127378 -98071.6 22.7903 
6360 0.997693 0.952578 -98071.1 22.8207 
6370 0.997697 -0.871161 -98072.3 22.8602 
6380 0.997714 -0.00673791 -98073.7 22.8957 
6390 0.997728 -0.158918 -98070.7 22.9328 
6400 0.997717 0.275826 -98069.3 22.9654 
6410 0.99765 -0.231948 -98066 23.0069 
6420 0.997672 0.433707 -98067.2 23.0422 
6430 0.997636 -0.360567 -98061 23.0783 
6440 0.997636 0.552791 -98061 23.108 
6450 0.997636 -0.380497 -98061 23.1413 
6460 0.997629 0.108913 -98058.6 23.1768 
6470 0.997629 0.180215 -98058.7 23.2073 
6480 0.997629 0.375635 -98058.7 23.237 
6490 0.997629 -0.95481 -98058.6 23.2675 
6500 0.997629 0.357439 -98058.7 23.3013 
6510 0.997564 0.057042 -98054.9 23.3319 
6520 0.99772 0.0387588 -98068.4 23.3664 
6530 0.99772 -0.398131 -98068.3 23.4001 
6540 0.997669 -0.136618 -98064.2 23.4373 
6550 0.997709 0.203442 -98066.3 23.4715 
6560 0.997702 -0.911653 -98070.5 23.5072 
6570 0.997701 -0.802495 -98070.4 23.5382 
6580 0.997719 0.682579 -98073.5 23.5775 
6590 0.997688 0.040476 -98070.2 23.6129 
6600 0.99764 0.594496 -98068.8 23.6492 
6610 0.997551 -0.828808 -98060.5 23.6888 
6620 0.997574 -0.696486 -98063 23.7266 
6630 0.997602 0.878054 -98062.1 23.7664 
6640 0.997627 0.6117 -98064 23.8019 
6650 0.997598 -0.443749 -98065.2 23.8421 
6660 0.997563 0.965428 -98062.3 23.8813 
6670 0.997563 -0.517981 -98062.3 23.9166 
6680 0.99761 -0.190454 -98066.6 23.9521 
6690 0.997652 -0.212725 -98063.3 23.9824 
6700 0.997653 0.140365 -98063.4 24.02 
6710 0.997652 0.89857 -98063.4 24.0539 
6720 0.997649 0.0233123 -98066.1 24.089 
6730 0.997563 0.239925 -98054.9 24.133 
6740 0.997625 -0.604618 -98061.3 24.1707 
6750 0.997582 -0.315396 -98055 24.206 
6760 0.9975 0.425763 -98048.9 24.2436 
6770 0.997496 -0.296913 -98048.5 24.2781 
6780 0.997368 0.433706 -98048.6 24.3108 
6790 0.997446 -0.180655 -98051.7 24.3494 
6800 0.997438 -0.326632 -98050.7 24.3759 
6810 0.997445 -0.647696 -98051.1 24.4098 
6820 0.997544 -0.100921 -98054.1 24.4463 
6830 0.997545 -0.705141 -98054.2 24.4829 
6840 0.997605 -0.840525 -98064.5 24.5215 
6850 0.997544 0.0114001 -98058.3 24.5541 
6860 0.997544 -0.656432 -98058.4 24.5909 
6870 0.997535 0.868774 -98057.6 24.6246 
6880 0.997552 0.258977 -98058.7 24.6596 
6890 0.997489 -0.474756 -98061.7 24.6977 
6900 0.997495 -0.900843 -98062.2 24.7376 
6910 0.997495 0.978711 -98062.2 24.7675 
6920 0.997589 -0.32616 -98062.5 24.7969 
6930 0.997618 0.056417 -98066.4 24.8363 
6940 0.997604 -0.0545688 -98061.9 24.8668 
6950 0.997653 -0.679094 -98066.1 24.9056 
6960 0.997666 0.961452 -98066.9 24.9398 
6970 0.997591 0.170215 -98068.6 24.9739 
6980 0.997598 -0.75414 -98070 25.0069 
6990 0.997598 0.794945 -98070 25.0431 
7000 0.997554 -0.229973 -98061.7 25.0797 
7010 0.997533 0.568572 -98062.3 25.1164 
7020 0.99754 -0.296364 -98062.7 25.1517 
7030 0.997604 0.234249 -98072.4 25.1927 
7040 0.997609 0.118231 -98072.2 25.2289 
7050 0.997609 -0.594743 -98072.2 25.2558 
7060 0.997493 -0.096561 -98067.4 25.2908 
7070 0.997485 0.325963 -98069.3 25.3282 
7080 0.997485 0.81911 -98069.3 25.3616 
7090 0.997496 -0.237509 -98070.5 25.3947 
7100 0.997498 0.586263 -98070.7 25.4251 
7110 0.997525 0.135911 -98072.8 25.4619 
7120 0.997525 0.662044 -98072.8 25.4988 
7130 0.997501 -0.327326 -98070.7 25.5261 
7140 0.997502 0.216769 -98070.8 25.557 
7150 0.997504 0.834373 -98070.9 25.5911 
7160 0.997536 0.816663 -98077.2 25.6262 
7170 0.997693 0.972022 -98084.7 25.6612 
7180 0.997659 -0.141943 -98079.6 25.6976 
7190 0.997528 -0.595986 -98067.9 25.7374 
7200 0.997528 -0.396299 -98067.9 25.7729 
7210 0.997527 0.782512 -98067.8 25.8066 
7220 0.997549 -0.053917 -98072.4 25.8442 
7230 0.997548 -0.460395 -98072.3 25.8809 
7240 0.997548 0.47394 -98072.3 25.9121 
7250 0.997548 0.453653 -98072.3 25.9464 
7260 0.99757 0.859096 -98072.4 25.9881 
7270 0.997609 -0.842638 -98075.9 26.0211 
7280 0.997599 -0.040898 -98073.4 26.0607 
7290 0.997573 -0.403544 -98076.7 26.0967 
7300 0.997554 0.92789 -98075.6 26.1308 
7310 0.997579 -0.244316 -98076.9 26.1682 
7320 0.997579 -0.379096 -98071.8 26.2089 
7330 0.99758 0.437052 -98072 26.2432 
7340 0.997577 0.69297 -98072 26.2773 
7350 0.997577 0.387091 -98072 26.3074 
7360 0.997507 -0.0733268 -98068 26.3476 
7370 0.99751 -0.897414 -98068.2 26.3792 
7380 0.997536 0.817936 -98072.8 26.4122 
7390 0.997581 -0.86805 -98077.1 26.4434 
7400 0.997503 -0.97059 -98071.8 26.4818 
7410 0.997524 -0.714106 -98073.3 26.5156 
7420 0.997565 0.207842 -98070.2 26.55 
7430 0.997753 0.813512 -98079.9 26.5912 
7440 0.99756 0.759756 -98074.6 26.6248 
7450 0.997587 -0.189403 -98077.8 26.6644 
7460 0.997616 -0.685324 -98077 26.7009 
7470 0.997616 -0.812972 -98077 26.7314 
7480 0.99758 -0.674773 -98074.3 26.7654 
7490 0.997597 -0.0582361 -98076.9 26.8043 
7500 0.997605 -0.276114 -98078.1 26.835 
7510 0.997586 -0.290406 -98077.4 26.8708 
7520 0.997557 0.25005 -98075.8 26.9074 
7530 0.997557 -0.556099 -98076.1 26.9449 
7540 0.997512 -0.399018 -98071.9 26.9766 
7550 0.997598 0.858134 -98075.4 27.0091 
7560 0.99759 0.0440316 -98075.1 27.0484 
7570 0.997467 -0.758004 -98071.7 27.0872 
7580 0.997467 0.833237 -98071.7 27.121 
7590 0.997389 0.0774765 -98066 27.1587 
7600 0.997405 -0.835185 -98067.5 27.1921 
7610 0.997525 -0.655318 -98063.3 27.2266 
7620 0.997525 -0.28104 -98063.3 27.2635 
7630 0.997522 0.25815 -98062.8 27.2867 
7640 0.997522 0.956701 -98062.9 27.3211 
7650 0.997575 -0.568339 -98063.8 27.3612 
7660 0.99758 -0.868904 -98064.6 27.3986 
7670 0.997538 0.431677 -98060.3 27.4331 
7680 0.997538 0.987975 -98060.3 27.4597 
7690 0.997538 -0.180164 -98060.3 27.4933 
7700 0.997538 0.878911 -98060.3 27.5284 
7710 0.997522 -0.235282 -98059.4 27.5645 
7720 0.997522 -0.810976 -98059.4 27.5913 
7730 0.997532 -0.418762 -98060.1 27.6312 
7740 0.997532 -0.668186 -98060.1 27.6649 
7750 0.997547 -0.911426 -98057.9 27.6996 
7760 0.997565 0.967323 -98058.6 27.7378 
7770 0.997553 -0.747261 -98057.4 27.7694 
7780 0.997453 -0.530225 -98046.8 27.8065 
7790 0.997466 0.719662 -98048.4 27.8398 
7800 0.997509 -0.228528 -98053.6 27.8747 
7810 0.997509 -0.954107 -98053.6 27.9018 
7820 0.997496 0.239332 -98051.5 27.9419 
7830 0.99743 -0.842274 -98059.4 27.9815 
7840 0.99743 0.0366312 -98059.4 28.0156 
7850 0.997431 -0.969198 -98059.4 28.052 
7860 0.997431 -0.774526 -98059.4 28.0886 
7870 0.997428 0.65695 -98058.3 28.1188 
7880 0.997428 0.577236 -98058.4 28.1524 
7890 0.997304 -0.00867077 -98059.3 28.1923 
7900 0.99738 -0.237969 -98063.5 28.2304 
7910 0.99738 -0.0360478 -98063.5 28.261 
7920 0.99738 0.948641 -98063.5 28.2946 
7930 0.99738 0.360327 -98063.4 28.326 
7940 0.99738 0.112063 -98063.5 28.3597 
7950 0.99738 -0.566342 -98063.4 28.397 
7960 0.997359 -0.224756 -98060.7 28.4288 
7970 0.997384 -0.996515 -98061.3 28.4639 
7980 0.99739 0.221283 -98061.7 28.4965 
7990 0.997532 0.428833 -98071.4 28.5373 
8000 0.997439 -0.666474 -98057.7 28.5679 
8010 0.997441 -0.721397 -98058.8 28.6061 
8020 0.99744 -0.150536 -98058.8 28.6402 
8030 0.99744 0.840245 -98058.8 28.672 
8040 0.997392 0.784396 -98057.2 28.7106 
8050 0.997392 0.840249 -98057.2 28.746 
8060 0.997393 -0.931997 -98057.2 28.7843 
8070 0.997423 5.68873e-05 -98057.8 28.8203 
8080 0.997423 -0.010255 -98057.8 28.8532 
8090 0.997525 -0.454087 -98061.8 28.8954 
8100 0.997488 0.102825 -98059.4 28.9292 
8110 0.997488 -0.55925 -98059.5 28.9661 
8120 0.997495 -0.151356 -98060.3 29.0022 
8130 0.997495 -0.677217 -98060.3 29.0328 
8140 0.997616 0.179712 -98069.3 29.0661 
8150 0.997579 -0.760092 -98065.5 29.1015 
8160 0.997456 -0.0237018 -98068.3 29.137 
8170 0.997453 0.952517 -98068.1 29.1713 
8180 0.997453 -0.162447 -98068.1 29.2035 
8190 0.997453 -0.752252 -98068.1 29.2399 
8200 0.997444 0.806276 -98067.3 29.2716 
8210 0.997447 -0.147972 -98068 29.3057 
8220 0.997343 -0.0190561 -98060 29.3469 
8230 0.997343 0.594419 -98060 29.381 
8240 0.997402 -0.375481 -98063.2 29.4169 
8250 0.997388 -0.779955 -98059.3 29.4522 
8260 0.99739 -0.118913 -98059.4 29.4886 
8270 0.997539 -0.809574 -98068.4 29.5288 
8280 0.997527 -0.389629 -98067.6 29.5565 
8290 0.997509 -0.106061 -98063.6 29.5907 
8300 0.997493 0.859037 -98062.8 29.6235 
8310 0.997482 -0.119714 -98061.7 29.6595 
8320 0.997586 -0.320898 -98071.7 29.693 
8330 0.997597 0.312018 -98071.4 29.7313 
8340 0.997607 0.112257 -98072 29.7659 
8350 0.997607 0.0486019 -98072 29.8037 
8360 0.997578 0.60461 -98069 29.8366 
8370 0.997631 0.0634315 -98064.4 29.8654 
8380 0.997616 -0.263442 -98063.1 29.8971 
8390 0.997631 -0.475745 -98064.7 29.936 
8400 0.997705 -0.441648 -98071.3 29.9741 
8410 0.997712 -0.277424 -98070.1 30.0049 
8420 0.997594 -0.27941 -98060.3 30.0418 
8430 0.997611 0.840561 -98065.1 30.0809 
8440 0.997611 0.341899 -98065 30.1141 
8450 0.997619 0.795403 -98065.4 30.1526 
8460 0.997605 0.16942 -98065 30.1868 
8470 0.997623 -0.253572 -98065.5 30.2238 
8480 0.997669 -0.121859 -98072.4 30.2582 
8490 0.997666 0.462218 -98072.3 30.2897 
8500 0.997563 -0.733271 -98065.3 30.3299 
8510 0.997573 -0.893698 -98066.5 30.3647 
8520 0.997573 0.236019 -98066.5 30.4011 
8530 0.997573 0.363602 -98066.5 30.4339 
8540 0.997546 -0.252474 -98065.6 30.4703 
8550 0.997501 0.0215241 -98061.4 30.5107 
8560 0.997503 0.276269 -98061.8 30.5453 
8570 0.99758 0.107095 -98072.4 30.5768 
8580 0.99758 -0.665347 -98072.4 30.6108 
8590 0.997478 0.390401 -98063.9 30.6499 
8600 0.997272 0.912103 -98053.6 30.688 
8610 0.997261 -0.986811 -98052.6 30.7225 
8620 0.997261 -0.116035 -98052.6 30.7563 
8630 0.997301 0.590577 -98054.9 30.7925 
8640 0.997328 -0.449795 -98056.5 30.8268 
8650 0.997333 -0.457647 -98057.1 30.8589 
8660 0.997468 0.492041 -98064.9 30.896 
8670 0.997452 0.940275 -98063.4 30.9302 
8680 0.997413 0.0989127 -98063.7 30.9701 
8690 0.997413 0.380155 -98063.7 31.0046 
8700 0.997413 -0.329921 -98063.7 31.0381 
8710 0.997419 -0.359899 -98063.9 31.0733 
8720 0.997349 -0.864181 -98063.4 31.1068 
8730 0.99735 0.772101 -98063 31.1418 
8740 0.997334 0.609689 -98061.7 31.1767 
8750 0.997334 -0.0697756 -98061.7 31.2128 
8760 0.997301 -0.735167 -98057.9 31.2473 
8770 0.997302 0.105188 -98058 31.2829 
8780 0.997302 0.60764 -98058 31.3193 
8790 0.997245 -0.219918 -98053.2 31.3507 
8800 0.997245 -0.743374 -98053.2 31.3808 
8810 0.997299 -0.454523 -98056.7 31.4181 
8820 0.99745 -0.880125 -98059.6 31.4572 
8830 0.997445 -0.0717908 -98058.9 31.4983 
8840 0.997444 0.778784 -98058.4 31.5342 
8850 0.997444 -0.423523 -98058.4 31.5679 
8860 0.997461 0.654432 -98060.9 31.608 
8870 0.997561 -0.95605 -98071.4 31.6486 
8880 0.997561 -0.464222 -98071.4 31.6776 
8890 0.997561 0.785502 -98071.4 31.7084 
8900 0.997547 0.858113 -98070.2 31.7452 
8910 0.997536 0.969687 -98069.8 31.7834 
8920 0.997546 -0.208136 -98068.5 31.8188 
8930 0.997498 0.866528 -98063.4 31.8535 
8940 0.997469 0.103035 -98063.2 31.8891 
8950 0.997475 -0.453471 -98064 31.9235 
8960 0.997475 0.973942 -98064.1 31.9566 
8970 0.997479 -0.56003 -98064.5 31.9899 
8980 0.9974 -0.426609 -98062.2 32.0341 
8990 0.997401 0.440868 -98057.3 32.0686 
9000 0.997397 0.790416 -98059.6 32.1048 
9010 0.997394 0.0415746 -98062.8 32.1456 
9020 0.997401 -0.427071 -98064.2 32.1807 
9030 0.997444 0.00849011 -98067.7 32.2186 
9040 0.997496 0.0106212 -98071.4 32.259 
9050 0.997466 0.282476 -98070 32.2936 
9060 0.997466 0.970859 -98070.1 32.3236 
9070 0.997466 -0.233023 -98070.1 32.3609 
9080 0.997511 -0.0879326 -98070.2 32.3997 
9090 0.997488 0.148189 -98068.6 32.4357 
9100 0.997608 -0.643666 -98079.1 32.4743 
9110 0.997608 -0.237819 -98079.1 32.5054 
9120 0.997609 0.148429 -98079.2 32.5317 
9130 0.997625 -0.900422 -98078.7 32.5687 
9140 0.997544 0.284593 -98073.9 32.6077 
9150 0.997585 0.364251 -98079.7 32.6467 
9160 0.997522 -0.252624 -98077.6 32.681 
9170 0.997647 -0.341367 -98084.7 32.719 
9180 0.997674 -0.375096 -98087.4 32.7586 
9190 0.997557 0.756605 -98077.9 32.7966 
9200 0.997636 0.225946 -98082.9 32.8361 
9210 0.997636 -0.587464 -98082.9 32.8699 
9220 0.997636 -0.00749015 -98082.9 32.904 
9230 0.997606 0.957649 -98081 32.9378 
9240 0.997606 0.56269 -98081 32.9748 
9250 0.997606 0.013965 -98080.9 33.0041 
9260 0.997606 0.217846 -98081 33.0389 
9270 0.997606 0.972944 -98080.9 33.0757 
9280 0.997616 0.310946 -98082.7 33.1154 
9290 0.997641 -0.452998 -98082.8 33.1512 
9300 0.997656 0.904059 -98089.1 33.1763 
9310 0.997656 0.845838 -98089.1 33.2136 
9320 0.997678 -0.582457 -98090.5 33.2494 
9330 0.997678 -0.905074 -98090.5 33.2826 
9340 0.997674 0.129029 -98090.1 33.3189 
9350 0.997718 0.731623 -98092.2 33.3553 
9360 0.997625 0.0617497 -98079.8 33.3955 
9370 0.997639 0.278005 -98081.1 33.4332 
9380 0.997617 -0.914225 -98080.1 33.4626 
9390 0.997628 -0.684573 -98081.2 33.4928 
9400 0.997561 -0.817568 -98077.7 33.5317 
9410 0.997561 0.306157 -98077.7 33.5667 
9420 0.997553 0.244905 -98076.7 33.6016 
9430 0.997553 0.945233 -98076.7 33.6312 
9440 0.997553 -0.650208 -98076.7 33.6684 
9450 0.997633 0.773439 -98083.4 33.705 
9460 0.997627 0.502006 -98083.1 33.7392 
9470 0.997635 0.195904 -98083.8 33.7758 
9480 0.997618 0.323193 -98082.4 33.8127 
9490 0.997619 -0.534731 -98082.4 33.8456 
9500 0.997619 0.960811 -98082.5 33.8796 
9510 0.997595 -0.219384 -98080.3 33.9169 
9520 0.997646 0.877949 -98081.6 33.9526 
9530 0.997646 -0.109055 -98081.6 33.9844 
9540 0.997631 -0.303295 -98083.3 34.0169 
9550 0.997618 -0.300171 -98079.7 34.0535 
9560 0.997618 -0.45735 -98079.7 34.0881 
9570 0.997618 0.906481 -98079.7 34.1204 
9580 0.997619 0.657236 -98079.7 34.1565 
9590 0.997529 0.217218 -98080.3 34.1907 
9600 0.997528 -0.408612 -98080 34.2183 
9610 0.997527 0.625586 -98079.4 34.2581 
9620 0.997518 -0.0689817 -98078.2 34.2991 
9630 0.997518 -0.448714 -98078.2 34.3312 
9640 0.997506 -0.205818 -98078.1 34.365 
9650 0.997506 -0.927116 -98078.1 34.4014 
9660 0.997611 0.482507 -98076.1 34.4405 
9670 0.997632 0.348783 -98079.1 34.4761 
9680 0.997608 0.747752 -98083.5 34.5166 
9690 0.997444 -0.970169 -98067.7 34.5558 
9700 0.997493 0.900105 -98073 34.5957 
9710 0.997493 0.769133 -98073 34.6325 
9720 0.997501 0.549081 -98066.4 34.6762 
9730 0.997501 -0.484692 -98066.5 34.7113 
9740 0.997532 0.310153 -98071.4 34.7507 
9750 0.997398 -0.332574 -98063.1 34.7796 
9760 0.99743 0.052765 -98066.2 34.8136 
9770 0.99743 -0.836634 -98066.2 34.8508 
9780 0.997395 0.170601 -98061.6 34.89 
9790 0.997397 0.651768 -98061.8 34.9237 
9800 0.997397 0.430313 -98061.8 34.9568 
9810 0.997422 0.045733 -98062 34.9939 
9820 0.997365 -0.0410674 -98060.4 35.0242 
9830 0.997376 -0.217398 -98061.8 35.0603 
9840 0.997342 0.600556 -98059.2 35.099 
9850 0.997342 0.508126 -98059.2 35.1314 
9860 0.997345 0.895286 -98062.8 35.1692 
9870 0.997344 0.137561 -98063.3 35.1991 
9880 0.997421 0.140025 -98069.1 35.238 
9890 0.997409 -0.123555 -98067.2 35.2728 
9900 0.997411 0.434195 -98067.7 35.3074 
9910 0.997411 -0.0308745 -98067.7 35.3422 
9920 0.997413 0.729608 -98067.7 35.3796 
9930 0.997424 -0.21865 -98065.3 35.4118 
9940 0.997465 0.846281 -98068.6 35.4443 
9950 0.997512 0.301435 -98072.9 35.4819 
9960 0.997493 0.9404 -98071.4 35.5206 
9970 0.997493 0.00345286 -98071.4 35.5534 
9980 0.997474 0.719447 -98069.6 35.59 
9990 0.997474 -0.350144 -98069.5 35.6276 
10000 0.997616 -0.403042 -98081.1 35.6639 
