0 1 1 -98304 0 
10 1 0.639066 -98304 0.0305466 
20 1 0.463107 -98304.1 0.0620634 
30 0.999771 -0.0133892 -98275.2 0.0884375 
40 0.999772 0.800587 -98275.3 0.113471 
50 0.999772 0.141954 -98275.3 0.140899 
60 0.999648 -0.713144 -98261 0.171114 
70 0.999648 -0.339573 -98261 0.198939 
80 0.999648 -0.89414 -98261 0.226904 
90 0.999779 -0.801697 -98277.2 0.254161 
100 0.999767 0.843567 -98275.5 0.288573 
110 0.999767 0.0227888 -98275.5 0.316013 
120 0.999759 0.0890041 -98274.7 0.346873 
130 0.999711 0.0227614 -98268.5 0.375683 
140 0.999694 0.56121 -98266.3 0.409943 
150 0.999661 0.214077 -98261.9 0.44235 
160 0.999767 -0.164757 -98274.6 0.472974 
170 0.999766 -0.448012 -98274.6 0.503243 
180 0.999775 0.734258 -98275.7 0.535188 
190 0.999773 0.0142706 -98275.4 0.566016 
200 0.999797 0.570025 -98278.6 0.597326 
210 0.999797 -0.0510167 -98278.6 0.627866 
220 0.999797 -0.514223 -98278.6 0.658183 
230 0.999797 -0.895302 -98278.6 0.685699 
240 0.999796 -0.380281 -98278.5 0.716061 
250 0.999796 0.595732 -98278.5 0.746583 
260 0.999797 -0.973747 -98278.6 0.777074 
270 0.999796 0.376162 -98278.5 0.801581 
280 0.999798 -0.455307 -98278.8 0.832977 
290 0.99982 -0.664711 -98281.6 0.861253 
300 0.999821 0.650325 -98281.6 0.891702 
310 0.999806 0.344928 -98280.3 0.910506 
320 0.999806 0.241226 -98280.4 0.937824 
330 0.999154 -0.962959 -98213.8 0.970155 
340 0.999362 0.676575 -98229.6 1.0047 
350 0.99935 0.316956 -98228.4 1.03649 
360 0.999317 -0.19724 -98223.8 1.06835 
370 0.999432 0.68027 -98240.5 1.10166 
380 0.999432 0.920096 -98240.5 1.12909 
390 0.999433 0.0683319 -98240.5 1.16029 
400 0.99919 0.778708 -98214.1 1.19093 
410 0.99919 0.273574 -98214.1 1.21856 
420 0.99919 -0.308712 -98214.1 1.24328 
430 0.99919 -0.416524 -98214.1 1.27103 
440 0.99919 -0.562226 -98214.2 1.30169 
450 0.99914 -0.542579 -98209.1 1.33333 
460 0.999148 -0.813388 -98210.3 1.36422 
470 0.999148 -0.618665 -98210.3 1.39172 
480 0.999148 0.0789097 -98210.3 1.42237 
490 0.999148 -0.957747 -98210.2 1.45335 
500 0.998994 -0.980477 -98191.8 1.48888 
510 0.998755 0.117887 -98176.2 1.51247 
520 0.998827 -0.75662 -98181.7 1.5452 
530 0.999012 0.371681 -98202.5 1.57896 
540 0.998743 -0.520927 -98179.6 1.61218 
550 0.998097 0.788362 -98125.2 1.64217 
560 0.998098 0.558508 -98125.3 1.6726 
570 0.997824 -0.247051 -98095.2 1.70628 
580 0.99779 0.419463 -98091.1 1.73632 
590 0.997689 -0.23844 -98084.1 1.76641 
600 0.997689 -0.750595 -98084.1 1.79433 
610 0.997605 -0.2354 -98072.6 1.82614 
620 0.997613 -0.6049 -98073.7 1.85743 
630 0.997463 -0.367002 -98058.2 1.89122 
640 0.997418 0.051902 -98055.9 1.923 
650 0.997421 0.581002 -98056 1.95399 
660 0.997462 0.356413 -98055.5 1.98684 
670 0.997462 -0.377483 -98055.5 2.01762 
680 0.997462 0.98082 -98055.5 2.04537 
690 0.997467 0.788657 -98055.8 2.07732 
700 0.997518 0.505417 -98059.3 2.10898 
710 0.99749 -0.246976 -98056.9 2.14254 
720 0.99743 -0.460518 -98049 2.17541 
730 0.997433 -0.964931 -98049.3 2.2068 
740 0.997434 0.263888 -98050.8 2.23921 
750 0.997435 0.542913 -98051 2.27016 
760 0.997444 -0.511539 -98059 2.29941 
770 0.997451 0.880458 -98059.5 2.33033 
780 0.997053 -0.0187773 -98031.6 2.3664 
790 0.997053 0.710551 -98031.6 2.39688 
800 0.997201 0.55495 -98036.6 2.43161 
810 0.997044 0.167078 -98027.6 2.46182 
820 0.997117 0.493979 -98021.3 2.49474 
830 0.997176 -0.544058 -98025.9 2.52749 
840 0.997251 -0.590244 -98039 2.56412 
850 0.997211 -0.445137 -98035.9 2.59581 
860 0.997316 0.492621 -98044.7 2.62772 
870 0.997316 -0.556061 -98044.7 2.65866 
880 0.997244 -0.281729 -98038.8 2.69063 
890 0.997405 0.139493 -98051.1 2.72439 
900 0.997482 -0.495758 -98052.5 2.75847 
910 0.997638 0.335195 -98060.9 2.79083 
920 0.997638 0.0264795 -98060.9 2.8186 
930 0.997574 0.299649 -98054.2 2.85031 
940 0.997471 0.986064 -98053.9 2.88311 
950 0.997621 0.899844 -98063.6 2.91624 
960 0.997621 0.939021 -98063.6 2.94691 
970 0.997584 0.820857 -98061.3 2.97847 
980 0.997744 -0.18517 -98078 3.01352 
990 0.99781 0.367533 -98075.4 3.04581 
1000 0.99781 0.911858 -98075.4 3.07348 
1010 0.997802 -0.456139 -98074.8 3.10447 
1020 0.997732 0.937756 -98069.1 3.13146 
1030 0.997591 -0.709968 -98061.3 3.16444 
1040 0.997602 -0.588736 -98062.5 3.19525 
1050 0.997573 0.424891 -98063.9 3.22544 
1060 0.997564 -0.476955 -98063.1 3.25678 
1070 0.997643 0.229965 -98069.3 3.28919 
1080 0.99747 -0.0504192 -98058.5 3.32338 
1090 0.997524 -0.806624 -98062.3 3.357 
1100 0.99752 0.282384 -98062 3.38503 
1110 0.997539 0.174376 -98062.4 3.41926 
1120 0.997522 0.0987924 -98060.5 3.45046 
1130 0.997552 -0.883965 -98061.6 3.48005 
1140 0.997478 0.641015 -98053.5 3.50886 
1150 0.99756 -0.547982 -98062.4 3.54252 
1160 0.997549 0.548778 -98061 3.57386 
1170 0.997512 -0.907049 -98053.4 3.60523 
1180 0.997512 0.122223 -98053.4 3.63591 
1190 0.997548 0.849709 -98056.5 3.66793 
1200 0.997548 -0.857982 -98056.5 3.69858 
1210 0.997548 0.397179 -98056.5 3.72919 
1220 0.997548 -0.64601 -98056.5 3.75975 
1230 0.99755 0.557415 -98056.1 3.79127 
1240 0.99754 0.860411 -98055.3 3.82241 
1250 0.99754 -0.817124 -98055.3 3.85306 
1260 0.997743 0.854568 -98067.5 3.8882 
1270 0.997779 0.157812 -98072.7 3.92181 
1280 0.997779 -0.263264 -98072.7 3.95237 
1290 0.997766 0.253485 -98071.2 3.98447 
1300 0.997761 0.949654 -98070.8 4.02045 
1310 0.997761 0.57055 -98070.8 4.04825 
1320 0.997767 -0.169456 -98071.4 4.07945 
1330 0.997769 -0.883419 -98071 4.11222 
1340 0.997745 -0.819117 -98068.5 4.1466 
1350 0.997734 0.818156 -98068.3 4.1758 
1360 0.997625 0.899418 -98060 4.20985 
1370 0.997625 -0.964636 -98060 4.24094 
1380 0.997651 0.667899 -98059.9 4.26846 
1390 0.997629 -0.562168 -98057.4 4.30119 
1400 0.997629 0.923253 -98057.4 4.32598 
1410 0.997629 -0.897527 -98057.4 4.35371 
1420 0.997628 0.624211 -98055.8 4.38689 
1430 0.997578 -0.546171 -98053.5 4.41977 
1440 0.997578 -0.783777 -98053.6 4.45044 
1450 0.997629 0.618739 -98060.2 4.48557 
1460 0.99764 0.272801 -98062.4 4.51494 
1470 0.997666 0.926157 -98065.9 4.54419 
1480 0.997769 -0.5353 -98073.8 4.57561 
1490 0.997763 -0.228226 -98072.7 4.60506 
1500 0.997766 0.354546 -98072.6 4.63341 
1510 0.997752 0.155089 -98070.8 4.66681 
1520 0.997728 -0.710393 -98072.6 4.69547 
1530 0.997719 -0.950216 -98071.2 4.72877 
1540 0.997695 0.643864 -98064.7 4.7621 
1550 0.997656 -0.468339 -98060.1 4.79505 
1560 0.997707 -0.405652 -98066.2 4.82839 
1570 0.99768 -0.336483 -98063.7 4.85693 
1580 0.997696 -0.179103 -98066.4 4.88947 
1590 0.997696 0.0833573 -98066.4 4.9172 
1600 0.997696 -0.763351 -98066.4 4.94488 
1610 0.997757 -0.525446 -98070.9 4.98144 
1620 0.99775 0.244104 -98068.8 5.01067 
1630 0.99775 -0.164896 -98068.8 5.0384 
1640 0.99775 0.863801 -98068.8 5.06953 
1650 0.997719 0.140369 -98066.4 5.103 
1660 0.997733 -0.829017 -98068.3 5.13614 
1670 0.997725 0.933802 -98071.4 5.16623 
1680 0.997725 0.901921 -98071.4 5.1969 
1690 0.997725 0.572317 -98071.4 5.22748 
1700 0.997708 0.575511 -98069.6 5.26307 
1710 0.99773 0.0915621 -98071.9 5.29552 
1720 0.997699 -0.258587 -98068.5 5.32736 
1730 0.9977 0.563202 -98068.5 5.35516 
1740 0.997634 -0.0940898 -98061.4 5.38855 
1750 0.99762 0.0473028 -98060.2 5.4211 
1760 0.997628 0.761483 -98060.4 5.44892 
1770 0.997628 0.081876 -98060.4 5.47951 
1780 0.997598 -0.530146 -98059 5.51179 
1790 0.997556 -0.00697775 -98056.9 5.5408 
1800 0.997577 -0.590755 -98059.1 5.56934 
1810 0.997586 0.098552 -98064 5.60376 
1820 0.997585 -0.0364222 -98064.4 5.63406 
1830 0.997578 -0.265066 -98062.9 5.66749 
1840 0.997561 0.985276 -98059.4 5.7024 
1850 0.997561 0.83302 -98059.4 5.7301 
1860 0.997585 0.472693 -98060.1 5.7623 
1870 0.997587 -0.637982 -98060.3 5.79348 
1880 0.997553 -0.508456 -98057.2 5.82521 
1890 0.997519 0.989127 -98054.1 5.85738 
1900 0.997519 0.144921 -98054.1 5.88805 
1910 0.997561 0.63231 -98057.7 5.91566 
1920 0.997518 -0.811938 -98057.5 5.94838 
1930 0.997518 -0.794007 -98057.5 5.97612 
1940 0.997519 0.762092 -98057.5 6.00731 
1950 0.997539 -0.655442 -98058 6.03969 
1960 0.997519 0.349872 -98058.4 6.07316 
1970 0.997539 -0.227395 -98060.7 6.10255 
1980 0.997539 -0.474222 -98060.6 6.12731 
1990 0.997525 -0.536774 -98060.8 6.1601 
2000 0.997483 0.367703 -98060.1 6.19147 
2010 0.997538 -0.376888 -98063 6.22622 
2020 0.997554 0.425019 -98064.7 6.25793 
2030 0.997533 -0.0608063 -98062.5 6.28762 
2040 0.997538 0.775995 -98063.3 6.31566 
2050 0.997578 0.00164178 -98067.1 6.34758 
2060 0.997647 0.86851 -98073.8 6.38083 
2070 0.997658 0.562228 -98074.2 6.41249 
2080 0.997569 0.231803 -98067.1 6.44767 
2090 0.997569 0.876013 -98067.1 6.47262 
2100 0.997567 0.287254 -98066.9 6.50385 
2110 0.997529 0.643113 -98064.2 6.53676 
2120 0.997513 -0.207156 -98067.8 6.5663 
2130 0.997506 0.233988 -98066.9 6.59771 
2140 0.997659 -0.477915 -98079.4 6.63284 
2150 0.997659 -0.224704 -98080.3 6.66776 
2160 0.997659 0.0544644 -98080.3 6.69546 
2170 0.997497 0.440207 -98071.2 6.72859 
2180 0.997476 -0.976971 -98068.8 6.76039 
2190 0.997495 -0.358724 -98070.5 6.79202 
2200 0.997529 0.105189 -98068.3 6.82574 
2210 0.997426 -0.175329 -98066 6.85879 
2220 0.997439 -0.928588 -98066.7 6.89127 
2230 0.997439 0.637615 -98066.7 6.92231 
2240 0.997505 -0.883886 -98071.6 6.95265 
2250 0.997505 0.796315 -98071.6 6.98321 
2260 0.997507 0.709316 -98070.5 7.01303 
2270 0.997602 0.178053 -98077.4 7.04342 
2280 0.997533 0.81627 -98070.7 7.07592 
2290 0.997505 -0.0255967 -98062.5 7.10797 
2300 0.997529 -0.478082 -98067.5 7.13515 
2310 0.997586 0.875568 -98072 7.16577 
2320 0.997586 0.281289 -98071.9 7.19673 
2330 0.997405 -0.150097 -98056.3 7.22976 
2340 0.997415 -0.867261 -98062.3 7.2624 
2350 0.99746 0.507859 -98061.9 7.29251 
2360 0.99746 -0.78054 -98061.9 7.32316 
2370 0.997493 0.274305 -98067.2 7.35597 
2380 0.997493 -0.800363 -98067.2 7.38651 
2390 0.997531 -0.967753 -98078.9 7.41789 
2400 0.99755 0.489544 -98080.3 7.45031 
2410 0.997593 0.690461 -98081.7 7.48015 
2420 0.997634 0.331345 -98085.7 7.51306 
2430 0.997631 -0.224113 -98085.3 7.54413 
2440 0.997631 -0.177197 -98085.4 7.575 
2450 0.997564 -0.594481 -98077.6 7.60524 
2460 0.997514 0.438464 -98077.6 7.64092 
2470 0.997513 -0.726526 -98077.9 7.66969 
2480 0.997514 0.809653 -98077.9 7.69752 
2490 0.997527 -0.626887 -98079.7 7.72889 
2500 0.997527 -0.319623 -98079.7 7.75946 
2510 0.997527 -0.415256 -98079.7 7.79068 
2520 0.997552 0.219085 -98078.2 7.82735 
2530 0.997387 0.685855 -98068.2 7.86078 
2540 0.997364 0.843961 -98062.5 7.89392 
2550 0.997386 0.869887 -98063.7 7.92172 
2560 0.997472 0.00135305 -98064.5 7.95493 
2570 0.997466 -0.547845 -98063.9 7.98762 
2580 0.997455 0.451155 -98063.3 8.01621 
2590 0.997543 -0.210525 -98066.1 8.04541 
2600 0.997543 -0.0429196 -98066.1 8.07324 
2610 0.997553 -0.716344 -98069.7 8.10108 
2620 0.997584 -0.00359062 -98072.1 8.13495 
2630 0.997582 0.69769 -98073.3 8.16351 
2640 0.997579 -0.42482 -98072.4 8.19463 
2650 0.997571 -0.0314026 -98072.2 8.22618 
2660 0.99759 0.740628 -98075.4 8.25919 
2670 0.997614 -0.668594 -98076.6 8.29106 
2680 0.997569 -0.599856 -98071.4 8.32363 
2690 0.997613 0.117992 -98074.3 8.35779 
2700 0.997613 0.907637 -98074.3 8.38559 
2710 0.997614 -0.472118 -98074.4 8.41332 
2720 0.997603 -0.769403 -98072.9 8.44411 
2730 0.997635 -0.483211 -98074.4 8.47949 
2740 0.997608 -0.325653 -98074.5 8.50928 
2750 0.997612 0.407785 -98074.8 8.53722 
2760 0.997674 0.436787 -98078.9 8.57192 
2770 0.997672 0.242096 -98078.6 8.60055 
2780 0.99767 -0.0545066 -98078.4 8.63132 
2790 0.997682 -0.0258023 -98077.9 8.66419 
2800 0.997641 -0.51112 -98073.9 8.69817 
2810 0.997641 -0.266791 -98073.9 8.7288 
2820 0.997606 0.154672 -98072.3 8.76442 
2830 0.99762 0.948933 -98074.2 8.79604 
2840 0.99762 0.921272 -98074.2 8.82667 
2850 0.99762 -0.890524 -98074.2 8.85739 
2860 0.997595 0.0223323 -98068.4 8.8915 
2870 0.997615 0.517644 -98065.5 8.92098 
2880 0.99763 0.00651918 -98064.4 8.95579 
2890 0.997661 0.0596793 -98066.8 8.99088 
2900 0.997661 -0.201687 -98066.8 9.02203 
2910 0.997662 0.135022 -98066.9 9.04982 
2920 0.997662 -0.171792 -98066.9 9.08047 
2930 0.997654 -0.812899 -98065.8 9.11273 
2940 0.997654 0.293468 -98065.8 9.14338 
2950 0.997662 -0.194022 -98066.6 9.17166 
2960 0.997662 0.500152 -98066.6 9.19943 
2970 0.997662 -0.48497 -98066.6 9.23018 
2980 0.997662 0.979422 -98066.6 9.26067 
2990 0.997655 -0.968979 -98066.1 9.2888 
3000 0.997693 0.90231 -98071.9 9.31894 
3010 0.997693 -0.870362 -98071.9 9.34962 
3020 0.997693 -0.626605 -98071.9 9.38021 
3030 0.997663 0.218542 -98069.1 9.41329 
3040 0.997654 -0.484649 -98068.2 9.44467 
3050 0.997615 -0.442948 -98065.1 9.47483 
3060 0.997595 0.495115 -98062.9 9.50379 
3070 0.997664 -0.0881585 -98068.2 9.53848 
3080 0.99769 -0.390433 -98072 9.5678 
3090 0.997692 -0.207135 -98072.2 9.59867 
3100 0.997694 -0.457446 -98073.1 9.63013 
3110 0.997695 -0.44294 -98073.2 9.65217 
3120 0.997702 0.653474 -98069 9.68686 
3130 0.997702 -0.0029113 -98069 9.71481 
3140 0.997701 -0.0637026 -98069 9.7459 
3150 0.997701 -0.442615 -98068.9 9.77364 
3160 0.997674 -0.0578721 -98063.3 9.7995 
3170 0.997662 -0.428931 -98061.9 9.83111 
3180 0.997678 0.579118 -98064.5 9.8632 
3190 0.997678 -0.0606268 -98064.6 9.89387 
3200 0.997678 -0.620168 -98064.6 9.92474 
3210 0.997661 -0.528286 -98063.6 9.95818 
3220 0.997675 -0.971081 -98066.3 9.99075 
3230 0.997725 -0.179185 -98069.5 10.0208 
3240 0.997745 0.253281 -98071 10.0503 
3250 0.997745 0.201872 -98071 10.0753 
3260 0.99767 -0.839752 -98074.2 10.1071 
3270 0.997689 0.914965 -98076.2 10.1344 
3280 0.997689 -0.81369 -98076.2 10.1651 
3290 0.997636 -0.112974 -98071.9 10.1942 
3300 0.997636 0.23372 -98071.9 10.2247 
3310 0.997635 0.989849 -98071.8 10.2554 
3320 0.997777 -0.0727341 -98080.3 10.2915 
3330 0.997777 0.874126 -98080.3 10.3222 
3340 0.997777 -0.637781 -98080.3 10.3532 
3350 0.997663 -0.76898 -98069.6 10.3886 
3360 0.997756 0.638086 -98076.3 10.4218 
3370 0.997711 0.772523 -98073.6 10.4537 
3380 0.997708 0.226343 -98073.3 10.485 
3390 0.997708 0.831297 -98073.3 10.5157 
3400 0.997736 0.934828 -98075.6 10.5481 
3410 0.997735 -0.292654 -98076.2 10.5678 
3420 0.99773 -0.458139 -98075 10.6034 
3430 0.99773 -0.0878839 -98074.9 10.6283 
3440 0.997737 0.0844243 -98075.7 10.6595 
3450 0.997741 0.373839 -98076.1 10.6878 
3460 0.997741 0.201892 -98076.1 10.7155 
3470 0.99773 0.887488 -98074.8 10.7465 
3480 0.997541 -0.182083 -98066.6 10.7793 
3490 0.997542 -0.402598 -98066.7 10.8071 
3500 0.997542 0.894934 -98066.6 10.8379 
3510 0.997513 0.656553 -98065.2 10.8702 
3520 0.997638 0.686227 -98070.4 10.9039 
3530 0.997638 -0.282725 -98070.4 10.9318 
3540 0.997646 0.590595 -98068.8 10.9642 
3550 0.997633 -0.535097 -98069 10.996 
3560 0.997633 -0.0075056 -98069 11.0267 
3570 0.997648 -0.640344 -98064.2 11.0486 
3580 0.997608 0.413759 -98062.2 11.0831 
3590 0.997603 0.484536 -98061.6 11.1141 
3600 0.997607 -0.376373 -98062.3 11.1456 
3610 0.997588 0.455643 -98061 11.1778 
3620 0.997626 -0.017343 -98064.3 11.2102 
3630 0.99771 0.992069 -98071.1 11.2457 
3640 0.997707 -0.891817 -98071.1 11.2789 
3650 0.997707 0.785883 -98071 11.3101 
3660 0.997707 -0.353618 -98071 11.3379 
3670 0.9977 -0.612296 -98070.4 11.3688 
3680 0.997701 0.196583 -98070.5 11.397 
3690 0.997701 -0.639547 -98070.5 11.4281 
3700 0.997701 0.767623 -98070.6 11.4587 
3710 0.997723 -0.181805 -98073 11.4911 
3720 0.997579 -0.37561 -98058.7 11.5232 
3730 0.997561 0.922453 -98055.1 11.5568 
3740 0.99756 0.357137 -98055.1 11.5876 
3750 0.997498 0.903424 -98051.3 11.6181 
3760 0.997325 0.697417 -98046.6 11.6506 
3770 0.997433 0.615207 -98053.5 11.6862 
3780 0.9975 0.0178585 -98051.2 11.7185 
3790 0.997569 0.130963 -98057.3 11.7493 
3800 0.997569 -0.403613 -98057.3 11.78 
3810 0.997555 -0.32048 -98057.2 11.8069 
3820 0.997556 -0.903422 -98059.9 11.8369 
3830 0.997549 0.646159 -98058.9 11.8687 
3840 0.997549 0.150262 -98058.9 11.8996 
3850 0.99755 -0.662882 -98058.9 11.9302 
3860 0.99755 -0.937845 -98059 11.961 
3870 0.997546 0.00539437 -98057.9 11.9901 
3880 0.997517 0.123292 -98060.6 12.0235 
3890 0.997527 -0.268443 -98061.6 12.0544 
3900 0.997535 0.544553 -98062 12.0856 
3910 0.997535 -0.752333 -98062 12.1162 
3920 0.997564 -0.616005 -98064.1 12.148 
3930 0.997564 0.624542 -98064.1 12.1785 
3940 0.997536 0.515736 -98060.9 12.2109 
3950 0.997536 0.789986 -98060.9 12.2418 
3960 0.99758 -0.312741 -98066.7 12.272 
3970 0.997553 -0.287524 -98064.6 12.3046 
3980 0.997553 0.943485 -98064.6 12.3352 
3990 0.997553 0.603226 -98064.6 12.363 
4000 0.997553 -0.443799 -98064.6 12.3935 
4010 0.997553 -0.57946 -98062.6 12.426 
4020 0.997553 0.351232 -98062.6 12.4567 
4030 0.997553 0.345213 -98062.6 12.4873 
4040 0.997554 -0.924679 -98062.6 12.5182 
4050 0.997539 0.458748 -98062.9 12.5464 
4060 0.997535 0.137529 -98062.9 12.5765 
4070 0.997524 -0.586879 -98061.7 12.6087 
4080 0.997514 -0.473163 -98060.9 12.6405 
4090 0.997514 -0.193441 -98060.8 12.6711 
4100 0.997512 -0.311301 -98065.9 12.7021 
4110 0.99756 -0.62234 -98069.7 12.7355 
4120 0.99756 -0.0857272 -98069.7 12.7633 
4130 0.99748 0.981047 -98061.3 12.7963 
4140 0.997481 0.404202 -98061.4 12.827 
4150 0.997502 -0.877883 -98062.7 12.8588 
4160 0.997448 0.514265 -98057.2 12.8891 
4170 0.997448 0.398698 -98057.2 12.9172 
4180 0.997511 -0.441387 -98059.7 12.95 
4190 0.997511 0.279531 -98059.7 12.9806 
4200 0.997511 0.168925 -98059.6 13.0083 
4210 0.997511 0.455751 -98059.6 13.0388 
4220 0.997512 -0.0271493 -98059.8 13.0699 
4230 0.997512 -0.572246 -98059.9 13.1006 
4240 0.997512 -0.097896 -98059.8 13.1311 
4250 0.997526 0.282667 -98062.1 13.161 
4260 0.997602 0.938971 -98069.3 13.1961 
4270 0.997648 -0.0994483 -98073.4 13.2234 
4280 0.997648 -0.0552864 -98073.4 13.2512 
4290 0.997642 -0.324481 -98073.1 13.2778 
4300 0.997633 -0.306999 -98067.2 13.3145 
4310 0.997651 0.977411 -98066.4 13.3426 
4320 0.997647 -0.760156 -98065 13.3747 
4330 0.997676 -0.838796 -98068 13.4069 
4340 0.997682 -0.108348 -98068.3 13.4399 
4350 0.997682 -0.575846 -98068.3 13.4706 
4360 0.997501 -0.379118 -98061.3 13.5074 
4370 0.997495 -0.823842 -98060.8 13.5388 
4380 0.997495 -0.699098 -98060.8 13.5693 
4390 0.997557 -0.665188 -98064.1 13.6025 
4400 0.99753 0.671901 -98059.8 13.635 
4410 0.997525 -0.387461 -98061.8 13.667 
4420 0.997525 -0.302047 -98061.9 13.6976 
4430 0.997526 -0.852363 -98061.9 13.7251 
4440 0.997429 0.813645 -98050.8 13.7605 
4450 0.997461 0.691157 -98057.7 13.7905 
4460 0.997529 0.695071 -98063.3 13.8234 
4470 0.997539 0.280975 -98064 13.8544 
4480 0.997539 -0.918638 -98064 13.8852 
4490 0.997451 -0.63627 -98060 13.9148 
4500 0.99745 0.650168 -98059.9 13.9457 
4510 0.99745 0.652227 -98059.9 13.9771 
4520 0.99745 0.907577 -98059.9 14.0049 
4530 0.997444 -0.483319 -98058 14.0374 
4540 0.997478 0.337659 -98059.7 14.0663 
4550 0.997478 -0.598545 -98059.7 14.097 
4560 0.997478 0.372399 -98059.7 14.1277 
4570 0.997439 -0.309999 -98057.4 14.1577 
4580 0.997439 0.893584 -98057.4 14.1854 
4590 0.99745 -0.335483 -98058.6 14.2167 
4600 0.997465 0.711243 -98060.8 14.2495 
4610 0.997464 0.532715 -98060.7 14.2806 
4620 0.997489 -0.375466 -98061.7 14.3136 
4630 0.997484 0.268079 -98061.3 14.3416 
4640 0.997484 -0.610183 -98061.3 14.3691 
4650 0.997568 0.117725 -98068.5 14.4063 
4660 0.997515 -0.69368 -98065.5 14.4332 
4670 0.997515 -0.0618215 -98065.5 14.464 
4680 0.997475 -0.946997 -98061.8 14.4972 
4690 0.997482 0.969879 -98063.4 14.5298 
4700 0.997482 0.402485 -98063.4 14.5577 
4710 0.997455 0.606866 -98058 14.5917 
4720 0.997454 0.456586 -98058 14.6194 
4730 0.997532 -0.527318 -98063.3 14.652 
4740 0.997552 -0.645577 -98064.6 14.6836 
4750 0.997585 0.367837 -98067.2 14.7136 
4760 0.997578 0.324288 -98066.4 14.7455 
4770 0.997567 -0.176169 -98066.2 14.7779 
4780 0.997568 -0.233272 -98066.3 14.8028 
4790 0.997688 -0.71646 -98073.7 14.8352 
4800 0.997688 0.219541 -98073.7 14.8662 
4810 0.997729 0.340105 -98077.4 14.8984 
4820 0.99772 0.845216 -98075.8 14.9268 
4830 0.997699 -0.354429 -98073.6 14.9545 
4840 0.99763 -0.33978 -98066.6 14.9899 
4850 0.997526 0.120848 -98058.9 15.0241 
4860 0.997461 0.0587419 -98047.6 15.0595 
4870 0.997563 -0.00963288 -98056.5 15.0934 
4880 0.997609 0.802852 -98057.4 15.1274 
4890 0.997614 0.817468 -98057.8 15.1555 
4900 0.997637 0.16974 -98061.4 15.1915 
4910 0.997637 0.980316 -98061.5 15.2221 
4920 0.997637 0.239313 -98061.5 15.2528 
4930 0.997607 0.136497 -98057.8 15.2863 
4940 0.997607 -0.699282 -98057.8 15.317 
4950 0.997546 -0.497407 -98051.7 15.3491 
4960 0.997503 -0.885905 -98051.1 15.3817 
4970 0.99759 0.599741 -98062.9 15.4115 
4980 0.997595 -0.831985 -98068.2 15.4427 
4990 0.997618 -0.735789 -98068.4 15.4732 
5000 0.997618 -0.485636 -98068.4 15.5036 
5010 0.99761 0.485538 -98068.8 15.5353 
5020 0.99761 -0.782092 -98068.8 15.5659 
5030 0.997639 0.499548 -98072.8 15.5966 
5040 0.997647 0.666018 -98073.7 15.6252 
5050 0.997589 0.767752 -98069.7 15.6602 
5060 0.997589 -0.887973 -98069.7 15.6881 
5070 0.997589 0.865244 -98069.7 15.7187 
5080 0.997512 -0.0912593 -98063.9 15.7523 
5090 0.997622 0.912485 -98072.7 15.786 
5100 0.997643 -0.710551 -98074.1 15.819 
5110 0.997621 0.609596 -98073.1 15.8511 
5120 0.997633 -0.650863 -98071.5 15.8839 
5130 0.9976 -0.247998 -98066.2 15.9144 
5140 0.997589 -0.253178 -98066 15.9474 
5150 0.997591 -0.266208 -98066 15.9823 
5160 0.997553 0.288415 -98061.5 16.0152 
5170 0.997553 0.491448 -98061.5 16.04 
5180 0.997485 0.655152 -98056.9 16.0682 
5190 0.997535 0.442905 -98060.7 16.0998 
5200 0.997535 0.4029 -98060.7 16.1305 
5210 0.997533 0.532012 -98060.5 16.1613 
5220 0.99749 -0.697572 -98066.6 16.1897 
5230 0.997539 0.804403 -98068.2 16.2239 
5240 0.997578 0.42634 -98071.8 16.2562 
5250 0.997585 0.057975 -98072.5 16.287 
5260 0.997549 0.17981 -98069.3 16.3125 
5270 0.997585 -0.175773 -98072.1 16.3444 
5280 0.997609 0.577983 -98074.5 16.3771 
5290 0.997501 0.983606 -98063.8 16.4113 
5300 0.997478 -0.234887 -98061.2 16.4422 
5310 0.997478 -0.142109 -98061.2 16.4729 
5320 0.997519 -0.178429 -98057.6 16.5081 
5330 0.997535 -0.168521 -98058.8 16.5397 
5340 0.99754 0.474951 -98064.6 16.5688 
5350 0.99754 0.81789 -98064.5 16.5968 
5360 0.997524 0.843588 -98063.6 16.6255 
5370 0.997515 -0.325874 -98062.4 16.6568 
5380 0.997505 -0.881602 -98062 16.6854 
5390 0.99751 -0.356344 -98059.4 16.7182 
5400 0.99751 0.243282 -98059.4 16.7458 
5410 0.99751 -0.804024 -98059.4 16.7735 
5420 0.99752 -0.520353 -98060.8 16.8048 
5430 0.997541 0.804802 -98061.9 16.8332 
5440 0.997541 -0.986377 -98061.9 16.8638 
5450 0.997526 -0.530146 -98060.7 16.8969 
5460 0.997526 -0.344749 -98060.7 16.9276 
5470 0.997526 0.701602 -98060.7 16.9555 
5480 0.997534 -0.942359 -98061.8 16.9869 
5490 0.997534 0.632724 -98061.8 17.0145 
5500 0.997534 0.325488 -98061.8 17.0422 
5510 0.997534 -0.0254563 -98061.8 17.073 
5520 0.997433 -0.341418 -98055.9 17.1059 
5530 0.997434 0.809494 -98055.7 17.1342 
5540 0.997397 0.573985 -98052.8 17.1664 
5550 0.997438 -0.978052 -98057.9 17.1994 
5560 0.997412 0.317571 -98056.7 17.228 
5570 0.997408 0.402107 -98056.1 17.2593 
5580 0.997408 0.785765 -98056.1 17.2899 
5590 0.997408 -0.333227 -98056.1 17.3178 
5600 0.997404 -0.406813 -98055.7 17.3487 
5610 0.997461 -0.145009 -98060 17.38 
5620 0.997384 0.161493 -98061.5 17.4124 
5630 0.997364 0.916486 -98059.1 17.4447 
5640 0.997404 -0.0404477 -98059.8 17.4772 
5650 0.997454 0.605919 -98060.3 17.5074 
5660 0.99743 0.808579 -98060.8 17.5378 
5670 0.997433 0.47479 -98061.1 17.5639 
5680 0.997459 -0.013168 -98063.3 17.5909 
5690 0.997409 -0.525346 -98057.7 17.6205 
5700 0.997409 -0.35564 -98057.7 17.6513 
5710 0.997431 0.927704 -98058.7 17.6799 
5720 0.99738 0.839076 -98055.5 17.712 
5730 0.99738 -0.735523 -98055.5 17.74 
5740 0.99738 0.658429 -98055.5 17.7707 
5750 0.99738 0.950593 -98055.5 17.7985 
5760 0.997366 0.905704 -98055.7 17.8262 
5770 0.997345 -0.46595 -98051.4 17.8584 
5780 0.997462 0.409642 -98060.7 17.8885 
5790 0.99748 -0.439383 -98061.5 17.9127 
5800 0.997511 -0.299791 -98063.5 17.9452 
5810 0.997511 -0.856029 -98063.5 17.9759 
5820 0.997562 0.88028 -98066.9 18.0074 
5830 0.997513 -0.502845 -98064.5 18.0417 
5840 0.997504 0.524165 -98063.1 18.0708 
5850 0.997489 -0.775616 -98065 18.0981 
5860 0.997521 -0.274239 -98066 18.1294 
5870 0.997515 -0.697728 -98069.2 18.1622 
5880 0.99752 0.815226 -98069.7 18.1934 
5890 0.99752 0.973994 -98069.6 18.2244 
5900 0.997437 0.478002 -98063.7 18.2545 
5910 0.997437 0.751809 -98063.7 18.2854 
5920 0.997461 0.527923 -98067.7 18.3182 
5930 0.997469 0.391091 -98068.2 18.3436 
5940 0.997485 -0.213817 -98067.5 18.3783 
5950 0.997491 -0.0103362 -98067.6 18.4097 
5960 0.997491 -0.511202 -98067.6 18.4402 
5970 0.997526 -0.0779225 -98071.6 18.4734 
5980 0.997513 -0.441204 -98070.4 18.5065 
5990 0.997619 -0.800779 -98069.2 18.5383 
6000 0.997643 -0.425629 -98071.1 18.5702 
6010 0.997643 -0.560211 -98071.1 18.6009 
6020 0.997643 -0.197305 -98071.1 18.6288 
6030 0.997616 0.0481385 -98069.2 18.6632 
6040 0.997606 -0.315599 -98069.7 18.6921 
6050 0.997606 -0.509531 -98068.6 18.7265 
6060 0.997606 -0.791691 -98068.6 18.7574 
6070 0.997667 -0.152641 -98074.7 18.7907 
6080 0.997485 0.854488 -98070.7 18.8232 
6090 0.997525 -0.434081 -98068.5 18.8527 
6100 0.997542 -0.644342 -98070.1 18.8839 
6110 0.997542 -0.918381 -98070 18.9147 
6120 0.997574 0.64437 -98072.1 18.9434 
6130 0.997574 0.137385 -98072.1 18.9712 
6140 0.997574 -0.109499 -98072.1 19.0019 
6150 0.997574 0.346797 -98072.1 19.0324 
6160 0.997574 0.78926 -98072.1 19.063 
6170 0.997572 -0.563774 -98071.9 19.0938 
6180 0.997707 -0.800977 -98083 19.1225 
6190 0.997626 0.281224 -98071 19.1527 
6200 0.997597 -0.575175 -98070.5 19.1871 
6210 0.997588 -0.662315 -98069.4 19.2158 
6220 0.997592 -0.739455 -98069.4 19.248 
6230 0.997592 -0.401173 -98069.3 19.2765 
6240 0.997589 0.33509 -98069.1 19.3078 
6250 0.99759 0.604534 -98069.1 19.3356 
6260 0.997621 -0.866542 -98072.4 19.3649 
6270 0.997588 0.0678491 -98074.5 19.3996 
6280 0.99746 -0.34476 -98066.7 19.4341 
6290 0.997493 0.513497 -98069.7 19.467 
6300 0.997467 0.996497 -98066.1 19.4995 
6310 0.997478 0.192966 -98067.8 19.5341 
6320 0.997611 0.267157 -98079.9 19.5687 
6330 0.997634 0.167351 -98081.3 19.6012 
6340 0.997692 -0.37082 -98082.5 19.6314 
6350 0.99757 0.117356 -98072.6 19.6599 
6360 0.997568 0.391639 -98072.6 19.691 
6370 0.997567 -0.771084 -98072.6 19.7188 
6380 0.997567 0.774388 -98072.6 19.7495 
6390 0.99754 0.800513 -98070.6 19.7809 
6400 0.997551 0.945627 -98072.1 19.8126 
6410 0.997568 0.430014 -98074 19.844 
6420 0.997662 0.528109 -98081 19.8714 
6430 0.997662 -0.585952 -98081 19.9021 
6440 0.997661 -0.183267 -98081 19.93 
6450 0.997654 -0.313074 -98080.4 19.958 
6460 0.997579 -0.801429 -98074.6 19.9907 
6470 0.997523 0.127036 -98067.7 20.0209 
6480 0.997541 -0.679974 -98062.8 20.0509 
6490 0.997541 -0.24992 -98062.8 20.0818 
6500 0.997541 -0.0535836 -98062.8 20.1125 
6510 0.997549 0.638742 -98063.2 20.1459 
6520 0.997554 -0.229054 -98063.5 20.1769 
6530 0.997569 0.555855 -98065.3 20.2079 
6540 0.997569 -0.616615 -98065.1 20.2408 
6550 0.997569 0.0914033 -98065.1 20.2717 
6560 0.997569 0.625816 -98065.1 20.3023 
6570 0.997569 0.878646 -98065.1 20.3302 
6580 0.997569 0.664104 -98065.1 20.3612 
6590 0.997682 0.0450659 -98070.3 20.3942 
6600 0.997682 0.948608 -98070.2 20.4191 
6610 0.997682 -0.505547 -98070.2 20.4471 
6620 0.997682 0.250844 -98070.2 20.4749 
6630 0.997569 -0.78976 -98061.5 20.5059 
6640 0.997578 -0.829719 -98062.3 20.5369 
6650 0.997573 0.239855 -98061.7 20.569 
6660 0.997573 -0.670764 -98061.7 20.5968 
6670 0.997569 0.165438 -98061.8 20.6294 
6680 0.99756 -0.916459 -98060.8 20.6602 
6690 0.997594 -0.729801 -98061.9 20.693 
6700 0.997594 -0.036649 -98061.9 20.7237 
6710 0.997564 -0.0524871 -98057.3 20.753 
6720 0.997391 0.620441 -98047.4 20.7858 
6730 0.997391 -0.385147 -98047.4 20.8135 
6740 0.997391 0.889765 -98047.4 20.8444 
6750 0.997463 -0.106093 -98049.3 20.8725 
6760 0.997457 -0.145246 -98048.7 20.9037 
6770 0.99746 0.0310222 -98048 20.9333 
6780 0.99747 -0.959105 -98049.6 20.9672 
6790 0.997505 -0.355532 -98053 20.9958 
6800 0.997497 0.975184 -98053.3 21.0319 
6810 0.99757 -0.831172 -98057.9 21.0616 
6820 0.997571 -0.818497 -98059.1 21.0903 
6830 0.997585 0.992143 -98060.7 21.1212 
6840 0.997585 0.322461 -98060.7 21.1519 
6850 0.997585 -0.910539 -98060.7 21.1771 
6860 0.997603 -0.595251 -98066.5 21.21 
6870 0.997603 0.116585 -98066.5 21.2378 
6880 0.997717 0.646463 -98074.1 21.2733 
6890 0.997703 0.843562 -98072.6 21.3051 
6900 0.997678 0.365615 -98068.5 21.3403 
6910 0.997643 -0.111791 -98066.3 21.3701 
6920 0.997642 -0.0059753 -98066.3 21.3977 
6930 0.99761 0.924688 -98061.4 21.4303 
6940 0.99761 -0.24405 -98061.4 21.4613 
6950 0.99761 -0.146502 -98061.5 21.4893 
6960 0.997627 -0.334473 -98062.8 21.5181 
6970 0.997688 -0.327169 -98070.9 21.5535 
6980 0.997683 -0.568409 -98071.3 21.585 
6990 0.997651 0.221628 -98066.7 21.6153 
7000 0.997641 -0.0339544 -98064.7 21.6484 
7010 0.997605 0.370196 -98062.2 21.6807 
7020 0.997615 -0.573296 -98063.2 21.7104 
7030 0.997624 -0.928768 -98062.6 21.7396 
7040 0.997624 0.559462 -98058.4 21.7745 
7050 0.997711 0.0105384 -98067.9 21.8101 
7060 0.997586 0.675679 -98059.4 21.8427 
7070 0.997595 0.794755 -98060.4 21.8735 
7080 0.997595 0.980548 -98060.5 21.9021 
7090 0.997608 -0.857904 -98059.8 21.9357 
7100 0.997647 -0.0666643 -98066.5 21.9675 
7110 0.997538 0.338735 -98060.2 22.0006 
7120 0.997499 0.189642 -98054.6 22.0329 
7130 0.99764 -0.868463 -98067.4 22.0682 
7140 0.997591 -0.279226 -98064.5 22.1012 
7150 0.997564 -0.953515 -98064 22.1343 
7160 0.997616 0.81895 -98070 22.1675 
7170 0.99764 -0.0205912 -98071.8 22.1994 
7180 0.997656 -0.165409 -98073.1 22.2314 
7190 0.997579 0.20599 -98066.1 22.2583 
7200 0.99761 0.395812 -98066.9 22.2879 
7210 0.997633 0.937504 -98069.3 22.3205 
7220 0.997686 -0.485034 -98072.1 22.3505 
7230 0.997689 -0.238066 -98072.6 22.3817 
7240 0.997698 -0.0140474 -98073.6 22.4138 
7250 0.997717 -0.76062 -98073.1 22.4457 
7260 0.99772 0.879162 -98073.2 22.4711 
7270 0.997711 -0.323093 -98072.4 22.5024 
7280 0.997711 -0.837928 -98072.4 22.5303 
7290 0.997713 0.772462 -98076.4 22.566 
7300 0.997713 -0.243532 -98076.4 22.588 
7310 0.997684 0.979393 -98073.7 22.6176 
7320 0.997684 -0.411791 -98073.7 22.6485 
7330 0.997741 -0.181551 -98082.3 22.6787 
7340 0.997728 -0.0835517 -98084.4 22.7132 
7350 0.997731 -0.75317 -98084.7 22.7446 
7360 0.997623 0.317828 -98066.3 22.774 
7370 0.997715 -0.341255 -98074.2 22.8042 
7380 0.997715 0.502889 -98074.2 22.8349 
7390 0.997674 0.604251 -98070.2 22.8716 
7400 0.997674 0.840597 -98070.2 22.9024 
7410 0.997659 0.972617 -98067.9 22.935 
7420 0.997649 0.958748 -98067.8 22.9683 
7430 0.997656 -0.938501 -98068.1 22.9995 
7440 0.997731 0.894197 -98071 23.0329 
7450 0.997731 -0.30672 -98071.4 23.0646 
7460 0.997666 0.77674 -98070.5 23.0973 
7470 0.997688 -0.537714 -98073.1 23.1262 
7480 0.997665 -0.763461 -98071.4 23.1593 
7490 0.997663 0.956159 -98074.9 23.1933 
7500 0.997636 0.664979 -98072.6 23.2251 
7510 0.997634 -0.348645 -98072.3 23.2577 
7520 0.997635 -0.827048 -98072.4 23.2855 
7530 0.997616 0.451542 -98070.2 23.3169 
7540 0.997616 -0.677605 -98070.2 23.3476 
7550 0.997599 0.990503 -98067 23.3811 
7560 0.997588 -0.78914 -98066.2 23.4117 
7570 0.997606 -0.245647 -98070.8 23.4439 
7580 0.997606 -0.531938 -98070.8 23.4747 
7590 0.997601 0.0369195 -98064.6 23.5107 
7600 0.997525 0.881877 -98054.9 23.5444 
7610 0.997486 0.188447 -98047.5 23.5745 
7620 0.997497 0.669215 -98049.3 23.6071 
7630 0.997641 -0.537352 -98062.6 23.6406 
7640 0.997646 0.0759517 -98063.1 23.6715 
7650 0.997585 0.704674 -98060.2 23.698 
7660 0.997606 -0.066005 -98061.4 23.7304 
7670 0.997539 0.777139 -98055.9 23.7575 
7680 0.99754 0.60899 -98050.4 23.7905 
7690 0.997528 -0.841299 -98048.7 23.8219 
7700 0.997528 0.198375 -98048.7 23.8525 
7710 0.997528 0.827921 -98048.7 23.8835 
7720 0.997528 0.291912 -98048.7 23.9113 
7730 0.997528 0.497532 -98048.7 23.9421 
7740 0.997511 0.966362 -98046.7 23.9731 
7750 0.997525 -0.624454 -98048.2 24.0017 
7760 0.997534 -0.201914 -98048.8 24.0331 
7770 0.997529 -0.660655 -98048.5 24.0644 
7780 0.997467 -0.703968 -98054.4 24.0935 
7790 0.997471 0.228616 -98055 24.1253 
7800 0.997379 -0.617091 -98055.9 24.159 
7810 0.997382 0.607866 -98051.4 24.1921 
7820 0.997382 0.414501 -98051.4 24.2199 
7830 0.997371 -0.639933 -98050.8 24.251 
7840 0.99737 -0.938576 -98050.6 24.2819 
7850 0.997336 -0.00663736 -98048.4 24.3112 
7860 0.997336 0.707367 -98048.3 24.3419 
7870 0.997336 -0.567157 -98048.3 24.3697 
7880 0.997372 0.818784 -98050.1 24.4025 
7890 0.997324 0.00297029 -98042.7 24.4349 
7900 0.997309 -0.363421 -98042.1 24.4664 
7910 0.997369 -0.829383 -98047.9 24.4975 
7920 0.99733 -0.696137 -98044.7 24.5311 
7930 0.997334 -0.431175 -98044.5 24.5629 
7940 0.99734 -0.356164 -98049.2 24.5933 
7950 0.997339 0.526457 -98049.2 24.6214 
7960 0.997363 0.192799 -98050 24.6517 
7970 0.997427 -0.726107 -98055.5 24.6825 
7980 0.997427 -0.191257 -98055.5 24.7132 
7990 0.99744 -0.494782 -98058.2 24.7448 
8000 0.997498 -0.680135 -98069.9 24.778 
8010 0.997498 -0.739267 -98069.9 24.8088 
8020 0.997506 0.480013 -98071.1 24.8401 
8030 0.997529 -0.182095 -98070 24.8727 
8040 0.997593 -0.639813 -98069.5 24.9027 
8050 0.997572 -0.798937 -98068.3 24.9346 
8060 0.997572 -0.797032 -98068.3 24.9627 
8070 0.997635 -0.106256 -98073.9 24.9953 
8080 0.997635 -0.110305 -98073.9 25.0263 
8090 0.997645 -0.342833 -98075.1 25.0578 
8100 0.99764 -0.204686 -98074.7 25.0862 
8110 0.99764 -0.445847 -98074.7 25.1141 
8120 0.997642 -0.572264 -98074.9 25.145 
8130 0.997572 0.709272 -98067.6 25.1777 
8140 0.997584 -0.521976 -98068.6 25.2057 
8150 0.997608 0.751572 -98071.3 25.2399 
8160 0.997618 -0.103185 -98072.2 25.2716 
8170 0.997656 0.379795 -98076.2 25.3028 
8180 0.997726 -0.0117289 -98079.9 25.3331 
8190 0.997679 -0.0160912 -98075.9 25.3662 
8200 0.997679 -0.695429 -98075.9 25.3881 
8210 0.997528 -0.910079 -98063.6 25.4192 
8220 0.997528 0.414593 -98063.6 25.4504 
8230 0.99745 0.722613 -98054.6 25.484 
8240 0.997465 0.889247 -98056.3 25.51 
8250 0.997425 0.149884 -98053.3 25.5382 
8260 0.997473 -0.518792 -98059.1 25.5712 
8270 0.997349 0.0133075 -98057.8 25.5999 
8280 0.997318 0.196488 -98054.4 25.6292 
8290 0.997318 -0.0289878 -98054.4 25.657 
8300 0.997342 -0.658978 -98057.3 25.6854 
8310 0.997342 0.206247 -98057.3 25.7134 
8320 0.997341 -0.959527 -98056.6 25.7455 
8330 0.997408 -0.164089 -98060.6 25.7792 
8340 0.997396 0.594898 -98063.4 25.8073 
8350 0.997396 0.431724 -98063.4 25.835 
8360 0.997477 0.00634146 -98067.2 25.8674 
8370 0.997477 0.423105 -98067.2 25.8981 
8380 0.997484 -0.844525 -98067.9 25.9268 
8390 0.997484 0.45474 -98067.1 25.9586 
8400 0.997484 -0.749568 -98067.1 25.9893 
8410 0.997484 0.369643 -98067.1 26.0142 
8420 0.997412 0.367479 -98065.6 26.0462 
8430 0.997447 0.292666 -98065.7 26.0806 
8440 0.997565 -0.658024 -98073.7 26.1157 
8450 0.997527 -0.836345 -98065.7 26.1459 
8460 0.997524 -0.487351 -98065.3 26.1766 
8470 0.997519 -0.0932568 -98071.1 26.209 
8480 0.997519 -0.324231 -98071.1 26.2397 
8490 0.997494 -0.205188 -98076.9 26.2726 
8500 0.997494 0.213166 -98076.9 26.3033 
8510 0.997499 0.85323 -98075.3 26.339 
8520 0.997499 0.433457 -98075.2 26.3697 
8530 0.997499 -0.983177 -98075.3 26.3974 
8540 0.997499 0.451654 -98075.3 26.4251 
8550 0.997492 0.403709 -98075 26.4583 
8560 0.997492 -0.314208 -98075 26.4894 
8570 0.99737 -0.110995 -98068.4 26.5234 
8580 0.99737 -0.245559 -98068.4 26.554 
8590 0.99735 -0.518894 -98065.7 26.5865 
8600 0.99734 -0.789061 -98064.6 26.6181 
8610 0.997341 0.71688 -98064.7 26.6465 
8620 0.997342 0.380765 -98064.7 26.6744 
8630 0.997342 0.628332 -98064.7 26.7023 
8640 0.997241 -0.344193 -98051.6 26.7345 
8650 0.997255 0.110342 -98051.9 26.769 
8660 0.997254 -0.488975 -98052.3 26.8008 
8670 0.997256 0.49126 -98054.1 26.8334 
8680 0.997278 0.747753 -98055.8 26.8645 
8690 0.997269 -0.880844 -98054.7 26.8955 
8700 0.997287 0.570638 -98053.7 26.9299 
8710 0.997287 -0.00142682 -98053.7 26.9577 
8720 0.997287 -0.664105 -98053.7 26.9884 
8730 0.997272 0.183279 -98051.2 27.0206 
8740 0.997243 0.419457 -98048.8 27.0548 
8750 0.997253 -0.654961 -98049.8 27.0864 
8760 0.997253 -0.797361 -98049.8 27.1171 
8770 0.997313 -0.880077 -98059.1 27.1505 
8780 0.997324 0.696075 -98060.2 27.1792 
8790 0.997324 0.719562 -98060.3 27.2098 
8800 0.997369 0.676114 -98061.4 27.2442 
8810 0.997351 0.0725537 -98059 27.2763 
8820 0.997374 -0.256031 -98056.7 27.3089 
8830 0.99746 -0.38683 -98053.6 27.3352 
8840 0.997431 -0.968353 -98051.2 27.3669 
8850 0.997438 0.778434 -98053.2 27.3994 
8860 0.997511 -0.551289 -98056.6 27.4304 
8870 0.997515 0.83184 -98052.5 27.4634 
8880 0.997515 -0.657035 -98052.5 27.4939 
8890 0.997514 0.41906 -98055.6 27.5244 
8900 0.997599 -0.0657074 -98062.3 27.5583 
8910 0.997598 -0.467584 -98062.2 27.5896 
8920 0.997528 0.575404 -98055.9 27.6227 
8930 0.997559 -0.548254 -98059.6 27.6559 
8940 0.997593 0.0419695 -98062 27.6876 
8950 0.997624 0.804547 -98066.6 27.7214 
8960 0.997528 -0.270675 -98061.5 27.7521 
8970 0.997556 0.771565 -98066.6 27.7863 
8980 0.997556 -0.411984 -98066.5 27.8142 
8990 0.99747 0.408374 -98057.8 27.8442 
9000 0.997504 0.456202 -98061.7 27.8765 
9010 0.997504 0.277811 -98061.7 27.9072 
9020 0.997504 0.531755 -98061.7 27.9379 
9030 0.99752 -0.421809 -98059.5 27.9713 
9040 0.997445 -0.712818 -98062.8 28.003 
9050 0.997464 0.713279 -98063.9 28.0346 
9060 0.99747 0.777135 -98064.6 28.0658 
9070 0.99747 -0.111691 -98064.6 28.0965 
9080 0.99747 -0.100983 -98064.8 28.1251 
9090 0.997467 -0.48711 -98064.5 28.1564 
9100 0.997473 0.962734 -98064.2 28.1864 
9110 0.997473 -0.595066 -98064.2 28.2141 
9120 0.997587 -0.0687332 -98068.2 28.2465 
9130 0.997568 -0.902508 -98067.3 28.2775 
9140 0.997566 -0.489911 -98067.1 28.3056 
9150 0.997568 -0.0352144 -98067.2 28.3364 
9160 0.997568 0.955897 -98067.2 28.3672 
9170 0.997568 0.0125676 -98067.1 28.3948 
9180 0.997543 0.213855 -98067.7 28.4277 
9190 0.997542 0.754642 -98067.7 28.4586 
9200 0.997562 -0.554958 -98068.9 28.487 
9210 0.997539 0.306774 -98068.8 28.5176 
9220 0.997604 0.985154 -98071.6 28.5482 
9230 0.997598 0.115867 -98071 28.5791 
9240 0.997565 -0.906921 -98066.6 28.6113 
9250 0.997606 0.921534 -98068.3 28.6428 
9260 0.997629 -0.962759 -98069.5 28.6752 
9270 0.997629 -0.499024 -98069.5 28.7059 
9280 0.997652 0.670416 -98071.4 28.7352 
9290 0.997652 0.868201 -98071.4 28.763 
9300 0.997652 0.164489 -98071.4 28.7937 
9310 0.997652 -0.446746 -98071.4 28.8245 
9320 0.997643 0.17712 -98070.2 28.8573 
9330 0.997635 -0.521277 -98068.8 28.8912 
9340 0.997635 0.854459 -98068.8 28.9161 
9350 0.997635 0.0309845 -98068.8 28.9468 
9360 0.997666 0.633934 -98071.7 28.9764 
9370 0.997666 0.912776 -98071.7 29.0078 
9380 0.997665 -0.510857 -98076.6 29.0399 
9390 0.997592 0.94802 -98073.7 29.0724 
9400 0.997595 -0.303326 -98074.2 29.0972 
9410 0.997595 0.341708 -98074.1 29.1249 
9420 0.997633 -0.978088 -98074.1 29.1549 
9430 0.99761 -0.127537 -98074.4 29.182 
9440 0.997633 -0.844823 -98076 29.2106 
9450 0.997553 -0.439539 -98065.8 29.2455 
9460 0.997511 -0.042432 -98060.7 29.2817 
9470 0.99751 -0.0840195 -98060.5 29.3148 
9480 0.997534 0.287449 -98062.3 29.3436 
9490 0.997555 -0.612672 -98065.8 29.379 
9500 0.997555 -0.284706 -98065.8 29.4069 
9510 0.997586 -0.857965 -98070.4 29.4414 
9520 0.997587 -0.847569 -98070.7 29.4735 
9530 0.997587 0.856011 -98070.7 29.5042 
9540 0.997602 -0.435293 -98071.7 29.5385 
9550 0.997601 -0.975967 -98071.7 29.5691 
9560 0.997616 -0.356206 -98072.9 29.6006 
9570 0.997612 0.133143 -98072.6 29.6258 
9580 0.997611 -0.458459 -98072.5 29.6568 
9590 0.997475 0.324924 -98067.9 29.6919 
9600 0.997533 -0.476017 -98067.2 29.7265 
9610 0.997532 -0.700059 -98067.1 29.7573 
9620 0.997549 -0.684772 -98070.5 29.7913 
9630 0.99752 0.227642 -98067.8 29.8197 
9640 0.99752 -0.171589 -98067.9 29.8476 
9650 0.997515 0.575957 -98067.5 29.8765 
9660 0.997545 -0.302412 -98069.2 29.9058 
9670 0.997544 -0.653774 -98069.1 29.9363 
9680 0.997549 -0.537132 -98070.1 29.9686 
9690 0.997549 -0.164911 -98070.1 29.9992 
9700 0.997549 0.481768 -98070.1 30.0271 
9710 0.997563 -0.0709371 -98071.2 30.059 
9720 0.997593 0.0767432 -98072.6 30.0929 
9730 0.997555 0.0121718 -98071.4 30.1249 
9740 0.997555 0.792934 -98071.4 30.1556 
9750 0.997552 0.214819 -98068.2 30.1889 
9760 0.997594 0.550097 -98068.9 30.2213 
9770 0.997552 0.240955 -98065.1 30.2555 
9780 0.997566 0.0715933 -98064.1 30.2903 
9790 0.997566 -0.350397 -98064.1 30.3211 
9800 0.997677 -0.180349 -98070.8 30.3519 
9810 0.997677 -0.530508 -98070.8 30.3828 
9820 0.997654 0.38472 -98069 30.4111 
9830 0.9975 0.811834 -98071 30.4443 
9840 0.997502 0.374931 -98070.7 30.4763 
9850 0.997488 -0.686443 -98069.4 30.5044 
9860 0.997481 -0.732099 -98068.7 30.5354 
9870 0.997409 -0.480742 -98061.4 30.5705 
9880 0.997341 -0.588965 -98057.7 30.6037 
9890 0.997346 -0.149272 -98057.9 30.6325 
9900 0.997438 0.539743 -98059.1 30.6655 
9910 0.997416 0.313738 -98056.9 30.6908 
9920 0.997418 -0.797139 -98056.3 30.7193 
9930 0.99742 0.818898 -98057 30.7498 
9940 0.997475 -0.291508 -98062.3 30.7834 
9950 0.997475 -0.530251 -98062.3 30.814 
9960 0.997544 -0.383752 -98071.8 30.8493 
9970 0.997552 0.478605 -98071.3 30.882 
9980 0.997552 0.452459 -98071.3 30.9127 
9990 0.997452 -0.521103 -98063.9 30.9462 
10000 0.997506 -0.078861 -98067.3 30.9808 
