0 1 1 -98304 0 
10 0.999954 0.0415645 -98297.9 0.0353541 
20 0.999954 0.719934 -98297.9 0.0689679 
30 0.999953 -0.270147 -98297.9 0.101723 
40 0.999953 -0.825709 -98297.8 0.134564 
50 0.999953 0.499406 -98297.8 0.164643 
60 0.999953 0.349858 -98297.8 0.19494 
70 0.999976 0.590959 -98300.8 0.228159 
80 0.999976 0.851119 -98300.8 0.259932 
90 0.999976 -0.155765 -98300.8 0.289599 
100 0.999909 0.401295 -98292 0.324563 
110 0.999909 -0.763679 -98291.9 0.35724 
120 0.999909 -0.945726 -98291.9 0.386809 
130 0.999207 -0.119467 -98218.7 0.42318 
140 0.999207 0.861383 -98218.7 0.45594 
150 0.999207 -0.268586 -98218.7 0.485609 
160 0.998742 -0.0727104 -98171.7 0.523186 
170 0.998742 0.671632 -98171.7 0.556168 
180 0.998743 -0.834808 -98171.8 0.585894 
190 0.998682 0.101513 -98162 0.622881 
200 0.998586 0.583362 -98155.3 0.654408 
210 0.998053 -0.136661 -98100.3 0.687039 
220 0.998048 0.0551237 -98097.5 0.722817 
230 0.998108 -0.303167 -98101.8 0.761783 
240 0.998108 -0.293848 -98101.8 0.794871 
250 0.998058 0.340032 -98093 0.830627 
260 0.998058 0.23008 -98092.9 0.863935 
270 0.998058 0.600119 -98092.9 0.896951 
280 0.998058 -0.86726 -98092.9 0.930006 
290 0.998057 -0.0725251 -98092.9 0.960221 
300 0.998028 0.207567 -98091.1 0.992654 
310 0.998153 0.462644 -98107.4 1.02674 
320 0.998162 -0.78999 -98107.9 1.06071 
330 0.998162 -0.531462 -98107.9 1.09375 
340 0.998161 -0.0510652 -98107.7 1.1246 
350 0.998174 0.433115 -98110.1 1.16018 
360 0.998141 -0.62277 -98105.8 1.19607 
370 0.998047 0.961201 -98094.6 1.23185 
380 0.998091 -0.866322 -98099.7 1.26711 
390 0.998097 0.600179 -98100.5 1.30088 
400 0.997765 0.730631 -98086.7 1.33532 
410 0.997765 0.538593 -98086.8 1.36519 
420 0.997846 0.526883 -98094.1 1.3994 
430 0.997828 0.668655 -98092.3 1.43426 
440 0.998211 -0.274183 -98126.4 1.4693 
450 0.99822 0.434089 -98127.4 1.50283 
460 0.998038 -0.303567 -98110.3 1.53417 
470 0.998053 0.114926 -98112.8 1.5655 
480 0.998056 -0.0541142 -98112.9 1.59914 
490 0.998056 0.497097 -98112.9 1.63217 
500 0.998056 -0.267038 -98112.9 1.66571 
510 0.998045 -0.939944 -98112.1 1.70018 
520 0.997671 0.887371 -98076.3 1.73588 
530 0.997671 -0.847391 -98076.3 1.76895 
540 0.997671 0.28461 -98076.3 1.79892 
550 0.997639 0.119131 -98072.7 1.83394 
560 0.997638 0.972967 -98072.6 1.8671 
570 0.997638 -0.209727 -98072.6 1.90018 
580 0.997652 0.930272 -98072.9 1.93088 
590 0.997614 -0.657591 -98071.2 1.9677 
600 0.997589 -0.689437 -98070.2 2.00227 
610 0.997416 -0.264641 -98065.4 2.03455 
620 0.997416 0.468543 -98065.4 2.06771 
630 0.997416 0.314452 -98065.4 2.09815 
640 0.997295 0.907812 -98056.3 2.13225 
650 0.997337 -0.324752 -98058.3 2.16466 
660 0.997337 -0.714972 -98058.3 2.19781 
670 0.997497 0.486122 -98066.3 2.2344 
680 0.997497 -0.0467695 -98066.3 2.26752 
690 0.997499 -0.116797 -98066.4 2.29824 
700 0.997456 -0.316613 -98064.3 2.3333 
710 0.997659 0.253186 -98072 2.36539 
720 0.997659 -0.657242 -98072.1 2.39846 
730 0.997659 -0.709888 -98072.1 2.42842 
740 0.997644 0.0619215 -98072.4 2.46398 
750 0.997644 -0.273315 -98072.4 2.49082 
760 0.997644 0.234869 -98072.4 2.52398 
770 0.997644 -0.00888266 -98072.3 2.55422 
780 0.997454 -0.322039 -98061.2 2.59238 
790 0.997454 -0.466801 -98061.2 2.61916 
800 0.997452 0.389155 -98061.1 2.65238 
810 0.997452 -0.331668 -98061.1 2.68541 
820 0.9975 -0.0534845 -98064 2.71252 
830 0.997502 0.975 -98063.1 2.74237 
840 0.997502 -0.364693 -98063.1 2.76916 
850 0.997503 0.55917 -98063.2 2.80211 
860 0.997486 0.969122 -98061.2 2.83307 
870 0.997472 -0.848703 -98060 2.86713 
880 0.997472 -0.0194474 -98059.9 2.89393 
890 0.997645 -0.0784354 -98067.4 2.92619 
900 0.997713 -0.263549 -98072.5 2.96415 
910 0.997725 -0.162958 -98073.5 2.99823 
920 0.997725 -0.888649 -98073.5 3.02814 
930 0.99773 -0.748288 -98073.9 3.06205 
940 0.997629 0.923005 -98067.2 3.09453 
950 0.997574 0.267883 -98060.3 3.1341 
960 0.997551 -0.937562 -98057.8 3.16844 
970 0.99759 -0.0207301 -98058.7 3.2033 
980 0.997614 -0.94031 -98061.5 3.23702 
990 0.997624 -0.0939996 -98064.9 3.27127 
1000 0.997672 0.887823 -98069.2 3.30617 
1010 0.997635 -0.246324 -98065.6 3.34241 
1020 0.997635 -0.974377 -98065.6 3.37232 
1030 0.9977 -0.59476 -98078.5 3.40723 
1040 0.997743 0.231618 -98081.3 3.44207 
1050 0.997724 0.225249 -98080.2 3.4767 
1060 0.997684 0.449207 -98079.1 3.50978 
1070 0.99773 0.0680396 -98079.3 3.53975 
1080 0.997744 0.550774 -98081.5 3.57212 
1090 0.997686 0.39817 -98072.2 3.60313 
1100 0.997665 0.664471 -98070.3 3.63825 
1110 0.997665 -0.963195 -98070.3 3.67123 
1120 0.997664 0.271224 -98068.2 3.70589 
1130 0.997654 -0.920111 -98067.4 3.74014 
1140 0.997627 0.0103485 -98062.3 3.77665 
1150 0.997692 0.069002 -98066.4 3.80988 
1160 0.997592 0.738869 -98058.7 3.84791 
1170 0.997594 0.0733671 -98058.4 3.88338 
1180 0.997624 -0.568033 -98063.9 3.91628 
1190 0.997628 0.152598 -98065.9 3.94901 
1200 0.997734 0.310496 -98073.6 3.98062 
1210 0.997659 0.75028 -98068.1 4.01738 
1220 0.997631 -0.477548 -98065 4.05121 
1230 0.997634 -0.326175 -98065.4 4.08484 
1240 0.997627 -0.950904 -98064.1 4.12157 
1250 0.99763 0.231163 -98064.4 4.15493 
1260 0.997562 0.273807 -98058.1 4.18743 
1270 0.997562 0.722986 -98058.1 4.22041 
1280 0.997571 -0.0454946 -98059.3 4.25448 
1290 0.997557 0.947857 -98058.8 4.29106 
1300 0.997627 0.393635 -98065.6 4.32575 
1310 0.997672 -0.161805 -98070.6 4.36041 
1320 0.997649 0.314419 -98063.6 4.39399 
1330 0.997649 0.208467 -98063.6 4.42395 
1340 0.997652 -0.332603 -98063.8 4.45471 
1350 0.997653 -0.106469 -98063.8 4.48799 
1360 0.997621 0.59406 -98068.9 4.52157 
1370 0.997556 0.654585 -98063.8 4.55732 
1380 0.997456 -0.4549 -98065.5 4.58828 
1390 0.997545 -0.49891 -98067.9 4.62696 
1400 0.997529 -0.192198 -98073.2 4.65966 
1410 0.997544 0.286898 -98074.8 4.69307 
1420 0.997543 0.231963 -98071.6 4.72706 
1430 0.997509 0.6182 -98069 4.75454 
1440 0.997506 -0.178077 -98068.9 4.78242 
1450 0.997519 -0.441737 -98070.4 4.81551 
1460 0.99759 -0.828113 -98075 4.85094 
1470 0.997592 -0.0153352 -98075.1 4.88427 
1480 0.997601 0.610872 -98074.9 4.91861 
1490 0.997601 0.812642 -98074.9 4.95187 
1500 0.997596 0.911335 -98074.3 4.98527 
1510 0.997656 -0.719198 -98078.6 5.01983 
1520 0.997571 -0.82464 -98070.3 5.05806 
1530 0.997691 0.586236 -98071.1 5.09161 
1540 0.997691 -0.774688 -98071.1 5.1247 
1550 0.997729 -0.973533 -98074.5 5.16116 
1560 0.997705 0.37397 -98072.7 5.1952 
1570 0.997701 0.370101 -98072.2 5.22942 
1580 0.997706 -0.621812 -98072.8 5.25671 
1590 0.997641 0.256106 -98072.8 5.29116 
1600 0.997641 -0.854432 -98072.8 5.32113 
1610 0.997641 -0.480514 -98072.8 5.35454 
1620 0.997594 -0.693254 -98068 5.38996 
1630 0.997601 0.388405 -98068.9 5.42464 
1640 0.997584 -0.257557 -98068.7 5.46018 
1650 0.997585 0.783296 -98068.4 5.4942 
1660 0.997585 -0.282313 -98068.4 5.52425 
1670 0.997585 0.473636 -98068.4 5.55741 
1680 0.997581 0.599501 -98068 5.59062 
1690 0.997593 0.884809 -98068.9 5.62471 
1700 0.997588 -0.527508 -98068.5 5.65999 
1710 0.997588 0.518579 -98068.5 5.69315 
1720 0.997634 0.458596 -98072.3 5.7245 
1730 0.997671 0.224034 -98076 5.7587 
1740 0.997669 -0.793957 -98075.8 5.79229 
1750 0.997679 0.50925 -98077.1 5.82598 
1760 0.997698 -0.709395 -98082.7 5.86289 
1770 0.997717 0.617192 -98084.2 5.89514 
1780 0.99771 -0.688156 -98083.6 5.92837 
1790 0.99771 -0.137916 -98083.6 5.96141 
1800 0.99771 0.349557 -98083.6 5.99463 
1810 0.997632 -0.462728 -98083.3 6.02433 
1820 0.997644 0.886808 -98083.8 6.05152 
1830 0.997644 0.227665 -98083.9 6.08498 
1840 0.997644 0.674673 -98083.9 6.1181 
1850 0.997641 -0.593013 -98082.8 6.15193 
1860 0.99769 0.887535 -98085.5 6.18116 
1870 0.997593 -0.163126 -98078.1 6.21666 
1880 0.997584 -0.923091 -98076.9 6.2475 
1890 0.997613 -0.99035 -98077.6 6.28295 
1900 0.997619 -0.161339 -98074.8 6.31465 
1910 0.99763 0.0680627 -98075.9 6.34822 
1920 0.997718 0.830099 -98076.7 6.38152 
1930 0.997704 -0.861613 -98075.2 6.41561 
1940 0.997705 -0.255312 -98075.2 6.44256 
1950 0.997729 -0.529962 -98078.5 6.47728 
1960 0.99768 -0.0134532 -98072.9 6.51409 
1970 0.997658 -0.599812 -98070.3 6.54945 
1980 0.997658 -0.258673 -98070.3 6.58253 
1990 0.997623 -0.30636 -98066.1 6.61791 
2000 0.997623 -0.23634 -98066.1 6.64788 
2010 0.997633 0.91983 -98066.9 6.68223 
2020 0.997625 0.471588 -98071.2 6.7146 
2030 0.997592 -0.817976 -98070.1 6.74935 
2040 0.997592 -0.627513 -98070.1 6.78268 
2050 0.997638 -0.772743 -98073.7 6.81726 
2060 0.99763 -0.486692 -98073 6.84757 
2070 0.997637 -0.691902 -98073.7 6.88115 
2080 0.997637 -0.0331462 -98073.7 6.91436 
2090 0.997638 -0.136761 -98076.2 6.95006 
2100 0.997664 -0.925055 -98073.7 6.98494 
2110 0.997664 -0.911318 -98073.7 7.01486 
2120 0.997664 0.95276 -98073.8 7.0451 
2130 0.997661 -0.235437 -98073.5 7.07869 
2140 0.997556 -0.209606 -98063.7 7.11708 
2150 0.997582 0.371766 -98066.2 7.15094 
2160 0.997601 0.767177 -98068.1 7.18421 
2170 0.997601 0.697654 -98068.1 7.2142 
2180 0.997664 -0.557687 -98069.2 7.24801 
2190 0.997674 0.140742 -98070.1 7.28351 
2200 0.997708 -0.395753 -98076 7.31726 
2210 0.997724 -0.584285 -98077.7 7.35304 
2220 0.997713 0.864417 -98076.5 7.38664 
2230 0.99768 -0.489592 -98078.6 7.4187 
2240 0.99768 0.140611 -98078.5 7.45186 
2250 0.997684 0.272824 -98079 7.47957 
2260 0.997582 0.636311 -98068.8 7.51508 
2270 0.997582 0.541282 -98068.9 7.54514 
2280 0.997561 0.118705 -98067.7 7.57912 
2290 0.997548 0.850506 -98069.6 7.61485 
2300 0.997548 0.582976 -98069.6 7.64801 
2310 0.997566 0.165919 -98070.9 7.68592 
2320 0.997643 0.446614 -98074.5 7.71848 
2330 0.997636 -0.204873 -98073.7 7.75206 
2340 0.99751 -0.519798 -98063.7 7.78442 
2350 0.99751 0.616631 -98063.7 7.81765 
2360 0.997504 0.755814 -98063.5 7.85016 
2370 0.997495 -0.393253 -98062.5 7.88016 
2380 0.997495 0.0112802 -98062.5 7.91015 
2390 0.997596 0.0685219 -98063.2 7.94355 
2400 0.997596 -0.0556791 -98063.2 7.97369 
2410 0.997596 0.575147 -98063.2 8.00366 
2420 0.99761 -0.160876 -98064.6 8.03735 
2430 0.997534 -0.270777 -98059.1 8.07425 
2440 0.997508 -0.542593 -98065.9 8.10717 
2450 0.997512 0.774373 -98066.6 8.13766 
2460 0.997516 -0.488567 -98069.8 8.17237 
2470 0.997495 -0.546534 -98068.3 8.20649 
2480 0.997483 -0.0230489 -98067.6 8.24113 
2490 0.997529 -0.909543 -98071.1 8.2724 
2500 0.99756 -0.674475 -98068.4 8.30892 
2510 0.99756 -0.285938 -98068.4 8.33894 
2520 0.997609 0.0275528 -98073.1 8.37614 
2530 0.997638 -0.290995 -98072.3 8.41272 
2540 0.997638 0.140598 -98072.3 8.4397 
2550 0.99776 -0.747092 -98081.1 8.47559 
2560 0.99776 -0.604995 -98081.1 8.50874 
2570 0.997761 -0.635198 -98081.1 8.53877 
2580 0.997772 0.568751 -98081.9 8.57316 
2590 0.997657 -0.190601 -98072.4 8.61196 
2600 0.997662 -0.308838 -98074.8 8.64327 
2610 0.997691 0.366989 -98078 8.67786 
2620 0.997524 -0.412276 -98065.1 8.71513 
2630 0.997522 -0.920514 -98064.9 8.75054 
2640 0.997519 0.39577 -98064.7 8.78407 
2650 0.99754 0.944312 -98064.9 8.81818 
2660 0.997509 0.109891 -98064 8.85343 
2670 0.997463 -0.46357 -98064.8 8.88543 
2680 0.997472 -0.60455 -98065.7 8.91903 
2690 0.997455 -0.511663 -98063.1 8.95398 
2700 0.997507 0.530889 -98068.6 8.99061 
2710 0.99751 -0.474646 -98069.3 9.02223 
2720 0.99751 0.777086 -98069.3 9.05528 
2730 0.997511 0.688626 -98069.3 9.08894 
2740 0.997465 -0.665243 -98062.7 9.12145 
2750 0.997447 -0.154766 -98061.6 9.14985 
2760 0.997506 -0.286136 -98067.5 9.18459 
2770 0.997578 0.808327 -98068.2 9.22076 
2780 0.997578 0.164505 -98068.2 9.2508 
2790 0.997586 0.553086 -98070.5 9.28209 
2800 0.997473 0.0112585 -98062.5 9.31705 
2810 0.99747 -0.397861 -98061.8 9.35059 
2820 0.997519 -0.824666 -98061.9 9.38627 
2830 0.997628 0.045669 -98059.2 9.42309 
2840 0.997676 0.244298 -98063.5 9.45902 
2850 0.997701 -0.321939 -98067.9 9.49726 
2860 0.997594 0.694276 -98064.3 9.53317 
2870 0.997642 0.737401 -98071.5 9.57283 
2880 0.997564 0.313794 -98061.8 9.61117 
2890 0.997573 -0.616627 -98062.4 9.64182 
2900 0.997639 0.130775 -98064.3 9.6774 
2910 0.997621 0.492512 -98062.7 9.71265 
2920 0.99758 0.448555 -98062.5 9.74986 
2930 0.997568 -0.593013 -98063.6 9.78639 
2940 0.997536 0.964993 -98060.5 9.81732 
2950 0.997602 0.855728 -98065.6 9.85455 
2960 0.997597 -0.449505 -98065.2 9.88815 
2970 0.997597 -0.831602 -98065.2 9.92135 
2980 0.997547 -0.94626 -98057.8 9.95691 
2990 0.997547 -0.722834 -98057.8 9.99007 
3000 0.997637 -0.253144 -98062.8 10.0256 
3010 0.997685 -0.420261 -98066.2 10.0615 
3020 0.997685 0.300309 -98066.3 10.0946 
3030 0.997684 0.89167 -98065.9 10.1253 
3040 0.997692 -0.368149 -98067 10.1595 
3050 0.99768 0.282249 -98066.3 10.194 
3060 0.997707 0.4965 -98067.1 10.2223 
3070 0.99761 0.222358 -98064.4 10.2572 
3080 0.997594 -0.506086 -98063.4 10.2926 
3090 0.997594 -0.522355 -98063.4 10.3195 
3100 0.997594 0.300223 -98063.4 10.3494 
3110 0.997594 0.306423 -98063.4 10.3825 
3120 0.997594 -0.702736 -98063.4 10.4156 
3130 0.997598 0.996682 -98063.4 10.4462 
3140 0.997598 0.602097 -98063.5 10.4794 
3150 0.997678 0.790662 -98068.9 10.5155 
3160 0.997656 -0.221157 -98065.8 10.5508 
3170 0.997669 -0.340179 -98068 10.5855 
3180 0.997669 0.821198 -98068 10.6156 
3190 0.99765 -0.77251 -98065.7 10.6516 
3200 0.997621 -0.0683787 -98066.8 10.6826 
3210 0.997626 0.283432 -98067.5 10.7136 
3220 0.997636 0.195479 -98069 10.749 
3230 0.997636 0.0829336 -98069 10.779 
3240 0.997614 -0.178922 -98068.5 10.815 
3250 0.997614 0.882709 -98068.5 10.842 
3260 0.997614 -0.410961 -98068.5 10.8723 
3270 0.997615 0.975554 -98068.5 10.9026 
3280 0.997602 0.0652076 -98066.3 10.9383 
3290 0.997648 -0.873285 -98076.2 10.9708 
3300 0.997646 0.585616 -98076 11.004 
3310 0.997675 0.512691 -98078.2 11.0389 
3320 0.997675 0.194784 -98078.2 11.0722 
3330 0.997688 -0.194403 -98078.8 11.1062 
3340 0.997688 -0.355974 -98078.8 11.1394 
3350 0.997617 0.481613 -98076.5 11.1763 
3360 0.997615 0.81802 -98073.7 11.2118 
3370 0.997673 0.567168 -98077.7 11.2468 
3380 0.997673 0.871823 -98077.7 11.2737 
3390 0.997581 0.524176 -98069.7 11.3104 
3400 0.997444 0.542976 -98063.9 11.3441 
3410 0.997444 0.728609 -98063.9 11.3773 
3420 0.997468 -0.484997 -98064.6 11.4116 
3430 0.997468 -0.674814 -98064.6 11.4449 
3440 0.997468 -0.409444 -98064.6 11.4781 
3450 0.997468 -0.94277 -98064.6 11.5081 
3460 0.997463 0.697941 -98064.2 11.5418 
3470 0.997492 0.434757 -98066 11.5749 
3480 0.997562 0.277352 -98070.2 11.6138 
3490 0.997565 0.761287 -98071.2 11.6432 
3500 0.997569 0.561226 -98071.4 11.6773 
3510 0.997613 -0.029248 -98072.6 11.7098 
3520 0.997513 0.816388 -98063.8 11.7454 
3530 0.997501 0.664086 -98063.2 11.78 
3540 0.997605 0.865582 -98075.8 11.8157 
3550 0.997597 -0.0493337 -98077 11.8479 
3560 0.997597 0.524903 -98077 11.881 
3570 0.997598 -0.567505 -98077 11.9142 
3580 0.997604 -0.0346847 -98077.2 11.9513 
3590 0.997538 -0.344095 -98071.4 11.987 
3600 0.997631 0.915488 -98078.7 12.0196 
3610 0.997648 0.985389 -98076 12.0553 
3620 0.997648 0.13837 -98076 12.0885 
3630 0.99759 -0.605948 -98072.6 12.1241 
3640 0.99765 0.0560734 -98076.7 12.1569 
3650 0.997658 -0.256486 -98077.2 12.1881 
3660 0.997645 0.280882 -98072.5 12.2197 
3670 0.997587 -0.397901 -98066.2 12.2569 
3680 0.997587 0.494229 -98066.1 12.287 
3690 0.99757 -0.812376 -98065.7 12.3215 
3700 0.99757 -0.897521 -98065.7 12.3548 
3710 0.99757 0.0813671 -98065.7 12.3879 
3720 0.997504 0.478708 -98060.2 12.4223 
3730 0.997506 0.601732 -98059.6 12.4577 
3740 0.997548 -0.295139 -98062.4 12.4895 
3750 0.997563 -0.859861 -98063.9 12.5239 
3760 0.997557 0.421511 -98064.5 12.5589 
3770 0.997557 0.0890877 -98064.5 12.592 
3780 0.997583 -0.142002 -98066 12.6198 
3790 0.997646 -0.162199 -98068 12.6567 
3800 0.997639 -0.513241 -98066.7 12.6925 
3810 0.997641 -0.0256512 -98067.1 12.7268 
3820 0.997626 0.712998 -98064.3 12.7638 
3830 0.99756 0.0856291 -98056.2 12.7975 
3840 0.997603 0.634617 -98063.7 12.8334 
3850 0.997647 -0.488686 -98061.5 12.869 
3860 0.997691 -0.973889 -98064.4 12.9044 
3870 0.997698 -0.323528 -98064.9 12.9381 
3880 0.997689 0.474858 -98066.6 12.9678 
3890 0.997689 0.29249 -98066.6 12.998 
3900 0.997669 0.552293 -98065.4 13.0334 
3910 0.997706 -0.764225 -98064.6 13.0657 
3920 0.997706 -0.0272343 -98064.6 13.0989 
3930 0.997689 0.808122 -98066.1 13.132 
3940 0.997695 -0.47129 -98066 13.1668 
3950 0.997761 0.777489 -98074.4 13.2007 
3960 0.997786 -0.942577 -98073.4 13.2371 
3970 0.997786 -0.945765 -98073.5 13.2705 
3980 0.997772 -0.237209 -98073.1 13.3035 
3990 0.997746 0.177849 -98073.8 13.3392 
4000 0.997746 -0.663534 -98073.8 13.3725 
4010 0.997748 0.287985 -98073.6 13.4063 
4020 0.997739 -0.775948 -98073.1 13.44 
4030 0.997798 0.740189 -98073 13.4747 
4040 0.997778 -0.798893 -98071.4 13.5083 
4050 0.997765 -0.514673 -98070.2 13.5427 
4060 0.997731 0.832894 -98064.9 13.5778 
4070 0.997731 0.709061 -98064.9 13.611 
4080 0.99775 -0.150902 -98066.4 13.6434 
4090 0.99775 0.39303 -98066.4 13.6766 
4100 0.99775 0.811186 -98066.4 13.7097 
4110 0.997809 0.0889315 -98073 13.7409 
4120 0.997829 -0.55428 -98075.2 13.7733 
4130 0.997715 0.684795 -98066.4 13.8134 
4140 0.997715 -0.373957 -98066.3 13.8434 
4150 0.997707 -0.686718 -98065.6 13.877 
4160 0.997772 -0.580196 -98070.6 13.9138 
4170 0.997771 0.568973 -98070.5 13.9475 
4180 0.997771 0.516195 -98070.5 13.9805 
4190 0.997771 0.752196 -98070.5 14.0142 
4200 0.997702 -0.34348 -98065.3 14.0522 
4210 0.997698 -0.164285 -98063.8 14.0872 
4220 0.997666 0.362346 -98060.8 14.1214 
4230 0.997712 -0.115992 -98064.7 14.1529 
4240 0.997625 0.0879009 -98062 14.1853 
4250 0.997616 0.0337789 -98062.8 14.2213 
4260 0.997575 0.463683 -98056.5 14.2478 
4270 0.997626 -0.214872 -98058.2 14.2836 
4280 0.997624 -0.619184 -98059 14.3193 
4290 0.997471 -0.965059 -98046.3 14.3557 
4300 0.997472 0.786596 -98046.3 14.3888 
4310 0.997488 -0.54761 -98053.6 14.4239 
4320 0.997604 0.162745 -98059.7 14.462 
4330 0.99771 0.524954 -98065.1 14.4975 
4340 0.99771 0.412854 -98065.1 14.5306 
4350 0.997721 -0.615351 -98066.2 14.564 
4360 0.9977 -0.657048 -98065.1 14.5962 
4370 0.9977 0.457868 -98065.1 14.6293 
4380 0.99769 0.599607 -98064.2 14.661 
4390 0.997635 0.88037 -98061.2 14.6941 
4400 0.997566 -0.331752 -98053.7 14.7292 
4410 0.997566 0.115643 -98053.7 14.7592 
4420 0.997589 -0.381513 -98057.7 14.7942 
4430 0.997603 -0.585941 -98059.3 14.8284 
4440 0.997546 -0.117878 -98057.6 14.864 
4450 0.997546 0.587523 -98057.6 14.8941 
4460 0.997531 -0.0367983 -98057.6 14.9242 
4470 0.997558 -0.409905 -98058.8 14.956 
4480 0.997563 -0.812349 -98059.3 14.9901 
4490 0.997567 0.378861 -98059.7 15.024 
4500 0.997542 -0.806482 -98057.7 15.055 
4510 0.997458 0.750046 -98052.6 15.0897 
4520 0.997445 -0.0977648 -98059.1 15.1224 
4530 0.997316 0.0182954 -98053.7 15.1561 
4540 0.997316 0.222284 -98053.7 15.1861 
4550 0.997326 -0.668943 -98053.2 15.2177 
4560 0.997327 0.86784 -98053.2 15.2509 
4570 0.997252 0.850909 -98040.1 15.2878 
4580 0.997252 0.474594 -98040.1 15.321 
4590 0.997475 0.839997 -98055.6 15.3585 
4600 0.997475 -0.148564 -98055.6 15.3887 
4610 0.997473 0.0151232 -98046.3 15.4249 
4620 0.997471 -0.429876 -98046.1 15.4558 
4630 0.997483 0.886695 -98047.2 15.4894 
4640 0.997387 0.027179 -98048.7 15.5268 
4650 0.997474 -0.468151 -98046.1 15.5634 
4660 0.997446 0.939837 -98044 15.5999 
4670 0.997446 0.199262 -98044.1 15.6335 
4680 0.997429 -0.93772 -98042.6 15.6618 
4690 0.997493 0.0467043 -98052.7 15.701 
4700 0.997547 -0.0959042 -98059.5 15.7375 
4710 0.997551 0.445751 -98060 15.7727 
4720 0.99764 -0.917658 -98073.5 15.8083 
4730 0.997608 0.666738 -98072.5 15.8419 
4740 0.997598 0.923289 -98072.6 15.8761 
4750 0.997598 -0.0494419 -98072.6 15.9097 
4760 0.997621 -0.485447 -98072.6 15.9451 
4770 0.99764 -0.586656 -98074.9 15.9806 
4780 0.997711 0.717959 -98078.6 16.0163 
4790 0.997711 0.727855 -98078.6 16.0465 
4800 0.997711 0.193168 -98078.6 16.0796 
4810 0.997711 -0.0148368 -98078.6 16.1096 
4820 0.997711 -0.16258 -98078.6 16.14 
4830 0.997711 0.842154 -98078.6 16.1732 
4840 0.997771 -0.572251 -98079.1 16.2058 
4850 0.997771 -0.522622 -98079.1 16.2359 
4860 0.997781 -0.783167 -98080.7 16.267 
4870 0.997781 -0.069256 -98080.7 16.3001 
4880 0.997598 0.357019 -98070.9 16.338 
4890 0.997555 0.0893122 -98072 16.3784 
4900 0.997555 -0.79021 -98072 16.4117 
4910 0.997555 0.564318 -98072 16.4449 
4920 0.997532 -0.446812 -98070.1 16.4788 
4930 0.997531 -0.462233 -98070.1 16.5121 
4940 0.997629 0.291515 -98070.8 16.5411 
4950 0.997711 -0.254636 -98076.4 16.579 
4960 0.99773 -0.142789 -98078.6 16.6107 
4970 0.997695 -0.763972 -98076 16.6459 
4980 0.997683 0.437958 -98073.5 16.6816 
4990 0.997674 0.0083496 -98072.9 16.7161 
5000 0.997677 0.299635 -98073.2 16.7498 
5010 0.997677 -0.41123 -98073.2 16.7799 
5020 0.997651 -0.1696 -98069 16.8166 
5030 0.997651 -0.838614 -98069 16.8497 
5040 0.997596 0.100378 -98066.2 16.8836 
5050 0.997576 -0.396763 -98064.6 16.9189 
5060 0.997548 0.243338 -98059.2 16.9545 
5070 0.997646 0.888713 -98065.5 16.9878 
5080 0.997638 0.6267 -98064.6 17.0183 
5090 0.99764 0.4414 -98065 17.0522 
5100 0.997621 -0.477677 -98063.1 17.084 
5110 0.997609 -0.955948 -98061.6 17.1146 
5120 0.997699 -0.322364 -98069.6 17.1523 
5130 0.997647 -0.292063 -98064.5 17.1846 
5140 0.997567 -0.490649 -98058.9 17.217 
5150 0.997562 -0.628401 -98055.5 17.2508 
5160 0.997552 0.0193494 -98055 17.285 
5170 0.997604 -0.751454 -98063 17.3204 
5180 0.99761 0.906786 -98062.9 17.3545 
5190 0.99761 -0.502755 -98062.9 17.3877 
5200 0.997653 0.527919 -98068.2 17.4249 
5210 0.997655 0.899615 -98068.8 17.4604 
5220 0.997644 0.54863 -98068.6 17.4912 
5230 0.997555 -0.814319 -98060.2 17.5293 
5240 0.997652 -0.11463 -98068.6 17.567 
5250 0.99763 -0.525331 -98065.9 17.6023 
5260 0.997707 -0.103596 -98071.2 17.6378 
5270 0.99771 0.678642 -98076.1 17.6723 
5280 0.997734 0.16227 -98077.2 17.7079 
5290 0.997733 0.980796 -98076.4 17.7342 
5300 0.997733 0.1215 -98076.4 17.7674 
5310 0.997698 0.0921136 -98072.8 17.7967 
5320 0.997587 0.321666 -98067.3 17.8322 
5330 0.997631 -0.865662 -98071.7 17.8663 
5340 0.997631 -0.643246 -98071.7 17.8933 
5350 0.997565 -0.69947 -98069.7 17.9311 
5360 0.997579 0.130468 -98069.4 17.9633 
5370 0.997622 0.232884 -98073.5 17.9981 
5380 0.997631 0.922043 -98070.2 18.0305 
5390 0.997645 -0.500858 -98072.5 18.0635 
5400 0.997559 -0.806233 -98067.6 18.0987 
5410 0.997557 -0.48462 -98067.3 18.1296 
5420 0.997578 0.195377 -98063.9 18.1659 
5430 0.997574 -0.664959 -98077.2 18.1993 
5440 0.997563 -0.880421 -98076.4 18.2299 
5450 0.997476 -0.119311 -98060.8 18.2681 
5460 0.997476 -0.0454452 -98060.8 18.295 
5470 0.997476 -0.349835 -98060.8 18.3282 
5480 0.997476 0.576728 -98060.8 18.3614 
5490 0.997535 -0.0537347 -98065.5 18.3952 
5500 0.997538 0.63923 -98065.5 18.4297 
5510 0.997531 -0.779317 -98065.6 18.4645 
5520 0.997504 -0.292789 -98066 18.4966 
5530 0.9975 0.494732 -98065.8 18.5284 
5540 0.997482 -0.277598 -98064 18.5618 
5550 0.997403 0.181156 -98061 18.6011 
5560 0.997455 -0.820497 -98062.3 18.6351 
5570 0.99747 -0.430648 -98063.4 18.6655 
5580 0.99754 0.299339 -98066.6 18.6973 
5590 0.997556 0.861053 -98067.8 18.7316 
5600 0.997438 0.461564 -98059.8 18.7673 
5610 0.997438 0.100882 -98059.9 18.7972 
5620 0.997438 0.396732 -98059.8 18.8316 
5630 0.997438 -0.232641 -98059.8 18.8616 
5640 0.99747 0.743063 -98055.8 18.898 
5650 0.99747 0.950658 -98055.8 18.9312 
5660 0.997488 0.403042 -98057.9 18.9644 
5670 0.997551 0.978901 -98062.9 18.9996 
5680 0.997521 -0.835809 -98060 19.0314 
5690 0.997542 -0.323323 -98062.6 19.0657 
5700 0.997542 0.831151 -98062.6 19.0988 
5710 0.997542 -0.997137 -98062.6 19.132 
5720 0.99749 0.822091 -98058.8 19.1675 
5730 0.997459 -0.4271 -98061.6 19.2026 
5740 0.997548 0.9017 -98067.3 19.2404 
5750 0.997567 -0.686624 -98066.8 19.2758 
5760 0.997557 -0.26707 -98066.1 19.3099 
5770 0.997557 0.770253 -98066.1 19.343 
5780 0.997564 -0.0694494 -98067 19.3738 
5790 0.997563 0.127134 -98066.8 19.4075 
5800 0.997587 -0.845598 -98068.1 19.4425 
5810 0.997517 0.115526 -98064 19.4782 
5820 0.997554 -0.582972 -98066.1 19.5146 
5830 0.997605 -0.953992 -98070.3 19.5507 
5840 0.997509 0.161514 -98064.2 19.5817 
5850 0.997482 -0.0531271 -98062.8 19.6107 
5860 0.997482 0.543368 -98062.8 19.6439 
5870 0.997482 0.674964 -98062.8 19.6779 
5880 0.99754 0.850543 -98065.3 19.7138 
5890 0.997615 -0.778548 -98065.3 19.7483 
5900 0.997541 0.778057 -98061.7 19.7872 
5910 0.997608 0.362051 -98067.7 19.8278 
5920 0.99758 0.274613 -98065.1 19.8628 
5930 0.99758 -0.0164932 -98065.1 19.896 
5940 0.997573 -0.320554 -98060.9 19.9325 
5950 0.997552 -0.592156 -98059.2 19.9665 
5960 0.997563 -0.556843 -98060 20.0008 
5970 0.997563 -0.072111 -98059.9 20.0308 
5980 0.997605 0.297715 -98056.7 20.0656 
5990 0.997566 -0.170257 -98055 20.0981 
6000 0.997565 -0.268585 -98055 20.1281 
6010 0.997565 0.0942928 -98055 20.1613 
6020 0.997554 -0.87189 -98054.3 20.1955 
6030 0.997555 0.401472 -98054.4 20.2254 
6040 0.997592 -0.513501 -98057.7 20.2619 
6050 0.997591 0.592219 -98057.5 20.2923 
6060 0.997592 -0.63189 -98057.2 20.327 
6070 0.997571 0.161687 -98058.8 20.3651 
6080 0.997481 0.961016 -98051.3 20.4003 
6090 0.99748 0.893531 -98051.3 20.434 
6100 0.99748 -0.746803 -98051.3 20.4671 
6110 0.99752 -0.115286 -98052.3 20.5007 
6120 0.997563 0.0769586 -98056.4 20.5389 
6130 0.997606 -0.962282 -98059.4 20.5748 
6140 0.997624 0.553535 -98061.9 20.6069 
6150 0.997622 -0.339665 -98061.7 20.6416 
6160 0.997621 0.490235 -98061.7 20.6753 
6170 0.997621 0.442477 -98061.6 20.7053 
6180 0.997717 -0.0978609 -98072.1 20.7389 
6190 0.99771 -0.332869 -98072.8 20.7674 
6200 0.99769 -0.237927 -98076.2 20.8028 
6210 0.997673 0.892053 -98074 20.8347 
6220 0.997673 -0.449475 -98074 20.8647 
6230 0.997674 0.97451 -98073.3 20.9002 
6240 0.997664 0.272694 -98072.5 20.9345 
6250 0.997671 0.178051 -98073.2 20.9681 
6260 0.997671 0.948072 -98073.2 20.9919 
6270 0.997865 -0.313675 -98082.2 21.0263 
6280 0.997818 -0.383076 -98078.4 21.06 
6290 0.997824 0.678412 -98079.1 21.0933 
6300 0.997824 0.266439 -98079.1 21.1265 
6310 0.997806 0.489542 -98074 21.1624 
6320 0.997805 -0.178174 -98073.9 21.1962 
6330 0.997796 -0.626907 -98072.7 21.23 
6340 0.997796 -0.0138266 -98072.7 21.2632 
6350 0.997796 0.179939 -98072.7 21.2965 
6360 0.997784 0.25044 -98076.4 21.3295 
6370 0.997612 -0.0783947 -98067.1 21.3639 
6380 0.997639 0.0262075 -98065.3 21.3993 
6390 0.997661 0.952778 -98068.1 21.4362 
6400 0.997619 -0.850234 -98063.6 21.4711 
6410 0.997621 0.136583 -98065.7 21.507 
6420 0.997621 0.580992 -98065.8 21.537 
6430 0.997606 -0.624935 -98071.8 21.5728 
6440 0.997675 0.464528 -98076.4 21.6073 
6450 0.997662 0.0804762 -98075 21.6379 
6460 0.997636 0.333313 -98073.3 21.6724 
6470 0.997599 0.221344 -98069.7 21.7028 
6480 0.997599 -0.0943191 -98069.7 21.7332 
6490 0.997567 0.1295 -98067.9 21.77 
6500 0.997626 -0.309108 -98071.8 21.8079 
6510 0.997626 -0.770654 -98071.8 21.8419 
6520 0.997618 -0.0747356 -98071 21.8754 
6530 0.997614 0.0716856 -98070.5 21.9091 
6540 0.997639 0.664966 -98074.2 21.945 
6550 0.997633 0.863443 -98070.8 21.9812 
6560 0.997665 -0.604965 -98069.5 22.0187 
6570 0.997654 0.913869 -98068.7 22.0539 
6580 0.997655 -0.721927 -98068.7 22.0869 
6590 0.997668 0.499737 -98070 22.1172 
6600 0.997672 -0.115387 -98070.1 22.1519 
6610 0.997615 -0.638522 -98063.2 22.1861 
6620 0.997615 -0.168174 -98063.2 22.2192 
6630 0.997598 -0.515331 -98062.9 22.2511 
6640 0.997614 0.255376 -98065.2 22.2861 
6650 0.997614 -0.42484 -98065.2 22.3192 
6660 0.997602 -0.612229 -98063.5 22.3534 
6670 0.997604 -0.85679 -98065 22.3851 
6680 0.997604 -0.125146 -98065 22.4183 
6690 0.99756 0.621332 -98061.5 22.4508 
6700 0.997577 0.767568 -98061.3 22.4832 
6710 0.997645 -0.86303 -98069.7 22.5204 
6720 0.997645 0.532445 -98069.7 22.5535 
6730 0.997646 0.226471 -98069.8 22.584 
6740 0.997515 0.4435 -98064 22.6118 
6750 0.997524 -0.163752 -98065 22.6429 
6760 0.997524 -0.198084 -98065 22.673 
6770 0.997654 0.955287 -98068.9 22.7081 
6780 0.997472 -0.762121 -98064.3 22.7461 
6790 0.997472 0.425584 -98064.3 22.779 
6800 0.997515 -0.650151 -98074.7 22.8174 
6810 0.997515 0.487022 -98074.6 22.8506 
6820 0.997566 0.449462 -98077.4 22.8883 
6830 0.997567 -0.9622 -98077.4 22.9213 
6840 0.997553 -0.0225133 -98071.7 22.9563 
6850 0.997578 0.168065 -98076 22.9906 
6860 0.997578 0.673056 -98076 23.0235 
6870 0.997641 0.919949 -98075.2 23.0585 
6880 0.997666 0.923288 -98077.1 23.091 
6890 0.997666 0.577188 -98077 23.1241 
6900 0.997631 -0.894226 -98074.5 23.1588 
6910 0.99764 0.946154 -98075.6 23.1891 
6920 0.99764 0.328535 -98075.7 23.2209 
6930 0.997617 -0.446808 -98073.5 23.2563 
6940 0.997562 -0.731534 -98069.2 23.2968 
6950 0.997514 -0.870558 -98064.4 23.3289 
6960 0.997577 -0.659291 -98070.9 23.3642 
6970 0.997523 0.0502585 -98066.6 23.3959 
6980 0.997536 0.220387 -98066.1 23.4318 
6990 0.997528 0.886852 -98065 23.4659 
7000 0.997476 -0.864141 -98061.4 23.5013 
7010 0.997502 0.069589 -98061.9 23.5336 
7020 0.997505 0.752465 -98063.7 23.5643 
7030 0.997505 -0.275861 -98063.7 23.5974 
7040 0.997505 -0.621788 -98063.7 23.6304 
7050 0.997505 -0.96968 -98064 23.6648 
7060 0.997505 0.347192 -98064 23.6979 
7070 0.997534 -0.333452 -98066.1 23.7333 
7080 0.997536 0.374981 -98066.1 23.7635 
7090 0.99755 0.580993 -98068.5 23.7988 
7100 0.997602 0.0564813 -98067.8 23.8338 
7110 0.997568 -0.434076 -98065.7 23.8691 
7120 0.997541 0.00518321 -98063.3 23.9035 
7130 0.997565 -0.893455 -98067.8 23.9389 
7140 0.997505 0.554687 -98063.5 23.974 
7150 0.99753 -0.232434 -98065.6 24.0084 
7160 0.99753 -0.528012 -98065.6 24.0416 
7170 0.99753 0.040475 -98065.6 24.0747 
7180 0.997571 -0.482573 -98071.3 24.1097 
7190 0.997568 -0.934397 -98072.2 24.142 
7200 0.99755 -0.032343 -98062.5 24.1799 
7210 0.997585 -0.572309 -98060.6 24.2138 
7220 0.997595 0.758388 -98060.3 24.2455 
7230 0.997523 -0.0198501 -98053.5 24.2709 
7240 0.997592 -0.278577 -98059.9 24.3052 
7250 0.997554 0.875798 -98062.2 24.3445 
7260 0.997627 0.780674 -98066.3 24.375 
7270 0.997662 0.954373 -98068.9 24.4096 
7280 0.997575 0.671874 -98062.3 24.4425 
7290 0.997575 -0.682728 -98062.3 24.4662 
7300 0.997523 0.0460196 -98058.1 24.4982 
7310 0.997524 0.390856 -98058.1 24.5313 
7320 0.997524 -0.110557 -98058.1 24.5643 
7330 0.997603 -0.200552 -98065.9 24.602 
7340 0.997613 0.365183 -98071.9 24.6376 
7350 0.997529 -0.125728 -98059.1 24.6787 
7360 0.997539 -0.160842 -98059.9 24.7125 
7370 0.997465 0.186402 -98047.6 24.7468 
7380 0.997449 -0.862194 -98046.3 24.7804 
7390 0.997459 -0.355236 -98045.2 24.8117 
7400 0.997459 -0.789728 -98045.3 24.8446 
7410 0.99755 -0.179023 -98055.2 24.8767 
7420 0.997548 -0.630142 -98055.3 24.9108 
7430 0.997502 -0.0518954 -98055.3 24.947 
7440 0.997502 0.286923 -98055.3 24.9739 
7450 0.997572 0.335521 -98061.9 25.0061 
7460 0.997579 0.307541 -98069.1 25.0416 
7470 0.997579 -0.33561 -98069.1 25.0714 
7480 0.997542 0.26344 -98070.9 25.1035 
7490 0.997536 -0.340991 -98070.4 25.1337 
7500 0.99754 -0.1221 -98070.8 25.1668 
7510 0.997628 0.271854 -98069.7 25.1957 
7520 0.997628 -0.431885 -98069 25.23 
7530 0.997592 0.465346 -98069.7 25.2649 
7540 0.997656 0.601992 -98075.4 25.2898 
7550 0.99765 0.754235 -98074.6 25.3233 
7560 0.997615 -0.510937 -98073.1 25.3568 
7570 0.997623 0.590619 -98074.1 25.3839 
7580 0.997624 0.987112 -98073.7 25.4197 
7590 0.99768 0.706816 -98078.8 25.4575 
7600 0.997665 -0.864184 -98077 25.4883 
7610 0.997665 -0.607496 -98077 25.5182 
7620 0.997618 0.761646 -98071.5 25.5499 
7630 0.997626 0.960119 -98072.1 25.5804 
7640 0.997638 0.568109 -98075 25.617 
7650 0.997638 -0.397998 -98075 25.65 
7660 0.997638 0.808993 -98075 25.68 
7670 0.997638 -0.057117 -98075 25.7067 
7680 0.997638 0.691171 -98075 25.7367 
7690 0.997638 -0.11826 -98075 25.7696 
7700 0.997644 0.618328 -98075.6 25.7999 
7710 0.997644 0.66822 -98075.6 25.8329 
7720 0.997644 -0.864835 -98075.6 25.8659 
7730 0.997644 -0.1304 -98075.6 25.8927 
7740 0.997617 0.921628 -98070.8 25.9285 
7750 0.997607 0.438302 -98068.6 25.964 
7760 0.997607 0.308552 -98068.6 25.9941 
7770 0.997585 0.316059 -98065.7 26.0285 
7780 0.997585 0.605531 -98065.7 26.0616 
7790 0.997601 0.532081 -98069.6 26.0971 
7800 0.9976 0.0112933 -98069.5 26.1302 
7810 0.997616 0.377239 -98071.1 26.1635 
7820 0.997601 0.914098 -98070 26.1974 
7830 0.997617 -0.5711 -98074 26.2305 
7840 0.997644 0.561671 -98076.1 26.2626 
7850 0.997706 -0.767415 -98077.9 26.299 
7860 0.997689 0.828343 -98075.8 26.3333 
7870 0.997676 0.0357767 -98072.8 26.3654 
7880 0.997678 -0.498096 -98072.9 26.399 
7890 0.997719 0.358152 -98077.2 26.4314 
7900 0.997716 -0.596823 -98076.7 26.4653 
7910 0.997681 0.294556 -98077.4 26.5009 
7920 0.997671 0.768123 -98076.3 26.5343 
7930 0.997605 -0.504745 -98071.2 26.5713 
7940 0.997491 0.912372 -98064 26.6071 
7950 0.997406 -0.362566 -98061.3 26.6426 
7960 0.997418 0.460134 -98062.3 26.6766 
7970 0.997466 0.614147 -98066.1 26.7122 
7980 0.997442 0.0116222 -98064.3 26.7464 
7990 0.997433 0.411336 -98062.7 26.7818 
8000 0.99739 0.935273 -98061.8 26.8169 
8010 0.997419 0.485291 -98066.5 26.8517 
8020 0.997419 0.378672 -98066.6 26.8817 
8030 0.997426 0.151491 -98065.2 26.9109 
8040 0.997421 -0.757595 -98065.5 26.939 
8050 0.997429 0.667002 -98066.2 26.9696 
8060 0.997438 0.285476 -98069.4 27.0056 
8070 0.997519 0.391468 -98065.6 27.0413 
8080 0.997498 0.232085 -98064.2 27.0731 
8090 0.997491 0.842136 -98061 27.1116 
8100 0.997502 0.0927232 -98062 27.145 
8110 0.997502 -0.459591 -98062 27.1782 
8120 0.997502 0.694 -98062 27.2082 
8130 0.997548 -0.905791 -98061.7 27.2465 
8140 0.997548 0.180717 -98061.7 27.2797 
8150 0.997546 -0.596578 -98061.5 27.3129 
8160 0.997584 0.364932 -98064.7 27.3485 
8170 0.997603 0.298771 -98065.3 27.3851 
8180 0.99761 0.806329 -98067.5 27.4202 
8190 0.997559 -0.308879 -98064.2 27.4555 
8200 0.997517 0.266159 -98057.6 27.4897 
8210 0.9975 0.507299 -98056.2 27.519 
8220 0.997517 -0.981041 -98057.2 27.554 
8230 0.997517 0.717015 -98057.3 27.5872 
8240 0.997536 -0.863533 -98059 27.6217 
8250 0.997492 0.878682 -98054.9 27.6534 
8260 0.997509 -0.562486 -98057.5 27.6868 
8270 0.997491 -0.0972293 -98055.3 27.721 
8280 0.997491 -0.754899 -98055.3 27.7542 
8290 0.997488 -0.291387 -98054.7 27.7865 
8300 0.997488 -0.735529 -98054.7 27.8165 
8310 0.997492 0.403116 -98055.2 27.85 
8320 0.997518 -0.721458 -98059.2 27.886 
8330 0.99751 0.530604 -98056.9 27.9146 
8340 0.997554 -0.12124 -98062.3 27.9489 
8350 0.997569 -0.933664 -98065.2 27.977 
8360 0.997569 -0.960809 -98065.2 28.0101 
8370 0.997582 -0.314212 -98066.5 28.044 
8380 0.997604 -0.0293802 -98068.4 28.0753 
8390 0.997604 0.0180506 -98068.4 28.1053 
8400 0.997591 0.932575 -98069.4 28.1342 
8410 0.997591 0.657301 -98069.4 28.1672 
8420 0.997594 0.388477 -98070 28.2012 
8430 0.997594 -0.111319 -98070 28.2344 
8440 0.997592 -0.833851 -98069.8 28.2678 
8450 0.997622 -0.60854 -98072.7 28.2986 
8460 0.997622 -0.0887865 -98072.7 28.3291 
8470 0.997573 -0.0283298 -98074.4 28.3667 
8480 0.997526 -0.586528 -98071.4 28.4008 
8490 0.997526 -0.871068 -98071.4 28.4341 
8500 0.997457 -0.57556 -98067.7 28.4687 
8510 0.997457 -0.347767 -98067.7 28.5018 
8520 0.997457 -0.339066 -98067.8 28.5318 
8530 0.997517 0.829751 -98068.9 28.5641 
8540 0.997501 0.0404859 -98068.1 28.5979 
8550 0.997501 -0.0698348 -98068.1 28.6311 
8560 0.997481 0.860312 -98065.1 28.6684 
8570 0.997451 -0.255338 -98061.4 28.7031 
8580 0.997519 -0.380772 -98068.1 28.7388 
8590 0.997519 0.0861134 -98068.1 28.7658 
8600 0.997519 -0.421822 -98068.1 28.7989 
8610 0.997548 0.445607 -98073.1 28.8358 
8620 0.997555 -0.887052 -98074.5 28.8715 
8630 0.997555 0.505548 -98074.6 28.9047 
8640 0.997564 -0.426936 -98075.8 28.9358 
8650 0.997594 -0.587007 -98077.4 28.9708 
8660 0.997579 0.478761 -98075.6 29.0043 
8670 0.997579 -0.562037 -98075.6 29.0374 
8680 0.997579 -0.711898 -98075.7 29.0675 
8690 0.99758 0.00233668 -98075.8 29.0981 
8700 0.99758 0.861168 -98075.8 29.1283 
8710 0.99758 0.427479 -98075.7 29.1616 
8720 0.997579 -0.307773 -98075.6 29.1951 
8730 0.99752 0.70245 -98072.3 29.2284 
8740 0.997537 0.188652 -98074.5 29.2623 
8750 0.997561 0.287541 -98075.7 29.2928 
8760 0.997561 -0.134212 -98075.6 29.3228 
8770 0.997573 0.21476 -98079.8 29.3544 
8780 0.997567 -0.16734 -98079.3 29.388 
8790 0.997567 -0.613512 -98079.3 29.4212 
8800 0.997525 0.681367 -98077.6 29.457 
8810 0.997503 -0.12227 -98073.4 29.4921 
8820 0.997463 -0.532212 -98070.8 29.5283 
8830 0.997441 -0.488596 -98071.1 29.5644 
8840 0.997568 -0.63817 -98077.9 29.5999 
8850 0.997572 -0.970762 -98076.6 29.6335 
8860 0.997602 -0.8976 -98077.8 29.6701 
8870 0.997603 -0.807392 -98077.1 29.7021 
8880 0.997655 -0.49132 -98081 29.7373 
8890 0.997641 -0.469723 -98079.3 29.7717 
8900 0.997707 -0.0238587 -98081.4 29.8046 
8910 0.997696 0.00276998 -98080 29.8349 
8920 0.997567 0.38129 -98071.7 29.8686 
8930 0.997556 0.693172 -98058.8 29.9066 
8940 0.997556 0.512241 -98058.8 29.9365 
8950 0.997556 0.0784921 -98058.8 29.9664 
8960 0.997561 0.524095 -98059.4 29.9999 
8970 0.997561 0.0751521 -98059.4 30.0331 
8980 0.997574 -0.911744 -98060.8 30.0674 
8990 0.997596 -0.0210527 -98055.3 30.1025 
9000 0.997526 0.615281 -98048.9 30.139 
9010 0.997519 0.791127 -98048.3 30.1695 
9020 0.99752 -0.192885 -98048.3 30.203 
9030 0.99752 -0.00211558 -98048.3 30.233 
9040 0.99747 0.933028 -98053.4 30.2711 
9050 0.997458 0.301656 -98057.2 30.3 
9060 0.997464 -0.284165 -98057.7 30.3335 
9070 0.997585 -0.466638 -98068 30.3723 
9080 0.997588 0.679996 -98068.8 30.4078 
9090 0.997588 0.638231 -98068.8 30.441 
9100 0.997607 0.378163 -98069.9 30.473 
9110 0.997661 -0.148565 -98074.6 30.5078 
9120 0.997632 0.678398 -98070.2 30.5435 
9130 0.997563 -0.391328 -98063.9 30.5785 
9140 0.997563 0.15769 -98063.9 30.6117 
9150 0.997566 0.607575 -98064.1 30.6452 
9160 0.997566 -0.11553 -98064.1 30.6783 
9170 0.997546 -0.30036 -98064 30.7175 
9180 0.997628 -0.453876 -98071.1 30.7523 
9190 0.997629 0.0391488 -98071.1 30.7791 
9200 0.997629 0.332671 -98071.1 30.8092 
9210 0.997629 0.467519 -98071.2 30.8424 
9220 0.997633 0.865933 -98071.8 30.8732 
9230 0.997633 0.769332 -98071.8 30.9032 
9240 0.997585 -0.120881 -98071.2 30.9402 
9250 0.997586 0.146098 -98071.2 30.9739 
9260 0.997585 0.617323 -98071.1 31.0049 
9270 0.997512 -0.0419121 -98063.2 31.04 
9280 0.997516 0.0777006 -98063.6 31.0734 
9290 0.997516 -0.529228 -98063.6 31.107 
9300 0.997556 -0.178923 -98066.5 31.1389 
9310 0.997563 0.952783 -98067.2 31.1697 
9320 0.997563 -0.76491 -98067.2 31.2029 
9330 0.997563 0.767277 -98067.2 31.236 
9340 0.99757 0.710999 -98063.8 31.2695 
9350 0.997569 0.944347 -98063.7 31.3029 
9360 0.997492 0.234656 -98057.7 31.3397 
9370 0.997492 -0.803226 -98057.7 31.3729 
9380 0.997491 0.0428596 -98057.6 31.4062 
9390 0.997491 0.259721 -98057.6 31.4394 
9400 0.997477 -0.917382 -98054.9 31.4765 
9410 0.997495 0.150429 -98058.2 31.5101 
9420 0.997512 -0.343047 -98058.7 31.5419 
9430 0.997512 -0.406484 -98058.7 31.5688 
9440 0.997543 -0.424754 -98061.5 31.6014 
9450 0.997543 -0.168624 -98061.5 31.6346 
9460 0.997543 -0.271117 -98061.5 31.668 
9470 0.9976 0.670538 -98066 31.7049 
9480 0.997506 -0.0549129 -98063 31.7429 
9490 0.997502 -0.495139 -98059.2 31.7799 
9500 0.997514 -0.286682 -98060.2 31.8134 
9510 0.997461 -0.965338 -98053 31.8486 
9520 0.99746 -0.628127 -98059.3 31.8848 
9530 0.99746 0.378995 -98059.3 31.918 
9540 0.997343 0.539185 -98057.9 31.9553 
9550 0.997294 0.626509 -98054.7 31.9865 
9560 0.997294 -0.935202 -98054.8 32.0196 
9570 0.997294 -0.930359 -98054.8 32.0496 
9580 0.997294 -0.469559 -98054.8 32.0827 
9590 0.997309 0.505027 -98056.7 32.1188 
9600 0.997272 -0.481399 -98052 32.1546 
9610 0.997273 0.251122 -98052.1 32.1848 
9620 0.997425 -0.527697 -98060.6 32.2204 
9630 0.997424 -0.171587 -98060.9 32.2545 
9640 0.997433 0.446916 -98061.9 32.2884 
9650 0.997432 -0.580761 -98061.8 32.3219 
9660 0.997432 -0.472229 -98061.8 32.355 
9670 0.997411 -0.806177 -98059.5 32.3875 
9680 0.997423 0.180119 -98060.2 32.421 
9690 0.997469 0.303259 -98064 32.4577 
9700 0.997469 0.966186 -98064.1 32.4909 
9710 0.997469 0.534713 -98064.1 32.5209 
9720 0.997469 0.562113 -98064.1 32.554 
9730 0.997478 0.875131 -98064.4 32.5878 
9740 0.997478 0.748309 -98064.4 32.6179 
9750 0.997396 0.434397 -98060.2 32.6547 
9760 0.997389 -0.928898 -98059.6 32.6924 
9770 0.997424 -0.045453 -98061.6 32.7237 
9780 0.997581 0.370459 -98071 32.7625 
9790 0.997729 0.709032 -98079.5 32.7966 
9800 0.997738 0.331308 -98079.2 32.834 
9810 0.997726 -0.331183 -98077.8 32.8678 
9820 0.997726 0.569728 -98077.8 32.8979 
9830 0.997795 -0.872437 -98084.3 32.9346 
9840 0.997795 0.083554 -98084.3 32.9678 
9850 0.997784 0.451267 -98082.9 32.9955 
9860 0.997789 -0.476573 -98083.4 33.0293 
9870 0.997813 0.367725 -98086 33.0603 
9880 0.997857 0.198133 -98091.8 33.0927 
9890 0.997857 0.301156 -98091.7 33.1228 
9900 0.997862 0.28254 -98091.8 33.1569 
9910 0.99788 -0.429168 -98093.8 33.1883 
9920 0.99788 0.900053 -98093.8 33.2219 
9930 0.997879 -0.793014 -98093.8 33.2551 
9940 0.99788 -0.663455 -98093.8 33.282 
9950 0.997801 0.837267 -98088.1 33.3175 
9960 0.997854 -0.00127132 -98090.6 33.3498 
9970 0.997812 -0.0685499 -98087 33.3859 
9980 0.997741 0.11346 -98082.4 33.4227 
9990 0.997741 0.139886 -98082.4 33.4557 
10000 0.997507 0.587818 -98067.3 33.4936 
