0 1 1 -98304 0 
10 1 0.705865 -98304 0.0320029 
20 1 -0.427021 -98304 0.0646991 
30 1 0.0965035 -98304 0.0939121 
40 0.999593 -0.496054 -98255.2 0.125932 
50 0.999863 -0.772016 -98287.3 0.160059 
60 0.999863 -0.555104 -98287.2 0.188998 
70 0.999863 -0.469032 -98287.3 0.221056 
80 0.999863 0.721717 -98287.2 0.249692 
90 0.999863 -0.0481073 -98287.2 0.281455 
100 0.999862 -0.0891538 -98287 0.311382 
110 0.999848 0.729455 -98285.3 0.344003 
120 0.999572 0.86876 -98254.1 0.376049 
130 0.998794 -0.442304 -98183.5 0.410049 
140 0.998794 0.945668 -98183.5 0.441772 
150 0.99899 0.628198 -98203.3 0.477884 
160 0.99899 0.411699 -98203.3 0.506655 
170 0.999082 0.78037 -98213.2 0.538341 
180 0.99889 0.498214 -98197.5 0.572102 
190 0.99889 -0.909828 -98197.5 0.604096 
200 0.998882 -0.221269 -98196.6 0.632959 
210 0.998569 -0.514303 -98166.8 0.668824 
220 0.998569 -0.407018 -98166.8 0.701032 
230 0.99857 -0.911206 -98167.1 0.731182 
240 0.998573 0.850817 -98167.4 0.764246 
250 0.998194 0.922824 -98136 0.799647 
260 0.998608 0.409614 -98166.5 0.831455 
270 0.998608 0.563857 -98166.5 0.863656 
280 0.998718 0.126127 -98177 0.897686 
290 0.998657 0.435659 -98171.1 0.928464 
300 0.998657 -0.923366 -98171.1 0.957461 
310 0.998593 -0.501899 -98166.6 0.992231 
320 0.998593 -0.177316 -98166.6 1.02421 
330 0.998636 0.767915 -98170.7 1.05465 
340 0.998636 -0.910818 -98170.8 1.08675 
350 0.99888 -0.82004 -98194.6 1.12103 
360 0.99888 0.81018 -98194.6 1.14694 
370 0.99888 0.752699 -98194.6 1.17587 
380 0.998566 0.446761 -98160.8 1.21095 
390 0.998221 0.600709 -98139.5 1.24451 
400 0.99789 0.759034 -98115.4 1.27895 
410 0.99789 -0.70522 -98115.4 1.3112 
420 0.998072 0.767204 -98123 1.34308 
430 0.998178 0.515221 -98119.4 1.37457 
440 0.998239 0.948455 -98125.5 1.4056 
450 0.997982 -0.871006 -98105.3 1.44076 
460 0.997984 -0.329028 -98105.5 1.47278 
470 0.997957 0.669466 -98102 1.50791 
480 0.997953 -0.814689 -98101.7 1.5404 
490 0.997953 -0.78803 -98101.7 1.5726 
500 0.997832 -0.940318 -98095.7 1.60394 
510 0.997819 0.367455 -98094.4 1.63795 
520 0.997873 0.963458 -98101.9 1.67268 
530 0.997873 0.961179 -98101.8 1.7047 
540 0.997802 0.0760932 -98091.3 1.74135 
550 0.997802 0.232461 -98091.3 1.76724 
560 0.997789 -0.809252 -98091.3 1.80018 
570 0.997789 -0.552422 -98091.3 1.82903 
580 0.997789 0.168196 -98091.3 1.858 
590 0.997885 0.849234 -98093.3 1.88736 
600 0.997873 0.547742 -98093 1.92001 
610 0.99786 0.482798 -98092.6 1.9538 
620 0.99786 0.935989 -98092.6 1.98593 
630 0.997856 0.879535 -98091.2 2.02048 
640 0.997766 0.622736 -98080.6 2.05563 
650 0.997774 -0.810909 -98080.8 2.08936 
660 0.997803 0.63543 -98082.8 2.12319 
670 0.997753 0.538894 -98079.2 2.15383 
680 0.997788 0.718461 -98082.8 2.18779 
690 0.998041 -0.841672 -98095.3 2.2192 
700 0.997962 -0.177922 -98085.9 2.25474 
710 0.99801 -0.460155 -98087.1 2.29146 
720 0.99801 -0.594857 -98087.2 2.32067 
730 0.99801 -0.879683 -98087.2 2.34675 
740 0.99801 0.544599 -98087.2 2.37895 
750 0.997871 -0.968274 -98078.1 2.41363 
760 0.997885 -0.250585 -98080.1 2.4465 
770 0.997871 0.298426 -98078.9 2.47898 
780 0.997805 0.0429548 -98075.2 2.51082 
790 0.997859 -0.0686824 -98077.9 2.54417 
800 0.997808 -0.31542 -98081.5 2.57824 
810 0.99774 0.299745 -98074.2 2.60935 
820 0.99775 -0.0849694 -98075.4 2.63684 
830 0.997713 0.139331 -98072.3 2.67163 
840 0.997846 -0.403367 -98080.4 2.70719 
850 0.997847 -0.0512057 -98091.5 2.74308 
860 0.997843 -0.464881 -98091.1 2.77546 
870 0.997938 0.394582 -98097.5 2.81039 
880 0.99792 -0.732802 -98094.7 2.84382 
890 0.997923 0.361942 -98093.6 2.87271 
900 0.997965 0.617001 -98096 2.90342 
910 0.997959 -0.262316 -98095.4 2.93254 
920 0.997877 0.254615 -98086.5 2.96697 
930 0.997866 -0.799761 -98085.5 2.99885 
940 0.997708 0.538872 -98074.6 3.03433 
950 0.99769 -0.122238 -98073.6 3.06401 
960 0.997627 0.722848 -98076 3.0979 
970 0.997638 0.338783 -98077 3.12972 
980 0.997639 0.694833 -98077 3.16135 
990 0.997677 -0.687085 -98080.1 3.19734 
1000 0.99761 -0.818099 -98069.9 3.23243 
1010 0.997605 0.291954 -98065.6 3.2644 
1020 0.997659 -0.659385 -98066.9 3.29679 
1030 0.997654 0.434655 -98068.2 3.32711 
1040 0.997559 -0.221653 -98068.1 3.35773 
1050 0.997547 0.292662 -98068 3.38838 
1060 0.997514 0.306068 -98069.5 3.42177 
1070 0.997514 0.56606 -98069.5 3.45332 
1080 0.997493 0.00182896 -98068.5 3.48303 
1090 0.99751 0.966482 -98068.6 3.51329 
1100 0.997536 -0.720992 -98064.6 3.5451 
1110 0.997532 -0.694727 -98064.1 3.57693 
1120 0.997538 -0.363157 -98064.9 3.60864 
1130 0.997538 -0.3763 -98064.9 3.63737 
1140 0.997493 0.894311 -98061.1 3.66727 
1150 0.997581 -0.530644 -98068.7 3.70058 
1160 0.997618 -0.653196 -98072.9 3.73446 
1170 0.997623 0.505836 -98073.2 3.76653 
1180 0.997621 0.296443 -98073.4 3.80279 
1190 0.997621 -0.429924 -98073.4 3.83432 
1200 0.99759 0.605031 -98069.6 3.86958 
1210 0.997587 -0.657338 -98069.5 3.90215 
1220 0.997587 -0.0973104 -98069.5 3.9338 
1230 0.997615 0.930094 -98072.6 3.9646 
1240 0.997551 0.840581 -98068.4 3.99604 
1250 0.99755 0.237508 -98068.4 4.0248 
1260 0.997551 -0.915899 -98068.4 4.05351 
1270 0.997528 -0.460893 -98065.6 4.08829 
1280 0.997533 0.890251 -98066 4.11798 
1290 0.997542 0.184467 -98067.1 4.15081 
1300 0.997542 0.501845 -98067.1 4.17967 
1310 0.997527 0.436392 -98065.1 4.21379 
1320 0.997606 0.697877 -98070.9 4.24463 
1330 0.997532 -0.533296 -98062 4.27588 
1340 0.997588 -0.765335 -98069.8 4.31444 
1350 0.99758 -0.0201679 -98070.5 4.34624 
1360 0.997585 -0.0861363 -98070.6 4.37553 
1370 0.997632 -0.0911755 -98073.4 4.4094 
1380 0.997635 -0.0305891 -98072.6 4.43955 
1390 0.997632 -0.992697 -98072.4 4.4723 
1400 0.997581 -0.692287 -98065 4.50566 
1410 0.997581 0.726778 -98065 4.53736 
1420 0.997581 -0.298577 -98065.1 4.56911 
1430 0.997581 0.204421 -98065.1 4.59798 
1440 0.997671 -0.874857 -98073.6 4.62851 
1450 0.997627 0.399592 -98070.4 4.65946 
1460 0.997633 0.844275 -98071.1 4.69164 
1470 0.997687 -0.544852 -98074.4 4.7239 
1480 0.997726 -0.302714 -98077.7 4.75723 
1490 0.997703 -0.952108 -98077.6 4.79094 
1500 0.997703 0.344563 -98077.7 4.82263 
1510 0.997703 -0.339243 -98077.7 4.8515 
1520 0.997601 -0.0785622 -98069 4.88558 
1530 0.99758 -0.429512 -98068.8 4.91736 
1540 0.99758 0.942008 -98068.7 4.94933 
1550 0.99748 -0.440123 -98061.6 4.9834 
1560 0.997535 -0.0710453 -98066.4 5.01673 
1570 0.997533 0.915432 -98068.9 5.05317 
1580 0.997534 -0.0660146 -98068.3 5.0825 
1590 0.997555 0.0647926 -98073.7 5.11422 
1600 0.997415 0.776525 -98073 5.14862 
1610 0.997428 -0.620521 -98073.7 5.18126 
1620 0.997416 0.216492 -98073.2 5.21412 
1630 0.997422 0.444384 -98073.9 5.24346 
1640 0.997422 0.291231 -98073.9 5.27512 
1650 0.997491 -0.231019 -98078.7 5.30892 
1660 0.997496 -0.614134 -98072.1 5.34557 
1670 0.997496 0.797733 -98072.1 5.37762 
1680 0.997496 0.429872 -98072.1 5.40643 
1690 0.997513 -0.608479 -98074.2 5.43608 
1700 0.997576 0.0919301 -98076.9 5.47027 
1710 0.997597 0.22248 -98079.1 5.50462 
1720 0.997586 0.251406 -98078.4 5.53689 
1730 0.997509 -0.326434 -98073.2 5.57061 
1740 0.997534 -0.960215 -98072.6 5.60434 
1750 0.99748 -0.14178 -98069.1 5.6375 
1760 0.997536 -0.254792 -98067.8 5.67451 
1770 0.997531 -0.545113 -98067.2 5.70652 
1780 0.997531 0.565386 -98067.2 5.73824 
1790 0.997617 0.355457 -98071.4 5.76808 
1800 0.997646 -0.753176 -98075.6 5.80139 
1810 0.997677 0.233243 -98076.8 5.83395 
1820 0.997688 -0.971787 -98077.8 5.86613 
1830 0.997697 0.978253 -98079.1 5.89891 
1840 0.997684 -0.021089 -98076.6 5.92762 
1850 0.997695 -0.769123 -98077.6 5.95958 
1860 0.997684 -0.841587 -98076.6 5.99242 
1870 0.997652 0.295969 -98074.7 6.02353 
1880 0.997652 0.221171 -98074.7 6.04958 
1890 0.997596 0.14659 -98069.2 6.08233 
1900 0.997476 -0.898593 -98053.5 6.12228 
1910 0.997476 0.00775786 -98053.5 6.15417 
1920 0.997477 0.608738 -98056.5 6.18768 
1930 0.997477 -0.501029 -98056.5 6.22004 
1940 0.997476 0.0360095 -98056.5 6.24894 
1950 0.997558 -0.419932 -98065.9 6.28304 
1960 0.99756 0.672052 -98066.7 6.31891 
1970 0.997488 -0.57235 -98064.3 6.35309 
1980 0.997601 0.509366 -98073.1 6.3881 
1990 0.997618 0.524146 -98075.7 6.42487 
2000 0.997618 0.936441 -98075.8 6.45399 
2010 0.997637 -0.891312 -98068.5 6.48766 
2020 0.997484 -0.453331 -98064.7 6.52513 
2030 0.997484 -0.857694 -98064.8 6.55102 
2040 0.997484 -0.629674 -98064.8 6.58261 
2050 0.997484 -0.298619 -98064.8 6.61119 
2060 0.997484 0.702358 -98064.8 6.64295 
2070 0.99754 0.932271 -98063.8 6.67566 
2080 0.997505 0.433869 -98061.8 6.71045 
2090 0.997476 0.319849 -98058.3 6.74455 
2100 0.997508 0.948508 -98060.2 6.7794 
2110 0.997508 0.67819 -98060.2 6.81151 
2120 0.997508 -0.913829 -98060.2 6.84357 
2130 0.997324 -0.401858 -98050.2 6.88161 
2140 0.997318 0.931349 -98049.6 6.91527 
2150 0.997343 0.0486106 -98047.6 6.9493 
2160 0.997343 0.619232 -98047.6 6.98162 
2170 0.997351 -0.370222 -98048.6 7.0133 
2180 0.997392 0.458567 -98056 7.04715 
2190 0.997392 -0.319755 -98056 7.07279 
2200 0.997392 0.159224 -98056 7.10132 
2210 0.997391 -0.574767 -98056 7.12703 
2220 0.997455 -0.417834 -98063.5 7.16079 
2230 0.997482 -0.729919 -98060.3 7.19289 
2240 0.997471 0.379308 -98059.4 7.22189 
2250 0.997467 0.491808 -98058.8 7.2516 
2260 0.997541 0.140452 -98062.8 7.28958 
2270 0.997541 0.195526 -98062.9 7.31515 
2280 0.997371 -0.627849 -98052.9 7.34829 
2290 0.997371 -0.790906 -98053 7.37986 
2300 0.997478 0.578001 -98055.2 7.41322 
2310 0.997523 0.373368 -98060.3 7.44697 
2320 0.99755 -0.570732 -98062.9 7.4814 
2330 0.99759 -0.253322 -98068.1 7.51187 
2340 0.99759 -0.280188 -98068.1 7.54101 
2350 0.997589 0.851762 -98068.1 7.57331 
2360 0.997499 -0.172513 -98062 7.60806 
2370 0.997441 0.227814 -98060.3 7.64247 
2380 0.997435 0.687444 -98060.4 7.67212 
2390 0.997459 -0.190857 -98063.3 7.70336 
2400 0.997332 0.68192 -98055.4 7.7402 
2410 0.997364 -0.0765129 -98056.6 7.7743 
2420 0.997364 0.953459 -98056.6 7.80645 
2430 0.997364 -0.612116 -98056.6 7.83543 
2440 0.997298 -0.275332 -98054.6 7.86636 
2450 0.997357 -0.0791878 -98060.2 7.90507 
2460 0.997371 0.217529 -98060.3 7.93504 
2470 0.997541 0.385567 -98073.5 7.96952 
2480 0.997519 -0.35565 -98072 8.0028 
2490 0.997519 0.0948621 -98072 8.03495 
2500 0.997519 0.433364 -98072 8.06706 
2510 0.997577 -0.213488 -98075.8 8.10015 
2520 0.997577 0.516992 -98075.8 8.13218 
2530 0.997536 -0.429653 -98072.6 8.16562 
2540 0.997609 -0.8861 -98077.5 8.20048 
2550 0.99761 -0.796668 -98079.8 8.23182 
2560 0.997603 -0.204018 -98079.1 8.26424 
2570 0.997533 0.636825 -98071 8.29829 
2580 0.997533 -0.115974 -98071 8.33026 
2590 0.997535 -0.0835044 -98071.1 8.36234 
2600 0.997309 0.274082 -98057.2 8.39737 
2610 0.997421 0.180483 -98068.9 8.42715 
2620 0.997441 0.938625 -98070.2 8.46041 
2630 0.997441 -0.153638 -98070.2 8.49233 
2640 0.99745 -0.953267 -98071 8.52488 
2650 0.997463 0.521015 -98073.2 8.55945 
2660 0.997463 0.32275 -98073.2 8.59143 
2670 0.99746 0.0950538 -98072.8 8.62099 
2680 0.997431 0.418497 -98070.8 8.65538 
2690 0.997489 0.269796 -98073.6 8.68678 
2700 0.997477 0.753858 -98072 8.72114 
2710 0.997477 0.403371 -98072 8.75329 
2720 0.997451 0.486052 -98070.4 8.78699 
2730 0.997451 0.665678 -98070.4 8.81922 
2740 0.997434 -0.678614 -98069.8 8.85379 
2750 0.997434 -0.179503 -98069.7 8.88597 
2760 0.997442 0.322799 -98071.1 8.91589 
2770 0.997446 -0.904584 -98073.4 8.95022 
2780 0.997525 0.891005 -98070.6 8.98245 
2790 0.997524 0.124524 -98070.5 9.01467 
2800 0.997523 -0.188995 -98070.5 9.04496 
2810 0.997504 0.70962 -98068.8 9.07487 
2820 0.997512 0.962351 -98069.7 9.10814 
2830 0.997531 0.642849 -98073.2 9.14404 
2840 0.997565 0.850321 -98066.1 9.18261 
2850 0.997561 -0.134521 -98065.8 9.2124 
2860 0.997581 -0.987473 -98062.5 9.24375 
2870 0.997601 -0.023331 -98064 9.27809 
2880 0.99761 -0.373921 -98061.1 9.31279 
2890 0.997581 -0.617057 -98058.3 9.34692 
2900 0.997566 -0.323698 -98062.5 9.38531 
2910 0.997653 -0.491748 -98070.4 9.41718 
2920 0.997653 -0.893465 -98070.4 9.44634 
2930 0.997653 0.630926 -98070.4 9.47891 
2940 0.997654 -0.176726 -98070.4 9.51087 
2950 0.997654 0.0497485 -98070.4 9.54306 
2960 0.997622 0.680013 -98067.5 9.57839 
2970 0.997622 0.492422 -98067.5 9.61038 
2980 0.997622 0.197018 -98067.4 9.64225 
2990 0.997586 0.399552 -98062.5 9.67654 
3000 0.997586 -0.862794 -98062.6 9.7056 
3010 0.997586 0.696915 -98062.6 9.73455 
3020 0.997625 0.501021 -98064.7 9.769 
3030 0.997625 -0.00393678 -98064.7 9.80101 
3040 0.997632 0.574064 -98065.9 9.83415 
3050 0.997625 0.890749 -98065.1 9.86647 
3060 0.997662 0.703587 -98068.7 9.89757 
3070 0.997654 0.631454 -98068.3 9.92691 
3080 0.997528 -0.326881 -98067.2 9.95693 
3090 0.997534 0.884451 -98062.9 9.98792 
3100 0.997534 -0.461921 -98062.5 10.0176 
3110 0.997527 -0.609109 -98061.7 10.051 
3120 0.997603 -0.826761 -98064.5 10.0828 
3130 0.997603 -0.932828 -98064.5 10.1147 
3140 0.997592 0.264704 -98064.1 10.1522 
3150 0.997595 -0.416433 -98064.4 10.1816 
3160 0.997587 0.808136 -98063.5 10.2138 
3170 0.997587 0.928794 -98063.5 10.2427 
3180 0.997599 -0.00821349 -98064.4 10.2756 
3190 0.997538 -0.168386 -98061.9 10.3096 
3200 0.997533 -0.326762 -98061.4 10.3417 
3210 0.997534 0.79781 -98061.5 10.3681 
3220 0.997534 -0.56883 -98061.5 10.397 
3230 0.997478 0.762705 -98057 10.4311 
3240 0.997475 0.838349 -98057 10.4636 
3250 0.997542 -0.0513498 -98061.6 10.4986 
3260 0.997542 -0.727342 -98061.6 10.5215 
3270 0.997567 0.39251 -98074.1 10.5544 
3280 0.997566 0.347499 -98069.9 10.5905 
3290 0.997607 0.790206 -98073.1 10.6261 
3300 0.997603 0.867608 -98073.8 10.6603 
3310 0.997613 -0.918926 -98074.9 10.6928 
3320 0.997658 -0.178566 -98078.1 10.7285 
3330 0.997658 0.248093 -98078.1 10.7606 
3340 0.997646 0.238947 -98077.1 10.7921 
3350 0.99761 0.0943891 -98073.3 10.8233 
3360 0.997611 -0.673443 -98073.8 10.8531 
3370 0.997591 0.0988448 -98073.9 10.8891 
3380 0.997523 -0.817748 -98069.7 10.9175 
3390 0.99753 0.400738 -98070.3 10.9504 
3400 0.997538 -0.365019 -98070.7 10.9827 
3410 0.997538 -0.445928 -98070.7 11.0148 
3420 0.997528 -0.00527779 -98068.7 11.049 
3430 0.997528 -0.742674 -98068.7 11.0749 
3440 0.997562 0.0409834 -98072.2 11.107 
3450 0.997554 0.0794775 -98071.7 11.1392 
3460 0.997559 0.402198 -98072.1 11.1685 
3470 0.997559 -0.48216 -98072.1 11.2006 
3480 0.997567 -0.870076 -98072.8 11.2345 
3490 0.997559 -0.646053 -98072.4 11.267 
3500 0.99756 -0.401347 -98072.4 11.2996 
3510 0.997541 0.918761 -98070.1 11.3327 
3520 0.997502 0.578876 -98071.7 11.3612 
3530 0.997496 -0.959581 -98070.2 11.3943 
3540 0.997492 0.257757 -98069.7 11.4251 
3550 0.997607 0.501997 -98073.1 11.4559 
3560 0.997607 0.212341 -98073.2 11.4875 
3570 0.997543 -0.480892 -98070.6 11.5206 
3580 0.997543 -0.185696 -98070.5 11.5492 
3590 0.997555 0.146856 -98071.6 11.5812 
3600 0.997575 0.698365 -98073 11.615 
3610 0.997601 0.551805 -98077.4 11.6518 
3620 0.997627 0.128504 -98075.5 11.6827 
3630 0.997626 0.534462 -98076.6 11.7158 
3640 0.997589 -0.686348 -98073.5 11.7498 
3650 0.997566 0.287182 -98071.4 11.7817 
3660 0.997556 0.887308 -98070.6 11.8077 
3670 0.997554 0.177502 -98070.4 11.8396 
3680 0.997511 0.160189 -98067.5 11.8724 
3690 0.997459 -0.633968 -98064.4 11.903 
3700 0.997459 -0.23687 -98064.4 11.9316 
3710 0.997459 0.134762 -98064.4 11.9634 
3720 0.997437 0.929066 -98061.3 11.994 
3730 0.997438 -0.731341 -98060.5 12.0271 
3740 0.99748 -0.746559 -98066.1 12.0601 
3750 0.997531 -0.0214831 -98070.6 12.09 
3760 0.997526 0.148893 -98070.3 12.1237 
3770 0.997526 -0.425103 -98070.3 12.1554 
3780 0.997512 -0.903065 -98070.4 12.1847 
3790 0.997583 0.422264 -98075.6 12.2187 
3800 0.997496 0.202521 -98072.7 12.2537 
3810 0.997489 -0.125919 -98072.1 12.2858 
3820 0.997489 -0.377615 -98072.1 12.3175 
3830 0.997499 -0.284329 -98073.1 12.3496 
3840 0.9976 0.184112 -98077.7 12.3839 
3850 0.997623 0.794229 -98081.7 12.419 
3860 0.997552 0.772433 -98075.5 12.4528 
3870 0.997538 -0.0521227 -98074.4 12.4836 
3880 0.997576 -0.68897 -98077.1 12.5159 
3890 0.997542 -0.0273759 -98075.5 12.5471 
3900 0.997542 0.394052 -98075.4 12.5808 
3910 0.997572 0.424815 -98076.3 12.6127 
3920 0.997535 -0.520777 -98073.8 12.6422 
3930 0.997535 0.60061 -98073.8 12.6707 
3940 0.997542 -0.688041 -98074 12.7036 
3950 0.997524 0.505228 -98072.6 12.7359 
3960 0.997493 0.878192 -98069.8 12.7683 
3970 0.99762 0.900246 -98077.5 12.802 
3980 0.997646 -0.482213 -98074.2 12.8348 
3990 0.997648 0.151979 -98074.7 12.866 
4000 0.997648 -0.138079 -98074.7 12.8978 
4010 0.997648 0.277868 -98074.7 12.9265 
4020 0.997627 0.617367 -98072.9 12.9582 
4030 0.997646 0.482084 -98073.9 12.9915 
4040 0.997646 -0.411533 -98073.8 13.0234 
4050 0.997615 0.836702 -98074.6 13.0568 
4060 0.997612 0.652474 -98075.4 13.0907 
4070 0.997585 0.197725 -98073.8 13.1215 
4080 0.997585 -0.66063 -98073.7 13.1503 
4090 0.997589 -0.0291794 -98074 13.1824 
4100 0.997648 -0.216746 -98078.5 13.2142 
4110 0.997648 -0.673698 -98078.5 13.2463 
4120 0.997648 0.844302 -98078.5 13.2783 
4130 0.997616 -0.228567 -98075.2 13.3093 
4140 0.997619 -0.586356 -98075.1 13.3427 
4150 0.997559 0.752525 -98066.8 13.3748 
4160 0.997557 0.458031 -98067.3 13.4043 
4170 0.997557 -0.189945 -98066.7 13.4371 
4180 0.997574 -0.121462 -98068.7 13.4705 
4190 0.997574 0.401735 -98068.7 13.4992 
4200 0.997569 0.982035 -98068 13.5315 
4210 0.997557 0.681871 -98068.4 13.5654 
4220 0.997659 0.281576 -98069.5 13.6 
4230 0.997659 0.730743 -98069.5 13.632 
4240 0.997668 -0.0799501 -98070.7 13.6559 
4250 0.997663 -0.070532 -98070.2 13.6888 
4260 0.997608 0.82789 -98066 13.7238 
4270 0.997604 0.0543767 -98065.5 13.7532 
4280 0.997592 -0.0523885 -98064 13.7868 
4290 0.997542 -0.160543 -98059.8 13.8187 
4300 0.997542 0.291283 -98059.8 13.8444 
4310 0.997542 -0.658538 -98059.7 13.8765 
4320 0.997542 -0.83718 -98059.7 13.9084 
4330 0.997542 0.315761 -98060.1 13.9379 
4340 0.997584 -0.932616 -98063.8 13.9688 
4350 0.997622 -0.124786 -98064.7 14.0051 
4360 0.997622 0.934319 -98064.7 14.0338 
4370 0.997622 -0.771324 -98064.7 14.0565 
4380 0.997658 0.394367 -98067.7 14.0896 
4390 0.997571 0.585876 -98071 14.1258 
4400 0.997506 0.973036 -98066.4 14.1561 
4410 0.997622 0.463579 -98059.3 14.1886 
4420 0.997619 -0.381774 -98059.1 14.221 
4430 0.99762 0.170606 -98063.6 14.2528 
4440 0.997658 -0.777489 -98073.7 14.2859 
4450 0.997658 0.366491 -98074.8 14.3191 
4460 0.997707 0.811793 -98073.4 14.3535 
4470 0.997707 -0.308583 -98073.4 14.3823 
4480 0.997707 0.761302 -98073.5 14.4142 
4490 0.997617 -0.332029 -98065 14.449 
4500 0.997634 0.229968 -98065.6 14.4819 
4510 0.997644 -0.670874 -98067.2 14.5157 
4520 0.997646 0.250811 -98067.8 14.5482 
4530 0.997648 0.433147 -98067.9 14.5744 
4540 0.997522 0.599898 -98054.6 14.6092 
4550 0.997517 0.0221963 -98059.3 14.6406 
4560 0.997512 0.981581 -98059.1 14.6723 
4570 0.99751 -0.39509 -98058.9 14.7048 
4580 0.997447 0.881489 -98051.3 14.7407 
4590 0.99744 -0.211147 -98052.2 14.7741 
4600 0.99744 0.113803 -98052.2 14.8029 
4610 0.997433 -0.450276 -98052.5 14.8365 
4620 0.997433 -0.36294 -98052.6 14.8681 
4630 0.997433 0.792039 -98052.5 14.9002 
4640 0.997436 -0.674994 -98052.6 14.9299 
4650 0.997492 -0.460499 -98060.9 14.9621 
4660 0.997492 -0.964497 -98060.9 14.994 
4670 0.997492 0.928761 -98060.9 15.0262 
4680 0.997492 0.743757 -98060.9 15.0583 
4690 0.997515 0.284324 -98060.9 15.0833 
4700 0.997565 0.417988 -98065.3 15.114 
4710 0.997569 0.340022 -98066 15.1464 
4720 0.997571 -0.042976 -98066.4 15.1782 
4730 0.997539 0.809998 -98066.1 15.2093 
4740 0.997568 0.0428814 -98068.2 15.2422 
4750 0.997588 0.880906 -98070.8 15.2759 
4760 0.997605 -0.285657 -98069.6 15.3072 
4770 0.997588 0.0266824 -98068 15.3474 
4780 0.997543 -0.222572 -98062.9 15.3834 
4790 0.99755 0.221813 -98062.3 15.4177 
4800 0.997548 -0.381039 -98062 15.4498 
4810 0.997548 0.955885 -98062 15.4818 
4820 0.9976 -0.153134 -98067.5 15.5186 
4830 0.997583 0.5446 -98065.5 15.552 
4840 0.997609 0.541406 -98067.3 15.5851 
4850 0.997609 0.448164 -98067.3 15.617 
4860 0.997609 -0.54478 -98067.3 15.649 
4870 0.997584 0.118477 -98062.3 15.6842 
4880 0.997584 0.47972 -98062.4 15.7131 
4890 0.997584 0.108091 -98062.3 15.7421 
4900 0.997574 0.264361 -98061.2 15.7747 
4910 0.997574 -0.852052 -98061.3 15.8066 
4920 0.997533 0.880804 -98050.9 15.844 
4930 0.997481 -0.158481 -98045.6 15.8779 
4940 0.997515 -0.53946 -98048.1 15.9118 
4950 0.997518 -0.545416 -98048.3 15.9438 
4960 0.99755 0.51363 -98053 15.9751 
4970 0.99755 -0.918024 -98053 16.0069 
4980 0.997584 -0.902123 -98055.4 16.0407 
4990 0.997595 -0.817765 -98056.5 16.0701 
5000 0.997511 -0.94352 -98051.9 16.1063 
5010 0.997511 -0.394757 -98051.9 16.1351 
5020 0.997434 -0.977885 -98055.1 16.1708 
5030 0.997431 -0.886609 -98055.1 16.2033 
5040 0.997431 -0.597546 -98055.1 16.2291 
5050 0.997472 -0.605823 -98055.6 16.2675 
5060 0.997473 -0.693069 -98055.6 16.2992 
5070 0.997472 0.637747 -98055.6 16.3278 
5080 0.997472 0.652971 -98055.6 16.3533 
5090 0.997472 -0.0237508 -98055.6 16.3849 
5100 0.997574 -0.18598 -98062 16.4157 
5110 0.99758 -0.302775 -98065.1 16.449 
5120 0.997646 0.891304 -98070.4 16.4824 
5130 0.997585 -0.0642507 -98062.6 16.5192 
5140 0.997615 -0.303642 -98065.8 16.5514 
5150 0.997606 -0.94416 -98064.7 16.5841 
5160 0.997616 0.123081 -98071.8 16.6185 
5170 0.997617 0.141914 -98066.8 16.6546 
5180 0.9976 0.20976 -98065.1 16.6847 
5190 0.9976 0.634836 -98065.1 16.7169 
5200 0.997579 -0.475305 -98065.6 16.7497 
5210 0.997579 0.494753 -98065.6 16.7818 
5220 0.997582 0.118345 -98066.2 16.8119 
5230 0.997462 -0.550352 -98060.4 16.8404 
5240 0.997465 -0.121478 -98060.6 16.8726 
5250 0.99749 0.613971 -98063.1 16.9046 
5260 0.997458 -0.302833 -98060.2 16.9387 
5270 0.997458 0.312204 -98060.1 16.9677 
5280 0.997458 0.538429 -98060.2 16.9939 
5290 0.997454 -0.383646 -98059.9 17.0262 
5300 0.997438 -0.650204 -98058.7 17.0587 
5310 0.997438 -0.169047 -98058.7 17.091 
5320 0.997568 -0.813609 -98067.8 17.1282 
5330 0.997538 0.933511 -98064.4 17.161 
5340 0.99759 -0.496856 -98069.4 17.1924 
5350 0.99759 -0.266799 -98068.9 17.2254 
5360 0.997557 0.9185 -98066.1 17.2537 
5370 0.997557 -0.337504 -98066.4 17.2867 
5380 0.997472 0.606318 -98058 17.3195 
5390 0.9974 -0.864593 -98056.8 17.3524 
5400 0.9974 -0.950417 -98056.9 17.3817 
5410 0.997418 0.534687 -98065.7 17.4194 
5420 0.997389 -0.343733 -98063.5 17.4522 
5430 0.997356 0.152054 -98057.6 17.4857 
5440 0.997392 -0.0391541 -98061.9 17.5186 
5450 0.997415 -0.445088 -98064.6 17.5482 
5460 0.997415 -0.287915 -98064.6 17.5801 
5470 0.997374 0.0868305 -98057.4 17.6134 
5480 0.997372 -0.24218 -98057.1 17.6425 
5490 0.997365 0.628111 -98056.6 17.6752 
5500 0.997282 -0.564425 -98053.9 17.7095 
5510 0.997503 0.614465 -98067.2 17.7438 
5520 0.997509 0.881577 -98067.8 17.7765 
5530 0.997495 -0.637964 -98066.4 17.8084 
5540 0.997753 0.539438 -98077.7 17.8495 
5550 0.997757 -0.979452 -98076.8 17.8836 
5560 0.997603 -0.125927 -98064 17.9195 
5570 0.997699 0.167782 -98073.5 17.9522 
5580 0.997723 0.0768361 -98076.1 17.9787 
5590 0.997601 -0.800109 -98068 18.0158 
5600 0.997587 0.180015 -98064.6 18.047 
5610 0.997553 0.656966 -98061.6 18.0832 
5620 0.997459 0.821138 -98056.8 18.1192 
5630 0.997438 -0.661787 -98055.6 18.1526 
5640 0.997442 -0.0218499 -98055.9 18.1845 
5650 0.997401 0.0727665 -98051.3 18.2181 
5660 0.997399 -0.707129 -98051.1 18.2502 
5670 0.997392 0.0130046 -98048.8 18.2801 
5680 0.997392 -0.445546 -98048.8 18.3097 
5690 0.997392 0.534985 -98048.8 18.3388 
5700 0.997392 0.445628 -98048.8 18.371 
5710 0.997399 -0.783124 -98049.2 18.4052 
5720 0.997367 0.259272 -98046.1 18.4367 
5730 0.997438 0.266433 -98047.4 18.4729 
5740 0.997438 -0.735944 -98047.4 18.5054 
5750 0.9974 -0.623093 -98046.4 18.5396 
5760 0.99737 0.922864 -98045 18.5735 
5770 0.997489 -0.260095 -98054.6 18.6069 
5780 0.997577 0.0525619 -98060.7 18.6371 
5790 0.997577 0.752061 -98060.7 18.6697 
5800 0.99762 -0.670542 -98064.6 18.7007 
5810 0.99762 0.140889 -98064.6 18.7328 
5820 0.997535 0.318928 -98059.5 18.7664 
5830 0.99748 0.729522 -98053.6 18.7991 
5840 0.99748 0.470717 -98053.6 18.8307 
5850 0.997425 0.555587 -98061.6 18.866 
5860 0.997425 -0.280224 -98061.6 18.8981 
5870 0.997425 0.234438 -98061.6 18.9296 
5880 0.997515 0.0628514 -98066.5 18.9621 
5890 0.997516 -0.37637 -98066.6 18.9908 
5900 0.997531 0.00553474 -98067.6 19.0228 
5910 0.997534 -0.24955 -98071.1 19.0564 
5920 0.997479 0.299804 -98067.1 19.0871 
5930 0.997495 0.102196 -98065.1 19.1219 
5940 0.997499 -0.479529 -98066.7 19.1558 
5950 0.997499 0.790511 -98066.7 19.1874 
5960 0.997499 0.73294 -98066.7 19.2161 
5970 0.99751 0.758283 -98063.7 19.2481 
5980 0.997417 0.738326 -98055.7 19.2823 
5990 0.99751 -0.935399 -98065.7 19.316 
6000 0.99751 0.261992 -98065.6 19.3445 
6010 0.99752 0.48624 -98066.3 19.3773 
6020 0.997606 0.705626 -98072.4 19.4078 
6030 0.997606 0.967393 -98072.4 19.4394 
6040 0.997598 -0.705279 -98070.9 19.4704 
6050 0.997684 0.862048 -98071.4 19.5076 
6060 0.997685 -0.332005 -98071.5 19.5369 
6070 0.997699 0.271826 -98075.6 19.5682 
6080 0.997593 0.702673 -98076.9 19.606 
6090 0.997593 0.783231 -98076.9 19.6381 
6100 0.997638 -0.430184 -98071.4 19.6771 
6110 0.997638 0.107215 -98071.4 19.709 
6120 0.997647 -0.330463 -98072.2 19.7433 
6130 0.997647 -0.821525 -98072.2 19.7724 
6140 0.997611 0.46807 -98073.7 19.8063 
6150 0.997611 0.263281 -98073.7 19.8383 
6160 0.997644 -0.944037 -98071 19.8686 
6170 0.997663 -0.842501 -98073.6 19.8985 
6180 0.997663 0.832682 -98073.6 19.9275 
6190 0.997663 -0.542987 -98073.6 19.9597 
6200 0.997631 0.70494 -98069.2 19.9933 
6210 0.997656 0.665098 -98069.2 20.0244 
6220 0.997682 0.783277 -98071.3 20.054 
6230 0.997654 -0.714477 -98069.7 20.0846 
6240 0.99756 0.287388 -98065.3 20.1186 
6250 0.997564 0.438897 -98066.9 20.1501 
6260 0.99756 0.586882 -98066.7 20.183 
6270 0.99756 -0.810077 -98066.7 20.2153 
6280 0.99756 -0.504882 -98066.7 20.2446 
6290 0.997564 0.916979 -98067.1 20.2772 
6300 0.997567 0.857947 -98067.6 20.3102 
6310 0.997555 -0.969982 -98066.4 20.3425 
6320 0.997572 0.167688 -98065.2 20.3768 
6330 0.997595 0.0099006 -98068.5 20.4111 
6340 0.997528 0.926683 -98066.6 20.4416 
6350 0.997502 -0.025755 -98067.3 20.4637 
6360 0.997516 0.56857 -98068.9 20.4965 
6370 0.99754 0.0365288 -98070.6 20.5243 
6380 0.99759 -0.902518 -98071.8 20.5587 
6390 0.99759 -0.170559 -98071.8 20.5879 
6400 0.997625 0.72669 -98070.6 20.6212 
6410 0.997636 0.279066 -98071.7 20.6544 
6420 0.997642 0.581165 -98070.7 20.6888 
6430 0.997642 0.00960499 -98070.7 20.7147 
6440 0.997513 -0.0173288 -98060.6 20.7489 
6450 0.997571 0.621561 -98063.6 20.7826 
6460 0.99757 -0.786759 -98065.3 20.8171 
6470 0.99757 0.560909 -98065.2 20.8491 
6480 0.99759 0.0881503 -98067.4 20.879 
6490 0.99759 -0.952841 -98067.4 20.9114 
6500 0.997537 -0.738262 -98066.9 20.9459 
6510 0.997538 0.632321 -98066.9 20.9745 
6520 0.997564 -0.489574 -98071.4 21.0082 
6530 0.997564 0.178454 -98071.4 21.0397 
6540 0.997564 0.362375 -98071.4 21.0713 
6550 0.997564 -0.505351 -98071.3 21.1032 
6560 0.997573 -0.629672 -98072 21.1369 
6570 0.997573 -0.318364 -98072 21.1655 
6580 0.997569 -0.983188 -98070 21.1985 
6590 0.997567 0.779371 -98069.8 21.2308 
6600 0.997591 0.0502663 -98073.1 21.2633 
6610 0.997565 -0.781278 -98072.8 21.2967 
6620 0.997677 -0.772441 -98077.3 21.3324 
6630 0.997617 -0.353024 -98070.7 21.3652 
6640 0.997616 0.236258 -98070.5 21.3946 
6650 0.997569 0.840123 -98063.3 21.4293 
6660 0.997501 -0.476106 -98053.3 21.4639 
6670 0.997505 -0.473225 -98053.8 21.4974 
6680 0.997505 0.361054 -98053.8 21.5265 
6690 0.997518 -0.177641 -98057.3 21.5627 
6700 0.997513 -0.00445144 -98057.7 21.5958 
6710 0.997587 0.622566 -98066.5 21.6267 
6720 0.997649 -0.364936 -98070.5 21.6627 
6730 0.997591 0.686793 -98067 21.6965 
6740 0.997591 0.233607 -98067 21.7251 
6750 0.99758 0.694455 -98062.5 21.7545 
6760 0.997644 0.0301516 -98071 21.7863 
6770 0.997677 0.380113 -98075.1 21.8197 
6780 0.997748 0.601495 -98074.6 21.8554 
6790 0.997761 -0.773155 -98076.3 21.8885 
6800 0.997744 0.628984 -98075.7 21.9228 
6810 0.997742 -0.061848 -98074.3 21.9591 
6820 0.997741 -0.544541 -98074.4 21.9926 
6830 0.997732 0.738256 -98074.1 22.0277 
6840 0.997731 -0.465265 -98074.1 22.0601 
6850 0.997609 -0.434721 -98064.9 22.094 
6860 0.997678 -0.604098 -98066.9 22.1266 
6870 0.997616 -0.328729 -98062.6 22.1611 
6880 0.997563 0.437713 -98060.1 22.1976 
6890 0.997559 -0.215625 -98059.6 22.2267 
6900 0.997554 0.0705575 -98060.1 22.2596 
6910 0.997554 0.179225 -98060.1 22.2912 
6920 0.997619 0.0177881 -98071.1 22.3261 
6930 0.997674 -0.726787 -98075.4 22.3597 
6940 0.997674 -0.497077 -98075.3 22.3886 
6950 0.99764 -0.280724 -98070.8 22.4223 
6960 0.99764 -0.321517 -98070.8 22.4545 
6970 0.99764 -0.452975 -98070.8 22.4839 
6980 0.997613 0.911507 -98068.2 22.5186 
6990 0.997604 0.149922 -98066.9 22.5554 
7000 0.997567 0.583153 -98064.1 22.5894 
7010 0.997547 0.757072 -98062.5 22.6254 
7020 0.997544 0.670226 -98062.2 22.658 
7030 0.997544 0.225759 -98062.3 22.6898 
7040 0.997523 -0.991587 -98060.8 22.7214 
7050 0.997523 0.513114 -98060.8 22.7506 
7060 0.997481 -0.196838 -98056.1 22.7816 
7070 0.997481 0.535145 -98056.1 22.8103 
7080 0.99744 -0.484615 -98053.1 22.8435 
7090 0.997446 -0.197772 -98053.7 22.8723 
7100 0.997501 0.423055 -98056.5 22.903 
7110 0.997503 0.255579 -98058.3 22.9369 
7120 0.997572 0.718989 -98064.8 22.9704 
7130 0.997572 0.553542 -98064.8 22.9994 
7140 0.997572 -0.662765 -98064.7 23.0283 
7150 0.997611 0.903449 -98066.3 23.0613 
7160 0.997524 -0.993081 -98059.6 23.0959 
7170 0.997494 0.715992 -98058 23.124 
7180 0.997449 -0.129117 -98052.8 23.1556 
7190 0.997474 0.342284 -98054.5 23.1888 
7200 0.997474 -0.896077 -98054.5 23.218 
7210 0.99748 -0.55089 -98055.2 23.2505 
7220 0.997459 -0.488792 -98060.1 23.2846 
7230 0.997454 -0.392846 -98060.7 23.3201 
7240 0.997467 -0.478643 -98061.8 23.3498 
7250 0.99749 0.126446 -98067.4 23.3802 
7260 0.997633 0.516444 -98068.7 23.4162 
7270 0.997633 0.522745 -98068.7 23.4422 
7280 0.997633 -0.181847 -98068.6 23.4743 
7290 0.997633 -0.694333 -98068.6 23.4999 
7300 0.997645 -0.374688 -98066.1 23.5303 
7310 0.997685 0.106739 -98068.3 23.5613 
7320 0.997702 0.148917 -98074.2 23.5953 
7330 0.997637 -0.233174 -98067.6 23.63 
7340 0.997637 -0.262851 -98067.7 23.6619 
7350 0.997665 0.22712 -98067.9 23.6958 
7360 0.99767 0.31447 -98068.2 23.7247 
7370 0.997674 0.496171 -98068.4 23.7551 
7380 0.997657 -0.229141 -98068 23.7884 
7390 0.997695 0.253909 -98070.4 23.8232 
7400 0.997695 0.48426 -98070.3 23.8551 
7410 0.997658 -0.169404 -98070.1 23.888 
7420 0.997612 -0.188012 -98066.7 23.9246 
7430 0.99765 0.960895 -98072.6 23.958 
7440 0.997629 0.834314 -98072.6 23.9855 
7450 0.997641 0.249631 -98076.5 24.0208 
7460 0.997641 0.570659 -98076.5 24.0524 
7470 0.997641 -0.853247 -98076.5 24.0839 
7480 0.997622 -0.59853 -98076.1 24.1219 
7490 0.99763 0.333675 -98076.9 24.1544 
7500 0.99763 -0.744356 -98077 24.1864 
7510 0.997691 0.379871 -98076.2 24.2207 
7520 0.997691 -0.493797 -98076.2 24.253 
7530 0.997699 0.65968 -98077.1 24.2851 
7540 0.997699 -0.466112 -98077.1 24.3168 
7550 0.997645 0.254638 -98075 24.3503 
7560 0.997645 -0.441753 -98075 24.3792 
7570 0.997645 -0.0629478 -98075 24.4084 
7580 0.997682 -0.889103 -98078.1 24.4413 
7590 0.997644 0.255095 -98076.3 24.4768 
7600 0.997715 -0.81061 -98081.4 24.508 
7610 0.997703 0.310747 -98081.4 24.5414 
7620 0.997693 -0.511815 -98080.5 24.5711 
7630 0.997681 -0.869975 -98081.6 24.6033 
7640 0.997701 -0.862551 -98082.6 24.6384 
7650 0.997701 0.52578 -98082.6 24.6701 
7660 0.997677 -0.972354 -98079.9 24.7045 
7670 0.997677 -0.903904 -98079.9 24.736 
7680 0.997677 -0.952011 -98079.9 24.7651 
7690 0.997698 -0.833698 -98081.9 24.8007 
7700 0.99769 0.604999 -98081.2 24.8333 
7710 0.99769 0.481047 -98081.2 24.8649 
7720 0.997568 -0.265413 -98070 24.8983 
7730 0.997471 0.613833 -98065.1 24.9325 
7740 0.997471 -0.047394 -98065.1 24.9614 
7750 0.99747 -0.892161 -98065.1 24.9934 
7760 0.997471 0.952313 -98065.1 25.0249 
7770 0.997471 0.674437 -98065.2 25.0534 
7780 0.997532 -0.367743 -98070.4 25.0876 
7790 0.997534 0.622898 -98070.2 25.1169 
7800 0.997584 0.921601 -98072.3 25.1494 
7810 0.997599 0.236572 -98073.4 25.182 
7820 0.997588 -0.0267758 -98072.8 25.2119 
7830 0.997545 0.752223 -98073.4 25.2448 
7840 0.997545 0.799169 -98073.4 25.2742 
7850 0.997545 0.197634 -98073.3 25.3059 
7860 0.997648 -0.389929 -98073.6 25.341 
7870 0.997634 0.711902 -98071 25.3755 
7880 0.997634 -0.412683 -98071.1 25.4079 
7890 0.997654 0.125418 -98074.2 25.4387 
7900 0.997651 0.502521 -98070.6 25.4698 
7910 0.997594 0.575242 -98067.1 25.5048 
7920 0.997594 -0.0988982 -98067.1 25.5308 
7930 0.997661 -0.347944 -98070.5 25.5653 
7940 0.997662 -0.303163 -98070.5 25.5968 
7950 0.997669 0.605063 -98071.5 25.6315 
7960 0.997669 -0.229358 -98077.2 25.6676 
7970 0.997696 -0.877626 -98077.9 25.6977 
7980 0.997695 0.11892 -98077.9 25.7295 
7990 0.997695 0.299148 -98077.9 25.7616 
8000 0.99769 0.28606 -98076.9 25.7944 
8010 0.997731 -0.607691 -98078.1 25.825 
8020 0.99772 0.043293 -98070.4 25.8587 
8030 0.99772 -0.0434314 -98070.4 25.8876 
8040 0.997671 0.236245 -98064.6 25.9217 
8050 0.997603 0.675062 -98060.8 25.9554 
8060 0.997603 -0.247828 -98060.8 25.984 
8070 0.997543 0.835137 -98055.9 26.0156 
8080 0.997559 -0.0402824 -98059.9 26.0463 
8090 0.997492 0.97427 -98050.6 26.0757 
8100 0.99755 0.303807 -98055 26.1094 
8110 0.997597 0.630681 -98056.9 26.1402 
8120 0.997599 -0.650988 -98056.6 26.1729 
8130 0.997577 0.539305 -98055.5 26.2031 
8140 0.997587 -0.764226 -98057.5 26.238 
8150 0.997604 0.0997097 -98059 26.2711 
8160 0.997583 -0.403827 -98055.8 26.3056 
8170 0.997583 0.797365 -98055.8 26.3371 
8180 0.997583 0.78513 -98055.8 26.3687 
8190 0.997583 -0.416397 -98055.8 26.4003 
8200 0.997582 -0.664134 -98055.7 26.4318 
8210 0.997582 0.512649 -98055.7 26.4634 
8220 0.997613 -0.0651121 -98058.1 26.4962 
8230 0.997671 0.478706 -98062.7 26.5301 
8240 0.997645 -0.143651 -98061 26.5621 
8250 0.997643 0.0629016 -98060.7 26.5941 
8260 0.997643 0.85629 -98060.7 26.6226 
8270 0.997674 0.666325 -98063.1 26.657 
8280 0.997686 -0.506522 -98064.1 26.6879 
8290 0.997701 -0.676152 -98065.6 26.7229 
8300 0.997685 0.260643 -98064.9 26.7534 
8310 0.997697 0.635493 -98066.2 26.7859 
8320 0.997583 -0.288123 -98064.1 26.815 
8330 0.997628 0.401358 -98067.9 26.8494 
8340 0.997635 0.380911 -98068.6 26.8813 
8350 0.997626 0.862924 -98067.6 26.9138 
8360 0.997628 0.534585 -98067.7 26.9454 
8370 0.997632 -0.176168 -98067.8 26.9781 
8380 0.997633 0.474719 -98067.8 27.0102 
8390 0.997632 0.504926 -98067.8 27.0418 
8400 0.997632 -0.759855 -98067.8 27.0733 
8410 0.997539 -0.425973 -98064.6 27.1126 
8420 0.997558 0.731212 -98066.6 27.161 
8430 0.997522 0.988053 -98067.6 27.2047 
8440 0.997522 0.514289 -98067.7 27.2384 
8450 0.997496 -0.038027 -98064 27.2723 
8460 0.997483 -0.0557638 -98063.1 27.3016 
8470 0.997552 -0.0689913 -98070.8 27.347 
8480 0.997493 -0.113671 -98064.9 27.3837 
8490 0.997491 -0.248891 -98064.8 27.4134 
8500 0.997492 -0.644655 -98064.8 27.448 
8510 0.997505 -0.0470123 -98069.5 27.4803 
8520 0.997519 0.30766 -98070.7 27.5123 
8530 0.997522 0.617575 -98071.3 27.5472 
8540 0.997528 0.203302 -98071.9 27.5773 
8550 0.99752 -0.919177 -98070.8 27.6084 
8560 0.997515 -0.130049 -98070.4 27.6434 
8570 0.997511 0.647483 -98070.1 27.6806 
8580 0.997468 0.343745 -98070 27.7199 
8590 0.997459 -0.765596 -98069.2 27.7553 
8600 0.997468 -0.277239 -98069.8 27.7905 
8610 0.997467 -0.0234106 -98069.9 27.826 
8620 0.997552 -0.120548 -98070.5 27.854 
8630 0.997553 0.433815 -98070.5 27.8844 
8640 0.99752 -0.931616 -98062.2 27.9215 
8650 0.997552 0.990258 -98065.4 27.9593 
8660 0.997552 -0.577832 -98065.4 27.99 
8670 0.997552 0.155405 -98065.5 28.0289 
8680 0.997552 -0.295477 -98065.5 28.0644 
8690 0.997532 -0.405281 -98063.4 28.1104 
8700 0.997535 -0.56826 -98063.5 28.1435 
8710 0.997516 0.52808 -98060 28.1781 
8720 0.9975 0.398834 -98058.5 28.2124 
8730 0.997492 -0.336179 -98057.9 28.2419 
8740 0.997492 -0.439741 -98057.9 28.2706 
8750 0.99748 0.718891 -98056.1 28.3043 
8760 0.997383 0.240601 -98062 28.3376 
8770 0.997344 -0.862141 -98058 28.3719 
8780 0.997336 0.890339 -98057.4 28.4014 
8790 0.997332 -0.151322 -98057.2 28.4302 
8800 0.997298 -0.976074 -98053.1 28.4596 
8810 0.997297 -0.147385 -98053 28.4887 
8820 0.99755 0.842336 -98051.2 28.516 
8830 0.997623 0.0811323 -98059.7 28.55 
8840 0.997655 0.57493 -98066.1 28.5851 
8850 0.997657 0.0357652 -98066.3 28.6148 
8860 0.997655 0.590051 -98065.4 28.6444 
8870 0.997683 -0.56897 -98068.2 28.6773 
8880 0.997664 -0.17952 -98067.1 28.7076 
8890 0.997673 0.640648 -98067.4 28.7404 
8900 0.997673 -0.659053 -98067.4 28.7692 
8910 0.997673 -0.755415 -98067.4 28.8011 
8920 0.997685 -0.865234 -98068.3 28.8346 
8930 0.997685 0.719227 -98068.3 28.8665 
8940 0.997643 0.711976 -98065.4 28.9004 
8950 0.99756 0.643085 -98060.4 28.935 
8960 0.997514 0.620768 -98058.6 28.969 
8970 0.99763 -0.815459 -98062.6 29.0049 
8980 0.99759 -0.167462 -98057.7 29.0357 
8990 0.99759 0.777778 -98057.7 29.0678 
9000 0.997591 0.680883 -98057.7 29.0969 
9010 0.99759 -0.584843 -98057.7 29.1257 
9020 0.997629 -0.0726256 -98067.4 29.1622 
9030 0.997618 0.64058 -98065.4 29.1961 
9040 0.997618 -0.127695 -98065.4 29.228 
9050 0.997618 0.537944 -98065.4 29.26 
9060 0.997716 0.805084 -98071.5 29.2906 
9070 0.997731 -0.945387 -98072 29.3218 
9080 0.997706 -0.718444 -98069.4 29.3563 
9090 0.997731 -0.353596 -98071.8 29.391 
9100 0.997723 -0.525353 -98066 29.4253 
9110 0.997705 -0.240851 -98066.9 29.462 
9120 0.997685 0.296387 -98070.6 29.4962 
9130 0.997685 0.839129 -98070.6 29.5281 
9140 0.997587 0.00193885 -98062.2 29.5619 
9150 0.997586 -0.210851 -98062.1 29.5909 
9160 0.997586 -0.470265 -98062.1 29.6138 
9170 0.997581 -0.288267 -98062.1 29.6474 
9180 0.997494 0.375564 -98053.3 29.6819 
9190 0.997466 -0.135111 -98057.1 29.711 
9200 0.997506 0.330026 -98060.4 29.746 
9210 0.99751 -0.990287 -98060.8 29.7787 
9220 0.997635 -0.344867 -98068.3 29.8157 
9230 0.997616 -0.0220077 -98066 29.8502 
9240 0.997609 0.780606 -98064.9 29.8832 
9250 0.997614 0.820154 -98065.8 29.9131 
9260 0.997617 -0.106786 -98065.7 29.9452 
9270 0.997563 -0.459074 -98063.2 29.976 
9280 0.997653 0.890984 -98069.5 30.0086 
9290 0.997677 0.465346 -98072.1 30.0407 
9300 0.997677 -0.909808 -98072.1 30.0722 
9310 0.997658 -0.369927 -98071.1 30.1054 
9320 0.997595 -0.383618 -98066.8 30.1391 
9330 0.997595 0.318711 -98066.8 30.1676 
9340 0.997597 -0.97158 -98067 30.1993 
9350 0.997562 -0.594744 -98062.3 30.2329 
9360 0.997562 -0.521259 -98062.4 30.2647 
9370 0.997452 0.229197 -98049.2 30.2989 
9380 0.997411 -0.856582 -98048.4 30.3323 
9390 0.997414 0.648714 -98048.3 30.3588 
9400 0.99739 -0.074256 -98048.6 30.3921 
9410 0.997439 0.307956 -98055.9 30.4273 
9420 0.997452 0.26866 -98057 30.4572 
9430 0.997452 -0.942971 -98056.9 30.4892 
9440 0.997452 -0.590876 -98057 30.5181 
9450 0.997452 0.496379 -98056.9 30.5472 
9460 0.997469 0.546856 -98056.2 30.5804 
9470 0.997524 0.784124 -98058.4 30.6131 
9480 0.997496 0.343997 -98056 30.6467 
9490 0.997496 -0.639274 -98055.9 30.6786 
9500 0.997498 -0.599314 -98056.1 30.7109 
9510 0.997495 0.185605 -98055.9 30.7431 
9520 0.997494 -0.632972 -98055.8 30.7752 
9530 0.997493 0.829626 -98055.8 30.8045 
9540 0.997493 0.72862 -98055.8 30.8367 
9550 0.997499 0.905046 -98055 30.8692 
9560 0.997499 0.690091 -98055 30.898 
9570 0.997486 0.221141 -98054.1 30.9326 
9580 0.997472 0.524922 -98050.8 30.9635 
9590 0.997496 -0.243707 -98055.2 30.9993 
9600 0.997563 -0.764366 -98062.3 31.0333 
9610 0.997598 -0.147256 -98063.3 31.0663 
9620 0.997571 -0.556489 -98062.5 31.0997 
9630 0.997526 -0.424653 -98058.3 31.1362 
9640 0.997467 0.643129 -98054.1 31.1726 
9650 0.997466 -0.621192 -98054.3 31.2061 
9660 0.997466 -0.830619 -98054.3 31.2382 
9670 0.997548 0.801817 -98051.5 31.273 
9680 0.997548 -0.204038 -98051.5 31.305 
9690 0.99762 -0.36933 -98059.6 31.3406 
9700 0.997626 0.429304 -98057.9 31.3719 
9710 0.997671 0.8367 -98062.4 31.4047 
9720 0.997704 -0.407262 -98066.2 31.4351 
9730 0.997704 -0.0383422 -98066.3 31.4667 
9740 0.997704 0.171912 -98066.3 31.4958 
9750 0.997641 -0.342967 -98060.8 31.5318 
9760 0.997641 -0.627116 -98060.8 31.5633 
9770 0.997635 0.0533277 -98060.2 31.5962 
9780 0.997557 0.771468 -98053 31.6318 
9790 0.997585 -0.964517 -98058.9 31.6624 
9800 0.997584 0.0334353 -98058.9 31.6879 
9810 0.997576 0.620904 -98056.6 31.7219 
9820 0.997573 0.630485 -98056.3 31.748 
9830 0.997573 -0.86749 -98056.3 31.7765 
9840 0.997573 -0.461607 -98056.3 31.8084 
9850 0.997533 0.124862 -98061.4 31.8442 
9860 0.997527 -0.390702 -98061.1 31.8763 
9870 0.997517 0.442443 -98057.6 31.9065 
9880 0.997474 0.559213 -98058.3 31.9411 
9890 0.997474 0.35691 -98058.3 31.9698 
9900 0.997474 0.309691 -98058.4 31.9983 
9910 0.997467 -0.244459 -98057.7 32.0309 
9920 0.997472 0.0279862 -98058.6 32.0639 
9930 0.997437 0.587979 -98055.1 32.0964 
9940 0.99744 0.0552856 -98055.3 32.128 
9950 0.997546 0.37439 -98055.3 32.1589 
9960 0.997624 0.896621 -98056.1 32.1874 
9970 0.997639 -0.00452295 -98058.3 32.2142 
9980 0.997645 -0.866888 -98060.4 32.2432 
9990 0.997643 -0.0796641 -98060.1 32.2755 
10000 0.997741 0.554066 -98067.5 32.312 
