0 1 1 -98304 0 
10 1 0.714275 -98304 0.0229074 
20 1 -0.906263 -98304 0.0492051 
30 1 -0.250148 -98304.1 0.0771711 
40 1 -0.77992 -98304 0.105305 
50 0.999831 -0.180486 -98283.6 0.137783 
60 0.999663 -0.389803 -98262.2 0.17295 
70 0.999608 0.74181 -98255.3 0.201368 
80 0.999646 0.881114 -98260.1 0.230233 
90 0.999521 -0.936633 -98244.8 0.261213 
100 0.999432 0.628624 -98234.7 0.29251 
110 0.999432 -0.639621 -98234.7 0.320694 
120 0.998767 -0.805496 -98178.2 0.35219 
130 0.998767 -0.0411502 -98178.2 0.377645 
140 0.998767 -0.577094 -98178.2 0.40615 
150 0.998767 -0.531988 -98181.5 0.43793 
160 0.99877 0.826785 -98181.7 0.468162 
170 0.998777 0.486616 -98182.2 0.498007 
180 0.998777 -0.543407 -98182.2 0.526036 
190 0.998771 -0.823368 -98181.6 0.555077 
200 0.998985 0.718236 -98203.4 0.585423 
210 0.998905 0.912845 -98195.5 0.61651 
220 0.998905 0.61511 -98195.5 0.639372 
230 0.998905 0.717515 -98195.5 0.668518 
240 0.998905 -0.313787 -98195.6 0.691354 
250 0.998862 -0.156897 -98191.9 0.720758 
260 0.998849 0.509534 -98190.4 0.749978 
270 0.998823 0.216644 -98186.9 0.776307 
280 0.998823 -0.434215 -98186.9 0.804489 
290 0.998795 -0.532379 -98184.3 0.832202 
300 0.998795 -0.126329 -98184.3 0.860361 
310 0.998691 -0.329388 -98171.8 0.889048 
320 0.998671 -0.903007 -98168.9 0.918081 
330 0.998419 0.169834 -98144.8 0.948943 
340 0.998418 -0.456636 -98144.6 0.977651 
350 0.998425 -0.00512633 -98145.6 1.00062 
360 0.99838 -0.95853 -98141.6 1.02873 
370 0.998377 0.490509 -98141.2 1.05711 
380 0.998313 -0.819709 -98138.2 1.08303 
390 0.998404 0.591728 -98146.8 1.11058 
400 0.998403 -0.84387 -98146.8 1.13874 
410 0.998403 0.675962 -98146.7 1.16717 
420 0.998444 -0.285908 -98150.9 1.19715 
430 0.998444 0.195476 -98150.9 1.22531 
440 0.998402 -0.484826 -98147.4 1.25418 
450 0.998231 -0.840521 -98137.7 1.28444 
460 0.998446 0.421752 -98151.2 1.31024 
470 0.998446 -0.441203 -98151.3 1.33588 
480 0.998438 0.486672 -98150.7 1.36439 
490 0.998448 -0.723894 -98152.2 1.39434 
500 0.99846 -0.934847 -98153.3 1.42398 
510 0.998459 -0.725069 -98153.2 1.45242 
520 0.998524 -0.918107 -98158 1.47982 
530 0.998524 -0.771499 -98157.9 1.50839 
540 0.997667 0.0678178 -98098.5 1.54262 
550 0.997706 0.364586 -98103 1.57251 
560 0.997706 -0.778098 -98103 1.60076 
570 0.997706 0.263009 -98103 1.62656 
580 0.997658 -0.905366 -98099.1 1.6587 
590 0.997658 -0.928242 -98099.1 1.68691 
600 0.997703 0.659732 -98096.7 1.71693 
610 0.997738 -0.077028 -98099.9 1.74264 
620 0.997667 -0.864297 -98094.2 1.76939 
630 0.997447 0.938442 -98078 1.80125 
640 0.997548 0.59294 -98087.2 1.82482 
650 0.997626 -0.330928 -98092.9 1.8547 
660 0.997442 0.801192 -98076.9 1.88509 
670 0.997442 -0.872609 -98076.8 1.91077 
680 0.997613 0.778923 -98079.9 1.9414 
690 0.997613 0.365682 -98080 1.96728 
700 0.997644 0.105191 -98080.4 1.99979 
710 0.997642 -0.971878 -98080.2 2.02842 
720 0.997603 -0.935975 -98078.4 2.05987 
730 0.997659 -0.00226499 -98081.6 2.09272 
740 0.997659 0.563747 -98081.6 2.12134 
750 0.997659 -0.715487 -98081.6 2.14696 
760 0.997904 -0.753855 -98086.5 2.17553 
770 0.997692 -0.110457 -98075.9 2.20422 
780 0.997692 0.823829 -98075.9 2.23277 
790 0.997552 -0.621073 -98069.2 2.26218 
800 0.997585 -0.80902 -98071.3 2.28912 
810 0.997585 -0.786876 -98071.3 2.31731 
820 0.997644 0.632506 -98079.1 2.3486 
830 0.997681 0.50307 -98079.6 2.37993 
840 0.997662 -0.170014 -98072 2.40995 
850 0.997662 0.477704 -98072 2.43825 
860 0.997662 -0.983767 -98072 2.46764 
870 0.997661 0.428871 -98072 2.49646 
880 0.997661 0.360257 -98072 2.52223 
890 0.997624 0.188804 -98068.7 2.55431 
900 0.997626 0.0746686 -98068.9 2.58344 
910 0.997693 -0.499708 -98068.1 2.61355 
920 0.997583 0.145043 -98058.9 2.64341 
930 0.997583 -0.0913305 -98058.9 2.66902 
940 0.997585 -0.644559 -98059.4 2.69576 
950 0.997585 0.439318 -98059.5 2.72432 
960 0.997516 0.175095 -98055.4 2.7569 
970 0.997518 0.453013 -98055.7 2.78302 
980 0.997527 0.880279 -98054.2 2.81349 
990 0.997523 0.867942 -98054 2.84241 
1000 0.997578 -0.845572 -98058.8 2.87279 
1010 0.997547 0.91803 -98055.7 2.89901 
1020 0.997546 -0.954638 -98055.1 2.9285 
1030 0.99755 0.770886 -98059.2 2.95633 
1040 0.997458 -0.457995 -98051.9 2.98673 
1050 0.997541 -0.649004 -98060.2 3.01829 
1060 0.997528 0.514005 -98060.2 3.05095 
1070 0.997554 -0.295944 -98061 3.08175 
1080 0.997554 -0.507781 -98061 3.11053 
1090 0.997569 0.571095 -98059.1 3.14102 
1100 0.997559 -0.919276 -98058.6 3.17165 
1110 0.997559 -0.65932 -98058.6 3.19779 
1120 0.997536 0.214819 -98060.2 3.22817 
1130 0.997528 0.913953 -98059.2 3.25878 
1140 0.997555 -0.72882 -98063.1 3.28887 
1150 0.997555 -0.888985 -98063.1 3.31722 
1160 0.997555 -0.54444 -98063.1 3.34553 
1170 0.997561 -0.689832 -98063.7 3.37516 
1180 0.997556 0.334583 -98063.1 3.40104 
1190 0.997556 -0.0686743 -98063.1 3.42936 
1200 0.997547 -0.23916 -98061.9 3.45682 
1210 0.997547 -0.032217 -98061.9 3.48535 
1220 0.997548 -0.230457 -98062 3.51407 
1230 0.997514 0.477459 -98057.5 3.54433 
1240 0.997514 0.61795 -98057.5 3.57264 
1250 0.997509 -0.860358 -98057.9 3.60171 
1260 0.997509 0.709977 -98057.9 3.62457 
1270 0.997537 -0.263227 -98059.1 3.65483 
1280 0.997538 0.447658 -98059.1 3.68323 
1290 0.997535 0.66413 -98058.8 3.71168 
1300 0.997535 0.161005 -98059.1 3.74082 
1310 0.99756 -0.525684 -98061.6 3.76719 
1320 0.997572 0.408671 -98060.4 3.79423 
1330 0.997547 0.089267 -98058.3 3.82373 
1340 0.997451 -0.681963 -98053.6 3.85513 
1350 0.997536 -0.595267 -98057.5 3.88784 
1360 0.997536 0.651244 -98057.5 3.91684 
1370 0.997538 -0.877121 -98058 3.9468 
1380 0.997531 -0.102242 -98065.7 3.97347 
1390 0.997535 0.52537 -98065.7 3.99896 
1400 0.997587 0.270935 -98069.1 4.02816 
1410 0.997598 -0.566747 -98069.4 4.05608 
1420 0.99759 0.982835 -98068.7 4.08371 
1430 0.997599 0.264321 -98067.1 4.11431 
1440 0.997583 -0.812633 -98063.2 4.1445 
1450 0.997583 0.58147 -98063.2 4.1703 
1460 0.997557 0.307047 -98061.6 4.19674 
1470 0.997554 -0.0179215 -98061.3 4.22532 
1480 0.997623 -0.854088 -98064.4 4.25769 
1490 0.997631 0.728023 -98065.3 4.28707 
1500 0.997592 0.892841 -98060.5 4.31391 
1510 0.997592 -0.0532464 -98060.6 4.34228 
1520 0.997579 -0.392182 -98061.1 4.37464 
1530 0.997551 0.381214 -98061.9 4.40467 
1540 0.997549 0.690056 -98061.6 4.43319 
1550 0.997586 -0.261495 -98065.8 4.46125 
1560 0.997593 0.633811 -98066.5 4.48974 
1570 0.997583 -0.394934 -98064.7 4.51663 
1580 0.997582 -0.5601 -98064.7 4.54553 
1590 0.997631 -0.99068 -98064.4 4.57668 
1600 0.997654 0.345482 -98066.1 4.60707 
1610 0.997654 0.977279 -98066.1 4.63608 
1620 0.997622 0.805541 -98063.9 4.66647 
1630 0.997625 -0.47449 -98063.3 4.68947 
1640 0.997603 0.705153 -98059.9 4.72048 
1650 0.997532 -0.119959 -98054.6 4.74765 
1660 0.997543 -0.299107 -98055.5 4.77622 
1670 0.997546 0.187693 -98055.6 4.80573 
1680 0.997546 0.094227 -98055.6 4.83392 
1690 0.997546 0.174581 -98055.6 4.85954 
1700 0.997554 0.534365 -98055.5 4.89141 
1710 0.99755 -0.198241 -98055 4.92038 
1720 0.997559 0.650548 -98056.3 4.94958 
1730 0.997559 0.891385 -98056.6 4.98005 
1740 0.997523 -0.476849 -98054.8 5.01075 
1750 0.997538 0.790289 -98057.7 5.04025 
1760 0.997534 -0.970282 -98057.3 5.06918 
1770 0.997548 0.465227 -98058.7 5.09961 
1780 0.997558 0.352097 -98059.6 5.12839 
1790 0.99754 0.737734 -98058.4 5.15735 
1800 0.997629 -0.817334 -98064.3 5.18799 
1810 0.997683 0.867854 -98068.5 5.21875 
1820 0.997662 0.253732 -98067.1 5.24845 
1830 0.997662 -0.678114 -98067.1 5.27729 
1840 0.997662 -0.940863 -98067.1 5.30568 
1850 0.997662 -0.194257 -98067.1 5.3342 
1860 0.997637 -0.557131 -98065.1 5.35837 
1870 0.997633 0.79931 -98065.1 5.38797 
1880 0.997633 -0.834749 -98065.1 5.41364 
1890 0.997632 -0.621415 -98065.1 5.4425 
1900 0.997618 -0.611314 -98063.5 5.47229 
1910 0.99764 0.460267 -98066.6 5.49943 
1920 0.997663 -0.0670008 -98069.2 5.52649 
1930 0.997663 -0.359309 -98069.2 5.55197 
1940 0.997663 0.28867 -98069.2 5.58092 
1950 0.997614 0.224514 -98065.4 5.61273 
1960 0.997586 0.791463 -98067.7 5.64594 
1970 0.997572 -0.766111 -98064.6 5.67755 
1980 0.997565 0.426118 -98063.3 5.70843 
1990 0.997575 0.0580724 -98064.5 5.73194 
2000 0.997591 0.936659 -98066.8 5.75997 
2010 0.997602 -0.275241 -98070 5.79125 
2020 0.997602 -0.996707 -98070 5.81961 
2030 0.997644 -0.56354 -98072.2 5.84821 
2040 0.997623 -0.122401 -98070.3 5.87761 
2050 0.997752 -0.582631 -98072.9 5.91189 
2060 0.997757 -0.172226 -98073.4 5.94115 
2070 0.997738 0.647158 -98072.3 5.96686 
2080 0.997764 -0.93346 -98081.5 5.99461 
2090 0.997704 -0.122302 -98074.4 6.0248 
2100 0.997664 0.654363 -98069.9 6.05439 
2110 0.997669 0.0362298 -98070.4 6.08078 
2120 0.997669 0.145982 -98070.5 6.10909 
2130 0.997655 0.601718 -98069.3 6.13939 
2140 0.997697 0.482891 -98073.6 6.17045 
2150 0.997801 -0.135964 -98078.4 6.19926 
2160 0.997801 -0.623619 -98078.4 6.22491 
2170 0.997811 0.38458 -98078.7 6.25524 
2180 0.997732 0.550928 -98076.6 6.28666 
2190 0.997732 -0.8499 -98076.6 6.31505 
2200 0.997732 -0.0545328 -98076.7 6.34154 
2210 0.997663 -0.287118 -98074.3 6.3712 
2220 0.997676 -0.897791 -98076.3 6.3989 
2230 0.9977 0.231536 -98076.6 6.42881 
2240 0.997686 0.686669 -98075 6.45393 
2250 0.997686 -0.300784 -98075 6.48225 
2260 0.997703 -0.127052 -98075.8 6.51278 
2270 0.997706 -0.273718 -98076.3 6.5406 
2280 0.997684 0.741079 -98073.6 6.57355 
2290 0.997679 0.885613 -98074.4 6.60395 
2300 0.997679 0.633096 -98075.7 6.6339 
2310 0.997717 0.569187 -98077.4 6.66442 
2320 0.997647 0.29013 -98069.8 6.69246 
2330 0.997615 -0.878227 -98067.4 6.72363 
2340 0.997615 0.597728 -98067.4 6.74916 
2350 0.997641 0.308793 -98069.6 6.77537 
2360 0.997635 0.314443 -98069.9 6.80315 
2370 0.997466 -0.185276 -98053.6 6.83544 
2380 0.997466 -0.234067 -98053.6 6.86385 
2390 0.997466 -0.310851 -98053.6 6.89218 
2400 0.997466 -0.928357 -98053.6 6.92057 
2410 0.997456 0.862874 -98056.4 6.9498 
2420 0.997454 -0.202788 -98055.7 6.97909 
2430 0.997608 0.703277 -98061.2 7.00977 
2440 0.997608 -0.293275 -98061.2 7.03813 
2450 0.997573 0.796942 -98056.1 7.0606 
2460 0.997486 0.181488 -98048.2 7.09333 
2470 0.997487 0.307088 -98048.5 7.12245 
2480 0.997487 0.768955 -98048.5 7.15076 
2490 0.997487 0.780054 -98048.5 7.17912 
2500 0.997487 -0.217532 -98048.5 7.20747 
2510 0.997487 0.226154 -98048.5 7.23599 
2520 0.997487 0.549417 -98048.5 7.26451 
2530 0.997452 -0.564504 -98044.3 7.29487 
2540 0.997452 -0.778036 -98044.4 7.32356 
2550 0.997426 -0.340526 -98048.1 7.35269 
2560 0.997462 0.696768 -98060.1 7.38482 
2570 0.997462 0.125029 -98060.1 7.41357 
2580 0.997462 0.72126 -98060 7.44202 
2590 0.997462 -0.411976 -98060.1 7.4703 
2600 0.99747 0.704878 -98060.7 7.50002 
2610 0.99747 -0.89661 -98060.7 7.52819 
2620 0.997469 -0.952869 -98060.7 7.55636 
2630 0.997572 0.551367 -98069.2 7.58464 
2640 0.997635 0.53794 -98074.4 7.61689 
2650 0.997635 -0.480216 -98074.3 7.64569 
2660 0.997718 -0.712364 -98083.6 7.67757 
2670 0.997718 0.766272 -98083.6 7.70617 
2680 0.997718 -0.89491 -98083.7 7.7345 
2690 0.997648 0.673319 -98082.5 7.76239 
2700 0.997648 0.932225 -98082.5 7.78808 
2710 0.997633 -0.113888 -98081.7 7.81724 
2720 0.997633 -0.33709 -98081.7 7.84554 
2730 0.997609 -0.172988 -98080.6 7.87282 
2740 0.997609 0.769287 -98080.6 7.90113 
2750 0.997609 -0.300401 -98080.6 7.92948 
2760 0.997619 -0.604659 -98079.2 7.96014 
2770 0.997619 -0.803161 -98079.2 7.98868 
2780 0.997621 0.953125 -98079.4 8.01722 
2790 0.997621 -0.376734 -98079.4 8.04607 
2800 0.997587 -0.50539 -98077.4 8.07362 
2810 0.997587 0.241974 -98077.5 8.09922 
2820 0.997581 0.763561 -98071.5 8.13141 
2830 0.997566 0.93058 -98068.3 8.16184 
2840 0.997595 0.188744 -98070.2 8.19746 
2850 0.997595 0.136694 -98070.3 8.22654 
2860 0.997595 -0.024812 -98070.3 8.25476 
2870 0.997595 0.455446 -98070.3 8.28319 
2880 0.997586 0.0510147 -98068.1 8.31067 
2890 0.997586 -0.666547 -98068.1 8.33908 
2900 0.997442 -0.222364 -98058.7 8.37119 
2910 0.997454 -0.123679 -98059.2 8.40308 
2920 0.997454 0.299785 -98059.2 8.43143 
2930 0.997454 0.377358 -98059.2 8.46019 
2940 0.997438 -0.0771004 -98057.6 8.49206 
2950 0.997392 0.756272 -98055.7 8.52435 
2960 0.997449 -0.515314 -98059.3 8.55427 
2970 0.997516 -0.704342 -98063.1 8.58572 
2980 0.99751 -0.0367495 -98061.7 8.61539 
2990 0.997499 -0.516984 -98060.4 8.64449 
3000 0.997499 0.674086 -98060.4 8.67338 
3010 0.997491 0.930528 -98060.8 8.70396 
3020 0.997506 -0.976857 -98062.5 8.73091 
3030 0.997506 -0.0366183 -98062.5 8.75724 
3040 0.997506 0.720602 -98062.5 8.78557 
3050 0.997506 0.421418 -98062.5 8.81392 
3060 0.997553 0.640289 -98065.6 8.84364 
3070 0.997456 0.96826 -98058.4 8.87612 
3080 0.997456 0.180562 -98058.3 8.90192 
3090 0.997455 0.957947 -98058.3 8.93015 
3100 0.997458 0.984635 -98058.4 8.95622 
3110 0.997458 -0.886751 -98058.4 8.98445 
3120 0.997455 0.684233 -98058.2 9.00761 
3130 0.997455 -0.515974 -98058.2 9.03616 
3140 0.997538 -0.5 -98064 9.06709 
3150 0.997554 -0.293069 -98066.5 9.09414 
3160 0.997575 -0.427002 -98066.8 9.12255 
3170 0.997578 0.886183 -98060.1 9.15661 
3180 0.997577 -0.596372 -98059.9 9.18266 
3190 0.99757 0.261239 -98059.3 9.21211 
3200 0.997582 0.0541133 -98063.5 9.24237 
3210 0.997569 -0.258899 -98070 9.2691 
3220 0.997499 -0.629841 -98063.3 9.29514 
3230 0.997501 0.553576 -98063.5 9.32369 
3240 0.997501 -0.793352 -98063.5 9.34967 
3250 0.997488 0.789714 -98062.2 9.37916 
3260 0.997502 0.169917 -98065.5 9.41015 
3270 0.997555 -0.547165 -98066.2 9.44123 
3280 0.99756 0.698653 -98067.4 9.47188 
3290 0.997559 0.422861 -98067.4 9.49489 
3300 0.997676 0.134606 -98078.1 9.52548 
3310 0.997672 -0.996148 -98077.7 9.55142 
3320 0.997483 -0.337208 -98057.9 9.58571 
3330 0.997462 -0.0531991 -98056.7 9.61262 
3340 0.997455 -0.141288 -98057.1 9.63942 
3350 0.997419 -0.0843515 -98052.1 9.6713 
3360 0.997422 0.624592 -98054.3 9.70123 
3370 0.997481 -0.327415 -98059.1 9.73357 
3380 0.997398 0.511663 -98049.7 9.76627 
3390 0.997402 0.842459 -98050.7 9.79504 
3400 0.997394 -0.408079 -98050.1 9.82432 
3410 0.99749 0.801098 -98056.5 9.85523 
3420 0.997486 -0.721341 -98056.1 9.88399 
3430 0.99749 -0.959755 -98056.5 9.91033 
3440 0.997497 0.807374 -98057.4 9.9397 
3450 0.997497 0.00866578 -98057.3 9.96913 
3460 0.997496 -0.793401 -98057.2 9.99511 
3470 0.997536 -0.669872 -98062.2 10.0246 
3480 0.997536 0.567786 -98062.2 10.0502 
3490 0.997509 0.0915599 -98061.7 10.0776 
3500 0.99743 0.454776 -98050.2 10.1111 
3510 0.997362 0.278769 -98049.3 10.1416 
3520 0.997391 -0.872368 -98050.4 10.1739 
3530 0.997514 -0.446571 -98054.1 10.2028 
3540 0.997536 0.0909889 -98060.1 10.2331 
3550 0.997498 0.620507 -98055.8 10.2607 
3560 0.997492 0.810807 -98055 10.2894 
3570 0.997492 -0.501845 -98055.1 10.3151 
3580 0.997505 -0.418068 -98056.2 10.3424 
3590 0.997535 -0.855187 -98056.6 10.3733 
3600 0.997492 0.208322 -98051.7 10.4036 
3610 0.997489 -0.260121 -98050.8 10.4331 
3620 0.997489 -0.189253 -98050.8 10.4588 
3630 0.997482 0.938674 -98049.9 10.4883 
3640 0.997482 -0.371128 -98049.9 10.5168 
3650 0.997458 -0.37585 -98047.3 10.5436 
3660 0.997507 -0.149529 -98053.1 10.5707 
3670 0.997495 -0.550237 -98051.2 10.6021 
3680 0.997495 0.789947 -98051.3 10.6278 
3690 0.997495 -0.417081 -98051.2 10.6539 
3700 0.997523 -0.2905 -98055 10.6834 
3710 0.997523 0.259764 -98055.1 10.7064 
3720 0.997482 -0.680869 -98052.3 10.7379 
3730 0.997537 -0.55119 -98053.8 10.7663 
3740 0.997537 0.845037 -98053.8 10.7946 
3750 0.997537 0.770015 -98053.8 10.8234 
3760 0.997517 -0.679242 -98053 10.8538 
3770 0.997468 -0.956574 -98059.3 10.8764 
3780 0.997477 -0.727825 -98058.8 10.907 
3790 0.997531 -0.895746 -98060.5 10.937 
3800 0.997531 -0.0754968 -98060.5 10.9627 
3810 0.997495 -0.454746 -98056.9 10.9937 
3820 0.997502 -0.713718 -98057.7 11.024 
3830 0.997494 0.951036 -98056.8 11.0527 
3840 0.997494 0.351383 -98056.8 11.0811 
3850 0.997494 -0.867196 -98056.8 11.1093 
3860 0.997517 -0.648253 -98058.5 11.1405 
3870 0.997512 0.718514 -98058.1 11.1665 
3880 0.997457 -0.17509 -98051.7 11.1959 
3890 0.997498 -0.330718 -98062.1 11.2218 
3900 0.99749 -0.620113 -98061.9 11.2519 
3910 0.997502 -0.635629 -98062.4 11.2815 
3920 0.997518 -0.420588 -98063.7 11.3103 
3930 0.99751 0.689544 -98061.9 11.341 
3940 0.997525 0.571802 -98063 11.3687 
3950 0.997525 0.952189 -98063 11.3942 
3960 0.997525 -0.0570526 -98063 11.4224 
3970 0.99752 0.089156 -98061.5 11.4534 
3980 0.997544 0.115346 -98067 11.4837 
3990 0.997566 -0.17201 -98070.1 11.5144 
4000 0.997566 0.197878 -98070.1 11.5433 
4010 0.997563 -0.33463 -98069.9 11.5665 
4020 0.99755 0.0252628 -98072.5 11.5976 
4030 0.997531 -0.274748 -98066.1 11.6297 
4040 0.997526 0.496578 -98067.3 11.658 
4050 0.997512 -0.793174 -98065.7 11.6849 
4060 0.997605 0.235552 -98072.5 11.7172 
4070 0.997546 -0.0774416 -98069.2 11.7477 
4080 0.997539 0.434958 -98068.7 11.7772 
4090 0.997604 -0.792475 -98066.7 11.8073 
4100 0.997602 -0.411747 -98066.6 11.836 
4110 0.997603 0.383513 -98066.6 11.8647 
4120 0.997642 -0.789344 -98067.9 11.896 
4130 0.997714 0.72782 -98076.3 11.9287 
4140 0.997644 -0.836037 -98072.3 11.9562 
4150 0.997695 -0.489845 -98072.5 11.9847 
4160 0.997686 -0.297312 -98074.6 12.0124 
4170 0.997686 0.554718 -98074.6 12.0407 
4180 0.997559 0.673301 -98065.6 12.0722 
4190 0.997503 -0.166207 -98061.4 12.1033 
4200 0.997445 0.452353 -98060.9 12.1366 
4210 0.997445 0.826984 -98060.9 12.1649 
4220 0.997453 -0.438945 -98061.6 12.1934 
4230 0.99766 0.861104 -98070.3 12.2257 
4240 0.99768 -0.432146 -98072.7 12.2551 
4250 0.99768 0.618877 -98072.7 12.2836 
4260 0.997719 0.0634368 -98076.1 12.3152 
4270 0.997494 -0.888546 -98067 12.3486 
4280 0.99749 -0.0864323 -98066.7 12.3776 
4290 0.997518 -0.481882 -98063.5 12.4091 
4300 0.997518 -0.419662 -98063.5 12.4348 
4310 0.997518 -0.362471 -98063.5 12.4632 
4320 0.997518 -0.0688153 -98063.5 12.4916 
4330 0.997518 0.874752 -98063.5 12.5199 
4340 0.997506 0.384602 -98061.9 12.5494 
4350 0.997499 0.223307 -98061.8 12.5762 
4360 0.997508 0.501135 -98065.6 12.6073 
4370 0.997546 -0.637685 -98066.5 12.6389 
4380 0.997524 0.0241948 -98063.7 12.6687 
4390 0.997552 -0.950862 -98066 12.6981 
4400 0.997544 0.94287 -98065.6 12.7277 
4410 0.997524 0.189521 -98067.9 12.7585 
4420 0.9975 -0.287497 -98065.4 12.7881 
4430 0.997451 0.0658611 -98061.9 12.8137 
4440 0.997496 0.755195 -98061 12.8433 
4450 0.997513 0.629393 -98060.1 12.8719 
4460 0.997518 -0.735529 -98062.2 12.903 
4470 0.997567 -0.610165 -98065.3 12.9268 
4480 0.99767 0.743911 -98071 12.9581 
4490 0.997667 -0.291192 -98071.4 12.9883 
4500 0.997685 0.715702 -98075.2 13.0184 
4510 0.997685 -0.45474 -98075.2 13.0469 
4520 0.997685 -0.946437 -98075.2 13.074 
4530 0.997705 0.0650848 -98073.5 13.1049 
4540 0.997711 -0.914436 -98074 13.1286 
4550 0.997711 0.0557043 -98074 13.1528 
4560 0.997677 -0.772211 -98071.6 13.1847 
4570 0.997652 -0.956387 -98067.8 13.2133 
4580 0.997775 0.682454 -98075.3 13.2395 
4590 0.997775 0.152162 -98075.3 13.2685 
4600 0.99765 -0.267731 -98063.4 13.2968 
4610 0.99759 -0.060946 -98061.1 13.3245 
4620 0.997598 -0.968762 -98063.4 13.3555 
4630 0.997626 0.1752 -98065.3 13.3866 
4640 0.997626 -0.65149 -98065.2 13.415 
4650 0.997625 -0.552577 -98065.2 13.4443 
4660 0.997653 0.73172 -98068.3 13.475 
4670 0.997638 -0.953177 -98064.6 13.5029 
4680 0.997571 0.977161 -98056.4 13.5343 
4690 0.997566 0.0708139 -98056.1 13.5636 
4700 0.997576 0.0498261 -98059.6 13.594 
4710 0.997576 -0.342756 -98059.5 13.6234 
4720 0.997576 0.01285 -98059.5 13.6492 
4730 0.997576 -0.993828 -98059.5 13.6721 
4740 0.997587 0.39581 -98061.8 13.7026 
4750 0.997587 0.217385 -98061.8 13.7283 
4760 0.997594 -0.661369 -98062.6 13.7539 
4770 0.997564 -0.303975 -98059.6 13.785 
4780 0.997566 -0.762896 -98058.8 13.8145 
4790 0.997589 -0.183462 -98063.5 13.8455 
4800 0.997641 0.606234 -98066.8 13.8733 
4810 0.997635 -0.526449 -98069.4 13.901 
4820 0.997635 0.255345 -98069.4 13.9294 
4830 0.997635 0.756699 -98069.4 13.9581 
4840 0.997616 0.0253786 -98069.3 13.9891 
4850 0.997615 -0.21189 -98066.5 14.0169 
4860 0.997626 -0.825628 -98067.3 14.0455 
4870 0.997626 0.598491 -98067.3 14.0699 
4880 0.997616 0.848739 -98066.4 14.0967 
4890 0.997592 0.01295 -98064.9 14.1268 
4900 0.997624 0.985354 -98067 14.1569 
4910 0.997545 0.425718 -98070.1 14.1892 
4920 0.997541 -0.975872 -98074.4 14.2187 
4930 0.997567 0.0983915 -98076.7 14.2484 
4940 0.997557 0.687659 -98075.8 14.2748 
4950 0.997484 0.607478 -98064.5 14.3052 
4960 0.997528 0.289931 -98068.5 14.335 
4970 0.997528 0.692285 -98068.5 14.3634 
4980 0.997538 0.126228 -98070.4 14.3909 
4990 0.997458 -0.110315 -98070.4 14.4204 
5000 0.997458 -0.243627 -98070.4 14.446 
5010 0.997369 -0.310597 -98062.1 14.4788 
5020 0.997429 -0.801766 -98067.6 14.5073 
5030 0.997431 0.577264 -98068 14.5361 
5040 0.997373 -0.253503 -98063.3 14.5667 
5050 0.997384 0.183979 -98064.2 14.5974 
5060 0.997444 0.183239 -98066.7 14.6249 
5070 0.997444 0.515077 -98066.8 14.6504 
5080 0.997404 0.946784 -98064 14.6779 
5090 0.997417 -0.0775023 -98064.4 14.7077 
5100 0.997378 -0.53182 -98057.4 14.7318 
5110 0.997378 -0.540833 -98057.4 14.7575 
5120 0.997379 -0.00508848 -98057.5 14.786 
5130 0.997379 0.604033 -98057.5 14.8117 
5140 0.997373 -0.306284 -98056.5 14.8409 
5150 0.997418 -0.610044 -98054.1 14.8733 
5160 0.997418 -0.852905 -98054.1 14.9016 
5170 0.997418 -0.811278 -98054.1 14.9298 
5180 0.997414 0.44805 -98051.2 14.9607 
5190 0.997431 0.428706 -98053.1 14.9893 
5200 0.997492 -0.0383428 -98059.4 15.0186 
5210 0.99754 -0.013321 -98066.2 15.049 
5220 0.997499 0.786628 -98064.9 15.079 
5230 0.997505 0.285309 -98065.7 15.1092 
5240 0.997505 -0.754687 -98065.7 15.1385 
5250 0.997417 -0.208494 -98060.9 15.1645 
5260 0.997415 0.275617 -98059 15.1943 
5270 0.997395 -0.35806 -98064.9 15.2212 
5280 0.997352 -0.749013 -98063.3 15.2516 
5290 0.997352 -0.0960797 -98063.3 15.2798 
5300 0.997199 -0.196406 -98051.9 15.3113 
5310 0.997158 0.14436 -98047.6 15.3386 
5320 0.997158 -0.897694 -98047.6 15.3671 
5330 0.997421 -0.631951 -98061.3 15.3934 
5340 0.997515 0.802911 -98066.3 15.4239 
5350 0.997515 0.328736 -98066.3 15.4469 
5360 0.997503 0.880249 -98065.1 15.4735 
5370 0.997501 0.492769 -98065 15.4967 
5380 0.9975 -0.988264 -98065.2 15.5227 
5390 0.997502 -0.404512 -98065.1 15.5487 
5400 0.997483 0.732667 -98064.3 15.5793 
5410 0.997483 -0.990171 -98064.4 15.6077 
5420 0.997522 -0.714249 -98068 15.6378 
5430 0.997522 0.13316 -98067.9 15.666 
5440 0.997522 0.380946 -98061.7 15.6966 
5450 0.997522 0.943402 -98061.7 15.7224 
5460 0.997479 0.526046 -98062.2 15.7534 
5470 0.997474 -0.734062 -98061.6 15.7823 
5480 0.997469 0.874755 -98061.6 15.8114 
5490 0.997522 0.731644 -98065.5 15.8422 
5500 0.997511 -0.584316 -98064 15.8728 
5510 0.997507 -0.505784 -98064.2 15.9042 
5520 0.997498 0.0747392 -98062.7 15.9302 
5530 0.997577 0.450658 -98071.4 15.9619 
5540 0.997576 0.90006 -98071.4 15.9902 
5550 0.99756 0.0044082 -98068.3 16.021 
5560 0.99765 -0.122141 -98068.5 16.047 
5570 0.997623 0.181801 -98065.4 16.0735 
5580 0.997608 0.334086 -98063.9 16.1024 
5590 0.997611 -0.996152 -98064.2 16.1318 
5600 0.997614 -0.19093 -98064.9 16.1608 
5610 0.997614 -0.550328 -98064.9 16.1893 
5620 0.997614 -0.684534 -98064.9 16.2187 
5630 0.997619 -0.205033 -98065.4 16.2473 
5640 0.997619 -0.843825 -98065.4 16.2755 
5650 0.997626 -0.250494 -98066.2 16.3043 
5660 0.997541 -0.0344049 -98063.3 16.3323 
5670 0.997541 0.0746773 -98063.2 16.3581 
5680 0.997636 0.271414 -98066.1 16.3893 
5690 0.997532 -0.0179567 -98058.9 16.412 
5700 0.997532 -0.738084 -98058.9 16.4377 
5710 0.997532 -0.778945 -98058.9 16.4635 
5720 0.997561 0.170303 -98066 16.4957 
5730 0.997561 0.0705634 -98066 16.5186 
5740 0.99753 0.924027 -98064.1 16.5484 
5750 0.99753 0.59662 -98064.1 16.5766 
5760 0.997492 0.814524 -98059.5 16.609 
5770 0.997485 0.260306 -98059 16.635 
5780 0.997499 0.315891 -98057.1 16.6605 
5790 0.997499 0.965396 -98057.1 16.6892 
5800 0.997485 0.598535 -98055.6 16.7189 
5810 0.997485 -0.00914712 -98055.6 16.7446 
5820 0.997485 -0.494523 -98055.6 16.7733 
5830 0.997415 -0.673411 -98052.7 16.8056 
5840 0.99744 -0.0213011 -98056.3 16.8306 
5850 0.997415 0.382311 -98053.7 16.8618 
5860 0.997453 -0.532711 -98052.1 16.8923 
5870 0.997504 0.12025 -98065.1 16.92 
5880 0.997515 -0.795193 -98065.5 16.9498 
5890 0.997516 -0.503351 -98065.7 16.9785 
5900 0.997531 -0.702399 -98068.8 17.0092 
5910 0.997531 0.501784 -98068.8 17.0348 
5920 0.997531 -0.39541 -98068.8 17.0633 
5930 0.997494 -0.44636 -98065.3 17.0929 
5940 0.997448 0.549925 -98060.3 17.1227 
5950 0.997448 0.14898 -98060.4 17.1455 
5960 0.997463 0.524267 -98063 17.1786 
5970 0.997463 0.888599 -98063 17.2071 
5980 0.997437 -0.614826 -98061.7 17.238 
5990 0.997378 -0.139478 -98051.5 17.2706 
6000 0.997343 -0.923117 -98048.1 17.3005 
6010 0.997313 -0.60444 -98045.9 17.3276 
6020 0.997311 0.408605 -98046 17.3541 
6030 0.997274 0.170255 -98041.8 17.3859 
6040 0.997327 0.76452 -98045 17.4135 
6050 0.997327 -0.913354 -98045.1 17.4367 
6060 0.997311 -0.657891 -98043.3 17.4662 
6070 0.997299 0.0105513 -98048.6 17.5006 
6080 0.997302 -0.783376 -98048.5 17.5302 
6090 0.997302 0.510876 -98048.4 17.5533 
6100 0.9973 0.637673 -98048 17.5803 
6110 0.997299 -0.951653 -98047.4 17.6111 
6120 0.997299 0.116264 -98047.5 17.6367 
6130 0.997471 0.352821 -98055.8 17.6701 
6140 0.997466 -0.106022 -98056.4 17.7001 
6150 0.997541 0.00771109 -98063.9 17.7316 
6160 0.997444 -0.447394 -98059.2 17.7617 
6170 0.997496 0.800323 -98061.9 17.7928 
6180 0.997502 0.335755 -98062.5 17.8217 
6190 0.997446 -0.227138 -98062.2 17.8514 
6200 0.997468 0.0515264 -98063.9 17.8791 
6210 0.997467 -0.46502 -98063.8 17.9047 
6220 0.997473 -0.0599593 -98063.9 17.9313 
6230 0.997559 -0.782662 -98067.4 17.9601 
6240 0.997543 0.53128 -98068.3 17.9905 
6250 0.997549 0.604162 -98071.7 18.0211 
6260 0.997549 0.950147 -98071.7 18.0498 
6270 0.997549 0.939946 -98071.8 18.0782 
6280 0.997553 -0.758907 -98072.9 18.1093 
6290 0.997553 -0.838082 -98072.9 18.1378 
6300 0.997549 -0.594397 -98072.5 18.1636 
6310 0.997513 0.240553 -98066.4 18.1922 
6320 0.997513 -0.483822 -98066.4 18.2206 
6330 0.997428 0.916205 -98060.5 18.2516 
6340 0.997326 0.4669 -98053.5 18.2828 
6350 0.997331 -0.345484 -98057.6 18.3154 
6360 0.997386 -0.855085 -98067.2 18.3473 
6370 0.997386 -0.100648 -98067.2 18.3755 
6380 0.997423 -0.234847 -98070.2 18.407 
6390 0.99752 0.0974815 -98075.3 18.437 
6400 0.99751 0.282651 -98074.1 18.466 
6410 0.99751 -0.418559 -98074.1 18.4946 
6420 0.997584 -0.0377533 -98080.6 18.522 
6430 0.997604 0.636693 -98076.4 18.5522 
6440 0.997602 0.720504 -98076.1 18.5805 
6450 0.997602 0.0904387 -98076.2 18.6034 
6460 0.997593 -0.201866 -98075.4 18.6302 
6470 0.997593 -0.550121 -98075.4 18.6587 
6480 0.997589 -0.357978 -98074.9 18.6851 
6490 0.997586 0.508861 -98075.1 18.709 
6500 0.997535 0.41924 -98071.1 18.7425 
6510 0.997535 -0.976221 -98071.2 18.771 
6520 0.997535 0.263194 -98071.2 18.7966 
6530 0.997464 -0.930189 -98063 18.8258 
6540 0.997464 -0.310686 -98063 18.8541 
6550 0.997484 -0.263537 -98064.4 18.8802 
6560 0.997479 0.227727 -98064 18.9088 
6570 0.997464 -0.910572 -98065.3 18.9366 
6580 0.997324 -0.0229232 -98051.5 18.967 
6590 0.997414 -0.0992122 -98060.3 18.9961 
6600 0.997465 -0.331053 -98067.5 19.0254 
6610 0.997465 0.124938 -98067.5 19.0486 
6620 0.997349 0.0655989 -98056.5 19.0772 
6630 0.997361 0.456534 -98057.7 19.1037 
6640 0.997361 0.633548 -98057.7 19.1322 
6650 0.997375 -0.0882198 -98058.8 19.1585 
6660 0.997456 -0.727059 -98059.9 19.1846 
6670 0.997429 0.168872 -98061.6 19.2138 
6680 0.997499 0.730199 -98065.8 19.2441 
6690 0.997546 0.322303 -98068.2 19.2754 
6700 0.997545 0.617113 -98068.1 19.3037 
6710 0.99755 -0.785059 -98067.2 19.3317 
6720 0.997553 -0.590576 -98068.2 19.3611 
6730 0.997662 -0.304753 -98074.2 19.3918 
6740 0.997662 -0.161246 -98074.2 19.4203 
6750 0.997656 -0.913725 -98073.7 19.4466 
6760 0.997616 0.242504 -98071 19.4718 
6770 0.997616 -0.765288 -98071 19.5003 
6780 0.997616 0.732694 -98071.1 19.5288 
6790 0.997572 0.275387 -98067.2 19.5597 
6800 0.997526 0.249743 -98063.2 19.5929 
6810 0.997543 0.283578 -98060.8 19.6244 
6820 0.997556 -0.685946 -98061.9 19.6539 
6830 0.997536 -0.568288 -98060.3 19.6803 
6840 0.997536 0.594168 -98060.3 19.7062 
6850 0.99754 -0.19973 -98053 19.7399 
6860 0.997585 -0.959665 -98057.4 19.7678 
6870 0.997585 0.447046 -98057.4 19.7964 
6880 0.997531 -0.418502 -98057.2 19.8233 
6890 0.997541 0.814986 -98057.7 19.847 
6900 0.997541 0.732835 -98058.4 19.8772 
6910 0.997554 -0.466171 -98059.7 19.9038 
6920 0.997547 -0.783403 -98059.2 19.9327 
6930 0.997547 0.429141 -98059.3 19.961 
6940 0.997547 0.630768 -98059.3 19.9892 
6950 0.997541 0.274926 -98058.7 20.018 
6960 0.997531 0.854982 -98056.8 20.0478 
6970 0.997531 0.100491 -98056.8 20.0763 
6980 0.997549 -0.664814 -98058.8 20.1093 
6990 0.997514 -0.381202 -98056.9 20.1399 
7000 0.997514 0.220372 -98057 20.1685 
7010 0.997477 0.969868 -98057.2 20.1986 
7020 0.997459 -0.271672 -98050.7 20.2308 
7030 0.997459 -0.931952 -98050.7 20.2599 
7040 0.997441 -0.384286 -98048.7 20.2891 
7050 0.997446 -0.541308 -98049.3 20.318 
7060 0.997425 -0.0204646 -98047.3 20.3444 
7070 0.997613 0.73428 -98063.7 20.3729 
7080 0.997422 -0.0578723 -98068.3 20.4008 
7090 0.997513 -0.18576 -98073.7 20.4264 
7100 0.997513 -0.303928 -98073.7 20.4532 
7110 0.997513 0.506494 -98073.6 20.4788 
7120 0.997517 -0.308926 -98072.6 20.5092 
7130 0.997517 0.0213352 -98072.6 20.5376 
7140 0.997517 -0.721238 -98072.6 20.5636 
7150 0.99762 0.746979 -98079.3 20.5947 
7160 0.997648 0.12216 -98081.9 20.622 
7170 0.997516 -0.212154 -98076.1 20.6537 
7180 0.997488 -0.730896 -98073.2 20.6796 
7190 0.997476 -0.215104 -98071 20.7115 
7200 0.997476 -0.936356 -98071 20.74 
7210 0.997476 -0.69834 -98071 20.7683 
7220 0.997439 -0.911825 -98066.3 20.7987 
7230 0.997493 -0.279894 -98068.7 20.8297 
7240 0.997461 0.733285 -98066.3 20.8602 
7250 0.997461 0.258459 -98066.3 20.8893 
7260 0.997503 0.629792 -98071.1 20.9198 
7270 0.997548 0.369863 -98068.8 20.9524 
7280 0.997563 0.746388 -98064.9 20.9837 
7290 0.997589 0.445376 -98070.4 21.0178 
7300 0.997546 -0.188855 -98072.4 21.05 
7310 0.997503 0.494487 -98067.5 21.0787 
7320 0.997503 -0.0848408 -98067.5 21.1069 
7330 0.997516 -0.126123 -98068.4 21.1301 
7340 0.997543 0.352905 -98071.8 21.1619 
7350 0.997605 -0.78389 -98074 21.1928 
7360 0.997605 0.35682 -98074 21.2214 
7370 0.997655 0.819905 -98077.2 21.2522 
7380 0.997655 -0.871141 -98077.1 21.2806 
7390 0.997634 -0.40273 -98075.7 21.312 
7400 0.997634 0.43276 -98075.7 21.3349 
7410 0.997542 0.0632547 -98071.7 21.365 
7420 0.997542 0.134212 -98071.7 21.3934 
7430 0.997578 -0.309877 -98073.7 21.4242 
7440 0.997578 -0.728577 -98073.8 21.4535 
7450 0.997578 -0.309706 -98073.8 21.4795 
7460 0.997578 0.561243 -98073.8 21.508 
7470 0.997585 -0.530527 -98074.4 21.5367 
7480 0.997585 0.484855 -98074.3 21.5624 
7490 0.99763 -0.621113 -98074.8 21.5919 
7500 0.997634 -0.0123022 -98075.4 21.6216 
7510 0.997634 -0.812237 -98075.5 21.6501 
7520 0.997612 -0.548793 -98072.7 21.6778 
7530 0.997612 -0.606022 -98072.7 21.7064 
7540 0.997513 0.816598 -98067.4 21.7328 
7550 0.997512 -0.34814 -98067.4 21.7611 
7560 0.997604 -0.127753 -98065.5 21.7855 
7570 0.997572 0.779311 -98062.4 21.8151 
7580 0.997572 -0.943369 -98062.4 21.8434 
7590 0.997622 0.531147 -98067.2 21.8716 
7600 0.997628 0.635831 -98067.6 21.8982 
7610 0.997628 0.754252 -98067.6 21.9239 
7620 0.997628 0.468319 -98067.6 21.9523 
7630 0.997647 -0.452703 -98069 21.9821 
7640 0.997683 0.111457 -98072.5 22.0087 
7650 0.997694 -0.664375 -98070.9 22.039 
7660 0.997694 -0.875265 -98071 22.0639 
7670 0.997694 -0.539419 -98071 22.0868 
7680 0.997721 0.598199 -98075.2 22.1164 
7690 0.997718 -0.608212 -98072.4 22.1476 
7700 0.997718 0.403691 -98072.4 22.1758 
7710 0.997699 0.980253 -98069.7 22.2073 
7720 0.997699 0.21525 -98069.7 22.2302 
7730 0.997712 -0.937684 -98070.5 22.2604 
7740 0.997711 0.960829 -98070.5 22.286 
7750 0.99771 0.643109 -98069.9 22.3155 
7760 0.997709 -0.719972 -98070.6 22.3451 
7770 0.997721 -0.0579076 -98072.8 22.3717 
7780 0.997707 0.223205 -98071.8 22.4045 
7790 0.997671 0.727557 -98069.6 22.4352 
7800 0.997671 0.769909 -98069.5 22.4609 
7810 0.997648 -0.407882 -98066.6 22.493 
7820 0.99765 0.215285 -98067.8 22.521 
7830 0.99765 -0.844164 -98067.8 22.5467 
7840 0.997575 -0.832053 -98062.2 22.5773 
7850 0.997587 0.49642 -98061.9 22.6084 
7860 0.997596 0.861836 -98062.7 22.6372 
7870 0.997606 0.650895 -98064.2 22.6661 
7880 0.997606 0.474803 -98064.2 22.6924 
7890 0.997598 -0.48631 -98064.2 22.7174 
7900 0.997525 -0.700898 -98056.7 22.7454 
7910 0.997525 -0.234993 -98056.7 22.7737 
7920 0.997525 -0.39896 -98056.6 22.8029 
7930 0.997513 -0.0260916 -98055.7 22.8236 
7940 0.997513 -0.176495 -98055.7 22.8519 
7950 0.99759 -0.60606 -98062.4 22.8842 
7960 0.997578 -0.802903 -98062.7 22.9099 
7970 0.997594 0.305663 -98064 22.939 
7980 0.997616 -0.174571 -98066.3 22.9703 
7990 0.997579 -0.31676 -98061.1 23.0025 
8000 0.997554 -0.333439 -98060 23.0288 
8010 0.997575 0.0259422 -98063.6 23.0595 
8020 0.99748 -0.388464 -98054.8 23.0898 
8030 0.99753 -0.546013 -98059.8 23.1193 
8040 0.997526 0.840536 -98059.5 23.1483 
8050 0.997559 -0.283493 -98065.7 23.1812 
8060 0.9976 -0.455674 -98067.4 23.2086 
8070 0.997616 -0.502346 -98075.3 23.2384 
8080 0.997657 -0.444753 -98077.9 23.2682 
8090 0.997586 0.426984 -98072 23.296 
8100 0.997492 0.708084 -98061.9 23.3247 
8110 0.997492 0.121631 -98061.9 23.3504 
8120 0.997378 -0.0763026 -98053.4 23.3783 
8130 0.997414 0.542032 -98055.9 23.4059 
8140 0.997412 0.819884 -98055.7 23.4353 
8150 0.997394 0.15051 -98053.1 23.4643 
8160 0.997418 0.72675 -98055.3 23.4931 
8170 0.997418 0.224914 -98055.2 23.5187 
8180 0.997484 -0.610499 -98061.8 23.549 
8190 0.997484 0.0266218 -98061.8 23.5779 
8200 0.997461 -0.431261 -98060 23.6071 
8210 0.997453 0.107459 -98059.1 23.6359 
8220 0.99745 0.731371 -98058.7 23.6644 
8230 0.99748 -0.36926 -98062 23.6969 
8240 0.997455 -0.157262 -98060.1 23.7266 
8250 0.997469 0.712487 -98061.4 23.7554 
8260 0.997544 -0.34649 -98068.4 23.787 
8270 0.997544 -0.400312 -98068.3 23.81 
8280 0.997544 0.776158 -98068.4 23.8384 
8290 0.997581 0.0700361 -98071 23.8668 
8300 0.99758 0.754817 -98071 23.8951 
8310 0.997582 -0.762363 -98071.1 23.9239 
8320 0.997589 -0.206582 -98071.6 23.9536 
8330 0.997502 -0.134322 -98065.1 23.9845 
8340 0.997536 -0.584089 -98068 24.0144 
8350 0.997573 0.549036 -98066.9 24.0425 
8360 0.997599 -0.44563 -98068.1 24.0734 
8370 0.997523 0.41662 -98067.4 24.1028 
8380 0.997566 -0.995958 -98070.6 24.1311 
8390 0.997611 0.0701254 -98071.2 24.1605 
8400 0.997655 0.660206 -98072.2 24.1923 
8410 0.997645 -0.918426 -98075.6 24.221 
8420 0.997636 0.694054 -98075 24.2471 
8430 0.997636 -0.727506 -98075 24.2755 
8440 0.997636 -0.315807 -98075 24.3039 
8450 0.997675 0.965013 -98078.7 24.3338 
8460 0.997675 -0.672905 -98078.8 24.3623 
8470 0.997663 0.890005 -98077.4 24.3912 
8480 0.99765 0.0900639 -98075.7 24.422 
8490 0.997693 -0.914864 -98079.6 24.4515 
8500 0.997693 -0.00254128 -98079.6 24.4771 
8510 0.997679 0.298828 -98077.6 24.5074 
8520 0.997651 0.170652 -98076.1 24.5378 
8530 0.997651 0.562657 -98076.1 24.5663 
8540 0.997654 -0.663322 -98074.9 24.5962 
8550 0.997569 -0.762499 -98064.3 24.6284 
8560 0.997452 -0.281729 -98050.8 24.66 
8570 0.997487 -0.992439 -98050.4 24.6914 
8580 0.997528 0.730591 -98055.3 24.7243 
8590 0.997479 0.204645 -98051.3 24.7568 
8600 0.997479 0.166836 -98051.3 24.7852 
8610 0.997579 0.0585716 -98060.3 24.8161 
8620 0.997579 0.599222 -98060.3 24.8445 
8630 0.997414 -0.342489 -98045.4 24.8751 
8640 0.997458 -0.0187898 -98048.8 24.905 
8650 0.997504 0.386599 -98055.5 24.9353 
8660 0.997633 0.787176 -98061.6 24.9662 
8670 0.997633 -0.289095 -98061.7 24.9947 
8680 0.997634 0.740031 -98061.5 25.0254 
8690 0.997625 0.280481 -98060.4 25.0516 
8700 0.997615 0.433123 -98059.2 25.0806 
8710 0.997615 -0.0267975 -98059.2 25.1064 
8720 0.997614 0.477986 -98059.1 25.1298 
8730 0.997613 -0.371597 -98058.3 25.1605 
8740 0.997613 -0.832482 -98058.3 25.1891 
8750 0.997687 0.697248 -98066.8 25.2206 
8760 0.997687 -0.327483 -98066.9 25.2492 
8770 0.997687 0.387637 -98066.9 25.2777 
8780 0.997687 0.748472 -98066.9 25.3069 
8790 0.997697 0.102281 -98067.9 25.3358 
8800 0.997682 -0.487267 -98069.8 25.3694 
8810 0.997547 0.520901 -98064.4 25.4004 
8820 0.997547 0.950616 -98064.4 25.4262 
8830 0.997547 -0.0544637 -98064.5 25.4521 
8840 0.997547 0.823953 -98064.4 25.4788 
8850 0.997522 -0.279235 -98068.7 25.5109 
8860 0.997522 0.887254 -98068.7 25.5394 
8870 0.997533 -0.154587 -98068.1 25.5687 
8880 0.99757 -0.290321 -98072 25.5961 
8890 0.99757 0.839587 -98072 25.6247 
8900 0.99757 -0.685486 -98072 25.6533 
8910 0.99757 0.462437 -98072 25.6816 
8920 0.997584 -0.0246584 -98072.7 25.7081 
8930 0.997593 -0.60162 -98072.8 25.7338 
8940 0.997537 0.406073 -98066.7 25.7615 
8950 0.997537 0.0837054 -98066.6 25.7899 
8960 0.997541 -0.139547 -98067.1 25.8187 
8970 0.997574 -0.600369 -98070.1 25.8517 
8980 0.997517 0.047209 -98069 25.8797 
8990 0.997531 -0.704423 -98070.4 25.9086 
9000 0.997533 -0.0270153 -98070.3 25.9383 
9010 0.997533 0.972068 -98070.2 25.9641 
9020 0.997529 0.883147 -98069.5 25.9913 
9030 0.997481 -0.687327 -98064.4 26.0221 
9040 0.997481 0.150041 -98064.4 26.0505 
9050 0.997501 0.673719 -98064 26.081 
9060 0.99749 0.852406 -98063.2 26.1106 
9070 0.99749 -0.0787687 -98063.2 26.1392 
9080 0.99749 0.257761 -98063.2 26.1649 
9090 0.997498 0.173751 -98063.3 26.194 
9100 0.997492 -0.431788 -98062 26.2228 
9110 0.997536 -0.170125 -98056.1 26.2513 
9120 0.997542 0.805351 -98056.8 26.2803 
9130 0.997542 0.180392 -98056.9 26.3088 
9140 0.997565 0.0405574 -98059.2 26.3385 
9150 0.997583 -0.989347 -98061.2 26.3688 
9160 0.997583 -0.913558 -98061.2 26.3948 
9170 0.997674 0.123937 -98064.9 26.4224 
9180 0.997673 0.738904 -98064.9 26.4508 
9190 0.997678 -0.418493 -98065.3 26.4799 
9200 0.997558 -0.0654828 -98063.2 26.5104 
9210 0.997549 -0.0910144 -98062.4 26.5391 
9220 0.997549 -0.702354 -98062.4 26.5675 
9230 0.997513 -0.722997 -98052.4 26.5968 
9240 0.997405 -0.858241 -98046.1 26.6273 
9250 0.997424 -0.0734461 -98046.7 26.6601 
9260 0.997424 0.62136 -98046.7 26.6887 
9270 0.997469 0.420648 -98047.1 26.7209 
9280 0.997469 0.205021 -98047.1 26.7471 
9290 0.997432 -0.260548 -98044.9 26.7751 
9300 0.997397 0.214737 -98038.1 26.8061 
9310 0.997463 0.648662 -98044.8 26.8373 
9320 0.997475 -0.197043 -98046 26.866 
9330 0.997493 0.0890911 -98045.3 26.8961 
9340 0.997493 0.299133 -98045.3 26.9218 
9350 0.997461 0.562649 -98037.7 26.9534 
9360 0.997467 -0.978146 -98038.3 26.9821 
9370 0.997484 0.025422 -98041.9 27.0098 
9380 0.997468 -0.41111 -98040.4 27.0403 
9390 0.997372 0.429111 -98049.9 27.0737 
9400 0.997364 -0.401738 -98049.7 27.1048 
9410 0.997364 -0.456573 -98049.7 27.1308 
9420 0.997365 0.582103 -98052.9 27.1602 
9430 0.997365 0.908879 -98052.9 27.1886 
9440 0.997354 -0.536349 -98052.1 27.2177 
9450 0.997354 0.0871834 -98052.2 27.2442 
9460 0.997352 0.0562656 -98052 27.2709 
9470 0.997535 0.172213 -98063.5 27.3033 
9480 0.997528 0.125576 -98060.5 27.3312 
9490 0.997461 0.38373 -98052.4 27.3635 
9500 0.99746 -0.801654 -98052.3 27.3892 
9510 0.99746 -0.185724 -98052.3 27.4094 
9520 0.997479 -0.779987 -98055.8 27.4408 
9530 0.997547 0.504988 -98058.1 27.4716 
9540 0.997589 0.0079824 -98060.5 27.4949 
9550 0.997663 -0.658278 -98068.7 27.5262 
9560 0.997641 0.416397 -98066.5 27.5576 
9570 0.997641 0.272596 -98066.5 27.5859 
9580 0.997695 -0.0880827 -98071.1 27.6162 
9590 0.997763 -0.0384178 -98079.7 27.6468 
9600 0.997701 0.297814 -98072.9 27.6779 
9610 0.997606 0.870542 -98064.2 27.7087 
9620 0.997627 0.563204 -98065.6 27.7404 
9630 0.997656 0.0942349 -98068.2 27.7696 
9640 0.997647 -0.866553 -98072 27.8017 
9650 0.997607 0.00988439 -98069.3 27.8302 
9660 0.997659 -0.924882 -98070.2 27.861 
9670 0.997659 0.025092 -98070.3 27.8894 
9680 0.997603 -0.0638837 -98064.9 27.9218 
9690 0.997598 0.40809 -98062.7 27.9519 
9700 0.997633 -0.600818 -98066.3 27.9791 
9710 0.997643 0.165863 -98067.4 28.0092 
9720 0.997604 0.801329 -98063.1 28.0387 
9730 0.997551 0.238477 -98060.6 28.0692 
9740 0.997569 -0.932113 -98061.5 28.0951 
9750 0.997547 0.660729 -98058.7 28.1227 
9760 0.997547 0.165954 -98058.7 28.1511 
9770 0.997617 0.498043 -98063.6 28.1781 
9780 0.997581 0.566558 -98060.5 28.2072 
9790 0.997557 0.681359 -98057.3 28.2381 
9800 0.997558 0.35021 -98057.4 28.264 
9810 0.997588 0.197932 -98060 28.2941 
9820 0.997588 0.726116 -98060 28.3199 
9830 0.997588 -0.90051 -98060 28.3483 
9840 0.997588 0.457203 -98060 28.3746 
9850 0.997633 0.471448 -98057.8 28.4031 
9860 0.99763 -0.218995 -98058.7 28.4303 
9870 0.997603 -0.471367 -98059.2 28.4609 
9880 0.997684 -0.318501 -98065.6 28.4917 
9890 0.997661 0.866055 -98067.8 28.5246 
9900 0.99767 0.133277 -98068.2 28.5548 
9910 0.99767 0.137308 -98068.3 28.5803 
9920 0.997729 0.423969 -98076.5 28.6101 
9930 0.997719 -0.128223 -98079.8 28.64 
9940 0.997711 -0.880375 -98079.6 28.668 
9950 0.997577 0.558079 -98075.4 28.6979 
9960 0.997594 -0.460617 -98076.9 28.7271 
9970 0.997595 0.276927 -98076.9 28.7528 
9980 0.997611 -0.367362 -98076.2 28.7828 
9990 0.99761 0.83094 -98076.2 28.8119 
10000 0.997546 0.508502 -98072.2 28.8392 
