0 1 1 -98304 0 
10 1 0.364767 -98304 0.0286222 
20 1 -0.0370203 -98304 0.0603618 
30 1 0.540394 -98304 0.0900634 
40 1 -0.777861 -98304 0.12172 
50 1 0.821361 -98304 0.154011 
60 1 -0.426359 -98304 0.186615 
70 1 -0.120149 -98304 0.220305 
80 1 -0.647517 -98304 0.250316 
90 0.999952 0.936791 -98297.7 0.284582 
100 0.999854 0.606716 -98285.2 0.312818 
110 0.999854 0.186043 -98285.2 0.341591 
120 0.999866 0.427679 -98286.7 0.375169 
130 0.999862 0.663512 -98286.3 0.401104 
140 0.999862 0.102226 -98286.2 0.433158 
150 0.999862 -0.952676 -98286.3 0.465638 
160 0.999797 0.735885 -98283.2 0.493225 
170 0.999808 -0.813242 -98283.3 0.528921 
180 0.999808 0.178402 -98283.2 0.559258 
190 0.999725 0.395757 -98273 0.59541 
200 0.999725 0.731631 -98273 0.621106 
210 0.999724 -0.615439 -98273 0.654614 
220 0.999723 -0.358574 -98272.8 0.689036 
230 0.999723 0.834768 -98272.9 0.719465 
240 0.999723 -0.458472 -98272.8 0.748764 
250 0.99971 0.844691 -98271.1 0.783574 
260 0.999794 0.0650953 -98281.5 0.815595 
270 0.999798 0.633381 -98281.9 0.846302 
280 0.999731 0.843087 -98273.3 0.882359 
290 0.999731 0.257192 -98273.3 0.910054 
300 0.999731 -0.923052 -98273.3 0.937155 
310 0.999746 0.876746 -98275.4 0.969673 
320 0.999725 0.826132 -98272.6 1.00434 
330 0.999288 -0.507263 -98222.5 1.04192 
340 0.999338 -0.55441 -98228.7 1.07632 
350 0.99935 -0.592153 -98230.3 1.10555 
360 0.99935 0.717266 -98230.2 1.13741 
370 0.999333 0.757387 -98228 1.17395 
380 0.99913 0.0360598 -98205.9 1.21516 
390 0.99913 -0.871782 -98205.9 1.24299 
400 0.998894 0.0692681 -98178.7 1.2784 
410 0.998894 -0.875301 -98178.7 1.31104 
420 0.998893 0.431869 -98178.7 1.34401 
430 0.998983 0.702613 -98189.5 1.37778 
440 0.998823 0.0992945 -98170.6 1.41492 
450 0.998823 -0.828664 -98170.6 1.44713 
460 0.998823 0.607097 -98170.5 1.48014 
470 0.99859 -0.225827 -98145.6 1.51715 
480 0.99859 -0.657751 -98145.6 1.5478 
490 0.998569 0.0978523 -98142.9 1.57509 
500 0.998762 0.220862 -98167 1.60876 
510 0.998699 0.411743 -98160 1.64507 
520 0.998761 0.485575 -98168.1 1.67509 
530 0.998761 0.974837 -98168.1 1.70466 
540 0.998772 -0.403701 -98169.7 1.73495 
550 0.998514 0.468812 -98147.8 1.76819 
560 0.998523 -0.73252 -98147.7 1.80233 
570 0.998282 -0.0301161 -98143.9 1.83227 
580 0.998366 -0.97166 -98152 1.8659 
590 0.998366 0.740016 -98152 1.89845 
600 0.998398 0.825163 -98155.5 1.93297 
610 0.998385 -0.845113 -98154.8 1.96148 
620 0.998148 -0.264812 -98131.2 1.99628 
630 0.998089 0.291229 -98116.9 2.02526 
640 0.997759 0.950983 -98088.6 2.06383 
650 0.997856 -0.605654 -98087.3 2.09388 
660 0.997856 -0.0157956 -98087.4 2.12459 
670 0.997856 -0.909189 -98087.4 2.15518 
680 0.997836 -0.472657 -98084.7 2.18465 
690 0.997837 0.705355 -98084.8 2.21527 
700 0.997846 0.103331 -98086.6 2.24392 
710 0.997937 0.308159 -98095 2.27105 
720 0.997944 -0.147748 -98093.1 2.30105 
730 0.997983 -0.54397 -98096.6 2.33138 
740 0.997983 0.900676 -98096.5 2.36502 
750 0.997892 -0.480417 -98092.7 2.3982 
760 0.997898 0.889166 -98093.5 2.43132 
770 0.997898 -0.831592 -98093.5 2.46284 
780 0.99795 -0.334459 -98089.2 2.49322 
790 0.99795 0.481697 -98089.2 2.52606 
800 0.997944 -0.682274 -98087.7 2.55959 
810 0.997946 0.367398 -98087.8 2.59049 
820 0.997786 -0.836218 -98077.1 2.62047 
830 0.997659 0.929825 -98067.9 2.65377 
840 0.997659 0.242579 -98067.8 2.68288 
850 0.997659 0.667591 -98067.8 2.71702 
860 0.997717 -0.253719 -98073.8 2.75182 
870 0.99765 -0.64402 -98068.9 2.78451 
880 0.99765 -0.401632 -98068.9 2.81549 
890 0.9975 0.208976 -98054.9 2.85388 
900 0.997624 -0.201644 -98065.3 2.89079 
910 0.997672 0.360123 -98067.5 2.92515 
920 0.997711 -0.956092 -98068.4 2.95536 
930 0.997714 0.179304 -98068.5 2.98772 
940 0.997712 0.922473 -98069 3.01864 
950 0.997713 -0.618828 -98069.4 3.05329 
960 0.997784 -0.510549 -98074.7 3.08705 
970 0.997746 -0.254137 -98070.2 3.12391 
980 0.99778 0.00578387 -98075.5 3.15655 
990 0.997784 0.531721 -98074.3 3.1853 
1000 0.997784 0.256867 -98074.3 3.21573 
1010 0.997702 0.125983 -98069.8 3.25589 
1020 0.997641 -0.8677 -98080.9 3.28881 
1030 0.997701 -0.978984 -98083.1 3.32214 
1040 0.997692 0.341131 -98081.4 3.35287 
1050 0.997703 0.859051 -98080 3.38759 
1060 0.997696 -0.310511 -98079.3 3.42373 
1070 0.997684 0.0269197 -98079.5 3.45819 
1080 0.997662 -0.761663 -98077.4 3.48841 
1090 0.997662 -0.338891 -98077.4 3.5205 
1100 0.997666 0.629728 -98077.7 3.5531 
1110 0.997653 -0.00920849 -98076.5 3.58239 
1120 0.997653 0.481585 -98076.5 3.61494 
1130 0.997654 0.36528 -98076.4 3.64869 
1140 0.99767 0.136031 -98078 3.68046 
1150 0.997667 -0.309828 -98077.5 3.70924 
1160 0.997703 -0.659933 -98080.6 3.74398 
1170 0.997703 -0.907072 -98080.6 3.77547 
1180 0.997703 0.930401 -98080.6 3.8103 
1190 0.997702 -0.965276 -98080.1 3.8415 
1200 0.997699 -0.540574 -98079.9 3.87138 
1210 0.997697 -0.0995643 -98079.9 3.90028 
1220 0.997697 -0.566289 -98079.9 3.93309 
1230 0.997697 -0.0319594 -98079.9 3.9643 
1240 0.997696 -0.713742 -98079.5 3.9962 
1250 0.997612 -0.0637606 -98070.6 4.03317 
1260 0.997703 -0.3679 -98076.9 4.06861 
1270 0.997681 0.949911 -98075.1 4.10545 
1280 0.997671 -0.317769 -98074.3 4.13868 
1290 0.997627 0.225376 -98076.5 4.17519 
1300 0.997628 0.705588 -98077.1 4.20846 
1310 0.997634 -0.797189 -98076.1 4.24483 
1320 0.997634 -0.829301 -98076 4.27375 
1330 0.99759 0.47873 -98071 4.30986 
1340 0.997631 -0.748002 -98075.4 4.34462 
1350 0.997613 -0.893396 -98072.8 4.37502 
1360 0.997621 -0.573205 -98073.5 4.40698 
1370 0.997621 -0.126976 -98073.5 4.44237 
1380 0.997625 0.248332 -98072.6 4.47636 
1390 0.997654 0.00358795 -98069.9 4.50485 
1400 0.997659 0.618103 -98070.5 4.53718 
1410 0.997594 0.355489 -98066.5 4.5705 
1420 0.997598 0.668373 -98073.3 4.59893 
1430 0.997638 0.808264 -98077.5 4.63293 
1440 0.997682 0.0882815 -98074.9 4.66822 
1450 0.997614 0.275258 -98066.7 4.70103 
1460 0.997614 0.817475 -98066.7 4.73253 
1470 0.997614 -0.251957 -98066.7 4.75943 
1480 0.997614 0.75234 -98066.7 4.78887 
1490 0.997592 -0.80968 -98064.7 4.82217 
1500 0.997591 -0.290031 -98064.6 4.85638 
1510 0.997571 -0.36079 -98062.5 4.89451 
1520 0.997603 -0.495846 -98065.5 4.92757 
1530 0.99767 0.972602 -98068.7 4.95707 
1540 0.99767 0.814043 -98068.7 4.99259 
1550 0.99767 -0.791259 -98068.7 5.02227 
1560 0.99767 -0.368547 -98068.6 5.05601 
1570 0.99767 -0.282574 -98068.6 5.08562 
1580 0.997708 -0.108197 -98071.3 5.12364 
1590 0.997708 0.673115 -98071.3 5.15581 
1600 0.997565 0.497642 -98054.1 5.1906 
1610 0.997544 0.242819 -98052.2 5.22114 
1620 0.997529 -0.705489 -98050.5 5.25967 
1630 0.997508 -0.0152559 -98050.6 5.29431 
1640 0.997645 0.759005 -98068.3 5.3235 
1650 0.99762 0.664722 -98066.6 5.35295 
1660 0.997622 -0.548833 -98066.9 5.38771 
1670 0.997622 0.567604 -98066.9 5.42115 
1680 0.997662 0.148057 -98072 5.44885 
1690 0.997682 0.266582 -98074.4 5.48193 
1700 0.99769 -0.802249 -98074.6 5.51893 
1710 0.99769 -0.952014 -98074.6 5.54697 
1720 0.99769 0.961312 -98074.6 5.57778 
1730 0.997629 0.628264 -98068.3 5.61238 
1740 0.997624 -0.150854 -98067.1 5.64054 
1750 0.997627 -0.411197 -98067.4 5.67285 
1760 0.997627 -0.3374 -98067.4 5.70539 
1770 0.997693 -0.992175 -98072.4 5.74004 
1780 0.99768 0.469108 -98072.3 5.77448 
1790 0.997686 0.68782 -98073.2 5.80848 
1800 0.997681 -0.595163 -98072.7 5.84247 
1810 0.997681 0.621709 -98072.7 5.87628 
1820 0.997668 -0.191534 -98070.9 5.90622 
1830 0.997658 -0.806745 -98070.1 5.93884 
1840 0.997657 -0.342096 -98070 5.97506 
1850 0.997668 -0.893848 -98071.7 6.00832 
1860 0.997622 -0.810578 -98066.3 6.04446 
1870 0.997603 0.258808 -98064.4 6.07865 
1880 0.997576 0.486795 -98062.7 6.11321 
1890 0.997526 -0.667246 -98056.9 6.14759 
1900 0.997528 -0.930336 -98057 6.17361 
1910 0.997582 0.978304 -98061.8 6.20591 
1920 0.997537 0.934763 -98056.4 6.24276 
1930 0.997586 -0.308659 -98062 6.27423 
1940 0.997536 -0.865498 -98059.9 6.30775 
1950 0.99755 0.255779 -98063.7 6.34003 
1960 0.997429 -0.00893607 -98054.2 6.37149 
1970 0.997429 0.181097 -98054.2 6.40002 
1980 0.997429 -0.702753 -98054.2 6.43073 
1990 0.997388 -0.373882 -98049.5 6.46603 
2000 0.997484 -0.0740829 -98059.7 6.50264 
2010 0.997581 -0.525375 -98066.2 6.54047 
2020 0.997616 0.821192 -98064.4 6.57656 
2030 0.997617 -0.457283 -98064.4 6.61171 
2040 0.997617 -0.828292 -98064.5 6.64534 
2050 0.997617 -0.391261 -98064.5 6.67938 
2060 0.997529 -0.888535 -98060.4 6.71503 
2070 0.997523 -0.174963 -98059.9 6.74428 
2080 0.997549 0.0540325 -98055.8 6.78013 
2090 0.997609 -0.37828 -98057.8 6.81175 
2100 0.997609 -0.234072 -98057.8 6.84445 
2110 0.99743 -0.92145 -98049.8 6.884 
2120 0.99743 -0.0985669 -98049.8 6.91761 
2130 0.99743 -0.455298 -98049.8 6.95114 
2140 0.99743 0.526958 -98049.8 6.98268 
2150 0.997424 -0.264266 -98049.5 7.01152 
2160 0.997415 0.434312 -98052.5 7.04742 
2170 0.997457 0.784292 -98054.5 7.08314 
2180 0.997451 -0.586452 -98054 7.11437 
2190 0.997478 -0.632497 -98056.6 7.14709 
2200 0.997505 0.164042 -98058.5 7.17659 
2210 0.997582 0.10457 -98062.3 7.20766 
2220 0.997525 0.103082 -98057.9 7.2428 
2230 0.997589 0.184145 -98063.6 7.27778 
2240 0.997589 -0.465485 -98063.6 7.31154 
2250 0.997562 0.92535 -98060.5 7.34527 
2260 0.997614 -0.550196 -98066.1 7.3769 
2270 0.997595 -0.135682 -98064.3 7.4125 
2280 0.997595 -0.989759 -98064.3 7.44433 
2290 0.997595 0.115475 -98064.3 7.47786 
2300 0.997483 0.253522 -98046.9 7.51669 
2310 0.997483 -0.992053 -98046.9 7.54894 
2320 0.997473 0.930226 -98047.2 7.58057 
2330 0.997473 0.790797 -98047.2 7.61539 
2340 0.997575 -0.477745 -98054.9 7.64991 
2350 0.99758 0.917565 -98055.1 7.682 
2360 0.997665 0.0119773 -98062.9 7.71654 
2370 0.997643 0.742297 -98061.4 7.75356 
2380 0.997716 -0.730063 -98069.4 7.7889 
2390 0.997716 -0.704372 -98069.4 7.81897 
2400 0.997711 0.696605 -98068.8 7.85065 
2410 0.997711 -0.495682 -98068.8 7.8818 
2420 0.997746 -0.845741 -98071.3 7.91193 
2430 0.997751 -0.390809 -98071.9 7.94353 
2440 0.997751 -0.0740151 -98072 7.97415 
2450 0.997751 0.946888 -98071.9 8.00187 
2460 0.997751 0.12477 -98071.9 8.03246 
2470 0.997686 -0.665331 -98060.4 8.06308 
2480 0.997763 0.31023 -98068.5 8.09569 
2490 0.997715 -0.120039 -98068 8.13063 
2500 0.997654 0.22553 -98064.1 8.16211 
2510 0.997647 -0.74417 -98063.4 8.1901 
2520 0.997647 0.918452 -98063.4 8.2231 
2530 0.997645 0.471878 -98063.3 8.25605 
2540 0.997645 -0.711592 -98063.2 8.28685 
2550 0.997642 -0.883958 -98062.8 8.31807 
2560 0.997633 0.100365 -98061.3 8.35027 
2570 0.997643 -0.272411 -98060.9 8.3842 
2580 0.997643 0.0210538 -98060.9 8.41469 
2590 0.997643 0.603982 -98060.9 8.44834 
2600 0.997562 -0.749339 -98053.8 8.47889 
2610 0.997577 0.793665 -98055 8.5136 
2620 0.997577 0.784237 -98055 8.54385 
2630 0.997657 0.358391 -98060.9 8.56862 
2640 0.997657 -0.240888 -98060.9 8.59236 
2650 0.99766 -0.0751329 -98061.8 8.62362 
2660 0.997684 0.0558715 -98063.8 8.65428 
2670 0.997684 -0.853851 -98063.8 8.68307 
2680 0.997568 -0.240548 -98056.1 8.71984 
2690 0.997549 -0.812802 -98057.4 8.75469 
2700 0.997549 -0.193336 -98057.4 8.78698 
2710 0.997444 -0.979307 -98058.7 8.82055 
2720 0.997435 0.291999 -98056.9 8.85324 
2730 0.997435 -0.736352 -98056.9 8.88393 
2740 0.997429 -0.959836 -98053.6 8.92529 
2750 0.99741 0.538423 -98050.9 8.95969 
2760 0.99741 -0.276004 -98050.9 8.9938 
2770 0.997451 0.775675 -98055 9.02965 
2780 0.997447 0.0713595 -98053.4 9.05948 
2790 0.997504 0.954109 -98056.4 9.08583 
2800 0.997503 -0.835301 -98056.3 9.11722 
2810 0.997503 0.803853 -98056.3 9.14788 
2820 0.997573 0.967198 -98054.7 9.18196 
2830 0.997573 0.902567 -98054.7 9.21306 
2840 0.997573 -0.691845 -98054.7 9.24308 
2850 0.997506 0.668149 -98049.2 9.27921 
2860 0.997506 0.868794 -98049.2 9.31133 
2870 0.997542 0.718596 -98056.7 9.34625 
2880 0.997544 -0.610457 -98057.1 9.38113 
2890 0.997544 0.2106 -98057 9.41481 
2900 0.997544 -0.387347 -98057.1 9.44557 
2910 0.99766 -0.285051 -98068.3 9.48052 
2920 0.997611 -0.61148 -98063.9 9.51455 
2930 0.997636 0.978431 -98062.9 9.5565 
2940 0.997632 -0.443561 -98062.3 9.5886 
2950 0.997575 0.382 -98056 9.62529 
2960 0.997519 0.0392262 -98049.4 9.65905 
2970 0.997411 0.448908 -98050.2 9.69331 
2980 0.997491 0.711092 -98051.4 9.72826 
2990 0.997492 0.171548 -98051.4 9.76115 
3000 0.997579 -0.901463 -98061.2 9.79575 
3010 0.997581 -0.513464 -98061.4 9.83195 
3020 0.997483 0.31723 -98059.4 9.86307 
3030 0.997483 0.314373 -98059.4 9.89391 
3040 0.997421 -0.937819 -98058.3 9.92663 
3050 0.997446 0.893106 -98062.1 9.95851 
3060 0.997516 -0.433235 -98066.5 9.99345 
3070 0.997641 -0.196242 -98072 10.0246 
3080 0.997619 -0.925387 -98070.4 10.0509 
3090 0.997599 -0.689849 -98069.1 10.0828 
3100 0.997624 -0.944646 -98071.5 10.1179 
3110 0.99753 -0.471107 -98066.4 10.1538 
3120 0.99753 -0.663858 -98066.4 10.185 
3130 0.99753 -0.650703 -98066.4 10.2171 
3140 0.997523 -0.460696 -98065.9 10.2493 
3150 0.997523 -0.366996 -98065.9 10.2838 
3160 0.997483 -0.123247 -98055.3 10.319 
3170 0.997483 0.418011 -98055.3 10.3501 
3180 0.997433 0.320017 -98050.8 10.3837 
3190 0.997433 -0.0152248 -98050.8 10.4129 
3200 0.997417 0.525791 -98049.4 10.4448 
3210 0.997417 -0.404586 -98049.5 10.4762 
3220 0.997414 -0.949146 -98049.1 10.5084 
3230 0.997386 0.096164 -98046.3 10.5375 
3240 0.997449 0.83334 -98049.8 10.5748 
3250 0.997486 0.459243 -98053 10.6134 
3260 0.997485 0.269841 -98053 10.6429 
3270 0.997499 0.407841 -98054.1 10.6745 
3280 0.997443 -0.303241 -98048.3 10.7129 
3290 0.99745 0.618192 -98054.8 10.7432 
3300 0.997602 0.11869 -98067.5 10.7828 
3310 0.9976 0.395348 -98067.4 10.8116 
3320 0.997622 0.824019 -98069.6 10.8463 
3330 0.997622 -0.0696912 -98069.6 10.8804 
3340 0.997622 0.263606 -98069.6 10.9121 
3350 0.997622 -0.836057 -98069.6 10.9431 
3360 0.997686 -0.208894 -98078.4 10.9834 
3370 0.997705 0.0530212 -98080.2 11.0092 
3380 0.997605 0.542937 -98075.6 11.0445 
3390 0.997604 -0.480615 -98075.3 11.0797 
3400 0.997603 0.0162762 -98075.3 11.1132 
3410 0.997513 -0.912223 -98068.1 11.1492 
3420 0.997513 0.2655 -98068.1 11.182 
3430 0.997512 0.126562 -98068 11.2173 
3440 0.997517 -0.841342 -98068.9 11.2518 
3450 0.997497 -0.345634 -98066.6 11.2814 
3460 0.997513 -0.437873 -98065.9 11.3144 
3470 0.997523 0.348025 -98067.4 11.3507 
3480 0.997517 -0.313699 -98066.7 11.3827 
3490 0.997517 -0.713796 -98066.7 11.4176 
3500 0.997517 0.356268 -98066.7 11.4523 
3510 0.997517 0.467461 -98066.7 11.486 
3520 0.997526 0.0841027 -98064.3 11.5123 
3530 0.997492 -0.2681 -98066.4 11.5481 
3540 0.997504 0.431693 -98066.6 11.5847 
3550 0.997504 -0.373625 -98066.6 11.616 
3560 0.997503 0.432444 -98066.4 11.644 
3570 0.997564 -0.284422 -98067.3 11.6782 
3580 0.997564 -0.189119 -98067.3 11.71 
3590 0.997564 -0.819982 -98067.3 11.7377 
3600 0.997519 0.520015 -98063.2 11.7694 
3610 0.997511 0.388694 -98062.3 11.8002 
3620 0.997511 0.888852 -98062.3 11.828 
3630 0.99752 0.50779 -98063.1 11.859 
3640 0.99752 -0.0436723 -98063.1 11.8896 
3650 0.997597 0.63998 -98060.7 11.922 
3660 0.997593 -0.278731 -98060.2 11.9511 
3670 0.997593 -0.0777257 -98060.2 11.9837 
3680 0.997574 -0.730496 -98057.9 12.0156 
3690 0.997574 -0.690307 -98057.8 12.0463 
3700 0.997525 -0.846207 -98058.4 12.0813 
3710 0.997556 -0.750841 -98061.4 12.1162 
3720 0.997569 -0.191327 -98064.6 12.146 
3730 0.997482 -0.968831 -98064.9 12.1819 
3740 0.997481 0.210897 -98064.9 12.2131 
3750 0.99759 0.407826 -98072 12.2503 
3760 0.99759 0.981523 -98072 12.2829 
3770 0.997594 -0.693138 -98072.4 12.3149 
3780 0.997516 -0.513071 -98075.2 12.3508 
3790 0.997569 -0.618556 -98079.8 12.3847 
3800 0.99758 0.0973512 -98080.8 12.4151 
3810 0.997554 -0.549355 -98078.4 12.4503 
3820 0.997544 0.942028 -98078.4 12.4865 
3830 0.997529 -0.716414 -98078.3 12.5204 
3840 0.997504 -0.919716 -98076.3 12.5526 
3850 0.997504 -0.623996 -98076.3 12.5874 
3860 0.997504 0.422794 -98076.3 12.6185 
3870 0.997554 -0.656116 -98079 12.6496 
3880 0.997554 0.0239132 -98079 12.6802 
3890 0.997554 0.905056 -98079 12.7115 
3900 0.997514 -0.772589 -98075.9 12.7461 
3910 0.997375 0.101046 -98066.7 12.7796 
3920 0.997375 0.509409 -98066.7 12.8075 
3930 0.99743 -0.76692 -98070.9 12.8421 
3940 0.99756 0.157296 -98073.4 12.8746 
3950 0.997535 -0.201475 -98072.7 12.9095 
3960 0.997517 0.479712 -98072.1 12.9436 
3970 0.997505 -0.640896 -98073.3 12.9801 
3980 0.997492 0.824607 -98073.1 13.0153 
3990 0.997492 0.189601 -98073.1 13.0492 
4000 0.997522 0.474297 -98074.1 13.079 
4010 0.997501 0.883226 -98072.6 13.107 
4020 0.997518 -0.326051 -98072.4 13.1401 
4030 0.99751 0.751305 -98071.9 13.1719 
4040 0.99762 0.297898 -98080.3 13.2085 
4050 0.99762 0.465446 -98080.3 13.2422 
4060 0.99762 0.764515 -98080.3 13.2729 
4070 0.997724 0.60653 -98078.6 13.3043 
4080 0.997593 0.368111 -98080.2 13.3373 
4090 0.997559 -0.613262 -98077.3 13.3715 
4100 0.997569 0.772803 -98077.9 13.4045 
4110 0.997575 -0.705524 -98078.7 13.4363 
4120 0.997537 0.309035 -98074.7 13.4707 
4130 0.997528 0.579621 -98073.7 13.499 
4140 0.997598 0.0248182 -98077.8 13.5354 
4150 0.997598 0.468062 -98077.8 13.5661 
4160 0.997583 0.0475496 -98077.1 13.6007 
4170 0.99759 -0.58086 -98078 13.6316 
4180 0.997593 -0.180723 -98076.9 13.6625 
4190 0.997508 0.269761 -98068.9 13.6943 
4200 0.997563 0.0594873 -98069.2 13.7255 
4210 0.997612 0.0909716 -98077.1 13.7624 
4220 0.997613 0.110129 -98077.2 13.7984 
4230 0.997613 -0.942197 -98077.3 13.8294 
4240 0.997627 -0.53478 -98075.8 13.8654 
4250 0.997615 0.243231 -98074.2 13.9015 
4260 0.997554 -0.549455 -98068.4 13.9368 
4270 0.997546 -0.716951 -98067.4 13.9695 
4280 0.997573 -0.581153 -98070.3 14.0063 
4290 0.997573 -0.908054 -98070.2 14.0355 
4300 0.99759 -0.43166 -98072 14.0706 
4310 0.997592 0.832992 -98072 14.1022 
4320 0.997635 -0.893215 -98074.9 14.1361 
4330 0.997649 0.453401 -98067.6 14.1712 
4340 0.997655 0.912153 -98072.2 14.2064 
4350 0.997617 -0.495971 -98067.8 14.2445 
4360 0.997643 -0.483935 -98070.3 14.2796 
4370 0.997616 -0.721385 -98064.7 14.31 
4380 0.997624 0.34705 -98064.6 14.3438 
4390 0.997624 -0.147746 -98064.6 14.3762 
4400 0.99767 0.749467 -98069 14.4111 
4410 0.997697 0.618946 -98070.6 14.4502 
4420 0.997697 -0.371123 -98070.6 14.4836 
4430 0.997634 -0.142867 -98065.2 14.5138 
4440 0.997664 0.716374 -98067.2 14.5487 
4450 0.997675 0.30477 -98067.6 14.5863 
4460 0.997626 -0.973992 -98068.6 14.6205 
4470 0.997665 -0.473156 -98068 14.6526 
4480 0.997563 0.490546 -98058.6 14.6919 
4490 0.997564 0.853137 -98058.6 14.72 
4500 0.997564 0.344774 -98058.6 14.7449 
4510 0.997536 -0.252569 -98056 14.78 
4520 0.997536 0.149563 -98056 14.8107 
4530 0.997542 0.616551 -98059.1 14.8416 
4540 0.997525 0.746502 -98061.5 14.8767 
4550 0.99753 0.327859 -98060.7 14.9109 
4560 0.997502 -0.705668 -98060.2 14.9445 
4570 0.997502 0.309679 -98060.2 14.9786 
4580 0.997528 0.000440094 -98063.5 15.0135 
4590 0.997523 0.950207 -98063.1 15.0442 
4600 0.997523 -0.484708 -98063.1 15.077 
4610 0.997475 -0.246099 -98068.9 15.1166 
4620 0.997475 -0.309597 -98068.9 15.145 
4630 0.997488 -0.594836 -98069.5 15.1764 
4640 0.997488 -0.431533 -98069.5 15.2101 
4650 0.997488 0.897528 -98069.5 15.2417 
4660 0.997576 0.00796085 -98072.4 15.2792 
4670 0.997575 -0.410819 -98072.4 15.3143 
4680 0.997469 0.609972 -98065.6 15.3501 
4690 0.997469 -0.533814 -98065.6 15.3809 
4700 0.997318 0.244942 -98057.1 15.4174 
4710 0.997284 0.805145 -98052.2 15.4528 
4720 0.997283 0.110068 -98052.1 15.4874 
4730 0.997265 -0.907745 -98051.6 15.5178 
4740 0.997265 -0.195049 -98051.6 15.5511 
4750 0.997242 0.780724 -98049.7 15.5869 
4760 0.997262 -0.593081 -98051.4 15.6201 
4770 0.997262 0.805352 -98051.4 15.6523 
4780 0.997326 -0.386115 -98047.8 15.6843 
4790 0.997326 0.754155 -98047.8 15.7162 
4800 0.997307 0.478453 -98049.9 15.7497 
4810 0.99731 -0.811868 -98050 15.7861 
4820 0.99738 0.0276865 -98057.5 15.8204 
4830 0.997464 -0.0946327 -98064 15.8577 
4840 0.997464 0.607432 -98064 15.8887 
4850 0.997548 -0.851019 -98068.2 15.9253 
4860 0.997548 0.0658583 -98068 15.9539 
4870 0.997548 -0.289274 -98068 15.9868 
4880 0.997554 -0.586772 -98070.7 16.0222 
4890 0.997553 -0.68512 -98070.6 16.0562 
4900 0.997593 -0.0261546 -98074.5 16.0894 
4910 0.997593 0.237658 -98074.5 16.1192 
4920 0.997619 -0.395158 -98079.5 16.1572 
4930 0.997619 -0.721042 -98079.5 16.1899 
4940 0.997619 0.0667315 -98079.5 16.2231 
4950 0.997619 0.914163 -98079.5 16.2549 
4960 0.997619 0.782845 -98079.5 16.287 
4970 0.997619 0.624444 -98079.5 16.3181 
4980 0.997575 -0.888907 -98074.8 16.354 
4990 0.997618 -0.277193 -98070 16.3836 
5000 0.997607 -0.661856 -98063.1 16.4122 
5010 0.9976 0.662886 -98065 16.4496 
5020 0.997643 0.213319 -98068.6 16.4836 
5030 0.997619 0.413526 -98067.4 16.5159 
5040 0.997656 -0.779117 -98074.3 16.5454 
5050 0.997606 0.443345 -98071.4 16.5813 
5060 0.997606 0.27863 -98071.2 16.6147 
5070 0.997672 -0.996837 -98071.3 16.6432 
5080 0.997634 0.279388 -98073.6 16.6752 
5090 0.997633 0.468101 -98073.6 16.7093 
5100 0.997631 -0.609512 -98073.4 16.7426 
5110 0.997618 0.669374 -98072.2 16.7758 
5120 0.997629 0.964073 -98073.4 16.8075 
5130 0.997629 -0.216576 -98073.4 16.8427 
5140 0.997663 0.706637 -98067 16.8799 
5150 0.997684 -0.660246 -98069.2 16.9148 
5160 0.99763 0.502013 -98058.9 16.9441 
5170 0.99763 -0.495851 -98058.9 16.974 
5180 0.997758 0.129388 -98071.7 17.013 
5190 0.997707 -0.514857 -98068.6 17.0471 
5200 0.997729 -0.840065 -98069.6 17.082 
5210 0.997643 -0.842013 -98061.7 17.1179 
5220 0.997635 -0.336316 -98060.8 17.1467 
5230 0.997617 -0.0825629 -98059 17.1739 
5240 0.997614 -0.0136576 -98058.6 17.2048 
5250 0.997614 -0.5489 -98058.5 17.2396 
5260 0.997582 0.464418 -98059.3 17.2751 
5270 0.997637 0.116807 -98060.5 17.3078 
5280 0.997637 0.648248 -98060.6 17.3388 
5290 0.997637 -0.827575 -98060.6 17.3713 
5300 0.997666 -0.935217 -98062.9 17.4035 
5310 0.997674 -0.315081 -98064.1 17.4326 
5320 0.997676 0.0976431 -98064.3 17.464 
5330 0.997699 0.0342118 -98070.5 17.4971 
5340 0.99755 0.801325 -98057.4 17.5324 
5350 0.997565 -0.431061 -98059.1 17.5657 
5360 0.997667 0.384776 -98066.4 17.5999 
5370 0.997661 -0.838632 -98065.9 17.6327 
5380 0.997661 0.0564785 -98065.9 17.6655 
5390 0.997662 -0.863321 -98065.9 17.6976 
5400 0.997662 0.79178 -98065.9 17.7284 
5410 0.997764 -0.913486 -98072.5 17.7613 
5420 0.997722 -0.83769 -98068.5 17.7929 
5430 0.997719 -0.62711 -98067.7 17.824 
5440 0.997697 0.0476617 -98066.4 17.8567 
5450 0.997737 0.125285 -98070.1 17.8856 
5460 0.997683 0.0756517 -98063.9 17.9187 
5470 0.997683 -0.557272 -98063.9 17.9435 
5480 0.997695 0.469508 -98065 17.9771 
5490 0.997695 -0.698213 -98065 18.0104 
5500 0.997651 -0.0437571 -98059.6 18.0428 
5510 0.997645 0.00759051 -98062.3 18.0786 
5520 0.997645 0.810401 -98062.3 18.1093 
5530 0.99758 0.890846 -98060.8 18.1431 
5540 0.99766 -0.262103 -98065.3 18.1787 
5550 0.99764 0.575431 -98066.4 18.2128 
5560 0.997659 0.486219 -98067.6 18.2462 
5570 0.997651 0.497554 -98066.7 18.2797 
5580 0.997625 0.870366 -98066.9 18.3166 
5590 0.997592 -0.920127 -98061.9 18.3507 
5600 0.997592 -0.476815 -98062 18.3806 
5610 0.997594 0.132069 -98062.3 18.4126 
5620 0.997556 -0.348568 -98056.7 18.4444 
5630 0.997548 0.93483 -98056.2 18.4738 
5640 0.997548 0.20873 -98056.2 18.5086 
5650 0.997446 -0.12935 -98054 18.544 
5660 0.997413 -0.468702 -98051.2 18.5766 
5670 0.997402 -0.17155 -98050.3 18.6059 
5680 0.997417 -0.628448 -98048.3 18.6346 
5690 0.997413 0.683589 -98048 18.6642 
5700 0.997413 0.854628 -98048 18.6959 
5710 0.997413 -0.590927 -98048 18.7272 
5720 0.997413 0.490512 -98048 18.7591 
5730 0.99751 0.554935 -98057.4 18.7966 
5740 0.997493 -0.758302 -98058 18.8324 
5750 0.997493 0.664753 -98058 18.8662 
5760 0.997493 0.637598 -98058 18.894 
5770 0.997524 0.816532 -98061.8 18.922 
5780 0.997507 0.704588 -98059.9 18.9511 
5790 0.997507 0.862982 -98059.9 18.9857 
5800 0.997508 -0.782725 -98060 19.0192 
5810 0.997508 -0.800118 -98060 19.05 
5820 0.997508 0.2153 -98060 19.0777 
5830 0.997598 0.921212 -98064.5 19.1018 
5840 0.997481 -0.805774 -98053.4 19.1337 
5850 0.997513 -0.206113 -98056.2 19.1715 
5860 0.997631 -0.167857 -98067.6 19.2031 
5870 0.997643 -0.983926 -98068.6 19.2325 
5880 0.997779 -0.308098 -98080.7 19.2667 
5890 0.997785 -0.0594833 -98080.9 19.2995 
5900 0.997785 -0.415701 -98080.9 19.3307 
5910 0.997667 0.363822 -98069.1 19.368 
5920 0.997667 -0.930655 -98069.1 19.4006 
5930 0.997667 -0.297547 -98069.1 19.4269 
5940 0.997667 0.68172 -98069.1 19.4585 
5950 0.997667 0.587691 -98069.1 19.4916 
5960 0.997667 0.432461 -98069.1 19.5221 
5970 0.99769 0.257542 -98071.4 19.5536 
5980 0.997727 -0.486267 -98075.2 19.5857 
5990 0.997727 0.896038 -98074.9 19.6203 
6000 0.997727 0.815902 -98074.9 19.652 
6010 0.997726 -0.520213 -98074.9 19.6847 
6020 0.99773 0.774624 -98072.8 19.7236 
6030 0.997721 -0.696111 -98070.7 19.7586 
6040 0.997721 -0.804174 -98070.7 19.7893 
6050 0.997728 -0.180938 -98071.5 19.8248 
6060 0.997717 0.100638 -98070.2 19.8535 
6070 0.997717 0.0212608 -98070.2 19.8841 
6080 0.99768 -0.197047 -98068.7 19.9168 
6090 0.997679 -0.449823 -98069 19.9512 
6100 0.997617 0.986487 -98066.4 19.9875 
6110 0.997588 -0.703287 -98063 20.0172 
6120 0.997717 0.15743 -98074 20.053 
6130 0.997659 0.89336 -98070.7 20.0879 
6140 0.997592 0.164305 -98061.5 20.1211 
6150 0.997631 0.767532 -98065.9 20.1566 
6160 0.997631 0.11891 -98065.9 20.1873 
6170 0.997631 -0.599939 -98065.9 20.2179 
6180 0.997649 0.0810043 -98067.5 20.2508 
6190 0.997617 0.561063 -98064.2 20.283 
6200 0.997627 0.529371 -98065.7 20.3146 
6210 0.99765 -0.662753 -98068.5 20.347 
6220 0.997624 -0.227002 -98070.3 20.3745 
6230 0.997608 0.757158 -98068.8 20.4055 
6240 0.99765 -0.394011 -98072.8 20.438 
6250 0.997628 0.74525 -98073.1 20.4624 
6260 0.997452 0.204386 -98062.6 20.4955 
6270 0.997452 -0.666447 -98062.6 20.525 
6280 0.997452 -0.339634 -98062.6 20.5533 
6290 0.997449 -0.329039 -98062.4 20.5857 
6300 0.997525 -0.512067 -98069 20.6192 
6310 0.997507 0.391584 -98066.6 20.6506 
6320 0.99747 0.504842 -98060.6 20.6842 
6330 0.997521 0.534353 -98064 20.7169 
6340 0.997505 0.552615 -98062.3 20.7454 
6350 0.997469 0.472315 -98060.3 20.7689 
6360 0.997469 -0.619735 -98060.3 20.7995 
6370 0.997424 0.199989 -98058.2 20.8299 
6380 0.997467 0.954047 -98061.3 20.8625 
6390 0.997467 -0.0178704 -98061.3 20.8894 
6400 0.997515 0.010325 -98066.9 20.9169 
6410 0.997467 -0.654546 -98061.1 20.9512 
6420 0.997483 0.55256 -98063.8 20.9805 
6430 0.997451 -0.0347262 -98064 21.0108 
6440 0.997382 0.327465 -98063.8 21.0462 
6450 0.997376 0.474627 -98057.6 21.0792 
6460 0.997374 -0.44858 -98057.4 21.1101 
6470 0.997374 0.361931 -98057.4 21.1407 
6480 0.997362 -0.115464 -98057.2 21.1723 
6490 0.997362 -0.732732 -98057.2 21.2029 
6500 0.997448 -0.769643 -98063.1 21.2382 
6510 0.997516 -0.237534 -98064.6 21.2714 
6520 0.997595 -0.444428 -98068.2 21.3044 
6530 0.997624 0.30234 -98071.6 21.3403 
6540 0.997621 0.3107 -98070.5 21.3709 
6550 0.997552 -0.320686 -98064.9 21.4067 
6560 0.997533 -0.486333 -98058 21.4422 
6570 0.997529 -0.545394 -98057.5 21.475 
6580 0.997508 -0.917696 -98056.4 21.5104 
6590 0.997508 0.350918 -98056.5 21.5383 
6600 0.997512 -0.697062 -98056.9 21.5711 
6610 0.997514 0.175135 -98054.8 21.5992 
6620 0.997601 0.955248 -98062.6 21.635 
6630 0.9976 -0.429039 -98062.4 21.6684 
6640 0.997617 0.645505 -98059.5 21.7035 
6650 0.997713 0.229986 -98067.5 21.7379 
6660 0.997646 0.0531498 -98060 21.7695 
6670 0.997658 0.344048 -98060.8 21.8011 
6680 0.997634 0.494174 -98064.2 21.8397 
6690 0.997636 0.859675 -98064.8 21.8747 
6700 0.997659 -0.449863 -98066.6 21.9132 
6710 0.997659 -0.0410093 -98066.6 21.9411 
6720 0.997659 0.838702 -98066.6 21.9738 
6730 0.997647 0.556496 -98065.4 22.0068 
6740 0.997647 -0.832697 -98065.4 22.0388 
6750 0.997647 -0.0200794 -98065.4 22.066 
6760 0.99763 0.634359 -98063.8 22.1 
6770 0.99763 0.8103 -98063.8 22.1331 
6780 0.99763 -0.434976 -98063.7 22.166 
6790 0.997632 0.952509 -98064.3 22.2021 
6800 0.997638 0.338231 -98064.9 22.2331 
6810 0.997647 0.208546 -98066.2 22.2642 
6820 0.997652 0.937091 -98066.6 22.2938 
6830 0.997652 -0.919311 -98066.7 22.3262 
6840 0.997652 -0.582165 -98066.6 22.3602 
6850 0.997652 -0.944813 -98071.1 22.3959 
6860 0.997652 0.700583 -98071.1 22.4237 
6870 0.997641 0.480843 -98066.7 22.4582 
6880 0.997643 -0.690589 -98066.8 22.4836 
6890 0.997643 0.205257 -98066.8 22.5177 
6900 0.997704 0.56329 -98067.7 22.5428 
6910 0.997693 -0.0890709 -98066.5 22.5775 
6920 0.997782 -0.0498687 -98073.9 22.6111 
6930 0.997786 0.740294 -98074.3 22.6442 
6940 0.997757 0.875553 -98070.7 22.6733 
6950 0.997758 0.702348 -98071 22.7086 
6960 0.9977 -0.623303 -98069.3 22.7413 
6970 0.9977 -0.775697 -98069.3 22.772 
6980 0.9977 -0.480762 -98069.3 22.8027 
6990 0.997713 0.159644 -98067.9 22.8326 
7000 0.997714 0.600728 -98067.9 22.8605 
7010 0.997714 0.0421581 -98068 22.8887 
7020 0.997714 0.588937 -98068 22.9193 
7030 0.997657 -0.584868 -98063.6 22.9541 
7040 0.997657 0.503458 -98064.1 22.9884 
7050 0.997652 0.453977 -98063.6 23.0198 
7060 0.997652 -0.140528 -98063.6 23.0506 
7070 0.997661 0.0154206 -98065.6 23.0837 
7080 0.997668 0.698471 -98066.2 23.1162 
7090 0.997747 -0.590966 -98069.3 23.151 
7100 0.997747 -0.705737 -98069.3 23.184 
7110 0.997784 -0.446945 -98071.8 23.2212 
7120 0.997801 0.0495967 -98073.6 23.254 
7130 0.997804 0.483362 -98072.9 23.2843 
7140 0.997841 -0.961008 -98074.2 23.3198 
7150 0.997841 0.142812 -98074.1 23.3521 
7160 0.997841 0.319979 -98074.1 23.3799 
7170 0.997841 0.766309 -98074.1 23.4141 
7180 0.997751 -0.822357 -98065.5 23.4443 
7190 0.997778 -0.224494 -98068 23.4774 
7200 0.997779 0.978758 -98068.1 23.5083 
7210 0.99777 -0.046216 -98067.2 23.5391 
7220 0.99777 0.634615 -98067.2 23.5699 
7230 0.997774 0.321302 -98073.1 23.6011 
7240 0.997776 -0.779493 -98073.4 23.63 
7250 0.997773 0.970439 -98073.2 23.6596 
7260 0.99777 -0.81696 -98073 23.6904 
7270 0.997754 0.146991 -98071.8 23.7217 
7280 0.997678 0.873904 -98067.7 23.7543 
7290 0.997685 0.338448 -98067 23.7901 
7300 0.997685 0.937381 -98067 23.8216 
7310 0.997598 0.346132 -98062.9 23.8526 
7320 0.997581 -0.718292 -98060.8 23.8871 
7330 0.99751 0.412988 -98054.8 23.919 
7340 0.997565 0.949985 -98061.3 23.9507 
7350 0.99756 -0.43755 -98053.7 23.9864 
7360 0.997535 0.087056 -98053.2 24.0193 
7370 0.997547 -0.639494 -98053.6 24.0484 
7380 0.997501 0.908187 -98047.2 24.0765 
7390 0.997445 -0.666099 -98048.5 24.1059 
7400 0.997443 -0.771937 -98048.3 24.1367 
7410 0.997475 -0.116296 -98053.1 24.172 
7420 0.997465 -0.439525 -98050.4 24.2084 
7430 0.997465 0.794769 -98048.7 24.2381 
7440 0.997462 -0.412579 -98051.9 24.2705 
7450 0.997517 0.375949 -98056.4 24.3061 
7460 0.997517 0.91444 -98056.4 24.3348 
7470 0.997538 -0.900901 -98058.1 24.3692 
7480 0.997544 0.125482 -98058.7 24.4001 
7490 0.997544 0.771344 -98058.7 24.4281 
7500 0.997544 0.620508 -98058.7 24.46 
7510 0.997605 0.086974 -98063.7 24.4948 
7520 0.997594 0.156583 -98063.6 24.5292 
7530 0.997594 0.584694 -98063.6 24.5598 
7540 0.997594 0.599417 -98063.6 24.5907 
7550 0.997622 0.493166 -98065.7 24.6226 
7560 0.997622 0.118861 -98065.7 24.6543 
7570 0.997622 0.911715 -98065.6 24.6787 
7580 0.997622 -0.173512 -98065.6 24.712 
7590 0.997621 0.88648 -98065.6 24.7456 
7600 0.997621 0.834342 -98065.6 24.7734 
7610 0.997622 0.428022 -98065.6 24.8053 
7620 0.997615 -0.330782 -98064.2 24.84 
7630 0.997521 -0.671004 -98057.6 24.875 
7640 0.99752 0.572023 -98057.5 24.9059 
7650 0.997527 -0.340165 -98057.2 24.9375 
7660 0.997531 0.119265 -98056.9 24.9702 
7670 0.997542 -0.500411 -98057 25.0062 
7680 0.997587 -0.86527 -98066.5 25.034 
7690 0.997582 -0.896049 -98065.7 25.0662 
7700 0.997568 -0.320402 -98062.9 25.0947 
7710 0.997568 0.236556 -98062.2 25.126 
7720 0.997572 -0.0283318 -98062.8 25.1574 
7730 0.997566 0.134527 -98061.7 25.186 
7740 0.997528 -0.567682 -98060.2 25.2227 
7750 0.997515 0.655054 -98060.5 25.2563 
7760 0.997464 0.133021 -98057 25.2864 
7770 0.997464 0.139447 -98057 25.3182 
7780 0.997465 0.478351 -98059.9 25.3531 
7790 0.997477 0.768031 -98060.3 25.3927 
7800 0.997491 0.211438 -98060 25.4234 
7810 0.997428 0.469679 -98052.3 25.4537 
7820 0.997428 -0.14177 -98052.2 25.488 
7830 0.997473 -0.686283 -98052.7 25.5189 
7840 0.997442 0.0810014 -98048.3 25.5528 
7850 0.997487 0.80689 -98052.7 25.5906 
7860 0.997486 -0.251438 -98053.1 25.6234 
7870 0.997502 0.133714 -98054 25.6579 
7880 0.997502 0.578465 -98054 25.6827 
7890 0.997521 -0.474175 -98056.6 25.7157 
7900 0.997536 0.785704 -98057.8 25.75 
7910 0.997525 0.680841 -98057.5 25.7842 
7920 0.9975 -0.0450876 -98056.5 25.8206 
7930 0.9975 -0.111815 -98056.4 25.855 
7940 0.997547 0.330034 -98060.2 25.8863 
7950 0.997559 0.137103 -98065.7 25.9172 
7960 0.997549 -0.512437 -98064.4 25.9492 
7970 0.997554 -0.364852 -98064.9 25.9805 
7980 0.997559 0.475685 -98065.4 26.0091 
7990 0.997559 0.51432 -98065.4 26.0402 
8000 0.997548 0.747997 -98060.4 26.0732 
8010 0.997548 -0.684168 -98060.4 26.1041 
8020 0.997547 -0.261245 -98060.7 26.1314 
8030 0.99756 0.172834 -98061.6 26.1666 
8040 0.997506 0.220675 -98054.5 26.2015 
8050 0.997552 -0.587737 -98057.4 26.2296 
8060 0.997631 0.492718 -98067.3 26.2669 
8070 0.997606 0.342167 -98064.7 26.2957 
8080 0.997617 -0.495514 -98064.3 26.3285 
8090 0.997617 -0.429813 -98064.3 26.3593 
8100 0.997626 0.17986 -98065.4 26.388 
8110 0.997617 -0.554373 -98065.1 26.4187 
8120 0.997586 0.0962816 -98062.7 26.4454 
8130 0.997595 0.666977 -98063.6 26.4786 
8140 0.997577 0.767113 -98068.7 26.5092 
8150 0.997577 0.647669 -98068.7 26.5341 
8160 0.997516 0.996881 -98064 26.5694 
8170 0.997446 -0.112766 -98056.2 26.6049 
8180 0.997481 0.835188 -98058.5 26.6414 
8190 0.997476 -0.208009 -98059.1 26.6728 
8200 0.997542 0.574552 -98064.6 26.7045 
8210 0.997501 -0.75926 -98060.7 26.7344 
8220 0.997501 0.696335 -98060.7 26.7665 
8230 0.997609 -0.745409 -98069.2 26.8034 
8240 0.997609 0.904514 -98069.2 26.8368 
8250 0.997557 -0.560689 -98067.7 26.87 
8260 0.997399 -0.567195 -98060.7 26.8945 
8270 0.997398 -0.970815 -98060.6 26.9238 
8280 0.997399 -0.650852 -98060.6 26.9521 
8290 0.997398 -0.184429 -98060.6 26.9871 
8300 0.997393 -0.650038 -98061.1 27.0194 
8310 0.997397 0.577808 -98061.4 27.0474 
8320 0.997374 0.480334 -98058.9 27.0776 
8330 0.997484 0.144922 -98056.4 27.1116 
8340 0.997466 -0.808778 -98054.7 27.1422 
8350 0.997466 0.903417 -98054.7 27.1704 
8360 0.997378 0.884495 -98050.6 27.2067 
8370 0.997361 -0.268502 -98049.5 27.2403 
8380 0.997358 -0.714889 -98045.6 27.2735 
8390 0.997422 -0.636247 -98053.3 27.3038 
8400 0.99746 -0.378848 -98056.3 27.3361 
8410 0.997552 0.000457025 -98057 27.3733 
8420 0.99758 0.423064 -98060.5 27.4059 
8430 0.997581 -0.412684 -98060.6 27.4375 
8440 0.99748 -0.588602 -98056.3 27.4702 
8450 0.99762 0.710243 -98059.3 27.5085 
8460 0.997644 0.661196 -98059.7 27.539 
8470 0.997644 0.112133 -98059.7 27.5712 
8480 0.997644 0.970275 -98059.8 27.6018 
8490 0.99763 0.626633 -98060.9 27.6328 
8500 0.99763 -0.754918 -98060.9 27.6627 
8510 0.99763 0.578167 -98060.9 27.6942 
8520 0.99763 0.720268 -98060.9 27.7267 
8530 0.99763 -0.752475 -98060.9 27.7593 
8540 0.997633 -0.618715 -98061.2 27.7922 
8550 0.997615 0.142064 -98063.2 27.8239 
8560 0.997591 0.370806 -98059.7 27.854 
8570 0.997592 0.530701 -98059.9 27.8868 
8580 0.997532 0.317159 -98057.8 27.9232 
8590 0.997524 0.235391 -98058.7 27.9564 
8600 0.997535 -0.768131 -98058.2 27.9904 
8610 0.997564 -0.785951 -98063 28.0249 
8620 0.997563 0.507237 -98062.9 28.0602 
8630 0.997563 -0.749663 -98062.9 28.0862 
8640 0.99762 0.241105 -98066.1 28.1187 
8650 0.99762 -0.166698 -98066.1 28.1485 
8660 0.997595 -0.44287 -98063.4 28.1807 
8670 0.997512 0.520162 -98069.6 28.2128 
8680 0.997513 0.858615 -98069.6 28.2481 
8690 0.997513 0.565329 -98069.6 28.2824 
8700 0.997611 -0.160123 -98068.2 28.3195 
8710 0.997611 0.255152 -98068.2 28.351 
8720 0.99758 0.377654 -98066.1 28.3818 
8730 0.997606 -0.316396 -98066.2 28.42 
8740 0.997602 -0.649582 -98066.2 28.4525 
8750 0.997617 0.584775 -98064.8 28.4808 
8760 0.997597 -0.438599 -98063.3 28.5176 
8770 0.99759 0.896807 -98062.9 28.5487 
8780 0.997613 -0.431832 -98065.4 28.5837 
8790 0.997613 -0.698396 -98065.4 28.6146 
8800 0.997613 -0.474542 -98065.4 28.6445 
8810 0.99762 0.969767 -98064.2 28.6818 
8820 0.99762 -0.790205 -98064.2 28.7145 
8830 0.997591 0.13867 -98060.8 28.7489 
8840 0.997614 -0.207523 -98062.7 28.7751 
8850 0.997566 -0.35245 -98064 28.808 
8860 0.997469 0.11098 -98056.7 28.8412 
8870 0.997468 -0.941996 -98056.6 28.8743 
8880 0.997467 -0.545802 -98056.5 28.9082 
8890 0.997467 0.496101 -98056.5 28.939 
8900 0.997512 0.186943 -98059.3 28.972 
8910 0.997605 -0.478559 -98066.8 29.0068 
8920 0.997549 0.329821 -98064.3 29.0444 
8930 0.99754 0.254737 -98063.3 29.0773 
8940 0.997546 -0.896687 -98063.8 29.111 
8950 0.997546 -0.91772 -98063.8 29.1458 
8960 0.997546 0.473706 -98063.8 29.1772 
8970 0.997512 -0.672939 -98059.2 29.2097 
8980 0.997456 0.0586073 -98056.1 29.2484 
8990 0.997518 -0.331583 -98059.8 29.2822 
9000 0.997533 0.115823 -98059.6 29.3129 
9010 0.997533 -0.758925 -98059.6 29.3486 
9020 0.997666 -0.940085 -98065.6 29.3843 
9030 0.997621 -0.131987 -98065.1 29.4204 
9040 0.997546 -0.501732 -98062.9 29.4545 
9050 0.997563 -0.634357 -98065.7 29.4865 
9060 0.997554 -0.575624 -98065.6 29.5202 
9070 0.997556 -0.0673729 -98067.6 29.548 
9080 0.997568 -0.0114342 -98063.8 29.5826 
9090 0.997573 0.100009 -98070.3 29.6169 
9100 0.997577 0.842737 -98070.6 29.646 
9110 0.997575 0.702036 -98070.4 29.6778 
9120 0.997617 -0.810215 -98067 29.7196 
9130 0.997623 0.445096 -98067.6 29.7551 
9140 0.997677 0.528748 -98074.5 29.7945 
9150 0.997558 -0.957391 -98064.2 29.8246 
9160 0.997562 0.796863 -98064.6 29.8575 
9170 0.997562 -0.262943 -98064.6 29.891 
9180 0.997537 -0.320006 -98062.1 29.9189 
9190 0.997633 0.0796172 -98069.9 29.9491 
9200 0.99766 0.682226 -98074.8 29.982 
9210 0.997648 0.708227 -98073.5 30.0134 
9220 0.997474 0.894696 -98065.9 30.0448 
9230 0.997486 -0.758485 -98066.8 30.0743 
9240 0.997486 0.547719 -98066.8 30.1059 
9250 0.997485 -0.858175 -98066.8 30.1395 
9260 0.997587 -0.818694 -98072.3 30.1816 
9270 0.997477 0.11481 -98066.6 30.2181 
9280 0.997427 -0.270369 -98063.3 30.2518 
9290 0.997458 0.498223 -98067.9 30.2849 
9300 0.99745 0.393192 -98065 30.3172 
9310 0.997471 -0.507494 -98066.6 30.3518 
9320 0.997497 0.372737 -98068.1 30.383 
9330 0.997504 -0.519547 -98068.9 30.4205 
9340 0.997504 0.223766 -98068.9 30.4543 
9350 0.997529 0.504218 -98070.2 30.4841 
9360 0.997511 0.326639 -98068.5 30.5163 
9370 0.997511 0.858112 -98068.6 30.552 
9380 0.997461 0.410991 -98067.8 30.5876 
9390 0.997582 0.247967 -98070.1 30.622 
9400 0.997608 0.765826 -98072.2 30.6534 
9410 0.997671 -0.772182 -98073.5 30.6883 
9420 0.997699 -0.0700288 -98076.5 30.7249 
9430 0.997655 -0.1033 -98072.8 30.7587 
9440 0.997655 -0.754108 -98072.8 30.7917 
9450 0.997655 -0.0986093 -98072.8 30.8254 
9460 0.997655 0.601894 -98072.8 30.8583 
9470 0.997651 0.711565 -98072.5 30.8898 
9480 0.997726 0.360848 -98078.6 30.9276 
9490 0.997726 0.316731 -98078.6 30.961 
9500 0.997726 0.35144 -98078.6 30.9901 
9510 0.997667 -0.806807 -98080 31.0271 
9520 0.997667 0.908059 -98080 31.0608 
9530 0.997673 -0.972004 -98073.9 31.1009 
9540 0.997673 -0.174594 -98073.9 31.1331 
9550 0.997612 0.264164 -98073.1 31.1689 
9560 0.997621 0.678751 -98073.7 31.2039 
9570 0.997621 -0.472057 -98073.7 31.2383 
9580 0.997603 0.201999 -98072 31.2717 
9590 0.997503 -0.771235 -98070.3 31.3072 
9600 0.997481 0.956653 -98069.1 31.3399 
9610 0.997481 -0.873206 -98069.1 31.3758 
9620 0.997483 0.272117 -98069.5 31.4108 
9630 0.997489 0.860233 -98070.2 31.4449 
9640 0.99742 0.823188 -98064.5 31.4771 
9650 0.997416 -0.3774 -98061.1 31.5125 
9660 0.997495 -0.959404 -98064.1 31.5514 
9670 0.997495 -0.635177 -98064.1 31.58 
9680 0.9975 -0.100969 -98063.9 31.6142 
9690 0.997484 0.56942 -98062 31.6466 
9700 0.997526 0.237852 -98066.7 31.6818 
9710 0.997518 0.39883 -98066.8 31.712 
9720 0.997518 0.746554 -98066.9 31.7473 
9730 0.997507 -0.741341 -98065.8 31.7821 
9740 0.997475 -0.142003 -98066.4 31.8151 
9750 0.997475 -0.409547 -98066.4 31.8498 
9760 0.997456 -0.509468 -98059.5 31.8862 
9770 0.997562 0.320048 -98064.4 31.9243 
9780 0.997562 0.80898 -98064.4 31.9527 
9790 0.997558 -0.483529 -98064.3 31.9826 
9800 0.997594 -0.221674 -98060.5 32.0211 
9810 0.997524 0.312001 -98055.9 32.0521 
9820 0.99749 -0.0383449 -98057.6 32.0836 
9830 0.997481 0.353551 -98056.1 32.1155 
9840 0.997481 0.651703 -98056.1 32.1461 
9850 0.997481 0.203989 -98056.1 32.1769 
9860 0.997521 0.298627 -98062.4 32.2102 
9870 0.997421 -0.0583184 -98057.5 32.2431 
9880 0.997439 -0.940672 -98057.3 32.2709 
9890 0.997439 -0.865384 -98057.3 32.3016 
9900 0.997439 0.950325 -98057.3 32.3322 
9910 0.997546 -0.818353 -98068.3 32.3656 
9920 0.997487 0.87636 -98068.1 32.3937 
9930 0.997666 0.925721 -98083.4 32.4283 
9940 0.997666 0.748732 -98083.4 32.4602 
9950 0.997666 0.683057 -98083.4 32.4921 
9960 0.997667 0.0364865 -98076.8 32.5314 
9970 0.997626 0.625591 -98069.3 32.5645 
9980 0.997626 0.353581 -98069.3 32.5924 
9990 0.997626 -0.458961 -98069.2 32.6232 
10000 0.997663 -0.439861 -98071.5 32.6573 
