0 1 1 -98304 0 
10 1 0.433919 -98304 0.0318644 
20 0.999206 0.836087 -98221.1 0.0644492 
30 0.998777 -0.995876 -98184.2 0.0962737 
40 0.998896 0.584947 -98200.3 0.130107 
50 0.998896 0.776713 -98200.3 0.160616 
60 0.998896 -0.666152 -98200.3 0.191006 
70 0.998896 0.112326 -98200.3 0.218498 
80 0.998896 0.522639 -98200.3 0.249097 
90 0.998896 -0.858531 -98200.3 0.280115 
100 0.998896 0.469975 -98200.4 0.307661 
110 0.998705 0.767247 -98181.9 0.34021 
120 0.998704 -0.420438 -98181.9 0.368266 
130 0.998707 0.642742 -98182.2 0.400057 
140 0.998698 -0.422226 -98181.3 0.431581 
150 0.998698 0.331334 -98181.3 0.45911 
160 0.998337 -0.893519 -98142.8 0.493566 
170 0.998337 0.871803 -98142.8 0.521257 
180 0.998296 -0.717752 -98138.2 0.553587 
190 0.998093 -0.317387 -98114.9 0.586738 
200 0.998066 -0.0890088 -98112.1 0.618329 
210 0.998071 0.26433 -98112.8 0.649512 
220 0.998081 -0.165552 -98114.5 0.681164 
230 0.997788 -0.433739 -98097.3 0.715245 
240 0.997784 -0.211364 -98096.3 0.743973 
250 0.998333 -0.299605 -98133.6 0.779519 
260 0.998333 -0.993845 -98133.6 0.810135 
270 0.998483 -0.0432147 -98140.3 0.839692 
280 0.998279 -0.466621 -98122.9 0.874015 
290 0.998285 -0.0809334 -98123.6 0.902581 
300 0.998201 0.181638 -98119.2 0.934117 
310 0.998212 -0.174206 -98119.4 0.964525 
320 0.998211 -0.008685 -98119.3 0.995258 
330 0.998202 -0.557926 -98118.5 1.02639 
340 0.998202 -0.0925478 -98118.5 1.05452 
350 0.998043 -0.198918 -98103.8 1.08769 
360 0.997991 -0.648302 -98102.8 1.11728 
370 0.997991 0.447066 -98102.8 1.14809 
380 0.998004 0.172027 -98104.9 1.17407 
390 0.997922 0.988165 -98094.7 1.20933 
400 0.997921 0.977692 -98094.6 1.23424 
410 0.997841 -0.93393 -98089.7 1.26616 
420 0.997828 -0.544509 -98088.4 1.29828 
430 0.997828 -0.159358 -98088.4 1.32897 
440 0.997828 -0.427038 -98088.4 1.35987 
450 0.997828 0.315012 -98088.4 1.38777 
460 0.997942 -0.504399 -98088.4 1.41951 
470 0.997923 -0.138643 -98085.3 1.44364 
480 0.997956 -0.0949112 -98091.5 1.47333 
490 0.997957 -0.271319 -98091.5 1.50129 
500 0.997955 -0.948241 -98091.3 1.5324 
510 0.997764 0.114456 -98076.9 1.56733 
520 0.997863 0.702947 -98089.8 1.59872 
530 0.997848 0.688949 -98087.3 1.62436 
540 0.997848 0.342322 -98087.3 1.65217 
550 0.99765 -0.260259 -98070.9 1.683 
560 0.997681 -0.470282 -98072.6 1.71312 
570 0.997678 0.608746 -98071.5 1.74568 
580 0.997678 -0.900249 -98071.5 1.77639 
590 0.997717 0.986757 -98068.9 1.80886 
600 0.997806 0.578994 -98075.7 1.83536 
610 0.997764 -0.559428 -98071.8 1.86544 
620 0.997781 0.516132 -98073.6 1.89691 
630 0.99778 -0.702828 -98073.6 1.92777 
640 0.997655 -0.226352 -98069.2 1.96009 
650 0.99772 0.972676 -98071.7 1.99754 
660 0.997707 -0.730072 -98070.1 2.0291 
670 0.997696 0.148093 -98069.2 2.05807 
680 0.997741 -0.450819 -98074.6 2.09037 
690 0.997772 -0.347151 -98082.8 2.12514 
700 0.997607 -0.0480779 -98067.4 2.16302 
710 0.997618 -0.566413 -98068.1 2.19368 
720 0.997618 0.135067 -98068.1 2.22149 
730 0.997618 -0.561325 -98068.1 2.24931 
740 0.997618 0.111156 -98068.1 2.27136 
750 0.997679 -0.810354 -98074.3 2.3025 
760 0.997679 -0.714985 -98074.3 2.33037 
770 0.997557 0.453181 -98067.5 2.36028 
780 0.997557 -0.165577 -98067.5 2.39109 
790 0.997537 0.677466 -98062.4 2.42522 
800 0.997528 -0.114387 -98060.6 2.45594 
810 0.997508 0.722954 -98059 2.49011 
820 0.997508 0.685971 -98059 2.52082 
830 0.997562 -0.959285 -98064 2.55383 
840 0.997531 0.233217 -98063 2.58503 
850 0.99753 0.914699 -98063 2.61596 
860 0.99753 -0.709787 -98063 2.64672 
870 0.997462 -0.394144 -98055.9 2.67885 
880 0.997462 0.836475 -98055.9 2.7096 
890 0.997516 0.0985512 -98061.8 2.74297 
900 0.997516 -0.208255 -98061.8 2.77398 
910 0.997489 -0.172429 -98056.8 2.80389 
920 0.997457 0.524228 -98059 2.832 
930 0.997384 -0.893151 -98053.9 2.86571 
940 0.997384 -0.0770287 -98053.8 2.89648 
950 0.997402 0.883141 -98053.6 2.92541 
960 0.997402 -0.241911 -98053.6 2.95627 
970 0.997402 -0.56561 -98053.6 2.98711 
980 0.997317 -0.640918 -98059 3.01621 
990 0.997369 -0.104814 -98062.2 3.04607 
1000 0.997369 0.265436 -98062.2 3.07704 
1010 0.997345 -0.138263 -98061 3.10541 
1020 0.997345 -0.245542 -98061 3.13621 
1030 0.997313 -0.40095 -98058.5 3.1679 
1040 0.997332 -0.606091 -98060.3 3.19981 
1050 0.997347 0.576487 -98061.1 3.23073 
1060 0.997445 0.808513 -98064.5 3.26638 
1070 0.997445 0.502568 -98064.5 3.29423 
1080 0.997445 -0.961219 -98064.6 3.32227 
1090 0.997445 -0.748602 -98064.5 3.35315 
1100 0.997445 0.523633 -98064.6 3.38389 
1110 0.997445 0.794524 -98064.6 3.41498 
1120 0.997418 -0.923055 -98061.4 3.44904 
1130 0.997418 -0.445671 -98061.4 3.47976 
1140 0.997398 0.217035 -98059.5 3.51003 
1150 0.997405 0.549724 -98060.1 3.54097 
1160 0.997424 0.000603717 -98054.8 3.57447 
1170 0.997474 -0.803509 -98065.2 3.60399 
1180 0.997544 0.469286 -98068.9 3.63695 
1190 0.997547 -0.926547 -98068.6 3.66935 
1200 0.997558 0.982666 -98069.5 3.70088 
1210 0.997558 -0.896067 -98069.5 3.7316 
1220 0.997558 -0.684551 -98069.5 3.76231 
1230 0.997558 -0.313055 -98069.5 3.79316 
1240 0.99761 0.127766 -98068.9 3.82382 
1250 0.997519 -0.978221 -98066.4 3.85595 
1260 0.997517 -0.883768 -98066.3 3.88694 
1270 0.997445 0.408426 -98058.7 3.91968 
1280 0.997476 0.0035156 -98061.1 3.94532 
1290 0.997477 -0.615278 -98059.9 3.97466 
1300 0.997488 0.478274 -98066.2 4.00189 
1310 0.997488 -0.545876 -98066.2 4.03259 
1320 0.997441 -0.168237 -98059.8 4.05673 
1330 0.997434 -0.433394 -98057.8 4.09013 
1340 0.997434 0.267086 -98057.9 4.12085 
1350 0.997434 -0.441341 -98057.8 4.14863 
1360 0.997434 -0.315338 -98057.8 4.17666 
1370 0.997434 -0.0946261 -98057.9 4.20739 
1380 0.997453 -0.275581 -98058.5 4.23887 
1390 0.997405 0.269934 -98055.3 4.26449 
1400 0.997353 -0.503225 -98058.5 4.29326 
1410 0.997329 0.357551 -98057.5 4.32445 
1420 0.997323 0.910893 -98057 4.35546 
1430 0.997374 -0.257089 -98063.3 4.3902 
1440 0.997374 -0.135668 -98063.3 4.4122 
1450 0.997412 0.780677 -98065.6 4.44317 
1460 0.997438 -0.192297 -98067.2 4.47452 
1470 0.997519 -0.500404 -98070.2 4.50713 
1480 0.9976 -0.93747 -98080 4.53775 
1490 0.997564 -0.816314 -98077.5 4.57019 
1500 0.997564 0.784914 -98077.5 4.60098 
1510 0.997564 0.453769 -98077.5 4.63167 
1520 0.997564 0.517883 -98077.5 4.66263 
1530 0.997554 0.785549 -98076.3 4.69083 
1540 0.997528 0.812485 -98074.2 4.72229 
1550 0.997533 -0.457362 -98076.6 4.75218 
1560 0.997552 -0.567992 -98074.4 4.78584 
1570 0.997556 -0.494673 -98075.6 4.81821 
1580 0.99749 0.308667 -98070.7 4.85069 
1590 0.99749 0.262876 -98070.7 4.88138 
1600 0.997507 -0.639448 -98068.3 4.91118 
1610 0.997509 -0.828876 -98067.2 4.94536 
1620 0.997509 0.133443 -98067.2 4.97607 
1630 0.997482 0.687133 -98063.1 5.00866 
1640 0.997484 0.918865 -98062.7 5.04094 
1650 0.997476 0.312135 -98062.2 5.07646 
1660 0.99747 -0.763712 -98069.3 5.10927 
1670 0.99747 0.150963 -98069.3 5.13997 
1680 0.997442 -0.285219 -98059.4 5.17002 
1690 0.997466 -0.572038 -98062.4 5.20201 
1700 0.997492 0.908832 -98065.2 5.23336 
1710 0.997495 0.275997 -98065.4 5.26414 
1720 0.997494 0.585554 -98065.4 5.29201 
1730 0.997494 -0.372527 -98065.4 5.32275 
1740 0.997437 0.703217 -98061.6 5.35148 
1750 0.9975 0.686202 -98064.6 5.38069 
1760 0.9975 -0.585447 -98064.5 5.40854 
1770 0.997498 0.89781 -98063.1 5.43509 
1780 0.997387 0.926172 -98055.1 5.46799 
1790 0.997387 -0.390487 -98055.1 5.49885 
1800 0.997387 0.580923 -98055.1 5.5298 
1810 0.997372 -0.700736 -98051.8 5.56194 
1820 0.997383 0.355694 -98051.7 5.59498 
1830 0.997391 -0.522601 -98052.4 5.6259 
1840 0.99738 0.036475 -98051.3 5.65723 
1850 0.997371 -0.577079 -98050.2 5.68578 
1860 0.997373 -0.625169 -98050.7 5.71687 
1870 0.997403 -0.263109 -98053.1 5.75028 
1880 0.9974 0.167856 -98053 5.78124 
1890 0.997429 -0.28338 -98055.6 5.81277 
1900 0.997417 -0.768642 -98055.4 5.84577 
1910 0.997408 0.656372 -98057.6 5.87556 
1920 0.997497 0.153314 -98059 5.90257 
1930 0.997497 -0.531446 -98059 5.93039 
1940 0.997514 -0.137316 -98059.9 5.96184 
1950 0.997322 -0.26877 -98052.5 5.99456 
1960 0.997322 0.889746 -98052.5 6.02525 
1970 0.997322 0.284196 -98052.5 6.05611 
1980 0.997313 -0.777893 -98050.5 6.08883 
1990 0.997333 -0.121396 -98052.2 6.12075 
2000 0.997333 0.499797 -98052.2 6.15151 
2010 0.997301 -0.66664 -98049.7 6.18475 
2020 0.99743 -0.678431 -98059 6.21793 
2030 0.9975 0.593419 -98062.7 6.25092 
2040 0.997522 -0.39829 -98064.2 6.283 
2050 0.997545 -0.40101 -98062.9 6.31176 
2060 0.997545 0.311998 -98062.9 6.34255 
2070 0.997575 0.405641 -98065.6 6.37697 
2080 0.997535 -0.112672 -98066.8 6.40706 
2090 0.997535 0.815731 -98066.8 6.43507 
2100 0.997535 -0.396416 -98066.8 6.46591 
2110 0.997517 0.407023 -98065.7 6.49759 
2120 0.997527 0.879005 -98066.9 6.52963 
2130 0.997496 0.368794 -98063.8 6.56137 
2140 0.997487 -0.445484 -98060.7 6.59446 
2150 0.997493 0.930162 -98060.9 6.62622 
2160 0.997491 0.495654 -98060.7 6.65438 
2170 0.997431 0.405594 -98055.6 6.6856 
2180 0.997428 -0.0827069 -98058.1 6.71923 
2190 0.997487 -0.0549172 -98062.3 6.75354 
2200 0.99753 -0.796335 -98063 6.78584 
2210 0.997576 -0.0251072 -98071.7 6.82103 
2220 0.997579 -0.967405 -98071.9 6.85264 
2230 0.997481 0.0275377 -98065.2 6.88467 
2240 0.997446 0.812151 -98066.8 6.9149 
2250 0.997446 -0.131013 -98066.9 6.94276 
2260 0.997446 0.406548 -98066.9 6.97359 
2270 0.997626 -0.525676 -98061.1 7.00672 
2280 0.997587 0.0958388 -98058.8 7.0397 
2290 0.997556 0.141634 -98055.4 7.07128 
2300 0.997554 0.350413 -98055.2 7.10294 
2310 0.997514 0.0149341 -98053.8 7.13638 
2320 0.99759 0.458165 -98063.3 7.1687 
2330 0.997658 -0.584591 -98068.2 7.19554 
2340 0.997608 -0.694056 -98067 7.2322 
2350 0.997577 -0.920501 -98064.5 7.26374 
2360 0.997582 0.41777 -98064.7 7.29518 
2370 0.997579 0.672378 -98064.4 7.32315 
2380 0.99754 -0.616392 -98061.7 7.35716 
2390 0.997649 -0.158903 -98072.5 7.39236 
2400 0.997659 -0.431087 -98071.7 7.42482 
2410 0.997676 -0.43099 -98072.7 7.45726 
2420 0.997637 -0.00621333 -98066.9 7.48724 
2430 0.997626 -0.597992 -98066.3 7.51429 
2440 0.997628 0.221004 -98066.3 7.54241 
2450 0.997628 0.138778 -98066.3 7.57027 
2460 0.997645 0.693083 -98067.6 7.60254 
2470 0.997628 -0.954365 -98063.3 7.63186 
2480 0.997629 0.760612 -98063.3 7.66258 
2490 0.997595 -0.386833 -98061.4 7.69566 
2500 0.997565 0.866398 -98056.3 7.72923 
2510 0.997568 -0.511311 -98054.5 7.76282 
2520 0.997584 0.919836 -98056.3 7.79266 
2530 0.997558 -0.825963 -98055.6 7.82175 
2540 0.997598 -0.112123 -98061.4 7.85207 
2550 0.997595 0.398567 -98061.4 7.87696 
2560 0.997581 0.195515 -98061.8 7.90673 
2570 0.997539 -0.910794 -98061.5 7.93516 
2580 0.9975 0.14096 -98058.9 7.96922 
2590 0.997465 -0.660507 -98055.3 8.00165 
2600 0.997465 0.483656 -98055.2 8.03237 
2610 0.997548 0.15789 -98062.5 8.06516 
2620 0.997526 0.56074 -98060.9 8.09268 
2630 0.997574 -0.0472527 -98064.8 8.1245 
2640 0.997512 0.0377609 -98061.1 8.1578 
2650 0.997529 0.735497 -98066.4 8.18505 
2660 0.99753 -0.881474 -98066.4 8.21577 
2670 0.99753 0.339561 -98066.4 8.24076 
2680 0.997512 0.248017 -98064.8 8.27327 
2690 0.997512 0.886006 -98064.8 8.30396 
2700 0.997433 -0.745217 -98057.1 8.33702 
2710 0.997418 -0.109846 -98056 8.36532 
2720 0.997456 -0.601792 -98056.7 8.3977 
2730 0.997417 0.214996 -98056 8.43247 
2740 0.997356 0.667116 -98056.2 8.45963 
2750 0.99739 -0.215109 -98058.2 8.49236 
2760 0.997495 0.446749 -98065.6 8.52471 
2770 0.997477 -0.551034 -98064.5 8.55666 
2780 0.997457 0.48484 -98069.6 8.58972 
2790 0.997485 0.783228 -98071.1 8.61848 
2800 0.997528 -0.954532 -98070.4 8.65452 
2810 0.997528 0.237007 -98070.3 8.68543 
2820 0.997504 0.581067 -98068.4 8.71486 
2830 0.997504 0.404457 -98068.4 8.74558 
2840 0.997614 -0.0784984 -98073.3 8.77926 
2850 0.997621 -0.968191 -98070.9 8.80929 
2860 0.997621 0.614518 -98069.6 8.84362 
2870 0.997718 0.452095 -98074 8.87399 
2880 0.997712 -0.0881111 -98073.4 8.9024 
2890 0.997722 -0.626918 -98072.6 8.93525 
2900 0.997762 0.527081 -98076.2 8.96774 
2910 0.997679 -0.633953 -98070.9 9.00075 
2920 0.997679 0.833882 -98070.9 9.02865 
2930 0.997591 -0.959688 -98063 9.06176 
2940 0.99763 0.853316 -98070.2 9.09828 
2950 0.997636 -0.346319 -98067.5 9.13145 
2960 0.997636 0.812413 -98067.6 9.15951 
2970 0.99756 0.212508 -98064.6 9.18984 
2980 0.99756 -0.866783 -98064.6 9.22071 
2990 0.99756 -0.67291 -98064.6 9.25156 
3000 0.99756 -0.148096 -98064.6 9.2766 
3010 0.997604 -0.932506 -98063.5 9.30536 
3020 0.997604 -0.0569358 -98063.5 9.33608 
3030 0.997622 -0.763406 -98065.7 9.36781 
3040 0.997564 -0.478341 -98063.2 9.40021 
3050 0.997526 0.652892 -98057.1 9.43127 
3060 0.997527 -0.332709 -98057.1 9.46194 
3070 0.997534 0.68812 -98055.8 9.49128 
3080 0.997521 -0.838775 -98054.8 9.52266 
3090 0.997508 0.285994 -98054.6 9.5547 
3100 0.997581 -0.0148925 -98061.3 9.58441 
3110 0.997561 -0.468376 -98058.5 9.61659 
3120 0.997577 0.822592 -98060.3 9.64923 
3130 0.997616 -0.215831 -98063.4 9.68227 
3140 0.997492 0.752674 -98055 9.71244 
3150 0.997492 0.0191413 -98055 9.74324 
3160 0.997492 0.252044 -98055 9.77397 
3170 0.997529 -0.205164 -98065.1 9.80825 
3180 0.997529 0.242553 -98065.1 9.83896 
3190 0.997528 0.802928 -98065.8 9.86746 
3200 0.997584 -0.395414 -98063 9.89925 
3210 0.997575 -0.934733 -98062.1 9.93052 
3220 0.997609 -0.308267 -98069.2 9.96336 
3230 0.997595 0.758433 -98068.3 9.9952 
3240 0.997607 0.730204 -98066.8 10.0249 
3250 0.997607 -0.87437 -98066.9 10.0498 
3260 0.997517 -0.361213 -98059.8 10.0822 
3270 0.997517 0.153265 -98059.8 10.11 
3280 0.997607 0.459646 -98066.3 10.1411 
3290 0.997625 0.213665 -98064.9 10.1743 
3300 0.997625 -0.019309 -98064.9 10.2051 
3310 0.997587 0.270786 -98061.8 10.2371 
3320 0.9976 -0.448904 -98064.1 10.2693 
3330 0.997671 -0.241582 -98072.2 10.3007 
3340 0.997649 0.549961 -98068.7 10.3312 
3350 0.997648 -0.110449 -98065.7 10.3627 
3360 0.997776 0.826954 -98070.2 10.3983 
3370 0.997779 -0.612316 -98070.5 10.4293 
3380 0.997779 0.378004 -98070.4 10.46 
3390 0.997779 0.204125 -98070.5 10.4877 
3400 0.997628 0.308252 -98063.1 10.521 
3410 0.997627 0.312768 -98063 10.5518 
3420 0.997618 -0.83902 -98062.3 10.5833 
3430 0.997647 -0.273134 -98064.3 10.616 
3440 0.997635 0.653713 -98064 10.6492 
3450 0.997608 -0.928595 -98061.3 10.6814 
3460 0.997716 -0.360346 -98068.7 10.715 
3470 0.997683 0.50071 -98064.2 10.7475 
3480 0.997683 -0.95169 -98064.2 10.7755 
3490 0.997637 0.0948972 -98059.2 10.8086 
3500 0.997635 0.825717 -98069 10.8424 
3510 0.997635 0.412573 -98069.1 10.8732 
3520 0.997635 -0.754333 -98069.1 10.9041 
3530 0.997624 -0.76602 -98065.5 10.9314 
3540 0.997624 0.939461 -98065.4 10.9621 
3550 0.99762 -0.546867 -98066.6 10.9922 
3560 0.997597 0.72449 -98065 11.0234 
3570 0.997694 -0.852072 -98072.6 11.0556 
3580 0.997695 -0.240817 -98072.6 11.0834 
3590 0.997695 -0.150841 -98072.7 11.1113 
3600 0.997662 0.706583 -98067.8 11.1422 
3610 0.997716 0.220488 -98073.7 11.1746 
3620 0.997713 0.31196 -98074.6 11.2093 
3630 0.997736 0.853012 -98077 11.242 
3640 0.997736 0.525521 -98077 11.2728 
3650 0.997777 -0.455868 -98081.5 11.3078 
3660 0.997745 -0.497908 -98079.4 11.3381 
3670 0.99773 0.544947 -98078.7 11.371 
3680 0.997762 -0.703101 -98081.1 11.4038 
3690 0.997804 0.851747 -98081.4 11.4338 
3700 0.997804 0.772958 -98081.5 11.4647 
3710 0.997824 -0.916776 -98083.4 11.4967 
3720 0.997834 -0.0912874 -98084.1 11.5318 
3730 0.997844 -0.518159 -98085.3 11.5628 
3740 0.997825 0.382518 -98084.4 11.595 
3750 0.997824 0.191515 -98084.3 11.6234 
3760 0.997824 -0.903496 -98084.3 11.6545 
3770 0.997822 -0.862981 -98083.9 11.6796 
3780 0.997728 -0.985713 -98078.9 11.7129 
3790 0.997685 -0.325028 -98074.2 11.745 
3800 0.997645 0.371733 -98070.5 11.7775 
3810 0.997519 0.579982 -98051.5 11.8145 
3820 0.997569 0.478463 -98061.5 11.8517 
3830 0.997531 0.185717 -98056.2 11.8842 
3840 0.997531 -0.698592 -98056.2 11.9149 
3850 0.997528 0.69366 -98056 11.946 
3860 0.997542 -0.432377 -98057.4 11.977 
3870 0.997542 -0.199417 -98057.4 12.0048 
3880 0.997542 0.972951 -98057.4 12.0355 
3890 0.997542 -0.601386 -98057.4 12.0635 
3900 0.997537 0.678729 -98057 12.0946 
3910 0.997538 0.36595 -98057 12.1254 
3920 0.997508 0.519625 -98054 12.1568 
3930 0.997555 -0.929869 -98063.6 12.1928 
3940 0.997554 -0.908575 -98063.5 12.2179 
3950 0.997583 0.653618 -98066.6 12.2513 
3960 0.997615 -0.0632639 -98072.1 12.2853 
3970 0.997576 0.274424 -98068.4 12.3178 
3980 0.997585 0.840304 -98066 12.3522 
3990 0.997573 0.611412 -98065.3 12.3836 
4000 0.997564 -0.125037 -98069.4 12.4176 
4010 0.997644 0.682144 -98078.1 12.4478 
4020 0.997625 -0.687288 -98076.3 12.4797 
4030 0.997516 0.641485 -98064 12.512 
4040 0.99744 0.340592 -98055.5 12.5425 
4050 0.997498 -0.468743 -98055.1 12.5733 
4060 0.997498 -0.190548 -98055.1 12.6039 
4070 0.997506 -0.0605733 -98055.5 12.6353 
4080 0.997506 -0.101425 -98055.5 12.6663 
4090 0.997533 -0.615809 -98058.3 12.6965 
4100 0.997542 -0.543331 -98060.2 12.7291 
4110 0.997536 0.265963 -98059.2 12.7604 
4120 0.997459 -0.626363 -98053.5 12.7933 
4130 0.997462 -0.61644 -98051.7 12.8258 
4140 0.997462 -0.242365 -98051.7 12.8537 
4150 0.997469 -0.431588 -98052.5 12.8852 
4160 0.997497 0.449028 -98055.5 12.9165 
4170 0.997449 0.0371362 -98053.7 12.9496 
4180 0.997426 -0.0212015 -98051.1 12.9793 
4190 0.997403 0.670489 -98051.4 13.0139 
4200 0.997403 -0.317345 -98051.3 13.0447 
4210 0.997409 -0.725912 -98052 13.0757 
4220 0.997446 -0.501556 -98055.2 13.1076 
4230 0.997446 -0.805543 -98065.7 13.1412 
4240 0.997394 0.274199 -98061.9 13.1698 
4250 0.997389 -0.235373 -98061.4 13.2021 
4260 0.997545 0.770555 -98065.1 13.2379 
4270 0.997563 -0.756638 -98068.1 13.2709 
4280 0.997545 0.479835 -98069.8 13.3 
4290 0.997481 -0.47276 -98063.6 13.3298 
4300 0.997478 0.598919 -98062.8 13.3625 
4310 0.997537 -0.408665 -98067.9 13.3947 
4320 0.997577 0.535301 -98066 13.4296 
4330 0.997583 -0.691172 -98066.6 13.4614 
4340 0.997587 -0.402698 -98066.8 13.4925 
4350 0.997587 -0.507486 -98066.9 13.5236 
4360 0.99756 0.885437 -98064.4 13.5558 
4370 0.99756 0.569537 -98064.4 13.5808 
4380 0.99758 0.546711 -98066.7 13.6129 
4390 0.997658 0.563594 -98071.5 13.6456 
4400 0.997667 0.215008 -98068.7 13.6769 
4410 0.997719 0.354556 -98074.3 13.7097 
4420 0.997737 -0.60463 -98076.2 13.7417 
4430 0.997709 0.881389 -98072.7 13.7716 
4440 0.997731 -0.677601 -98075 13.8037 
4450 0.997716 -0.0511405 -98073.4 13.835 
4460 0.997674 -0.849609 -98066.5 13.8703 
4470 0.997674 0.280861 -98066.5 13.901 
4480 0.997674 0.345818 -98066.5 13.9318 
4490 0.997545 0.930863 -98055.5 13.9621 
4500 0.997545 0.0911205 -98055.5 13.9928 
4510 0.997663 0.805407 -98066.3 14.0252 
4520 0.997732 -0.311492 -98071.5 14.0592 
4530 0.997697 -0.653343 -98070.3 14.0936 
4540 0.997697 0.0100042 -98070.3 14.1219 
4550 0.997701 0.516321 -98073.1 14.1571 
4560 0.997701 -0.832822 -98073.1 14.1879 
4570 0.997698 0.879558 -98072.8 14.2231 
4580 0.997699 0.120539 -98072.9 14.2481 
4590 0.997708 0.930758 -98073.4 14.2786 
4600 0.997702 0.806622 -98073.1 14.3108 
4610 0.997713 0.580013 -98071 14.3441 
4620 0.997734 0.382796 -98071.3 14.3739 
4630 0.997709 -0.963052 -98069.8 14.4073 
4640 0.99772 -0.176016 -98076.7 14.4421 
4650 0.997729 -0.276565 -98077.7 14.4684 
4660 0.997692 -0.0141184 -98072.5 14.5033 
4670 0.997692 -0.402202 -98072.5 14.5342 
4680 0.997692 -0.0531566 -98072.5 14.5621 
4690 0.997684 -0.452329 -98072 14.5931 
4700 0.997648 0.331838 -98068.9 14.6254 
4710 0.99764 0.0528402 -98070.3 14.6533 
4720 0.997667 0.746047 -98070.4 14.6864 
4730 0.997673 0.716655 -98070.9 14.7152 
4740 0.997676 -0.728058 -98072.4 14.7479 
4750 0.997676 -0.750129 -98072.4 14.7787 
4760 0.99769 0.793321 -98074.1 14.8097 
4770 0.9977 0.91582 -98075.2 14.8376 
4780 0.997621 0.491558 -98066.8 14.8718 
4790 0.997538 -0.252492 -98062 14.9072 
4800 0.997625 -0.54329 -98066.4 14.9403 
4810 0.997589 0.875905 -98068 14.9719 
4820 0.997598 -0.74279 -98066.8 15.002 
4830 0.997592 0.562965 -98066.4 15.0332 
4840 0.997592 -0.559837 -98066.3 15.0584 
4850 0.997602 -0.249272 -98066.7 15.0907 
4860 0.997602 -0.418255 -98066.7 15.1215 
4870 0.997604 -0.355984 -98066.8 15.153 
4880 0.997613 -0.296563 -98068.3 15.1849 
4890 0.997598 0.0256083 -98068.7 15.2127 
4900 0.997653 -0.866629 -98072.7 15.2434 
4910 0.997653 0.577685 -98072.7 15.2742 
4920 0.997684 -0.296878 -98074.2 15.3071 
4930 0.997661 0.946637 -98076.5 15.3351 
4940 0.997659 0.583046 -98076.3 15.3668 
4950 0.997659 0.942663 -98076.4 15.3976 
4960 0.997659 0.925528 -98076.4 15.4254 
4970 0.997591 -0.126662 -98070.7 15.461 
4980 0.997591 -0.619995 -98070.7 15.4918 
4990 0.997572 0.491204 -98069.2 15.5205 
5000 0.997549 -0.595655 -98064.8 15.5535 
5010 0.99756 -0.994417 -98067.8 15.5854 
5020 0.997568 -0.135276 -98068 15.6169 
5030 0.997579 -0.116361 -98068.8 15.6507 
5040 0.997495 0.304884 -98066.7 15.6823 
5050 0.997495 0.610769 -98066.7 15.7101 
5060 0.997496 0.498628 -98066.9 15.7353 
5070 0.997502 -0.0823194 -98068.5 15.7632 
5080 0.997499 0.955309 -98074.1 15.7965 
5090 0.997369 -0.773001 -98062.8 15.8298 
5100 0.99742 0.0185046 -98067.2 15.8618 
5110 0.99742 0.0139723 -98067.2 15.8926 
5120 0.997415 0.134846 -98066.8 15.9178 
5130 0.997415 0.729908 -98066.8 15.9487 
5140 0.997415 0.869108 -98066.8 15.9765 
5150 0.997388 0.990776 -98066.9 16.007 
5160 0.997344 -0.853953 -98068.7 16.0399 
5170 0.997474 -0.492651 -98075.3 16.0756 
5180 0.997425 -0.685133 -98073.6 16.1084 
5190 0.997438 0.696356 -98074.6 16.1366 
5200 0.997418 0.178372 -98072.7 16.1652 
5210 0.997393 0.184721 -98068.1 16.1979 
5220 0.997455 -0.400109 -98059.5 16.2329 
5230 0.997467 0.0586595 -98053.5 16.2656 
5240 0.997467 -0.730627 -98053.5 16.2963 
5250 0.997473 0.336115 -98058.7 16.3287 
5260 0.997462 0.95655 -98061.2 16.3605 
5270 0.997471 -0.523891 -98062.9 16.3892 
5280 0.997469 0.953167 -98062.6 16.4174 
5290 0.997468 -0.376741 -98062.6 16.4483 
5300 0.997468 0.860758 -98062.6 16.4791 
5310 0.997468 -0.775121 -98062.6 16.5069 
5320 0.997471 0.955352 -98063.7 16.54 
5330 0.99749 0.399521 -98065.5 16.5687 
5340 0.997505 -0.774783 -98065.8 16.597 
5350 0.99746 0.477243 -98064.3 16.6264 
5360 0.997407 0.163273 -98059.3 16.6568 
5370 0.997407 0.451632 -98059.3 16.6875 
5380 0.997407 0.342782 -98059.3 16.7182 
5390 0.997364 0.465667 -98055.7 16.7499 
5400 0.997318 -0.0034387 -98065 16.7854 
5410 0.997319 0.866887 -98065 16.8162 
5420 0.997324 -0.349696 -98065.5 16.8442 
5430 0.99735 0.541186 -98067.6 16.8756 
5440 0.99735 0.197975 -98067.6 16.9064 
5450 0.99735 -0.237711 -98067.6 16.9371 
5460 0.997336 -0.667549 -98067.2 16.9685 
5470 0.997336 -0.420034 -98067.2 16.9993 
5480 0.997335 -0.0960313 -98067 17.0303 
5490 0.997395 0.0684782 -98066.7 17.0567 
5500 0.997433 -0.180751 -98068.5 17.0885 
5510 0.997433 -0.294447 -98068.5 17.1135 
5520 0.997499 -0.322569 -98070.9 17.1499 
5530 0.997525 0.00868573 -98072 17.1816 
5540 0.99745 -0.712058 -98072.6 17.2123 
5550 0.997333 0.971716 -98064.2 17.2415 
5560 0.997333 0.852197 -98064.2 17.2723 
5570 0.997483 -0.558766 -98074.9 17.3061 
5580 0.997483 -0.219165 -98075 17.3369 
5590 0.997483 0.713688 -98074.9 17.362 
5600 0.997422 -0.0444396 -98070.2 17.3947 
5610 0.997483 0.811608 -98069.4 17.4253 
5620 0.997483 -0.483293 -98069.5 17.456 
5630 0.997417 0.965749 -98063.9 17.488 
5640 0.997419 -0.0546608 -98064.2 17.5206 
5650 0.997426 -0.725495 -98064.7 17.5489 
5660 0.997426 -0.570459 -98064.7 17.5767 
5670 0.997495 -0.0952776 -98070.1 17.6074 
5680 0.997483 0.488702 -98070.7 17.6399 
5690 0.997483 0.825064 -98070.7 17.6649 
5700 0.99744 -0.901777 -98069.8 17.6927 
5710 0.997441 0.808989 -98069.9 17.7205 
5720 0.99746 0.0224557 -98071.3 17.7527 
5730 0.997414 0.203193 -98068.8 17.7849 
5740 0.99742 -0.504875 -98069.4 17.816 
5750 0.99745 -0.0899438 -98067.5 17.8483 
5760 0.997455 -0.0331613 -98068 17.8794 
5770 0.997437 -0.701275 -98055.4 17.9141 
5780 0.997487 0.715386 -98057 17.9461 
5790 0.997561 0.824928 -98059.6 17.9797 
5800 0.997561 -0.411254 -98059.6 18.0105 
5810 0.997562 -0.195987 -98059.3 18.0389 
5820 0.997475 -0.823686 -98052.9 18.0727 
5830 0.99748 -0.164991 -98053.3 18.1012 
5840 0.99748 0.583398 -98053.3 18.1319 
5850 0.99748 0.644143 -98053.3 18.1627 
5860 0.997479 -0.540499 -98053.1 18.1908 
5870 0.997596 0.2172 -98062.7 18.221 
5880 0.997596 0.144511 -98062.8 18.2491 
5890 0.997627 0.603264 -98065.6 18.278 
5900 0.997575 -0.80371 -98065.6 18.3086 
5910 0.997575 -0.940473 -98065.6 18.3365 
5920 0.997462 -0.75945 -98055.2 18.3715 
5930 0.997462 0.397357 -98055.2 18.3966 
5940 0.997536 0.136159 -98058.5 18.4268 
5950 0.997512 -0.0366805 -98056.3 18.4618 
5960 0.997512 0.797348 -98056.3 18.49 
5970 0.997538 -0.277534 -98054.8 18.5248 
5980 0.997538 0.39265 -98054.9 18.5527 
5990 0.997532 -0.702803 -98053.9 18.5854 
6000 0.997532 0.86194 -98054 18.6161 
6010 0.997486 -0.786903 -98050.7 18.6484 
6020 0.997533 0.0319645 -98054.4 18.6805 
6030 0.997531 -0.676962 -98054.2 18.706 
6040 0.99755 0.849895 -98056.1 18.7375 
6050 0.997532 -0.092939 -98059.5 18.7681 
6060 0.997559 0.221974 -98060.4 18.8019 
6070 0.997614 0.501222 -98062.9 18.8349 
6080 0.997679 -0.81373 -98073.8 18.8662 
6090 0.997636 0.711873 -98069.9 18.8964 
6100 0.997575 -0.780809 -98066.4 18.9289 
6110 0.997598 0.125751 -98067.4 18.9541 
6120 0.99762 0.371508 -98069.5 18.9857 
6130 0.99762 -0.502496 -98069.5 19.0165 
6140 0.997615 0.487102 -98067.6 19.0485 
6150 0.997613 0.660953 -98067.4 19.0796 
6160 0.997642 -0.751576 -98065.6 19.1127 
6170 0.997645 0.773908 -98066 19.1408 
6180 0.997645 0.342655 -98066 19.1717 
6190 0.997592 -0.188814 -98067.9 19.202 
6200 0.997591 0.446353 -98067.9 19.2328 
6210 0.997597 0.191032 -98069.4 19.2618 
6220 0.997553 -0.146162 -98065.1 19.2879 
6230 0.9975 0.649523 -98060.8 19.3178 
6240 0.99757 -0.390666 -98065.6 19.3485 
6250 0.99757 0.988946 -98065.6 19.3793 
6260 0.997608 0.0888512 -98063.4 19.4117 
6270 0.997591 0.215922 -98066 19.4457 
6280 0.997605 0.669661 -98068.7 19.4777 
6290 0.997633 0.740063 -98072.2 19.511 
6300 0.997534 -0.00778333 -98067.7 19.5443 
6310 0.997663 -0.133052 -98072 19.5789 
6320 0.997663 0.517947 -98072 19.6098 
6330 0.997632 0.769032 -98064.1 19.6426 
6340 0.997632 0.175641 -98064.1 19.6734 
6350 0.997647 0.679345 -98064.3 19.7065 
6360 0.997647 0.78894 -98064.4 19.7376 
6370 0.997647 -0.14992 -98064.4 19.7684 
6380 0.99761 0.589115 -98063.6 19.8013 
6390 0.997542 0.15254 -98060 19.8362 
6400 0.997558 -0.609215 -98062.1 19.8665 
6410 0.997608 -0.0827968 -98065.3 19.8985 
6420 0.997643 0.0986801 -98065.5 19.9296 
6430 0.997643 -0.45523 -98065.5 19.9575 
6440 0.99765 -0.147996 -98066.4 19.9895 
6450 0.997646 0.71008 -98066 20.0205 
6460 0.9976 0.876973 -98063 20.0541 
6470 0.997593 -0.551147 -98062.5 20.089 
6480 0.997593 0.533129 -98062.5 20.111 
6490 0.997617 0.0960073 -98064.8 20.1404 
6500 0.997508 0.362296 -98058.2 20.1686 
6510 0.997508 -0.776146 -98056.3 20.1992 
6520 0.997608 -0.64278 -98067.1 20.2288 
6530 0.997567 0.373086 -98074.1 20.2649 
6540 0.997555 0.875647 -98063 20.3025 
6550 0.997555 0.621808 -98063 20.3331 
6560 0.997515 -0.163234 -98062 20.367 
6570 0.997602 -0.442607 -98061.8 20.4014 
6580 0.99763 0.264119 -98064.5 20.4327 
6590 0.997595 -0.699571 -98061 20.4625 
6600 0.997593 -0.416771 -98057.9 20.4973 
6610 0.997606 0.548497 -98059.3 20.5227 
6620 0.997573 -0.511176 -98057.7 20.5514 
6630 0.997562 -0.341978 -98055.9 20.5796 
6640 0.997562 0.705139 -98055.9 20.6103 
6650 0.997562 0.39384 -98055.9 20.6412 
6660 0.997568 -0.436707 -98056.1 20.6742 
6670 0.997568 0.814758 -98056.1 20.7049 
6680 0.997564 -0.524744 -98057.4 20.7301 
6690 0.997565 0.494547 -98057.7 20.7609 
6700 0.99758 -0.855979 -98057.6 20.7927 
6710 0.997603 0.328152 -98058.4 20.8254 
6720 0.997603 0.464886 -98058.4 20.8561 
6730 0.997638 -0.475687 -98062.4 20.8858 
6740 0.997638 -0.829053 -98062.4 20.9165 
6750 0.997632 -0.280604 -98061.8 20.9484 
6760 0.997627 0.193396 -98059.8 20.9836 
6770 0.997632 0.593773 -98060.3 21.0145 
6780 0.997631 0.70033 -98060.2 21.0453 
6790 0.99765 0.661344 -98067.7 21.0806 
6800 0.997649 -0.636687 -98067.6 21.1113 
6810 0.997679 0.000739752 -98073.4 21.1443 
6820 0.997676 -0.282887 -98073.9 21.1721 
6830 0.99759 -0.395715 -98070.9 21.2044 
6840 0.997616 -0.220186 -98074.4 21.2374 
6850 0.997674 0.561258 -98076.7 21.2703 
6860 0.997683 0.0099777 -98078.7 21.303 
6870 0.997632 0.221319 -98073 21.3375 
6880 0.997632 -0.500849 -98073 21.3685 
6890 0.997629 -0.813348 -98072.8 21.3995 
6900 0.997629 -0.279188 -98072.8 21.4302 
6910 0.997635 -0.0933082 -98076.9 21.457 
6920 0.997679 -0.216611 -98077.8 21.4913 
6930 0.997734 0.223818 -98087.6 21.5182 
6940 0.997625 -0.565446 -98079 21.5543 
6950 0.99762 0.774097 -98078.5 21.5857 
6960 0.997697 -0.598621 -98082.8 21.616 
6970 0.997689 -0.575344 -98081.3 21.6447 
6980 0.9977 -0.509041 -98082.8 21.6712 
6990 0.99769 0.814835 -98087 21.7067 
7000 0.997682 -0.974293 -98088.9 21.7396 
7010 0.997671 0.278077 -98088.1 21.7706 
7020 0.997694 0.291914 -98088 21.8058 
7030 0.997734 0.251555 -98082.6 21.8373 
7040 0.997737 0.695438 -98082.8 21.8688 
7050 0.997724 0.470776 -98084.6 21.8989 
7060 0.997707 0.373986 -98082.9 21.9302 
7070 0.997702 -0.390255 -98081.8 21.9645 
7080 0.997717 -0.911099 -98078.6 21.9902 
7090 0.997708 0.994965 -98076.9 22.0214 
7100 0.997765 0.68767 -98082.8 22.0563 
7110 0.99775 0.314785 -98080.8 22.0885 
7120 0.997732 0.05787 -98079.8 22.12 
7130 0.997633 -0.863357 -98067.2 22.1531 
7140 0.997666 -0.218293 -98071.1 22.1865 
7150 0.997671 0.97337 -98071.6 22.2174 
7160 0.997679 0.558428 -98072.5 22.2484 
7170 0.997679 -0.244234 -98072.5 22.2795 
7180 0.997678 -0.915462 -98072.3 22.3114 
7190 0.997669 0.166925 -98078.7 22.3466 
7200 0.997669 0.745533 -98078.7 22.3774 
7210 0.9976 0.625142 -98071.6 22.4106 
7220 0.9976 -0.473759 -98071.5 22.4415 
7230 0.997629 0.508575 -98073.5 22.475 
7240 0.997691 0.208819 -98071.4 22.508 
7250 0.997693 0.390516 -98073.6 22.5425 
7260 0.997693 -0.990519 -98073.6 22.5732 
7270 0.997686 -0.893047 -98072.8 22.6045 
7280 0.997696 0.18645 -98072 22.6375 
7290 0.997473 0.855966 -98061.1 22.668 
7300 0.997531 0.189239 -98062.5 22.7014 
7310 0.997429 0.0873125 -98053.7 22.7335 
7320 0.997429 0.478685 -98053.7 22.7643 
7330 0.997435 0.577002 -98053.4 22.797 
7340 0.997435 0.306979 -98053.4 22.8278 
7350 0.997435 0.925564 -98053.4 22.8557 
7360 0.997435 0.36074 -98053.4 22.8835 
7370 0.997435 -0.733266 -98053.4 22.9144 
7380 0.997437 -0.662026 -98053.9 22.9422 
7390 0.997489 -0.893162 -98062.4 22.9723 
7400 0.997521 -0.722834 -98065.2 23.0047 
7410 0.997513 0.774909 -98064.1 23.033 
7420 0.997513 0.0922585 -98064.2 23.0637 
7430 0.997513 -0.0864907 -98064.2 23.0947 
7440 0.997504 0.914736 -98064.5 23.1259 
7450 0.9975 -0.479027 -98064.8 23.1576 
7460 0.997621 0.678155 -98077.4 23.1878 
7470 0.997622 0.543342 -98077.3 23.2194 
7480 0.997584 0.262255 -98075.6 23.2545 
7490 0.997558 -0.667822 -98074.2 23.284 
7500 0.997558 -0.458127 -98075.6 23.3141 
7510 0.997518 0.697963 -98076.2 23.3474 
7520 0.99752 0.177261 -98077.4 23.3815 
7530 0.99752 0.588837 -98077.4 23.4094 
7540 0.99752 0.600116 -98077.4 23.4403 
7550 0.997457 -0.391304 -98070.6 23.4738 
7560 0.997528 0.23583 -98071.2 23.5059 
7570 0.997623 0.0361776 -98077.1 23.5413 
7580 0.997503 0.164501 -98068.4 23.5738 
7590 0.997503 -0.151635 -98068.3 23.6045 
7600 0.997552 -0.282963 -98071.1 23.6378 
7610 0.997607 0.468321 -98065.4 23.6652 
7620 0.99755 0.392817 -98061.4 23.6987 
7630 0.997637 -0.381978 -98075.2 23.7316 
7640 0.997636 -0.711274 -98075.1 23.7628 
7650 0.997599 -0.442629 -98067.8 23.7969 
7660 0.997599 -0.652482 -98067.8 23.8276 
7670 0.997607 -0.24284 -98070 23.8597 
7680 0.997693 0.684697 -98077.3 23.8947 
7690 0.997668 -0.180862 -98074.8 23.9235 
7700 0.99762 0.785924 -98077.2 23.9573 
7710 0.997577 0.920337 -98073.5 23.9887 
7720 0.997618 -0.83286 -98077 24.0212 
7730 0.997594 -0.132656 -98076.2 24.0539 
7740 0.997594 0.554467 -98076.2 24.0794 
7750 0.997613 0.677057 -98077.2 24.1135 
7760 0.997606 -0.894275 -98074.6 24.1388 
7770 0.997606 -0.625927 -98074.6 24.1696 
7780 0.997606 -0.414655 -98074.5 24.2004 
7790 0.99767 -0.888493 -98078.8 24.2331 
7800 0.997586 0.476808 -98070.3 24.2663 
7810 0.997588 0.101888 -98070.4 24.2972 
7820 0.997593 0.846089 -98071.5 24.3293 
7830 0.997598 0.116559 -98072.1 24.3605 
7840 0.997597 0.99672 -98072 24.3913 
7850 0.997573 -0.638392 -98069.9 24.4222 
7860 0.997599 0.372152 -98072.2 24.4539 
7870 0.997612 -0.879071 -98070.2 24.487 
7880 0.997621 0.0697063 -98071 24.5133 
7890 0.997621 0.873751 -98071 24.5443 
7900 0.997736 -0.722022 -98082.1 24.5778 
7910 0.997736 -0.829581 -98082.2 24.6085 
7920 0.997736 -0.0381921 -98082.2 24.6363 
7930 0.99769 0.700658 -98077.3 24.6667 
7940 0.997645 0.000110923 -98067.1 24.6987 
7950 0.997678 -0.345466 -98069.7 24.7318 
7960 0.997678 -0.619761 -98069.7 24.7599 
7970 0.99768 -0.00366717 -98070.1 24.7888 
7980 0.99768 0.661671 -98070.1 24.8196 
7990 0.99768 -0.805856 -98070.1 24.8504 
8000 0.997706 0.669924 -98072.3 24.8817 
8010 0.997706 -0.612538 -98072.3 24.9068 
8020 0.997692 -0.540655 -98072 24.9364 
8030 0.997692 0.994718 -98072 24.9674 
8040 0.997692 -0.96993 -98072 24.9981 
8050 0.997577 -0.0737025 -98063 25.0336 
8060 0.997649 -0.177983 -98071 25.0661 
8070 0.997574 0.461592 -98064.8 25.0947 
8080 0.997574 0.829923 -98064.8 25.1256 
8090 0.997591 -0.494639 -98067.6 25.1595 
8100 0.997591 0.463105 -98067.6 25.1903 
8110 0.99759 0.218158 -98067.3 25.2235 
8120 0.997591 -0.320581 -98067.3 25.2514 
8130 0.997612 -0.244533 -98068.6 25.2821 
8140 0.997706 0.849834 -98066.1 25.3152 
8150 0.997796 0.562721 -98068.6 25.3439 
8160 0.997781 0.32752 -98067.4 25.3753 
8170 0.997705 -0.994685 -98070 25.403 
8180 0.997609 -0.965875 -98061.3 25.4381 
8190 0.997583 -0.40764 -98060.3 25.4719 
8200 0.997583 0.0342835 -98060.3 25.5042 
8210 0.99765 -0.166026 -98068.3 25.5363 
8220 0.99765 -0.216578 -98068.3 25.5644 
8230 0.99765 -0.44477 -98068.3 25.5951 
8240 0.99759 0.793735 -98067.2 25.6292 
8250 0.997611 -0.948078 -98073.3 25.6624 
8260 0.997568 0.619512 -98068.7 25.6943 
8270 0.997573 -0.646439 -98066.7 25.7297 
8280 0.997506 -0.241381 -98061.3 25.7623 
8290 0.997561 -0.561635 -98066.6 25.7934 
8300 0.997579 0.740119 -98068.9 25.8266 
8310 0.997509 -0.42976 -98067.9 25.8506 
8320 0.997494 -0.429958 -98066.7 25.8819 
8330 0.997494 -0.538326 -98066.7 25.9127 
8340 0.997437 0.288586 -98060.3 25.9464 
8350 0.997437 -0.48442 -98060.2 25.9774 
8360 0.997445 -0.203758 -98060.5 26.0084 
8370 0.997498 -0.881609 -98065.3 26.0411 
8380 0.997489 0.86593 -98064.3 26.0725 
8390 0.997552 -0.985695 -98064.3 26.1071 
8400 0.997552 0.26767 -98064.3 26.135 
8410 0.997477 0.883354 -98059.1 26.1707 
8420 0.997463 0.690002 -98057.8 26.2036 
8430 0.99747 -0.748163 -98058.1 26.2326 
8440 0.997455 -0.145968 -98056.7 26.2648 
8450 0.997455 -0.473582 -98056.7 26.2925 
8460 0.997455 0.96075 -98056.8 26.3233 
8470 0.997482 0.876296 -98057.8 26.3564 
8480 0.997483 0.75311 -98059 26.3912 
8490 0.997483 0.269045 -98059 26.422 
8500 0.997483 -0.472405 -98058.9 26.4527 
8510 0.997483 0.991193 -98058.9 26.4837 
8520 0.997476 -0.0387053 -98058.3 26.5149 
8530 0.997513 0.513031 -98063.2 26.547 
8540 0.997404 0.710123 -98055.9 26.5779 
8550 0.997404 -0.0429791 -98056.1 26.6094 
8560 0.997416 0.695301 -98057.2 26.6413 
8570 0.997416 0.0638137 -98057.3 26.6721 
8580 0.997413 0.549483 -98057.3 26.7045 
8590 0.997413 0.41391 -98057.3 26.7354 
8600 0.997444 -0.176322 -98061.4 26.7681 
8610 0.997492 0.682816 -98066.8 26.8055 
8620 0.997426 -0.211103 -98060.3 26.8389 
8630 0.997426 0.670421 -98060.3 26.8698 
8640 0.997484 0.904657 -98067.6 26.8945 
8650 0.997498 -0.863372 -98059 26.9234 
8660 0.997498 0.85044 -98059 26.9543 
8670 0.997541 0.23797 -98062.4 26.9834 
8680 0.997457 0.14906 -98062 27.0147 
8690 0.997457 0.438189 -98062 27.0454 
8700 0.997479 0.211396 -98063.2 27.0781 
8710 0.99748 -0.384074 -98063.2 27.1089 
8720 0.997479 -0.9222 -98063.2 27.1396 
8730 0.997574 0.648856 -98060 27.1672 
8740 0.997574 -0.0113374 -98060 27.1979 
8750 0.997574 0.37963 -98060 27.2258 
8760 0.997574 0.886373 -98060.3 27.2536 
8770 0.997561 -0.0291258 -98064.3 27.2872 
8780 0.997516 0.63644 -98061.2 27.3205 
8790 0.997516 -0.787144 -98061.2 27.3512 
8800 0.997544 -0.367322 -98064.8 27.3813 
8810 0.997598 -0.989657 -98072 27.4146 
8820 0.997647 0.275127 -98074.7 27.4497 
8830 0.997654 0.948353 -98074.8 27.4829 
8840 0.997579 -0.894392 -98065.1 27.5146 
8850 0.997579 0.581571 -98065.1 27.5454 
8860 0.997578 -0.22805 -98065 27.571 
8870 0.997578 -0.919099 -98065 27.6018 
8880 0.99767 0.881368 -98074.3 27.6349 
8890 0.997685 -0.0199578 -98074.7 27.667 
8900 0.997742 0.30259 -98073.7 27.6878 
8910 0.997738 0.0384229 -98073.4 27.7161 
8920 0.997695 -0.334467 -98070.8 27.746 
8930 0.997701 0.900929 -98071.2 27.7783 
8940 0.997564 0.271346 -98070 27.811 
8950 0.997275 -0.664619 -98051.8 27.8474 
8960 0.997349 0.91291 -98054 27.8846 
8970 0.997349 -0.200626 -98056.5 27.9148 
8980 0.997315 0.662969 -98053 27.9474 
8990 0.997315 -0.0323769 -98053 27.9787 
9000 0.997314 -0.276042 -98052.9 28.0066 
9010 0.997285 0.381923 -98057.8 28.0343 
9020 0.997285 -0.0213179 -98057.8 28.0652 
9030 0.997285 0.131338 -98057.8 28.093 
9040 0.997311 0.965912 -98058.3 28.1227 
9050 0.997241 -0.855624 -98055.1 28.1584 
9060 0.997241 -0.168932 -98055.1 28.1892 
9070 0.997229 -0.655779 -98054.6 28.2213 
9080 0.997282 -0.0170806 -98051.8 28.255 
9090 0.997317 -0.356577 -98054.9 28.2857 
9100 0.997317 0.915527 -98054.9 28.3165 
9110 0.99725 0.433359 -98050.4 28.3508 
9120 0.997355 -0.80106 -98055.1 28.3838 
9130 0.997369 0.61709 -98051.1 28.4197 
9140 0.9974 -0.498691 -98052.9 28.4519 
9150 0.997345 -0.965059 -98047.8 28.4834 
9160 0.997452 0.893681 -98060.7 28.5168 
9170 0.997434 0.483374 -98057.6 28.5513 
9180 0.997422 -0.702335 -98056 28.5825 
9190 0.997512 -0.338159 -98057.7 28.611 
9200 0.997512 -0.112053 -98057.7 28.6417 
9210 0.997531 0.316985 -98058.7 28.6678 
9220 0.997407 0.848065 -98046.6 28.7005 
9230 0.997405 0.306547 -98046.4 28.7286 
9240 0.99744 -0.723676 -98046 28.7634 
9250 0.997437 0.0186219 -98044.5 28.796 
9260 0.997429 0.410244 -98043 28.8292 
9270 0.997401 -0.0351531 -98044.7 28.8629 
9280 0.997401 -0.146103 -98044.6 28.894 
9290 0.9974 -0.296132 -98044.6 28.9191 
9300 0.997439 0.388957 -98046.6 28.9521 
9310 0.997494 0.493828 -98047.1 28.9853 
9320 0.997609 0.50675 -98058.9 29.0167 
9330 0.997632 -0.287197 -98062.3 29.0514 
9340 0.997641 -0.178269 -98065.3 29.0857 
9350 0.997601 -0.917821 -98062 29.119 
9360 0.997633 0.68742 -98060.7 29.1546 
9370 0.9976 0.0617396 -98055.9 29.1891 
9380 0.997599 -0.940751 -98055.7 29.2206 
9390 0.997627 0.376093 -98059.5 29.2506 
9400 0.997626 0.477417 -98059.5 29.2784 
9410 0.997627 -0.62652 -98059.5 29.3095 
9420 0.997671 -0.284264 -98064.5 29.3391 
9430 0.997624 -0.660346 -98055.6 29.3709 
9440 0.997624 0.765569 -98055.6 29.3988 
9450 0.997589 -0.71077 -98054 29.4314 
9460 0.997597 0.0876254 -98054.9 29.4632 
9470 0.997618 -0.229469 -98057.6 29.495 
9480 0.997576 -0.187859 -98059.2 29.5303 
9490 0.99768 0.443839 -98065.1 29.5672 
9500 0.997646 0.814712 -98063.3 29.5973 
9510 0.997652 0.450474 -98064.8 29.6294 
9520 0.997647 0.103326 -98064.1 29.6575 
9530 0.997643 0.564381 -98063.8 29.6869 
9540 0.997633 -0.287309 -98063.7 29.7174 
9550 0.997619 -0.176831 -98062.7 29.7491 
9560 0.997616 -0.111055 -98062.9 29.7788 
9570 0.997608 -0.056733 -98062.4 29.8125 
9580 0.997608 -0.585244 -98062.5 29.8434 
9590 0.997608 -0.67225 -98062.4 29.8714 
9600 0.997615 0.40401 -98063.1 29.9038 
9610 0.997597 0.156674 -98061.4 29.9355 
9620 0.997586 -0.318706 -98060.4 29.9666 
9630 0.997599 -0.0871949 -98061.8 29.9975 
9640 0.997596 0.258743 -98062.1 30.0243 
9650 0.997596 -0.585273 -98062.1 30.0551 
9660 0.997501 -0.463314 -98062 30.0882 
9670 0.997501 -0.355405 -98062.2 30.1199 
9680 0.997515 -0.790427 -98059.8 30.152 
9690 0.997527 -0.219043 -98060.7 30.1855 
9700 0.997518 0.146871 -98059.6 30.2165 
9710 0.997541 0.51172 -98064.5 30.2472 
9720 0.997633 0.904607 -98068.6 30.2785 
9730 0.997751 -0.878989 -98075.3 30.3067 
9740 0.997752 -0.743379 -98074.6 30.3376 
9750 0.997731 -0.0169439 -98073 30.3701 
9760 0.997658 -0.739611 -98080.5 30.4012 
9770 0.997634 0.619874 -98078 30.4341 
9780 0.997634 0.217188 -98078 30.4649 
9790 0.997634 -0.641149 -98078 30.4957 
9800 0.997675 0.66066 -98081.6 30.5289 
9810 0.997676 0.185203 -98081.6 30.5597 
9820 0.997654 -0.735283 -98080.1 30.5856 
9830 0.997635 -0.363035 -98077.8 30.615 
9840 0.997622 0.459856 -98075.2 30.6499 
9850 0.997618 0.780022 -98070.3 30.6828 
9860 0.997612 -0.745996 -98069.8 30.7141 
9870 0.997612 -0.457837 -98069.8 30.7449 
9880 0.997618 0.635507 -98070 30.7734 
9890 0.997549 0.122035 -98061 30.8037 
9900 0.997549 0.275596 -98061 30.8317 
9910 0.997521 0.439875 -98058.1 30.8653 
9920 0.997521 -0.192174 -98058.1 30.8965 
9930 0.997533 -0.344342 -98066.8 30.9255 
9940 0.997507 0.265603 -98071.3 30.9573 
9950 0.99751 0.812029 -98071.5 30.9889 
9960 0.99751 -0.341629 -98071.6 31.0201 
9970 0.997553 -0.165707 -98077.7 31.0535 
9980 0.997553 -0.845724 -98077.7 31.0822 
9990 0.997586 -0.285234 -98071.8 31.1081 
10000 0.997593 0.825199 -98072.5 31.1303 
