0 1 1 -98304 0 
10 1 -0.673979 -98304 0.0289308 
20 0.999985 -0.679973 -98302.8 0.0552163 
30 0.999978 0.0418839 -98301.9 0.0823808 
40 0.999977 -0.957398 -98301.9 0.110497 
50 0.999977 0.662241 -98301.9 0.133122 
60 0.999977 0.0227096 -98301.9 0.158508 
70 0.999229 -0.0102924 -98223 0.186081 
80 0.999229 0.0919773 -98223 0.214481 
90 0.999229 -0.771741 -98223 0.2429 
100 0.999229 0.768707 -98223 0.270829 
110 0.999053 -0.366778 -98207 0.300245 
120 0.999054 -0.34818 -98207.1 0.326186 
130 0.999054 -0.85665 -98207.1 0.351429 
140 0.998841 -0.211012 -98184.3 0.381488 
150 0.998841 0.443949 -98184.3 0.407013 
160 0.99884 0.500857 -98184.3 0.435392 
170 0.998717 -0.414167 -98166.7 0.465413 
180 0.998717 0.434097 -98166.6 0.490725 
190 0.998717 0.828591 -98166.6 0.519352 
200 0.998717 -0.403091 -98166.7 0.547383 
210 0.998717 -0.0154735 -98166.7 0.572711 
220 0.998576 0.752449 -98156.1 0.602866 
230 0.997713 -0.000964524 -98083.2 0.629125 
240 0.997787 -0.601636 -98089.4 0.658687 
250 0.997755 0.854848 -98097.4 0.683659 
260 0.997756 -0.659602 -98097.5 0.712942 
270 0.997774 -0.441983 -98097.4 0.738951 
280 0.997735 -0.802793 -98091.9 0.768811 
290 0.997993 0.206581 -98122.2 0.802553 
300 0.998003 0.22032 -98123.2 0.831239 
310 0.997997 0.817214 -98115.6 0.862199 
320 0.997937 -0.38183 -98110.1 0.891456 
330 0.997875 0.0691015 -98105.3 0.918617 
340 0.997865 0.563869 -98109.5 0.945877 
350 0.997673 -0.244032 -98100.6 0.976945 
360 0.997673 -0.813285 -98100.6 1.00267 
370 0.997536 0.119624 -98082.4 1.03379 
380 0.997416 0.531864 -98073.2 1.06164 
390 0.997416 0.890672 -98073.2 1.08451 
400 0.99742 -0.52647 -98073.9 1.11037 
410 0.997501 -0.856186 -98080.8 1.14094 
420 0.997504 0.028894 -98081.2 1.16984 
430 0.997704 0.13399 -98078.7 1.19542 
440 0.997684 -0.414667 -98081.9 1.22783 
450 0.997684 0.274035 -98081.9 1.25611 
460 0.997683 -0.440914 -98081.8 1.28443 
470 0.997702 0.87937 -98082.7 1.31386 
480 0.997422 -0.437329 -98067.8 1.34301 
490 0.997464 0.68744 -98068.3 1.37427 
500 0.997464 -0.0264813 -98068.3 1.40318 
510 0.997455 0.102741 -98067.7 1.43236 
520 0.9974 0.0170312 -98064.2 1.46526 
530 0.997573 0.576314 -98076.3 1.49597 
540 0.99766 0.864617 -98080.8 1.52769 
550 0.99766 0.0921352 -98080.8 1.55607 
560 0.99765 0.230591 -98080 1.57954 
570 0.997697 0.227768 -98081.2 1.61027 
580 0.997697 0.100992 -98081.2 1.63587 
590 0.997697 0.215495 -98081.2 1.6641 
600 0.9977 -0.513157 -98081.5 1.69242 
610 0.9977 -0.0421848 -98081.5 1.72067 
620 0.997704 0.184151 -98081.7 1.74949 
630 0.997664 0.452182 -98079.3 1.78064 
640 0.997609 -0.583646 -98073.4 1.81106 
650 0.997609 -0.457751 -98073.4 1.83661 
660 0.997593 0.815109 -98075.1 1.86865 
670 0.997593 0.830402 -98075.1 1.89701 
680 0.997582 0.923003 -98074.2 1.92333 
690 0.997595 -0.787555 -98070.6 1.95462 
700 0.997597 0.242607 -98070.9 1.98307 
710 0.997598 -0.659315 -98071 2.01157 
720 0.997598 0.312587 -98071 2.03717 
730 0.997598 -0.484375 -98071 2.06277 
740 0.997598 0.212014 -98071 2.08582 
750 0.997581 -0.11881 -98076.3 2.11074 
760 0.99757 0.620306 -98075.6 2.13697 
770 0.997659 -0.882001 -98082.1 2.16709 
780 0.997671 0.986462 -98083.2 2.19583 
790 0.99768 -0.92317 -98084.1 2.22528 
800 0.997668 -0.645753 -98084 2.25314 
810 0.997695 -0.927579 -98085.4 2.28325 
820 0.997634 -0.171187 -98081.8 2.31061 
830 0.99763 -0.321788 -98080.9 2.33998 
840 0.99763 0.79519 -98080.9 2.36555 
850 0.99763 -0.851668 -98081 2.39115 
860 0.997727 -0.264089 -98075.6 2.42033 
870 0.997765 0.664607 -98072.7 2.4503 
880 0.997759 0.210612 -98072.1 2.47618 
890 0.997744 0.175282 -98067.3 2.50507 
900 0.997764 0.518295 -98070.6 2.53197 
910 0.997727 -0.769883 -98067 2.55411 
920 0.997727 0.259682 -98067 2.58239 
930 0.99775 0.834502 -98069.5 2.61309 
940 0.997757 0.621448 -98070.3 2.64314 
950 0.997742 0.583207 -98068.4 2.67266 
960 0.997742 0.192284 -98068.4 2.69566 
970 0.997742 -0.656726 -98068.4 2.72152 
980 0.9977 0.957431 -98064 2.75174 
990 0.9977 0.156487 -98063.9 2.78001 
1000 0.997747 0.528227 -98068.6 2.81046 
1010 0.997761 0.351151 -98073.4 2.84107 
1020 0.997742 0.438854 -98071 2.8683 
1030 0.997742 -0.401504 -98071 2.89391 
1040 0.997716 0.102862 -98069.8 2.922 
1050 0.997718 0.623617 -98070 2.95067 
1060 0.997716 -0.181957 -98069.4 2.97706 
1070 0.997767 -0.258149 -98073.5 3.00613 
1080 0.997806 -0.896127 -98073.1 3.03881 
1090 0.997807 0.113309 -98073.1 3.06704 
1100 0.997807 -0.740298 -98073.1 3.09526 
1110 0.997807 -0.862253 -98073.1 3.12091 
1120 0.997807 0.207842 -98073.1 3.14925 
1130 0.997781 0.43145 -98070.7 3.17852 
1140 0.997781 -0.841532 -98070.7 3.20694 
1150 0.997762 0.0272426 -98070.4 3.2397 
1160 0.997751 0.342303 -98068.3 3.26869 
1170 0.99782 -0.638175 -98075 3.29863 
1180 0.99782 0.815559 -98075 3.32421 
1190 0.997786 -0.678516 -98072.8 3.3545 
1200 0.99773 0.240082 -98078.1 3.38508 
1210 0.99773 0.475327 -98078 3.4107 
1220 0.997692 0.377 -98073.5 3.43782 
1230 0.997692 0.666159 -98073.5 3.46347 
1240 0.997662 0.0119094 -98072.7 3.49373 
1250 0.997683 0.178599 -98074.7 3.52261 
1260 0.997683 -0.452095 -98074.7 3.55103 
1270 0.997684 0.0765195 -98074.7 3.57941 
1280 0.997707 0.257073 -98076.5 3.60851 
1290 0.997696 0.482048 -98075.1 3.63769 
1300 0.997718 0.0303291 -98076.6 3.66667 
1310 0.997758 0.916523 -98078.1 3.69692 
1320 0.997749 0.853079 -98077.9 3.7269 
1330 0.99769 -0.352369 -98072.5 3.75833 
1340 0.997693 0.746338 -98073.3 3.78654 
1350 0.997701 0.921767 -98075 3.81333 
1360 0.9977 -0.683928 -98075.6 3.8429 
1370 0.997655 -0.423926 -98076.9 3.87515 
1380 0.997656 -0.936672 -98077 3.90351 
1390 0.997598 -0.163374 -98071.1 3.93385 
1400 0.997598 -0.441541 -98071.1 3.95673 
1410 0.997598 0.57212 -98071.1 3.98255 
1420 0.997523 0.0302724 -98064.3 4.01096 
1430 0.997564 -0.801044 -98067.8 4.04108 
1440 0.997553 -0.23234 -98066.6 4.06784 
1450 0.997553 -0.105288 -98066.6 4.0935 
1460 0.997546 -0.368204 -98066.5 4.12282 
1470 0.997609 0.225367 -98071.5 4.14917 
1480 0.997619 0.463862 -98072.5 4.17293 
1490 0.997632 0.996138 -98074.6 4.20375 
1500 0.997632 -0.12084 -98074.6 4.23216 
1510 0.997609 -0.361302 -98072.3 4.2617 
1520 0.997609 0.221701 -98072.3 4.29008 
1530 0.99761 0.230927 -98072.3 4.31869 
1540 0.997599 0.420632 -98071.5 4.34232 
1550 0.997613 -0.747413 -98074.5 4.36833 
1560 0.997613 -0.397109 -98074.5 4.39661 
1570 0.997714 -0.579879 -98081.1 4.42877 
1580 0.997812 -0.994731 -98075.9 4.45511 
1590 0.997811 -0.0585523 -98076.1 4.48499 
1600 0.997811 -0.625379 -98076.1 4.51323 
1610 0.997811 0.181974 -98076.1 4.54151 
1620 0.997822 -0.0637678 -98077.6 4.57215 
1630 0.997766 0.227146 -98072.6 4.60103 
1640 0.997766 0.067884 -98072.6 4.62661 
1650 0.997768 0.632464 -98072.8 4.65559 
1660 0.997673 -0.798157 -98068.4 4.68551 
1670 0.997686 0.515973 -98069.9 4.71511 
1680 0.997686 -0.726186 -98069.8 4.74343 
1690 0.99765 -0.575758 -98064.6 4.77569 
1700 0.99765 0.851559 -98064.5 4.80394 
1710 0.997611 0.587313 -98061.7 4.83123 
1720 0.997462 -0.497492 -98053.3 4.86309 
1730 0.997596 0.126723 -98057.5 4.89128 
1740 0.997596 0.748665 -98057.5 4.9169 
1750 0.997556 0.0118256 -98058.8 4.94685 
1760 0.997484 0.247866 -98055.4 4.97287 
1770 0.997408 -0.945091 -98048.1 5.00355 
1780 0.997487 0.780478 -98054.5 5.03155 
1790 0.997581 0.517729 -98059.9 5.06095 
1800 0.997581 0.27869 -98059.9 5.08416 
1810 0.997456 0.444825 -98051.9 5.11225 
1820 0.997509 0.230864 -98056 5.14008 
1830 0.997509 -0.00416344 -98056 5.16834 
1840 0.997495 0.138924 -98061.8 5.19862 
1850 0.997429 0.425675 -98054.4 5.22597 
1860 0.997445 0.179323 -98056.1 5.25315 
1870 0.99743 -0.260014 -98056.9 5.28496 
1880 0.997425 0.286565 -98056.2 5.31477 
1890 0.997425 0.932578 -98056.2 5.34303 
1900 0.997424 -0.434011 -98056.2 5.36935 
1910 0.997437 -0.82735 -98058.8 5.39655 
1920 0.997499 -0.102658 -98066 5.42874 
1930 0.997474 -0.882166 -98060.5 5.45715 
1940 0.997455 -0.749186 -98057.3 5.48747 
1950 0.997455 0.272969 -98057.3 5.51323 
1960 0.997458 -0.823742 -98057.4 5.5393 
1970 0.997459 0.680803 -98057.4 5.56756 
1980 0.997465 -0.542166 -98059.1 5.59711 
1990 0.997494 -0.299775 -98062.9 5.62751 
2000 0.997494 -0.693089 -98062.9 5.65577 
2010 0.997525 0.809517 -98065.3 5.6873 
2020 0.997465 -0.702082 -98058.8 5.71443 
2030 0.997465 -0.553854 -98058.8 5.74009 
2040 0.997465 0.0499394 -98058.8 5.7683 
2050 0.99747 0.993896 -98059.5 5.79397 
2060 0.997404 -0.506756 -98058.7 5.82344 
2070 0.997388 0.893037 -98057.4 5.85235 
2080 0.997359 0.627994 -98051.8 5.88472 
2090 0.997439 0.355212 -98060.7 5.90941 
2100 0.997498 -0.298701 -98058.5 5.93703 
2110 0.997507 0.0397048 -98059.5 5.96587 
2120 0.997507 0.591887 -98059.5 5.99144 
2130 0.997514 0.333321 -98059.6 6.02093 
2140 0.997479 -0.506779 -98057.2 6.04732 
2150 0.997466 -0.887774 -98055.7 6.07379 
2160 0.997587 -0.989108 -98059.9 6.10124 
2170 0.997587 -0.695476 -98059.9 6.12947 
2180 0.997604 -0.121663 -98061.7 6.15833 
2190 0.997604 0.748388 -98061.7 6.18657 
2200 0.997604 -0.619824 -98061.7 6.2148 
2210 0.997604 -0.0497056 -98061.7 6.24036 
2220 0.997634 -0.106828 -98062.5 6.27115 
2230 0.997643 -0.0108823 -98063.3 6.29726 
2240 0.997596 -0.160652 -98062.7 6.32828 
2250 0.997582 0.958754 -98061.3 6.35709 
2260 0.997532 -0.108849 -98059.2 6.3874 
2270 0.997532 -0.818378 -98059.2 6.4157 
2280 0.997532 -0.283941 -98059.2 6.44393 
2290 0.997564 -0.88756 -98061.4 6.47338 
2300 0.99743 -0.0695499 -98054.7 6.50375 
2310 0.997423 -0.777049 -98055.8 6.53129 
2320 0.997414 0.389804 -98054.5 6.55992 
2330 0.997414 0.941397 -98054.6 6.58557 
2340 0.997439 0.784613 -98057.1 6.61481 
2350 0.997526 -0.663917 -98070 6.64605 
2360 0.997534 0.239368 -98070.1 6.67506 
2370 0.997557 0.220447 -98071.2 6.70511 
2380 0.99756 -0.360692 -98071.6 6.72893 
2390 0.997527 -0.169368 -98070.8 6.75706 
2400 0.997527 -0.00580469 -98070.9 6.78283 
2410 0.997552 -0.00482462 -98068.1 6.81482 
2420 0.997563 0.551457 -98067.8 6.84277 
2430 0.997571 0.228683 -98069.1 6.87294 
2440 0.997571 -0.903379 -98069.1 6.89851 
2450 0.997565 0.413782 -98068.5 6.92743 
2460 0.997717 0.483271 -98081.7 6.96286 
2470 0.997742 0.136693 -98084.5 6.98984 
2480 0.997724 -0.856546 -98075.2 7.02071 
2490 0.997622 0.222994 -98071.8 7.05227 
2500 0.997622 0.0958647 -98071.8 7.08054 
2510 0.997573 0.070345 -98068.3 7.11103 
2520 0.997573 -0.950337 -98068.3 7.13942 
2530 0.997573 -0.767717 -98068.3 7.16511 
2540 0.997573 0.897005 -98068.2 7.1908 
2550 0.997589 0.220753 -98068.1 7.21917 
2560 0.997589 -0.0712391 -98068.1 7.24488 
2570 0.997588 -0.445224 -98068.1 7.27324 
2580 0.997577 -0.545711 -98067 7.30427 
2590 0.997553 -0.0433499 -98068.1 7.33528 
2600 0.99749 0.418186 -98057.2 7.36456 
2610 0.99749 0.950229 -98057.2 7.39284 
2620 0.997537 0.363229 -98059.2 7.42626 
2630 0.997453 -0.146145 -98059.6 7.45419 
2640 0.997505 0.277475 -98063.5 7.485 
2650 0.997519 0.741135 -98066.7 7.51489 
2660 0.997519 0.99251 -98066.7 7.54314 
2670 0.997509 -0.681239 -98064.7 7.56932 
2680 0.997539 0.131563 -98065.6 7.59673 
2690 0.997539 -0.471113 -98065.6 7.62495 
2700 0.99741 -0.125643 -98053.4 7.65472 
2710 0.997411 -0.131474 -98053.5 7.68343 
2720 0.997419 0.0916171 -98054.1 7.7123 
2730 0.997419 0.938136 -98054 7.74056 
2740 0.997541 -0.485685 -98066.3 7.77033 
2750 0.997476 -0.627119 -98058.2 7.79845 
2760 0.997476 0.206209 -98058.2 7.82675 
2770 0.997476 0.0398808 -98058.2 7.84973 
2780 0.997476 -0.0676032 -98058.2 7.87799 
2790 0.997492 0.807624 -98059.9 7.90744 
2800 0.997427 0.6723 -98058.5 7.93725 
2810 0.997493 0.462433 -98066.1 7.9696 
2820 0.997568 0.291254 -98068.8 7.99875 
2830 0.997514 0.071364 -98062.5 8.02848 
2840 0.99752 -0.625051 -98063.4 8.05759 
2850 0.997528 -0.764423 -98063.8 8.08375 
2860 0.99756 0.511646 -98063.1 8.11369 
2870 0.99756 -0.382803 -98063.1 8.13933 
2880 0.997621 0.229831 -98066.5 8.16981 
2890 0.997621 -0.6897 -98066.5 8.19835 
2900 0.997515 -0.484706 -98059.3 8.23038 
2910 0.997515 -0.20837 -98059.3 8.25899 
2920 0.997491 0.470923 -98057.3 8.28557 
2930 0.997356 -0.160945 -98048.2 8.31633 
2940 0.997292 0.857162 -98043.7 8.3466 
2950 0.997319 0.397539 -98046.2 8.37676 
2960 0.99735 0.778054 -98048.9 8.40683 
2970 0.997507 -0.513844 -98054.9 8.44002 
2980 0.997492 -0.830851 -98054.8 8.47004 
2990 0.997499 0.180063 -98058.5 8.5026 
3000 0.997537 0.617242 -98057.5 8.53249 
3010 0.997656 -0.964141 -98066.3 8.56298 
3020 0.997623 -0.906699 -98065.7 8.58885 
3030 0.997611 -0.430701 -98069 8.61886 
3040 0.997491 0.937895 -98068.8 8.6474 
3050 0.997471 -0.0556817 -98066.8 8.68025 
3060 0.997361 0.0572633 -98053.4 8.70756 
3070 0.997417 -0.70918 -98056.7 8.73827 
3080 0.997417 -0.381559 -98056.7 8.764 
3090 0.997417 0.584856 -98056.7 8.78958 
3100 0.997442 -0.135535 -98058.8 8.81814 
3110 0.997427 -0.580556 -98059.8 8.84701 
3120 0.997453 -0.487477 -98061.3 8.87745 
3130 0.997456 -0.258266 -98061.8 8.90669 
3140 0.997462 -0.491722 -98061.7 8.93288 
3150 0.997462 -0.0860016 -98061.7 8.9612 
3160 0.997462 -0.292846 -98061.7 8.98411 
3170 0.99743 -0.919834 -98054.7 9.00876 
3180 0.99743 0.915056 -98054.7 9.03701 
3190 0.99743 -0.631417 -98054.7 9.06261 
3200 0.997451 -0.0412994 -98056.6 9.09203 
3210 0.997451 -0.126467 -98056.6 9.1204 
3220 0.997494 0.655435 -98060.1 9.15256 
3230 0.997516 -0.494963 -98062.1 9.18346 
3240 0.99752 -0.578534 -98062.3 9.21237 
3250 0.99752 -0.788642 -98062.3 9.24062 
3260 0.997502 -0.608209 -98060.6 9.26983 
3270 0.9975 -0.868321 -98060.4 9.29843 
3280 0.9975 0.766686 -98060.4 9.32684 
3290 0.997596 -0.947582 -98060.4 9.35986 
3300 0.997619 -0.610866 -98062.6 9.3887 
3310 0.997677 -0.410172 -98063.4 9.4184 
3320 0.997684 0.154475 -98064.4 9.44802 
3330 0.997681 -0.0778856 -98063 9.47784 
3340 0.997666 0.422961 -98061.5 9.50396 
3350 0.997653 -0.750332 -98060.4 9.5324 
3360 0.997603 0.503357 -98057.5 9.56432 
3370 0.997598 0.512465 -98056.7 9.59316 
3380 0.9976 -0.565663 -98055 9.62125 
3390 0.997622 -0.0647784 -98057.5 9.64946 
3400 0.997551 -0.7266 -98051.5 9.6783 
3410 0.997576 0.240316 -98053.8 9.70881 
3420 0.997456 0.115583 -98044.8 9.73575 
3430 0.997478 -0.164292 -98049.1 9.76501 
3440 0.997508 -0.18494 -98053.7 9.79413 
3450 0.997508 -0.266223 -98053.7 9.8224 
3460 0.997424 0.244539 -98044.1 9.85311 
3470 0.997452 0.490843 -98046.6 9.88177 
3480 0.997411 -0.526137 -98042.9 9.90556 
3490 0.997414 0.503758 -98043.9 9.9323 
3500 0.997415 0.541618 -98043.9 9.96056 
3510 0.997414 0.538161 -98050.2 9.98847 
3520 0.997439 0.615748 -98051.7 10.0175 
3530 0.997404 -0.396374 -98050.4 10.0504 
3540 0.997408 0.279722 -98051.1 10.0764 
3550 0.997408 0.103438 -98051 10.1047 
3560 0.997441 0.202025 -98051.8 10.1348 
3570 0.997437 -0.326753 -98051.5 10.1632 
3580 0.997424 -0.510259 -98050.7 10.1916 
3590 0.997454 0.441414 -98053.3 10.2209 
3600 0.997441 -0.660527 -98055.2 10.2514 
3610 0.997447 0.489375 -98055 10.2836 
3620 0.997522 0.525817 -98062 10.3146 
3630 0.997523 0.743235 -98062.1 10.3376 
3640 0.997575 0.31805 -98077.7 10.3677 
3650 0.997575 -0.416588 -98077.6 10.3933 
3660 0.997584 0.77962 -98074.6 10.4238 
3670 0.997568 0.426353 -98073.1 10.4527 
3680 0.997615 0.601871 -98078.3 10.4834 
3690 0.997616 0.951421 -98078.3 10.512 
3700 0.997495 -0.494204 -98069 10.5425 
3710 0.997508 0.952744 -98070.5 10.5698 
3720 0.997508 0.752018 -98070.5 10.5981 
3730 0.997508 0.993016 -98070.5 10.6265 
3740 0.997508 0.644957 -98070.5 10.6548 
3750 0.997519 0.0251472 -98071.4 10.6833 
3760 0.997519 0.213158 -98071.3 10.7116 
3770 0.99752 0.510372 -98071.4 10.7402 
3780 0.997553 -0.697108 -98074.8 10.7715 
3790 0.997507 -0.0827461 -98069.1 10.7965 
3800 0.997507 -0.0411613 -98069.2 10.8249 
3810 0.997507 -0.691457 -98069.2 10.8533 
3820 0.997468 -0.113155 -98070.3 10.88 
3830 0.997475 -0.114527 -98071.2 10.9104 
3840 0.997377 -0.535485 -98060.8 10.9383 
3850 0.997364 0.756062 -98058.7 10.9676 
3860 0.997498 0.789233 -98070.5 10.9996 
3870 0.997498 -0.542001 -98070.5 11.0282 
3880 0.997504 -0.877332 -98071 11.0539 
3890 0.9975 0.563291 -98070.3 11.0773 
3900 0.997505 -0.392252 -98071 11.1077 
3910 0.997525 -0.426058 -98073.4 11.1368 
3920 0.997521 -0.482812 -98072.5 11.166 
3930 0.997521 0.656929 -98072.5 11.1943 
3940 0.997493 0.989956 -98069.4 11.2233 
3950 0.997481 -0.408981 -98069.3 11.2533 
3960 0.997461 -0.609389 -98070.1 11.2807 
3970 0.997418 0.179903 -98068.1 11.3085 
3980 0.997464 0.782594 -98070.3 11.3383 
3990 0.997478 0.786857 -98071.2 11.3679 
4000 0.997634 0.434235 -98082.6 11.3983 
4010 0.997633 -0.601982 -98082.4 11.4271 
4020 0.997681 0.966752 -98083.2 11.452 
4030 0.997743 0.367608 -98088.6 11.4797 
4040 0.997744 0.559126 -98088.6 11.508 
4050 0.997748 -0.224391 -98089.1 11.5367 
4060 0.997755 0.542664 -98089.8 11.5653 
4070 0.997746 0.954754 -98089.2 11.5915 
4080 0.997753 -0.781571 -98089.8 11.6149 
4090 0.997732 -0.959218 -98087.1 11.6386 
4100 0.997731 -0.367823 -98087.1 11.6671 
4110 0.997732 0.723029 -98087.2 11.6931 
4120 0.997752 -0.945601 -98087.1 11.7195 
4130 0.997752 -0.462337 -98087.1 11.7479 
4140 0.997752 -0.887269 -98087.1 11.7765 
4150 0.997733 -0.494143 -98084.9 11.806 
4160 0.997711 -0.0652565 -98079 11.8352 
4170 0.997707 -0.102666 -98076 11.8636 
4180 0.997621 -0.237295 -98073 11.8954 
4190 0.997472 -0.00729014 -98061.7 11.926 
4200 0.997472 -0.54157 -98061.7 11.9517 
4210 0.997568 0.0109896 -98068 11.9813 
4220 0.997511 -0.311421 -98066.2 12.0062 
4230 0.997598 -0.462141 -98070.7 12.0328 
4240 0.99759 -0.4899 -98069.6 12.0618 
4250 0.99759 -0.111936 -98069.6 12.0901 
4260 0.99759 0.858722 -98069.6 12.1157 
4270 0.997593 0.0419402 -98069.9 12.1391 
4280 0.997592 0.0522005 -98069.8 12.1622 
4290 0.997577 0.158034 -98068.4 12.1889 
4300 0.997597 -0.0637363 -98070.2 12.2178 
4310 0.997579 0.613151 -98068.5 12.2467 
4320 0.997564 -0.769879 -98067 12.274 
4330 0.997564 0.872982 -98067 12.3023 
4340 0.997564 0.467353 -98067 12.3306 
4350 0.997619 -0.229497 -98073.5 12.3579 
4360 0.997528 0.824982 -98064.5 12.3882 
4370 0.997578 0.434233 -98067.3 12.4186 
4380 0.997569 0.393572 -98067.8 12.4503 
4390 0.997673 0.560949 -98067.6 12.4818 
4400 0.997654 -0.808395 -98067.9 12.5118 
4410 0.997669 0.531516 -98069.1 12.5402 
4420 0.997645 -0.764456 -98066.7 12.5719 
4430 0.997608 0.664833 -98063.6 12.599 
4440 0.997624 0.689669 -98064.7 12.6255 
4450 0.997624 -0.312617 -98064.7 12.6539 
4460 0.997567 0.325382 -98061.3 12.6816 
4470 0.9976 0.574073 -98064.3 12.7118 
4480 0.997592 -0.887453 -98064 12.7389 
4490 0.997592 -0.688847 -98064 12.7672 
4500 0.997618 -0.327458 -98068.4 12.7973 
4510 0.997619 -0.556681 -98068.4 12.8256 
4520 0.997606 -0.961103 -98064.2 12.8558 
4530 0.997607 0.67695 -98064.2 12.8843 
4540 0.997606 0.958412 -98064.2 12.9127 
4550 0.997584 0.0201648 -98063 12.9446 
4560 0.997454 -0.539239 -98057.5 12.9767 
4570 0.997402 -0.447653 -98052.3 13.0032 
4580 0.997402 0.805777 -98052.3 13.0289 
4590 0.997402 -0.996269 -98052.3 13.0546 
4600 0.997402 -0.724253 -98052.3 13.0829 
4610 0.99744 0.896363 -98055.9 13.1108 
4620 0.997532 -0.24395 -98057.4 13.1392 
4630 0.997532 0.331615 -98057.4 13.1675 
4640 0.997532 0.0872279 -98057.4 13.1904 
4650 0.997532 -0.252356 -98057.4 13.2161 
4660 0.99749 0.949563 -98056.9 13.247 
4670 0.997477 0.223874 -98052.1 13.2747 
4680 0.997551 0.207882 -98059.8 13.3066 
4690 0.997551 -0.182236 -98059.8 13.3322 
4700 0.997551 -0.178405 -98059.8 13.3579 
4710 0.997455 -0.647033 -98053.5 13.3879 
4720 0.997449 -0.856066 -98053.3 13.4166 
4730 0.997529 0.612777 -98054.9 13.4471 
4740 0.997516 -0.141201 -98052.6 13.474 
4750 0.997593 0.275456 -98059.7 13.505 
4760 0.997733 0.729652 -98070.4 13.5344 
4770 0.997733 0.256135 -98070.4 13.5627 
4780 0.997704 -0.73107 -98068 13.5924 
4790 0.997728 -0.20958 -98072.8 13.622 
4800 0.997728 -0.991821 -98072.8 13.6478 
4810 0.997728 0.418939 -98072.8 13.6733 
4820 0.997663 0.657589 -98064 13.7048 
4830 0.997663 -0.722016 -98064.1 13.7332 
4840 0.997614 -0.513326 -98065.3 13.7661 
4850 0.997603 0.671117 -98064.1 13.7947 
4860 0.997615 0.874158 -98065.7 13.8232 
4870 0.997615 -0.690377 -98065.7 13.8516 
4880 0.997592 0.341347 -98063.6 13.8798 
4890 0.997703 0.956506 -98072.7 13.9145 
4900 0.997707 0.417817 -98073.2 13.944 
4910 0.9977 0.717481 -98072.7 13.9731 
4920 0.9977 -0.885163 -98072.7 14.0014 
4930 0.9977 0.879727 -98072.7 14.0297 
4940 0.997691 0.844511 -98071.5 14.0559 
4950 0.997683 -0.708142 -98070.8 14.0847 
4960 0.997682 -0.832307 -98070.7 14.1132 
4970 0.997674 0.931016 -98067 14.1446 
4980 0.997534 -0.707456 -98050 14.175 
4990 0.997581 -0.288384 -98053.8 14.206 
5000 0.997581 -0.73072 -98053.5 14.2348 
5010 0.997588 0.26925 -98054.4 14.2613 
5020 0.997644 -0.6889 -98059.2 14.2931 
5030 0.997601 -0.870725 -98057.5 14.3231 
5040 0.997598 -0.664872 -98057.3 14.3524 
5050 0.997599 -0.226465 -98057.3 14.3781 
5060 0.997673 0.382982 -98061.9 14.4034 
5070 0.997673 0.645488 -98061.9 14.4317 
5080 0.997758 0.953114 -98067 14.4639 
5090 0.997758 0.871855 -98067 14.4923 
5100 0.997674 -0.922847 -98068.3 14.5191 
5110 0.997671 -0.496646 -98067.4 14.5482 
5120 0.997643 -0.798822 -98067 14.5785 
5130 0.997655 0.331437 -98067.9 14.6043 
5140 0.997655 -0.417628 -98067.9 14.6299 
5150 0.997655 0.760777 -98067.9 14.6586 
5160 0.997655 0.259968 -98067.9 14.6872 
5170 0.997587 0.72724 -98063.9 14.717 
5180 0.997505 0.570728 -98055.1 14.7486 
5190 0.997499 -0.677987 -98054.5 14.7787 
5200 0.997499 0.0645237 -98054.5 14.8071 
5210 0.997499 0.655683 -98054.6 14.8355 
5220 0.997505 -0.219454 -98055.4 14.8643 
5230 0.997605 -0.407561 -98064.8 14.8947 
5240 0.997647 -0.693947 -98067.1 14.9245 
5250 0.997677 0.605377 -98062.1 14.9539 
5260 0.997676 -0.563081 -98058.6 14.981 
5270 0.997676 -0.312321 -98058.6 15.0093 
5280 0.997666 0.902402 -98058.8 15.0406 
5290 0.997615 0.0372045 -98055.8 15.0647 
5300 0.997633 -0.964356 -98057.1 15.0937 
5310 0.997629 0.979215 -98053.2 15.1246 
5320 0.997629 0.681767 -98053.2 15.1529 
5330 0.99754 0.294379 -98050.7 15.1793 
5340 0.997518 -0.855121 -98047.5 15.2087 
5350 0.997523 -0.634184 -98052.9 15.2415 
5360 0.997537 0.0585184 -98054.6 15.2673 
5370 0.99755 -0.12297 -98057.3 15.2963 
5380 0.9976 0.522688 -98062.6 15.3271 
5390 0.997601 0.474059 -98061.9 15.3557 
5400 0.997601 -0.462619 -98061.9 15.384 
5410 0.99753 -0.0504181 -98057.1 15.4142 
5420 0.997465 0.604146 -98051.7 15.4445 
5430 0.997495 -0.769856 -98054.5 15.4757 
5440 0.997454 -0.49652 -98049.4 15.5041 
5450 0.997487 -0.799076 -98050.4 15.5291 
5460 0.997548 0.916883 -98055.6 15.5593 
5470 0.997563 -0.324009 -98057.1 15.5871 
5480 0.997563 -0.583278 -98057.1 15.6154 
5490 0.997563 -0.174534 -98057.1 15.641 
5500 0.997486 0.769027 -98053.1 15.6731 
5510 0.997532 0.763853 -98058.8 15.7063 
5520 0.997442 0.262506 -98051.5 15.7367 
5530 0.997442 0.198219 -98051.4 15.765 
5540 0.997442 -0.359044 -98049.9 15.7974 
5550 0.997405 0.464276 -98047.8 15.827 
5560 0.997542 -0.883738 -98058.7 15.8602 
5570 0.997594 0.996686 -98057.9 15.8925 
5580 0.997567 0.764284 -98053.9 15.9223 
5590 0.997565 0.115293 -98053.8 15.9488 
5600 0.997596 0.375712 -98054.9 15.9792 
5610 0.997643 -0.322113 -98059.4 16.0086 
5620 0.997656 -0.0529872 -98060.5 16.039 
5630 0.997599 -0.331381 -98056.5 16.0708 
5640 0.997602 0.609728 -98055.7 16.1021 
5650 0.997576 0.105773 -98049.6 16.1308 
5660 0.997563 -0.394082 -98050.2 16.1643 
5670 0.997515 0.892535 -98043.5 16.1947 
5680 0.997519 -0.154877 -98045.3 16.2256 
5690 0.997519 -0.617666 -98045.3 16.2511 
5700 0.997519 -0.809126 -98045.4 16.2796 
5710 0.997551 -0.524825 -98046.4 16.3106 
5720 0.99749 0.799783 -98047 16.3391 
5730 0.99749 0.370628 -98047.1 16.3676 
5740 0.997445 -0.195016 -98041.2 16.3979 
5750 0.997456 0.086815 -98042.3 16.4241 
5760 0.997504 0.879864 -98046.5 16.4546 
5770 0.997555 -0.835567 -98053.6 16.4853 
5780 0.99759 0.573988 -98061 16.5138 
5790 0.997602 -0.769545 -98061.8 16.5374 
5800 0.997602 0.949579 -98061.8 16.5659 
5810 0.997595 -0.541257 -98060.9 16.595 
5820 0.997595 -0.600075 -98060.9 16.6206 
5830 0.997617 0.831555 -98063 16.65 
5840 0.997617 -0.98262 -98063 16.6784 
5850 0.997617 0.874101 -98063 16.7067 
5860 0.997637 -0.856537 -98064.3 16.7311 
5870 0.997637 -0.825298 -98064.3 16.7569 
5880 0.997637 -0.576919 -98064.3 16.7852 
5890 0.997656 -0.619906 -98075.9 16.8151 
5900 0.997686 0.681482 -98078.6 16.8429 
5910 0.997677 -0.0797216 -98078.4 16.8719 
5920 0.997643 -0.0320544 -98074.5 16.9028 
5930 0.997679 0.0534185 -98078.7 16.9301 
5940 0.997669 -0.235326 -98082.8 16.9627 
5950 0.997669 -0.164491 -98082.8 16.9909 
5960 0.997613 -0.868241 -98079.7 17.0211 
5970 0.997613 -0.210013 -98079.7 17.0467 
5980 0.997499 0.811866 -98073 17.0779 
5990 0.997404 0.909061 -98066.1 17.1083 
6000 0.997459 0.875239 -98071.4 17.1355 
6010 0.997453 0.0393469 -98070.1 17.16 
6020 0.997414 0.817738 -98065.5 17.1916 
6030 0.997492 -0.281607 -98073.4 17.2195 
6040 0.997492 -0.23266 -98073.4 17.2478 
6050 0.997447 -0.00877361 -98068.3 17.2766 
6060 0.997489 -0.000999147 -98070.9 17.3068 
6070 0.997488 -0.353169 -98071.6 17.3337 
6080 0.997475 0.261766 -98071.2 17.3664 
6090 0.997439 0.418104 -98073.2 17.396 
6100 0.997504 0.250067 -98077 17.4268 
6110 0.99756 0.244837 -98081.8 17.4547 
6120 0.997559 0.622192 -98081.8 17.4833 
6130 0.997559 -0.767941 -98081.7 17.5115 
6140 0.997582 -0.671054 -98082.8 17.5412 
6150 0.997661 -0.924275 -98086 17.5671 
6160 0.997661 -0.931057 -98086.1 17.5927 
6170 0.997529 -0.603387 -98074.7 17.6174 
6180 0.997544 -0.794108 -98075.6 17.6461 
6190 0.997547 -0.809841 -98076.9 17.6758 
6200 0.997547 0.643987 -98076.9 17.704 
6210 0.997531 -0.969332 -98075.6 17.7336 
6220 0.99755 0.614089 -98075.6 17.7648 
6230 0.997544 -0.934848 -98074.6 17.7916 
6240 0.997494 -0.426685 -98068.4 17.8222 
6250 0.997495 0.685371 -98068.4 17.8504 
6260 0.997495 -0.443557 -98068.4 17.8787 
6270 0.99752 0.390019 -98067.8 17.9086 
6280 0.99749 0.237751 -98064 17.9392 
6290 0.997508 0.479415 -98066.5 17.966 
6300 0.99751 -0.798654 -98067.1 17.9931 
6310 0.997477 -0.727611 -98067.6 18.0236 
6320 0.997491 -0.524757 -98068 18.0527 
6330 0.99747 -0.526333 -98065.6 18.0794 
6340 0.99748 -0.248384 -98066.3 18.1083 
6350 0.99748 0.132957 -98066.2 18.1366 
6360 0.997482 0.0575468 -98066.4 18.1654 
6370 0.997482 0.326209 -98066.4 18.1936 
6380 0.997482 -0.372521 -98066.4 18.222 
6390 0.997514 -0.621482 -98067.2 18.2496 
6400 0.997514 -0.842237 -98067.2 18.2779 
6410 0.997579 -0.874847 -98069.9 18.3056 
6420 0.997527 -0.956573 -98066.2 18.3355 
6430 0.997521 0.625333 -98065.5 18.3621 
6440 0.99751 0.581562 -98062.8 18.3915 
6450 0.997546 0.549238 -98060.1 18.4247 
6460 0.997521 -0.174039 -98058.7 18.451 
6470 0.997483 -0.688144 -98050.6 18.4743 
6480 0.997484 -0.16104 -98050.6 18.5025 
6490 0.997481 0.33791 -98049.4 18.5253 
6500 0.997504 0.980048 -98052.4 18.5523 
6510 0.997452 -0.840824 -98048.8 18.5834 
6520 0.997452 -0.641216 -98048.8 18.6063 
6530 0.997453 -0.434101 -98048.8 18.6319 
6540 0.997463 -0.846124 -98053.7 18.6582 
6550 0.997463 -0.384782 -98053.7 18.6838 
6560 0.997501 -0.339845 -98057 18.7136 
6570 0.997496 0.252459 -98055.8 18.7398 
6580 0.99744 -0.110038 -98058 18.7703 
6590 0.997439 -0.0194979 -98057.9 18.7988 
6600 0.997487 -0.168814 -98059.8 18.8305 
6610 0.997504 -0.195145 -98062.1 18.8572 
6620 0.997521 -0.219551 -98065 18.8865 
6630 0.997521 -0.322205 -98065 18.9096 
6640 0.997615 0.513025 -98069.6 18.9371 
6650 0.997665 -0.98123 -98073.6 18.9646 
6660 0.997662 0.683918 -98073.9 18.9919 
6670 0.997662 -0.325434 -98073.9 19.0202 
6680 0.99761 -0.597952 -98074.9 19.0504 
6690 0.99761 -0.166638 -98074.9 19.0788 
6700 0.997512 -0.745676 -98065 19.1095 
6710 0.997395 0.402845 -98058.7 19.1399 
6720 0.997395 -0.0761149 -98058.7 19.1683 
6730 0.997482 -0.392503 -98058.7 19.1992 
6740 0.997507 0.210756 -98060 19.2302 
6750 0.997507 -0.277346 -98060 19.2585 
6760 0.997507 0.0231267 -98060 19.2867 
6770 0.997511 0.750098 -98060.3 19.3152 
6780 0.997516 0.281087 -98058.2 19.3415 
6790 0.997496 -0.607322 -98058.2 19.3728 
6800 0.997496 -0.859614 -98058.2 19.4011 
6810 0.997519 -0.899424 -98059.7 19.4317 
6820 0.997519 0.967585 -98059.7 19.46 
6830 0.997642 -0.201712 -98058.2 19.4835 
6840 0.997659 -0.612473 -98059.8 19.5126 
6850 0.997612 0.431932 -98058.8 19.544 
6860 0.997685 0.309511 -98065.9 19.5719 
6870 0.997515 -0.232294 -98060.5 19.6037 
6880 0.997515 0.372246 -98060.5 19.6292 
6890 0.997514 0.821672 -98058.8 19.6597 
6900 0.997514 -0.415215 -98058.8 19.6886 
6910 0.997514 0.470152 -98058.8 19.7169 
6920 0.997526 0.221364 -98059.5 19.7478 
6930 0.997526 0.907816 -98059.5 19.7735 
6940 0.997523 -0.165706 -98059.1 19.7993 
6950 0.997586 -0.181643 -98067.5 19.8313 
6960 0.997491 0.582955 -98062.6 19.8588 
6970 0.997376 0.869807 -98049.4 19.8878 
6980 0.997441 0.0688548 -98056.2 19.9163 
6990 0.997441 0.629074 -98056.2 19.9446 
7000 0.997484 -0.0112159 -98059.9 19.974 
7010 0.997462 -0.233401 -98057 20.0022 
7020 0.997542 -0.04132 -98068.7 20.0331 
7030 0.997542 -0.503563 -98068.7 20.0614 
7040 0.997542 0.502844 -98068.7 20.0898 
7050 0.997542 0.0688042 -98068.7 20.1181 
7060 0.997518 0.0941646 -98068.5 20.1487 
7070 0.997518 -0.650539 -98068.5 20.177 
7080 0.997525 -0.308352 -98068.1 20.2035 
7090 0.997525 -0.300516 -98068.1 20.2292 
7100 0.997584 -0.930207 -98070.2 20.2605 
7110 0.99752 -0.156526 -98065.1 20.2908 
7120 0.997519 -0.359125 -98065.1 20.3194 
7130 0.997519 -0.238658 -98065.1 20.3476 
7140 0.997587 -0.111248 -98072.7 20.3824 
7150 0.997586 0.403226 -98070.5 20.4105 
7160 0.997529 -0.672249 -98067.5 20.4411 
7170 0.997529 0.351919 -98067.4 20.4696 
7180 0.997482 -0.571422 -98067.8 20.4971 
7190 0.997482 -0.671173 -98067.8 20.5253 
7200 0.997482 -0.652698 -98067.9 20.5536 
7210 0.997439 0.581857 -98067.6 20.5859 
7220 0.997395 -0.227009 -98062.1 20.6111 
7230 0.997434 0.0397313 -98063.4 20.6382 
7240 0.99743 0.680575 -98063.1 20.667 
7250 0.997431 0.0087727 -98063.2 20.6955 
7260 0.997552 0.0810702 -98076.2 20.7212 
7270 0.99755 -0.154013 -98076 20.7446 
7280 0.99755 -0.0181038 -98076 20.7702 
7290 0.99755 0.706167 -98076 20.796 
7300 0.997539 -0.0144673 -98075.9 20.8254 
7310 0.997537 -0.457091 -98075.6 20.8517 
7320 0.997538 -0.0710003 -98075.6 20.8814 
7330 0.997541 -0.877515 -98075.8 20.9099 
7340 0.997541 0.648302 -98075.8 20.9355 
7350 0.99754 -0.170953 -98075.8 20.9638 
7360 0.997563 0.488632 -98075.9 20.9848 
7370 0.99748 0.0687691 -98064.3 21.0174 
7380 0.997503 0.551025 -98062.1 21.0488 
7390 0.997503 -0.399009 -98062.1 21.0772 
7400 0.997503 -0.346169 -98062.1 21.106 
7410 0.997503 0.340922 -98062.1 21.1344 
7420 0.99745 -0.305745 -98057.3 21.1616 
7430 0.99753 -0.517674 -98063.6 21.192 
7440 0.997518 0.889163 -98063.1 21.2217 
7450 0.997412 0.41718 -98056.6 21.2532 
7460 0.997427 -0.0999707 -98058.2 21.2819 
7470 0.997481 0.577446 -98063.6 21.3055 
7480 0.997474 -0.794098 -98059.4 21.3331 
7490 0.997475 -0.625655 -98059.5 21.3616 
7500 0.997475 -0.586585 -98059.5 21.3899 
7510 0.997494 -0.132491 -98062.8 21.4188 
7520 0.997494 0.765036 -98062.8 21.4446 
7530 0.997481 0.56013 -98066.1 21.4754 
7540 0.997491 -0.936069 -98067 21.5042 
7550 0.997491 -0.920449 -98067 21.5326 
7560 0.997491 0.47767 -98067 21.5583 
7570 0.997528 -0.369883 -98070.7 21.5887 
7580 0.997513 0.0943123 -98070.9 21.6137 
7590 0.997547 0.207238 -98066.5 21.6457 
7600 0.997548 -0.960219 -98066.6 21.6741 
7610 0.997528 0.552976 -98063.1 21.7047 
7620 0.997528 -0.966332 -98063.1 21.7303 
7630 0.997529 0.00194686 -98063.1 21.7559 
7640 0.997494 0.640688 -98058 21.786 
7650 0.997389 -0.328157 -98047.8 21.816 
7660 0.997374 -0.774873 -98046.3 21.8448 
7670 0.997374 0.275836 -98046.3 21.8705 
7680 0.997371 0.880246 -98045.7 21.9013 
7690 0.997385 -0.810287 -98048.3 21.9314 
7700 0.997452 0.762325 -98051.9 21.9598 
7710 0.997439 0.742161 -98050.5 21.9862 
7720 0.997531 -0.504484 -98057.6 22.0196 
7730 0.997538 -0.270117 -98058.9 22.0485 
7740 0.997507 -0.299622 -98055 22.0793 
7750 0.997462 0.701825 -98052.1 22.11 
7760 0.997501 0.434358 -98058.2 22.1408 
7770 0.997501 -0.60247 -98058.2 22.1692 
7780 0.997474 0.718403 -98061.9 22.199 
7790 0.997413 -0.720255 -98052.5 22.2295 
7800 0.997434 0.522884 -98053.9 22.253 
7810 0.997434 -0.0336867 -98053.9 22.2813 
7820 0.997543 0.800767 -98068.3 22.3111 
7830 0.997566 -0.94827 -98069.8 22.3402 
7840 0.997605 0.466637 -98073.7 22.3703 
7850 0.997566 -0.918178 -98069.1 22.3978 
7860 0.997631 0.530053 -98067.5 22.4298 
7870 0.997575 0.733411 -98063.3 22.4592 
7880 0.997657 0.679939 -98071.1 22.4881 
7890 0.997657 -0.518213 -98071.1 22.5164 
7900 0.997628 0.355551 -98067.1 22.5467 
7910 0.997619 -0.648672 -98066.3 22.5763 
7920 0.997619 -0.984289 -98066.4 22.6047 
7930 0.997619 0.562722 -98066.3 22.6333 
7940 0.997591 -0.371739 -98063.9 22.6625 
7950 0.997658 -0.0832645 -98066 22.693 
7960 0.997708 -0.799094 -98068.9 22.7203 
7970 0.997708 0.967065 -98068.8 22.7459 
7980 0.997598 -0.458951 -98058.6 22.7751 
7990 0.997621 -0.0183052 -98062 22.802 
8000 0.997652 -0.463538 -98064.7 22.8345 
8010 0.997633 0.732551 -98066.1 22.864 
8020 0.997716 0.990641 -98069.7 22.8937 
8030 0.997536 -0.626108 -98058.7 22.9242 
8040 0.997536 0.460904 -98058.7 22.9525 
8050 0.997603 0.0719198 -98064.1 22.9842 
8060 0.997603 0.0255696 -98064.1 23.0126 
8070 0.997603 0.247846 -98064.1 23.0383 
8080 0.997603 -0.907366 -98064.1 23.0666 
8090 0.997639 -0.501054 -98069.9 23.0969 
8100 0.997641 -0.272369 -98070 23.1254 
8110 0.997639 0.34486 -98069.9 23.1518 
8120 0.997651 -0.325679 -98069.9 23.1811 
8130 0.997651 0.446407 -98069.9 23.2093 
8140 0.997651 -0.387017 -98069.9 23.2354 
8150 0.997706 0.524261 -98074.9 23.2665 
8160 0.997775 -0.53596 -98080.6 23.2951 
8170 0.997775 0.0289374 -98080.5 23.321 
8180 0.997775 0.601472 -98080.6 23.3493 
8190 0.997795 0.253785 -98082.5 23.378 
8200 0.997585 0.135766 -98071.2 23.4102 
8210 0.997653 0.242807 -98078.7 23.442 
8220 0.997634 0.700817 -98077 23.4727 
8230 0.997626 0.00580458 -98076.4 23.5028 
8240 0.997626 0.772722 -98076.4 23.5313 
8250 0.997611 0.656199 -98073.2 23.5579 
8260 0.997606 -0.0761617 -98072.6 23.5837 
8270 0.997639 -0.331891 -98074.9 23.6138 
8280 0.997639 -0.366083 -98074.9 23.6422 
8290 0.997636 0.436379 -98072.6 23.6701 
8300 0.997636 -0.147922 -98072.6 23.6986 
8310 0.997636 0.578959 -98072.6 23.727 
8320 0.997636 -0.57644 -98072.7 23.7553 
8330 0.997637 0.964112 -98081.8 23.7848 
8340 0.997637 -0.555408 -98081.8 23.8106 
8350 0.997605 -0.64605 -98077.9 23.8403 
8360 0.997524 -0.71562 -98074.4 23.8709 
8370 0.997524 -0.192098 -98074.4 23.8993 
8380 0.997524 -0.524817 -98074.4 23.9279 
8390 0.997541 0.242731 -98076.7 23.9553 
8400 0.997589 0.160539 -98080.8 23.9819 
8410 0.997589 0.133661 -98080.8 24.0102 
8420 0.997591 -0.902832 -98078.1 24.0374 
8430 0.997591 0.494494 -98078.1 24.0658 
8440 0.997593 0.405126 -98078.3 24.0944 
8450 0.99757 -0.0168855 -98077.3 24.1246 
8460 0.997569 0.335373 -98077.3 24.153 
8470 0.997569 0.551408 -98077.3 24.1787 
8480 0.99757 0.256256 -98077.4 24.2077 
8490 0.99757 0.73768 -98077.4 24.236 
8500 0.997521 0.617758 -98064.6 24.2656 
8510 0.997521 0.563938 -98064.6 24.2942 
8520 0.99763 0.0614391 -98067 24.3248 
8530 0.997627 0.0732075 -98063.1 24.355 
8540 0.997695 0.306573 -98074.8 24.3854 
8550 0.997695 0.348102 -98074.9 24.4084 
8560 0.997684 0.0654681 -98073.7 24.4349 
8570 0.997596 0.225289 -98068.7 24.4659 
8580 0.997596 0.587145 -98068.7 24.4943 
8590 0.997606 -0.907638 -98069.6 24.523 
8600 0.997621 0.624375 -98070.7 24.5519 
8610 0.99761 -0.657656 -98070.3 24.5817 
8620 0.99761 -0.315388 -98070.3 24.6099 
8630 0.997596 0.268839 -98071.3 24.6415 
8640 0.997556 0.176758 -98068 24.672 
8650 0.997516 0.703376 -98070.1 24.7033 
8660 0.997516 0.485393 -98070.1 24.729 
8670 0.997553 -0.537366 -98072.2 24.7583 
8680 0.997568 -0.658896 -98073.6 24.7874 
8690 0.997557 -0.521603 -98072.6 24.8166 
8700 0.997614 0.213253 -98077.9 24.8418 
8710 0.997597 -0.923097 -98072.8 24.8718 
8720 0.997599 0.0370174 -98073 24.9004 
8730 0.997634 -0.332071 -98073.4 24.9278 
8740 0.9976 -0.518039 -98071 24.9566 
8750 0.997601 -0.580477 -98071.7 24.986 
8760 0.997608 0.760925 -98072.1 25.0149 
8770 0.997501 0.614219 -98063.5 25.046 
8780 0.997503 -0.468802 -98063.6 25.0747 
8790 0.997496 0.836408 -98063 25.1055 
8800 0.997597 -0.987442 -98064.8 25.1357 
8810 0.9976 -0.148722 -98065 25.1644 
8820 0.997621 0.742251 -98068.7 25.1939 
8830 0.997644 0.10558 -98069.9 25.2241 
8840 0.997676 0.776409 -98072.7 25.2536 
8850 0.997678 0.84999 -98072.9 25.2822 
8860 0.997586 -0.36193 -98066.7 25.314 
8870 0.997621 -0.0333355 -98071.7 25.3446 
8880 0.997649 0.618198 -98074.8 25.3754 
8890 0.997652 0.458217 -98075.1 25.4014 
8900 0.997608 0.376188 -98069.3 25.4293 
8910 0.997568 -0.170262 -98065.2 25.4589 
8920 0.997569 0.280199 -98065.2 25.4872 
8930 0.997568 0.351646 -98065.2 25.5155 
8940 0.997566 0.338334 -98064.6 25.5416 
8950 0.997566 0.748878 -98064.6 25.57 
8960 0.997569 0.078803 -98065 25.5996 
8970 0.99759 0.652539 -98066.1 25.6336 
8980 0.997576 0.779483 -98067.1 25.6648 
8990 0.997563 -0.251414 -98065.8 25.6935 
9000 0.997574 -0.806597 -98066.9 25.7218 
9010 0.997574 0.754801 -98066.9 25.7503 
9020 0.997579 0.838759 -98067.6 25.7765 
9030 0.99758 -0.153322 -98067.6 25.8051 
9040 0.997583 -0.371749 -98067.9 25.8346 
9050 0.997618 -0.133215 -98072.9 25.8641 
9060 0.997622 0.229757 -98073.2 25.8934 
9070 0.997622 0.212572 -98072.6 25.9203 
9080 0.997622 0.604618 -98072.6 25.9486 
9090 0.997597 -0.0440805 -98072.7 25.9788 
9100 0.997607 -0.242925 -98066.8 26.0112 
9110 0.997701 -0.396507 -98065.9 26.0402 
9120 0.997669 0.930301 -98065.8 26.0707 
9130 0.997669 0.0937913 -98065.8 26.099 
9140 0.997671 -0.657836 -98066 26.1276 
9150 0.997706 -0.568787 -98067.9 26.1586 
9160 0.997718 -0.862418 -98068.7 26.19 
9170 0.997718 -0.657765 -98068.7 26.2182 
9180 0.997718 -0.951764 -98068.7 26.244 
9190 0.997675 -0.273977 -98063.1 26.2715 
9200 0.997622 -0.527833 -98054.5 26.3005 
9210 0.997655 -0.588995 -98055.5 26.3283 
9220 0.997655 0.741382 -98055.5 26.3541 
9230 0.997544 0.614384 -98045.7 26.3793 
9240 0.997544 -0.980358 -98045.7 26.4076 
9250 0.997544 -0.24973 -98045.7 26.4332 
9260 0.997549 0.30496 -98045.5 26.4629 
9270 0.997506 0.463235 -98042.3 26.4923 
9280 0.997551 -0.915906 -98044.5 26.5229 
9290 0.997636 -0.804887 -98053.6 26.5487 
9300 0.997637 0.30422 -98053.8 26.5773 
9310 0.997622 -0.196075 -98052.7 26.6039 
9320 0.997622 0.487107 -98052.7 26.6323 
9330 0.997643 -0.79406 -98054.5 26.6613 
9340 0.997643 0.982232 -98054.4 26.6896 
9350 0.99764 0.0451447 -98054.3 26.7197 
9360 0.997645 -0.500872 -98055.8 26.7463 
9370 0.997641 -0.556517 -98055.1 26.7753 
9380 0.997641 -0.298873 -98055.1 26.8038 
9390 0.997641 -0.276966 -98055.1 26.8295 
9400 0.997645 -0.679135 -98053.6 26.8575 
9410 0.997647 0.61694 -98053.5 26.8865 
9420 0.997627 0.82551 -98051.5 26.9161 
9430 0.997641 -0.076331 -98053.3 26.9461 
9440 0.997597 0.575808 -98053 26.9767 
9450 0.997597 -0.0213611 -98053 27.0049 
9460 0.997597 -0.680813 -98053 27.0332 
9470 0.997464 -0.55719 -98054.6 27.0635 
9480 0.997464 -0.364185 -98054.6 27.0917 
9490 0.997414 0.157288 -98051.3 27.1228 
9500 0.997472 0.917125 -98056.3 27.1527 
9510 0.997472 0.565683 -98056.3 27.181 
9520 0.997472 -0.927592 -98056.3 27.2067 
9530 0.99747 -0.00814443 -98057.2 27.2359 
9540 0.997433 -0.349829 -98060.9 27.2679 
9550 0.997442 0.197699 -98061.9 27.2968 
9560 0.997512 0.602633 -98065.1 27.329 
9570 0.997561 -0.965578 -98067.2 27.3604 
9580 0.997561 0.20374 -98067.2 27.3886 
9590 0.997541 0.0435346 -98063.2 27.4174 
9600 0.997526 0.885882 -98060.5 27.4463 
9610 0.997526 0.46626 -98060.6 27.4721 
9620 0.997526 0.00493297 -98060.6 27.5006 
9630 0.997526 0.260074 -98060.5 27.5288 
9640 0.997526 0.9953 -98060.6 27.5571 
9650 0.997585 -0.149202 -98066.8 27.5875 
9660 0.997586 -0.914126 -98066.8 27.6158 
9670 0.997588 -0.90731 -98067.1 27.6416 
9680 0.997588 -0.303544 -98067.1 27.6673 
9690 0.997614 0.263562 -98067.3 27.6955 
9700 0.997587 -0.294528 -98064 27.7254 
9710 0.997588 -0.507814 -98064 27.751 
9720 0.997731 -0.879552 -98073.3 27.7797 
9730 0.997628 -0.0500312 -98067 27.8089 
9740 0.997628 -0.72587 -98067 27.8372 
9750 0.997613 0.182398 -98066.3 27.8614 
9760 0.997518 -0.64116 -98057.7 27.8918 
9770 0.997518 -0.83956 -98057.7 27.9203 
9780 0.997508 0.301152 -98056.1 27.9466 
9790 0.997534 0.0524525 -98059.8 27.9772 
9800 0.997511 0.372534 -98060 28.0076 
9810 0.997535 -0.276922 -98057.1 28.0395 
9820 0.997527 0.260277 -98052.8 28.07 
9830 0.997527 -0.848248 -98052.8 28.0983 
9840 0.997492 0.693179 -98053.4 28.1285 
9850 0.997563 -0.609112 -98055.1 28.1592 
9860 0.997563 0.865509 -98055.1 28.1848 
9870 0.997562 -0.674868 -98055 28.2133 
9880 0.997562 0.117636 -98055 28.2415 
9890 0.997579 -0.213261 -98057.1 28.2708 
9900 0.997582 -0.854301 -98057.2 28.2967 
9910 0.997582 0.0397274 -98057.2 28.3224 
9920 0.997607 -0.606798 -98060.2 28.3404 
9930 0.997556 -0.661374 -98060.5 28.3656 
9940 0.997556 -0.785664 -98060.5 28.3939 
9950 0.997556 -0.0162862 -98060.5 28.4221 
9960 0.997541 -0.889322 -98061.7 28.455 
9970 0.997533 -0.336404 -98061.1 28.4837 
9980 0.997508 0.953542 -98061.5 28.5139 
9990 0.997448 0.393896 -98060.1 28.5436 
10000 0.997504 -0.775184 -98062.5 28.5738 
