0 1 1 -98304 0 
10 1 -0.448013 -98304 0.0306086 
20 0.999504 0.349448 -98244.9 0.0662118 
30 0.999504 -0.639997 -98244.9 0.0938282 
40 0.999504 -0.74575 -98244.9 0.12403 
50 0.999778 0.415056 -98277.7 0.157356 
60 0.999776 0.0722736 -98277.3 0.18563 
70 0.999385 0.184907 -98232.2 0.221031 
80 0.999381 0.0504497 -98231.8 0.251793 
90 0.999361 -0.355159 -98230 0.283187 
100 0.99948 0.451307 -98242.4 0.320492 
110 0.999534 0.269672 -98249 0.352036 
120 0.998708 -0.444465 -98165.8 0.388637 
130 0.998667 0.457605 -98161.5 0.42102 
140 0.998667 0.333936 -98161.5 0.451808 
150 0.998052 0.603166 -98107.3 0.48644 
160 0.998156 -0.709091 -98119.3 0.518078 
170 0.998014 0.408081 -98104.6 0.550158 
180 0.998031 -0.272131 -98106.9 0.582365 
190 0.99781 -0.401418 -98085 0.610241 
200 0.997594 -0.443027 -98064.8 0.638662 
210 0.997516 0.817994 -98056.3 0.672883 
220 0.997298 -0.67659 -98038 0.707295 
230 0.997296 -0.223272 -98037.5 0.736019 
240 0.997396 0.581498 -98042 0.768581 
250 0.997554 0.166477 -98061.1 0.801368 
260 0.997554 0.730494 -98061.1 0.829154 
270 0.997554 -0.428908 -98061.1 0.85425 
280 0.997554 -0.780578 -98061.1 0.88526 
290 0.997549 0.902112 -98061.6 0.918592 
300 0.997549 -0.537482 -98061.6 0.949372 
310 0.997556 0.400317 -98062.7 0.982467 
320 0.997488 0.960544 -98057.9 1.0158 
330 0.997388 -0.469682 -98048.1 1.05081 
340 0.997391 0.145341 -98048.5 1.08212 
350 0.997458 0.298833 -98053.6 1.11235 
360 0.997458 0.0585036 -98053.6 1.14319 
370 0.997682 0.928711 -98065.1 1.17578 
380 0.997679 0.514146 -98064.4 1.20692 
390 0.997673 -0.531962 -98063.9 1.2383 
400 0.997684 -0.432153 -98060.8 1.26986 
410 0.997677 0.425367 -98060.2 1.298 
420 0.997668 0.0957035 -98058.8 1.33097 
430 0.997668 -0.109368 -98058.8 1.35589 
440 0.997697 0.901358 -98062.5 1.39077 
450 0.997574 -0.560719 -98053.8 1.42098 
460 0.997574 0.974028 -98053.8 1.44885 
470 0.997582 0.0305535 -98053.1 1.4808 
480 0.997582 0.525604 -98053 1.512 
490 0.997598 0.403769 -98055.1 1.54135 
500 0.997598 0.913508 -98055.1 1.56919 
510 0.997718 0.845501 -98072.4 1.60201 
520 0.997723 -0.56361 -98072.3 1.62803 
530 0.997729 0.403274 -98072.9 1.65997 
540 0.997626 -0.523031 -98064.4 1.69271 
550 0.997626 -0.655307 -98064.4 1.71764 
560 0.997626 0.212548 -98064.4 1.74842 
570 0.997626 0.441922 -98064.4 1.77943 
580 0.997642 -0.792889 -98065.8 1.81254 
590 0.997642 -0.492717 -98065.8 1.84336 
600 0.997653 0.976769 -98066.6 1.87124 
610 0.997518 -0.425003 -98060.5 1.90246 
620 0.997518 0.163613 -98060.5 1.93027 
630 0.99754 -0.0303454 -98064.4 1.96345 
640 0.997426 0.720783 -98062.8 1.99891 
650 0.997441 -0.810354 -98063.4 2.03077 
660 0.997397 0.0826256 -98059 2.0625 
670 0.997355 -0.546709 -98059 2.0927 
680 0.997297 -0.0813698 -98056.3 2.12578 
690 0.997297 0.407116 -98056.3 2.15365 
700 0.997297 0.929393 -98056.3 2.18443 
710 0.997304 0.321986 -98056.7 2.21335 
720 0.997331 0.40275 -98057.7 2.24827 
730 0.997334 -0.917861 -98058 2.27916 
740 0.997335 -0.433685 -98059.2 2.31242 
750 0.997361 -0.427986 -98064.6 2.34236 
760 0.997533 0.134524 -98074.4 2.3761 
770 0.997571 -0.324862 -98077.1 2.40896 
780 0.997571 -0.633039 -98077.1 2.4398 
790 0.997588 -0.402377 -98064.8 2.472 
800 0.997564 0.250703 -98064 2.50583 
810 0.997562 -0.897025 -98063.8 2.53708 
820 0.997574 0.265796 -98063 2.57018 
830 0.997497 -0.72829 -98057.7 2.603 
840 0.99751 -0.765229 -98058.7 2.63405 
850 0.997549 -0.316516 -98061.2 2.66729 
860 0.997557 -0.156532 -98066 2.70044 
870 0.997557 -0.542442 -98066 2.7254 
880 0.997483 -0.311729 -98069.7 2.75813 
890 0.997467 0.861426 -98068.6 2.78849 
900 0.997467 0.369066 -98068.6 2.8192 
910 0.997467 -0.84728 -98068.7 2.84701 
920 0.997466 -0.322358 -98068.5 2.87825 
930 0.997468 -0.0729921 -98068.6 2.9062 
940 0.997419 -0.87207 -98062.4 2.93699 
950 0.997417 0.628477 -98062.1 2.96797 
960 0.997405 -0.405481 -98060.4 2.99805 
970 0.997397 0.130297 -98060.6 3.02772 
980 0.997405 0.218613 -98061.7 3.05554 
990 0.997375 -0.452335 -98066.2 3.08438 
1000 0.997375 0.18543 -98066.2 3.11511 
1010 0.997374 0.271252 -98066.2 3.1459 
1020 0.997368 -0.668384 -98065.4 3.17744 
1030 0.997338 -0.477391 -98061.5 3.20992 
1040 0.997338 0.799841 -98061.5 3.24066 
1050 0.99735 0.470299 -98063.6 3.27231 
1060 0.997371 0.865719 -98065.1 3.30597 
1070 0.997371 0.766743 -98065.1 3.33675 
1080 0.997508 -0.110374 -98072.6 3.37024 
1090 0.997508 0.785506 -98072.6 3.39808 
1100 0.997536 -0.345289 -98073 3.42526 
1110 0.997501 -0.401263 -98072 3.45837 
1120 0.997543 0.515481 -98070.3 3.49307 
1130 0.997538 -0.827558 -98065.7 3.52617 
1140 0.99754 -0.414035 -98065.6 3.55736 
1150 0.99754 -0.0134646 -98065.6 3.58236 
1160 0.997499 0.852229 -98062 3.6129 
1170 0.997444 0.544616 -98056.5 3.64216 
1180 0.997444 -0.645939 -98056.5 3.67291 
1190 0.997474 -0.859958 -98059.1 3.70546 
1200 0.997541 -0.7235 -98065.9 3.74115 
1210 0.997541 -0.179459 -98065.9 3.77185 
1220 0.997654 0.205217 -98072.8 3.80117 
1230 0.997654 -0.764571 -98072.7 3.82902 
1240 0.997654 -0.836375 -98072.7 3.85726 
1250 0.997679 0.399662 -98075.2 3.88933 
1260 0.997618 0.952103 -98067.3 3.92144 
1270 0.997609 -0.131643 -98064.7 3.95358 
1280 0.997699 -0.813584 -98075.7 3.9888 
1290 0.997653 0.239061 -98071.6 4.02064 
1300 0.997642 0.340866 -98070.7 4.04866 
1310 0.997642 -0.232355 -98070.7 4.07364 
1320 0.99761 -0.414222 -98068.4 4.10321 
1330 0.997511 0.843977 -98063 4.13708 
1340 0.997511 -0.582195 -98063 4.16781 
1350 0.99757 -0.497269 -98067.7 4.20014 
1360 0.997535 0.61663 -98060.8 4.23313 
1370 0.997537 -0.419174 -98060.4 4.2686 
1380 0.997415 -0.0499733 -98049 4.29831 
1390 0.997415 0.922017 -98048.9 4.32618 
1400 0.997449 0.979302 -98048.6 4.3585 
1410 0.997443 0.362413 -98048.9 4.39088 
1420 0.997506 0.355311 -98048 4.42795 
1430 0.997506 -0.72862 -98048 4.45879 
1440 0.997506 0.174479 -98048 4.48957 
1450 0.997483 0.124381 -98046.3 4.52613 
1460 0.997484 -0.42358 -98045.1 4.55534 
1470 0.997484 -0.570949 -98045.1 4.58315 
1480 0.997487 -0.660359 -98045.3 4.61266 
1490 0.99761 -0.938405 -98049.9 4.64233 
1500 0.997642 -0.884123 -98052.5 4.67516 
1510 0.997642 -0.805104 -98052.5 4.70597 
1520 0.997563 -0.242568 -98048.6 4.73842 
1530 0.997626 -0.358507 -98057.2 4.77257 
1540 0.997623 -0.255303 -98056.9 4.80448 
1550 0.997651 -0.456351 -98055 4.83836 
1560 0.997601 0.511796 -98050.4 4.86742 
1570 0.997601 -0.0822136 -98050.4 4.89811 
1580 0.997577 -0.898049 -98047.6 4.92985 
1590 0.997588 0.053548 -98049.8 4.95989 
1600 0.997631 -0.970048 -98054.8 4.99381 
1610 0.997616 0.575209 -98056.6 5.02712 
1620 0.997616 -0.496852 -98056.6 5.05784 
1630 0.997738 0.17233 -98070.3 5.0823 
1640 0.997739 -0.90193 -98070.3 5.11324 
1650 0.997589 -0.400281 -98059.7 5.15039 
1660 0.997593 -0.203173 -98060.1 5.18131 
1670 0.997593 -0.316959 -98060.1 5.21219 
1680 0.997569 -0.0525206 -98056.9 5.24436 
1690 0.997615 0.0314636 -98069.1 5.27941 
1700 0.997623 0.61635 -98069.6 5.31105 
1710 0.997637 -0.0140362 -98069 5.34361 
1720 0.997633 -0.211924 -98068.4 5.37452 
1730 0.997716 -0.914614 -98069.4 5.40754 
1740 0.997716 0.61463 -98069.4 5.43844 
1750 0.997701 0.168913 -98071.1 5.47512 
1760 0.997701 -0.844605 -98071.1 5.506 
1770 0.997567 -0.520557 -98066.3 5.53682 
1780 0.997567 0.0685818 -98066.3 5.56468 
1790 0.997567 -0.151521 -98066.3 5.59587 
1800 0.99763 0.0585752 -98070.1 5.62859 
1810 0.997695 -0.61854 -98072 5.65877 
1820 0.997681 0.65513 -98071.1 5.69032 
1830 0.997642 0.218543 -98068 5.72312 
1840 0.997707 -0.0564648 -98077.2 5.75619 
1850 0.997647 0.746724 -98069.6 5.78931 
1860 0.997527 -0.251982 -98064.3 5.82249 
1870 0.99749 -0.162376 -98059.2 5.85535 
1880 0.997456 -0.0953405 -98059.4 5.88937 
1890 0.997457 0.274214 -98059.4 5.9202 
1900 0.997451 0.77409 -98059.6 5.95385 
1910 0.99745 -0.860133 -98059.6 5.98461 
1920 0.997359 0.976113 -98056.6 6.01779 
1930 0.997344 0.395685 -98055.7 6.04964 
1940 0.997333 0.142927 -98054.6 6.08083 
1950 0.997267 -0.0103651 -98046.8 6.11335 
1960 0.997357 -0.211275 -98056.2 6.14436 
1970 0.997394 -0.211941 -98057.7 6.17753 
1980 0.997394 -0.825047 -98057.8 6.20826 
1990 0.997394 -0.777896 -98057.7 6.23638 
2000 0.997431 0.34015 -98061 6.26919 
2010 0.997431 -0.738637 -98061 6.29697 
2020 0.997466 0.18179 -98059.8 6.33113 
2030 0.997463 0.235929 -98060.6 6.36173 
2040 0.997463 0.45908 -98060.6 6.39242 
2050 0.997577 -0.33128 -98067.9 6.42747 
2060 0.997577 -0.497802 -98067.8 6.45834 
2070 0.997577 0.0420286 -98067.8 6.48621 
2080 0.997496 -0.622197 -98061.1 6.51694 
2090 0.997582 0.679152 -98066.1 6.54956 
2100 0.997582 -0.478155 -98066.1 6.57743 
2110 0.997505 0.491157 -98060.9 6.6104 
2120 0.997412 0.253085 -98061.1 6.64064 
2130 0.997406 -0.24355 -98060.6 6.67185 
2140 0.997442 -0.602664 -98058.4 6.7026 
2150 0.997481 -0.70645 -98062 6.73386 
2160 0.997481 -0.767472 -98062 6.76171 
2170 0.997305 0.494931 -98047.1 6.79794 
2180 0.997374 0.191435 -98061.4 6.82602 
2190 0.997439 -0.252144 -98065.1 6.85709 
2200 0.997447 -0.852375 -98065.6 6.89055 
2210 0.997447 0.657065 -98065.6 6.92157 
2220 0.997463 -0.033633 -98067.6 6.95353 
2230 0.997478 0.956695 -98062.1 6.9807 
2240 0.997471 -0.416213 -98061.4 7.01229 
2250 0.997464 0.0625994 -98059.9 7.04241 
2260 0.99733 -0.130632 -98052.8 7.07425 
2270 0.997384 0.706941 -98057.4 7.10669 
2280 0.997313 -0.455137 -98055.6 7.13954 
2290 0.997288 0.06633 -98054.5 7.17262 
2300 0.997303 0.101956 -98055.7 7.20416 
2310 0.997436 -0.358457 -98064.1 7.22884 
2320 0.997419 0.792709 -98061.3 7.26174 
2330 0.997409 0.978373 -98060 7.29325 
2340 0.99746 0.225892 -98057.2 7.32193 
2350 0.997477 -0.0337562 -98059 7.35325 
2360 0.997483 -0.183393 -98059.5 7.38155 
2370 0.997472 0.172352 -98058.8 7.4144 
2380 0.997405 0.289509 -98052.1 7.44595 
2390 0.997405 -0.792619 -98052.1 7.47676 
2400 0.997405 -0.760321 -98052.1 7.5075 
2410 0.997532 0.902195 -98059.5 7.53762 
2420 0.997516 -0.977644 -98057.9 7.56934 
2430 0.997458 0.622833 -98053.8 7.60454 
2440 0.997635 0.876415 -98067.6 7.64133 
2450 0.997634 0.924876 -98067.6 7.67211 
2460 0.997616 -0.418596 -98068.3 7.707 
2470 0.997607 -0.524942 -98066.6 7.73861 
2480 0.997606 0.438325 -98066.6 7.76944 
2490 0.997624 -0.705784 -98065.9 7.79734 
2500 0.997556 -0.947441 -98057 7.83028 
2510 0.997488 0.187857 -98054.4 7.86279 
2520 0.997455 -0.0775833 -98054 7.89203 
2530 0.997496 -0.712043 -98059.3 7.92503 
2540 0.997484 -0.455795 -98057.8 7.9561 
2550 0.997484 0.923376 -98057.7 7.98397 
2560 0.997484 -0.944014 -98057.7 8.01468 
2570 0.997563 0.639622 -98065.4 8.04885 
2580 0.99759 0.152892 -98066.9 8.08137 
2590 0.997554 -0.78877 -98071.3 8.10934 
2600 0.99761 0.945646 -98073.1 8.14187 
2610 0.99766 0.564971 -98074.6 8.17467 
2620 0.997676 -0.244242 -98075.2 8.2047 
2630 0.997658 0.477699 -98074.3 8.23778 
2640 0.997619 -0.695872 -98069 8.26783 
2650 0.997619 0.160181 -98069 8.29592 
2660 0.997624 -0.0795054 -98069.7 8.32758 
2670 0.997662 -0.594545 -98068.7 8.35682 
2680 0.997662 0.214212 -98068.7 8.38453 
2690 0.997668 -0.358758 -98071.3 8.41467 
2700 0.997699 0.669918 -98073 8.44973 
2710 0.997699 0.10329 -98073 8.48036 
2720 0.99755 0.192735 -98062.3 8.51309 
2730 0.997523 0.729066 -98058.6 8.53906 
2740 0.997523 0.15207 -98058.7 8.56712 
2750 0.997467 -0.331265 -98057.1 8.59867 
2760 0.997457 0.161931 -98053.4 8.62921 
2770 0.997457 -0.52698 -98053.3 8.6601 
2780 0.997527 0.582442 -98060.7 8.69475 
2790 0.997528 -0.314278 -98060.8 8.72565 
2800 0.997528 0.536777 -98061.1 8.75763 
2810 0.997469 -0.787591 -98053.1 8.78718 
2820 0.997469 0.21323 -98053.2 8.81789 
2830 0.997549 -0.372394 -98056.9 8.85321 
2840 0.997565 -0.671628 -98058.3 8.88312 
2850 0.997577 -0.0736197 -98058.5 8.90951 
2860 0.997482 -0.598792 -98048.4 8.94362 
2870 0.997489 0.168513 -98056.6 8.97398 
2880 0.997486 0.747958 -98056.5 9.00539 
2890 0.997531 0.0965951 -98058.4 9.03721 
2900 0.997604 0.435788 -98064.9 9.07108 
2910 0.997629 -0.664785 -98069.6 9.10118 
2920 0.997629 0.193883 -98069.5 9.13192 
2930 0.997712 -0.972951 -98072.2 9.16672 
2940 0.997712 0.832127 -98072.3 9.19463 
2950 0.997703 0.0616893 -98079.1 9.23078 
2960 0.997685 0.0107123 -98077.4 9.26182 
2970 0.997669 0.876471 -98075.9 9.29129 
2980 0.997658 0.816375 -98075.2 9.32286 
2990 0.997658 0.190324 -98075.2 9.35345 
3000 0.997713 0.0313434 -98079 9.38556 
3010 0.997633 0.753041 -98071.9 9.41389 
3020 0.997626 -0.485941 -98069.9 9.44307 
3030 0.997635 -0.840612 -98070.9 9.47382 
3040 0.997636 0.670541 -98071 9.50197 
3050 0.997659 0.840368 -98069.5 9.53796 
3060 0.997659 -0.580924 -98069.4 9.56847 
3070 0.997659 -0.877469 -98069.4 9.59902 
3080 0.997659 -0.162373 -98069.4 9.62972 
3090 0.997651 0.910293 -98066.2 9.66542 
3100 0.997651 0.73182 -98064 9.69987 
3110 0.997659 0.554755 -98062.9 9.73292 
3120 0.997664 0.632486 -98063.8 9.76632 
3130 0.997671 0.764506 -98064.7 9.79798 
3140 0.997671 -0.85904 -98064.7 9.8285 
3150 0.997671 0.0833243 -98064.7 9.85612 
3160 0.997671 -0.649435 -98064.8 9.8809 
3170 0.997619 0.293412 -98062.2 9.91106 
3180 0.997637 0.284621 -98064.3 9.9438 
3190 0.997638 0.0702613 -98064.3 9.96872 
3200 0.997638 0.774315 -98064.3 9.9997 
3210 0.997637 -0.955392 -98064.3 10.0305 
3220 0.997631 0.0701224 -98063.6 10.0585 
3230 0.997612 -0.917605 -98065.2 10.0908 
3240 0.997556 -0.616168 -98059.9 10.1226 
3250 0.99757 -0.0300974 -98061.8 10.1524 
3260 0.997626 0.674427 -98066.2 10.1847 
3270 0.997655 -0.0148901 -98069.5 10.2172 
3280 0.997665 0.172689 -98070.6 10.2486 
3290 0.997658 -0.77428 -98069.8 10.2804 
3300 0.997658 -0.853549 -98069.9 10.3083 
3310 0.99765 -0.699094 -98075.9 10.3409 
3320 0.997715 -0.0175873 -98077.2 10.3651 
3330 0.997717 -0.790983 -98076.4 10.3984 
3340 0.997712 -0.57547 -98076.7 10.4276 
3350 0.997665 -0.737311 -98074.8 10.4583 
3360 0.997656 -0.866446 -98073.7 10.4871 
3370 0.997725 -0.944407 -98074.1 10.5199 
3380 0.997685 -0.292438 -98073.8 10.5512 
3390 0.997649 -0.339007 -98070.2 10.5835 
3400 0.997623 0.425367 -98067.9 10.6131 
3410 0.997623 -0.387182 -98067.9 10.641 
3420 0.997604 -0.499736 -98065.6 10.6738 
3430 0.997604 -0.300357 -98065.6 10.7047 
3440 0.997588 0.487678 -98064.3 10.7329 
3450 0.997588 -0.810304 -98064.3 10.7579 
3460 0.997577 -0.487791 -98063 10.7876 
3470 0.997587 -0.127522 -98066.7 10.8204 
3480 0.997589 -0.345672 -98066.6 10.8516 
3490 0.997589 0.243668 -98066.6 10.8798 
3500 0.99751 -0.531096 -98058.8 10.9129 
3510 0.99754 -0.803467 -98066.9 10.9434 
3520 0.997432 -0.597026 -98060.2 10.9741 
3530 0.997437 0.169851 -98060.8 11.0071 
3540 0.997478 0.500463 -98062 11.0394 
3550 0.997478 -0.832817 -98061.9 11.0702 
3560 0.997485 0.466176 -98062 11.0972 
3570 0.997449 0.0823496 -98053.7 11.1283 
3580 0.997449 -0.590243 -98053.7 11.159 
3590 0.997449 0.986335 -98053.7 11.1898 
3600 0.997422 0.549902 -98052.7 11.2228 
3610 0.997422 0.549837 -98052.7 11.2507 
3620 0.997411 -0.233169 -98051.5 11.282 
3630 0.997463 0.158958 -98054.2 11.3156 
3640 0.997463 0.441856 -98054.2 11.3434 
3650 0.997451 0.315342 -98053.4 11.3747 
3660 0.997451 0.854233 -98053.4 11.4055 
3670 0.997453 0.922422 -98053.5 11.4366 
3680 0.997452 -0.446757 -98053.3 11.4679 
3690 0.997452 0.956278 -98053.3 11.4987 
3700 0.997452 -0.634328 -98053.3 11.5297 
3710 0.997452 0.730659 -98053.3 11.5606 
3720 0.997452 0.0130746 -98053.3 11.5856 
3730 0.997547 0.222732 -98056.6 11.6138 
3740 0.997713 -0.281878 -98066.3 11.6468 
3750 0.997712 -0.137501 -98074.4 11.6781 
3760 0.997732 0.808804 -98077.8 11.7099 
3770 0.997734 0.739371 -98077.9 11.7415 
3780 0.997732 -0.920402 -98077.3 11.7709 
3790 0.997672 0.263833 -98076.1 11.8055 
3800 0.997723 -0.154761 -98080.6 11.8392 
3810 0.997728 0.763986 -98080.7 11.8708 
3820 0.997668 0.21149 -98074.4 11.8998 
3830 0.997667 0.721152 -98064.7 11.9292 
3840 0.997666 0.154358 -98064.7 11.9597 
3850 0.997622 -0.286359 -98059.4 11.9925 
3860 0.997654 0.850501 -98063.9 12.0249 
3870 0.997587 -0.305436 -98059.9 12.054 
3880 0.997596 0.248819 -98061.8 12.0858 
3890 0.997596 0.408398 -98061.8 12.1136 
3900 0.997617 0.288694 -98063.6 12.1449 
3910 0.997617 0.0871174 -98063.6 12.1755 
3920 0.997617 -0.61989 -98063.6 12.206 
3930 0.99764 -0.542423 -98065.7 12.2375 
3940 0.99764 0.352054 -98065.7 12.2681 
3950 0.997697 0.596767 -98071.7 12.2981 
3960 0.997669 -0.819447 -98069.3 12.3305 
3970 0.997705 -0.551016 -98072.5 12.3616 
3980 0.99771 0.542428 -98072.8 12.3927 
3990 0.997688 -0.854621 -98071.3 12.4221 
4000 0.997688 -0.348893 -98071.3 12.4529 
4010 0.997688 -0.264094 -98071.3 12.4838 
4020 0.997634 0.66184 -98067.6 12.5155 
4030 0.997624 0.68288 -98066.6 12.5464 
4040 0.997621 -0.78402 -98066.3 12.5774 
4050 0.997649 0.98886 -98068.6 12.609 
4060 0.997547 -0.0173934 -98065.8 12.6427 
4070 0.99761 0.456675 -98063.8 12.6729 
4080 0.997627 0.00976927 -98065.4 12.7028 
4090 0.997674 -0.0944757 -98069.8 12.7349 
4100 0.997674 -0.579067 -98069.9 12.7657 
4110 0.997627 -0.703555 -98064.2 12.7987 
4120 0.997634 0.902761 -98065 12.8295 
4130 0.997634 0.0297967 -98065 12.8572 
4140 0.997634 -0.59828 -98065 12.8887 
4150 0.997634 -0.519638 -98065 12.9195 
4160 0.997665 -0.405294 -98072.5 12.9533 
4170 0.997648 -0.08059 -98065.2 12.9844 
4180 0.997596 0.891048 -98062.5 13.0151 
4190 0.997584 -0.611026 -98061.6 13.0471 
4200 0.997483 0.437113 -98059.1 13.0735 
4210 0.997502 -0.658111 -98058.2 13.1034 
4220 0.997513 0.106122 -98058.9 13.1317 
4230 0.997513 0.874063 -98058.9 13.1595 
4240 0.997517 0.534123 -98060.2 13.1857 
4250 0.997523 -0.745486 -98060.1 13.2171 
4260 0.99751 0.451385 -98059 13.2455 
4270 0.997532 0.9272 -98064.4 13.279 
4280 0.997519 -0.153442 -98066.4 13.312 
4290 0.997493 0.017291 -98064.1 13.3416 
4300 0.99756 -0.444312 -98063.9 13.3724 
4310 0.997472 -0.460627 -98058.4 13.4024 
4320 0.99748 -0.0118705 -98058.9 13.4321 
4330 0.997481 -0.166555 -98058 13.4626 
4340 0.997499 0.771249 -98062.9 13.496 
4350 0.997435 0.952432 -98065.1 13.5256 
4360 0.997488 0.577611 -98068.4 13.5584 
4370 0.997406 -0.310909 -98063.1 13.5914 
4380 0.997406 -0.674545 -98063.1 13.6222 
4390 0.997406 -0.870718 -98063.1 13.6531 
4400 0.997467 0.730143 -98066.9 13.6833 
4410 0.997467 0.14133 -98066.9 13.7083 
4420 0.997463 -0.765774 -98066.5 13.7393 
4430 0.997462 -0.0447344 -98066.5 13.7701 
4440 0.997454 0.35385 -98064.7 13.8003 
4450 0.99758 -0.104633 -98068.3 13.8321 
4460 0.99758 -0.407605 -98068.3 13.8628 
4470 0.99758 0.39063 -98068.3 13.8937 
4480 0.997576 0.877945 -98066.2 13.9288 
4490 0.997548 -0.0398129 -98065.7 13.9626 
4500 0.997509 0.0982057 -98062.4 13.9935 
4510 0.997539 0.207335 -98065.1 14.0223 
4520 0.997539 0.914181 -98065.1 14.0473 
4530 0.997571 -0.910467 -98063.7 14.0799 
4540 0.997561 -0.925609 -98063.8 14.1113 
4550 0.997572 0.129847 -98064.6 14.1426 
4560 0.997572 -0.74884 -98064.6 14.1704 
4570 0.997419 0.615537 -98055.3 14.2029 
4580 0.99742 -0.684642 -98055.4 14.2336 
4590 0.997411 -0.145213 -98053.7 14.2654 
4600 0.997423 -0.744966 -98054.9 14.2967 
4610 0.997343 -0.207714 -98048.2 14.3279 
4620 0.997343 -0.94606 -98048.2 14.3587 
4630 0.997343 0.91858 -98048.2 14.3898 
4640 0.997343 0.561957 -98048.2 14.4206 
4650 0.997343 0.974027 -98048.1 14.4513 
4660 0.997449 0.57865 -98049.7 14.4811 
4670 0.997449 -0.652407 -98049.7 14.5119 
4680 0.99741 0.911184 -98052.3 14.5481 
4690 0.997401 -0.33981 -98054.3 14.5833 
4700 0.997401 -0.870674 -98054.3 14.6111 
4710 0.997426 0.190493 -98055.9 14.6438 
4720 0.997515 0.892936 -98064.6 14.6703 
4730 0.997555 0.608574 -98070.3 14.7034 
4740 0.997555 -0.0689631 -98070.3 14.7342 
4750 0.99752 -0.690259 -98069.1 14.7645 
4760 0.997516 -0.696363 -98068.4 14.793 
4770 0.997516 -0.0826419 -98068.4 14.8238 
4780 0.997519 -0.532077 -98068.7 14.8547 
4790 0.997402 -0.252077 -98059.6 14.8876 
4800 0.997566 0.964902 -98070.2 14.9235 
4810 0.997561 -0.675847 -98071.8 14.956 
4820 0.997481 -0.553466 -98070 14.9883 
4830 0.997528 -0.908644 -98070.5 15.0205 
4840 0.997534 0.039741 -98071 15.0515 
4850 0.997533 -0.385477 -98071 15.0824 
4860 0.99738 -0.611778 -98061.1 15.1153 
4870 0.997406 -0.373561 -98062.7 15.145 
4880 0.997414 0.233621 -98063.3 15.1768 
4890 0.997377 0.91434 -98061.1 15.21 
4900 0.99733 -0.996248 -98061.3 15.2379 
4910 0.997339 0.23648 -98059.9 15.2708 
4920 0.997403 0.748238 -98068.6 15.3032 
4930 0.997353 -0.883575 -98064 15.3375 
4940 0.997353 -0.458302 -98064 15.3654 
4950 0.99744 -0.93917 -98069.8 15.3973 
4960 0.997402 0.211712 -98066.1 15.4298 
4970 0.997375 -0.422987 -98064.5 15.4631 
4980 0.997375 0.329438 -98064.6 15.4939 
4990 0.997236 -0.0758554 -98056.4 15.5263 
5000 0.997377 0.954331 -98065.8 15.5602 
5010 0.997377 0.848405 -98065.8 15.591 
5020 0.997377 -0.208755 -98065.8 15.6159 
5030 0.997374 0.535623 -98065.3 15.6477 
5040 0.997398 -0.0636064 -98066.6 15.6804 
5050 0.997398 -0.719169 -98066.7 15.7054 
5060 0.997419 0.181726 -98068.6 15.7311 
5070 0.99747 -0.463055 -98071.1 15.7638 
5080 0.99747 0.969142 -98071.1 15.7917 
5090 0.997437 0.672313 -98064.9 15.8248 
5100 0.997456 -0.300156 -98069.5 15.8575 
5110 0.997454 0.318744 -98069.2 15.8855 
5120 0.997469 -0.277231 -98069.5 15.9139 
5130 0.997469 0.639279 -98069.5 15.9446 
5140 0.997459 0.213031 -98073.3 15.9817 
5150 0.997459 -0.953972 -98073.3 16.0125 
5160 0.997519 0.577357 -98077.7 16.043 
5170 0.997468 0.152954 -98074.2 16.0767 
5180 0.997468 0.709288 -98074.2 16.1046 
5190 0.997468 0.405438 -98074.2 16.1354 
5200 0.997427 0.688754 -98071.2 16.168 
5210 0.997465 -0.177133 -98078.6 16.2017 
5220 0.997519 -0.377548 -98075.4 16.2312 
5230 0.997477 0.810855 -98064.2 16.2641 
5240 0.99743 -0.0591566 -98058.9 16.2983 
5250 0.9975 0.0652357 -98060 16.3292 
5260 0.997492 -0.2716 -98059.7 16.3577 
5270 0.997446 0.874759 -98060.3 16.3911 
5280 0.997426 0.72648 -98062.3 16.4276 
5290 0.997397 0.718513 -98059.4 16.4581 
5300 0.997374 -0.419075 -98054.9 16.4907 
5310 0.997365 0.0642799 -98051.8 16.522 
5320 0.997415 -0.449051 -98060.6 16.551 
5330 0.997392 -0.822927 -98059.6 16.584 
5340 0.997391 -0.929918 -98059.6 16.6119 
5350 0.997527 0.633641 -98069.4 16.6446 
5360 0.997526 -0.418754 -98069.4 16.6756 
5370 0.997579 -0.381083 -98072.7 16.7049 
5380 0.997579 0.743894 -98072.7 16.7357 
5390 0.997555 -0.854281 -98070.2 16.7683 
5400 0.997626 0.864089 -98076 16.8009 
5410 0.997488 -0.693316 -98066.7 16.8342 
5420 0.997417 -0.0120992 -98057.9 16.8647 
5430 0.997368 -0.142151 -98056.5 16.8968 
5440 0.997368 -0.024368 -98056.5 16.9247 
5450 0.997371 0.0911678 -98056.9 16.9529 
5460 0.997371 0.875095 -98056.9 16.9837 
5470 0.997371 -0.00485376 -98056.8 17.0116 
5480 0.99747 -0.42951 -98058.1 17.0462 
5490 0.997505 -0.375317 -98059.1 17.0791 
5500 0.997516 0.816428 -98059.9 17.1075 
5510 0.997516 0.411664 -98059.9 17.1383 
5520 0.997469 0.748033 -98057.1 17.1691 
5530 0.997488 0.269568 -98057.1 17.2022 
5540 0.997501 0.276885 -98061.9 17.2354 
5550 0.997501 -0.558386 -98061.9 17.2662 
5560 0.997611 -0.053615 -98067 17.2953 
5570 0.997613 -0.568319 -98067.4 17.3175 
5580 0.997663 -0.514559 -98072.2 17.351 
5590 0.99767 0.47015 -98072.9 17.3792 
5600 0.997664 0.330106 -98072.4 17.408 
5610 0.997631 -0.115903 -98068.6 17.44 
5620 0.997626 0.577596 -98068 17.4711 
5630 0.997626 0.280748 -98067.9 17.4993 
5640 0.997633 0.350958 -98068.2 17.5286 
5650 0.997722 -0.287374 -98075.2 17.5591 
5660 0.997581 -0.477449 -98068.2 17.5917 
5670 0.997581 -0.121032 -98068.3 17.6226 
5680 0.997499 0.32716 -98061.8 17.6527 
5690 0.997529 -0.00941947 -98066.1 17.6819 
5700 0.99755 -0.144053 -98068.9 17.7151 
5710 0.997539 0.66281 -98067.4 17.7381 
5720 0.997534 -0.186255 -98065.1 17.7709 
5730 0.997561 -0.194863 -98067.2 17.8005 
5740 0.997572 -0.123694 -98068.4 17.8341 
5750 0.997609 -0.778493 -98071.6 17.8638 
5760 0.997604 0.619271 -98071.3 17.8975 
5770 0.997607 0.557829 -98071.5 17.926 
5780 0.997562 0.102152 -98071 17.9618 
5790 0.997557 -0.476008 -98069.7 17.9911 
5800 0.997545 0.232521 -98068.5 18.0233 
5810 0.997511 0.40921 -98065.7 18.0558 
5820 0.997528 0.75855 -98067.1 18.0885 
5830 0.997528 0.408455 -98067.1 18.1194 
5840 0.997539 0.672097 -98068.1 18.1475 
5850 0.997539 -0.991965 -98068.1 18.1783 
5860 0.997539 -0.471979 -98068.1 18.2093 
5870 0.997534 -0.700323 -98069.5 18.2387 
5880 0.99754 -0.982922 -98069.9 18.2703 
5890 0.99754 0.935437 -98069.9 18.2982 
5900 0.997528 -0.637756 -98062.7 18.3326 
5910 0.99743 -0.18297 -98054.8 18.3633 
5920 0.997458 0.702797 -98057.3 18.3957 
5930 0.997459 -0.54932 -98056.9 18.4302 
5940 0.997429 -0.837483 -98056.5 18.4651 
5950 0.99748 -0.648612 -98061.1 18.4973 
5960 0.997458 -0.371506 -98060.7 18.53 
5970 0.997458 0.368406 -98060.7 18.5608 
5980 0.997424 0.966794 -98058.5 18.5922 
5990 0.997475 0.661951 -98061.6 18.6196 
6000 0.997573 0.764147 -98064.5 18.6506 
6010 0.997585 -0.557586 -98066.3 18.6803 
6020 0.997585 -0.263108 -98066.3 18.7114 
6030 0.997585 0.271504 -98066.3 18.7393 
6040 0.99758 -0.665126 -98065.9 18.7707 
6050 0.997596 0.546697 -98066.9 18.8019 
6060 0.99763 0.616527 -98070.6 18.8323 
6070 0.997486 0.117054 -98063.4 18.8662 
6080 0.997483 0.12761 -98063.2 18.8973 
6090 0.997508 -0.614846 -98066.1 18.9291 
6100 0.997477 -0.276642 -98063.2 18.9596 
6110 0.997477 -0.143894 -98063.1 18.9875 
6120 0.997414 -0.23179 -98059 19.0209 
6130 0.997414 0.170835 -98059 19.0517 
6140 0.997469 0.0408442 -98062.5 19.0814 
6150 0.997472 0.335582 -98061.3 19.1137 
6160 0.997458 0.547131 -98060 19.1452 
6170 0.997585 0.226665 -98071.3 19.1811 
6180 0.997632 -0.339005 -98073.3 19.2141 
6190 0.997617 0.0296004 -98070.5 19.2477 
6200 0.997617 -0.576886 -98070.5 19.2757 
6210 0.997571 -0.0694167 -98069.7 19.3085 
6220 0.997671 0.443136 -98073.2 19.3399 
6230 0.997671 -0.280187 -98073.2 19.3707 
6240 0.997671 0.952981 -98073.2 19.3986 
6250 0.997647 -0.0132338 -98074.2 19.433 
6260 0.997615 0.65057 -98071.1 19.467 
6270 0.997615 0.787064 -98070.8 19.4981 
6280 0.99765 0.302735 -98073.7 19.5307 
6290 0.997677 -0.264964 -98073.6 19.5635 
6300 0.997683 -0.518398 -98068.7 19.5988 
6310 0.997564 0.604198 -98065.2 19.6308 
6320 0.99749 0.272949 -98065.6 19.6606 
6330 0.997516 -0.10655 -98063.8 19.6885 
6340 0.997573 -0.296335 -98063.7 19.7172 
6350 0.997392 -0.612515 -98050.2 19.7541 
6360 0.997456 0.993204 -98057.8 19.7872 
6370 0.997435 0.796688 -98055.3 19.8216 
6380 0.997435 -0.747883 -98055.3 19.8524 
6390 0.997422 0.499064 -98055.2 19.8849 
6400 0.997463 -0.345405 -98050.4 19.9194 
6410 0.997484 -0.369625 -98053.5 19.9518 
6420 0.997499 0.00889051 -98054 19.9849 
6430 0.997503 -0.308217 -98056.2 20.0142 
6440 0.997497 0.747419 -98056.5 20.0392 
6450 0.997498 -0.361543 -98059.6 20.0683 
6460 0.997496 -0.0376667 -98059.7 20.0996 
6470 0.997451 0.950314 -98058.2 20.1336 
6480 0.997425 -0.130615 -98053.6 20.1666 
6490 0.997412 -0.748307 -98052.4 20.198 
6500 0.997412 0.246903 -98052.4 20.2259 
6510 0.997426 -0.206011 -98055.1 20.2583 
6520 0.997412 -0.918562 -98054 20.2895 
6530 0.997463 0.699838 -98053.2 20.3226 
6540 0.997458 -0.597296 -98052.7 20.3538 
6550 0.997457 0.63157 -98052.6 20.3847 
6560 0.997513 0.828201 -98053.2 20.4143 
6570 0.997513 0.937185 -98053.2 20.4451 
6580 0.99752 0.53862 -98054.4 20.4731 
6590 0.997538 0.246534 -98054.1 20.5082 
6600 0.997538 0.671558 -98054.1 20.539 
6610 0.997473 0.848002 -98060.5 20.5775 
6620 0.997468 0.607329 -98060.2 20.6055 
6630 0.997468 -0.741354 -98060.2 20.6363 
6640 0.997468 -0.97804 -98060.2 20.667 
6650 0.997462 -0.398086 -98059.5 20.6979 
6660 0.997368 0.249879 -98066.4 20.7258 
6670 0.997432 -0.693668 -98067.5 20.7604 
6680 0.997432 -0.771755 -98067.4 20.7856 
6690 0.997469 0.773564 -98067.6 20.8197 
6700 0.997469 -0.725746 -98067.6 20.8505 
6710 0.997477 -0.754229 -98066.3 20.8826 
6720 0.997472 -0.1337 -98066.1 20.914 
6730 0.997301 -0.131522 -98057.9 20.9466 
6740 0.997451 0.820827 -98065 20.9838 
6750 0.997492 0.762281 -98067.6 21.0144 
6760 0.997534 0.454942 -98070.1 21.0464 
6770 0.997535 0.867296 -98070.2 21.0743 
6780 0.997506 -0.173808 -98069.4 21.1038 
6790 0.997592 -0.392628 -98073.1 21.1377 
6800 0.997633 -0.0640679 -98075.7 21.1673 
6810 0.997625 -0.0839646 -98074.8 21.1988 
6820 0.997474 0.082729 -98061.3 21.236 
6830 0.997473 -0.549352 -98059.2 21.2638 
6840 0.997622 0.894976 -98063.8 21.2996 
6850 0.997621 -0.811163 -98063.7 21.3309 
6860 0.997619 0.667379 -98063.4 21.362 
6870 0.997743 -0.236375 -98073.1 21.3969 
6880 0.997624 0.359875 -98068.8 21.4298 
6890 0.997699 -0.237737 -98072 21.4621 
6900 0.997778 0.709951 -98078.8 21.4949 
6910 0.997752 0.0314582 -98080.3 21.5299 
6920 0.997526 0.68664 -98066.3 21.5578 
6930 0.997453 0.256758 -98067.1 21.5887 
6940 0.997453 0.404316 -98067.1 21.6167 
6950 0.997453 0.773538 -98067.1 21.6475 
6960 0.997596 -0.596811 -98070.1 21.6755 
6970 0.997615 -0.0317163 -98070.6 21.7052 
6980 0.997606 -0.590695 -98069.8 21.7381 
6990 0.997609 0.812198 -98071.2 21.7716 
7000 0.997609 0.987442 -98071.2 21.8024 
7010 0.997601 -0.609457 -98066.2 21.8377 
7020 0.997487 0.381198 -98058.4 21.8706 
7030 0.997472 -0.0423557 -98058.8 21.8998 
7040 0.997519 0.179574 -98052.2 21.931 
7050 0.997553 -0.00776322 -98055.8 21.9652 
7060 0.997564 0.0765605 -98055.9 21.9932 
7070 0.997646 0.476599 -98060.3 22.0261 
7080 0.997732 -0.0707432 -98064.5 22.0585 
7090 0.997738 -0.285212 -98065.1 22.0901 
7100 0.997738 -0.277522 -98065.1 22.118 
7110 0.997715 -0.0435718 -98063.5 22.1473 
7120 0.997715 -0.326075 -98063.5 22.1722 
7130 0.997672 -0.4989 -98058.8 22.2057 
7140 0.997713 -0.924699 -98063.4 22.2392 
7150 0.997631 -0.0362156 -98060.5 22.274 
7160 0.997636 -0.0968421 -98060.9 22.305 
7170 0.997643 -0.413449 -98065.4 22.3379 
7180 0.997674 0.881042 -98066.3 22.371 
7190 0.997674 -0.214639 -98066.3 22.3989 
7200 0.997674 0.531988 -98066.3 22.4297 
7210 0.997674 -0.332539 -98066.3 22.4607 
7220 0.997657 -0.46204 -98064.2 22.4929 
7230 0.997657 0.784787 -98064.2 22.5238 
7240 0.997616 0.306556 -98060.3 22.5529 
7250 0.997635 -0.783871 -98059.1 22.5828 
7260 0.997635 0.049991 -98059.1 22.6136 
7270 0.997591 -0.849869 -98055.7 22.6479 
7280 0.997591 -0.909971 -98055.7 22.6786 
7290 0.997583 -0.948748 -98055.1 22.7069 
7300 0.997532 -0.251409 -98058.4 22.7402 
7310 0.997532 0.838574 -98058.4 22.7681 
7320 0.997532 -0.479706 -98058.5 22.7989 
7330 0.997532 0.459682 -98058.5 22.8268 
7340 0.997532 0.985955 -98058.5 22.8579 
7350 0.997569 0.533476 -98062.2 22.8911 
7360 0.997507 -0.109346 -98056.6 22.9188 
7370 0.997441 0.639085 -98051.1 22.955 
7380 0.997517 -0.470447 -98054.5 22.9887 
7390 0.997484 0.898417 -98052.1 23.0224 
7400 0.997483 0.748513 -98052.1 23.0533 
7410 0.997476 -0.678596 -98051.9 23.0855 
7420 0.997515 0.0794997 -98054.1 23.1168 
7430 0.997502 0.666402 -98058.4 23.1485 
7440 0.997502 0.943257 -98058.4 23.1735 
7450 0.997502 0.544088 -98058.4 23.2014 
7460 0.997506 0.0448158 -98058.6 23.2331 
7470 0.997506 0.522089 -98058.6 23.2611 
7480 0.997472 -0.818455 -98055.8 23.2886 
7490 0.997472 0.606501 -98055.8 23.3078 
7500 0.997465 0.774724 -98055.2 23.3396 
7510 0.997468 -0.0308398 -98056 23.3712 
7520 0.997667 -0.172913 -98073.2 23.4067 
7530 0.997667 -0.819117 -98073.2 23.4375 
7540 0.997554 -0.317646 -98071 23.4671 
7550 0.997531 -0.382596 -98069.7 23.4965 
7560 0.997538 0.521578 -98070.3 23.5295 
7570 0.997538 0.527582 -98070.3 23.5605 
7580 0.997575 0.214696 -98075.7 23.5914 
7590 0.997536 -0.952492 -98068 23.6234 
7600 0.997595 0.15363 -98072.6 23.6536 
7610 0.997586 0.655516 -98071.8 23.6847 
7620 0.997515 -0.511845 -98058.6 23.7144 
7630 0.997517 0.693235 -98057.5 23.7414 
7640 0.997517 0.996363 -98057.4 23.7695 
7650 0.997517 -0.0442994 -98057.4 23.7978 
7660 0.997517 0.702469 -98057.5 23.8257 
7670 0.997511 -0.440521 -98059.2 23.8553 
7680 0.997512 -0.498111 -98059.8 23.8871 
7690 0.997512 0.717961 -98059.8 23.918 
7700 0.997492 0.516373 -98057.2 23.9499 
7710 0.997492 -0.708993 -98057.2 23.9807 
7720 0.997551 0.472473 -98060.3 24.0104 
7730 0.997599 -0.00205029 -98065.6 24.0421 
7740 0.997599 -0.869187 -98065.6 24.0731 
7750 0.997528 -0.0242566 -98059.6 24.1061 
7760 0.997521 -0.369652 -98060 24.129 
7770 0.997537 -0.157282 -98061.7 24.1604 
7780 0.99754 -0.978708 -98063.4 24.1956 
7790 0.99754 0.508921 -98063.5 24.2235 
7800 0.997542 -0.133667 -98063.6 24.2519 
7810 0.997533 0.144401 -98060.9 24.2818 
7820 0.997549 0.799867 -98063.3 24.315 
7830 0.997549 -0.753486 -98063.3 24.3459 
7840 0.997542 -0.926429 -98068.3 24.3787 
7850 0.997512 0.870249 -98065.5 24.4102 
7860 0.997663 -0.146303 -98074.9 24.4434 
7870 0.997612 -0.448122 -98070.3 24.4764 
7880 0.997668 0.937551 -98076.2 24.506 
7890 0.997678 0.796018 -98075.1 24.5361 
7900 0.997664 -0.250022 -98071.5 24.5706 
7910 0.997614 -0.248956 -98063.7 24.6042 
7920 0.99765 -0.410778 -98067.6 24.6372 
7930 0.997609 -0.94952 -98064.8 24.6709 
7940 0.997512 0.0597535 -98058.5 24.7041 
7950 0.997406 -0.851867 -98049.9 24.737 
7960 0.997505 -0.914022 -98058.2 24.7716 
7970 0.997496 0.451459 -98058.1 24.8041 
7980 0.997556 0.326107 -98059.3 24.8372 
7990 0.997498 0.283034 -98056.7 24.8704 
8000 0.997493 0.512547 -98056 24.9021 
8010 0.997481 -0.57571 -98054.9 24.9336 
8020 0.997586 0.0103175 -98057.2 24.9675 
8030 0.997587 0.221952 -98057.2 24.9983 
8040 0.997571 0.185985 -98059 25.0296 
8050 0.997571 0.121295 -98059 25.0574 
8060 0.997604 -0.601113 -98062.9 25.0902 
8070 0.997632 -0.280437 -98063.5 25.1234 
8080 0.997632 0.428299 -98063.5 25.154 
8090 0.997632 -0.969618 -98063.5 25.1846 
8100 0.997658 0.912449 -98066 25.2168 
8110 0.99766 -0.375924 -98066.7 25.2488 
8120 0.99766 0.704718 -98066.7 25.2794 
8130 0.99766 0.328284 -98066.7 25.3101 
8140 0.99766 -0.124221 -98066.7 25.3409 
8150 0.997544 0.588855 -98054.8 25.3743 
8160 0.997544 0.491359 -98054.8 25.4049 
8170 0.997544 -0.300132 -98054.8 25.4357 
8180 0.997458 -0.918575 -98058.3 25.4655 
8190 0.997458 -0.181981 -98058.3 25.4961 
8200 0.997424 -0.88344 -98053.9 25.5259 
8210 0.99751 0.36808 -98051.6 25.5532 
8220 0.997512 -0.370204 -98064.9 25.5872 
8230 0.997457 0.331632 -98060.9 25.6188 
8240 0.997497 0.623376 -98060.9 25.6524 
8250 0.997492 -0.31448 -98060.2 25.6805 
8260 0.997472 -0.427718 -98059.5 25.7123 
8270 0.997472 -0.694998 -98059.4 25.7373 
8280 0.997375 0.158389 -98050.7 25.7721 
8290 0.997461 0.182221 -98060.1 25.8054 
8300 0.997469 0.478257 -98059.3 25.838 
8310 0.997469 0.979482 -98059.2 25.8685 
8320 0.997475 -0.68847 -98059.3 25.9005 
8330 0.997486 0.220704 -98060.3 25.932 
8340 0.997473 -0.886713 -98058.1 25.9652 
8350 0.99747 -0.849247 -98058.1 25.9961 
8360 0.99747 -0.69278 -98058.1 26.0266 
8370 0.99747 -0.544498 -98058.5 26.0592 
8380 0.997467 -0.783955 -98058.1 26.0902 
8390 0.997566 -0.212977 -98065.3 26.1232 
8400 0.997675 0.96267 -98071.9 26.1559 
8410 0.997675 -0.750686 -98072.1 26.1871 
8420 0.997675 -0.678968 -98072.1 26.218 
8430 0.997633 0.120684 -98070.7 26.2507 
8440 0.997634 -0.726736 -98070.8 26.2815 
8450 0.997553 -0.362127 -98067.3 26.3164 
8460 0.997481 -0.128531 -98059.7 26.3461 
8470 0.997501 0.272666 -98065 26.3732 
8480 0.997509 0.306125 -98066 26.4046 
8490 0.997509 0.297358 -98066 26.4325 
8500 0.997551 -0.653162 -98063 26.4635 
8510 0.997551 -0.581595 -98063 26.4915 
8520 0.997579 -0.500448 -98059.4 26.5285 
8530 0.997579 0.137135 -98059.4 26.5504 
8540 0.997577 0.925954 -98058.9 26.5804 
8550 0.997628 -0.407574 -98063.9 26.6129 
8560 0.997606 0.87867 -98063.1 26.6457 
8570 0.997607 0.051883 -98063.1 26.6763 
8580 0.997652 -0.298348 -98064.6 26.7115 
8590 0.99768 -0.239339 -98065.1 26.7419 
8600 0.99768 0.983914 -98065.1 26.7696 
8610 0.997657 -0.81181 -98064.9 26.8029 
8620 0.997648 -0.991238 -98063.9 26.8353 
8630 0.997692 -0.565048 -98070.8 26.8642 
8640 0.997692 -0.135792 -98070.7 26.8921 
8650 0.997692 -0.620556 -98070.7 26.9201 
8660 0.9977 -0.186914 -98072.2 26.9529 
8670 0.997703 -0.142833 -98072.5 26.9843 
8680 0.997703 -0.777054 -98071.2 27.0175 
8690 0.997703 0.328116 -98071.2 27.0483 
8700 0.997653 0.846892 -98066.6 27.0809 
8710 0.997677 -0.425878 -98069.7 27.1148 
8720 0.997653 -0.936022 -98069.9 27.1479 
8730 0.997592 -0.209112 -98066.9 27.1776 
8740 0.997604 -0.925101 -98069 27.2113 
8750 0.997572 0.0850412 -98067 27.2437 
8760 0.997572 0.757768 -98067 27.2715 
8770 0.997573 0.519653 -98066.8 27.2997 
8780 0.997614 -0.104052 -98069.4 27.333 
8790 0.997584 -0.670569 -98069.3 27.363 
8800 0.99761 0.227015 -98067 27.3942 
8810 0.997621 -0.796362 -98067.7 27.4224 
8820 0.997607 -0.315058 -98066.5 27.4547 
8830 0.99754 0.791831 -98055.9 27.4913 
8840 0.997564 0.228304 -98058.1 27.5255 
8850 0.997519 -0.20452 -98055 27.5575 
8860 0.997519 0.271326 -98055 27.5881 
8870 0.997519 -0.434056 -98055 27.6187 
8880 0.997422 0.0496248 -98051.2 27.6555 
8890 0.997422 -0.114415 -98050.5 27.689 
8900 0.997442 -0.630771 -98052.6 27.72 
8910 0.997442 0.0202856 -98052.6 27.7507 
8920 0.997567 -0.360039 -98056 27.7827 
8930 0.997567 0.632603 -98056 27.8105 
8940 0.997567 -0.931558 -98056 27.8382 
8950 0.997567 -0.854507 -98062.8 27.8694 
8960 0.997581 0.89198 -98063.8 27.9022 
8970 0.997554 -0.612507 -98060.4 27.936 
8980 0.997503 0.737462 -98061.3 27.9665 
8990 0.997513 -0.243674 -98057.3 28.0034 
9000 0.997514 -0.783477 -98057.4 28.034 
9010 0.997513 -0.482663 -98057.4 28.0646 
9020 0.997468 0.164162 -98054.5 28.0962 
9030 0.997468 0.154959 -98054.5 28.1239 
9040 0.997479 0.430724 -98050 28.1575 
9050 0.997479 0.697889 -98050 28.1854 
9060 0.997502 0.314711 -98051.3 28.2144 
9070 0.997468 -0.0174443 -98050.7 28.2484 
9080 0.997442 -0.36167 -98042.1 28.2826 
9090 0.997442 0.0834956 -98042.1 28.3133 
9100 0.997468 0.73875 -98043.7 28.3425 
9110 0.997469 -0.526671 -98044 28.3741 
9120 0.997467 0.90734 -98043.5 28.402 
9130 0.99752 0.416282 -98047.7 28.4353 
9140 0.997497 -0.470115 -98046.7 28.4663 
9150 0.997497 -0.770151 -98046.7 28.497 
9160 0.997547 -0.323707 -98050.9 28.5258 
9170 0.997556 0.756139 -98052.3 28.5572 
9180 0.997588 -0.554831 -98054.6 28.5901 
9190 0.997588 -0.20818 -98054.6 28.6179 
9200 0.99759 -0.907831 -98054.5 28.6472 
9210 0.997725 0.4518 -98066 28.6809 
9220 0.997707 0.010617 -98073 28.7081 
9230 0.997701 0.262256 -98075.1 28.7415 
9240 0.997685 -0.256973 -98074.3 28.7735 
9250 0.997682 0.740892 -98074.3 28.8044 
9260 0.99762 0.29127 -98066.8 28.832 
9270 0.99763 -0.791645 -98067.6 28.8604 
9280 0.99763 -0.86119 -98067.7 28.8909 
9290 0.997659 -0.293829 -98073.9 28.9254 
9300 0.99766 0.830368 -98073.9 28.9561 
9310 0.997651 -0.792573 -98072.9 28.9897 
9320 0.997648 0.167464 -98070.1 29.0243 
9330 0.997713 -0.497731 -98072.6 29.0581 
9340 0.997689 -0.722642 -98070.2 29.088 
9350 0.997688 -0.198561 -98070.1 29.1162 
9360 0.997697 0.950341 -98072.4 29.1496 
9370 0.997625 -0.856002 -98070.4 29.1802 
9380 0.997624 -0.635155 -98070.3 29.2111 
9390 0.997624 0.26996 -98070.3 29.2421 
9400 0.997624 0.766807 -98070.4 29.2732 
9410 0.997624 -0.250087 -98070.4 29.301 
9420 0.997624 -0.546267 -98070.4 29.3318 
9430 0.997634 0.378538 -98071.4 29.3628 
9440 0.997628 0.592212 -98070.8 29.3924 
9450 0.997634 -0.443783 -98071.2 29.4237 
9460 0.997677 0.449392 -98076.2 29.4532 
9470 0.997577 0.281309 -98069.6 29.486 
9480 0.997596 0.500403 -98071 29.5144 
9490 0.997587 0.668307 -98069.7 29.5439 
9500 0.997576 0.573256 -98069.3 29.5768 
9510 0.997576 0.964884 -98069.4 29.6075 
9520 0.997527 0.991763 -98069.1 29.6379 
9530 0.997527 -0.276 -98069.1 29.6687 
9540 0.997481 -0.338611 -98064.8 29.7007 
9550 0.997494 -0.889556 -98065.6 29.732 
9560 0.997493 0.458937 -98065.6 29.7596 
9570 0.997493 -0.0953898 -98065.6 29.7906 
9580 0.997484 0.388165 -98063.6 29.8234 
9590 0.99748 -0.587475 -98060.8 29.8574 
9600 0.99754 0.467671 -98063.6 29.896 
9610 0.997574 0.294774 -98065.5 29.9311 
9620 0.997628 -0.547578 -98072.4 29.9631 
9630 0.997628 0.466685 -98072.4 29.9938 
9640 0.99762 -0.177653 -98071.3 30.025 
9650 0.997535 -0.730516 -98063.6 30.0576 
9660 0.997535 -0.188709 -98063.5 30.0824 
9670 0.99753 0.908549 -98062.9 30.1076 
9680 0.99753 -0.902283 -98064.6 30.1411 
9690 0.997572 0.616791 -98068.4 30.1726 
9700 0.997572 -0.880796 -98068.4 30.2034 
9710 0.997593 0.138864 -98071.1 30.2354 
9720 0.997586 0.886319 -98071 30.2676 
9730 0.997581 -0.72778 -98070.5 30.2986 
9740 0.997581 -0.418623 -98070.5 30.3294 
9750 0.997618 0.0561464 -98068.3 30.3617 
9760 0.997619 0.152179 -98068.4 30.3895 
9770 0.997619 0.703319 -98068.4 30.4172 
9780 0.997623 -0.729405 -98065.7 30.4503 
9790 0.997644 0.633881 -98068 30.4832 
9800 0.997644 -0.921619 -98068 30.5138 
9810 0.99757 -0.758941 -98062.1 30.5461 
9820 0.997702 -0.984349 -98069.2 30.5763 
9830 0.997702 0.0896379 -98069.2 30.6043 
9840 0.997696 0.354448 -98070.9 30.6374 
9850 0.997688 -0.223963 -98069.8 30.6695 
9860 0.997688 -0.167014 -98069.8 30.7007 
9870 0.997703 0.0226887 -98070.9 30.7239 
9880 0.997662 0.595412 -98065.9 30.7581 
9890 0.997562 0.0272001 -98060.8 30.7914 
9900 0.997562 -0.791778 -98060.8 30.8179 
9910 0.997542 0.71161 -98058.6 30.8491 
9920 0.997667 -0.565623 -98070.5 30.8822 
9930 0.997692 -0.151092 -98074 30.9151 
9940 0.997752 -0.0652827 -98079.8 30.9454 
9950 0.997752 0.0257121 -98079.8 30.9675 
9960 0.997661 0.959622 -98071.1 31.0003 
9970 0.997652 0.902194 -98068.8 31.0332 
9980 0.997603 -0.945755 -98068.1 31.071 
9990 0.997603 0.277468 -98068.1 31.0988 
10000 0.9976 -0.399091 -98067.8 31.1298 
