0 1 1 -98304 0 
10 1 -0.860026 -98304 0.0319223 
20 1 -0.264071 -98303.9 0.0638906 
30 1 -0.558806 -98303.9 0.0940084 
40 0.999999 0.607843 -98303.8 0.121296 
50 0.999999 0.794407 -98303.8 0.148578 
60 0.999999 -0.0861231 -98303.8 0.180458 
70 0.999913 -0.727908 -98293.1 0.215181 
80 0.999913 0.225758 -98293.1 0.245288 
90 0.999054 -0.368099 -98213.2 0.278903 
100 0.99897 0.609404 -98205.5 0.312499 
110 0.998969 0.0546051 -98205.5 0.342671 
120 0.998438 -0.506973 -98161.9 0.37523 
130 0.998475 -0.948956 -98165.6 0.406172 
140 0.998475 -0.733244 -98165.6 0.436613 
150 0.999031 0.120026 -98193.9 0.464817 
160 0.999031 -0.898589 -98193.9 0.495352 
170 0.99908 0.858722 -98199.9 0.526749 
180 0.99908 -0.986471 -98200 0.557505 
190 0.99908 0.748509 -98200 0.587717 
200 0.99908 0.318086 -98200 0.618052 
210 0.999079 -0.656354 -98199.9 0.648763 
220 0.999079 -0.220274 -98199.8 0.676629 
230 0.999079 0.317769 -98199.8 0.707011 
240 0.999092 -0.877135 -98201.1 0.738002 
250 0.999316 -0.247538 -98226.4 0.77037 
260 0.999282 0.0234507 -98221.9 0.800209 
270 0.999232 0.31337 -98216.5 0.833057 
280 0.998885 -0.760542 -98183.3 0.863569 
290 0.998853 0.402534 -98181.5 0.896095 
300 0.998853 0.319595 -98181.5 0.926496 
310 0.998777 0.483322 -98172.7 0.96078 
320 0.998492 0.123165 -98144.9 0.994152 
330 0.998493 -0.691582 -98144.9 1.02449 
340 0.998407 0.265025 -98134.6 1.0569 
350 0.998407 0.646726 -98134.7 1.08726 
360 0.998407 0.473328 -98134.7 1.11781 
370 0.998407 -0.735493 -98134.7 1.14554 
380 0.998407 0.153309 -98134.7 1.17305 
390 0.998581 0.991693 -98146 1.20903 
400 0.998581 0.339873 -98145.9 1.23954 
410 0.99861 -0.920448 -98148.3 1.27252 
420 0.99861 -0.728949 -98148.3 1.30341 
430 0.998609 -0.300266 -98147.8 1.33551 
440 0.998609 -0.329766 -98147.8 1.36595 
450 0.998609 0.318462 -98147.8 1.39347 
460 0.998443 0.666274 -98129.5 1.42382 
470 0.99842 0.000569039 -98130.8 1.45679 
480 0.99842 -0.154268 -98130.8 1.48459 
490 0.998371 0.191662 -98125.4 1.51851 
500 0.998371 -0.143425 -98125.4 1.54628 
510 0.998374 0.449607 -98125.5 1.57729 
520 0.997845 0.372893 -98089.8 1.60644 
530 0.997845 0.548259 -98089.8 1.634 
540 0.997844 0.511829 -98089.8 1.66462 
550 0.997573 0.422826 -98068.9 1.69921 
560 0.997573 -0.101215 -98068.9 1.72995 
570 0.997478 0.200179 -98062.3 1.75952 
580 0.997514 0.34951 -98064.5 1.79212 
590 0.997504 0.58193 -98062.1 1.82194 
600 0.997555 0.690973 -98063.3 1.85012 
610 0.997775 -0.674729 -98082 1.88087 
620 0.997745 -0.084358 -98079.5 1.91262 
630 0.997525 -0.408496 -98059.1 1.94231 
640 0.997526 -0.54845 -98059.2 1.97292 
650 0.997526 0.919601 -98059.2 2.00346 
660 0.997526 -0.330978 -98059.2 2.03118 
670 0.99759 0.722602 -98064.6 2.06484 
680 0.997596 0.776877 -98064.6 2.08965 
690 0.997671 0.170309 -98060.7 2.12098 
700 0.997661 0.403887 -98059.6 2.153 
710 0.997658 -0.627872 -98059.1 2.18167 
720 0.997526 0.454254 -98051.2 2.21393 
730 0.997526 0.534529 -98051.2 2.24451 
740 0.997526 -0.123972 -98051.2 2.27534 
750 0.997515 0.669587 -98049.9 2.30369 
760 0.997561 0.0758207 -98055.6 2.33872 
770 0.997522 0.0138986 -98054.3 2.36811 
780 0.99757 0.801397 -98059.3 2.40086 
790 0.99757 0.291357 -98059.3 2.43166 
800 0.99757 0.771098 -98059.3 2.45934 
810 0.99757 0.433438 -98059.2 2.48417 
820 0.99756 -0.750104 -98055.5 2.51767 
830 0.997472 0.331565 -98060.6 2.54877 
840 0.997508 0.0922833 -98062.3 2.57835 
850 0.997504 -0.825645 -98061.8 2.60931 
860 0.997516 -0.176172 -98062.3 2.64222 
870 0.997516 -0.211614 -98062.3 2.67274 
880 0.997589 0.59102 -98066.2 2.70585 
890 0.997581 0.496267 -98064.9 2.73723 
900 0.997563 -0.409556 -98064.5 2.76629 
910 0.997563 0.853467 -98064.4 2.79404 
920 0.997545 -0.739401 -98062.6 2.82677 
930 0.997545 0.886995 -98062.6 2.85745 
940 0.997545 0.322292 -98062.6 2.88794 
950 0.997589 -0.892684 -98066.5 2.91986 
960 0.997588 0.815913 -98066.5 2.95089 
970 0.997434 0.449666 -98058.3 2.98283 
980 0.997462 0.0475045 -98060.4 3.01104 
990 0.997462 0.271755 -98060.4 3.04184 
1000 0.997526 -0.72467 -98059.3 3.07506 
1010 0.997513 0.205981 -98058.1 3.10615 
1020 0.997687 -0.150303 -98071.9 3.13808 
1030 0.997693 0.0312467 -98073.1 3.1637 
1040 0.997693 0.602103 -98073 3.1914 
1050 0.997672 -0.671734 -98071.7 3.22306 
1060 0.997539 0.789277 -98072.7 3.25412 
1070 0.997537 -0.209958 -98067.2 3.28727 
1080 0.997581 0.972791 -98071.2 3.3209 
1090 0.997574 0.846505 -98070.8 3.3492 
1100 0.997523 0.736683 -98068 3.38247 
1110 0.997551 0.273722 -98068.9 3.41474 
1120 0.997551 0.785001 -98068.9 3.44239 
1130 0.997553 -0.0754319 -98069.1 3.47007 
1140 0.997595 0.649604 -98068.7 3.50265 
1150 0.997595 0.731517 -98068.7 3.53314 
1160 0.997595 0.777727 -98068.7 3.56368 
1170 0.997607 -0.108969 -98071.1 3.5963 
1180 0.997609 0.768372 -98063.9 3.63095 
1190 0.997629 -0.185748 -98067.6 3.66353 
1200 0.997685 -0.683694 -98066.8 3.6962 
1210 0.997685 0.267696 -98066.8 3.72671 
1220 0.997685 -0.679178 -98066.9 3.7572 
1230 0.997624 -0.387834 -98062.1 3.78437 
1240 0.997619 -0.0867324 -98073.1 3.81792 
1250 0.997622 0.0404092 -98073.4 3.84868 
1260 0.99761 -0.100561 -98071.5 3.88572 
1270 0.997741 0.00669805 -98079.4 3.9173 
1280 0.997737 -0.94121 -98078.7 3.94847 
1290 0.997648 -0.113729 -98080.5 3.97953 
1300 0.997598 -0.148051 -98075 4.00763 
1310 0.997607 -0.275281 -98075.2 4.03691 
1320 0.997636 0.82264 -98076.4 4.06697 
1330 0.997644 -0.471605 -98077.2 4.09517 
1340 0.997644 -0.908006 -98075.7 4.12375 
1350 0.997717 0.855107 -98076.8 4.15686 
1360 0.997699 -0.803749 -98074.6 4.18843 
1370 0.997714 0.527577 -98076.1 4.21401 
1380 0.997763 -0.951869 -98086.8 4.24975 
1390 0.997758 -0.702238 -98086.8 4.28222 
1400 0.997758 -0.890126 -98086.8 4.31298 
1410 0.997758 0.34525 -98086.8 4.34368 
1420 0.997724 0.132994 -98084.1 4.37535 
1430 0.997724 0.43548 -98084.1 4.40357 
1440 0.997704 0.368405 -98081.3 4.43268 
1450 0.997704 0.181769 -98081.3 4.46031 
1460 0.997636 0.470628 -98078.7 4.49378 
1470 0.997649 0.769481 -98079.7 4.52482 
1480 0.997745 -0.488975 -98085.8 4.55713 
1490 0.997818 -0.647096 -98093.1 4.58956 
1500 0.997818 -0.228546 -98093 4.61735 
1510 0.997783 0.793496 -98090.4 4.65023 
1520 0.997786 0.333865 -98090.8 4.68194 
1530 0.997784 0.413494 -98091.4 4.71211 
1540 0.997734 -0.554791 -98087.9 4.74182 
1550 0.997741 0.88925 -98088.5 4.77314 
1560 0.997741 -0.979369 -98088.5 4.80096 
1570 0.997695 -0.585104 -98085.9 4.83503 
1580 0.997704 -0.408581 -98082.1 4.86544 
1590 0.997703 0.809629 -98082 4.89335 
1600 0.997703 -0.958248 -98082 4.92114 
1610 0.997656 0.453417 -98078 4.95378 
1620 0.997656 -0.978275 -98078 4.98163 
1630 0.997656 0.506109 -98078 5.01223 
1640 0.997656 0.578419 -98078 5.04297 
1650 0.997671 -0.738053 -98079.1 5.07164 
1660 0.997671 -0.0394108 -98079.2 5.09933 
1670 0.997672 -0.414574 -98079.2 5.12464 
1680 0.997712 -0.96967 -98082.8 5.15497 
1690 0.997712 0.578274 -98082.8 5.18265 
1700 0.997723 -0.981103 -98083.9 5.21084 
1710 0.997662 -0.788945 -98082.1 5.2434 
1720 0.997701 -0.420796 -98082.5 5.27065 
1730 0.9977 -0.41904 -98082.5 5.30131 
1740 0.997602 -0.54179 -98069.3 5.33453 
1750 0.997611 0.123714 -98068.1 5.36751 
1760 0.997611 0.880951 -98068.1 5.39819 
1770 0.997567 -0.843119 -98062.6 5.42886 
1780 0.997509 -0.220957 -98059.9 5.46432 
1790 0.997529 0.87995 -98058.3 5.49694 
1800 0.997529 0.93792 -98058.3 5.52463 
1810 0.997617 0.806112 -98064 5.55852 
1820 0.997609 0.268373 -98062.7 5.58882 
1830 0.997554 -0.392634 -98061.3 5.62446 
1840 0.997539 0.300449 -98060 5.65291 
1850 0.997559 -0.140422 -98062.1 5.68767 
1860 0.997595 0.130064 -98065.1 5.71313 
1870 0.997592 -0.636853 -98064.8 5.74155 
1880 0.997598 0.547266 -98065.6 5.77272 
1890 0.997604 0.262395 -98067.1 5.79591 
1900 0.997661 -0.836066 -98069.7 5.82867 
1910 0.997661 0.743868 -98069.7 5.85935 
1920 0.997661 0.765231 -98069.7 5.88999 
1930 0.997661 -0.226582 -98069.7 5.9207 
1940 0.997689 0.552493 -98072.8 5.95327 
1950 0.997689 0.674559 -98072.7 5.98097 
1960 0.99767 -0.372034 -98071 6.01242 
1970 0.997666 -0.384248 -98068.5 6.04904 
1980 0.997661 0.766013 -98076.2 6.08523 
1990 0.997653 -0.0414259 -98074.3 6.11826 
2000 0.997653 -0.88285 -98074.3 6.14889 
2010 0.997653 0.907384 -98074.4 6.17136 
2020 0.997658 0.827766 -98072.2 6.20375 
2030 0.997634 -0.564482 -98070.1 6.22972 
2040 0.997615 0.95747 -98067.2 6.26446 
2050 0.997642 0.532084 -98068.2 6.29743 
2060 0.99757 0.68693 -98062.2 6.32975 
2070 0.997606 0.677144 -98065 6.35897 
2080 0.997606 0.720616 -98065.1 6.3868 
2090 0.997663 -0.876742 -98070.3 6.42124 
2100 0.997661 -0.627302 -98070 6.4494 
2110 0.997714 -0.839242 -98078.5 6.48246 
2120 0.997714 0.695066 -98078.5 6.51314 
2130 0.997765 -0.144514 -98080.1 6.54665 
2140 0.997772 -0.49868 -98080.7 6.57771 
2150 0.997698 -0.209389 -98079 6.60707 
2160 0.997615 -0.766958 -98076.1 6.63807 
2170 0.997615 0.897224 -98076.1 6.66868 
2180 0.997615 -0.392183 -98076.2 6.69948 
2190 0.997615 -0.626941 -98076.1 6.73005 
2200 0.99767 0.52914 -98072.6 6.75862 
2210 0.997682 0.149762 -98073.5 6.78713 
2220 0.997682 0.13218 -98073.5 6.81773 
2230 0.997587 -0.173331 -98076 6.84914 
2240 0.997577 0.756358 -98075.6 6.88056 
2250 0.99759 0.576504 -98077.2 6.91185 
2260 0.99759 -0.745023 -98077.2 6.94252 
2270 0.997598 -0.052055 -98079 6.97481 
2280 0.997598 0.621381 -98079 7.00546 
2290 0.997656 0.0673268 -98071.8 7.03589 
2300 0.99768 -0.540811 -98073.7 7.06891 
2310 0.997687 0.308923 -98074.3 7.09747 
2320 0.997684 -0.383453 -98073.6 7.12908 
2330 0.997684 0.246504 -98073.6 7.15678 
2340 0.997684 0.897872 -98073.7 7.18761 
2350 0.997676 0.823367 -98075.9 7.22368 
2360 0.997607 0.763462 -98071.4 7.25688 
2370 0.997612 -0.5751 -98067.3 7.29088 
2380 0.997611 -0.959316 -98067.3 7.31299 
2390 0.997617 0.534045 -98069.7 7.34615 
2400 0.997617 -0.7764 -98069.7 7.37687 
2410 0.997606 0.00760368 -98068.3 7.40525 
2420 0.997606 0.91893 -98068.3 7.43597 
2430 0.997606 -0.42509 -98068.3 7.46661 
2440 0.997604 -0.921878 -98069.2 7.49815 
2450 0.997598 0.819883 -98068.4 7.52971 
2460 0.997598 -0.211461 -98068.4 7.55751 
2470 0.997585 0.601801 -98067 7.58884 
2480 0.997587 0.349272 -98067 7.61978 
2490 0.997589 0.755603 -98067.1 7.65046 
2500 0.997588 -0.189845 -98067.1 7.67825 
2510 0.997588 -0.0336898 -98067.1 7.70599 
2520 0.997615 0.107878 -98068.8 7.73873 
2530 0.997603 0.972205 -98064.9 7.76862 
2540 0.997603 -0.302942 -98065 7.80034 
2550 0.997603 0.790281 -98065 7.83094 
2560 0.997607 0.97475 -98064.7 7.86417 
2570 0.997614 -0.309117 -98065.3 7.89214 
2580 0.997596 0.511767 -98068.6 7.92618 
2590 0.997596 -0.425262 -98068.6 7.95678 
2600 0.997563 0.50613 -98067.2 7.99004 
2610 0.997558 -0.766468 -98066.9 8.0208 
2620 0.997515 0.883403 -98064.9 8.04973 
2630 0.997511 0.563088 -98064.7 8.08087 
2640 0.997472 -0.272152 -98060.3 8.11267 
2650 0.997601 -0.539867 -98058.9 8.14158 
2660 0.997622 0.313097 -98061.6 8.17016 
2670 0.997618 -0.159384 -98060 8.20168 
2680 0.997625 -0.407985 -98060.9 8.23033 
2690 0.997623 -0.364089 -98060.7 8.26158 
2700 0.9976 -0.91073 -98058.8 8.29328 
2710 0.997589 0.00483948 -98057.7 8.32424 
2720 0.997515 -0.827783 -98050.7 8.35705 
2730 0.997671 -0.396953 -98065.2 8.38798 
2740 0.997589 -0.717261 -98057 8.42014 
2750 0.997485 0.298616 -98063.5 8.45461 
2760 0.99753 -0.684189 -98067.4 8.48349 
2770 0.997549 0.116194 -98064 8.5108 
2780 0.99756 -0.343156 -98064.8 8.54206 
2790 0.99756 0.57093 -98064.8 8.57263 
2800 0.997532 0.383195 -98062.6 8.60566 
2810 0.99758 0.0351353 -98065.2 8.63508 
2820 0.997635 0.554223 -98070 8.66709 
2830 0.997635 0.709464 -98070.1 8.69482 
2840 0.997638 0.34012 -98071.6 8.72725 
2850 0.99765 -0.594843 -98072.5 8.75881 
2860 0.997562 -0.637879 -98065.8 8.79161 
2870 0.997554 -0.37685 -98064.8 8.82258 
2880 0.997483 -0.100692 -98056.7 8.85104 
2890 0.997458 0.426831 -98057.3 8.88507 
2900 0.997419 -0.527701 -98054.6 8.91642 
2910 0.997419 0.00251968 -98054.5 8.94723 
2920 0.99741 -0.555688 -98052.2 8.97782 
2930 0.997458 -0.0855094 -98057.2 9.01019 
2940 0.997528 -0.231143 -98062.3 9.04037 
2950 0.997434 0.258439 -98058.1 9.07408 
2960 0.997434 -0.145968 -98058.1 9.10466 
2970 0.99744 0.400663 -98058.5 9.13549 
2980 0.997361 0.290685 -98050.8 9.16579 
2990 0.997361 0.0185601 -98050.7 9.19637 
3000 0.997363 0.563284 -98050.9 9.22728 
3010 0.99726 0.138904 -98050.6 9.26036 
3020 0.997178 0.394524 -98043 9.29215 
3030 0.997172 -0.256057 -98042.3 9.32305 
3040 0.997183 -0.307162 -98042.2 9.35453 
3050 0.997239 -0.334779 -98042.9 9.3897 
3060 0.997244 -0.363183 -98044 9.41512 
3070 0.997272 0.443674 -98046.4 9.44604 
3080 0.997348 -0.83248 -98052.9 9.47833 
3090 0.997539 0.0789573 -98062.2 9.50531 
3100 0.997588 -0.9931 -98063.8 9.53847 
3110 0.997616 -0.905854 -98067 9.56841 
3120 0.99765 0.255193 -98062.4 9.60134 
3130 0.99765 -0.661037 -98062.4 9.62904 
3140 0.997661 0.377706 -98063.7 9.66091 
3150 0.997668 0.58506 -98064.4 9.69224 
3160 0.997668 0.50289 -98064.4 9.72282 
3170 0.997634 -0.365184 -98068.2 9.75717 
3180 0.997592 -0.963901 -98064.2 9.78297 
3190 0.997485 0.879697 -98054 9.8159 
3200 0.997485 0.259918 -98054 9.8436 
3210 0.997485 0.00323156 -98054 9.87129 
3220 0.997375 -0.705442 -98050.4 9.9037 
3230 0.997367 -0.108583 -98050 9.93228 
3240 0.997367 -0.713683 -98050 9.96286 
3250 0.997364 -0.100159 -98049.7 9.99068 
3260 0.997346 0.220377 -98051.1 10.0248 
3270 0.997351 0.281965 -98051.2 10.0475 
3280 0.99734 0.864459 -98048.9 10.0802 
3290 0.997432 -0.728104 -98051.1 10.1155 
3300 0.997429 -0.64752 -98050.9 10.1439 
3310 0.997434 -0.00361054 -98051.3 10.1695 
3320 0.997434 -0.606301 -98051.3 10.1974 
3330 0.997434 0.670252 -98051.2 10.2281 
3340 0.997359 0.602043 -98050.7 10.2607 
3350 0.997334 0.741325 -98048.1 10.2892 
3360 0.997464 0.416091 -98052.3 10.3136 
3370 0.997542 -0.164267 -98066.3 10.3432 
3380 0.997483 0.941696 -98065.5 10.3755 
3390 0.997477 0.315167 -98065 10.4067 
3400 0.997411 -0.951549 -98059.8 10.4369 
3410 0.997406 0.242747 -98059.1 10.4665 
3420 0.997365 0.261177 -98054.1 10.4986 
3430 0.997389 -0.469605 -98057.2 10.5318 
3440 0.997389 0.907871 -98057.1 10.5626 
3450 0.99739 -0.471373 -98057.3 10.5936 
3460 0.997334 0.603534 -98047.8 10.6279 
3470 0.997331 -0.132495 -98047.5 10.659 
3480 0.997485 -0.743218 -98053.1 10.6866 
3490 0.997426 -0.647816 -98048.4 10.7195 
3500 0.997483 -0.3894 -98047.9 10.7513 
3510 0.997452 -0.912478 -98044.6 10.7839 
3520 0.997448 0.509014 -98047.7 10.8131 
3530 0.997414 0.831692 -98056.1 10.8472 
3540 0.997414 0.094917 -98056.1 10.8777 
3550 0.997453 -0.535393 -98056.6 10.9129 
3560 0.997453 -0.765116 -98056.6 10.9437 
3570 0.997448 -0.264311 -98059.4 10.9825 
3580 0.997464 -0.137001 -98056.9 11.0184 
3590 0.997576 -0.959243 -98065.3 11.0442 
3600 0.997509 -0.262381 -98060.8 11.0768 
3610 0.997531 -0.488077 -98062.7 11.1086 
3620 0.997531 -0.0237749 -98062.7 11.1364 
3630 0.997543 0.721211 -98064.2 11.1695 
3640 0.997583 0.617456 -98067.3 11.201 
3650 0.99758 0.360799 -98067 11.232 
3660 0.997492 -0.573769 -98064.4 11.2667 
3670 0.997487 -0.856448 -98054 11.2995 
3680 0.997521 -0.233854 -98058.6 11.333 
3690 0.997442 0.497327 -98054.3 11.3687 
3700 0.997467 -0.776669 -98056.1 11.3952 
3710 0.997467 -0.312696 -98056.1 11.4259 
3720 0.997415 0.190804 -98051.9 11.4583 
3730 0.997454 -0.504919 -98054.5 11.488 
3740 0.997455 -0.0057709 -98054.6 11.519 
3750 0.997455 -0.491704 -98054.6 11.5497 
3760 0.997422 0.420642 -98051.8 11.5831 
3770 0.997429 0.595993 -98052.3 11.6153 
3780 0.997447 0.706949 -98054 11.6466 
3790 0.997339 0.503584 -98044.9 11.6795 
3800 0.997339 -0.050516 -98044.9 11.7044 
3810 0.997343 -0.0108993 -98044.9 11.7359 
3820 0.997331 -0.808957 -98045.2 11.7612 
3830 0.997402 -0.72098 -98050.8 11.7939 
3840 0.997413 0.655209 -98051.7 11.8251 
3850 0.997415 -0.367413 -98051.6 11.8505 
3860 0.997434 -0.20554 -98055.1 11.8834 
3870 0.997434 -0.891079 -98055.1 11.9114 
3880 0.997434 0.928458 -98055 11.939 
3890 0.997438 0.616769 -98055.5 11.9701 
3900 0.997446 -0.574452 -98057.2 11.998 
3910 0.997532 -0.316029 -98064.7 12.0309 
3920 0.997532 -0.398144 -98064.7 12.0586 
3930 0.997493 -0.993997 -98060.5 12.0874 
3940 0.997518 0.149044 -98060.9 12.1158 
3950 0.997518 0.823443 -98060.9 12.1464 
3960 0.997518 0.811462 -98060.8 12.1769 
3970 0.997532 0.679174 -98060.7 12.2095 
3980 0.99752 -0.707304 -98059.5 12.2415 
3990 0.99752 -0.14611 -98059.5 12.2722 
4000 0.997506 0.00221346 -98057.5 12.3043 
4010 0.997487 -0.97593 -98056.5 12.3336 
4020 0.997486 0.51497 -98056.4 12.3645 
4030 0.997486 -0.370931 -98056.4 12.3864 
4040 0.997486 0.12494 -98056.4 12.417 
4050 0.997486 -0.930509 -98056.5 12.4391 
4060 0.997486 -0.632887 -98056.4 12.467 
4070 0.997488 -0.84448 -98056.8 12.498 
4080 0.997474 -0.476303 -98056.7 12.5304 
4090 0.997497 -0.796413 -98061 12.5636 
4100 0.997568 0.281241 -98069 12.5961 
4110 0.997568 -0.289305 -98069.1 12.6267 
4120 0.997587 -0.277325 -98070.5 12.6549 
4130 0.997577 0.594561 -98070 12.6883 
4140 0.997401 -0.831194 -98055.1 12.7221 
4150 0.997393 -0.425817 -98052.7 12.7521 
4160 0.997401 -0.652543 -98053.9 12.7847 
4170 0.997456 -0.497071 -98061.9 12.8178 
4180 0.997456 0.0842859 -98061.9 12.8484 
4190 0.997519 -0.898005 -98059.6 12.8837 
4200 0.997526 -0.790172 -98060.4 12.9146 
4210 0.997621 0.821684 -98064.3 12.9445 
4220 0.997596 -0.422992 -98061.7 12.9757 
4230 0.997591 -0.705812 -98061.1 13.0066 
4240 0.997591 0.714193 -98061.1 13.0372 
4250 0.997593 -0.707758 -98061.4 13.0651 
4260 0.997662 -0.11612 -98069 13.0968 
4270 0.997731 -0.205026 -98077.6 13.127 
4280 0.997659 -0.346327 -98076.8 13.1616 
4290 0.997659 -0.469423 -98076.8 13.1922 
4300 0.99769 -0.583798 -98077.3 13.2229 
4310 0.997645 -0.4021 -98073.5 13.2567 
4320 0.997635 0.851289 -98072.4 13.2881 
4330 0.997602 0.302799 -98076.1 13.3205 
4340 0.997671 0.603527 -98081.8 13.3543 
4350 0.997671 0.255036 -98081.8 13.3851 
4360 0.997667 0.545377 -98081.6 13.4165 
4370 0.997672 0.243661 -98080.6 13.4466 
4380 0.99782 0.298115 -98089.5 13.4798 
4390 0.99782 -0.00635404 -98089.5 13.5076 
4400 0.997797 -0.402619 -98086.8 13.5392 
4410 0.997796 0.719679 -98086.7 13.5698 
4420 0.997782 0.808447 -98087.4 13.6013 
4430 0.9977 -0.686643 -98078.3 13.6315 
4440 0.997552 -0.929981 -98070.9 13.6645 
4450 0.997454 0.516216 -98066.7 13.6994 
4460 0.997563 0.340286 -98071 13.7327 
4470 0.99758 -0.856754 -98069 13.765 
4480 0.997589 -0.633762 -98069.8 13.7932 
4490 0.997575 -0.423163 -98066.9 13.8256 
4500 0.997648 -0.543859 -98063.6 13.8589 
4510 0.997645 0.362716 -98063.4 13.8905 
4520 0.997645 0.755611 -98063.5 13.9187 
4530 0.997623 -0.203614 -98062.2 13.9508 
4540 0.997578 0.606818 -98060.7 13.9767 
4550 0.997579 0.659378 -98062.2 14.0047 
4560 0.997622 -0.612831 -98067.1 14.0342 
4570 0.997614 -0.227542 -98064.3 14.0672 
4580 0.997614 0.494447 -98064.3 14.0983 
4590 0.997558 0.32107 -98060.8 14.1313 
4600 0.997517 -0.326433 -98064.6 14.1612 
4610 0.99746 -0.935435 -98061.5 14.1942 
4620 0.997441 0.492779 -98058.8 14.2265 
4630 0.997522 -0.247529 -98068.6 14.261 
4640 0.997522 0.693678 -98068.6 14.2917 
4650 0.997518 -0.0094812 -98067.8 14.324 
4660 0.997501 -0.922551 -98066 14.3568 
4670 0.997501 0.691034 -98066 14.3846 
4680 0.997501 -0.784315 -98066 14.4153 
4690 0.997666 -0.101166 -98081.8 14.4474 
4700 0.997666 -0.333096 -98081.8 14.4754 
4710 0.997699 0.0800784 -98084.7 14.507 
4720 0.9976 -0.0724918 -98074.4 14.539 
4730 0.9976 -0.585202 -98074.4 14.5697 
4740 0.9976 0.924761 -98074.4 14.6004 
4750 0.997675 0.972519 -98086.6 14.6336 
4760 0.997675 -0.0385361 -98086.5 14.6586 
4770 0.997574 -0.205037 -98084.7 14.6923 
4780 0.997547 -0.771449 -98079.7 14.7254 
4790 0.997551 0.111947 -98080.1 14.7562 
4800 0.997548 0.493165 -98079.9 14.7874 
4810 0.997539 0.290727 -98079.3 14.8183 
4820 0.997556 -0.989391 -98074.2 14.8468 
4830 0.997494 0.963823 -98069.7 14.8786 
4840 0.997587 0.57107 -98075.6 14.9112 
4850 0.997587 0.270371 -98075.6 14.9391 
4860 0.997497 0.826503 -98066.6 14.9718 
4870 0.997473 0.641729 -98065 15.0048 
4880 0.997473 0.481499 -98064.6 15.0373 
4890 0.997519 0.0346213 -98069.1 15.0718 
4900 0.997532 -0.27908 -98070.3 15.1002 
4910 0.99757 0.994183 -98074.6 15.132 
4920 0.99756 0.517205 -98073.6 15.163 
4930 0.997559 0.0278243 -98073.6 15.1937 
4940 0.997605 -0.286283 -98077.7 15.2263 
4950 0.997596 -0.85554 -98076.6 15.2593 
4960 0.997606 0.429679 -98077.5 15.2908 
4970 0.997606 -0.604598 -98077.5 15.3217 
4980 0.997605 -0.178856 -98077.4 15.3496 
4990 0.997606 0.897872 -98077.5 15.3802 
5000 0.997606 0.787973 -98077.5 15.4111 
5010 0.997602 0.542389 -98077 15.4429 
5020 0.997601 0.660475 -98077 15.4707 
5030 0.997589 0.149457 -98075.9 15.5016 
5040 0.997617 -0.88718 -98078.6 15.5346 
5050 0.997575 -0.0363174 -98074.3 15.568 
5060 0.997575 0.993969 -98074.2 15.5985 
5070 0.997575 -0.285156 -98074.3 15.6262 
5080 0.997568 -0.993921 -98072.7 15.656 
5090 0.997569 0.438899 -98072.7 15.6837 
5100 0.997562 0.883268 -98071.9 15.7144 
5110 0.997552 -0.423553 -98071.6 15.7459 
5120 0.997541 -0.592177 -98072.1 15.7764 
5130 0.997534 -0.713352 -98071.6 15.8077 
5140 0.997629 0.743954 -98076.4 15.8391 
5150 0.997629 0.251591 -98076.5 15.8699 
5160 0.997628 0.842949 -98075.8 15.9026 
5170 0.997677 0.865089 -98079.2 15.9361 
5180 0.9976 0.0136745 -98077.8 15.9707 
5190 0.997578 -0.490236 -98070.5 16.0039 
5200 0.99758 -0.230231 -98070.9 16.0375 
5210 0.997617 -0.809887 -98073.6 16.0705 
5220 0.997573 0.95199 -98068.1 16.1034 
5230 0.997463 0.820618 -98062.2 16.1332 
5240 0.997463 -0.239786 -98062.2 16.1638 
5250 0.997459 -0.676651 -98061.9 16.1948 
5260 0.997459 -0.855249 -98061.9 16.2255 
5270 0.997459 -0.571206 -98061.9 16.2564 
5280 0.997459 -0.387106 -98061.9 16.2872 
5290 0.997459 -0.760385 -98061.9 16.3178 
5300 0.997334 0.370193 -98054.3 16.3445 
5310 0.997271 0.328256 -98053.2 16.375 
5320 0.99743 0.365488 -98060.2 16.4093 
5330 0.997426 -0.394401 -98060.2 16.4409 
5340 0.997426 -0.280303 -98060.2 16.4716 
5350 0.997426 -0.963728 -98060.2 16.5022 
5360 0.997477 -0.835881 -98069.1 16.5311 
5370 0.997419 -0.478188 -98066.1 16.564 
5380 0.997419 0.843249 -98066.1 16.5946 
5390 0.99744 0.269013 -98067.4 16.626 
5400 0.997465 -0.517546 -98066.6 16.6568 
5410 0.997465 -0.550127 -98066.6 16.6873 
5420 0.997465 0.0884435 -98066.6 16.7181 
5430 0.997481 -0.984771 -98064.6 16.7529 
5440 0.997502 -0.698857 -98066 16.7821 
5450 0.997501 -0.749559 -98066 16.8131 
5460 0.997501 0.87834 -98066 16.8411 
5470 0.997502 0.414947 -98066 16.8717 
5480 0.997501 -0.0103115 -98066 16.8966 
5490 0.997497 -0.757461 -98065.4 16.9274 
5500 0.997489 0.497468 -98064.9 16.9584 
5510 0.997429 0.0366926 -98064 16.9888 
5520 0.997412 -0.344968 -98061.3 17.021 
5530 0.997497 -0.825057 -98066.1 17.0509 
5540 0.997497 0.255046 -98066.1 17.0815 
5550 0.997497 0.413571 -98066.1 17.1123 
5560 0.997484 -0.14256 -98064.6 17.144 
5570 0.997657 0.28367 -98072.8 17.1774 
5580 0.997657 0.904859 -98072.7 17.208 
5590 0.997657 -0.760779 -98072.7 17.2387 
5600 0.997657 0.736012 -98072.8 17.2664 
5610 0.997657 -0.282537 -98072.8 17.297 
5620 0.99762 -0.302016 -98070.1 17.322 
5630 0.997672 -0.578861 -98074.8 17.3551 
5640 0.997667 -0.0875374 -98076.3 17.3857 
5650 0.997692 -0.194693 -98071.2 17.4185 
5660 0.997702 0.961406 -98075.4 17.4526 
5670 0.997719 0.55615 -98077.6 17.4872 
5680 0.997719 0.823006 -98077.6 17.5178 
5690 0.997726 0.989353 -98078 17.5495 
5700 0.997726 -0.152587 -98078 17.5803 
5710 0.997714 -0.0879327 -98077.8 17.613 
5720 0.997693 0.31838 -98073.6 17.6428 
5730 0.997669 0.577867 -98072.8 17.6703 
5740 0.997665 -0.488205 -98072.7 17.6986 
5750 0.997542 0.302327 -98067.8 17.7345 
5760 0.997548 0.756644 -98068 17.7661 
5770 0.997547 -0.523392 -98068 17.7974 
5780 0.997547 -0.171332 -98068 17.828 
5790 0.997655 0.149452 -98070.2 17.8628 
5800 0.997606 -0.862794 -98070.1 17.8937 
5810 0.997606 -0.911135 -98070.1 17.9244 
5820 0.997606 -0.295824 -98070.1 17.9522 
5830 0.997609 0.107323 -98070.4 17.9833 
5840 0.997541 0.489793 -98063.4 18.0163 
5850 0.997566 -0.408638 -98071.2 18.0505 
5860 0.997562 0.509663 -98070.8 18.0783 
5870 0.997635 0.90976 -98070 18.1123 
5880 0.997542 -0.470687 -98065 18.1422 
5890 0.997596 0.343155 -98067 18.1751 
5900 0.997708 -0.197277 -98073.7 18.2053 
5910 0.997678 -0.0368001 -98070.3 18.2379 
5920 0.997682 0.626533 -98072.2 18.2678 
5930 0.997683 -0.960264 -98072.2 18.2984 
5940 0.997676 0.318558 -98072.9 18.3307 
5950 0.997673 -0.435891 -98072.2 18.3635 
5960 0.997635 0.021592 -98068.3 18.396 
5970 0.997654 0.560494 -98069 18.4263 
5980 0.997755 0.457164 -98076.9 18.4593 
5990 0.997755 0.652352 -98076.9 18.4898 
6000 0.997719 -0.427381 -98073 18.5223 
6010 0.997743 -0.18607 -98075.4 18.5416 
6020 0.997614 -0.159353 -98061.8 18.5741 
6030 0.997565 -0.968277 -98056.9 18.606 
6040 0.997565 -0.493774 -98056.9 18.6367 
6050 0.997475 0.374012 -98052.8 18.6663 
6060 0.997505 -0.568634 -98056.3 18.6985 
6070 0.997461 0.105306 -98054.6 18.7318 
6080 0.997461 0.159889 -98054.7 18.7595 
6090 0.99746 0.882472 -98054.5 18.7846 
6100 0.997447 -0.0287131 -98052.2 18.8171 
6110 0.997424 0.16313 -98051.1 18.8497 
6120 0.997336 0.635326 -98042.1 18.8811 
6130 0.997402 -0.182802 -98049.9 18.9102 
6140 0.997498 0.92395 -98058.4 18.9436 
6150 0.997498 -0.0133704 -98058.4 18.9686 
6160 0.997498 -0.373648 -98058.4 18.9994 
6170 0.997497 0.556496 -98059.5 19.0344 
6180 0.997495 0.382219 -98059.3 19.0654 
6190 0.99753 0.25791 -98061.2 19.1006 
6200 0.997577 0.567807 -98064.3 19.1327 
6210 0.997582 0.172679 -98063.8 19.1642 
6220 0.997581 0.80726 -98063.8 19.1948 
6230 0.997474 0.288801 -98056.2 19.2227 
6240 0.997511 -0.748089 -98060 19.2486 
6250 0.997511 0.545087 -98060 19.2763 
6260 0.997658 0.956348 -98071.4 19.309 
6270 0.997658 -0.519709 -98071.3 19.3396 
6280 0.997657 0.440531 -98071.3 19.3702 
6290 0.997625 -0.103034 -98069 19.4023 
6300 0.997541 -0.576087 -98065.5 19.4337 
6310 0.997541 0.480647 -98065.5 19.4617 
6320 0.997498 0.0422868 -98061.5 19.4955 
6330 0.997496 -0.26566 -98061.3 19.5263 
6340 0.997471 -0.598572 -98056.7 19.5602 
6350 0.997461 -0.942986 -98057.3 19.5952 
6360 0.997462 0.361747 -98057.4 19.6258 
6370 0.997447 -0.718654 -98053.9 19.6583 
6380 0.997483 -0.145791 -98056.9 19.6945 
6390 0.997512 -0.375521 -98059.1 19.7237 
6400 0.997509 0.306083 -98059.5 19.7519 
6410 0.997513 0.416896 -98058.9 19.7807 
6420 0.997573 -0.0871565 -98060.8 19.8129 
6430 0.997674 -0.830235 -98069.2 19.8458 
6440 0.997675 0.727771 -98069.2 19.8735 
6450 0.997674 -0.677828 -98069.2 19.9041 
6460 0.997701 -0.833944 -98071.4 19.9357 
6470 0.997701 -0.32827 -98071.4 19.9665 
6480 0.997707 0.553227 -98073.5 19.994 
6490 0.997709 -0.731157 -98073.7 20.0224 
6500 0.997678 0.621009 -98072.5 20.0548 
6510 0.997697 -0.528981 -98074.1 20.0875 
6520 0.997677 0.434723 -98072 20.1205 
6530 0.997675 0.317891 -98072.1 20.1484 
6540 0.997604 0.869942 -98071.8 20.1821 
6550 0.997604 -0.0410863 -98071.8 20.2129 
6560 0.997677 0.981127 -98077 20.243 
6570 0.997637 0.507227 -98074.5 20.275 
6580 0.997567 -0.840865 -98064.7 20.3122 
6590 0.997581 0.700051 -98067 20.3457 
6600 0.997578 0.17451 -98067.2 20.3741 
6610 0.997578 0.715674 -98067.1 20.4047 
6620 0.997586 0.954212 -98070.7 20.4377 
6630 0.997586 -0.630627 -98070.6 20.4685 
6640 0.997658 0.0734496 -98075 20.4954 
6650 0.997688 0.950636 -98078.1 20.5242 
6660 0.997724 0.225734 -98080.3 20.5584 
6670 0.997633 -0.0224141 -98077.9 20.5929 
6680 0.997717 0.426981 -98075.9 20.627 
6690 0.997745 0.875667 -98077.4 20.6559 
6700 0.99779 -0.280142 -98082.5 20.6858 
6710 0.99779 0.467559 -98082.4 20.717 
6720 0.997788 0.158392 -98082.3 20.7455 
6730 0.997788 -0.87269 -98082.3 20.7764 
6740 0.997803 0.577254 -98083.3 20.805 
6750 0.997749 -0.244715 -98078.2 20.837 
6760 0.997793 -0.232115 -98081.7 20.8692 
6770 0.997793 0.419873 -98081.7 20.9 
6780 0.997779 0.787346 -98080.8 20.933 
6790 0.997746 0.927194 -98073.8 20.9662 
6800 0.997743 -0.865043 -98070.2 20.9992 
6810 0.997709 0.981873 -98068.9 21.0325 
6820 0.99771 0.993966 -98068.9 21.0602 
6830 0.99771 0.89145 -98069 21.0908 
6840 0.997713 0.837993 -98069.7 21.1228 
6850 0.997647 -0.301597 -98064.3 21.1502 
6860 0.997647 -0.643541 -98064.3 21.1809 
6870 0.997629 -0.631437 -98061.8 21.2104 
6880 0.997629 -0.537861 -98061.9 21.2381 
6890 0.997709 0.720411 -98067.9 21.2713 
6900 0.997675 0.612267 -98062 21.3036 
6910 0.997675 -0.477973 -98062 21.3345 
6920 0.997675 0.878131 -98062 21.3622 
6930 0.997661 -0.928104 -98060.8 21.3939 
6940 0.997656 -0.0976145 -98060.3 21.4248 
6950 0.997657 -0.202131 -98060.4 21.4555 
6960 0.997661 -0.924459 -98062.5 21.4907 
6970 0.997661 -0.354543 -98062.5 21.5213 
6980 0.997665 0.476772 -98063.6 21.5466 
6990 0.997653 -0.854821 -98062.2 21.5779 
7000 0.997659 -0.462035 -98062.9 21.6088 
7010 0.99767 0.107322 -98062.7 21.6415 
7020 0.997729 -0.496649 -98072.5 21.6761 
7030 0.997715 0.715854 -98071.2 21.7069 
7040 0.997681 0.740414 -98067.7 21.7379 
7050 0.997651 -0.277132 -98062.9 21.7724 
7060 0.997651 -0.685615 -98062.9 21.7999 
7070 0.997602 -0.162241 -98057.9 21.8293 
7080 0.997652 -0.051451 -98064.5 21.8616 
7090 0.997602 0.97271 -98059.7 21.8938 
7100 0.997607 -0.660224 -98060.4 21.9249 
7110 0.997608 -0.389073 -98059.6 21.9549 
7120 0.997664 -0.750761 -98066.3 21.9877 
7130 0.997664 -0.0934563 -98066.3 22.0183 
7140 0.997573 -0.584643 -98060.1 22.0521 
7150 0.99758 0.535465 -98060.7 22.0836 
7160 0.997583 -0.21953 -98060 22.1156 
7170 0.997683 -0.167917 -98061.8 22.1504 
7180 0.997655 -0.676687 -98059 22.1787 
7190 0.99769 -0.835282 -98063.7 22.2111 
7200 0.99769 -0.445899 -98063.7 22.2419 
7210 0.997711 0.369697 -98066.7 22.2738 
7220 0.997724 -0.00376714 -98068.3 22.3041 
7230 0.997721 -0.598343 -98067.9 22.3352 
7240 0.997685 0.525809 -98066.5 22.3676 
7250 0.997663 0.69866 -98064.5 22.3987 
7260 0.997655 -0.328008 -98063.5 22.4269 
7270 0.997655 -0.898215 -98063.6 22.4576 
7280 0.997472 -0.545053 -98051.5 22.4909 
7290 0.997397 -0.869252 -98047 22.5206 
7300 0.997364 -0.307848 -98047.4 22.5507 
7310 0.997364 0.362933 -98047.4 22.5784 
7320 0.997364 -0.196295 -98047.4 22.6063 
7330 0.997353 -0.962383 -98046 22.6347 
7340 0.997464 -0.428712 -98052.3 22.664 
7350 0.997526 0.0206006 -98054.5 22.699 
7360 0.997526 0.0545043 -98054.5 22.7267 
7370 0.997486 -0.499368 -98056.3 22.7584 
7380 0.9975 -0.294993 -98058.1 22.7912 
7390 0.997549 -0.342248 -98063.1 22.8234 
7400 0.997585 0.385648 -98068.7 22.8528 
7410 0.997581 -0.0403765 -98066.8 22.8822 
7420 0.997572 0.254581 -98066 22.9133 
7430 0.99767 0.317698 -98076.2 22.9455 
7440 0.99751 -0.693883 -98067.7 22.9793 
7450 0.99751 -0.802082 -98067.7 23.0101 
7460 0.997515 -0.0912277 -98067.6 23.0422 
7470 0.997689 -0.0264361 -98074.6 23.0749 
7480 0.997692 -0.902813 -98075.3 23.1063 
7490 0.997683 -0.740969 -98073.3 23.1392 
7500 0.99769 0.32743 -98077.7 23.1732 
7510 0.997613 0.91422 -98071 23.2023 
7520 0.997613 0.567952 -98071 23.2272 
7530 0.997406 -0.0706789 -98060.2 23.2612 
7540 0.997406 0.603887 -98060.2 23.2892 
7550 0.99742 0.196987 -98062.3 23.3186 
7560 0.99742 0.523805 -98062.3 23.3492 
7570 0.997458 -0.777627 -98074.3 23.3851 
7580 0.997458 0.288654 -98074.3 23.4157 
7590 0.997566 0.0999153 -98074 23.4487 
7600 0.997563 0.532053 -98070.2 23.4819 
7610 0.997553 -0.191426 -98068.1 23.5136 
7620 0.997553 0.751833 -98068.1 23.5413 
7630 0.99751 0.242627 -98066.3 23.573 
7640 0.997546 0.744982 -98069.8 23.5992 
7650 0.997527 -0.172676 -98066.4 23.6288 
7660 0.997527 -0.207306 -98066.5 23.6595 
7670 0.997542 -0.15216 -98068.1 23.6905 
7680 0.99755 -0.620762 -98068.7 23.7185 
7690 0.997567 0.93353 -98070.7 23.7512 
7700 0.997567 0.949143 -98070.6 23.7818 
7710 0.997569 0.0122893 -98072.4 23.8149 
7720 0.997588 0.17059 -98068.5 23.8486 
7730 0.997512 0.791246 -98061.1 23.8815 
7740 0.997438 0.427741 -98056.5 23.9152 
7750 0.997432 0.777983 -98056 23.946 
7760 0.997514 0.366823 -98062 23.9791 
7770 0.99752 -0.26091 -98064.8 24.0139 
7780 0.997546 -0.546053 -98065.6 24.0506 
7790 0.997546 -0.982292 -98065.6 24.0814 
7800 0.997546 0.273738 -98065.6 24.112 
7810 0.997564 0.678884 -98067.5 24.1412 
7820 0.997564 0.348772 -98067.5 24.1719 
7830 0.997626 0.47293 -98072.3 24.2039 
7840 0.997622 0.16614 -98071.8 24.232 
7850 0.997622 0.327509 -98071.9 24.263 
7860 0.997622 -0.221541 -98071.9 24.2936 
7870 0.997607 -0.693183 -98071.7 24.3258 
7880 0.997607 -0.0752792 -98071.7 24.3565 
7890 0.997603 -0.0303443 -98072.8 24.3879 
7900 0.997594 0.949635 -98072.2 24.4193 
7910 0.997553 0.148545 -98067 24.452 
7920 0.997513 0.477037 -98068.4 24.4848 
7930 0.997455 -0.26001 -98065.8 24.5174 
7940 0.997455 -0.649845 -98065.7 24.5481 
7950 0.997501 0.977512 -98064.2 24.581 
7960 0.997501 -0.83261 -98064.2 24.6117 
7970 0.997525 0.0981027 -98066.7 24.6413 
7980 0.997576 -0.227135 -98069.5 24.6704 
7990 0.99759 -0.582272 -98070.9 24.7019 
8000 0.99759 -0.357018 -98070.9 24.7328 
8010 0.997644 0.154386 -98075.7 24.7623 
8020 0.997644 -0.590182 -98075.7 24.7931 
8030 0.997644 -0.700938 -98075.8 24.8243 
8040 0.997644 0.5177 -98075.8 24.855 
8050 0.997605 0.331614 -98071.4 24.8814 
8060 0.997568 -0.736493 -98070.4 24.9159 
8070 0.997635 -0.157138 -98086.5 24.9494 
8080 0.997569 -0.414351 -98072.5 24.9809 
8090 0.997569 0.229872 -98072.5 25.0118 
8100 0.997569 0.226235 -98072.5 25.0398 
8110 0.99756 0.790499 -98071.7 25.0682 
8120 0.997551 -0.540839 -98070.9 25.0996 
8130 0.997667 0.0832258 -98076.5 25.1313 
8140 0.99759 -0.01738 -98072.7 25.1638 
8150 0.9976 -0.15621 -98073.8 25.1954 
8160 0.997535 0.311563 -98070.2 25.227 
8170 0.997576 -0.0674682 -98071.9 25.2622 
8180 0.997492 0.886834 -98067.6 25.2957 
8190 0.99747 -0.137001 -98065.9 25.3188 
8200 0.997467 -0.205263 -98065.6 25.3473 
8210 0.99748 -0.98454 -98071.3 25.3775 
8220 0.997451 -0.223747 -98068.4 25.4075 
8230 0.99741 0.534327 -98064.4 25.4397 
8240 0.99746 -0.510831 -98068.6 25.4736 
8250 0.997528 0.424678 -98077.5 25.5048 
8260 0.997478 -0.0737859 -98076.4 25.5364 
8270 0.997476 0.332368 -98079.9 25.5697 
8280 0.997417 -0.450144 -98075.2 25.6016 
8290 0.99743 0.626383 -98076.9 25.6334 
8300 0.99739 -0.468413 -98069.9 25.6644 
8310 0.997393 0.458425 -98069.7 25.6966 
8320 0.997454 0.535568 -98071.2 25.7315 
8330 0.997454 0.298226 -98071.2 25.7622 
8340 0.997539 0.194557 -98076.8 25.7921 
8350 0.997523 -0.712582 -98075.9 25.828 
8360 0.997523 -0.843273 -98075.9 25.8557 
8370 0.997523 -0.621067 -98075.9 25.8864 
8380 0.997462 -0.344529 -98074.6 25.9194 
8390 0.99751 -0.906051 -98079 25.9505 
8400 0.997452 0.572921 -98071.6 25.9835 
8410 0.997452 0.456905 -98071.6 26.0113 
8420 0.997451 -0.219983 -98071.6 26.0422 
8430 0.997453 0.230155 -98071.4 26.0745 
8440 0.997415 0.369051 -98070.7 26.1093 
8450 0.997592 -0.227544 -98080.4 26.1428 
8460 0.997592 -0.107873 -98080.4 26.1735 
8470 0.997605 -0.171338 -98081.1 26.1968 
8480 0.997642 0.922181 -98083.1 26.2304 
8490 0.997642 -0.115878 -98083.1 26.261 
8500 0.997642 -0.463971 -98083.1 26.2918 
8510 0.997662 -0.187346 -98078.2 26.3282 
8520 0.997662 -0.64721 -98078.2 26.3591 
8530 0.997662 0.910302 -98078.2 26.3841 
8540 0.997658 -0.266851 -98077.3 26.4124 
8550 0.997652 0.281416 -98076.6 26.4457 
8560 0.997653 -0.883676 -98076.7 26.4772 
8570 0.997648 -0.225106 -98076 26.5098 
8580 0.99769 -0.4182 -98078.9 26.5399 
8590 0.99769 0.850578 -98079 26.5707 
8600 0.997709 -0.0481994 -98078.8 26.6065 
8610 0.997686 -0.502678 -98078.6 26.6395 
8620 0.997686 -0.402336 -98078.6 26.6702 
8630 0.997686 -0.355075 -98078.6 26.7008 
8640 0.997686 -0.793436 -98078.5 26.7315 
8650 0.997672 -0.0609806 -98077.4 26.7658 
8660 0.997671 0.764741 -98077.4 26.7964 
8670 0.997743 -0.791331 -98078.1 26.8316 
8680 0.997771 -0.369127 -98082.1 26.8644 
8690 0.997821 -0.275515 -98083.1 26.8997 
8700 0.997809 0.583191 -98082.2 26.9282 
8710 0.997802 -0.0418672 -98082.1 26.9554 
8720 0.997802 -0.737957 -98082.2 26.9831 
8730 0.997808 -0.510726 -98083.6 27.009 
8740 0.997697 -0.0332944 -98079.8 27.0424 
8750 0.997697 0.188185 -98077.7 27.0735 
8760 0.997691 -0.189217 -98075.1 27.1078 
8770 0.997704 0.304995 -98075.1 27.1427 
8780 0.997704 0.678708 -98075.1 27.1705 
8790 0.997594 0.972837 -98068.5 27.2034 
8800 0.997556 0.47488 -98068.6 27.236 
8810 0.997552 0.276721 -98068.2 27.2671 
8820 0.997583 0.0588544 -98069.8 27.2974 
8830 0.997639 -0.0753429 -98073.5 27.329 
8840 0.997707 0.667103 -98067.3 27.3612 
8850 0.997708 -0.225461 -98067.6 27.3897 
8860 0.997755 -0.176879 -98071.5 27.4174 
8870 0.997699 -0.0528656 -98067.4 27.4521 
8880 0.997688 -0.822304 -98069.1 27.4826 
8890 0.997662 -0.0446106 -98066.2 27.5118 
8900 0.997658 0.522709 -98070.5 27.5453 
8910 0.997682 -0.237608 -98074.8 27.5753 
8920 0.997682 -0.353729 -98074.8 27.6031 
8930 0.997549 0.110675 -98066.8 27.6353 
8940 0.997549 0.865857 -98067.2 27.669 
8950 0.997528 0.312644 -98063.8 27.6986 
8960 0.99754 -0.0706056 -98065 27.7271 
8970 0.997606 0.0661434 -98075.6 27.7527 
8980 0.997597 0.216858 -98077.2 27.7878 
8990 0.997597 -0.647783 -98077.1 27.8126 
9000 0.997593 -0.611173 -98077.3 27.844 
9010 0.997593 -0.644227 -98077.3 27.8755 
9020 0.99757 -0.55257 -98073.4 27.9034 
9030 0.997607 0.874112 -98074.9 27.9365 
9040 0.997623 0.636442 -98074.8 27.9686 
9050 0.997609 -0.0547885 -98074.1 28.0052 
9060 0.997556 -0.570573 -98069.3 28.0376 
9070 0.997555 0.875741 -98069.3 28.0654 
9080 0.997555 0.165435 -98069.2 28.096 
9090 0.997555 -0.555277 -98069.2 28.1268 
9100 0.997555 0.993977 -98069.3 28.1545 
9110 0.997555 -0.666805 -98069.3 28.1793 
9120 0.997556 -0.728229 -98069.3 28.2071 
9130 0.997556 0.716028 -98069.3 28.2292 
9140 0.997556 0.925136 -98069.3 28.2599 
9150 0.997562 0.157991 -98069.8 28.2881 
9160 0.997548 0.754194 -98068.7 28.3113 
9170 0.997548 -0.136763 -98068.7 28.339 
9180 0.997548 -0.185113 -98068.7 28.3697 
9190 0.997542 -0.110108 -98068.7 28.3978 
9200 0.997536 -0.378409 -98068 28.4286 
9210 0.997537 -0.966823 -98069.2 28.458 
9220 0.997537 -0.825938 -98069.2 28.489 
9230 0.997609 -0.425401 -98074.6 28.519 
9240 0.997622 0.288927 -98075.5 28.5499 
9250 0.997726 -0.57609 -98085.4 28.5783 
9260 0.997728 -0.966364 -98085.6 28.6063 
9270 0.997621 0.40672 -98084 28.6371 
9280 0.997632 -0.93576 -98084.6 28.6653 
9290 0.997634 0.737457 -98084.6 28.6968 
9300 0.997631 0.444026 -98083.5 28.7286 
9310 0.997607 0.709052 -98080.9 28.7601 
9320 0.997596 0.237815 -98079.6 28.7909 
9330 0.997515 0.59308 -98081.1 28.8263 
9340 0.997515 0.854525 -98081.1 28.8569 
9350 0.997519 0.114987 -98081.3 28.8878 
9360 0.997509 -0.764825 -98079.1 28.9234 
9370 0.997495 0.115711 -98078.5 28.9542 
9380 0.997493 -0.135129 -98078 28.9866 
9390 0.997475 -0.659204 -98077 29.0175 
9400 0.997472 -0.573478 -98074.7 29.0464 
9410 0.997472 0.624174 -98074.7 29.0744 
9420 0.997546 -0.125455 -98073.2 29.1026 
9430 0.997517 -0.850018 -98070.8 29.135 
9440 0.997546 -0.210281 -98069.5 29.1676 
9450 0.997496 -0.0604117 -98061.3 29.2014 
9460 0.99753 -0.0909114 -98057.7 29.236 
9470 0.997538 0.183093 -98057.4 29.2678 
9480 0.997672 0.255321 -98068.8 29.302 
9490 0.997672 0.289718 -98068.8 29.3297 
9500 0.997615 -0.279333 -98060.3 29.361 
9510 0.997613 -0.581855 -98060.1 29.3889 
9520 0.997613 -0.563837 -98060.1 29.417 
9530 0.997676 -0.934666 -98064 29.4405 
9540 0.997642 0.041393 -98060.7 29.4736 
9550 0.997689 -0.665775 -98060.9 29.5066 
9560 0.997615 0.278472 -98059.9 29.5369 
9570 0.997567 -0.00165148 -98055.9 29.5674 
9580 0.997561 -0.709605 -98055.4 29.5954 
9590 0.997587 0.627982 -98056.9 29.6242 
9600 0.997579 -0.1194 -98056.2 29.6559 
9610 0.997551 -0.0745059 -98052.9 29.6893 
9620 0.997558 0.30653 -98053.9 29.7218 
9630 0.997611 0.194199 -98058 29.754 
9640 0.997523 -0.0133435 -98049 29.7889 
9650 0.997578 -0.22031 -98053.4 29.822 
9660 0.997578 0.797989 -98053.4 29.8529 
9670 0.997574 0.266905 -98054.3 29.8862 
9680 0.997574 0.30463 -98054.3 29.9141 
9690 0.99755 0.310094 -98052.4 29.9476 
9700 0.997553 0.967407 -98052.4 29.9759 
9710 0.997468 0.15364 -98047.1 30.0079 
9720 0.997465 0.418715 -98045.8 30.0418 
9730 0.997506 0.73051 -98048.7 30.0713 
9740 0.997517 0.579551 -98049.7 30.0994 
9750 0.997601 -0.531071 -98057.3 30.1334 
9760 0.997606 -0.891707 -98058.2 30.1647 
9770 0.997568 -0.91118 -98057.9 30.1976 
9780 0.997646 -0.102256 -98057 30.2336 
9790 0.997599 -0.0240833 -98052.8 30.2667 
9800 0.997651 0.565779 -98057.9 30.302 
9810 0.99758 -0.175538 -98054.9 30.3327 
9820 0.997549 -0.147769 -98053.6 30.3662 
9830 0.99751 0.596017 -98055.9 30.4011 
9840 0.997542 -0.332506 -98056 30.4349 
9850 0.997545 0.990761 -98052.2 30.471 
9860 0.997523 0.445932 -98050.4 30.5026 
9870 0.997557 -0.192424 -98056.3 30.5315 
9880 0.997619 0.893281 -98063.4 30.5656 
9890 0.997519 -0.752551 -98054.5 30.5967 
9900 0.997545 0.703316 -98055.7 30.629 
9910 0.997543 -0.354189 -98055.7 30.6568 
9920 0.997596 -0.852593 -98061.2 30.6889 
9930 0.997588 0.832636 -98057.9 30.7164 
9940 0.997588 -0.524711 -98057.9 30.7472 
9950 0.997609 0.63551 -98059.5 30.7807 
9960 0.997659 -0.957798 -98066.5 30.8113 
9970 0.997615 0.717355 -98067.7 30.8462 
9980 0.997616 0.828563 -98067.8 30.8772 
9990 0.997616 -0.0595796 -98067.7 30.9079 
10000 0.997651 -0.10168 -98064.7 30.9405 
