0 1 1 -98304 0 
10 1 -0.153538 -98304 0.0288613 
20 1 -0.795152 -98304 0.0550514 
30 0.999946 0.802226 -98296.9 0.0861212 
40 0.999868 -0.394428 -98287.9 0.117607 
50 0.999868 0.688779 -98287.9 0.146263 
60 0.999868 0.51392 -98287.9 0.175167 
70 0.999869 -0.754085 -98287.9 0.19845 
80 0.999869 -0.352051 -98288 0.225338 
90 0.999869 0.501557 -98288.1 0.253979 
100 0.999736 -0.647151 -98272.5 0.285402 
110 0.999736 -0.107099 -98272.5 0.314053 
120 0.999736 0.41924 -98272.5 0.341358 
130 0.999736 0.778226 -98272.5 0.370444 
140 0.999736 -0.949499 -98272.6 0.396378 
150 0.999736 0.973733 -98272.6 0.416904 
160 0.999736 -0.318293 -98272.6 0.446689 
170 0.999736 -0.502375 -98272.6 0.475916 
180 0.999736 -0.59717 -98272.6 0.504578 
190 0.999357 -0.0396753 -98229.7 0.533852 
200 0.999357 0.120275 -98229.7 0.562673 
210 0.998821 0.495453 -98172.4 0.591098 
220 0.998821 0.429136 -98172.4 0.619894 
230 0.998808 0.338644 -98170.7 0.647226 
240 0.998808 -0.691982 -98170.7 0.673481 
250 0.998808 -0.85161 -98170.7 0.702211 
260 0.998808 0.881311 -98170.7 0.728362 
270 0.998808 0.930555 -98170.7 0.75161 
280 0.99881 -0.198078 -98170.9 0.780862 
290 0.99881 -0.259611 -98170.9 0.809666 
300 0.998809 0.980399 -98170.8 0.838407 
310 0.99881 0.96896 -98170.9 0.867266 
320 0.998803 -0.645083 -98170.4 0.893314 
330 0.998803 -0.97275 -98170.4 0.91948 
340 0.998803 0.770572 -98170.4 0.945464 
350 0.998803 0.171328 -98170.4 0.971697 
360 0.998804 0.474159 -98170 1.00253 
370 0.99898 0.0271435 -98187.1 1.03332 
380 0.99898 0.661297 -98187.1 1.05956 
390 0.99913 0.182129 -98207.7 1.09129 
400 0.999052 0.344512 -98194.7 1.12292 
410 0.999075 -0.824355 -98197.2 1.15035 
420 0.999075 0.581776 -98197.1 1.17656 
430 0.999046 0.410229 -98195.3 1.20552 
440 0.999074 -0.107211 -98199 1.23213 
450 0.998594 -0.299911 -98156.2 1.26452 
460 0.998593 0.271246 -98156.1 1.29395 
470 0.998476 -0.330713 -98149.1 1.31987 
480 0.998378 0.814397 -98138 1.35205 
490 0.998204 0.995436 -98128.7 1.38309 
500 0.9982 0.0105008 -98128.3 1.4123 
510 0.998183 -0.224076 -98127.7 1.43976 
520 0.998183 0.678338 -98127.7 1.46869 
530 0.9982 -0.867244 -98124 1.49749 
540 0.998208 0.565637 -98121.8 1.52818 
550 0.998211 -0.0821427 -98122 1.55447 
560 0.998215 0.452593 -98122.4 1.58074 
570 0.998207 -0.99048 -98121 1.60865 
580 0.998216 0.479396 -98122.1 1.63847 
590 0.998216 -0.543334 -98122.1 1.66764 
600 0.998216 -0.825275 -98122.1 1.69414 
610 0.99835 0.430772 -98132.3 1.72208 
620 0.998351 0.637203 -98132 1.75329 
630 0.99802 0.0782343 -98104.7 1.78829 
640 0.99802 0.240391 -98104.7 1.81731 
650 0.99802 0.399891 -98104.7 1.84361 
660 0.997994 0.720587 -98103.8 1.87579 
670 0.998029 0.595218 -98105.6 1.90396 
680 0.998005 -0.628603 -98104.8 1.93443 
690 0.998024 -0.685432 -98106.3 1.96377 
700 0.998021 -0.971939 -98106.7 1.99089 
710 0.998018 -0.817476 -98106.4 2.02 
720 0.997938 0.102179 -98098.8 2.04576 
730 0.997938 -0.599235 -98098.8 2.07469 
740 0.997938 0.436417 -98098.8 2.10376 
750 0.997918 -0.384524 -98097.1 2.13183 
760 0.997917 0.349495 -98097.1 2.15811 
770 0.998234 0.713569 -98126.2 2.18998 
780 0.997761 -0.111366 -98096.7 2.22079 
790 0.997604 -0.368801 -98089.1 2.25164 
800 0.99758 0.965287 -98087.5 2.2794 
810 0.99758 0.527548 -98087.5 2.30855 
820 0.997513 -0.609509 -98077.2 2.33775 
830 0.997487 -0.257508 -98074.9 2.36269 
840 0.997283 -0.881743 -98060.9 2.39451 
850 0.997283 0.584961 -98060.9 2.42359 
860 0.997254 -0.700207 -98063.3 2.45629 
870 0.997277 -0.403401 -98067 2.48429 
880 0.997211 0.648485 -98062.7 2.51523 
890 0.997133 -0.329615 -98061.3 2.54583 
900 0.997109 0.869187 -98059.6 2.57266 
910 0.997109 0.0672078 -98059.6 2.60187 
920 0.997107 -0.720596 -98057.5 2.62991 
930 0.997092 -0.986009 -98055.7 2.65812 
940 0.997091 -0.830293 -98055.6 2.68443 
950 0.997047 -0.79885 -98058.8 2.71307 
960 0.99705 0.945177 -98058.6 2.73969 
970 0.997221 -0.266758 -98066.8 2.76892 
980 0.997066 -0.575736 -98046.8 2.80266 
990 0.996987 0.764014 -98042.8 2.83731 
1000 0.996896 0.0295072 -98035.1 2.86956 
1010 0.996896 -0.712804 -98035.1 2.89028 
1020 0.996915 0.545277 -98037.2 2.91977 
1030 0.996915 0.0364439 -98037.2 2.94882 
1040 0.996906 -0.900191 -98036.3 2.97803 
1050 0.996905 -0.953758 -98036.3 3.00713 
1060 0.996906 0.133282 -98036.3 3.03618 
1070 0.996926 -0.586837 -98037.9 3.06464 
1080 0.996926 0.603758 -98037.9 3.0909 
1090 0.997095 0.835843 -98049.3 3.12547 
1100 0.997081 0.522011 -98049.5 3.15048 
1110 0.997081 -0.943421 -98049.5 3.17947 
1120 0.996965 0.420163 -98039.9 3.20838 
1130 0.997167 -0.953606 -98049.9 3.24329 
1140 0.997167 0.538715 -98049.9 3.27011 
1150 0.997255 0.934125 -98053.6 3.29898 
1160 0.997231 0.252178 -98050.6 3.32925 
1170 0.997243 -0.751037 -98057.4 3.36072 
1180 0.997243 0.919319 -98057.4 3.38972 
1190 0.997301 -0.9124 -98053.9 3.42091 
1200 0.9973 -0.0511789 -98053.9 3.44443 
1210 0.997298 0.758958 -98053.7 3.47168 
1220 0.997298 -0.148343 -98053.7 3.50066 
1230 0.997304 0.717533 -98054.2 3.53097 
1240 0.997326 -0.564249 -98055.8 3.55905 
1250 0.997451 0.45003 -98065 3.58993 
1260 0.997459 -0.28353 -98065.9 3.61976 
1270 0.997461 -0.97134 -98066.1 3.64348 
1280 0.997459 -0.727202 -98062.1 3.67395 
1290 0.997457 -0.577276 -98061.9 3.70316 
1300 0.997457 0.305488 -98061.9 3.72968 
1310 0.997405 0.613945 -98063.1 3.75717 
1320 0.997313 0.827786 -98058.1 3.78802 
1330 0.997313 0.132345 -98058.1 3.81432 
1340 0.997313 -0.745048 -98058.1 3.84348 
1350 0.997338 0.671574 -98063.3 3.87466 
1360 0.997479 0.287883 -98071.4 3.90574 
1370 0.997479 -0.552146 -98071.4 3.93475 
1380 0.997492 -0.734471 -98070.1 3.96122 
1390 0.99745 0.697912 -98067.6 3.98951 
1400 0.99745 -0.713203 -98067.6 4.01578 
1410 0.99745 0.208632 -98067.6 4.04479 
1420 0.997458 0.107793 -98068.4 4.07539 
1430 0.997458 0.981498 -98068.4 4.10186 
1440 0.997458 -0.448249 -98068.4 4.1281 
1450 0.997458 0.732671 -98068.4 4.15159 
1460 0.997483 0.525862 -98070 4.18164 
1470 0.997531 -0.789789 -98073.9 4.2099 
1480 0.99753 0.623423 -98073.9 4.23897 
1490 0.997431 -0.812209 -98066.8 4.26724 
1500 0.997449 0.450727 -98069 4.29874 
1510 0.997454 -0.462715 -98065.5 4.33026 
1520 0.997454 -0.961088 -98065.5 4.35939 
1530 0.997489 -0.151013 -98066.1 4.38996 
1540 0.997518 0.811898 -98065.1 4.42273 
1550 0.997527 0.111261 -98066.3 4.45063 
1560 0.997535 -0.28227 -98066.2 4.4769 
1570 0.997564 -0.72231 -98067.4 4.50583 
1580 0.997654 0.558968 -98077.7 4.53479 
1590 0.997669 0.291467 -98080.5 4.56459 
1600 0.997658 0.263241 -98079.2 4.59429 
1610 0.997658 -0.0427877 -98079.2 4.62327 
1620 0.997658 0.301032 -98079.5 4.6543 
1630 0.997664 0.933614 -98081.1 4.68508 
1640 0.997635 0.642678 -98077.2 4.71808 
1650 0.997597 0.187518 -98072.6 4.74856 
1660 0.997587 -0.151708 -98071.2 4.78218 
1670 0.997588 0.0337568 -98071.2 4.81162 
1680 0.997569 0.0607001 -98068.1 4.84136 
1690 0.997403 -0.0188861 -98058.4 4.87319 
1700 0.997462 0.479739 -98064 4.90118 
1710 0.997462 -0.467207 -98064 4.92742 
1720 0.997481 0.914307 -98065.6 4.95404 
1730 0.997508 0.0514686 -98060.6 4.98336 
1740 0.997517 -0.180882 -98061.7 5.00892 
1750 0.997517 0.0416618 -98061.7 5.03809 
1760 0.997611 -0.96671 -98066.8 5.06643 
1770 0.9976 -0.18999 -98063.8 5.09412 
1780 0.9976 0.00143787 -98063.8 5.12038 
1790 0.997629 -0.825757 -98066.2 5.14974 
1800 0.997628 -0.34653 -98068.2 5.18077 
1810 0.997656 0.517167 -98071.2 5.21212 
1820 0.997539 -0.619568 -98063.9 5.24332 
1830 0.997539 0.801919 -98063.9 5.27347 
1840 0.997499 -0.50342 -98061.2 5.30452 
1850 0.997502 -0.879544 -98062.3 5.33512 
1860 0.99749 -0.0293208 -98061.5 5.36576 
1870 0.997479 -0.532237 -98062.3 5.39515 
1880 0.997485 0.121436 -98061.2 5.42676 
1890 0.997467 -0.332391 -98060.2 5.45779 
1900 0.997535 -0.116839 -98063.5 5.49017 
1910 0.997541 0.230233 -98065.1 5.51769 
1920 0.997552 0.324824 -98065 5.54427 
1930 0.997594 0.302894 -98067.8 5.57494 
1940 0.997582 0.782596 -98064.8 5.60525 
1950 0.997466 0.0193174 -98050.7 5.6384 
1960 0.997371 0.701626 -98044.9 5.66394 
1970 0.997384 -0.0219351 -98046.5 5.69392 
1980 0.997509 0.484038 -98061.6 5.72706 
1990 0.997509 0.152606 -98061.6 5.75604 
2000 0.997528 -0.869854 -98063.2 5.78713 
2010 0.997541 -0.0100274 -98062.1 5.80957 
2020 0.99753 0.469682 -98061.3 5.839 
2030 0.997531 0.925062 -98061.4 5.86797 
2040 0.99753 0.944382 -98061.3 5.89695 
2050 0.997536 -0.40288 -98063.2 5.92753 
2060 0.997536 0.0582625 -98063.2 5.95652 
2070 0.997473 0.983561 -98057.9 5.98685 
2080 0.997473 0.495063 -98057.9 6.0159 
2090 0.997532 -0.301104 -98060.7 6.04676 
2100 0.997531 0.0921366 -98060.7 6.07299 
2110 0.99756 -0.144309 -98063.1 6.10238 
2120 0.997561 -0.880263 -98063.1 6.13141 
2130 0.99755 -0.152099 -98062.3 6.1614 
2140 0.997551 -0.846558 -98062.3 6.19043 
2150 0.997508 0.293971 -98058.5 6.21979 
2160 0.997508 0.300084 -98058.5 6.24888 
2170 0.99749 -0.0371515 -98060.1 6.27718 
2180 0.99749 -0.679841 -98060.1 6.30342 
2190 0.997491 -0.731298 -98060.2 6.33276 
2200 0.997488 -0.652905 -98060 6.36208 
2210 0.997485 -0.811836 -98059.7 6.39143 
2220 0.997482 -0.419906 -98059.5 6.42077 
2230 0.997502 0.606239 -98062.6 6.4488 
2240 0.997524 -0.730585 -98064.5 6.47808 
2250 0.997482 -0.690844 -98059.2 6.50901 
2260 0.997469 0.551324 -98056.9 6.53914 
2270 0.997473 -0.342633 -98057.2 6.56561 
2280 0.997515 -0.243542 -98063 6.59674 
2290 0.997521 -0.542027 -98062.4 6.62764 
2300 0.997465 -0.692397 -98058.4 6.65631 
2310 0.997465 0.608245 -98058.4 6.68533 
2320 0.99745 -0.932377 -98057.2 6.71477 
2330 0.997537 -0.385399 -98063 6.74324 
2340 0.997527 0.560597 -98062.9 6.77339 
2350 0.997459 0.831331 -98059.6 6.80456 
2360 0.9975 -0.4984 -98061.6 6.83562 
2370 0.9975 -0.0681378 -98061.6 6.86463 
2380 0.997499 -0.2029 -98061.6 6.89374 
2390 0.997496 0.549512 -98061.4 6.92291 
2400 0.997556 -0.942744 -98062.9 6.95612 
2410 0.997576 -0.824529 -98064.5 6.98595 
2420 0.997578 0.83866 -98063.3 7.01719 
2430 0.9976 -0.637913 -98064.2 7.04735 
2440 0.9976 -0.000352387 -98064.2 7.07365 
2450 0.997601 -0.00826235 -98064.3 7.10298 
2460 0.997633 -0.0308701 -98065 7.13349 
2470 0.997558 0.11672 -98053.7 7.16644 
2480 0.997587 0.0146966 -98060.8 7.19128 
2490 0.997546 0.769133 -98055.8 7.22004 
2500 0.997546 0.772113 -98055.8 7.24905 
2510 0.997586 -0.458483 -98065.7 7.28059 
2520 0.997481 -0.905605 -98055.3 7.3127 
2530 0.997485 -0.645413 -98055.7 7.3376 
2540 0.997558 -0.552411 -98057.2 7.37217 
2550 0.997511 -0.626413 -98061.8 7.3978 
2560 0.997542 -0.498511 -98064 7.42842 
2570 0.997545 -0.0438805 -98064 7.45571 
2580 0.997478 0.574689 -98060.1 7.48781 
2590 0.997507 0.785202 -98063.8 7.51764 
2600 0.997563 -0.177201 -98067.3 7.54934 
2610 0.997531 0.799014 -98063.9 7.57835 
2620 0.997515 0.181892 -98057 7.61262 
2630 0.997533 -0.987429 -98059.2 7.64305 
2640 0.997554 -0.85371 -98061.6 7.67448 
2650 0.997557 0.197489 -98061 7.70792 
2660 0.997552 -0.046092 -98060.4 7.73473 
2670 0.99768 0.0886242 -98072.6 7.76662 
2680 0.997755 0.332929 -98072.4 7.79783 
2690 0.99776 -0.505115 -98072.8 7.82741 
2700 0.997714 -0.0933651 -98067.3 7.8527 
2710 0.997699 -0.527038 -98066.4 7.8829 
2720 0.997684 0.907494 -98064.8 7.91273 
2730 0.997673 0.527112 -98063.7 7.94205 
2740 0.997674 0.531493 -98062.4 7.97359 
2750 0.997628 -0.71206 -98060.1 8.0035 
2760 0.997629 -0.740637 -98060.2 8.0272 
2770 0.997657 -0.406834 -98060.4 8.05836 
2780 0.997657 -0.172248 -98060.4 8.08751 
2790 0.997657 0.99068 -98060.4 8.11655 
2800 0.997631 0.665522 -98062 8.14722 
2810 0.997631 0.199733 -98062 8.17349 
2820 0.997631 0.0194991 -98062 8.20275 
2830 0.997585 -0.539196 -98057.1 8.23347 
2840 0.997585 0.790976 -98057.1 8.26248 
2850 0.997585 -0.565819 -98057.1 8.29145 
2860 0.997585 0.221694 -98057.1 8.32056 
2870 0.997572 -0.810366 -98059.9 8.35117 
2880 0.99752 0.389936 -98057 8.37794 
2890 0.99752 -0.767964 -98056.9 8.40419 
2900 0.997517 -0.706374 -98056.6 8.43329 
2910 0.997519 -0.805415 -98057.6 8.46626 
2920 0.997547 -0.667722 -98060.3 8.49978 
2930 0.997693 0.654045 -98072.6 8.53078 
2940 0.997693 0.567078 -98072.5 8.55702 
2950 0.997747 -0.788119 -98071.6 8.58573 
2960 0.997747 -0.479559 -98071.5 8.61476 
2970 0.997567 0.883789 -98068.2 8.64906 
2980 0.997741 -0.909137 -98066.7 8.67739 
2990 0.997741 0.88139 -98066.6 8.70637 
3000 0.997715 0.0949071 -98063.8 8.73649 
3010 0.997715 0.553284 -98063.8 8.76558 
3020 0.997675 0.0742166 -98060.1 8.79613 
3030 0.997667 -0.502325 -98060.3 8.82781 
3040 0.997666 -0.215279 -98060.3 8.85688 
3050 0.997689 0.463344 -98060.5 8.88976 
3060 0.997647 -0.0898186 -98057.1 8.91611 
3070 0.99769 0.658368 -98060.4 8.94588 
3080 0.99769 0.569692 -98060.5 8.97486 
3090 0.997648 -0.962153 -98058 9.00474 
3100 0.997652 -0.576408 -98061.4 9.0351 
3110 0.997655 -0.346755 -98061.6 9.06628 
3120 0.997671 0.116719 -98063.2 9.09617 
3130 0.997671 -0.408134 -98063.2 9.12536 
3140 0.997639 -0.945317 -98061.8 9.15166 
3150 0.997633 0.481754 -98061.7 9.18007 
3160 0.997582 0.505679 -98055 9.21385 
3170 0.997583 0.451077 -98055 9.24293 
3180 0.997625 -0.963088 -98059.3 9.27352 
3190 0.997652 0.362803 -98064.4 9.30471 
3200 0.997649 0.943389 -98064.9 9.33433 
3210 0.997618 -0.293156 -98065.9 9.363 
3220 0.997654 0.0976616 -98065.2 9.39455 
3230 0.997679 -0.728917 -98065.8 9.42388 
3240 0.997597 0.0225212 -98058.9 9.45715 
3250 0.997585 0.434593 -98057 9.48837 
3260 0.997599 -0.976757 -98057.9 9.52123 
3270 0.997529 -0.560606 -98051.1 9.5536 
3280 0.997486 -0.774101 -98054.1 9.58371 
3290 0.997521 0.359529 -98054.7 9.6142 
3300 0.997515 -0.382199 -98053.8 9.64373 
3310 0.99748 -0.352237 -98053.8 9.67467 
3320 0.997483 -0.525039 -98055.3 9.70268 
3330 0.997486 0.920892 -98055.5 9.7292 
3340 0.997484 -0.805043 -98055.3 9.75856 
3350 0.997542 0.506696 -98058 9.79474 
3360 0.997542 -0.474981 -98058 9.82107 
3370 0.997531 0.137623 -98050.4 9.84983 
3380 0.99753 -0.109099 -98050.4 9.87906 
3390 0.997558 0.870422 -98053.4 9.91061 
3400 0.997554 0.19633 -98052.4 9.93758 
3410 0.997556 -0.379369 -98052.7 9.96133 
3420 0.997553 -0.540633 -98052.2 9.99048 
3430 0.997577 -0.354704 -98055.1 10.0198 
3440 0.997592 -0.164405 -98059.6 10.0486 
3450 0.997567 0.126218 -98056.8 10.0767 
3460 0.997533 -0.0704754 -98053.5 10.104 
3470 0.997533 0.390083 -98053.5 10.1275 
3480 0.997533 -0.501408 -98053.5 10.154 
3490 0.997541 0.412057 -98052.6 10.1808 
3500 0.997579 -0.276832 -98057.1 10.2131 
3510 0.997584 0.504301 -98057.7 10.2427 
3520 0.99758 0.928468 -98057.2 10.2722 
3530 0.997616 -0.163923 -98062.9 10.3022 
3540 0.997615 -0.0885884 -98062.8 10.3313 
3550 0.997602 -0.183632 -98061.3 10.3607 
3560 0.997602 0.556391 -98061.3 10.3897 
3570 0.997539 -0.38532 -98059.7 10.4213 
3580 0.997539 -0.956021 -98059.7 10.4504 
3590 0.997539 0.894528 -98059.7 10.4794 
3600 0.997607 0.804571 -98063.8 10.5101 
3610 0.997607 0.471702 -98063.8 10.5392 
3620 0.997582 -0.861539 -98061.3 10.5689 
3630 0.997589 0.0525093 -98062.2 10.5953 
3640 0.997371 0.0648865 -98046.7 10.628 
3650 0.997419 -0.244043 -98057.8 10.657 
3660 0.997555 0.660556 -98075.6 10.6895 
3670 0.997594 0.143565 -98078 10.7159 
3680 0.997625 0.873284 -98080.1 10.7464 
3690 0.997626 -0.866786 -98080.1 10.7754 
3700 0.997638 0.735215 -98082 10.8069 
3710 0.99758 0.720318 -98076.3 10.8381 
3720 0.997688 0.338302 -98076.9 10.8687 
3730 0.997688 -0.563427 -98076.9 10.8977 
3740 0.997596 0.0691833 -98074.7 10.9229 
3750 0.997593 0.100306 -98071.2 10.9559 
3760 0.997593 0.524222 -98071.2 10.9849 
3770 0.997612 -0.691065 -98070.4 11.0161 
3780 0.99762 -0.871624 -98069.8 11.0468 
3790 0.997629 0.653095 -98070.6 11.0764 
3800 0.997629 0.318632 -98070.6 11.1027 
3810 0.997629 0.828657 -98070.6 11.1317 
3820 0.997629 0.165916 -98070.6 11.1611 
3830 0.997629 -0.906831 -98070.6 11.1874 
3840 0.997586 0.0381798 -98059.4 11.2187 
3850 0.997575 -0.0789944 -98058.5 11.2481 
3860 0.997575 0.20451 -98058.5 11.2771 
3870 0.99757 0.077595 -98059.3 11.3072 
3880 0.997618 -0.522025 -98064.2 11.338 
3890 0.997618 -0.62284 -98064.2 11.367 
3900 0.997599 0.484608 -98062.3 11.3939 
3910 0.997609 0.0360999 -98063.6 11.4237 
3920 0.997601 0.346141 -98062.9 11.4528 
3930 0.997598 0.77718 -98062.6 11.482 
3940 0.997553 0.038433 -98059 11.5141 
3950 0.997507 -0.875665 -98055.3 11.5441 
3960 0.997466 -0.340045 -98058.3 11.5754 
3970 0.997403 -0.397623 -98054.8 11.6078 
3980 0.997403 0.514222 -98054.8 11.6368 
3990 0.997438 0.0965906 -98058.5 11.6671 
4000 0.997438 -0.761234 -98058.5 11.6962 
4010 0.997438 -0.934217 -98058.5 11.7252 
4020 0.997425 -0.297841 -98054.3 11.7563 
4030 0.997443 -0.111829 -98056.1 11.7862 
4040 0.997423 -0.943465 -98054.7 11.8184 
4050 0.997422 -0.769381 -98054.7 11.8474 
4060 0.997398 0.0466598 -98051.1 11.8747 
4070 0.997398 0.194694 -98051.1 11.8982 
4080 0.997396 -0.720419 -98050.9 11.9273 
4090 0.997396 0.745344 -98050.9 11.9565 
4100 0.99746 -0.376731 -98056.2 11.9891 
4110 0.997461 -0.391019 -98056.3 12.0183 
4120 0.997461 0.776693 -98056.3 12.0473 
4130 0.997464 0.665594 -98054.5 12.0786 
4140 0.997463 -0.361993 -98054.3 12.1081 
4150 0.997488 0.521793 -98056.3 12.1345 
4160 0.997484 -0.863057 -98056 12.1674 
4170 0.997503 0.855357 -98058 12.1982 
4180 0.99754 0.936464 -98058 12.2294 
4190 0.997539 -0.776226 -98058 12.2584 
4200 0.997482 0.449334 -98051.1 12.2896 
4210 0.997503 0.973516 -98053.8 12.3167 
4220 0.997561 0.509263 -98058.9 12.3488 
4230 0.997561 0.42219 -98058.9 12.3778 
4240 0.99756 -0.924958 -98058.6 12.4094 
4250 0.99756 -0.237882 -98058.6 12.4357 
4260 0.997608 -0.117992 -98063.5 12.4643 
4270 0.997608 -0.384249 -98063.5 12.4908 
4280 0.997604 0.727797 -98062.7 12.5217 
4290 0.997615 0.0229466 -98062.2 12.5528 
4300 0.997656 0.0232374 -98067.1 12.5853 
4310 0.997641 -0.298001 -98066 12.6095 
4320 0.997614 -0.556458 -98062.1 12.6339 
4330 0.997593 0.0467517 -98062.5 12.6669 
4340 0.997603 0.182171 -98062.1 12.6941 
4350 0.997636 0.563786 -98068.2 12.7254 
4360 0.997665 0.111289 -98070.2 12.7555 
4370 0.997596 0.783612 -98067.4 12.7875 
4380 0.997589 0.195212 -98066.8 12.8166 
4390 0.997615 -0.629737 -98068 12.8496 
4400 0.99759 0.0830921 -98067 12.8778 
4410 0.99759 -0.0488666 -98067 12.9068 
4420 0.997562 -0.144439 -98064.6 12.9373 
4430 0.997578 0.108804 -98064.6 12.9681 
4440 0.997541 0.633228 -98060.6 12.9998 
4450 0.997571 -0.356404 -98064.1 13.0293 
4460 0.997597 -0.770575 -98071.1 13.0597 
4470 0.99761 -0.618044 -98070.9 13.0909 
4480 0.997523 0.316527 -98071.5 13.1213 
4490 0.997523 0.99237 -98071.5 13.1503 
4500 0.997508 -0.574686 -98070.1 13.1804 
4510 0.997565 -0.173411 -98067.5 13.211 
4520 0.997556 0.228171 -98066.8 13.2377 
4530 0.997564 0.111269 -98067.5 13.2643 
4540 0.997575 0.281053 -98068.5 13.2953 
4550 0.997577 -0.769055 -98068.6 13.3247 
4560 0.997562 -0.223978 -98067.4 13.3513 
4570 0.997562 -0.981592 -98067.3 13.3776 
4580 0.997548 -0.911716 -98065.8 13.4043 
4590 0.997547 -0.0416268 -98065.7 13.4306 
4600 0.997514 0.814443 -98063.3 13.4599 
4610 0.997559 0.31035 -98066.7 13.4931 
4620 0.997584 0.0530709 -98068.7 13.52 
4630 0.99776 0.182207 -98069.3 13.5481 
4640 0.997667 -0.72054 -98063.8 13.5786 
4650 0.997667 -0.301129 -98063.8 13.6078 
4660 0.997651 -0.437834 -98062.5 13.6359 
4670 0.997625 -0.57811 -98063.1 13.6643 
4680 0.997621 -0.302571 -98063.4 13.6942 
4690 0.997621 -0.333939 -98063.3 13.7208 
4700 0.997628 0.595127 -98071.3 13.7479 
4710 0.997654 -0.983422 -98073.6 13.7777 
4720 0.997718 0.557782 -98075.5 13.8068 
4730 0.997716 -0.862166 -98075.1 13.8361 
4740 0.99772 0.0084711 -98080.1 13.8686 
4750 0.997684 -0.927118 -98080.6 13.8997 
4760 0.997631 0.987723 -98074 13.9308 
4770 0.997656 0.596398 -98070.1 13.962 
4780 0.997656 0.018775 -98070 13.9883 
4790 0.997656 0.830969 -98070 14.0174 
4800 0.997611 0.616582 -98063.1 14.0481 
4810 0.99757 -0.397904 -98063.6 14.0819 
4820 0.997591 0.149698 -98072.5 14.1127 
4830 0.997591 -0.831916 -98072.5 14.1418 
4840 0.997587 0.567538 -98066.3 14.1751 
4850 0.997569 0.285191 -98062.8 14.2066 
4860 0.997559 -0.730438 -98060.8 14.2386 
4870 0.997562 -0.48382 -98061 14.2703 
4880 0.997562 -0.631282 -98061 14.2994 
4890 0.997645 -0.403171 -98069.4 14.3306 
4900 0.997618 0.0470925 -98067.3 14.3556 
4910 0.997618 0.16607 -98067.3 14.3848 
4920 0.997513 0.717081 -98062.1 14.4145 
4930 0.997584 0.593491 -98065.6 14.4457 
4940 0.997507 -0.925181 -98059 14.4767 
4950 0.997508 -0.655905 -98059.2 14.506 
4960 0.997475 -0.949914 -98055.3 14.536 
4970 0.997482 -0.213069 -98055.9 14.5652 
4980 0.997542 -0.131302 -98054.7 14.5963 
4990 0.99758 -0.908862 -98057.9 14.6269 
5000 0.99758 -0.706076 -98058 14.6559 
5010 0.99758 -0.435138 -98058 14.6848 
5020 0.997585 0.156479 -98058.4 14.7144 
5030 0.997473 -0.735489 -98047.8 14.7467 
5040 0.997469 0.956218 -98045.4 14.7786 
5050 0.997531 -0.437132 -98054.9 14.8115 
5060 0.997531 -0.353002 -98054.9 14.835 
5070 0.997516 0.0167129 -98055.3 14.8661 
5080 0.997579 -0.209329 -98063.6 14.896 
5090 0.997596 -0.211109 -98062.4 14.9244 
5100 0.997606 -0.226568 -98062 14.9566 
5110 0.997606 -0.133912 -98062 14.9857 
5120 0.997606 0.905939 -98062 15.0092 
5130 0.997606 -0.19528 -98062 15.0382 
5140 0.997605 -0.459365 -98062 15.0688 
5150 0.997605 -0.0868841 -98062 15.0953 
5160 0.997616 0.406912 -98066.7 15.1264 
5170 0.997638 -0.413803 -98067.7 15.154 
5180 0.997638 -0.470421 -98067.7 15.1831 
5190 0.997642 -0.544911 -98069.7 15.2134 
5200 0.997642 -0.515441 -98069.7 15.2425 
5210 0.997632 0.0860392 -98068.3 15.2724 
5220 0.997589 0.182576 -98062.5 15.3009 
5230 0.997531 -0.936801 -98058.4 15.332 
5240 0.997531 -0.104482 -98058.4 15.3611 
5250 0.997468 0.0819599 -98053.6 15.393 
5260 0.997628 0.470886 -98061.9 15.4253 
5270 0.99759 -0.527493 -98058.4 15.4562 
5280 0.997606 0.870328 -98059.8 15.4864 
5290 0.997606 0.0749549 -98059.8 15.51 
5300 0.997598 -0.159724 -98059.2 15.5394 
5310 0.997598 0.722186 -98059.2 15.5684 
5320 0.997648 -0.944639 -98065.7 15.6014 
5330 0.997587 -0.883727 -98067.2 15.6296 
5340 0.997536 0.425246 -98064.3 15.6604 
5350 0.997536 0.376041 -98064.3 15.6868 
5360 0.997514 0.902154 -98060.5 15.714 
5370 0.997514 0.647994 -98060.5 15.743 
5380 0.997589 0.132044 -98060.5 15.7745 
5390 0.997667 0.087796 -98062.2 15.8064 
5400 0.997646 -0.428132 -98060.2 15.8363 
5410 0.997626 0.444738 -98067.3 15.8683 
5420 0.997676 0.51073 -98071.8 15.8987 
5430 0.997594 -0.99446 -98072 15.9306 
5440 0.997673 -0.141513 -98072.8 15.9618 
5450 0.997725 0.851692 -98075 15.9895 
5460 0.997725 -0.577239 -98075.1 16.0186 
5470 0.997648 -0.570269 -98063.1 16.0511 
5480 0.997543 -0.383055 -98056.9 16.0825 
5490 0.997541 -0.10439 -98056.8 16.1119 
5500 0.997628 -0.557879 -98061 16.1404 
5510 0.997649 -0.379105 -98057.1 16.1677 
5520 0.997619 0.712077 -98057.1 16.1949 
5530 0.997671 0.39822 -98064.2 16.2262 
5540 0.997672 -0.688307 -98066.6 16.2548 
5550 0.997665 0.545622 -98065.6 16.2844 
5560 0.997665 0.0627884 -98065.6 16.3135 
5570 0.997655 -0.561227 -98064.6 16.3403 
5580 0.997665 -0.0547025 -98070.9 16.372 
5590 0.997665 0.317532 -98070.9 16.4011 
5600 0.997697 0.566651 -98075.1 16.4285 
5610 0.997723 -0.162683 -98078.2 16.456 
5620 0.997751 -0.295729 -98080 16.4828 
5630 0.997726 0.976783 -98077.9 16.5123 
5640 0.997643 -0.248454 -98071.4 16.5431 
5650 0.997607 0.875585 -98067.3 16.574 
5660 0.997607 -0.577322 -98067.3 16.603 
5670 0.997607 0.268895 -98067.2 16.6297 
5680 0.997607 0.6148 -98067.3 16.6588 
5690 0.997577 -0.592962 -98066.6 16.6895 
5700 0.997578 0.61939 -98066.7 16.7188 
5710 0.997597 0.432057 -98068.5 16.7495 
5720 0.997597 0.280963 -98068.5 16.7759 
5730 0.997596 -0.873351 -98068.5 16.805 
5740 0.997509 0.337495 -98065.2 16.8364 
5750 0.997509 0.94135 -98065.2 16.8655 
5760 0.997543 -0.755928 -98072.3 16.8979 
5770 0.997488 0.76879 -98071.3 16.928 
5780 0.997488 0.641771 -98071.3 16.9572 
5790 0.997477 0.940971 -98070.3 16.984 
5800 0.997508 -0.778105 -98072.8 17.0142 
5810 0.997533 -0.816738 -98074.8 17.0417 
5820 0.997486 -0.395728 -98067.3 17.0734 
5830 0.997487 -0.382209 -98067.7 17.0997 
5840 0.997477 -0.934728 -98067.3 17.1263 
5850 0.997477 0.505025 -98067.3 17.1527 
5860 0.997451 0.599772 -98065 17.1821 
5870 0.997451 -0.490651 -98065 17.2084 
5880 0.997465 0.722904 -98070.2 17.2393 
5890 0.997457 0.246982 -98069.8 17.2686 
5900 0.997455 -0.492402 -98069.3 17.3024 
5910 0.997472 -0.683671 -98071.1 17.3308 
5920 0.997429 0.585857 -98067.6 17.3581 
5930 0.997429 0.711145 -98067.6 17.3845 
5940 0.997429 -0.912987 -98067.6 17.4136 
5950 0.997477 0.9904 -98068.5 17.4452 
5960 0.997522 0.468598 -98069.6 17.47 
5970 0.997521 0.804006 -98069.6 17.4963 
5980 0.997521 0.830362 -98069.6 17.5227 
5990 0.997521 0.401275 -98069.5 17.552 
6000 0.997654 0.467541 -98078.7 17.5824 
6010 0.997655 0.974021 -98078.8 17.6114 
6020 0.997654 -0.903836 -98078.7 17.6404 
6030 0.997709 0.224468 -98085.3 17.6715 
6040 0.997725 -0.794065 -98083.3 17.7014 
6050 0.997803 0.0495876 -98090 17.7259 
6060 0.997785 -0.178264 -98088.6 17.7527 
6070 0.997824 0.19364 -98091.7 17.7832 
6080 0.997769 -0.865575 -98085.3 17.8144 
6090 0.997691 -0.491122 -98077.8 17.8458 
6100 0.997691 -0.373318 -98078.7 17.874 
6110 0.997604 0.369463 -98071.2 17.9069 
6120 0.997606 0.71576 -98071.3 17.9337 
6130 0.997602 -0.0226224 -98070.9 17.963 
6140 0.997674 -0.647295 -98075.8 17.9911 
6150 0.997675 -0.535309 -98076.6 18.0212 
6160 0.997673 0.450707 -98075.8 18.0455 
6170 0.997711 -0.357779 -98081 18.077 
6180 0.997688 0.374111 -98080.3 18.1088 
6190 0.997663 -0.588821 -98075.7 18.14 
6200 0.997646 0.440315 -98074.1 18.1709 
6210 0.997646 0.0611471 -98074.1 18.2 
6220 0.997646 -0.209793 -98074.1 18.2292 
6230 0.997646 -0.773818 -98074.1 18.2585 
6240 0.997506 -0.965416 -98061.3 18.2875 
6250 0.997506 -0.605825 -98061.3 18.3165 
6260 0.997513 -0.894428 -98064.2 18.3471 
6270 0.997513 0.234209 -98064.2 18.3761 
6280 0.99752 0.844653 -98066.1 18.4074 
6290 0.997526 -0.218121 -98066.5 18.4383 
6300 0.99754 0.571341 -98067.6 18.4672 
6310 0.997528 -0.233644 -98065.9 18.4968 
6320 0.997461 0.559931 -98061.3 18.5262 
6330 0.997448 -0.977271 -98058.6 18.5596 
6340 0.9975 0.618657 -98060.1 18.5859 
6350 0.9975 -0.244049 -98060.1 18.6121 
6360 0.9975 0.951594 -98060.1 18.6358 
6370 0.997493 0.910285 -98059.3 18.6657 
6380 0.997549 0.316066 -98065.4 18.6969 
6390 0.997549 -0.747445 -98065.3 18.7261 
6400 0.997545 0.433488 -98064.8 18.7525 
6410 0.997554 -0.523846 -98064.5 18.7852 
6420 0.997554 0.906078 -98064.5 18.8115 
6430 0.9976 0.468493 -98066.3 18.8435 
6440 0.997599 -0.192011 -98066.2 18.8698 
6450 0.997599 -0.287371 -98066.2 18.8989 
6460 0.997556 0.773039 -98060.2 18.9323 
6470 0.997556 0.515531 -98060.2 18.9558 
6480 0.997556 0.459794 -98060.4 18.9854 
6490 0.997572 -0.289605 -98053.4 19.0194 
6500 0.997528 0.723577 -98051.2 19.0467 
6510 0.997528 -0.777658 -98051.2 19.076 
6520 0.997554 0.698652 -98052.2 19.104 
6530 0.997552 0.424359 -98054 19.1345 
6540 0.997551 -0.558372 -98054 19.1635 
6550 0.997533 -0.367496 -98052.2 19.1934 
6560 0.997533 0.140111 -98052.3 19.2225 
6570 0.997529 0.835692 -98051.8 19.252 
6580 0.997526 -0.60054 -98051.5 19.2812 
6590 0.997526 -0.15514 -98051.5 19.3075 
6600 0.997526 0.988051 -98051.5 19.3337 
6610 0.997498 0.269952 -98047.9 19.3627 
6620 0.997498 0.00743647 -98047.9 19.3917 
6630 0.99748 -0.065617 -98045.3 19.4134 
6640 0.997473 -0.779489 -98044.8 19.4426 
6650 0.99743 0.19514 -98039.8 19.4731 
6660 0.99743 -0.936989 -98039.9 19.5022 
6670 0.997476 0.221891 -98044.7 19.5329 
6680 0.997446 0.329923 -98042 19.5651 
6690 0.997442 0.00790215 -98041.5 19.5944 
6700 0.997452 -0.370257 -98045 19.6261 
6710 0.9975 0.2722 -98051.1 19.6575 
6720 0.997529 0.169429 -98054.5 19.6899 
6730 0.997541 0.0110072 -98059 19.7207 
6740 0.997522 0.123206 -98055.8 19.7499 
6750 0.997522 0.065356 -98055.8 19.7762 
6760 0.997548 -0.443272 -98060.5 19.8048 
6770 0.997605 -0.569946 -98063.5 19.8329 
6780 0.997605 0.0594983 -98063.5 19.8591 
6790 0.997605 -0.489491 -98063.5 19.88 
6800 0.997577 -0.131849 -98062.1 19.9119 
6810 0.997537 0.852941 -98057.9 19.9385 
6820 0.997552 0.626308 -98058.8 19.9688 
6830 0.997551 -0.29655 -98058.8 19.9954 
6840 0.997578 -0.196219 -98061.1 20.0251 
6850 0.997577 -0.45949 -98060.7 20.0549 
6860 0.997571 -0.333116 -98060.2 20.0814 
6870 0.997582 0.746815 -98059.5 20.1151 
6880 0.997569 0.254178 -98058.2 20.1451 
6890 0.99757 0.417513 -98058.3 20.1714 
6900 0.997577 -0.630171 -98058.9 20.2005 
6910 0.997495 0.804633 -98051.8 20.2336 
6920 0.997524 -0.30159 -98055 20.2577 
6930 0.997524 0.814661 -98055 20.2867 
6940 0.997529 0.48522 -98056.2 20.3151 
6950 0.997558 0.973401 -98059 20.3427 
6960 0.997546 -0.86799 -98055.7 20.3764 
6970 0.997483 -0.972561 -98049.6 20.4088 
6980 0.997494 0.468857 -98051.1 20.4355 
6990 0.997609 -0.485195 -98064.1 20.4687 
7000 0.99757 -0.271938 -98063.7 20.4968 
7010 0.997527 0.666651 -98061 20.5278 
7020 0.997577 -0.988777 -98068 20.5593 
7030 0.997564 0.0694125 -98066.8 20.5877 
7040 0.997525 0.845215 -98066.9 20.6183 
7050 0.997525 -0.854325 -98066.9 20.6474 
7060 0.997616 0.67202 -98067.5 20.6773 
7070 0.997582 -0.93574 -98064.3 20.707 
7080 0.997495 -0.0497539 -98056 20.7383 
7090 0.997495 -0.03339 -98055.9 20.7647 
7100 0.997409 0.530737 -98050.4 20.7938 
7110 0.997392 -0.569522 -98048.8 20.8236 
7120 0.997425 -0.537443 -98052.1 20.8545 
7130 0.997425 0.864279 -98052.1 20.8836 
7140 0.997425 0.388568 -98052.1 20.9071 
7150 0.997425 0.926931 -98052.1 20.9335 
7160 0.997528 -0.902491 -98070.9 20.9666 
7170 0.997676 0.487563 -98074.2 20.996 
7180 0.997676 -0.724559 -98074.2 21.0252 
7190 0.997676 -0.737368 -98074.2 21.0516 
7200 0.997628 0.62683 -98069.6 21.0828 
7210 0.997575 -0.35563 -98063.2 21.1132 
7220 0.997575 0.253461 -98063.2 21.1424 
7230 0.997523 0.256331 -98063.3 21.171 
7240 0.997397 -0.878372 -98059.1 21.2038 
7250 0.997377 -0.60283 -98058.1 21.2365 
7260 0.997377 -0.253122 -98058.1 21.2629 
7270 0.997429 -0.0753188 -98061 21.2919 
7280 0.997429 -0.297209 -98061 21.3184 
7290 0.997472 0.825144 -98068.9 21.35 
7300 0.997389 -0.798063 -98054.2 21.379 
7310 0.997437 -0.971566 -98053.9 21.4124 
7320 0.997432 -0.262186 -98053.4 21.4424 
7330 0.997535 -0.436853 -98052.3 21.4718 
7340 0.997533 0.242126 -98055 21.5004 
7350 0.997533 -0.476745 -98055 21.5268 
7360 0.997549 -0.381835 -98057.1 21.5564 
7370 0.997557 0.169699 -98058.1 21.5828 
7380 0.997557 -0.421366 -98058.1 21.6118 
7390 0.997451 -0.592647 -98058.8 21.6375 
7400 0.997455 0.576009 -98059.2 21.6685 
7410 0.997557 -0.221375 -98054.7 21.699 
7420 0.997589 -0.442989 -98056.9 21.7258 
7430 0.997606 0.495614 -98055.7 21.7606 
7440 0.997606 0.600258 -98055.7 21.7897 
7450 0.997553 -0.134977 -98060.5 21.8178 
7460 0.997538 -0.0754654 -98058.6 21.8476 
7470 0.997538 -0.650215 -98058.6 21.874 
7480 0.997538 0.838789 -98058.6 21.903 
7490 0.997561 -0.17532 -98052.2 21.9341 
7500 0.997516 -0.98566 -98046.3 21.9643 
7510 0.997516 -0.28155 -98046.3 21.9934 
7520 0.997517 -0.976738 -98046.4 22.0201 
7530 0.997513 0.315024 -98045.6 22.0512 
7540 0.997325 -0.634021 -98049.1 22.0808 
7550 0.997325 0.853661 -98049.1 22.1071 
7560 0.997402 0.172786 -98049.1 22.1399 
7570 0.997402 0.806694 -98049.2 22.1691 
7580 0.997431 0.0168665 -98050.5 22.1996 
7590 0.997428 -0.57687 -98052 22.2321 
7600 0.997366 0.602245 -98048.6 22.2633 
7610 0.997366 -0.755706 -98048.6 22.2925 
7620 0.99739 -0.249957 -98051 22.3191 
7630 0.997439 0.238439 -98053.9 22.351 
7640 0.997436 -0.0113761 -98050.3 22.3827 
7650 0.997456 -0.282467 -98054.6 22.4143 
7660 0.997456 -0.550657 -98054.5 22.4433 
7670 0.997562 -0.314706 -98065.2 22.4746 
7680 0.997574 0.557374 -98066.5 22.5005 
7690 0.997527 -0.0761108 -98064 22.5256 
7700 0.997527 0.440406 -98064 22.5519 
7710 0.997521 0.0069368 -98058.4 22.5888 
7720 0.997496 -0.124789 -98055.2 22.6172 
7730 0.997496 -0.656554 -98055.2 22.6462 
7740 0.997495 0.441835 -98055.2 22.6698 
7750 0.997629 0.863999 -98065.6 22.6983 
7760 0.997629 -0.86926 -98065.6 22.7273 
7770 0.997627 0.786031 -98065.3 22.7571 
7780 0.997541 -0.474704 -98061 22.7885 
7790 0.997541 -0.707746 -98060.9 22.812 
7800 0.997527 0.155413 -98059.9 22.8412 
7810 0.997509 0.525218 -98059.5 22.8698 
7820 0.997507 0.130115 -98057.3 22.8971 
7830 0.997452 -0.758355 -98053 22.9283 
7840 0.997436 -0.22723 -98051.4 22.9583 
7850 0.997395 -0.416621 -98050.1 22.9885 
7860 0.997391 0.855175 -98049.7 23.0177 
7870 0.997388 0.860443 -98049.5 23.0444 
7880 0.997388 0.422174 -98049.5 23.0707 
7890 0.997425 -0.473974 -98051.1 23.0986 
7900 0.997436 0.590357 -98056.4 23.1307 
7910 0.997484 -0.509921 -98061.6 23.1616 
7920 0.997484 0.768987 -98061.6 23.1896 
7930 0.997455 -0.607853 -98059.9 23.2188 
7940 0.997455 -0.945109 -98059.9 23.2491 
7950 0.997371 0.399217 -98055.6 23.2785 
7960 0.997439 -0.135827 -98059.1 23.311 
7970 0.997434 0.216539 -98058.7 23.3347 
7980 0.997433 -0.441161 -98058.6 23.3611 
7990 0.997498 0.967231 -98060.3 23.3922 
8000 0.9974 -0.0742377 -98049 23.4239 
8010 0.997401 -0.834877 -98049.1 23.4503 
8020 0.997469 -0.275774 -98057.1 23.4826 
8030 0.997469 -0.400931 -98057.1 23.5116 
8040 0.997485 -0.90549 -98057.4 23.5447 
8050 0.99741 -0.01718 -98050.1 23.5742 
8060 0.997416 -0.909097 -98052.2 23.6049 
8070 0.997421 -0.845328 -98053.2 23.6364 
8080 0.997421 0.169557 -98053.2 23.6654 
8090 0.997453 -0.915989 -98056.6 23.6963 
8100 0.997468 -0.418233 -98055.9 23.7222 
8110 0.997468 0.945621 -98055.8 23.7513 
8120 0.997429 0.841048 -98053.3 23.7798 
8130 0.997429 0.971492 -98053.3 23.8088 
8140 0.997494 0.263159 -98059 23.8407 
8150 0.997494 0.260176 -98059 23.8697 
8160 0.997475 -0.533247 -98057.2 23.8994 
8170 0.997497 -0.212239 -98058.5 23.9236 
8180 0.997496 -0.732262 -98058.5 23.953 
8190 0.997496 0.959875 -98058.5 23.9765 
8200 0.997436 0.65381 -98050.6 24.0077 
8210 0.997436 0.138 -98050.6 24.0369 
8220 0.997441 0.806881 -98054.2 24.0655 
8230 0.997441 0.952175 -98054.2 24.0946 
8240 0.997481 -0.722787 -98057.4 24.1201 
8250 0.997486 0.963416 -98057.7 24.1464 
8260 0.997433 -0.947861 -98055.8 24.1779 
8270 0.997438 0.801604 -98057.3 24.2047 
8280 0.99745 0.844605 -98058.6 24.2329 
8290 0.99745 -0.288645 -98058.6 24.2619 
8300 0.997458 0.858793 -98062.5 24.2901 
8310 0.997504 -0.625994 -98061.6 24.3186 
8320 0.997503 -0.744073 -98061.5 24.345 
8330 0.997634 -0.679439 -98069.8 24.3766 
8340 0.997634 -0.175978 -98069.8 24.4057 
8350 0.997508 -0.444715 -98057 24.4374 
8360 0.997585 -0.642521 -98059.5 24.4684 
8370 0.997524 -0.105002 -98053.9 24.4987 
8380 0.997524 0.563684 -98053.9 24.5277 
8390 0.997524 -0.559802 -98053.9 24.5541 
8400 0.997542 -0.886136 -98053.4 24.5858 
8410 0.997586 0.237825 -98057.3 24.6154 
8420 0.997577 0.234783 -98056 24.6446 
8430 0.997571 -0.013998 -98065 24.6721 
8440 0.997529 0.970394 -98062.4 24.7025 
8450 0.997585 0.245827 -98066.7 24.7332 
8460 0.997583 -0.621809 -98066.3 24.7628 
8470 0.997584 -0.0679278 -98066.3 24.7895 
8480 0.997603 0.260999 -98061.8 24.8156 
8490 0.997597 -0.686396 -98061.2 24.8451 
8500 0.997608 -0.61502 -98062.7 24.8752 
8510 0.997608 -0.287717 -98062.6 24.9042 
8520 0.997608 -0.752989 -98062.7 24.9333 
8530 0.997616 -0.684449 -98062.9 24.9635 
8540 0.997672 -0.711707 -98066.8 24.9944 
8550 0.997671 -0.714778 -98066.5 25.0241 
8560 0.997639 0.943884 -98068.4 25.051 
8570 0.997639 -0.717864 -98068.4 25.0746 
8580 0.997596 0.438526 -98061.5 25.105 
8590 0.997621 -0.97551 -98065.2 25.1358 
8600 0.997631 0.643312 -98066.3 25.1649 
8610 0.99753 -0.0458362 -98056.2 25.1965 
8620 0.997633 0.866605 -98069.7 25.2282 
8630 0.997633 0.569981 -98069.7 25.2548 
8640 0.997633 -0.2409 -98069.7 25.281 
8650 0.997633 -0.230626 -98069.7 25.3102 
8660 0.997633 -0.142535 -98069.6 25.3366 
8670 0.997579 0.821996 -98058.4 25.3607 
8680 0.997561 0.179725 -98057.5 25.391 
8690 0.997585 -0.938944 -98058.8 25.4219 
8700 0.997585 -0.0956092 -98058.8 25.4509 
8710 0.997585 -0.818231 -98058.8 25.4802 
8720 0.997623 -0.570422 -98060.3 25.5138 
8730 0.99766 -0.0435264 -98065.9 25.5417 
8740 0.997577 0.6796 -98063.3 25.5731 
8750 0.997595 0.247121 -98064.2 25.604 
8760 0.99762 0.823763 -98066.8 25.6345 
8770 0.997556 0.343724 -98064.6 25.6669 
8780 0.997556 -0.979282 -98064.7 25.6961 
8790 0.997556 0.0787364 -98064.6 25.7253 
8800 0.997556 0.827925 -98064.7 25.7545 
8810 0.997569 -0.648344 -98061.8 25.7767 
8820 0.997569 -0.720293 -98061.8 25.8057 
8830 0.997559 -0.55282 -98060.9 25.8324 
8840 0.997521 0.0903047 -98058.2 25.8596 
8850 0.997521 -0.646767 -98058.2 25.8887 
8860 0.997521 0.419199 -98058.2 25.9122 
8870 0.997562 -0.457892 -98059.6 25.9435 
8880 0.997693 0.56433 -98069.7 25.9713 
8890 0.997684 0.317268 -98069.9 25.9991 
8900 0.997669 0.341821 -98069.7 26.0304 
8910 0.997669 0.474825 -98069.7 26.0596 
8920 0.997669 0.797144 -98069.7 26.0886 
8930 0.997667 0.960479 -98070.3 26.1189 
8940 0.99763 0.104422 -98072.2 26.1511 
8950 0.99763 -0.755838 -98072.2 26.1801 
8960 0.997674 0.555112 -98073.7 26.209 
8970 0.997653 -0.563084 -98069.8 26.2401 
8980 0.997556 0.481192 -98055.9 26.2703 
8990 0.997554 0.449306 -98055.8 26.2999 
9000 0.997643 -0.797802 -98063.1 26.3314 
9010 0.997644 0.62931 -98060.8 26.3638 
9020 0.99766 0.439358 -98063.8 26.3942 
9030 0.99766 -0.968776 -98063.8 26.4233 
9040 0.997755 -0.173605 -98072.9 26.4559 
9050 0.997737 -0.412024 -98071.1 26.4831 
9060 0.997738 0.298989 -98071.1 26.5121 
9070 0.997752 -0.133733 -98074.9 26.5404 
9080 0.997686 -0.521124 -98074.8 26.5729 
9090 0.997686 0.420572 -98074.8 26.5996 
9100 0.997686 0.666261 -98074.8 26.6286 
9110 0.997678 -0.201886 -98068.1 26.6619 
9120 0.997664 0.781086 -98067.4 26.6914 
9130 0.997574 0.334169 -98062.4 26.7246 
9140 0.997574 0.630345 -98062.4 26.751 
9150 0.997645 0.670517 -98072.9 26.7817 
9160 0.997645 -0.909574 -98072.9 26.8108 
9170 0.99773 -0.681962 -98078.5 26.8414 
9180 0.997718 0.591821 -98077.2 26.871 
9190 0.997838 -0.466016 -98082.7 26.9023 
9200 0.997838 0.952644 -98082.7 26.9313 
9210 0.997842 -0.451498 -98083.2 26.9616 
9220 0.997598 0.231875 -98072.7 26.9922 
9230 0.997526 0.888052 -98069.3 27.0193 
9240 0.997502 -0.0175656 -98066.9 27.0461 
9250 0.997442 -0.52771 -98066.6 27.0775 
9260 0.997443 -0.827579 -98065.4 27.1084 
9270 0.99743 -0.740949 -98064.6 27.1389 
9280 0.997392 -0.0357356 -98065.3 27.171 
9290 0.997386 0.854458 -98065 27.1979 
9300 0.997454 0.40675 -98066 27.2288 
9310 0.997461 0.353624 -98066.7 27.2553 
9320 0.99749 -0.00409484 -98068.3 27.2853 
9330 0.997568 0.592281 -98072.2 27.316 
9340 0.997568 -0.184424 -98072.3 27.3451 
9350 0.997568 -0.337179 -98072.3 27.3743 
9360 0.997568 -0.00397835 -98072.3 27.4006 
9370 0.997485 -0.027443 -98065.4 27.4332 
9380 0.997416 -0.610481 -98059 27.4632 
9390 0.997461 -0.907266 -98060.9 27.4906 
9400 0.997421 -0.816263 -98059.5 27.5189 
9410 0.997447 -0.810819 -98056.2 27.547 
9420 0.997481 0.0139104 -98059.4 27.5732 
9430 0.997587 -0.348262 -98066.4 27.6044 
9440 0.997644 -0.307242 -98071 27.6352 
9450 0.997644 -0.14681 -98071 27.6643 
9460 0.997631 0.90349 -98072.2 27.6923 
9470 0.997631 0.365152 -98072.2 27.7215 
9480 0.99763 0.629172 -98071.9 27.7508 
9490 0.997555 0.296257 -98067.9 27.779 
9500 0.997555 -0.979812 -98067.9 27.8081 
9510 0.997575 0.704495 -98069.3 27.8381 
9520 0.997548 -0.743482 -98066 27.8645 
9530 0.997546 0.72265 -98067.2 27.9005 
9540 0.997476 -0.935111 -98065.1 27.9336 
9550 0.99746 -0.979674 -98064 27.9631 
9560 0.99746 -0.715095 -98064 27.9894 
9570 0.997313 -0.580209 -98052.9 28.0182 
9580 0.997313 -0.643923 -98052.9 28.0473 
9590 0.997293 0.762539 -98051.9 28.0766 
9600 0.997403 0.735164 -98061.2 28.1072 
9610 0.997403 -0.103835 -98061.2 28.1335 
9620 0.997419 0.591323 -98059.4 28.1655 
9630 0.997416 0.179227 -98052.1 28.1978 
9640 0.997436 -0.716956 -98050.7 28.2291 
9650 0.997365 -0.786562 -98064.2 28.2587 
9660 0.99735 0.104957 -98063.8 28.2887 
9670 0.997414 -0.578808 -98067.6 28.3191 
9680 0.997422 0.931382 -98066.5 28.3501 
9690 0.997371 0.291037 -98062.8 28.3815 
9700 0.997371 0.49611 -98062.8 28.4078 
9710 0.997397 -0.372904 -98067.3 28.4387 
9720 0.997398 0.925167 -98070.7 28.4694 
9730 0.997376 -0.59017 -98069.7 28.5006 
9740 0.997442 -0.730209 -98077.8 28.5328 
9750 0.997435 -0.541875 -98076.9 28.5621 
9760 0.997437 -0.9828 -98077 28.5859 
9770 0.997451 -0.737027 -98076.7 28.6171 
9780 0.997451 -0.241482 -98076.7 28.6462 
9790 0.997447 0.742898 -98074.3 28.6773 
9800 0.997447 -0.934473 -98074.2 28.7037 
9810 0.997488 -0.825776 -98078 28.7334 
9820 0.997507 -0.145411 -98078.3 28.7634 
9830 0.997492 -0.459901 -98077.4 28.7925 
9840 0.997525 0.167751 -98081.5 28.8233 
9850 0.997514 -0.422314 -98078.8 28.8531 
9860 0.997514 -0.93009 -98078.9 28.8794 
9870 0.997514 -0.826679 -98078.8 28.9057 
9880 0.997514 -0.202433 -98078.8 28.9347 
9890 0.997521 -0.987534 -98076.5 28.9655 
9900 0.997504 0.227782 -98075.4 28.9954 
9910 0.997504 -0.667348 -98075.4 29.0246 
9920 0.997492 0.0615208 -98073.3 29.0519 
9930 0.997566 0.385882 -98075.8 29.0834 
9940 0.997611 0.420339 -98073.4 29.1089 
9950 0.997611 0.83336 -98073.4 29.1353 
9960 0.997611 0.777647 -98073.4 29.1643 
9970 0.997678 0.0331942 -98073.1 29.1938 
9980 0.99767 -0.955572 -98072.5 29.2239 
9990 0.99767 0.603393 -98072.5 29.2502 
10000 0.997662 -0.989733 -98071.8 29.2767 
