0 1 1 -98304 0 
10 1 -0.514663 -98304 0.0327939 
20 1 -0.641317 -98304.1 0.060644 
30 1 0.241893 -98304.1 0.0911121 
40 0.999815 -0.464171 -98281.7 0.124546 
50 0.998961 -0.115596 -98247.3 0.153324 
60 0.998998 -0.037504 -98249.5 0.180945 
70 0.998998 0.949874 -98249.5 0.211411 
80 0.998933 0.846096 -98242.7 0.244143 
90 0.99824 -0.712944 -98191.4 0.273099 
100 0.99824 0.901821 -98191.4 0.303663 
110 0.99824 0.146186 -98191.4 0.334807 
120 0.99824 0.23719 -98191.4 0.365401 
130 0.997988 0.742121 -98169.8 0.395037 
140 0.997988 0.0633759 -98169.9 0.422849 
150 0.997957 -0.525281 -98167.5 0.456062 
160 0.997948 -0.936346 -98166.8 0.487371 
170 0.998044 -0.4468 -98171.1 0.520387 
180 0.998397 -0.185577 -98194.2 0.554262 
190 0.998295 0.158717 -98192.1 0.587381 
200 0.998295 0.686687 -98192.2 0.616136 
210 0.998286 0.725977 -98191.6 0.646807 
220 0.998295 -0.297916 -98192.1 0.678796 
230 0.998343 -0.533432 -98194.6 0.710869 
240 0.998356 0.755899 -98195.9 0.738852 
250 0.998356 -0.91602 -98195.9 0.769766 
260 0.997798 0.21342 -98145.7 0.803036 
270 0.997809 0.831119 -98146.9 0.834554 
280 0.997776 0.887323 -98140.1 0.867899 
290 0.99707 -0.658381 -98105.5 0.900847 
300 0.997893 0.0933945 -98121.5 0.930108 
310 0.997894 -0.29191 -98121.5 0.958486 
320 0.997907 0.15502 -98123.1 0.987743 
330 0.997899 0.787984 -98122 1.01988 
340 0.997834 -0.945077 -98119.8 1.05136 
350 0.997834 -0.167569 -98119.8 1.07949 
360 0.997457 -0.920463 -98092.9 1.11189 
370 0.997457 -0.771151 -98092.9 1.14256 
380 0.997415 0.680324 -98090.7 1.17377 
390 0.997131 -0.990239 -98070.5 1.20871 
400 0.997131 0.69398 -98070.5 1.23971 
410 0.997131 0.463402 -98070.5 1.27034 
420 0.997125 0.586032 -98070.4 1.30219 
430 0.997213 -0.0555987 -98073.1 1.33528 
440 0.997081 0.268481 -98065 1.36939 
450 0.997081 -0.97081 -98065 1.39768 
460 0.997466 -0.955048 -98082.9 1.43042 
470 0.997521 -0.838544 -98086.4 1.4597 
480 0.997521 0.633051 -98086.4 1.4877 
490 0.997521 -0.302711 -98086.4 1.51599 
500 0.997421 0.660734 -98072.7 1.5464 
510 0.99751 0.636861 -98079.2 1.57932 
520 0.997506 -0.496272 -98078.8 1.60752 
530 0.997484 -0.794047 -98077.7 1.63913 
540 0.99737 0.229153 -98067.6 1.67334 
550 0.997376 0.396595 -98070.3 1.70575 
560 0.997421 0.452118 -98074.3 1.73574 
570 0.997421 0.991685 -98074.3 1.76428 
580 0.997421 0.0857685 -98074.3 1.79512 
590 0.997421 -0.265587 -98074.3 1.82582 
600 0.997309 -0.396695 -98059.8 1.86003 
610 0.997336 0.103582 -98062.1 1.89191 
620 0.997336 -0.192947 -98062.1 1.91964 
630 0.997336 0.783751 -98062.1 1.94742 
640 0.99725 0.240756 -98056.7 1.98464 
650 0.997202 0.618343 -98057.4 2.01643 
660 0.997204 -0.986905 -98058 2.04868 
670 0.997206 0.193622 -98058 2.07473 
680 0.997204 0.633524 -98043.3 2.105 
690 0.997326 -0.958302 -98050 2.13675 
700 0.997326 -0.34097 -98050 2.16304 
710 0.997312 -0.879996 -98048.4 2.19528 
720 0.997396 0.818852 -98053.1 2.22608 
730 0.99732 -0.749909 -98049.2 2.25783 
740 0.997329 -0.460243 -98049.9 2.28895 
750 0.997281 0.271771 -98048.3 2.31841 
760 0.997281 0.989715 -98048.3 2.34607 
770 0.997303 0.884782 -98050 2.37597 
780 0.997352 0.495882 -98052.9 2.40502 
790 0.997373 0.827476 -98057.9 2.4392 
800 0.997373 0.900113 -98057.9 2.47068 
810 0.99757 0.649692 -98070.1 2.50131 
820 0.997544 0.907116 -98064.4 2.53432 
830 0.997544 -0.671081 -98064.4 2.56284 
840 0.997683 0.329635 -98070.7 2.59572 
850 0.997632 -0.922019 -98066.4 2.62503 
860 0.997626 0.769324 -98066 2.6569 
870 0.997625 0.553435 -98066.2 2.68778 
880 0.997623 0.746977 -98066 2.71882 
890 0.997623 0.63776 -98066 2.74674 
900 0.997606 -0.461831 -98063 2.78041 
910 0.997605 0.99275 -98063 2.81218 
920 0.997606 0.320769 -98063 2.84382 
930 0.997605 -0.595382 -98063 2.87166 
940 0.9976 -0.578322 -98062.4 2.90297 
950 0.997563 -0.476124 -98059.4 2.93209 
960 0.997628 -0.649986 -98065 2.96577 
970 0.997628 -0.10472 -98065 2.99631 
980 0.997615 -0.756845 -98064.3 3.02845 
990 0.997758 -0.24161 -98079.4 3.06426 
1000 0.997738 -0.123119 -98074.2 3.0956 
1010 0.997736 0.548541 -98074 3.1208 
1020 0.99771 -0.0350526 -98072.3 3.15147 
1030 0.99771 0.824664 -98072.3 3.18231 
1040 0.997692 0.465444 -98069.5 3.21549 
1050 0.997712 0.568359 -98070.5 3.24401 
1060 0.997591 0.930065 -98063.1 3.2779 
1070 0.997497 0.60157 -98057.1 3.30338 
1080 0.997497 -0.119481 -98057.1 3.33478 
1090 0.99751 -0.552882 -98064.1 3.36473 
1100 0.99751 0.964223 -98064.1 3.39565 
1110 0.997567 -0.711101 -98065.5 3.42893 
1120 0.997568 -0.233246 -98065.6 3.45976 
1130 0.997568 -0.212935 -98065.6 3.4908 
1140 0.997508 -0.897494 -98058.2 3.52659 
1150 0.99755 -0.838631 -98062.8 3.56136 
1160 0.997511 -0.663189 -98059.1 3.58653 
1170 0.99751 0.527748 -98059 3.61246 
1180 0.997526 -0.450937 -98060.6 3.64332 
1190 0.997524 0.716639 -98060.4 3.67448 
1200 0.997519 0.259152 -98059.8 3.70307 
1210 0.997579 0.320336 -98066.8 3.73965 
1220 0.997639 0.713696 -98073.3 3.77267 
1230 0.99764 0.425946 -98073.3 3.80061 
1240 0.997592 0.56404 -98072.6 3.83048 
1250 0.997604 -0.806434 -98073.6 3.86239 
1260 0.997547 -0.878252 -98069.7 3.8951 
1270 0.997585 0.54701 -98071.1 3.92803 
1280 0.997673 -0.761067 -98065 3.96587 
1290 0.997673 -0.215006 -98065 3.99367 
1300 0.997635 0.934123 -98073 4.0238 
1310 0.997656 0.941799 -98075.4 4.05691 
1320 0.997656 0.585288 -98075.4 4.08783 
1330 0.997616 -0.577037 -98071.9 4.12161 
1340 0.997705 -0.655787 -98078.5 4.1564 
1350 0.997706 0.137015 -98078.6 4.18475 
1360 0.997666 0.696357 -98074.9 4.21707 
1370 0.997669 0.244018 -98075.2 4.24954 
1380 0.997687 0.866734 -98075.3 4.2794 
1390 0.99765 -0.878782 -98071.9 4.30505 
1400 0.99765 0.663083 -98065.3 4.33486 
1410 0.997686 -0.298909 -98069.6 4.36776 
1420 0.997695 -0.685628 -98070.3 4.39672 
1430 0.997733 0.389336 -98074.5 4.4231 
1440 0.997733 0.467238 -98074.5 4.45127 
1450 0.997736 0.803446 -98074.7 4.48323 
1460 0.997736 -0.537686 -98074.7 4.51257 
1470 0.997743 -0.631001 -98075.4 4.54484 
1480 0.997752 0.107836 -98076.3 4.57905 
1490 0.997719 0.595484 -98076 4.61246 
1500 0.997629 0.328407 -98075.5 4.64692 
1510 0.997629 -0.33315 -98075.5 4.67804 
1520 0.997758 0.302215 -98077.1 4.71059 
1530 0.99764 0.0752288 -98072.5 4.74712 
1540 0.997657 -0.893702 -98072.6 4.7817 
1550 0.997658 0.195457 -98072.7 4.81256 
1560 0.99769 0.17748 -98075.6 4.84534 
1570 0.997655 0.55239 -98072.5 4.87841 
1580 0.997677 0.922581 -98074.6 4.9098 
1590 0.997657 -0.118417 -98073.5 4.94107 
1600 0.99762 -0.592599 -98070.5 4.97098 
1610 0.997727 -0.277951 -98083.1 5.00276 
1620 0.997672 -0.261411 -98086.9 5.03811 
1630 0.997767 -0.486797 -98083 5.07107 
1640 0.997725 -0.278112 -98086.2 5.10609 
1650 0.997709 -0.126861 -98085.7 5.13466 
1660 0.997709 0.578373 -98085.5 5.1688 
1670 0.997709 0.973387 -98085.5 5.19965 
1680 0.997709 -0.90677 -98085.5 5.23023 
1690 0.997728 0.626977 -98087.8 5.2618 
1700 0.997721 -0.0775375 -98086.8 5.29442 
1710 0.99767 0.851229 -98089.3 5.32859 
1720 0.997645 -0.0813055 -98085.7 5.36157 
1730 0.997676 0.559527 -98085.1 5.39345 
1740 0.997676 -0.383327 -98085.2 5.42418 
1750 0.997668 0.196016 -98084.5 5.45534 
1760 0.997674 0.963536 -98088.2 5.48827 
1770 0.997679 0.747032 -98076.5 5.52056 
1780 0.99772 0.0219139 -98077.5 5.54943 
1790 0.997691 -0.526925 -98076.9 5.58368 
1800 0.997687 0.388099 -98076.6 5.6169 
1810 0.99768 -0.955355 -98075.7 5.64887 
1820 0.99768 0.308378 -98075.7 5.68006 
1830 0.997658 0.128721 -98073.2 5.71304 
1840 0.997689 0.372647 -98075.3 5.74343 
1850 0.997619 0.926946 -98077.8 5.77805 
1860 0.997624 -0.809486 -98078.3 5.80996 
1870 0.997623 -0.961731 -98078.2 5.83834 
1880 0.997617 0.475693 -98078 5.87168 
1890 0.997617 0.412947 -98078 5.90219 
1900 0.997562 -0.708778 -98068.6 5.93665 
1910 0.997562 0.790378 -98072.7 5.96507 
1920 0.997435 0.220545 -98073.3 5.99661 
1930 0.997435 0.691971 -98073.3 6.02765 
1940 0.997435 -0.71441 -98073.3 6.0587 
1950 0.997435 -0.271782 -98073.3 6.08943 
1960 0.997416 -0.396082 -98070.2 6.12242 
1970 0.997416 0.880586 -98070.2 6.15333 
1980 0.997396 0.0361736 -98068.2 6.18587 
1990 0.997396 0.834531 -98068.2 6.21398 
2000 0.997375 -0.827231 -98063.4 6.25089 
2010 0.997471 -0.654412 -98069.7 6.28303 
2020 0.997476 -0.552549 -98070.3 6.31147 
2030 0.997484 0.692399 -98070.6 6.34354 
2040 0.997462 -0.435296 -98068.9 6.37579 
2050 0.997524 -0.952591 -98071.7 6.40878 
2060 0.997524 0.147066 -98071.7 6.43672 
2070 0.997524 0.540464 -98071.7 6.46769 
2080 0.99753 -0.673163 -98072.2 6.49881 
2090 0.997526 0.203415 -98072.1 6.52737 
2100 0.997529 -0.405839 -98073.1 6.55507 
2110 0.997522 -0.705008 -98072.5 6.58669 
2120 0.997556 0.988987 -98075.4 6.61557 
2130 0.997556 0.732392 -98075.4 6.64681 
2140 0.997559 -0.867072 -98075.8 6.6779 
2150 0.997561 -0.158947 -98075.2 6.71094 
2160 0.997562 -0.802771 -98075 6.74378 
2170 0.997553 -0.065713 -98075.6 6.77124 
2180 0.997536 0.187465 -98074.9 6.80594 
2190 0.997451 -0.780395 -98067.9 6.83313 
2200 0.997437 0.408005 -98062.8 6.86764 
2210 0.997404 0.949549 -98058.9 6.90069 
2220 0.997404 -0.909374 -98058.9 6.93174 
2230 0.997546 -0.121775 -98063 6.96646 
2240 0.997534 0.712449 -98065.4 7.00101 
2250 0.997534 -0.735391 -98065.1 7.02992 
2260 0.997537 -0.491527 -98065.3 7.06146 
2270 0.997537 -0.108829 -98065.3 7.08935 
2280 0.997583 -0.229125 -98069.6 7.11842 
2290 0.997584 0.554945 -98069.7 7.14379 
2300 0.99755 -0.85656 -98068.1 7.17607 
2310 0.997463 0.00649518 -98062.5 7.20915 
2320 0.99736 0.959449 -98057.6 7.24244 
2330 0.99736 0.700934 -98057.6 7.27345 
2340 0.997349 -0.471185 -98052.5 7.30859 
2350 0.997349 0.0302078 -98052.5 7.33643 
2360 0.997426 -0.00869553 -98059.1 7.37141 
2370 0.997455 0.724751 -98062.2 7.40108 
2380 0.997406 -0.3222 -98056.6 7.42992 
2390 0.997275 0.587058 -98049.5 7.46282 
2400 0.997362 -0.963079 -98058.7 7.49669 
2410 0.99751 0.144251 -98067.3 7.52352 
2420 0.997543 -0.302867 -98068.1 7.55648 
2430 0.997535 -0.088956 -98067.5 7.58845 
2440 0.997511 -0.50086 -98065.3 7.62341 
2450 0.997563 0.425306 -98068.2 7.65706 
2460 0.997563 -0.275589 -98068.2 7.68875 
2470 0.997516 0.0671795 -98063.2 7.71838 
2480 0.997526 -0.698837 -98067.8 7.74878 
2490 0.997475 0.966423 -98058.6 7.7801 
2500 0.997475 -0.0767067 -98058.5 7.81068 
2510 0.997559 0.768501 -98062.3 7.84646 
2520 0.997514 0.604672 -98060.1 7.8792 
2530 0.997557 0.552898 -98061.9 7.90974 
2540 0.997557 0.28029 -98061.9 7.93827 
2550 0.997557 -0.189704 -98062.5 7.96939 
2560 0.997557 -0.9079 -98062.5 8.00075 
2570 0.997561 0.988009 -98062.9 8.0295 
2580 0.997519 0.439004 -98058.2 8.06121 
2590 0.997558 0.86652 -98063.8 8.09426 
2600 0.997558 0.0812752 -98063.9 8.12483 
2610 0.997634 0.375216 -98073.8 8.15832 
2620 0.99764 0.887237 -98074 8.18615 
2630 0.997608 -0.359702 -98066 8.21914 
2640 0.997608 0.908147 -98066.1 8.25031 
2650 0.997586 -0.136543 -98062.2 8.27998 
2660 0.997586 0.970346 -98062.2 8.3051 
2670 0.997586 -0.560194 -98062.2 8.33639 
2680 0.997587 -0.431756 -98062.5 8.36501 
2690 0.997569 0.909562 -98060.7 8.39196 
2700 0.997552 0.494413 -98058.4 8.4242 
2710 0.997552 0.438683 -98058.4 8.45561 
2720 0.997547 -0.984533 -98058.3 8.48477 
2730 0.99765 0.321216 -98066.6 8.51947 
2740 0.997604 -0.277391 -98062.5 8.55304 
2750 0.997604 -0.81441 -98062.5 8.58091 
2760 0.997474 -0.512014 -98049.3 8.61283 
2770 0.997639 -0.301895 -98066.9 8.65028 
2780 0.997645 0.342198 -98067.2 8.6792 
2790 0.997517 0.420812 -98058.5 8.71256 
2800 0.997475 0.55602 -98057.2 8.74086 
2810 0.997452 0.739607 -98055 8.77296 
2820 0.997509 -0.202584 -98058.8 8.80492 
2830 0.997557 0.765646 -98061.6 8.83986 
2840 0.997621 -0.139419 -98070.2 8.8694 
2850 0.997621 0.771596 -98070.2 8.9001 
2860 0.997576 -0.11931 -98065.1 8.93525 
2870 0.997678 0.673821 -98070.7 8.96511 
2880 0.997679 0.578119 -98070.8 8.9963 
2890 0.997551 0.46936 -98058.3 9.02554 
2900 0.997558 0.752948 -98058.9 9.05117 
2910 0.997633 0.916118 -98064.9 9.08212 
2920 0.997633 -0.0438171 -98064.9 9.11044 
2930 0.997638 0.393602 -98067.9 9.14165 
2940 0.997578 0.0540563 -98065.1 9.17127 
2950 0.997583 -0.163017 -98065.2 9.20035 
2960 0.99759 0.590992 -98063.6 9.23059 
2970 0.997615 0.597666 -98071.2 9.26354 
2980 0.997611 -0.418525 -98068 9.2956 
2990 0.997627 -0.838921 -98069 9.32751 
3000 0.99763 0.253617 -98070.5 9.36165 
3010 0.997619 0.191109 -98066.8 9.39192 
3020 0.997636 0.864896 -98070.5 9.42459 
3030 0.997524 0.804445 -98058.5 9.45866 
3040 0.997561 0.6612 -98060.1 9.49568 
3050 0.997526 0.960849 -98058 9.53018 
3060 0.997563 0.514301 -98061.9 9.56345 
3070 0.997561 -0.607529 -98061.3 9.59233 
3080 0.997593 -0.560649 -98067 9.62238 
3090 0.997651 -0.710717 -98069.7 9.65546 
3100 0.997647 0.0304281 -98069.4 9.68724 
3110 0.997724 0.262262 -98077.9 9.72131 
3120 0.99768 0.951431 -98073.1 9.75225 
3130 0.99768 0.890642 -98073.1 9.78093 
3140 0.99768 -0.716738 -98073 9.81264 
3150 0.997708 -0.393562 -98074.3 9.84455 
3160 0.997708 0.616847 -98074.3 9.87577 
3170 0.99757 -0.0351775 -98064.8 9.90891 
3180 0.99756 0.98503 -98066.4 9.94274 
3190 0.997554 0.889772 -98065.4 9.97433 
3200 0.997554 0.14388 -98065.4 10.0055 
3210 0.997543 -0.680609 -98064.1 10.0252 
3220 0.997543 -0.946209 -98064.1 10.0568 
3230 0.997543 -0.930651 -98064.1 10.0877 
3240 0.997592 0.664491 -98066.9 10.1159 
3250 0.997567 -0.640306 -98064.7 10.1485 
3260 0.997532 -0.235667 -98063.3 10.181 
3270 0.997501 0.753144 -98058.4 10.2161 
3280 0.997494 0.717645 -98057.7 10.2385 
3290 0.997492 0.795084 -98062.7 10.272 
3300 0.997418 -0.990521 -98054.9 10.3042 
3310 0.997418 0.895217 -98054.9 10.335 
3320 0.997502 -0.452447 -98062.2 10.3687 
3330 0.997473 -0.788425 -98059 10.4015 
3340 0.99753 -0.0254679 -98062.2 10.426 
3350 0.997441 0.537386 -98055 10.4564 
3360 0.997442 -0.0421104 -98055.2 10.4873 
3370 0.997443 -0.609577 -98053.5 10.5181 
3380 0.997443 0.644799 -98053.6 10.5494 
3390 0.997438 0.437215 -98052.6 10.5821 
3400 0.997423 -0.281507 -98048.9 10.6153 
3410 0.997425 -0.995688 -98046.2 10.6466 
3420 0.997425 -0.143361 -98046.2 10.6719 
3430 0.997433 0.119242 -98045.1 10.7043 
3440 0.997433 0.636278 -98045.1 10.7349 
3450 0.997431 0.258981 -98044.9 10.7666 
3460 0.997534 0.473334 -98053.2 10.7929 
3470 0.997543 -0.788745 -98054.1 10.8228 
3480 0.997543 -0.696562 -98054.1 10.8541 
3490 0.997525 0.473249 -98052.6 10.8865 
3500 0.997525 0.136981 -98052.6 10.9173 
3510 0.997525 0.796974 -98052.6 10.9425 
3520 0.997525 0.464768 -98052.6 10.9732 
3530 0.997402 -0.396141 -98042.3 11.0062 
3540 0.997402 0.778372 -98042.3 11.0374 
3550 0.997391 0.274723 -98043.3 11.067 
3560 0.997373 0.736793 -98042.3 11.0973 
3570 0.997347 -0.355934 -98039.4 11.1259 
3580 0.99732 0.313814 -98035.6 11.1572 
3590 0.997284 -0.412139 -98030.3 11.1881 
3600 0.997244 -0.828121 -98039.3 11.218 
3610 0.997362 0.0234615 -98048.1 11.2515 
3620 0.997364 0.512872 -98048.3 11.2797 
3630 0.997369 -0.179842 -98051.3 11.3095 
3640 0.997369 -0.227755 -98051.4 11.3375 
3650 0.997378 0.764591 -98052.1 11.3661 
3660 0.997354 -0.546051 -98050.5 11.3955 
3670 0.997312 0.263903 -98047.2 11.4282 
3680 0.997312 0.740245 -98047.2 11.4567 
3690 0.997316 -0.116884 -98047.5 11.4856 
3700 0.997316 0.586803 -98047.4 11.5112 
3710 0.997321 -0.939883 -98047.8 11.5425 
3720 0.997321 -0.0720427 -98047.8 11.5715 
3730 0.997548 -0.283143 -98065.1 11.609 
3740 0.997548 0.225913 -98065.1 11.6409 
3750 0.997635 0.854093 -98074.4 11.6735 
3760 0.997622 -0.157952 -98072.6 11.7076 
3770 0.997659 0.0134097 -98077.4 11.7409 
3780 0.997593 0.753097 -98070 11.7707 
3790 0.997593 0.794424 -98070 11.8014 
3800 0.997585 0.843803 -98072.2 11.8326 
3810 0.997585 -0.288337 -98072.2 11.8608 
3820 0.997629 0.0861619 -98075.1 11.8963 
3830 0.997616 0.0882527 -98066.7 11.9327 
3840 0.997617 -0.248673 -98066.7 11.9636 
3850 0.9976 -0.475154 -98064.9 11.9955 
3860 0.997692 -0.218479 -98074.5 12.0312 
3870 0.997698 -0.994214 -98075.2 12.0629 
3880 0.997697 -0.565959 -98075.2 12.0918 
3890 0.997672 0.798425 -98073 12.1243 
3900 0.99767 0.456928 -98072.6 12.1569 
3910 0.997613 0.11567 -98068.7 12.189 
3920 0.997431 0.397348 -98060.4 12.2233 
3930 0.997458 0.217177 -98064 12.2558 
3940 0.997568 0.121591 -98068.6 12.2902 
3950 0.997568 -0.517019 -98068.6 12.3154 
3960 0.997572 -0.667845 -98069.6 12.348 
3970 0.997565 0.582931 -98069 12.379 
3980 0.997607 -0.908065 -98073.6 12.411 
3990 0.997563 0.948805 -98069.2 12.4439 
4000 0.997563 0.750044 -98069.2 12.4725 
4010 0.997576 0.840595 -98070 12.504 
4020 0.997427 0.890803 -98064.3 12.5378 
4030 0.997346 0.191828 -98060 12.5726 
4040 0.997346 0.413086 -98060 12.6035 
4050 0.997474 -0.722137 -98067.7 12.6377 
4060 0.997481 -0.223112 -98068.4 12.6665 
4070 0.997516 -0.716218 -98075.1 12.7015 
4080 0.997516 -0.787167 -98075.1 12.7321 
4090 0.997569 0.700172 -98078.4 12.7624 
4100 0.997633 -0.744755 -98086.1 12.799 
4110 0.99759 -0.371756 -98081.9 12.8322 
4120 0.99759 -0.730571 -98081.9 12.8631 
4130 0.99759 -0.95749 -98081.9 12.8914 
4140 0.997586 0.0524926 -98081.6 12.9229 
4150 0.997592 0.777438 -98082.1 12.9547 
4160 0.997577 -0.0909532 -98080.8 12.9869 
4170 0.997605 -0.927351 -98083.1 13.0203 
4180 0.997605 -0.910677 -98083.1 13.0514 
4190 0.997543 -0.972459 -98075.2 13.0867 
4200 0.997553 0.85595 -98077.8 13.116 
4210 0.997653 -0.093182 -98085.3 13.1488 
4220 0.997653 0.31613 -98085.3 13.18 
4230 0.997671 0.971996 -98081.3 13.2101 
4240 0.997669 0.600327 -98080.9 13.2427 
4250 0.997667 0.851916 -98080.7 13.2742 
4260 0.997664 -0.835415 -98080.5 13.307 
4270 0.997629 0.403977 -98077.1 13.3394 
4280 0.997516 -0.272638 -98062.1 13.3734 
4290 0.997516 -0.232483 -98062.1 13.4047 
4300 0.997516 0.800116 -98062.1 13.4327 
4310 0.997488 0.0840329 -98058.8 13.464 
4320 0.997513 0.729826 -98061.6 13.4967 
4330 0.997492 0.79769 -98059.3 13.5285 
4340 0.997434 -0.33197 -98056 13.5602 
4350 0.997435 0.631224 -98056 13.592 
4360 0.997435 -0.950914 -98056 13.6198 
4370 0.997437 -0.341422 -98056 13.6519 
4380 0.997436 -0.140102 -98056 13.6813 
4390 0.997437 0.830638 -98056 13.7113 
4400 0.997437 -0.631464 -98056 13.7424 
4410 0.99746 0.479567 -98060.1 13.7723 
4420 0.997407 -0.0513277 -98065.9 13.8092 
4430 0.997407 -0.420821 -98065.9 13.84 
4440 0.997334 0.437262 -98060.8 13.8716 
4450 0.997249 -0.337791 -98055.8 13.9018 
4460 0.997272 -0.351202 -98057.2 13.9339 
4470 0.997345 -0.818707 -98063.4 13.9675 
4480 0.997421 0.0762001 -98067.8 13.9983 
4490 0.997408 -0.6827 -98064.9 14.0311 
4500 0.997519 -0.40281 -98072.7 14.0657 
4510 0.997426 -0.457815 -98063.7 14.0987 
4520 0.997401 -0.531781 -98060.7 14.1303 
4530 0.997241 0.682156 -98049 14.1645 
4540 0.997241 -0.726986 -98049 14.1954 
4550 0.997254 0.23487 -98050.2 14.2272 
4560 0.997276 -0.660393 -98052.4 14.2607 
4570 0.997342 -0.41308 -98059.7 14.2947 
4580 0.997329 0.0663228 -98058.9 14.3253 
4590 0.997557 0.583208 -98061.3 14.3592 
4600 0.99758 0.0470789 -98065.7 14.3954 
4610 0.997543 -0.0824841 -98058.2 14.4313 
4620 0.997508 0.461436 -98054.4 14.4641 
4630 0.997511 -0.421057 -98054 14.4972 
4640 0.997511 -0.0999763 -98054 14.5281 
4650 0.997501 0.213146 -98053.5 14.5565 
4660 0.997579 -0.533133 -98054.3 14.5886 
4670 0.997579 0.47893 -98053.9 14.6218 
4680 0.997579 0.947761 -98054 14.6472 
4690 0.997599 -0.496915 -98056.9 14.6828 
4700 0.997599 0.22877 -98057.9 14.7156 
4710 0.997452 -0.324188 -98045 14.7502 
4720 0.997454 0.0185744 -98045.2 14.7815 
4730 0.997544 0.219982 -98053.6 14.8146 
4740 0.997544 -0.482939 -98053.6 14.8461 
4750 0.997544 -0.815516 -98053.6 14.8773 
4760 0.997465 0.517951 -98043.6 14.9084 
4770 0.997521 -0.491585 -98052.1 14.9409 
4780 0.997521 -0.768844 -98052.1 14.9688 
4790 0.997521 -0.776775 -98052.1 14.9971 
4800 0.997523 -0.700597 -98052.3 15.0285 
4810 0.997523 -0.983949 -98052.3 15.0564 
4820 0.997388 0.0469561 -98052.2 15.085 
4830 0.997387 -0.735639 -98052.4 15.1165 
4840 0.997389 0.647894 -98052.6 15.1476 
4850 0.997567 0.413138 -98065.6 15.1828 
4860 0.997537 -0.0885612 -98066.6 15.2168 
4870 0.997483 0.446914 -98064.4 15.2517 
4880 0.997521 -0.16585 -98067 15.2846 
4890 0.997537 0.195187 -98066.2 15.3195 
4900 0.997537 0.556938 -98066.2 15.3503 
4910 0.997578 -0.935779 -98070.3 15.3808 
4920 0.997608 -0.331803 -98073.6 15.4127 
4930 0.997604 0.50325 -98073.3 15.4442 
4940 0.9976 -0.0442737 -98072.9 15.4751 
4950 0.997541 -0.202842 -98066.6 15.5065 
4960 0.997591 -0.615928 -98066 15.5358 
4970 0.997569 -0.182776 -98062.9 15.5686 
4980 0.997577 -0.734688 -98063.7 15.5974 
4990 0.997552 0.42074 -98061.8 15.6265 
5000 0.997566 0.229162 -98063.2 15.6588 
5010 0.997539 0.13037 -98060.6 15.6934 
5020 0.997538 -0.102557 -98060.6 15.7247 
5030 0.997524 -0.480241 -98059.6 15.7567 
5040 0.997535 -0.423279 -98060.5 15.7886 
5050 0.997471 0.706057 -98056 15.8243 
5060 0.99749 -0.235453 -98057.6 15.8538 
5070 0.99753 -0.20252 -98063.8 15.8867 
5080 0.997491 -0.887365 -98060.8 15.9196 
5090 0.997491 0.579418 -98060.8 15.9505 
5100 0.997503 0.915218 -98060.8 15.9796 
5110 0.997513 0.214756 -98061.3 16.0118 
5120 0.997535 0.466285 -98063.4 16.039 
5130 0.997537 0.965991 -98064.2 16.0707 
5140 0.99754 0.115243 -98065 16.1035 
5150 0.997505 0.304631 -98061.5 16.133 
5160 0.997505 0.938053 -98062 16.1661 
5170 0.997653 0.701551 -98066.1 16.2009 
5180 0.997595 0.505465 -98061.8 16.2345 
5190 0.997595 0.53424 -98061.8 16.2653 
5200 0.997643 0.987996 -98068.8 16.3012 
5210 0.997643 -0.257397 -98068.8 16.3267 
5220 0.997643 0.532722 -98068.9 16.3585 
5230 0.997646 -0.979879 -98069.3 16.3869 
5240 0.997646 -0.777429 -98069.3 16.4161 
5250 0.997654 0.431665 -98069.7 16.4442 
5260 0.997629 0.224562 -98068.3 16.4734 
5270 0.997684 -0.833179 -98074.8 16.5026 
5280 0.997684 0.0256332 -98074.8 16.5334 
5290 0.997658 0.968583 -98075.8 16.5594 
5300 0.997658 0.420232 -98075.8 16.5903 
5310 0.997659 0.424473 -98075.8 16.618 
5320 0.997621 0.744596 -98075.6 16.6516 
5330 0.997621 0.690387 -98075.6 16.6825 
5340 0.997477 0.748229 -98070.8 16.7155 
5350 0.99749 -0.98142 -98072.3 16.7457 
5360 0.997483 -0.185532 -98071.3 16.7782 
5370 0.997369 0.0405172 -98064 16.8122 
5380 0.997369 -0.322273 -98063.9 16.8434 
5390 0.997638 0.580245 -98072.1 16.8806 
5400 0.997613 -0.0159651 -98070.9 16.9135 
5410 0.99752 -0.0220443 -98064.8 16.9505 
5420 0.997548 -0.0312318 -98067.2 16.9814 
5430 0.99757 -0.33513 -98075.3 17.0117 
5440 0.9976 0.884602 -98076.9 17.0446 
5450 0.997474 -0.404796 -98061.8 17.0766 
5460 0.997474 -0.332956 -98061.8 17.1078 
5470 0.997474 0.758213 -98061.8 17.1393 
5480 0.997479 -0.303523 -98061.1 17.1684 
5490 0.997473 0.765925 -98063.3 17.1987 
5500 0.997613 -0.849321 -98073.8 17.2335 
5510 0.997525 0.439504 -98067.5 17.267 
5520 0.997371 0.06976 -98055.2 17.2973 
5530 0.997393 0.0639435 -98057 17.3326 
5540 0.997376 0.534693 -98055.6 17.3645 
5550 0.997426 -0.758892 -98059.8 17.3914 
5560 0.99757 -0.783535 -98068.8 17.4219 
5570 0.99757 0.845241 -98068.7 17.4527 
5580 0.997578 -0.820026 -98068.6 17.4882 
5590 0.997578 0.374973 -98068.6 17.517 
5600 0.997512 0.730446 -98062.4 17.5491 
5610 0.997555 -0.245583 -98062.8 17.589 
5620 0.997603 0.80666 -98061.5 17.6227 
5630 0.997568 -0.0506033 -98062.9 17.65 
5640 0.997572 0.272337 -98063.2 17.6812 
5650 0.997572 0.485353 -98063.2 17.7123 
5660 0.99744 0.842163 -98050.7 17.7445 
5670 0.997474 0.0806753 -98055.1 17.7775 
5680 0.997469 0.99554 -98054.6 17.8091 
5690 0.997452 -0.28014 -98052.7 17.8408 
5700 0.997452 -0.061233 -98051.3 17.863 
5710 0.99753 -0.331532 -98056.1 17.8964 
5720 0.997524 -0.721678 -98055.8 17.9274 
5730 0.997524 0.13684 -98055.7 17.9583 
5740 0.997531 0.38698 -98056.7 17.9869 
5750 0.997451 0.740966 -98049.3 18.0229 
5760 0.997445 -0.669592 -98049 18.0545 
5770 0.997472 -0.0643598 -98050.8 18.0889 
5780 0.997488 0.786765 -98052.3 18.1182 
5790 0.997509 -0.675608 -98054.7 18.15 
5800 0.997508 0.111532 -98055.9 18.1835 
5810 0.997565 0.107719 -98061.9 18.2185 
5820 0.997572 0.0696543 -98063.5 18.2542 
5830 0.997571 0.0572389 -98063.4 18.2853 
5840 0.997627 -0.433052 -98066.7 18.3135 
5850 0.997601 -0.0279466 -98064.3 18.3458 
5860 0.997606 -0.0276859 -98064.8 18.3749 
5870 0.997585 -0.953057 -98063.4 18.4066 
5880 0.997473 0.80656 -98053.6 18.4425 
5890 0.997479 0.473114 -98054.1 18.4711 
5900 0.997494 0.686798 -98055.6 18.5032 
5910 0.997501 -0.190792 -98056.4 18.5372 
5920 0.997623 -0.754768 -98059.9 18.5711 
5930 0.997606 -0.0616325 -98057.1 18.5986 
5940 0.997506 0.384694 -98047.6 18.6324 
5950 0.997483 0.948898 -98044.7 18.6662 
5960 0.997486 -0.986284 -98045 18.6973 
5970 0.997485 -0.865166 -98044.9 18.7287 
5980 0.997485 0.544947 -98045 18.7594 
5990 0.997485 0.751604 -98045 18.7853 
6000 0.99747 0.707204 -98047.4 18.8171 
6010 0.99747 0.246176 -98047.3 18.8491 
6020 0.997493 0.873294 -98051 18.876 
6030 0.997463 0.440467 -98051.4 18.9031 
6040 0.997452 -0.218597 -98049.8 18.9302 
6050 0.997451 -0.63386 -98049.7 18.9622 
6060 0.997451 -0.739949 -98049.7 18.9934 
6070 0.997432 -0.585532 -98048.9 19.0251 
6080 0.997446 -0.940246 -98046 19.0583 
6090 0.997446 -0.532696 -98046 19.0893 
6100 0.997446 -0.0800056 -98046 19.1174 
6110 0.997446 -0.179214 -98046 19.1481 
6120 0.997446 -0.0423984 -98046 19.179 
6130 0.99743 0.58617 -98044.3 19.211 
6140 0.997519 0.175464 -98054.6 19.2459 
6150 0.997536 -0.170292 -98055.2 19.2767 
6160 0.997536 -0.52389 -98055.2 19.3018 
6170 0.997536 -0.245603 -98055.3 19.3306 
6180 0.997548 -0.0210827 -98055.9 19.365 
6190 0.997523 0.904444 -98054.8 19.3918 
6200 0.997523 0.650021 -98054.8 19.4198 
6210 0.997527 -0.864298 -98055.2 19.4485 
6220 0.997526 0.877001 -98055.2 19.4804 
6230 0.997589 -0.884728 -98065.1 19.5082 
6240 0.997555 0.452528 -98059.9 19.5381 
6250 0.99755 0.814139 -98059 19.5698 
6260 0.99755 -0.68924 -98059 19.602 
6270 0.997495 0.99638 -98058.8 19.6341 
6280 0.997514 -0.130219 -98061.2 19.666 
6290 0.997527 0.41205 -98065.3 19.697 
6300 0.997736 0.674379 -98080.1 19.7297 
6310 0.997736 -0.756123 -98080.1 19.7609 
6320 0.997718 -0.765681 -98074.9 19.7939 
6330 0.997724 -0.95975 -98076.9 19.8267 
6340 0.997738 -0.651388 -98078.3 19.8591 
6350 0.997715 0.954939 -98076.7 19.8951 
6360 0.997623 -0.757476 -98074.5 19.9252 
6370 0.99765 0.0224685 -98076.3 19.9574 
6380 0.997706 -0.220966 -98081.2 19.9905 
6390 0.997648 -0.299329 -98077 20.025 
6400 0.997649 0.701844 -98078.6 20.0552 
6410 0.99762 -0.649731 -98074.7 20.0859 
6420 0.997618 -0.478757 -98074.5 20.1174 
6430 0.997571 -0.452457 -98071.4 20.1505 
6440 0.997571 0.265832 -98071.5 20.1812 
6450 0.997571 -0.787309 -98071.4 20.2132 
6460 0.997596 -0.687355 -98073.6 20.2432 
6470 0.997599 -0.602593 -98073.5 20.2718 
6480 0.997603 -0.527727 -98073.4 20.301 
6490 0.997603 0.0792097 -98073.4 20.3327 
6500 0.997603 0.901174 -98073.4 20.3606 
6510 0.997621 0.372326 -98073.4 20.3934 
6520 0.997566 -0.510974 -98067.7 20.4284 
6530 0.997566 -0.476876 -98067.7 20.4595 
6540 0.997566 -0.730573 -98067.7 20.4906 
6550 0.997669 0.570201 -98078.8 20.523 
6560 0.997669 -0.538881 -98078.8 20.554 
6570 0.997665 0.778764 -98078.7 20.5833 
6580 0.997588 -0.577239 -98067.3 20.6136 
6590 0.997588 0.446308 -98067.3 20.6398 
6600 0.997586 0.756946 -98067.2 20.6714 
6610 0.997598 -0.797876 -98068.2 20.7031 
6620 0.997598 -0.541714 -98068.2 20.7339 
6630 0.997518 -0.12065 -98067 20.7653 
6640 0.997519 0.991094 -98067.2 20.7966 
6650 0.997523 0.311512 -98068.2 20.8299 
6660 0.997525 0.804444 -98068.3 20.8616 
6670 0.997544 -0.350019 -98069.8 20.897 
6680 0.997506 0.522276 -98066.4 20.9311 
6690 0.99753 0.238074 -98065 20.9648 
6700 0.997487 0.279242 -98064.9 21.0007 
6710 0.997488 -0.277182 -98065.9 21.0309 
6720 0.997483 -0.242956 -98065.4 21.0637 
6730 0.997627 -0.931186 -98074.9 21.0938 
6740 0.997627 -0.244323 -98074.8 21.1252 
6750 0.997588 0.879682 -98072.1 21.1554 
6760 0.997571 -0.572352 -98070.2 21.1871 
6770 0.997572 0.444523 -98070.2 21.2181 
6780 0.997572 -0.00244438 -98070.2 21.2489 
6790 0.997515 -0.0455033 -98066 21.2815 
6800 0.997508 0.823548 -98065.3 21.3126 
6810 0.997361 -0.889648 -98064.1 21.3495 
6820 0.997373 0.00912969 -98064.5 21.3821 
6830 0.997522 -0.42783 -98069.6 21.4128 
6840 0.99748 0.281116 -98065.7 21.4465 
6850 0.99748 -0.0727894 -98065.8 21.4776 
6860 0.99748 0.664395 -98065.8 21.5058 
6870 0.997497 -0.50963 -98065 21.534 
6880 0.997497 0.116912 -98065 21.5648 
6890 0.997544 0.278987 -98063.2 21.5967 
6900 0.997544 -0.070651 -98063.3 21.6277 
6910 0.997544 0.265108 -98063.3 21.6555 
6920 0.997544 -0.765416 -98063.3 21.6838 
6930 0.99757 -0.94316 -98065.7 21.7186 
6940 0.997563 0.943328 -98067.2 21.7529 
6950 0.997507 -0.895186 -98064 21.781 
6960 0.997508 0.321932 -98064.2 21.8098 
6970 0.997469 -0.541949 -98060.3 21.8429 
6980 0.99747 -0.294916 -98060.3 21.874 
6990 0.99747 0.235648 -98060.4 21.9048 
7000 0.997485 0.0838301 -98060.2 21.9338 
7010 0.997485 0.304818 -98060.2 21.9649 
7020 0.997492 0.0999874 -98056.5 21.9945 
7030 0.997543 -0.136444 -98059.6 22.0279 
7040 0.997386 0.593637 -98053.1 22.0616 
7050 0.997418 0.682651 -98056.6 22.0902 
7060 0.9975 0.400371 -98063.1 22.1217 
7070 0.997539 -0.863129 -98058.3 22.1483 
7080 0.997548 -0.793708 -98057.4 22.1793 
7090 0.997531 0.521397 -98056.5 22.2105 
7100 0.997531 -0.628283 -98056.5 22.2416 
7110 0.997531 0.893478 -98056.5 22.2697 
7120 0.997526 -0.522316 -98056.7 22.303 
7130 0.997597 0.379919 -98062.1 22.337 
7140 0.997576 -0.947576 -98064.1 22.3689 
7150 0.997537 0.607226 -98060.9 22.4029 
7160 0.997571 0.543375 -98062.6 22.435 
7170 0.997515 -0.608356 -98064.8 22.467 
7180 0.997514 0.354434 -98064.8 22.4978 
7190 0.997506 -0.255306 -98064 22.5292 
7200 0.997506 0.18527 -98064.4 22.5605 
7210 0.997488 0.433317 -98062.9 22.5908 
7220 0.9975 0.112109 -98063 22.6225 
7230 0.997454 0.655387 -98060.7 22.6597 
7240 0.997453 -0.133101 -98062.9 22.6944 
7250 0.99751 -0.451903 -98068.9 22.7265 
7260 0.997549 0.550994 -98060.9 22.7585 
7270 0.997559 0.682916 -98061.3 22.7847 
7280 0.997504 -0.0117736 -98061.9 22.821 
7290 0.997607 -0.0683264 -98068.4 22.8521 
7300 0.997609 -0.387376 -98068.5 22.8837 
7310 0.997542 0.268921 -98063.9 22.9151 
7320 0.997565 0.0214098 -98062.8 22.9482 
7330 0.997576 -0.849565 -98062.3 22.9811 
7340 0.997526 -0.117902 -98060.3 23.0143 
7350 0.997526 0.208365 -98060.3 23.0453 
7360 0.997542 -0.126318 -98061.7 23.077 
7370 0.99752 -0.785244 -98059.3 23.1098 
7380 0.997422 -0.375882 -98056.9 23.1399 
7390 0.997397 0.16621 -98055.2 23.1725 
7400 0.99735 -0.980627 -98053.3 23.2073 
7410 0.997447 -0.36634 -98061.6 23.2405 
7420 0.997475 -0.333136 -98064.4 23.2703 
7430 0.997475 0.735988 -98064.4 23.3018 
7440 0.997475 0.475076 -98064.4 23.3298 
7450 0.99749 -0.620874 -98065.9 23.3612 
7460 0.997398 0.109453 -98067.1 23.3942 
7470 0.997398 0.596951 -98067.1 23.4254 
7480 0.99737 0.191402 -98062.3 23.4599 
7490 0.997374 0.301333 -98066.6 23.4934 
7500 0.997382 0.218183 -98067.3 23.5216 
7510 0.997373 -0.966218 -98067 23.5508 
7520 0.997373 0.984032 -98067 23.5823 
7530 0.997431 0.75735 -98064.5 23.6143 
7540 0.997431 0.124326 -98064.6 23.6454 
7550 0.997482 0.821132 -98070.9 23.6794 
7560 0.99743 -0.680823 -98058.1 23.7162 
7570 0.99743 -0.294144 -98058.2 23.7423 
7580 0.997426 0.786703 -98054.3 23.7723 
7590 0.99741 -0.907412 -98054.7 23.8046 
7600 0.99744 -0.948933 -98056.9 23.8344 
7610 0.997414 0.546028 -98057.1 23.8678 
7620 0.997414 0.876182 -98057.1 23.8989 
7630 0.99747 -0.416208 -98066.2 23.9262 
7640 0.99747 0.0952682 -98066.2 23.9582 
7650 0.997479 -0.453431 -98066.7 23.9897 
7660 0.997479 0.265573 -98066.8 24.0208 
7670 0.997479 0.0464958 -98066.8 24.0521 
7680 0.997479 -0.209122 -98066.8 24.083 
7690 0.997541 0.967238 -98072.5 24.1156 
7700 0.99754 0.6023 -98072.4 24.1483 
7710 0.997539 -0.508386 -98074.3 24.1781 
7720 0.997539 -0.706138 -98074.3 24.209 
7730 0.997574 0.203789 -98073.1 24.2423 
7740 0.997578 -0.618788 -98073.5 24.275 
7750 0.997578 -0.69447 -98073.5 24.3057 
7760 0.997576 0.771026 -98073.5 24.3373 
7770 0.997509 0.845375 -98073.9 24.3681 
7780 0.997509 0.0698196 -98073.8 24.3988 
7790 0.997532 0.780369 -98069.3 24.4311 
7800 0.997532 -0.171896 -98069.3 24.4591 
7810 0.997532 -0.234818 -98069.4 24.4907 
7820 0.997534 -0.125136 -98070 24.522 
7830 0.997546 -0.931178 -98071.2 24.5541 
7840 0.997487 -0.70921 -98061.8 24.5883 
7850 0.997523 0.115345 -98061.8 24.6225 
7860 0.9975 -0.697717 -98061.8 24.6566 
7870 0.997496 -0.996345 -98061.5 24.688 
7880 0.997496 0.0151856 -98061.6 24.7188 
7890 0.997481 -0.428342 -98062.2 24.7513 
7900 0.997453 -0.154056 -98059.1 24.7841 
7910 0.997507 0.280871 -98063.2 24.8172 
7920 0.997537 0.762295 -98067 24.8515 
7930 0.997537 0.355477 -98067 24.8799 
7940 0.997541 -0.874274 -98067 24.9126 
7950 0.997537 -0.902546 -98066.5 24.9447 
7960 0.997561 0.992833 -98068.3 24.9772 
7970 0.997491 -0.438562 -98057.9 25.0134 
7980 0.99752 -0.719958 -98060.4 25.0468 
7990 0.99751 0.00942126 -98059.7 25.0782 
8000 0.997504 0.593964 -98059 25.1094 
8010 0.997476 -0.242122 -98056.5 25.1422 
8020 0.997476 -0.458573 -98056.5 25.1736 
8030 0.9976 -0.480506 -98066.6 25.2079 
8040 0.997531 -0.0365554 -98058.2 25.2416 
8050 0.997531 0.42828 -98058.2 25.2728 
8060 0.997531 0.888357 -98058.2 25.3049 
8070 0.997485 0.92416 -98054.6 25.3349 
8080 0.997485 0.711129 -98054.7 25.3656 
8090 0.997464 -0.825502 -98052.6 25.3977 
8100 0.997464 -0.91967 -98052.7 25.4257 
8110 0.997626 0.103349 -98075.9 25.4602 
8120 0.997593 -0.769634 -98073.9 25.4938 
8130 0.997601 0.668726 -98075.9 25.5273 
8140 0.997603 0.920049 -98076.5 25.5596 
8150 0.997615 -0.330485 -98075.6 25.5948 
8160 0.997615 -0.390631 -98075.7 25.6228 
8170 0.997628 -0.859142 -98070.2 25.6555 
8180 0.99762 -0.985932 -98069.5 25.6878 
8190 0.997619 0.933603 -98069.5 25.7188 
8200 0.997553 0.907454 -98063.1 25.7472 
8210 0.997553 -0.590332 -98063.2 25.7802 
8220 0.997469 0.701375 -98058.7 25.8154 
8230 0.997457 -0.934261 -98057.7 25.8485 
8240 0.997357 -0.749679 -98051.3 25.8829 
8250 0.997357 -0.16066 -98051.3 25.914 
8260 0.997407 -0.541146 -98055.3 25.9487 
8270 0.997452 -0.973228 -98059.1 25.9846 
8280 0.997537 -0.307827 -98063.6 26.0148 
8290 0.997542 0.277728 -98064.4 26.0476 
8300 0.997534 -0.0772336 -98064 26.0791 
8310 0.997534 0.440989 -98064 26.1044 
8320 0.997533 0.162123 -98063.6 26.1325 
8330 0.997679 -0.987367 -98063.8 26.164 
8340 0.997679 0.339939 -98063.8 26.195 
8350 0.99772 0.476852 -98067.6 26.2287 
8360 0.997645 -0.606978 -98061.3 26.2628 
8370 0.997645 -0.807826 -98061.3 26.2942 
8380 0.997645 -0.811353 -98061.3 26.325 
8390 0.997645 0.334858 -98061.3 26.3507 
8400 0.997645 0.777117 -98061.2 26.3789 
8410 0.997645 0.859422 -98061.2 26.404 
8420 0.997619 -0.097753 -98058 26.4367 
8430 0.99764 0.632005 -98060.6 26.4691 
8440 0.99764 -0.0351654 -98060.6 26.5007 
8450 0.997562 -0.57063 -98055.7 26.5355 
8460 0.997563 0.85647 -98055.8 26.5668 
8470 0.997582 0.0681738 -98055.8 26.5966 
8480 0.997582 -0.183203 -98055.8 26.6298 
8490 0.99755 0.096921 -98053.9 26.6635 
8500 0.997542 0.579926 -98054.7 26.6973 
8510 0.997509 0.895459 -98048.7 26.7274 
8520 0.997512 0.215989 -98057.5 26.7588 
8530 0.997535 0.984418 -98058.8 26.7884 
8540 0.997483 -0.664269 -98054 26.821 
8550 0.997483 0.922748 -98053.9 26.8525 
8560 0.997475 0.525482 -98053 26.8824 
8570 0.997462 0.89454 -98046.9 26.916 
8580 0.997462 0.83366 -98047 26.944 
8590 0.997481 0.183017 -98047.4 26.9741 
8600 0.997619 -0.596296 -98059.1 27.0085 
8610 0.997619 -0.133504 -98059.1 27.0398 
8620 0.997656 -0.408093 -98063 27.0698 
8630 0.99757 0.94008 -98054.9 27.1028 
8640 0.997556 -0.6336 -98056.4 27.1375 
8650 0.997512 0.603441 -98056.5 27.1718 
8660 0.997512 -0.0794835 -98056.5 27.2029 
8670 0.997505 0.487025 -98053.4 27.2268 
8680 0.997538 -0.40659 -98056.3 27.2603 
8690 0.997525 -0.290144 -98059.7 27.2955 
8700 0.997549 -0.0559113 -98064 27.3286 
8710 0.997532 -0.400338 -98062.5 27.3607 
8720 0.997545 0.878474 -98063.6 27.393 
8730 0.997611 0.824169 -98066.7 27.4326 
8740 0.997594 0.0518108 -98069.9 27.4677 
8750 0.997595 0.232043 -98070 27.4998 
8760 0.997595 0.713367 -98070 27.5307 
8770 0.997618 0.844419 -98072.5 27.562 
8780 0.997569 -0.509623 -98067.8 27.595 
8790 0.997552 -0.504142 -98065.9 27.6263 
8800 0.997561 -0.915379 -98067.5 27.6579 
8810 0.997557 -0.980843 -98068.3 27.6883 
8820 0.997535 -0.542256 -98065.3 27.7183 
8830 0.997498 0.437137 -98065.1 27.7531 
8840 0.997543 -0.839619 -98063.7 27.7831 
8850 0.997538 0.18753 -98063.4 27.8113 
8860 0.997579 -0.0754045 -98065.6 27.8471 
8870 0.99758 -0.00350937 -98065.5 27.8798 
8880 0.997577 0.344099 -98065.2 27.9112 
8890 0.997577 0.725046 -98065.2 27.9426 
8900 0.997577 -0.294392 -98065.3 27.9678 
8910 0.997595 0.0964123 -98068.8 27.9991 
8920 0.997586 0.418927 -98065.6 28.029 
8930 0.997557 -0.761114 -98058.2 28.066 
8940 0.997557 -0.613089 -98058.2 28.0971 
8950 0.997557 0.835671 -98058.2 28.1279 
8960 0.997561 0.509176 -98058.8 28.1594 
8970 0.997567 -0.383157 -98058.8 28.1909 
8980 0.997555 -0.10757 -98055.8 28.2255 
8990 0.997528 -0.832252 -98053.5 28.2543 
9000 0.997579 -0.386179 -98055.7 28.2864 
9010 0.997582 0.450651 -98056.4 28.3122 
9020 0.99766 -0.859804 -98063.5 28.3479 
9030 0.997621 -0.838415 -98058.1 28.3807 
9040 0.997621 -0.187057 -98058.1 28.4086 
9050 0.997619 -0.110249 -98058.2 28.438 
9060 0.997651 0.786717 -98063 28.4718 
9070 0.997651 0.676272 -98063 28.504 
9080 0.997603 -0.131885 -98060.6 28.5382 
9090 0.997603 -0.990525 -98060.6 28.5693 
9100 0.997603 0.888891 -98060.6 28.6001 
9110 0.997725 0.725118 -98072.4 28.6308 
9120 0.997702 -0.0486466 -98068.6 28.6654 
9130 0.997705 -0.874834 -98069 28.6975 
9140 0.997721 0.126532 -98069.9 28.7304 
9150 0.997721 0.249308 -98069.9 28.7614 
9160 0.997721 0.33838 -98069.9 28.7898 
9170 0.997722 0.957017 -98069.9 28.8207 
9180 0.997721 0.0875112 -98069.9 28.8519 
9190 0.997721 -0.969 -98069.9 28.8832 
9200 0.997686 0.261593 -98069.1 28.9163 
9210 0.997621 -0.604239 -98068.4 28.9474 
9220 0.997621 0.948324 -98068.4 28.9789 
9230 0.997635 0.327853 -98069.6 29.0109 
9240 0.99762 -0.804719 -98063.4 29.0442 
9250 0.997504 0.911642 -98054.5 29.0782 
9260 0.997515 0.43969 -98055.3 29.11 
9270 0.997496 -0.924225 -98055.4 29.1364 
9280 0.997551 0.760034 -98058.3 29.1688 
9290 0.997539 -0.0645022 -98060.7 29.1997 
9300 0.997553 -0.655172 -98061.9 29.2278 
9310 0.997561 -0.132223 -98056.2 29.259 
9320 0.997561 0.254061 -98056.2 29.2897 
9330 0.997576 0.949821 -98058.3 29.3278 
9340 0.997616 0.117192 -98063.6 29.3597 
9350 0.997603 0.443474 -98062.5 29.3918 
9360 0.997656 -0.103225 -98065.6 29.4239 
9370 0.997627 -0.110259 -98062 29.4527 
9380 0.997626 -0.628564 -98061.8 29.4779 
9390 0.997626 -0.592027 -98061.9 29.5068 
9400 0.997654 -0.222197 -98065.8 29.5416 
9410 0.997658 0.507322 -98066.1 29.5764 
9420 0.997615 -0.0760954 -98063.8 29.6026 
9430 0.99763 -0.303089 -98065.6 29.6311 
9440 0.997628 0.112953 -98063.6 29.6604 
9450 0.997589 0.585956 -98060.8 29.6922 
9460 0.997617 -0.937397 -98063.6 29.7264 
9470 0.997613 0.0484677 -98063.7 29.7596 
9480 0.997613 0.439359 -98063.7 29.7879 
9490 0.997613 -0.250322 -98063.7 29.8191 
9500 0.997647 0.519471 -98066 29.853 
9510 0.997453 0.614314 -98052.8 29.8863 
9520 0.997483 -0.253749 -98057 29.9226 
9530 0.99743 -0.327947 -98051.8 29.9528 
9540 0.997427 -0.201837 -98051.2 29.9845 
9550 0.997427 -0.461185 -98051.2 30.0128 
9560 0.997598 -0.629558 -98062.5 30.0431 
9570 0.997663 0.0729912 -98074.3 30.0776 
9580 0.997652 0.536494 -98070.6 30.1076 
9590 0.997652 0.496605 -98070.6 30.1397 
9600 0.997653 0.00409931 -98070.7 30.1717 
9610 0.997693 -0.215218 -98074.1 30.2065 
9620 0.997693 0.188719 -98074.1 30.2373 
9630 0.99765 0.644599 -98070.4 30.2713 
9640 0.997748 -0.015542 -98077.4 30.3016 
9650 0.997748 0.940304 -98077.4 30.3325 
9660 0.997741 0.629548 -98076.9 30.364 
9670 0.997791 0.298588 -98082.1 30.399 
9680 0.997785 -0.103739 -98081.9 30.4316 
9690 0.99778 0.363077 -98081.7 30.4643 
9700 0.99777 0.469884 -98080.7 30.4961 
9710 0.997731 -0.629437 -98077.8 30.5231 
9720 0.997732 0.737167 -98077.8 30.5552 
9730 0.997644 0.305006 -98073.8 30.5917 
9740 0.997644 0.855459 -98073.8 30.6229 
9750 0.997644 -0.0458483 -98073.8 30.6537 
9760 0.997634 0.731303 -98072 30.6887 
9770 0.997642 -0.351833 -98072.9 30.7172 
9780 0.997643 0.00424122 -98073 30.7481 
9790 0.997642 0.344887 -98072.9 30.7792 
9800 0.997642 0.916856 -98072.9 30.8105 
9810 0.997642 -0.0679233 -98072.9 30.8384 
9820 0.997638 -0.676561 -98072.6 30.8711 
9830 0.997532 -0.57015 -98075.1 30.9051 
9840 0.997532 0.623644 -98075.1 30.9364 
9850 0.997532 -0.225535 -98075.1 30.9646 
9860 0.997547 -0.572343 -98073 30.9932 
9870 0.997614 0.352274 -98066.6 31.0263 
9880 0.997614 -0.354992 -98070.1 31.0602 
9890 0.997614 -0.0161901 -98070.1 31.0915 
9900 0.997591 0.451683 -98062.9 31.1226 
9910 0.997481 0.603538 -98056.6 31.1601 
9920 0.997398 0.781138 -98054.6 31.1888 
9930 0.997401 -0.630915 -98054.9 31.2201 
9940 0.997397 0.258419 -98054.8 31.2521 
9950 0.997397 0.489078 -98054.8 31.2831 
9960 0.997443 -0.133259 -98058.2 31.3153 
9970 0.997563 -0.37264 -98066.8 31.3484 
9980 0.997524 -0.298501 -98064.2 31.3814 
9990 0.997509 0.689983 -98065.1 31.4117 
10000 0.997515 0.906188 -98064.3 31.4445 
