0 1 1 -98304 0 
10 1 -0.301806 -98304 0.0279201 
20 1 0.416008 -98303.9 0.0589515 
30 0.999223 0.796934 -98221.5 0.0926344 
40 0.999223 -0.205074 -98221.5 0.117267 
50 0.999224 -0.799877 -98221.5 0.145147 
60 0.999224 0.0354513 -98221.5 0.175449 
70 0.999202 0.236355 -98219 0.207246 
80 0.999208 -0.899556 -98219.6 0.237789 
90 0.999132 0.605196 -98212.5 0.269199 
100 0.99914 -0.450971 -98213.6 0.300169 
110 0.99914 -0.360507 -98213.6 0.328187 
120 0.999115 -0.0402072 -98210.5 0.35661 
130 0.999111 0.815669 -98210 0.388808 
140 0.999086 -0.934018 -98207.3 0.41748 
150 0.999086 0.00986657 -98207.3 0.447789 
160 0.998773 0.617069 -98178.3 0.480838 
170 0.998773 -0.635515 -98178.3 0.508243 
180 0.998847 -0.823358 -98186.6 0.5406 
190 0.998838 0.779096 -98185.5 0.57267 
200 0.998827 0.452524 -98184.4 0.599317 
210 0.998819 -0.404674 -98173.8 0.630689 
220 0.998819 -0.570364 -98173.8 0.658695 
230 0.998819 0.950897 -98174 0.686168 
240 0.998868 0.984175 -98178.9 0.718874 
250 0.998867 0.234804 -98178.7 0.744031 
260 0.998862 0.621418 -98178.3 0.775069 
270 0.998862 0.361786 -98178.3 0.805661 
280 0.998862 0.980653 -98178.3 0.830287 
290 0.998902 0.966954 -98183.1 0.862205 
300 0.99897 -0.756488 -98191.2 0.893985 
310 0.998393 -0.142897 -98132.1 0.931479 
320 0.998392 -0.439442 -98132 0.961959 
330 0.998392 0.530843 -98132 0.99246 
340 0.998392 0.097642 -98132 1.02296 
350 0.998173 0.325097 -98109.4 1.05657 
360 0.998173 0.662004 -98109.5 1.0842 
370 0.998166 0.462713 -98108.4 1.11587 
380 0.998079 -0.288129 -98101.9 1.14579 
390 0.998079 -0.328993 -98101.9 1.17353 
400 0.998837 -0.638439 -98175.3 1.20566 
410 0.998642 0.562654 -98160.1 1.23621 
420 0.998642 0.499604 -98160.1 1.2668 
430 0.998642 -0.266431 -98160.1 1.29454 
440 0.998615 0.0637178 -98157.5 1.32004 
450 0.998631 -0.586744 -98159.8 1.34848 
460 0.998631 -0.927129 -98159.8 1.3764 
470 0.998697 -0.422082 -98165.1 1.41026 
480 0.998667 -0.254432 -98161.9 1.44248 
490 0.998696 0.502084 -98163.1 1.47257 
500 0.998693 0.967426 -98162.7 1.50343 
510 0.998691 0.680644 -98162.5 1.53182 
520 0.998594 -0.0742891 -98151.8 1.56515 
530 0.99859 -0.870597 -98151.7 1.59727 
540 0.998597 -0.759138 -98152.6 1.62827 
550 0.998597 -0.610824 -98152.6 1.65887 
560 0.997854 0.28018 -98101.1 1.6923 
570 0.997859 -0.106265 -98101.3 1.72075 
580 0.998003 -0.267215 -98114.4 1.75585 
590 0.997992 0.13173 -98114.8 1.78504 
600 0.99797 -0.644756 -98113.8 1.81725 
610 0.99797 0.834477 -98113.8 1.84803 
620 0.997969 -0.355975 -98114 1.87358 
630 0.997983 -0.564159 -98114.8 1.90486 
640 0.997987 0.79135 -98112.2 1.9318 
650 0.997945 -0.33032 -98108.8 1.96424 
660 0.997915 0.233547 -98105.7 1.99547 
670 0.997912 -0.655469 -98105.3 2.0239 
680 0.997914 0.131686 -98105.7 2.04915 
690 0.99786 0.0848315 -98100.8 2.07883 
700 0.997765 0.748901 -98090.4 2.11361 
710 0.997765 0.114001 -98090.4 2.1443 
720 0.997813 0.2174 -98094.4 2.17402 
730 0.997759 0.947943 -98085.2 2.20914 
740 0.997953 0.758355 -98098.8 2.242 
750 0.997735 0.422047 -98095.4 2.27282 
760 0.997756 0.385907 -98095.6 2.30589 
770 0.998069 -0.479865 -98112.1 2.33862 
780 0.99793 0.677382 -98102 2.37154 
790 0.99793 0.744742 -98102 2.4022 
800 0.997891 -0.663295 -98102.9 2.43751 
810 0.997923 0.488509 -98101.7 2.46931 
820 0.997924 -0.0234661 -98102.5 2.5018 
830 0.997911 0.595253 -98101.4 2.53298 
840 0.997916 -0.55153 -98095.6 2.56673 
850 0.997914 0.320291 -98095.5 2.59776 
860 0.997914 -0.219361 -98095.5 2.62557 
870 0.997837 0.268678 -98095 2.65668 
880 0.997821 -0.0655819 -98093.5 2.68848 
890 0.997567 -0.98898 -98074.9 2.72336 
900 0.997758 0.80985 -98081.2 2.75602 
910 0.997801 0.309122 -98086.4 2.7908 
920 0.997841 0.668999 -98088.2 2.8207 
930 0.997833 0.875613 -98087.5 2.85259 
940 0.997755 -0.42488 -98081.3 2.88317 
950 0.997754 -0.394112 -98081.7 2.91593 
960 0.99759 -0.678137 -98075.5 2.9509 
970 0.997565 0.809068 -98075.4 2.98054 
980 0.997545 0.962827 -98070.3 3.01351 
990 0.997529 0.116818 -98071.3 3.04908 
1000 0.997507 -0.600389 -98068 3.08243 
1010 0.997507 -0.983731 -98068 3.1131 
1020 0.997513 0.816204 -98068.6 3.13801 
1030 0.997497 0.192783 -98070.9 3.17172 
1040 0.997494 0.714466 -98070.5 3.20346 
1050 0.997565 0.454271 -98079.3 3.23704 
1060 0.997564 -0.0462147 -98079 3.263 
1070 0.997639 0.605436 -98082.1 3.29632 
1080 0.997639 -0.517387 -98082.1 3.32699 
1090 0.997639 -0.776437 -98082.1 3.35781 
1100 0.997438 0.715124 -98071.1 3.38765 
1110 0.997433 -0.0778187 -98071.1 3.41747 
1120 0.997433 -0.688656 -98071.1 3.43945 
1130 0.997433 0.622085 -98071.1 3.4701 
1140 0.997463 -0.143693 -98072.9 3.49928 
1150 0.997416 0.478625 -98072.3 3.53256 
1160 0.9974 -0.958307 -98071.2 3.56397 
1170 0.997449 0.433642 -98066.4 3.59809 
1180 0.997449 -0.901208 -98066.4 3.62876 
1190 0.997319 0.864494 -98066.6 3.65987 
1200 0.997426 0.192938 -98061.7 3.68906 
1210 0.997454 -0.793798 -98065.1 3.72445 
1220 0.997451 0.333801 -98062.1 3.75514 
1230 0.997493 -0.620762 -98068.8 3.78669 
1240 0.997493 -0.907306 -98068.8 3.81738 
1250 0.997493 -0.296654 -98068.8 3.84528 
1260 0.99749 -0.839373 -98069 3.87383 
1270 0.99747 -0.933552 -98065.7 3.90595 
1280 0.997482 -0.500184 -98068.1 3.9379 
1290 0.997399 -0.374514 -98065.5 3.97553 
1300 0.997314 0.682858 -98058.1 4.01033 
1310 0.9973 -0.927706 -98058.9 4.04328 
1320 0.997303 -0.0239442 -98059.3 4.07407 
1330 0.997303 -0.465057 -98059.3 4.09605 
1340 0.99733 0.459273 -98058.3 4.12976 
1350 0.997352 -0.714332 -98059.6 4.16173 
1360 0.997334 -0.362107 -98054.5 4.19386 
1370 0.997397 -0.194947 -98061.6 4.22713 
1380 0.997407 0.767425 -98062.4 4.25804 
1390 0.997407 -0.699849 -98062.4 4.28876 
1400 0.997407 0.310673 -98062.4 4.31652 
1410 0.997636 -0.0268746 -98071 4.35266 
1420 0.997636 0.393118 -98071.2 4.38436 
1430 0.997644 0.978133 -98072.5 4.41684 
1440 0.997644 0.00699836 -98072.5 4.44196 
1450 0.997528 -0.0150533 -98068.7 4.47458 
1460 0.997602 -0.365201 -98073.8 4.50529 
1470 0.997579 -0.0107093 -98070.8 4.54064 
1480 0.997493 -0.275029 -98079.3 4.57425 
1490 0.997527 -0.772634 -98078.8 4.60528 
1500 0.997527 -0.925141 -98078.8 4.63619 
1510 0.997502 -0.483757 -98078.7 4.66867 
1520 0.997457 0.531081 -98073.9 4.70095 
1530 0.997398 0.772375 -98069.8 4.73459 
1540 0.997436 -0.886224 -98073.5 4.76653 
1550 0.99743 -0.801715 -98072.2 4.79886 
1560 0.997513 -0.373787 -98076.3 4.83357 
1570 0.997524 0.394248 -98076 4.86166 
1580 0.997569 -0.991815 -98075.2 4.89589 
1590 0.997538 0.421633 -98072.6 4.92802 
1600 0.997534 -0.575894 -98073.5 4.95689 
1610 0.997538 0.80698 -98073.3 4.9884 
1620 0.997451 -0.24247 -98064.2 5.02383 
1630 0.997474 -0.916532 -98065.9 5.0559 
1640 0.997475 -0.0326512 -98065.9 5.08365 
1650 0.997479 0.490879 -98067.3 5.11721 
1660 0.997481 0.841412 -98066.4 5.14985 
1670 0.997508 0.229873 -98067.2 5.17959 
1680 0.997508 -0.00536787 -98067.2 5.2074 
1690 0.997506 0.266859 -98066.8 5.23606 
1700 0.997504 0.640935 -98067.1 5.26904 
1710 0.997722 -0.19864 -98074.1 5.29942 
1720 0.997723 0.00959843 -98074.1 5.3276 
1730 0.997701 -0.704998 -98072.2 5.35603 
1740 0.997768 -0.107432 -98076.2 5.38913 
1750 0.997741 -0.450312 -98075.9 5.4193 
1760 0.997653 -0.62473 -98068.4 5.45229 
1770 0.997672 -0.32331 -98067.9 5.48294 
1780 0.997668 -0.618622 -98067.5 5.51118 
1790 0.997668 0.979266 -98067.5 5.53895 
1800 0.997567 -0.44279 -98068.7 5.56999 
1810 0.997565 0.894685 -98068.2 5.60113 
1820 0.997568 -0.182298 -98066.6 5.63035 
1830 0.997568 -0.289339 -98066.6 5.65526 
1840 0.997568 0.518093 -98066.6 5.68596 
1850 0.997565 0.291419 -98066.2 5.71697 
1860 0.997588 0.238444 -98069.6 5.7498 
1870 0.997573 0.055285 -98069.7 5.78252 
1880 0.997572 -0.0387212 -98069.6 5.81033 
1890 0.997483 -0.672362 -98065.4 5.84333 
1900 0.997382 -0.907556 -98068.6 5.87546 
1910 0.997382 -0.427967 -98068.6 5.9033 
1920 0.997363 -0.389586 -98066.8 5.93458 
1930 0.997393 0.817231 -98066.7 5.96689 
1940 0.997393 0.859838 -98066.8 5.99757 
1950 0.997393 0.173127 -98066.7 6.02826 
1960 0.997393 0.161993 -98066.8 6.05901 
1970 0.997342 -0.331069 -98062.2 6.08435 
1980 0.997504 -0.324195 -98066.8 6.11856 
1990 0.9975 -0.766537 -98068.1 6.15102 
2000 0.997434 0.526364 -98063.1 6.18626 
2010 0.997518 0.996584 -98070.5 6.21883 
2020 0.997513 0.260238 -98070.1 6.24969 
2030 0.99762 -0.656533 -98074 6.2824 
2040 0.997637 0.579502 -98070.7 6.31512 
2050 0.997632 -0.814762 -98068.8 6.34882 
2060 0.997633 -0.0517193 -98068.8 6.3766 
2070 0.997633 -0.79129 -98068.8 6.40154 
2080 0.997598 0.00383598 -98060.1 6.43576 
2090 0.997598 -0.00111012 -98060.1 6.4665 
2100 0.997598 -0.427043 -98060 6.49721 
2110 0.997598 -0.937908 -98060.1 6.52811 
2120 0.997658 -0.722135 -98063.5 6.56034 
2130 0.997645 -0.30516 -98062.1 6.59151 
2140 0.997649 -0.416868 -98062.6 6.61678 
2150 0.997649 0.699494 -98062.6 6.64744 
2160 0.997653 0.651763 -98064.5 6.68026 
2170 0.997648 -0.794151 -98064.2 6.71137 
2180 0.997648 0.646261 -98064.2 6.73937 
2190 0.997671 -0.616266 -98067.9 6.77254 
2200 0.997688 0.543185 -98069.5 6.80096 
2210 0.997688 0.970881 -98069.5 6.82888 
2220 0.997661 -0.408855 -98067.2 6.86084 
2230 0.997661 0.389274 -98067.2 6.89155 
2240 0.997661 -0.796451 -98067.2 6.91931 
2250 0.997661 0.465711 -98067.1 6.95007 
2260 0.997661 -0.805683 -98067.2 6.98075 
2270 0.997661 -0.759708 -98067.1 7.01146 
2280 0.997661 -0.915266 -98067.1 7.04216 
2290 0.997677 0.279568 -98066.4 7.07166 
2300 0.997673 -0.871905 -98066 7.10577 
2310 0.997657 0.23492 -98062.4 7.14118 
2320 0.997647 0.245379 -98061.8 7.17301 
2330 0.997647 -0.962634 -98061.7 7.2009 
2340 0.997647 -0.0916317 -98061.8 7.23163 
2350 0.997644 0.410401 -98072.2 7.26289 
2360 0.997515 0.921722 -98063.7 7.2947 
2370 0.997531 -0.961463 -98064.7 7.32616 
2380 0.997551 0.166761 -98069 7.35878 
2390 0.997629 0.772933 -98073.3 7.3927 
2400 0.997633 0.552187 -98073.6 7.42392 
2410 0.997633 -0.149199 -98073.6 7.45485 
2420 0.997625 0.776696 -98073 7.48697 
2430 0.997587 -0.964124 -98065.6 7.52004 
2440 0.997587 0.587249 -98065.6 7.54798 
2450 0.997587 0.915676 -98065.6 7.57866 
2460 0.997587 0.964584 -98065.6 7.60933 
2470 0.997554 0.081511 -98064.9 7.63731 
2480 0.997569 0.192766 -98072.4 7.67071 
2490 0.997625 -0.225147 -98066.2 7.70382 
2500 0.997625 0.569821 -98066.2 7.72873 
2510 0.997625 -0.875664 -98066.2 7.75969 
2520 0.997628 -0.900522 -98067 7.79397 
2530 0.997514 -0.0856486 -98058.9 7.82759 
2540 0.997514 0.825132 -98058.9 7.85845 
2550 0.997538 -0.719477 -98060.6 7.88742 
2560 0.997546 -0.909957 -98061.6 7.91891 
2570 0.997559 -0.397383 -98060.8 7.94847 
2580 0.997667 0.685143 -98066 7.97713 
2590 0.997663 0.387342 -98064.2 8.00542 
2600 0.997514 0.756906 -98064 8.03602 
2610 0.997519 -0.83554 -98065 8.06803 
2620 0.99748 0.0534805 -98062.2 8.1004 
2630 0.997483 0.597191 -98062.5 8.13126 
2640 0.997557 -0.155783 -98065.3 8.1612 
2650 0.997557 0.477351 -98065.3 8.1919 
2660 0.997556 -0.668079 -98065.3 8.22257 
2670 0.997519 0.0433429 -98062.1 8.25576 
2680 0.997562 -0.880208 -98066.7 8.28916 
2690 0.997562 0.847899 -98066.7 8.32002 
2700 0.997562 0.679882 -98066.7 8.34787 
2710 0.997583 -0.434865 -98068.8 8.37956 
2720 0.997568 0.946372 -98067.6 8.41141 
2730 0.997573 -0.204553 -98067.5 8.43741 
2740 0.997566 -0.0140565 -98065.7 8.47141 
2750 0.997551 0.757039 -98068.7 8.5022 
2760 0.997532 -0.7493 -98066.6 8.53087 
2770 0.997532 0.306137 -98066.6 8.55581 
2780 0.997445 -0.254137 -98059.4 8.59177 
2790 0.997445 -0.703517 -98059.4 8.62244 
2800 0.997458 0.148509 -98058.7 8.65502 
2810 0.997544 -0.575458 -98065.2 8.68801 
2820 0.997544 0.976176 -98065.2 8.71587 
2830 0.997571 0.236335 -98067.8 8.74879 
2840 0.997516 -0.533215 -98067 8.7811 
2850 0.997521 -0.646507 -98067.3 8.80911 
2860 0.997568 0.296756 -98070 8.84107 
2870 0.997568 0.00400033 -98070 8.87187 
2880 0.997576 0.23064 -98070.9 8.90299 
2890 0.997547 0.644327 -98062 8.93367 
2900 0.997639 0.123502 -98068.8 8.96903 
2910 0.997639 -0.42232 -98068.8 8.9997 
2920 0.997637 -0.481532 -98068.5 9.03183 
2930 0.997733 0.170935 -98078.8 9.06289 
2940 0.997705 -0.475348 -98075.8 9.09218 
2950 0.997568 0.333607 -98068.7 9.12907 
2960 0.997579 0.440105 -98065 9.16149 
2970 0.997576 -0.352945 -98071 9.19334 
2980 0.997581 0.661863 -98071.4 9.22599 
2990 0.997581 -0.981034 -98071.4 9.25682 
3000 0.997485 0.740436 -98069.4 9.29099 
3010 0.997601 0.721131 -98076.4 9.32338 
3020 0.997601 -0.00265667 -98076.3 9.35182 
3030 0.99744 -0.671881 -98071.1 9.38059 
3040 0.997408 -0.53629 -98066.7 9.41341 
3050 0.997443 0.524774 -98068.7 9.4457 
3060 0.997435 0.242964 -98066 9.4777 
3070 0.997399 -0.860892 -98065.8 9.50995 
3080 0.997422 0.873417 -98063.3 9.5407 
3090 0.997371 -0.0627335 -98059.2 9.57362 
3100 0.997371 0.899801 -98059.2 9.60143 
3110 0.997508 0.168921 -98060.7 9.63389 
3120 0.997562 -0.517822 -98059.1 9.66692 
3130 0.997671 0.265666 -98069.6 9.6984 
3140 0.997672 -0.783923 -98069.6 9.72909 
3150 0.997672 -0.182109 -98069.7 9.75702 
3160 0.997642 -0.045293 -98070.3 9.78966 
3170 0.997648 -0.812486 -98070.8 9.81492 
3180 0.997637 -0.222178 -98067.9 9.8486 
3190 0.997637 0.871499 -98067.9 9.87639 
3200 0.997554 -0.075031 -98062.1 9.90919 
3210 0.99752 0.234251 -98063.2 9.941 
3220 0.997524 0.614665 -98063.4 9.96923 
3230 0.997524 -0.587844 -98063.4 9.9999 
3240 0.997515 0.838525 -98062.7 10.0311 
3250 0.997574 0.0413849 -98061.4 10.0587 
3260 0.997574 -0.448177 -98061.4 10.0867 
3270 0.997574 -0.795092 -98061.4 10.1145 
3280 0.997553 0.125415 -98060.6 10.1502 
3290 0.997359 0.824842 -98052.5 10.1819 
3300 0.997553 -0.633975 -98056.5 10.2148 
3310 0.997499 0.487369 -98051.6 10.2467 
3320 0.997491 -0.785664 -98054.3 10.2792 
3330 0.997513 -0.61064 -98055.8 10.3075 
3340 0.997513 0.199451 -98055.8 10.3382 
3350 0.997514 -0.358686 -98056 10.3664 
3360 0.997514 0.739166 -98055.9 10.3972 
3370 0.997537 -0.327907 -98057.8 10.4289 
3380 0.997537 -0.977665 -98057.7 10.4596 
3390 0.997536 0.355215 -98057.7 10.4845 
3400 0.997524 0.691147 -98057.4 10.5138 
3410 0.997524 0.280245 -98057.4 10.5417 
3420 0.997506 -0.343865 -98058.6 10.5754 
3430 0.997557 0.257784 -98060.4 10.6071 
3440 0.99748 0.571813 -98057.9 10.6388 
3450 0.997434 -0.158041 -98053 10.6712 
3460 0.997567 -0.871072 -98061 10.7052 
3470 0.997567 -0.592957 -98061 10.7302 
3480 0.997533 -0.468825 -98059.7 10.7598 
3490 0.997477 0.373143 -98057.2 10.7943 
3500 0.997374 -0.815863 -98051.5 10.8242 
3510 0.997377 0.959726 -98051.8 10.8551 
3520 0.997411 -0.817339 -98056.8 10.888 
3530 0.997392 0.513907 -98059.7 10.9224 
3540 0.997447 0.173045 -98063.5 10.9559 
3550 0.997447 -0.751481 -98063.5 10.9866 
3560 0.997504 0.193032 -98069.2 11.0199 
3570 0.99754 -0.218645 -98068.6 11.0523 
3580 0.99754 -0.350702 -98068.7 11.0832 
3590 0.997541 0.798701 -98068.7 11.114 
3600 0.997541 -0.579236 -98068.7 11.1447 
3610 0.997523 0.562605 -98067.4 11.173 
3620 0.997527 0.808034 -98067.8 11.2044 
3630 0.997527 -0.684868 -98067.8 11.2323 
3640 0.997527 0.839111 -98067.8 11.26 
3650 0.997508 -0.701473 -98065.1 11.2898 
3660 0.997484 0.963994 -98062.5 11.3221 
3670 0.997531 0.269489 -98065.3 11.3523 
3680 0.997535 0.0828777 -98065.6 11.3807 
3690 0.997498 -0.243821 -98062.8 11.4124 
3700 0.997497 -0.178095 -98062.8 11.4402 
3710 0.997492 -0.836919 -98062.5 11.4716 
3720 0.997446 -0.466867 -98058.8 11.5057 
3730 0.997441 0.0755331 -98058.4 11.5313 
3740 0.997327 -0.893429 -98051.4 11.5631 
3750 0.997325 0.354351 -98051.6 11.5943 
3760 0.997447 -0.133257 -98058.6 11.6272 
3770 0.997447 0.201228 -98058.6 11.6579 
3780 0.997447 -0.801427 -98058.6 11.6886 
3790 0.997435 -0.425695 -98057.5 11.7196 
3800 0.997421 -0.0598128 -98056.1 11.7507 
3810 0.997459 -0.875969 -98059.9 11.782 
3820 0.997459 -0.728445 -98059.9 11.8126 
3830 0.997459 0.000570874 -98059.9 11.8375 
3840 0.997454 -0.914688 -98060.4 11.8615 
3850 0.997455 0.915322 -98060.5 11.8922 
3860 0.997455 0.0787893 -98060.5 11.9228 
3870 0.997455 -0.875243 -98060.4 11.9535 
3880 0.997485 -0.594336 -98060.6 11.9861 
3890 0.997466 0.0833381 -98057.7 12.0183 
3900 0.997462 -0.887492 -98057.3 12.0494 
3910 0.997462 0.897169 -98057.3 12.0803 
3920 0.997462 0.733491 -98057.3 12.111 
3930 0.997462 -0.193718 -98057.3 12.142 
3940 0.997478 0.571928 -98063.4 12.1723 
3950 0.997455 0.222481 -98062.7 12.2012 
3960 0.997446 0.831742 -98061.6 12.234 
3970 0.997398 0.484508 -98057.3 12.263 
3980 0.997456 0.259741 -98061.7 12.2957 
3990 0.997451 -0.819357 -98061 12.3269 
4000 0.997447 0.55209 -98061.6 12.3595 
4010 0.997447 -0.0549872 -98061.6 12.3873 
4020 0.997452 -0.183148 -98060.1 12.4214 
4030 0.997497 0.00580638 -98064.3 12.4523 
4040 0.997504 -0.26559 -98064.9 12.4853 
4050 0.997415 0.893523 -98063.2 12.5196 
4060 0.997415 -0.0794609 -98063.2 12.5503 
4070 0.997411 -0.456797 -98062.9 12.5786 
4080 0.997421 -0.830427 -98064.2 12.6072 
4090 0.99748 0.240815 -98069.2 12.6404 
4100 0.997479 -0.808868 -98069.2 12.6682 
4110 0.99755 -0.378946 -98074 12.7022 
4120 0.997538 0.0779215 -98073.6 12.735 
4130 0.997553 0.65622 -98074.6 12.7662 
4140 0.99753 -0.968724 -98071.4 12.8008 
4150 0.997463 -0.279939 -98061.8 12.8318 
4160 0.997462 -0.830373 -98061.7 12.8627 
4170 0.997444 -0.969489 -98060 12.8943 
4180 0.997457 -0.47872 -98061.4 12.9224 
4190 0.997463 -0.654799 -98061.8 12.9534 
4200 0.997513 0.669247 -98068.3 12.9824 
4210 0.997513 0.454806 -98068.3 13.0103 
4220 0.99752 -0.565677 -98063.6 13.0426 
4230 0.997617 -0.233544 -98066.1 13.0726 
4240 0.997622 -0.414773 -98065.9 13.1052 
4250 0.997622 -0.931726 -98065.9 13.1332 
4260 0.997621 -0.512322 -98065.8 13.1641 
4270 0.997661 0.417917 -98066.6 13.1942 
4280 0.997505 -0.197904 -98061.9 13.231 
4290 0.997403 -0.0829923 -98063.2 13.2642 
4300 0.997403 0.414918 -98063.2 13.2949 
4310 0.997443 -0.899427 -98060.4 13.3276 
4320 0.997443 -0.854428 -98060.4 13.3585 
4330 0.997389 -0.158456 -98057.5 13.3982 
4340 0.997467 0.297125 -98061.6 13.4327 
4350 0.997467 -0.20188 -98061.6 13.4634 
4360 0.997459 0.769667 -98064.2 13.4935 
4370 0.997454 0.994502 -98064.8 13.5266 
4380 0.997454 -0.807209 -98064.8 13.5573 
4390 0.997562 -0.0605259 -98073 13.5845 
4400 0.997566 -0.769639 -98073.6 13.6156 
4410 0.997519 -0.282963 -98067.4 13.6471 
4420 0.997548 0.328097 -98069.8 13.6782 
4430 0.997548 0.475201 -98069.8 13.7089 
4440 0.997509 -0.251305 -98064.8 13.7392 
4450 0.997468 -0.180649 -98056.6 13.7722 
4460 0.997483 0.148151 -98057.6 13.801 
4470 0.997389 -0.691816 -98054.4 13.8347 
4480 0.997445 -0.107996 -98049.3 13.868 
4490 0.997454 -0.475795 -98047.8 13.8999 
4500 0.997514 -0.16363 -98051.4 13.9331 
4510 0.997524 0.83316 -98052.5 13.961 
4520 0.997524 -0.00920633 -98052.5 13.9888 
4530 0.997515 0.829075 -98051.4 14.0168 
4540 0.997444 -0.910197 -98048.1 14.0507 
4550 0.997478 0.65539 -98051.6 14.084 
4560 0.997501 -0.515453 -98053.3 14.1156 
4570 0.997501 0.89148 -98053.3 14.1464 
4580 0.997533 -0.366646 -98056.6 14.1838 
4590 0.997533 -0.542996 -98056.6 14.2145 
4600 0.997547 0.857594 -98059.4 14.2536 
4610 0.997547 0.613703 -98059.4 14.2843 
4620 0.997546 -0.55355 -98059.2 14.3127 
4630 0.99755 -0.311925 -98059.5 14.3425 
4640 0.997571 -0.727347 -98063.4 14.3753 
4650 0.99759 -0.961705 -98064.1 14.4087 
4660 0.997545 -0.158387 -98065.5 14.4401 
4670 0.997545 0.33161 -98065.5 14.4708 
4680 0.997547 0.600247 -98065.5 14.4989 
4690 0.997547 -0.626179 -98065.5 14.524 
4700 0.997547 0.981562 -98065.5 14.5518 
4710 0.997534 -0.257484 -98055 14.5815 
4720 0.997567 0.451321 -98056.8 14.6132 
4730 0.997566 -0.341127 -98056.7 14.6418 
4740 0.997535 0.532263 -98054.8 14.6751 
4750 0.997535 0.735584 -98054.8 14.7 
4760 0.997588 -0.0872684 -98067.4 14.7343 
4770 0.997591 -0.663563 -98067.6 14.7651 
4780 0.997652 -0.0117985 -98067.6 14.8001 
4790 0.997596 -0.183711 -98061.8 14.8325 
4800 0.997529 -0.91981 -98056.7 14.8638 
4810 0.997507 -0.54674 -98054.9 14.8951 
4820 0.997507 -0.089365 -98054.9 14.9229 
4830 0.997629 -0.75034 -98065.2 14.9559 
4840 0.997629 -0.379868 -98065.2 14.9865 
4850 0.997551 0.110328 -98059.2 15.0183 
4860 0.997474 0.900469 -98059.4 15.0523 
4870 0.997488 -0.249063 -98061.3 15.0839 
4880 0.997527 -0.24895 -98056.2 15.1149 
4890 0.997514 0.269594 -98053.8 15.1495 
4900 0.997514 0.505857 -98053.8 15.1801 
4910 0.997514 -0.851299 -98053.8 15.205 
4920 0.997514 0.99361 -98053.8 15.2305 
4930 0.997514 -0.8712 -98053.8 15.2614 
4940 0.997514 0.494582 -98053.8 15.2921 
4950 0.997514 0.972796 -98053.7 15.3236 
4960 0.997449 0.373486 -98047.7 15.3575 
4970 0.997444 -0.246994 -98047.7 15.389 
4980 0.997443 0.220502 -98047.6 15.4199 
4990 0.99753 -0.427721 -98065.3 15.4536 
5000 0.997423 -0.987675 -98060.9 15.4836 
5010 0.997406 -0.978925 -98057.9 15.5166 
5020 0.997406 0.844659 -98057.9 15.5473 
5030 0.997444 -0.746511 -98058.6 15.5797 
5040 0.99752 0.466717 -98062.3 15.6141 
5050 0.997581 0.746048 -98067.4 15.6434 
5060 0.997545 0.777387 -98062.9 15.6754 
5070 0.997539 -0.4629 -98060.2 15.7072 
5080 0.997539 -0.813005 -98060.3 15.7379 
5090 0.99751 -0.180206 -98056.8 15.7668 
5100 0.997509 0.785569 -98056.8 15.7975 
5110 0.997539 0.829416 -98059 15.8293 
5120 0.997539 -0.230653 -98059.7 15.8612 
5130 0.997552 -0.0540867 -98059.8 15.8864 
5140 0.997552 -0.217965 -98059.8 15.9171 
5150 0.997577 -0.735999 -98061.8 15.9494 
5160 0.997611 0.448104 -98058 15.9849 
5170 0.9976 0.225668 -98057.7 16.0172 
5180 0.9976 -0.567621 -98057.7 16.0479 
5190 0.9976 -0.310539 -98057.7 16.0786 
5200 0.99753 0.40112 -98056.1 16.11 
5210 0.997551 -0.539124 -98058.7 16.1425 
5220 0.997556 0.444677 -98059.1 16.1738 
5230 0.997556 0.945794 -98059 16.2018 
5240 0.997579 0.238164 -98061.4 16.2343 
5250 0.99758 0.805466 -98061.5 16.265 
5260 0.997599 -0.431958 -98063.2 16.2967 
5270 0.997519 0.758294 -98058.6 16.3316 
5280 0.997488 -0.235191 -98049.8 16.361 
5290 0.997485 -0.766246 -98049.9 16.3936 
5300 0.997467 0.900848 -98047.8 16.4191 
5310 0.997468 0.317974 -98049.3 16.4522 
5320 0.99751 0.0439291 -98052.9 16.4856 
5330 0.997525 -0.586088 -98050.9 16.5154 
5340 0.997525 -0.748499 -98051 16.5405 
5350 0.997542 0.280159 -98052.3 16.5723 
5360 0.997545 -0.624163 -98052.7 16.6034 
5370 0.997448 0.0342301 -98050.4 16.6363 
5380 0.997462 -0.670826 -98050.3 16.6693 
5390 0.997491 -0.112137 -98053.1 16.6993 
5400 0.997405 -0.509832 -98046.7 16.7295 
5410 0.997411 0.387738 -98046.9 16.7608 
5420 0.997456 0.417247 -98051.2 16.79 
5430 0.997456 0.93306 -98051.2 16.8207 
5440 0.997456 0.955129 -98051.2 16.8486 
5450 0.997463 -0.191058 -98055.3 16.8777 
5460 0.997464 -0.592052 -98055.6 16.9092 
5470 0.997496 0.647072 -98056.8 16.9424 
5480 0.997441 0.665333 -98051.6 16.9743 
5490 0.997441 0.762957 -98051.6 17.0051 
5500 0.997452 0.767721 -98049.8 17.0381 
5510 0.997479 0.707797 -98052.7 17.0673 
5520 0.997506 0.318193 -98055 17.0985 
5530 0.997555 -0.0611733 -98060.5 17.135 
5540 0.997488 0.289762 -98058.4 17.1686 
5550 0.997488 -0.300058 -98058.4 17.1963 
5560 0.997523 -0.650254 -98062.1 17.2231 
5570 0.997523 -0.0190922 -98062 17.2538 
5580 0.99751 0.689326 -98063.2 17.2889 
5590 0.997499 -0.0875667 -98060.6 17.3218 
5600 0.997499 0.212044 -98060.7 17.3526 
5610 0.997511 0.278697 -98057.1 17.3833 
5620 0.9976 -0.551065 -98064.4 17.4166 
5630 0.997668 0.724228 -98067.7 17.4406 
5640 0.997677 -0.649859 -98068.3 17.4717 
5650 0.997654 0.224608 -98067.5 17.5063 
5660 0.997654 0.35274 -98067.5 17.5371 
5670 0.997588 -0.103413 -98061.9 17.5707 
5680 0.997598 0.607155 -98063 17.5978 
5690 0.997485 0.505739 -98054.4 17.6308 
5700 0.99744 -0.687072 -98054.6 17.6609 
5710 0.997408 0.402514 -98053.7 17.691 
5720 0.9975 0.974867 -98058.8 17.7231 
5730 0.9975 -0.889556 -98058.8 17.7538 
5740 0.997501 0.646546 -98058.5 17.7855 
5750 0.997501 -0.197261 -98058.5 17.8162 
5760 0.997501 0.416836 -98058.5 17.844 
5770 0.997456 -0.358787 -98057.3 17.8764 
5780 0.997511 -0.109669 -98059.5 17.9119 
5790 0.997538 -0.85751 -98059.2 17.9423 
5800 0.99753 -0.293485 -98061.4 17.9721 
5810 0.99753 -0.114318 -98061.4 18.0028 
5820 0.997498 0.328093 -98057.7 18.0365 
5830 0.997497 0.524217 -98057.6 18.0674 
5840 0.997497 0.456738 -98057.6 18.0981 
5850 0.997546 -0.246813 -98060.4 18.1334 
5860 0.99752 -0.614341 -98062.9 18.1671 
5870 0.997491 -0.628806 -98059 18.2015 
5880 0.997481 -0.0709395 -98059.3 18.2309 
5890 0.99748 -0.647855 -98059.3 18.2617 
5900 0.997499 -0.68106 -98061.2 18.2843 
5910 0.997497 -0.355944 -98061 18.3156 
5920 0.997497 0.809381 -98061 18.3463 
5930 0.997566 0.0607371 -98063.4 18.3774 
5940 0.997541 0.910756 -98061.1 18.4028 
5950 0.99753 0.375046 -98059.8 18.4329 
5960 0.99757 0.996637 -98066.6 18.4678 
5970 0.997509 0.941567 -98061.6 18.497 
5980 0.997509 0.949659 -98061.6 18.5277 
5990 0.997605 -0.403925 -98069.9 18.5586 
6000 0.997605 0.916991 -98069.9 18.5864 
6010 0.997692 -0.0370404 -98071.4 18.6189 
6020 0.997692 0.482729 -98071.4 18.6496 
6030 0.997712 -0.923921 -98073.2 18.678 
6040 0.997715 0.635357 -98073.3 18.7089 
6050 0.997715 -0.715297 -98073.3 18.7396 
6060 0.997736 0.568123 -98073.7 18.7718 
6070 0.997736 0.518088 -98073.7 18.8025 
6080 0.997697 0.704958 -98068.9 18.8345 
6090 0.9977 -0.733189 -98069.9 18.8631 
6100 0.997698 0.465812 -98069.7 18.8913 
6110 0.997723 0.900901 -98071.6 18.9245 
6120 0.997723 -0.984081 -98071.4 18.9558 
6130 0.997578 -0.151206 -98064.3 18.9862 
6140 0.997578 0.734518 -98064.3 19.017 
6150 0.997453 0.297441 -98056.9 19.0525 
6160 0.997433 -0.580023 -98054.4 19.0849 
6170 0.997445 0.350343 -98046.9 19.1137 
6180 0.997475 -0.480604 -98057.4 19.1385 
6190 0.997492 0.0256813 -98059.7 19.1715 
6200 0.997468 0.646591 -98057.4 19.2033 
6210 0.997466 -0.150622 -98063.3 19.2373 
6220 0.997466 -0.891388 -98063.3 19.2681 
6230 0.997466 -0.367063 -98063.4 19.2991 
6240 0.997478 -0.403918 -98062.6 19.3292 
6250 0.997492 -0.289113 -98065.3 19.3584 
6260 0.997506 -0.24692 -98067.8 19.3917 
6270 0.997523 -0.851128 -98068.9 19.4209 
6280 0.997523 -0.643328 -98068.9 19.4516 
6290 0.997513 0.826047 -98071 19.4854 
6300 0.997513 -0.867604 -98071 19.5161 
6310 0.997487 -0.597209 -98069.2 19.55 
6320 0.997452 0.145204 -98063.9 19.5839 
6330 0.997477 0.709616 -98066.9 19.6168 
6340 0.997464 0.869586 -98066 19.648 
6350 0.997487 0.55473 -98067.9 19.6773 
6360 0.997493 0.87954 -98070.8 19.7074 
6370 0.997497 -0.369265 -98071.2 19.7382 
6380 0.997508 -0.646922 -98072.4 19.7696 
6390 0.997508 -0.461844 -98072.4 19.8002 
6400 0.997599 -0.109078 -98073.4 19.8343 
6410 0.997599 -0.667526 -98073.5 19.865 
6420 0.997614 0.560176 -98075.2 19.8959 
6430 0.997614 0.582396 -98075.2 19.9266 
6440 0.997609 -0.767895 -98075.2 19.9592 
6450 0.997619 -0.954862 -98075.4 19.9912 
6460 0.997619 -0.521122 -98075.4 20.019 
6470 0.997674 -0.332861 -98080.9 20.0492 
6480 0.997674 0.671216 -98080.8 20.0799 
6490 0.997516 0.853616 -98072.5 20.1105 
6500 0.997529 -0.914567 -98071.5 20.1416 
6510 0.997531 0.518449 -98070.4 20.1718 
6520 0.997587 0.547625 -98076 20.2055 
6530 0.997587 0.0374392 -98076 20.2361 
6540 0.997542 -0.0800023 -98070.4 20.2691 
6550 0.997541 -0.529582 -98070.4 20.2997 
6560 0.997541 0.41025 -98070.4 20.3276 
6570 0.997542 0.537985 -98070.5 20.3584 
6580 0.997569 0.278473 -98072 20.3913 
6590 0.997543 -0.8627 -98070.2 20.4239 
6600 0.997543 -0.30766 -98070.2 20.4546 
6610 0.997577 0.142635 -98069 20.4879 
6620 0.997528 -0.969289 -98061.6 20.5231 
6630 0.997528 -0.30265 -98061.6 20.5509 
6640 0.997528 -0.159057 -98061.6 20.5817 
6650 0.99754 -0.00499012 -98063.1 20.6115 
6660 0.99752 0.867015 -98062.4 20.6438 
6670 0.997519 -0.0054006 -98065.4 20.6769 
6680 0.997495 0.99217 -98062.5 20.7093 
6690 0.997511 -0.768696 -98064 20.7416 
6700 0.997511 0.339782 -98064.1 20.7723 
6710 0.997564 -0.532699 -98069.8 20.8028 
6720 0.997573 0.450565 -98070.8 20.8342 
6730 0.997518 -0.750075 -98065.5 20.8671 
6740 0.997489 0.117066 -98061.7 20.8911 
6750 0.997512 -0.602782 -98063.7 20.9197 
6760 0.997511 0.528402 -98063.5 20.9512 
6770 0.997428 -0.934805 -98059.6 20.9848 
6780 0.997472 -0.0200208 -98066.9 21.0175 
6790 0.997438 -0.740409 -98065.4 21.0501 
6800 0.997448 0.562688 -98066.4 21.0851 
6810 0.997365 0.600127 -98061.1 21.1203 
6820 0.997382 -0.141834 -98062.5 21.1514 
6830 0.997382 -0.618796 -98062.5 21.1821 
6840 0.997372 -0.86439 -98061 21.2144 
6850 0.99736 -0.271461 -98060.2 21.2458 
6860 0.997645 -0.500764 -98077.8 21.2828 
6870 0.997647 0.574877 -98074.5 21.3157 
6880 0.997626 0.789546 -98073.3 21.3447 
6890 0.997626 -0.206086 -98073.3 21.3754 
6900 0.997607 -0.422818 -98071 21.4052 
6910 0.997536 -0.0800199 -98069 21.4353 
6920 0.997575 0.456544 -98071.3 21.4672 
6930 0.997575 0.801429 -98071.3 21.4978 
6940 0.997575 0.33127 -98071.3 21.5287 
6950 0.997567 0.907761 -98070.8 21.5575 
6960 0.997565 -0.13867 -98070.1 21.5898 
6970 0.997547 0.168775 -98069.6 21.6226 
6980 0.99753 0.763412 -98068.1 21.6564 
6990 0.997541 0.876129 -98069.1 21.688 
7000 0.997541 0.488623 -98069.1 21.7188 
7010 0.997541 -0.40811 -98069.1 21.7495 
7020 0.997509 -0.6882 -98061.7 21.7827 
7030 0.997673 0.268506 -98073.2 21.816 
7040 0.997627 -0.379976 -98069.9 21.8475 
7050 0.997634 0.464175 -98077.5 21.879 
7060 0.997634 0.555981 -98077.5 21.9069 
7070 0.997637 0.70911 -98076.4 21.9399 
7080 0.997675 -0.462101 -98079.3 21.9691 
7090 0.997647 0.630007 -98076.9 22.0026 
7100 0.997627 0.224479 -98075.3 22.0354 
7110 0.997627 -0.663917 -98075.3 22.0661 
7120 0.997637 0.429026 -98076.3 22.0947 
7130 0.997641 -0.874622 -98076.6 22.1258 
7140 0.997643 -0.156534 -98076.7 22.1517 
7150 0.997647 0.917205 -98077.1 22.1817 
7160 0.997702 -0.101898 -98083.5 22.213 
7170 0.997702 -0.60327 -98083.6 22.241 
7180 0.997702 0.420555 -98083.5 22.2687 
7190 0.997665 0.493539 -98080 22.3008 
7200 0.997665 0.545785 -98080 22.3315 
7210 0.997657 -0.536162 -98078.8 22.3597 
7220 0.997641 0.259396 -98076.2 22.3927 
7230 0.997654 -0.473568 -98077.5 22.4224 
7240 0.997661 -0.946248 -98073 22.458 
7250 0.997578 -0.706614 -98067.8 22.491 
7260 0.997454 0.284964 -98060 22.5243 
7270 0.997499 -0.821697 -98065 22.5566 
7280 0.997487 0.854929 -98064.5 22.5886 
7290 0.997472 0.631271 -98063.2 22.6174 
7300 0.997546 0.213278 -98066.9 22.6488 
7310 0.997546 -0.169071 -98066.9 22.6797 
7320 0.997546 0.499554 -98066.9 22.7104 
7330 0.997562 -0.561414 -98068.2 22.7419 
7340 0.99756 0.141249 -98074.3 22.7719 
7350 0.997562 0.365 -98074.3 22.803 
7360 0.997554 -0.905927 -98072.5 22.8352 
7370 0.997605 0.746068 -98072.4 22.8693 
7380 0.997605 -0.757484 -98072.3 22.8999 
7390 0.99761 -0.306464 -98072.8 22.9309 
7400 0.997559 -0.302238 -98073.5 22.961 
7410 0.997416 -0.522587 -98064 22.9935 
7420 0.997416 -0.560845 -98064 23.0242 
7430 0.997321 0.4014 -98057.5 23.0563 
7440 0.997357 -0.812982 -98064.2 23.0893 
7450 0.997424 -0.671994 -98063.7 23.1249 
7460 0.997414 0.40574 -98061.3 23.158 
7470 0.997518 0.205009 -98067.3 23.1929 
7480 0.997466 -0.173142 -98063.2 23.2224 
7490 0.997469 0.366613 -98063.6 23.2534 
7500 0.997537 0.810787 -98065.2 23.2868 
7510 0.997478 0.476001 -98060.7 23.3172 
7520 0.997426 0.0773342 -98057.8 23.3507 
7530 0.997525 -0.277896 -98062.8 23.3856 
7540 0.997525 0.967404 -98062.8 23.4163 
7550 0.997453 -0.160461 -98062.8 23.4483 
7560 0.997455 -0.12356 -98065.8 23.4798 
7570 0.997453 -0.55008 -98065.6 23.5079 
7580 0.997436 0.755254 -98063.3 23.5401 
7590 0.997438 0.398084 -98063.5 23.571 
7600 0.997485 -0.326636 -98066.7 23.6004 
7610 0.997485 -0.659255 -98066.6 23.6283 
7620 0.997485 -0.28198 -98066.6 23.6591 
7630 0.997512 -0.337339 -98069 23.6911 
7640 0.997512 0.976364 -98069 23.7219 
7650 0.997488 0.96316 -98067.1 23.7486 
7660 0.997488 0.788721 -98067.1 23.7793 
7670 0.997468 0.0539886 -98068.1 23.8147 
7680 0.997466 -0.11521 -98067.9 23.8459 
7690 0.997522 0.387456 -98071.8 23.881 
7700 0.997522 0.369597 -98071.8 23.9088 
7710 0.997471 -0.915319 -98066.2 23.9424 
7720 0.997456 0.789173 -98065 23.9676 
7730 0.997451 0.265662 -98064.3 23.9926 
7740 0.99758 -0.435033 -98076.2 24.0274 
7750 0.997577 -0.151442 -98075.4 24.0562 
7760 0.997591 -0.795942 -98076.6 24.0815 
7770 0.997508 -0.290162 -98071.3 24.114 
7780 0.997578 0.537577 -98069.3 24.1482 
7790 0.997591 0.168034 -98070.7 24.1764 
7800 0.99759 0.896831 -98070.6 24.2044 
7810 0.99759 -0.457593 -98070.6 24.2323 
7820 0.99773 -0.255601 -98075 24.2656 
7830 0.997716 -0.0461936 -98073.1 24.2973 
7840 0.997708 -0.0383925 -98072.2 24.3283 
7850 0.997709 -0.0617586 -98072.3 24.3562 
7860 0.997544 0.953347 -98056.6 24.389 
7870 0.997544 -0.356466 -98056.7 24.4197 
7880 0.997613 0.938531 -98064.1 24.4521 
7890 0.997613 -0.0896011 -98064.1 24.477 
7900 0.997504 -0.370887 -98060.5 24.512 
7910 0.997493 -0.734615 -98059.1 24.5437 
7920 0.997476 0.429084 -98060 24.5731 
7930 0.997626 0.97376 -98071.9 24.6077 
7940 0.997581 0.439162 -98066.1 24.6407 
7950 0.997517 -0.934673 -98061.1 24.6766 
7960 0.997521 0.0448392 -98061.5 24.7047 
7970 0.997534 0.174508 -98063.2 24.7337 
7980 0.997517 0.793571 -98062.1 24.7685 
7990 0.997529 0.443824 -98063.4 24.7996 
8000 0.997445 -0.0528593 -98067.1 24.8285 
8010 0.997445 0.495992 -98067.1 24.8563 
8020 0.997443 0.0886916 -98067 24.8872 
8030 0.997442 -0.928155 -98066.5 24.9189 
8040 0.997393 0.501024 -98057.2 24.9438 
8050 0.997423 -0.0494624 -98062.8 24.9742 
8060 0.997314 -0.432825 -98058.3 25.0088 
8070 0.997314 0.172154 -98058.3 25.0366 
8080 0.997314 -0.33945 -98058.2 25.0675 
8090 0.997342 0.293397 -98059.2 25.0994 
8100 0.997267 -0.899556 -98057.4 25.1322 
8110 0.997267 -0.683967 -98057.3 25.1629 
8120 0.997229 0.325702 -98053.7 25.1952 
8130 0.997227 0.142431 -98053.5 25.2232 
8140 0.997365 -0.136802 -98060.2 25.2569 
8150 0.997365 -0.721271 -98061.9 25.2888 
8160 0.997394 0.708443 -98064.2 25.3207 
8170 0.997394 0.805303 -98064.2 25.3518 
8180 0.997394 -0.954145 -98064.2 25.3796 
8190 0.997394 -0.946753 -98064.1 25.4075 
8200 0.997394 -0.933644 -98064.1 25.4384 
8210 0.997395 0.647693 -98064.3 25.4665 
8220 0.997392 0.313903 -98061.9 25.5015 
8230 0.997494 -0.645688 -98065 25.5351 
8240 0.997485 -0.0976045 -98064 25.5656 
8250 0.997485 0.573461 -98064 25.5934 
8260 0.997439 0.205482 -98062.6 25.626 
8270 0.997333 -0.218895 -98061.1 25.6531 
8280 0.997382 0.776882 -98052 25.6857 
8290 0.997405 -0.451048 -98053.9 25.7148 
8300 0.997405 -0.135216 -98054 25.7456 
8310 0.997405 0.920424 -98054 25.7705 
8320 0.997408 -0.0215548 -98054.6 25.8035 
8330 0.997411 0.189506 -98054.3 25.8358 
8340 0.99746 0.477377 -98058.9 25.8655 
8350 0.997557 0.369672 -98063.5 25.8965 
8360 0.997521 0.889396 -98059.1 25.9331 
8370 0.997546 -0.772722 -98059.8 25.9654 
8380 0.997561 -0.348474 -98065.8 26.0003 
8390 0.997641 -0.200005 -98065.6 26.0275 
8400 0.997644 0.92507 -98067.8 26.0541 
8410 0.997641 -0.699095 -98069.5 26.0866 
8420 0.997648 0.848731 -98070.3 26.1182 
8430 0.997648 0.536747 -98070.3 26.1461 
8440 0.997648 0.467619 -98070.3 26.1769 
8450 0.99766 -0.0193234 -98071.8 26.2062 
8460 0.99766 -0.938311 -98071.8 26.2373 
8470 0.997661 0.947025 -98071.2 26.2691 
8480 0.997662 0.383136 -98071.3 26.2999 
8490 0.997671 -0.616268 -98072.4 26.3282 
8500 0.997671 0.450484 -98072.4 26.3589 
8510 0.997634 -0.403027 -98071.1 26.3945 
8520 0.997673 -0.904026 -98071.8 26.4267 
8530 0.997673 0.165465 -98071.7 26.4578 
8540 0.997572 0.0926999 -98069.5 26.4923 
8550 0.997588 0.717567 -98069.6 26.525 
8560 0.997588 -0.946379 -98069.6 26.5556 
8570 0.997518 0.811231 -98066.5 26.5896 
8580 0.997518 0.673908 -98066.5 26.6203 
8590 0.997522 -0.931053 -98066.2 26.6521 
8600 0.997541 0.67771 -98067.6 26.6837 
8610 0.997541 -0.466295 -98067.6 26.7115 
8620 0.997478 -0.630717 -98065.6 26.7404 
8630 0.997478 -0.404906 -98065.7 26.7682 
8640 0.997476 -0.732778 -98065.5 26.799 
8650 0.997476 -0.940136 -98065.5 26.8298 
8660 0.997466 0.678491 -98063.8 26.861 
8670 0.997477 0.208072 -98065.7 26.89 
8680 0.997477 0.976091 -98065.7 26.9178 
8690 0.997494 0.362132 -98068.1 26.9507 
8700 0.99744 0.416668 -98061.9 26.9842 
8710 0.997487 0.364722 -98065.1 27.0173 
8720 0.99748 0.71402 -98064.5 27.0453 
8730 0.997488 0.234485 -98065.2 27.0706 
8740 0.997488 0.426232 -98065.2 27.1013 
8750 0.9975 0.338874 -98066.9 27.1301 
8760 0.997521 -0.303064 -98062.1 27.162 
8770 0.99749 0.0389983 -98058.8 27.1936 
8780 0.997547 0.981235 -98069 27.229 
8790 0.997547 -0.00240537 -98069 27.2597 
8800 0.997547 -0.719433 -98069 27.2906 
8810 0.997575 0.819462 -98070.1 27.3237 
8820 0.997546 0.228417 -98066.3 27.3569 
8830 0.997552 0.226866 -98066.8 27.388 
8840 0.997552 -0.861401 -98066.8 27.4159 
8850 0.997558 0.270256 -98067.5 27.4443 
8860 0.997535 0.697068 -98064.5 27.4775 
8870 0.997541 0.333582 -98065 27.5089 
8880 0.99751 -0.488819 -98067.4 27.5419 
8890 0.99751 0.314837 -98067.4 27.5726 
8900 0.997502 0.68107 -98067 27.601 
8910 0.997462 0.855006 -98063.6 27.6345 
8920 0.997462 -0.802916 -98063.6 27.6625 
8930 0.997462 0.804027 -98063.6 27.6932 
8940 0.99755 -0.194992 -98062.5 27.7256 
8950 0.997552 0.321163 -98061.6 27.7515 
8960 0.997612 -0.970262 -98061.3 27.7816 
8970 0.997683 0.480756 -98066 27.8079 
8980 0.997626 0.80505 -98068.8 27.8426 
8990 0.997617 -0.691829 -98068.2 27.8739 
9000 0.997637 0.269872 -98067.8 27.9082 
9010 0.997637 -0.494873 -98067.8 27.936 
9020 0.997643 0.374882 -98067.4 27.9694 
9030 0.997636 -0.12197 -98066.6 27.9976 
9040 0.997636 -0.988303 -98066.6 28.0254 
9050 0.997569 -0.969895 -98066.4 28.057 
9060 0.997569 0.808237 -98066.4 28.0877 
9070 0.997563 0.686203 -98070.4 28.1218 
9080 0.99759 0.261048 -98070.5 28.1568 
9090 0.99759 -0.65963 -98070.5 28.1874 
9100 0.99759 -0.860605 -98070.5 28.2181 
9110 0.997592 -0.0514274 -98070.9 28.2465 
9120 0.997592 0.465791 -98070.9 28.2773 
9130 0.997531 0.425257 -98066.6 28.3113 
9140 0.997527 0.57273 -98066.4 28.3423 
9150 0.997527 -0.344182 -98066.4 28.373 
9160 0.997517 0.747741 -98065.7 28.4016 
9170 0.997517 -0.779965 -98065.7 28.4322 
9180 0.997516 0.437671 -98065.6 28.4604 
9190 0.997516 0.495569 -98065.6 28.4887 
9200 0.997516 -0.484087 -98065.6 28.5136 
9210 0.997508 -0.153414 -98064.5 28.5464 
9220 0.997508 -0.256028 -98066.5 28.5807 
9230 0.997502 -0.283687 -98066 28.6116 
9240 0.997502 0.903332 -98066 28.6424 
9250 0.997533 0.418682 -98069.7 28.6752 
9260 0.997498 -0.179684 -98065.3 28.708 
9270 0.997496 -0.127025 -98065.5 28.74 
9280 0.997582 -0.305523 -98071.3 28.7701 
9290 0.997591 -0.800993 -98071.6 28.8013 
9300 0.997573 -0.558405 -98070.2 28.8324 
9310 0.997577 0.430768 -98070.6 28.8605 
9320 0.997577 -0.951201 -98070.6 28.8854 
9330 0.997515 -0.488621 -98065.6 28.9183 
9340 0.997506 -0.698612 -98064.7 28.9495 
9350 0.9975 -0.661025 -98064.1 28.9776 
9360 0.9975 0.0083187 -98064.1 29.0083 
9370 0.997443 -0.394578 -98063.4 29.0413 
9380 0.997445 -0.915661 -98064.1 29.0695 
9390 0.997455 0.391993 -98065 29.1005 
9400 0.997455 0.449589 -98065 29.1284 
9410 0.997419 0.510511 -98063.1 29.158 
9420 0.997392 -0.191926 -98062.6 29.1929 
9430 0.997344 -0.334143 -98058.4 29.2285 
9440 0.997344 -0.956528 -98058.4 29.2592 
9450 0.99746 -0.0871678 -98063.7 29.2886 
9460 0.997471 -0.689235 -98065.5 29.3188 
9470 0.997497 -0.56429 -98061.8 29.3524 
9480 0.997497 -0.164438 -98061.9 29.3831 
9490 0.997547 0.749126 -98063.8 29.4131 
9500 0.997553 -0.24957 -98064.5 29.4451 
9510 0.997491 -0.390665 -98061.4 29.4791 
9520 0.997525 -0.978573 -98068.3 29.5138 
9530 0.997525 0.538037 -98068.3 29.5448 
9540 0.997525 0.975406 -98068.3 29.5755 
9550 0.997571 0.387457 -98068 29.6076 
9560 0.997497 -0.446948 -98069.2 29.6377 
9570 0.997482 0.747042 -98068.8 29.6688 
9580 0.997576 0.371759 -98072.4 29.7027 
9590 0.997533 0.0849736 -98070 29.7377 
9600 0.997537 -0.453865 -98070.1 29.7657 
9610 0.997534 0.898501 -98067.2 29.799 
9620 0.997534 -0.758773 -98067.2 29.8297 
9630 0.99757 0.384612 -98071.2 29.8632 
9640 0.997573 -0.773169 -98071.5 29.8913 
9650 0.997583 0.948868 -98070.7 29.9235 
9660 0.997498 -0.600885 -98060.8 29.9589 
9670 0.997517 -0.43019 -98061.9 29.988 
9680 0.997554 0.605969 -98063.9 30.0208 
9690 0.997554 0.393772 -98063.9 30.0515 
9700 0.997493 0.296175 -98060.6 30.0853 
9710 0.997614 -0.616738 -98070.4 30.1161 
9720 0.997589 0.482819 -98067.2 30.1477 
9730 0.997561 0.610368 -98065 30.1808 
9740 0.997555 0.107856 -98064.4 30.2118 
9750 0.997661 0.0198657 -98077 30.2449 
9760 0.997661 0.0629446 -98077 30.2759 
9770 0.997568 0.276753 -98068.3 30.3033 
9780 0.99749 -0.185569 -98066.5 30.3335 
9790 0.997445 0.309481 -98062.8 30.3675 
9800 0.997451 0.814288 -98063.5 30.3954 
9810 0.997552 0.70739 -98070 30.4304 
9820 0.997552 0.697683 -98070 30.4612 
9830 0.99753 -0.912859 -98067.8 30.4897 
9840 0.997504 0.507733 -98065.5 30.5186 
9850 0.997538 -0.917252 -98068.4 30.5485 
9860 0.997549 0.503317 -98069.7 30.5802 
9870 0.997549 -0.427773 -98075.9 30.6109 
9880 0.9976 0.359888 -98077.8 30.6442 
9890 0.997654 -0.0502856 -98076.4 30.6743 
9900 0.997625 0.747262 -98075.5 30.7072 
9910 0.997545 0.910794 -98070.9 30.7402 
9920 0.997587 -0.796615 -98072.8 30.7704 
9930 0.997587 -0.17619 -98072.8 30.8011 
9940 0.997496 0.700352 -98070.8 30.8341 
9950 0.997493 0.427771 -98070.5 30.8649 
9960 0.997539 0.849427 -98073.2 30.8948 
9970 0.997559 -0.252268 -98072.5 30.9271 
9980 0.997513 -0.79995 -98069.7 30.9612 
9990 0.997383 0.777107 -98061.3 30.9941 
10000 0.997383 0.440793 -98061.4 31.0248 
