0 1 1 -98304 0 
10 1 0.0672647 -98304 0.0291411 
20 1 0.180754 -98304 0.0550923 
30 0.999796 0.473329 -98291.4 0.0813553 
40 0.999796 0.42399 -98291.5 0.104559 
50 0.999796 0.747751 -98291.5 0.134267 
60 0.999796 0.676557 -98291.5 0.162887 
70 0.999682 0.277783 -98285.2 0.192636 
80 0.999682 -0.558332 -98285.2 0.221469 
90 0.999683 -0.688078 -98285.2 0.250636 
100 0.999683 -0.0314889 -98285.3 0.27934 
110 0.999683 0.355647 -98285.2 0.306388 
120 0.99966 -0.742935 -98282.4 0.333865 
130 0.998931 -0.0272461 -98199.6 0.367534 
140 0.998931 0.033184 -98199.6 0.396156 
150 0.99893 0.109737 -98199.6 0.421197 
160 0.998931 -0.901885 -98199.6 0.452322 
170 0.998803 -0.947502 -98190.3 0.482 
180 0.998803 -0.176437 -98190.3 0.510202 
190 0.998787 0.654018 -98188.9 0.542341 
200 0.998463 -0.954398 -98151.7 0.579354 
210 0.998445 0.12021 -98148.2 0.61194 
220 0.998294 0.803916 -98131.9 0.64723 
230 0.998294 -0.231965 -98131.9 0.678461 
240 0.998293 -0.863002 -98131.9 0.707917 
250 0.998272 0.995559 -98129.8 0.735015 
260 0.998272 -0.607613 -98129.8 0.761187 
270 0.998245 0.324313 -98128.7 0.79062 
280 0.998245 -0.242099 -98128.7 0.816668 
290 0.9989 0.622463 -98189.3 0.848371 
300 0.998903 0.143222 -98189.5 0.87497 
310 0.998931 -0.00202669 -98192.4 0.904626 
320 0.998931 -0.318218 -98192.4 0.933517 
330 0.9989 0.111798 -98190.4 0.960427 
340 0.998591 -0.145738 -98162.1 0.991814 
350 0.998591 0.706243 -98162.1 1.0206 
360 0.998591 -0.524874 -98162.1 1.0494 
370 0.998591 -0.944531 -98162.1 1.0782 
380 0.998591 0.635851 -98162.1 1.10703 
390 0.998591 -0.908855 -98162.1 1.13599 
400 0.998591 0.681119 -98162.1 1.16479 
410 0.998454 -0.951783 -98150.6 1.19556 
420 0.998453 -0.167068 -98150.6 1.21894 
430 0.998431 -0.105333 -98147.8 1.24775 
440 0.998431 -0.733339 -98147.8 1.27655 
450 0.998145 -0.194729 -98125.2 1.30776 
460 0.998043 -0.526411 -98116.3 1.33843 
470 0.998043 -0.887188 -98116.3 1.36736 
480 0.998043 -0.968174 -98116.3 1.3964 
490 0.998154 -0.903315 -98121.7 1.42989 
500 0.998111 0.887772 -98119.3 1.45658 
510 0.99811 0.405121 -98119.2 1.4863 
520 0.998108 -0.812163 -98118.6 1.51005 
530 0.998019 -0.0787645 -98117.2 1.53948 
540 0.99801 -0.895134 -98116.2 1.56307 
550 0.998035 0.368152 -98119.2 1.59298 
560 0.998152 0.346608 -98130.3 1.62378 
570 0.998188 -0.120348 -98133.3 1.65195 
580 0.99815 0.974169 -98130.2 1.68327 
590 0.99815 0.133433 -98130.2 1.71219 
600 0.998077 -0.122906 -98125 1.7422 
610 0.998077 -0.264039 -98125 1.77108 
620 0.998077 -0.260776 -98125.1 1.79995 
630 0.998077 -0.526736 -98125.1 1.82607 
640 0.998127 -0.931985 -98117.4 1.85976 
650 0.998124 -0.766762 -98117 1.8859 
660 0.997652 0.860013 -98079.5 1.91674 
670 0.997654 -0.83317 -98080 1.94584 
680 0.997606 0.193564 -98074.8 1.97794 
690 0.997434 -0.485453 -98061.7 2.00802 
700 0.997607 -0.0612754 -98076.4 2.03357 
710 0.997607 -0.676504 -98076.4 2.06239 
720 0.997718 -0.469678 -98089 2.09269 
730 0.997735 -0.943452 -98088.4 2.12358 
740 0.997757 0.795379 -98089.1 2.15396 
750 0.99774 -0.811257 -98087.3 2.18329 
760 0.997722 -0.256517 -98085.3 2.21019 
770 0.997725 0.261193 -98085.6 2.2365 
780 0.997725 -0.410274 -98085.6 2.26556 
790 0.997653 0.504538 -98082.7 2.29725 
800 0.997789 -0.410207 -98088.2 2.32825 
810 0.997748 0.394238 -98084.2 2.35831 
820 0.997748 -0.188108 -98084.1 2.38729 
830 0.997739 0.101286 -98084.8 2.41691 
840 0.997715 0.822905 -98082.7 2.4447 
850 0.997741 -0.756854 -98085.2 2.47171 
860 0.997665 0.131757 -98080.8 2.50217 
870 0.997705 -0.661601 -98084.3 2.53217 
880 0.997705 0.769251 -98084.4 2.5611 
890 0.997705 -0.00319438 -98084.4 2.58989 
900 0.997649 -0.806502 -98073.2 2.62087 
910 0.997642 0.447915 -98072.4 2.64996 
920 0.997629 0.105553 -98070.9 2.67646 
930 0.997664 0.669626 -98075.7 2.70177 
940 0.997664 -0.337423 -98075.7 2.72796 
950 0.997663 -0.16379 -98075.7 2.75694 
960 0.997664 0.412903 -98075.7 2.78577 
970 0.997684 -0.108562 -98082.7 2.81371 
980 0.99773 -0.337541 -98086.6 2.84566 
990 0.99773 -0.482316 -98086.6 2.87173 
1000 0.99773 0.427581 -98086.6 2.90062 
1010 0.99768 0.489116 -98080.9 2.93175 
1020 0.99768 0.147006 -98080.9 2.96069 
1030 0.99768 0.99066 -98081 2.98946 
1040 0.997624 0.148447 -98076.5 3.02025 
1050 0.997624 0.268747 -98076.5 3.04902 
1060 0.997583 0.439864 -98074.6 3.08068 
1070 0.997528 -0.941696 -98071.2 3.1112 
1080 0.997586 -0.320658 -98073.7 3.13959 
1090 0.997584 -0.929347 -98073.6 3.16883 
1100 0.997583 -0.852763 -98073.4 3.19225 
1110 0.997582 0.743745 -98073.4 3.21843 
1120 0.997566 0.8554 -98074.5 3.24642 
1130 0.997577 0.817374 -98076 3.27714 
1140 0.997604 -0.511258 -98078.3 3.30693 
1150 0.997604 0.0106055 -98078.3 3.33579 
1160 0.997658 -0.841251 -98082.1 3.36871 
1170 0.997658 -0.371673 -98082.1 3.39485 
1180 0.997658 -0.726376 -98082.1 3.42401 
1190 0.997686 0.978946 -98084.7 3.45603 
1200 0.997493 -0.733593 -98074 3.48825 
1210 0.997475 0.891479 -98072.3 3.51486 
1220 0.997467 0.739481 -98072.2 3.54142 
1230 0.997491 0.545966 -98074.9 3.57199 
1240 0.997513 -0.672854 -98076.2 3.60115 
1250 0.997507 -0.413208 -98075.6 3.63052 
1260 0.997541 -0.744656 -98073.6 3.65864 
1270 0.997526 -0.147541 -98072.6 3.68857 
1280 0.997526 -0.0469695 -98072.6 3.71195 
1290 0.997574 0.491227 -98077 3.74153 
1300 0.997487 -0.675285 -98073 3.76956 
1310 0.997487 0.350897 -98073.1 3.79834 
1320 0.99751 -0.552389 -98073.4 3.82832 
1330 0.997443 0.236822 -98072.3 3.85906 
1340 0.997459 0.118742 -98073.7 3.88816 
1350 0.997518 0.925806 -98071 3.917 
1360 0.997478 0.476492 -98064 3.94993 
1370 0.997478 0.285064 -98064 3.97885 
1380 0.997478 -0.664544 -98064 4.00778 
1390 0.997471 0.454645 -98063.1 4.03701 
1400 0.997471 0.0431656 -98063.1 4.06589 
1410 0.997625 0.870936 -98067.6 4.09472 
1420 0.997639 0.629439 -98068.8 4.12271 
1430 0.997677 -0.0602774 -98080.8 4.1537 
1440 0.997677 0.764912 -98080.8 4.17715 
1450 0.997662 -0.22464 -98073.8 4.21032 
1460 0.997662 -0.788556 -98073.8 4.23645 
1470 0.997565 0.827702 -98067.2 4.26757 
1480 0.997552 -0.262477 -98065.9 4.29735 
1490 0.997552 0.0704413 -98065.9 4.32623 
1500 0.99755 0.70929 -98065.5 4.35542 
1510 0.997588 -0.624488 -98062.7 4.38715 
1520 0.997649 -0.68884 -98066.6 4.41883 
1530 0.997649 -0.81817 -98066.6 4.44799 
1540 0.997587 0.12766 -98058.7 4.46745 
1550 0.997593 -0.0435175 -98059.1 4.49434 
1560 0.9976 -0.140754 -98060.6 4.52436 
1570 0.997639 -0.851709 -98063.8 4.55742 
1580 0.997584 -0.846715 -98069.7 4.58607 
1590 0.997606 0.34398 -98074 4.6157 
1600 0.997667 0.486061 -98079.8 4.64502 
1610 0.997667 0.293503 -98079.8 4.67398 
1620 0.997667 -0.359687 -98079.8 4.7031 
1630 0.997667 0.589615 -98079.8 4.73223 
1640 0.997655 -0.408886 -98080.5 4.76258 
1650 0.997718 0.629222 -98086.3 4.79073 
1660 0.997706 0.0330092 -98085.1 4.81725 
1670 0.997655 -0.444719 -98081.3 4.84778 
1680 0.997655 0.483738 -98081.3 4.87716 
1690 0.997618 -0.155707 -98075.8 4.90191 
1700 0.997618 -0.762109 -98075.9 4.93117 
1710 0.997601 -0.567988 -98073.6 4.95777 
1720 0.997597 0.728914 -98073.3 4.98739 
1730 0.997579 0.394197 -98071.2 5.01676 
1740 0.997613 -0.147154 -98074.4 5.04693 
1750 0.997613 -0.0839606 -98074.4 5.07595 
1760 0.997613 0.706761 -98074.4 5.10499 
1770 0.997613 -0.104153 -98074.4 5.13411 
1780 0.997621 0.654794 -98074.9 5.16337 
1790 0.997557 0.627186 -98074.2 5.19482 
1800 0.997557 0.448416 -98074.2 5.22118 
1810 0.997536 0.334749 -98072.6 5.25073 
1820 0.997536 -0.721699 -98072.6 5.2797 
1830 0.99751 -0.334699 -98072.5 5.31278 
1840 0.997577 -0.29449 -98076.8 5.34381 
1850 0.997564 -0.977603 -98075 5.37186 
1860 0.997564 -0.421553 -98075 5.40124 
1870 0.997588 -0.0644468 -98078 5.43219 
1880 0.997511 0.154509 -98071 5.4612 
1890 0.997474 -0.570163 -98066.5 5.49129 
1900 0.997474 0.82229 -98066.5 5.52029 
1910 0.997474 0.279862 -98066.5 5.54658 
1920 0.997488 0.682569 -98066.3 5.57423 
1930 0.997488 0.857774 -98066.3 5.6005 
1940 0.997487 0.370566 -98066.2 5.62966 
1950 0.997538 -0.00312445 -98069.2 5.65666 
1960 0.997538 0.879542 -98069.1 5.68567 
1970 0.997538 -0.401623 -98069.1 5.71465 
1980 0.997531 0.15622 -98068.6 5.74462 
1990 0.997525 0.0708403 -98067.7 5.77425 
2000 0.997563 -0.78919 -98072 5.80622 
2010 0.997589 0.524457 -98067.1 5.83331 
2020 0.997594 -0.46918 -98067.8 5.86244 
2030 0.997594 0.00370127 -98067.8 5.8887 
2040 0.997616 -0.166574 -98067.7 5.91952 
2050 0.997676 -0.839215 -98072.2 5.95063 
2060 0.997689 -0.0643042 -98074.4 5.98101 
2070 0.997661 -0.432135 -98074.6 6.01421 
2080 0.997624 -0.959814 -98073.7 6.04514 
2090 0.997622 -0.653383 -98073.6 6.06949 
2100 0.997545 0.134739 -98067.3 6.09868 
2110 0.997545 0.319707 -98067.3 6.12755 
2120 0.997612 0.883251 -98069.4 6.15843 
2130 0.997656 -0.0951065 -98073.9 6.19003 
2140 0.997667 -0.68075 -98075.2 6.21418 
2150 0.997672 0.907648 -98071.6 6.24747 
2160 0.997644 0.694186 -98069 6.27475 
2170 0.997639 0.697728 -98068.7 6.30783 
2180 0.997639 -0.199896 -98068.8 6.33121 
2190 0.997635 0.437393 -98063.2 6.36216 
2200 0.997648 -0.215383 -98064.1 6.39138 
2210 0.997643 0.350964 -98063.6 6.42026 
2220 0.997659 0.409195 -98065.9 6.45065 
2230 0.997659 0.211368 -98065.9 6.47943 
2240 0.997661 0.176352 -98066 6.50836 
2250 0.99766 -0.510278 -98066 6.53716 
2260 0.997661 -0.809571 -98066.1 6.56616 
2270 0.997659 0.0599118 -98066.7 6.59257 
2280 0.99765 0.267245 -98066.1 6.6187 
2290 0.997645 0.461346 -98066.4 6.64591 
2300 0.997642 0.597772 -98066.4 6.67655 
2310 0.997642 -0.820907 -98066.5 6.70553 
2320 0.997682 -0.0643751 -98069.2 6.73378 
2330 0.997628 -0.30441 -98066.8 6.76596 
2340 0.997624 0.811717 -98068.7 6.79606 
2350 0.997659 -0.207184 -98067.7 6.82451 
2360 0.997659 -0.783848 -98067.7 6.84786 
2370 0.997637 0.968391 -98069.2 6.87634 
2380 0.997575 -0.463792 -98069.3 6.90787 
2390 0.99753 -0.0472093 -98055.1 6.94053 
2400 0.997496 -0.965939 -98058.1 6.97079 
2410 0.997494 -0.267214 -98057.8 7.00025 
2420 0.997494 0.0733414 -98057.8 7.02906 
2430 0.997494 -0.427651 -98057.8 7.05517 
2440 0.997494 -0.404551 -98057.8 7.07866 
2450 0.997494 0.483708 -98057.8 7.10776 
2460 0.997494 -0.802239 -98057.8 7.13382 
2470 0.997423 -0.268143 -98047.2 7.16643 
2480 0.997417 -0.714997 -98052.2 7.19761 
2490 0.9975 -0.726072 -98063.8 7.22964 
2500 0.997581 0.906898 -98067.2 7.26055 
2510 0.997479 -0.634755 -98060.9 7.28827 
2520 0.997491 0.763599 -98062 7.31827 
2530 0.997491 -0.272801 -98061.9 7.34727 
2540 0.997491 -0.375458 -98061.9 7.37372 
2550 0.997441 0.367664 -98058.2 7.40379 
2560 0.997444 -0.437013 -98061.2 7.43367 
2570 0.997464 -0.0586659 -98062.7 7.45937 
2580 0.997464 0.671944 -98062.7 7.48861 
2590 0.997472 -0.889798 -98063.5 7.5179 
2600 0.997459 -0.271694 -98062.4 7.54773 
2610 0.997459 -0.885677 -98062.4 7.57669 
2620 0.997468 0.496401 -98063.2 7.60693 
2630 0.997468 0.444527 -98063.3 7.63051 
2640 0.997501 0.664188 -98071.4 7.66025 
2650 0.997501 -0.327679 -98071.4 7.6891 
2660 0.997501 -0.675796 -98071.4 7.71842 
2670 0.997501 0.824056 -98071.5 7.74449 
2680 0.997529 -0.248325 -98072.1 7.77577 
2690 0.997559 -0.403655 -98075.3 7.80664 
2700 0.997512 -0.157328 -98068.3 7.8388 
2710 0.997569 0.22493 -98072.4 7.86764 
2720 0.997569 0.853244 -98072.3 7.89651 
2730 0.99756 0.0688462 -98071.5 7.92589 
2740 0.997536 0.894843 -98069.9 7.95625 
2750 0.997536 -0.239695 -98069.9 7.98524 
2760 0.997464 -0.975095 -98063.1 8.01594 
2770 0.997441 0.580025 -98063.4 8.04645 
2780 0.997449 0.444194 -98063.4 8.07699 
2790 0.997439 0.123643 -98062.7 8.10511 
2800 0.997397 -0.35605 -98055.5 8.13609 
2810 0.997392 -0.00564807 -98055.8 8.16566 
2820 0.997403 0.409272 -98059.6 8.1974 
2830 0.997466 -0.969345 -98064.7 8.22381 
2840 0.997563 -0.652139 -98072.1 8.25478 
2850 0.997575 0.605938 -98073.1 8.28121 
2860 0.997598 0.0466181 -98071.6 8.30958 
2870 0.997602 0.0541593 -98071.1 8.34038 
2880 0.997629 -0.391061 -98070.2 8.37374 
2890 0.997572 0.907473 -98070.8 8.4024 
2900 0.997572 -0.358006 -98070.8 8.43143 
2910 0.997574 0.0768911 -98072.4 8.46153 
2920 0.99754 0.54072 -98070.1 8.49331 
2930 0.99754 0.254375 -98070.1 8.51937 
2940 0.997463 -0.197134 -98068.9 8.54753 
2950 0.997463 -0.246459 -98068.9 8.57102 
2960 0.997497 -0.494732 -98072.5 8.59925 
2970 0.997503 0.698979 -98067.1 8.62581 
2980 0.997522 -0.311534 -98067.9 8.65532 
2990 0.997532 -0.921737 -98068.8 8.68483 
3000 0.99742 -0.648879 -98062 8.71572 
3010 0.997427 0.779333 -98062.5 8.74512 
3020 0.997427 0.930292 -98062.5 8.77401 
3030 0.997481 -0.931896 -98064.6 8.8019 
3040 0.997481 0.439874 -98064.6 8.83078 
3050 0.997481 -0.23253 -98064.6 8.85705 
3060 0.997485 0.0736298 -98065 8.88676 
3070 0.997499 -0.78667 -98068 8.91273 
3080 0.997532 0.143639 -98070.7 8.94464 
3090 0.997541 -0.587096 -98071.4 8.97097 
3100 0.997545 -0.366649 -98071.8 9.00057 
3110 0.997544 0.982521 -98072.4 9.03098 
3120 0.997448 0.983579 -98063.2 9.06237 
3130 0.997448 0.812851 -98063.2 9.0912 
3140 0.997512 0.453735 -98063.9 9.1164 
3150 0.997431 0.244042 -98061 9.14563 
3160 0.997411 0.879772 -98060 9.17253 
3170 0.997441 0.650717 -98054.4 9.2057 
3180 0.997436 -0.982745 -98054.9 9.23394 
3190 0.997436 -0.891266 -98054.9 9.26294 
3200 0.997451 -0.232579 -98056.8 9.29384 
3210 0.997451 -0.557907 -98056.7 9.32265 
3220 0.997443 -0.0272493 -98055.7 9.35282 
3230 0.997517 0.605538 -98064.8 9.37944 
3240 0.997415 -0.414439 -98058.4 9.41024 
3250 0.997406 0.932135 -98057.3 9.44159 
3260 0.997406 -0.91731 -98057.2 9.47053 
3270 0.997435 0.925566 -98061.8 9.50215 
3280 0.997513 0.75795 -98072 9.53298 
3290 0.99748 -0.433767 -98066.6 9.56433 
3300 0.997559 -0.300344 -98065.6 9.59357 
3310 0.997636 -0.0765899 -98071.3 9.62569 
3320 0.99756 0.869705 -98065 9.65419 
3330 0.997608 -0.364549 -98067.9 9.68214 
3340 0.997567 -0.830721 -98069.5 9.71144 
3350 0.997508 -0.000441768 -98064.1 9.74255 
3360 0.997516 0.300536 -98062.8 9.77496 
3370 0.997592 0.19742 -98066.9 9.80593 
3380 0.997657 -0.88091 -98068.3 9.83707 
3390 0.997479 0.162139 -98053.2 9.86503 
3400 0.997538 -0.765046 -98058 9.89566 
3410 0.997511 0.291455 -98055.4 9.92388 
3420 0.997526 0.497937 -98057.3 9.95149 
3430 0.99758 0.446949 -98066.7 9.98391 
3440 0.997593 0.416295 -98067.5 10.0147 
3450 0.997599 -0.757247 -98068 10.0439 
3460 0.997508 0.144813 -98062.2 10.0776 
3470 0.997508 -0.840235 -98062.3 10.1064 
3480 0.997539 0.785742 -98067.5 10.1371 
3490 0.997521 0.978464 -98068.4 10.1696 
3500 0.997507 0.169274 -98063.5 10.2007 
3510 0.997423 0.52499 -98060.1 10.232 
3520 0.997415 0.890481 -98059.4 10.2627 
3530 0.997397 -0.137991 -98057.4 10.2897 
3540 0.997393 -0.508399 -98057 10.3187 
3550 0.997426 0.562863 -98059.7 10.3489 
3560 0.997527 0.747701 -98061.9 10.3772 
3570 0.997526 0.672559 -98061.9 10.4038 
3580 0.99753 -0.0711431 -98062.2 10.433 
3590 0.997495 -0.979014 -98059.4 10.4637 
3600 0.997495 -0.712528 -98059.4 10.4925 
3610 0.997645 -0.787479 -98063.3 10.5237 
3620 0.997635 0.595907 -98065 10.5544 
3630 0.997635 0.500619 -98065.1 10.5832 
3640 0.997617 0.953877 -98062.4 10.6133 
3650 0.99757 0.363286 -98062.2 10.6445 
3660 0.997608 -0.302328 -98063 10.6751 
3670 0.997587 -0.606412 -98061.3 10.7022 
3680 0.997586 0.100099 -98062.4 10.73 
3690 0.997584 -0.854639 -98062.3 10.7589 
3700 0.997569 -0.266668 -98059.7 10.7892 
3710 0.997612 0.870722 -98059.8 10.8201 
3720 0.997651 -0.197351 -98063.1 10.8479 
3730 0.997641 0.569892 -98061.7 10.879 
3740 0.997619 0.775153 -98058.2 10.9095 
3750 0.997545 0.0359222 -98049.9 10.9426 
3760 0.997551 -0.0627053 -98050.4 10.9698 
3770 0.997554 0.704709 -98050.7 10.9988 
3780 0.997554 0.0935609 -98050.7 11.0276 
3790 0.997416 0.686956 -98047.3 11.0604 
3800 0.997476 0.645018 -98058.4 11.0892 
3810 0.997428 0.50681 -98053.5 11.1194 
3820 0.997435 0.0370463 -98054.1 11.1489 
3830 0.997417 0.0616465 -98052.2 11.1754 
3840 0.997417 0.209213 -98052.2 11.2015 
3850 0.997417 -0.652559 -98052.2 11.2276 
3860 0.997568 0.214456 -98065.6 11.2583 
3870 0.997567 -0.380312 -98065.6 11.2872 
3880 0.997572 0.852428 -98066 11.3161 
3890 0.997574 -0.572141 -98066.5 11.3405 
3900 0.997554 -0.858037 -98063.3 11.3706 
3910 0.997598 -0.236972 -98067.6 11.401 
3920 0.997588 -0.683125 -98067 11.4302 
3930 0.997582 0.765914 -98066.5 11.4595 
3940 0.997637 0.253281 -98067.3 11.4843 
3950 0.997638 0.520103 -98066.3 11.5165 
3960 0.997627 -0.407178 -98065.9 11.5464 
3970 0.997627 -0.953031 -98065.9 11.5753 
3980 0.997626 0.225538 -98065.9 11.6044 
3990 0.997628 -0.738033 -98066.2 11.6307 
4000 0.997594 0.126037 -98067.8 11.6626 
4010 0.997571 -0.292554 -98066 11.693 
4020 0.997571 0.445488 -98066.2 11.7222 
4030 0.99748 -0.240199 -98059 11.7502 
4040 0.997504 0.576277 -98053.4 11.785 
4050 0.997504 -0.452784 -98053.4 11.8111 
4060 0.997504 0.607178 -98053.4 11.8401 
4070 0.9975 0.343859 -98053.2 11.8694 
4080 0.997554 0.318849 -98055.5 11.8991 
4090 0.997584 0.206348 -98058.8 11.9308 
4100 0.997485 0.0249573 -98049.4 11.9611 
4110 0.997515 -0.39203 -98052 11.9903 
4120 0.997505 0.856265 -98050.9 12.0198 
4130 0.99752 -0.234652 -98051.2 12.051 
4140 0.997525 -0.718393 -98051.9 12.0829 
4150 0.997522 -0.197839 -98051.6 12.1112 
4160 0.997541 0.983093 -98053.7 12.1356 
4170 0.997544 -0.91289 -98053.9 12.1625 
4180 0.997529 -0.661432 -98051.9 12.189 
4190 0.997563 0.517865 -98055.4 12.2187 
4200 0.997563 0.320833 -98055.4 12.2475 
4210 0.997589 0.638723 -98058.7 12.2778 
4220 0.997518 -0.540102 -98059.9 12.3078 
4230 0.997521 0.956821 -98059.8 12.3386 
4240 0.99754 0.298334 -98060.6 12.37 
4250 0.997541 0.798955 -98060.9 12.3969 
4260 0.997572 0.174608 -98065.2 12.4279 
4270 0.997566 0.283785 -98064.7 12.4581 
4280 0.997557 0.177761 -98060.3 12.4911 
4290 0.997581 -0.937136 -98062 12.518 
4300 0.997581 0.557431 -98062 12.5468 
4310 0.99757 0.280518 -98061 12.5793 
4320 0.99757 0.12734 -98061.1 12.6081 
4330 0.997646 -0.139835 -98075.2 12.6378 
4340 0.99769 -0.152098 -98078.8 12.6686 
4350 0.997635 -0.682986 -98071.9 12.7008 
4360 0.997635 -0.94734 -98071.9 12.7297 
4370 0.99761 0.751961 -98068.7 12.7606 
4380 0.99761 -0.267363 -98068.8 12.7895 
4390 0.997531 -0.73037 -98063.3 12.8198 
4400 0.997531 0.618367 -98063.3 12.846 
4410 0.997559 0.788738 -98061.2 12.8738 
4420 0.997582 0.693318 -98062.3 12.903 
4430 0.99748 0.16217 -98061.5 12.9354 
4440 0.99748 -0.427454 -98061.7 12.9621 
4450 0.997502 0.566123 -98063.8 12.9921 
4460 0.997504 0.873319 -98064 13.0211 
4470 0.997504 0.892872 -98064 13.0501 
4480 0.997543 -0.378812 -98068.2 13.0808 
4490 0.99754 -0.769877 -98068.3 13.1105 
4500 0.997536 -0.213208 -98068 13.1369 
4510 0.997526 -0.899431 -98065.6 13.1675 
4520 0.997526 -0.00179623 -98065.6 13.1963 
4530 0.997579 -0.135591 -98072.2 13.2253 
4540 0.99752 0.853713 -98067.7 13.2565 
4550 0.99752 -0.600157 -98067.7 13.2826 
4560 0.997582 0.57334 -98074.7 13.3119 
4570 0.997646 -0.526327 -98078.4 13.3374 
4580 0.997654 0.375063 -98080.2 13.368 
4590 0.997657 0.868491 -98080.4 13.3915 
4600 0.997657 0.136744 -98080.4 13.4203 
4610 0.997592 -0.0809084 -98074.7 13.4507 
4620 0.997562 0.469018 -98072 13.4818 
4630 0.997563 -0.232944 -98072.2 13.5108 
4640 0.997612 0.805039 -98076.4 13.5411 
4650 0.997606 0.757729 -98076 13.5709 
4660 0.997606 0.776734 -98076 13.597 
4670 0.997499 -0.054742 -98065.6 13.63 
4680 0.997479 0.928851 -98059.9 13.6578 
4690 0.997545 -0.620056 -98066 13.6859 
4700 0.997534 0.0939718 -98064.8 13.7167 
4710 0.997534 0.455017 -98064.8 13.743 
4720 0.997531 0.456899 -98064.4 13.7719 
4730 0.997525 -0.905194 -98063.7 13.8011 
4740 0.997543 -0.633303 -98065.6 13.8279 
4750 0.997573 0.477741 -98062.8 13.8594 
4760 0.997644 0.0844331 -98072 13.8844 
4770 0.997644 0.70612 -98072 13.9105 
4780 0.997627 0.427578 -98070.6 13.9375 
4790 0.997634 -0.508545 -98071.2 13.9668 
4800 0.997641 0.113965 -98073.4 13.9995 
4810 0.997656 0.552175 -98075 14.0258 
4820 0.997651 0.438981 -98073.9 14.0554 
4830 0.997672 -0.588282 -98078.5 14.0841 
4840 0.997672 -0.405694 -98078.5 14.113 
4850 0.997667 -0.28055 -98078 14.142 
4860 0.997489 0.252795 -98059.9 14.1734 
4870 0.997436 -0.963871 -98055.9 14.2018 
4880 0.997382 0.741039 -98052.1 14.2327 
4890 0.997435 0.411244 -98058.7 14.266 
4900 0.997436 -0.903544 -98058.7 14.2921 
4910 0.997428 -0.508755 -98057.8 14.3158 
4920 0.997474 0.25957 -98060 14.3476 
4930 0.997503 0.447863 -98065.7 14.3782 
4940 0.997548 -0.388396 -98067.5 14.4093 
4950 0.997669 -0.649137 -98074.5 14.4419 
4960 0.997671 0.563442 -98074.2 14.4721 
4970 0.997671 -0.896513 -98074.2 14.4957 
4980 0.997569 0.521091 -98065.4 14.5266 
4990 0.997742 0.182567 -98076.6 14.5559 
5000 0.997663 -0.0499307 -98074.2 14.5868 
5010 0.997625 0.225102 -98074 14.6128 
5020 0.997601 0.763824 -98072.5 14.6435 
5030 0.997601 0.379609 -98072.4 14.6724 
5040 0.997608 -0.897359 -98072.5 14.7026 
5050 0.997608 -0.424531 -98072.5 14.7289 
5060 0.997627 0.760864 -98070.4 14.7582 
5070 0.997609 -0.807322 -98073.4 14.7879 
5080 0.997619 0.286862 -98074.3 14.8176 
5090 0.997497 0.960733 -98065.9 14.8489 
5100 0.997458 -0.0249408 -98063.6 14.8795 
5110 0.9975 0.835879 -98060.7 14.9113 
5120 0.997508 0.247249 -98060.8 14.9381 
5130 0.997482 -0.179488 -98052.7 14.972 
5140 0.997516 -0.953019 -98057.1 14.9983 
5150 0.997669 0.438784 -98072.9 15.0319 
5160 0.997666 -0.518137 -98072.6 15.0611 
5170 0.997666 -0.408823 -98072.6 15.09 
5180 0.997666 0.575998 -98072.6 15.1189 
5190 0.997694 0.498686 -98073.3 15.1444 
5200 0.997694 0.380826 -98073.4 15.1734 
5210 0.997695 -0.50052 -98073.4 15.2026 
5220 0.997695 -0.515404 -98073.4 15.2292 
5230 0.997695 0.898483 -98073.4 15.2585 
5240 0.997693 -0.39407 -98073.6 15.2852 
5250 0.997715 -0.903604 -98074.5 15.3122 
5260 0.997715 0.786386 -98074.6 15.3413 
5270 0.997681 0.139477 -98071.5 15.3679 
5280 0.997687 -0.601414 -98072 15.397 
5290 0.997696 -0.169828 -98073.7 15.4284 
5300 0.997707 -0.492673 -98074.9 15.455 
5310 0.997682 0.568616 -98075.1 15.4819 
5320 0.99768 -0.662524 -98074.8 15.5121 
5330 0.997666 -0.573568 -98065.7 15.544 
5340 0.997605 -0.503806 -98061.9 15.5733 
5350 0.997605 -0.410047 -98061.9 15.6047 
5360 0.997502 -0.464202 -98056.2 15.6373 
5370 0.997585 -0.36014 -98052.7 15.6701 
5380 0.997559 -0.49899 -98050.1 15.7061 
5390 0.997559 -0.824787 -98050.1 15.7317 
5400 0.997633 -0.185133 -98054.9 15.7648 
5410 0.997594 -0.619378 -98057 15.7995 
5420 0.997654 0.455764 -98065.4 15.8322 
5430 0.99752 -0.432382 -98057 15.8635 
5440 0.997539 -0.771168 -98058.7 15.8906 
5450 0.997587 0.247347 -98060.3 15.9226 
5460 0.997587 0.581309 -98060.3 15.9462 
5470 0.997615 0.579084 -98063 15.9763 
5480 0.997618 -0.53218 -98064 16.0031 
5490 0.997618 0.289701 -98064 16.0321 
5500 0.997634 -0.459806 -98065.8 16.0631 
5510 0.99763 -0.493605 -98065.5 16.0928 
5520 0.997733 -0.422313 -98069.9 16.1248 
5530 0.997671 0.896164 -98065.3 16.1568 
5540 0.997666 -0.0486802 -98064.9 16.1863 
5550 0.99767 -0.306503 -98065.3 16.2162 
5560 0.997696 -0.272656 -98067.5 16.2455 
5570 0.997696 0.513643 -98067.5 16.2744 
5580 0.997707 -0.153999 -98068.6 16.3045 
5590 0.997691 -0.229683 -98064.8 16.3331 
5600 0.99766 0.908408 -98063.1 16.3645 
5610 0.997668 -0.35536 -98063.9 16.393 
5620 0.997668 -0.892699 -98064 16.4192 
5630 0.997671 0.100619 -98065.6 16.45 
5640 0.997671 -0.0286401 -98065.7 16.4789 
5650 0.997585 -0.551541 -98060.2 16.5054 
5660 0.997611 -0.81286 -98062.5 16.5355 
5670 0.997606 -0.531262 -98062.9 16.5659 
5680 0.997606 0.539614 -98062.9 16.5949 
5690 0.997651 0.384742 -98067.2 16.6269 
5700 0.997651 0.172442 -98067.2 16.6561 
5710 0.997675 -0.0235441 -98071.2 16.6872 
5720 0.997675 0.837664 -98071.2 16.7162 
5730 0.997674 -0.564659 -98070.9 16.7477 
5740 0.997664 0.584222 -98069.3 16.778 
5750 0.997662 -0.639781 -98064.8 16.8084 
5760 0.997657 -0.228694 -98063 16.8365 
5770 0.997636 -0.741005 -98059.5 16.8624 
5780 0.997636 -0.471995 -98059.5 16.8914 
5790 0.997636 0.667482 -98059.5 16.9205 
5800 0.997635 0.0744126 -98060.4 16.9511 
5810 0.997666 0.992415 -98063.3 16.9796 
5820 0.997622 -0.411515 -98060.8 17.0114 
5830 0.997602 -0.76126 -98058.6 17.0433 
5840 0.997639 0.227711 -98060.3 17.0717 
5850 0.997639 -0.730936 -98060.3 17.0979 
5860 0.997661 0.488576 -98061.9 17.1294 
5870 0.997662 0.99061 -98061.5 17.1585 
5880 0.997671 -0.330469 -98063.4 17.1918 
5890 0.997671 0.0233728 -98063.4 17.2208 
5900 0.997671 0.634345 -98063.4 17.2497 
5910 0.997564 0.308129 -98058.5 17.2816 
5920 0.997564 0.542699 -98058.5 17.3106 
5930 0.997425 -0.908603 -98055.3 17.342 
5940 0.997507 -0.869102 -98058.5 17.3711 
5950 0.997536 0.794097 -98062.2 17.4039 
5960 0.997537 0.0360572 -98060.6 17.4313 
5970 0.997587 -0.348279 -98064.6 17.457 
5980 0.997573 0.852013 -98063.1 17.4867 
5990 0.997573 0.487889 -98063.1 17.5156 
6000 0.997607 0.846344 -98063.7 17.5467 
6010 0.99761 0.545934 -98064.7 17.577 
6020 0.99761 0.505996 -98064.7 17.6061 
6030 0.997602 0.981776 -98064.4 17.6364 
6040 0.997608 0.542616 -98065.3 17.6663 
6050 0.997614 -0.585304 -98065.6 17.6963 
6060 0.997585 0.782265 -98065 17.7256 
6070 0.997585 -0.494431 -98065 17.7546 
6080 0.9976 -0.92675 -98068.1 17.7827 
6090 0.9976 0.420434 -98068.1 17.8091 
6100 0.997581 -0.314573 -98071.9 17.8396 
6110 0.997438 -0.881587 -98065.1 17.8715 
6120 0.997489 0.796894 -98069.8 17.9023 
6130 0.99748 -0.991975 -98069.6 17.9235 
6140 0.997481 -0.420858 -98072.9 17.9517 
6150 0.997478 -0.345521 -98073.5 17.9819 
6160 0.997478 -0.425584 -98073.5 18.0092 
6170 0.997453 -0.475923 -98072.2 18.0391 
6180 0.997397 0.568254 -98068.7 18.0722 
6190 0.997424 -0.454084 -98070.7 18.1023 
6200 0.997476 0.615066 -98074.5 18.1322 
6210 0.997486 0.420564 -98075.1 18.1592 
6220 0.997434 0.445943 -98070.5 18.1897 
6230 0.997444 -0.438654 -98064.9 18.2193 
6240 0.997445 -0.446139 -98064.9 18.2488 
6250 0.997445 0.766999 -98064.9 18.2777 
6260 0.99748 0.0292588 -98065.9 18.3081 
6270 0.997481 -0.923446 -98065.9 18.3344 
6280 0.997485 0.110866 -98069.4 18.366 
6290 0.997485 0.712506 -98069.3 18.3953 
6300 0.997518 -0.974915 -98072.4 18.4225 
6310 0.997518 0.660628 -98072.4 18.4515 
6320 0.997539 0.763875 -98078 18.4815 
6330 0.997572 -0.444893 -98079.8 18.5097 
6340 0.997559 0.580595 -98077.8 18.5402 
6350 0.997499 -0.31475 -98071.8 18.5711 
6360 0.997479 -0.487276 -98070.9 18.5992 
6370 0.997479 -0.977307 -98070.9 18.6255 
6380 0.99748 0.825311 -98071 18.6551 
6390 0.997482 -0.964826 -98071.1 18.6849 
6400 0.997491 -0.676493 -98058.4 18.7147 
6410 0.997523 0.0541931 -98062.9 18.7399 
6420 0.997523 0.24214 -98062.9 18.7689 
6430 0.997507 0.766197 -98064.5 18.7968 
6440 0.997546 0.138557 -98067.9 18.8271 
6450 0.997495 -0.638956 -98064.8 18.8512 
6460 0.997495 0.606614 -98064.8 18.8802 
6470 0.997436 0.666467 -98060.4 18.9115 
6480 0.997436 0.804508 -98060.4 18.9403 
6490 0.997522 0.419082 -98064.7 18.9706 
6500 0.997522 0.402796 -98064.7 18.9995 
6510 0.997514 0.168893 -98065.5 19.0304 
6520 0.997501 0.629117 -98064.3 19.0603 
6530 0.997511 -0.599125 -98065.4 19.0895 
6540 0.997528 -0.976398 -98059.7 19.1191 
6550 0.997513 -0.321112 -98058.8 19.1489 
6560 0.997466 0.598719 -98054.6 19.1797 
6570 0.997532 0.2474 -98060.2 19.2101 
6580 0.997523 0.55713 -98059.6 19.2369 
6590 0.997451 0.79265 -98047.5 19.2683 
6600 0.997412 0.779266 -98045.2 19.2987 
6610 0.997467 -0.752316 -98052.5 19.3317 
6620 0.997398 0.478247 -98049.6 19.3607 
6630 0.997405 0.64238 -98050.3 19.3873 
6640 0.997404 -0.349255 -98050.2 19.4164 
6650 0.99741 0.893308 -98050.8 19.4456 
6660 0.997431 -0.701736 -98052.7 19.4763 
6670 0.997724 0.626492 -98062.5 19.5065 
6680 0.997723 -0.621461 -98062.4 19.5331 
6690 0.997723 -0.168558 -98062.5 19.562 
6700 0.997671 0.590556 -98057.8 19.5933 
6710 0.997611 -0.240686 -98053.1 19.6254 
6720 0.997615 -0.386024 -98053.4 19.6549 
6730 0.997615 -0.946117 -98053.4 19.6812 
6740 0.997612 0.253768 -98053 19.7103 
6750 0.997611 0.673922 -98052.4 19.7427 
6760 0.997611 -0.811118 -98052.4 19.7718 
6770 0.997672 -0.651239 -98059.3 19.8041 
6780 0.997685 0.879614 -98060.7 19.8308 
6790 0.997685 -0.436147 -98060.7 19.8571 
6800 0.997654 -0.244683 -98059.4 19.8854 
6810 0.997678 -0.346864 -98061.4 19.915 
6820 0.997608 -0.62212 -98064.6 19.9483 
6830 0.997623 0.552782 -98065.7 19.9794 
6840 0.997623 -0.977715 -98065.7 20.0084 
6850 0.997613 0.516222 -98065.4 20.0384 
6860 0.997617 0.474814 -98065.8 20.0648 
6870 0.997612 -0.235401 -98065.3 20.0917 
6880 0.997612 0.333176 -98065.3 20.1209 
6890 0.997616 0.142438 -98067.9 20.1521 
6900 0.997603 -0.852956 -98064.8 20.1826 
6910 0.997603 0.220365 -98064.8 20.2116 
6920 0.99759 0.0112943 -98063.5 20.241 
6930 0.99752 0.0891746 -98066 20.2683 
6940 0.997576 -0.750976 -98068.4 20.2988 
6950 0.997577 0.288723 -98068.4 20.325 
6960 0.997594 0.943774 -98070.1 20.3543 
6970 0.997594 -0.298847 -98070.1 20.3834 
6980 0.997594 0.886308 -98070.1 20.4073 
6990 0.997594 -0.262625 -98070 20.4362 
7000 0.997607 -0.409652 -98071.3 20.4666 
7010 0.997638 -0.695402 -98068.4 20.4972 
7020 0.997638 -0.784765 -98068.4 20.5234 
7030 0.99763 -0.394267 -98067.8 20.5505 
7040 0.997638 0.507967 -98068.4 20.5797 
7050 0.997595 -0.0294106 -98065.8 20.61 
7060 0.997595 0.00740818 -98065.8 20.6389 
7070 0.997595 -0.469225 -98065.8 20.6653 
7080 0.997533 -0.79941 -98061 20.6993 
7090 0.997639 0.543599 -98068.8 20.7325 
7100 0.997628 0.73781 -98070.2 20.7639 
7110 0.997628 0.570275 -98070.1 20.7928 
7120 0.997609 -0.131445 -98074.1 20.8272 
7130 0.99761 -0.26045 -98074.1 20.8562 
7140 0.997613 -0.0687247 -98072.4 20.8869 
7150 0.997607 -0.135153 -98071.8 20.916 
7160 0.997607 -0.107796 -98071.8 20.9449 
7170 0.997672 0.451817 -98070.4 20.9761 
7180 0.997672 -0.136857 -98070.4 21.0051 
7190 0.997654 0.0392683 -98066.7 21.0363 
7200 0.997654 -0.536749 -98066.7 21.063 
7210 0.997654 0.518974 -98066.7 21.0919 
7220 0.997656 0.724323 -98066.8 21.1181 
7230 0.997655 -0.639019 -98066.8 21.1469 
7240 0.997567 0.850614 -98066.4 21.1798 
7250 0.997598 -0.157102 -98069.8 21.2126 
7260 0.997598 0.172352 -98069.7 21.2414 
7270 0.997603 0.890557 -98070.1 21.2705 
7280 0.997603 0.619669 -98070.1 21.2994 
7290 0.997603 -0.883496 -98070.1 21.3283 
7300 0.997624 0.487359 -98068.9 21.3606 
7310 0.997678 -0.0450724 -98073.4 21.3915 
7320 0.997677 -0.655332 -98073.3 21.421 
7330 0.997675 -0.00685952 -98073.1 21.4473 
7340 0.997681 0.787397 -98074.9 21.4778 
7350 0.997645 0.452734 -98071.4 21.5096 
7360 0.997648 -0.276987 -98071.7 21.5361 
7370 0.997648 0.944676 -98071.7 21.5651 
7380 0.997641 0.0485398 -98070.9 21.5943 
7390 0.997574 -0.153578 -98061.9 21.6252 
7400 0.997537 -0.549872 -98063.6 21.6547 
7410 0.997513 0.349291 -98061.2 21.6842 
7420 0.997531 0.785104 -98062.7 21.7121 
7430 0.997531 -0.875499 -98062.7 21.7409 
7440 0.997515 0.135757 -98059.7 21.7734 
7450 0.997517 -0.362274 -98060.6 21.8034 
7460 0.997497 -0.043322 -98059.8 21.8356 
7470 0.997559 0.554903 -98066.2 21.8624 
7480 0.99756 0.521804 -98066.2 21.8913 
7490 0.997571 -0.173026 -98068.8 21.9169 
7500 0.997571 0.425085 -98068.8 21.9462 
7510 0.997551 0.116695 -98067.4 21.9765 
7520 0.997502 -0.316875 -98063 22.0037 
7530 0.997501 -0.145626 -98062.9 22.0328 
7540 0.997507 0.448091 -98063.3 22.0619 
7550 0.997501 -0.962806 -98063 22.0912 
7560 0.997643 -0.804183 -98073.2 22.1221 
7570 0.99768 0.521676 -98076.5 22.1526 
7580 0.997682 0.934119 -98076.7 22.1815 
7590 0.997708 0.321505 -98075.6 22.2143 
7600 0.99772 0.782879 -98077.6 22.2441 
7610 0.99772 -0.706015 -98077.7 22.2732 
7620 0.99772 -0.16047 -98077.7 22.302 
7630 0.99772 0.634675 -98077.7 22.331 
7640 0.997714 0.980424 -98077.4 22.3606 
7650 0.997659 0.717013 -98074.4 22.3929 
7660 0.997521 0.560792 -98067 22.4223 
7670 0.997618 -0.0397854 -98066.6 22.4555 
7680 0.997618 0.977171 -98066.6 22.4844 
7690 0.997618 0.0907298 -98066.6 22.5106 
7700 0.997537 0.0715274 -98064 22.5376 
7710 0.997517 -0.128439 -98062.6 22.5615 
7720 0.997445 -0.390564 -98056.1 22.5917 
7730 0.997371 0.50564 -98053 22.6234 
7740 0.997498 -0.301216 -98063.3 22.6552 
7750 0.997518 -0.206751 -98061.2 22.6903 
7760 0.997484 -0.0368314 -98057.5 22.7177 
7770 0.997521 -0.772714 -98063.1 22.7488 
7780 0.997521 0.639809 -98063.1 22.7749 
7790 0.997521 -0.724924 -98063.1 22.8038 
7800 0.997529 0.149529 -98063.9 22.8328 
7810 0.997537 0.844804 -98064.8 22.8628 
7820 0.997547 0.288636 -98063.5 22.8945 
7830 0.997542 -0.303266 -98064.1 22.9232 
7840 0.997545 0.822964 -98064.3 22.9524 
7850 0.997642 -0.853491 -98072.9 22.9789 
7860 0.997467 -0.621546 -98061.6 23.0115 
7870 0.997468 0.119973 -98058.4 23.0458 
7880 0.997468 0.76544 -98059.1 23.0761 
7890 0.997519 0.166405 -98061.2 23.1081 
7900 0.997515 0.714311 -98060.4 23.1382 
7910 0.997515 0.0885758 -98060.4 23.167 
7920 0.997492 -0.296165 -98058.3 23.1997 
7930 0.997492 0.0270561 -98058.3 23.2299 
7940 0.997483 0.418031 -98057.4 23.2564 
7950 0.997552 -0.780361 -98063.8 23.2915 
7960 0.997553 0.82068 -98063.9 23.3178 
7970 0.997518 0.00898478 -98064.9 23.3463 
7980 0.997523 0.720373 -98065.4 23.3726 
7990 0.997672 0.244416 -98079.8 23.4059 
8000 0.997677 -0.0640346 -98080.3 23.4348 
8010 0.997672 0.772974 -98080 23.464 
8020 0.997672 -0.867655 -98080 23.4931 
8030 0.997642 -0.176503 -98075.3 23.5224 
8040 0.997663 -0.68969 -98078.2 23.5531 
8050 0.997622 0.739185 -98078 23.585 
8060 0.997625 -0.240425 -98078.2 23.614 
8070 0.997649 0.165515 -98078.9 23.6415 
8080 0.997657 0.40875 -98079.1 23.6706 
8090 0.997642 -0.313015 -98077.5 23.7003 
8100 0.997615 0.778274 -98075.2 23.7303 
8110 0.997614 0.739214 -98075 23.7603 
8120 0.99762 -0.782531 -98075.1 23.7874 
8130 0.997577 -0.60314 -98071.4 23.8177 
8140 0.997577 0.712948 -98071.3 23.8469 
8150 0.997569 -0.805508 -98070.8 23.8759 
8160 0.997586 -0.90762 -98067.3 23.9077 
8170 0.997591 -0.555654 -98068 23.9372 
8180 0.997465 -0.233248 -98058.1 23.9661 
8190 0.997465 -0.820333 -98058.1 23.9923 
8200 0.997551 -0.188102 -98066 24.0256 
8210 0.997546 0.43711 -98066.9 24.0559 
8220 0.997603 0.486109 -98071.9 24.0875 
8230 0.997603 -0.650822 -98071.9 24.1164 
8240 0.997551 -0.23109 -98068.8 24.1465 
8250 0.997622 -0.860509 -98068.7 24.1776 
8260 0.997601 0.915896 -98065.5 24.2056 
8270 0.997556 -0.47104 -98064.9 24.236 
8280 0.997554 -0.527403 -98064.7 24.2626 
8290 0.997517 -0.544148 -98056.9 24.2934 
8300 0.997511 -0.368962 -98056.5 24.3231 
8310 0.997559 -0.216938 -98065.2 24.356 
8320 0.997535 0.904853 -98062.6 24.3856 
8330 0.997523 -0.16003 -98061.3 24.4167 
8340 0.997545 0.481951 -98066 24.4473 
8350 0.997564 0.0158665 -98068.1 24.4775 
8360 0.997576 -0.0339062 -98069.6 24.5085 
8370 0.997577 0.106214 -98069.6 24.5389 
8380 0.997577 -0.575727 -98069.6 24.5652 
8390 0.997577 0.311013 -98069.6 24.5915 
8400 0.997577 0.513684 -98069.6 24.6204 
8410 0.997577 0.935578 -98069.6 24.6467 
8420 0.997618 -0.250764 -98073.3 24.6778 
8430 0.997557 0.132006 -98068.4 24.7089 
8440 0.997557 -0.558539 -98068.4 24.7377 
8450 0.997544 -0.371043 -98067.2 24.7644 
8460 0.997574 0.917845 -98065.4 24.7998 
8470 0.997574 -0.907873 -98065.4 24.8288 
8480 0.997574 0.0700387 -98065.4 24.8576 
8490 0.997543 0.15255 -98068.2 24.8919 
8500 0.997507 0.794446 -98067.8 24.9231 
8510 0.997496 0.941504 -98063.1 24.9548 
8520 0.997495 -0.0507633 -98063.1 24.9838 
8530 0.997495 -0.967237 -98063.1 25.0099 
8540 0.997495 0.831585 -98063.1 25.0387 
8550 0.997542 0.522322 -98065.8 25.0693 
8560 0.997543 0.145851 -98065.8 25.0984 
8570 0.997547 0.883806 -98066.1 25.1247 
8580 0.997545 0.153286 -98065.2 25.155 
8590 0.997599 -0.424105 -98066.2 25.1865 
8600 0.997571 0.530374 -98060.4 25.2157 
8610 0.997571 -0.427817 -98060.4 25.2445 
8620 0.997577 -0.0706181 -98060.9 25.2739 
8630 0.997584 0.897212 -98061.8 25.2987 
8640 0.997584 0.00309937 -98061.7 25.3276 
8650 0.997505 -0.427014 -98054.6 25.3553 
8660 0.997693 -0.944755 -98071.4 25.3898 
8670 0.997688 -0.42104 -98072.1 25.4204 
8680 0.997688 0.228673 -98072.1 25.4468 
8690 0.997611 -0.966252 -98067.8 25.4748 
8700 0.997564 -0.632759 -98065.8 25.5001 
8710 0.997604 -0.456997 -98064.1 25.532 
8720 0.997604 0.690316 -98064 25.5611 
8730 0.997604 -0.854483 -98064 25.5874 
8740 0.997611 -0.568482 -98064 25.6169 
8750 0.997611 -0.34843 -98064 25.6457 
8760 0.997611 -0.133692 -98064 25.6748 
8770 0.997667 0.587588 -98069.5 25.7057 
8780 0.997574 -0.176235 -98061.8 25.7386 
8790 0.997574 -0.59954 -98061.8 25.7649 
8800 0.997667 -0.465562 -98066.4 25.7928 
8810 0.997685 0.357416 -98064.6 25.8237 
8820 0.99769 -0.744891 -98065.4 25.8538 
8830 0.997683 -0.729922 -98064.8 25.8803 
8840 0.997683 0.0496056 -98064.8 25.9037 
8850 0.997726 0.981384 -98068 25.931 
8860 0.997756 0.927569 -98072.9 25.9591 
8870 0.997766 -0.113173 -98074 25.9887 
8880 0.997737 0.522324 -98073.2 26.018 
8890 0.997728 0.434747 -98072.5 26.0473 
8900 0.997679 0.903455 -98067.4 26.0783 
8910 0.997689 -0.293606 -98068.4 26.1079 
8920 0.997689 0.421698 -98068.4 26.137 
8930 0.997684 -0.277673 -98067.1 26.1697 
8940 0.997728 0.81008 -98071.6 26.2006 
8950 0.997709 0.129882 -98069.8 26.2277 
8960 0.997667 -0.0258668 -98067.5 26.2593 
8970 0.997598 -0.145944 -98062.9 26.2899 
8980 0.997572 -0.908803 -98060.2 26.3183 
8990 0.997684 0.381954 -98070.2 26.3508 
9000 0.997629 -0.459211 -98068.2 26.3798 
9010 0.997676 0.798611 -98072.7 26.4071 
9020 0.997679 -0.115382 -98072.7 26.4345 
9030 0.997679 0.82113 -98072.7 26.4608 
9040 0.997645 0.0994928 -98070.9 26.4886 
9050 0.997645 0.524495 -98070.9 26.5177 
9060 0.997645 0.468625 -98070.9 26.544 
9070 0.997654 -0.848255 -98071.6 26.5731 
9080 0.997648 0.103113 -98071.3 26.6024 
9090 0.997648 0.392168 -98071.3 26.6287 
9100 0.997652 -0.248955 -98071.7 26.6578 
9110 0.997659 0.44717 -98070.1 26.6874 
9120 0.99766 -0.606908 -98070.2 26.7138 
9130 0.997596 -0.982612 -98066.5 26.7445 
9140 0.997596 -0.170863 -98066.5 26.7734 
9150 0.997576 -0.522445 -98063.8 26.8047 
9160 0.997576 0.474598 -98063.8 26.8309 
9170 0.997576 0.2018 -98063.8 26.857 
9180 0.997695 -0.188108 -98068.6 26.8862 
9190 0.997695 -0.231084 -98068.6 26.9152 
9200 0.997669 0.50841 -98066.3 26.9467 
9210 0.997656 0.413629 -98065.3 26.9745 
9220 0.997656 -0.318208 -98065.3 27.0038 
9230 0.997582 0.64285 -98062.2 27.0352 
9240 0.997703 0.194288 -98069.5 27.0661 
9250 0.997782 -0.523466 -98079.5 27.0971 
9260 0.997782 0.214161 -98079.5 27.1261 
9270 0.997729 -0.391662 -98074.9 27.1582 
9280 0.997653 0.804173 -98072.9 27.1877 
9290 0.997602 -0.267192 -98069.1 27.2166 
9300 0.997602 0.739393 -98069 27.2455 
9310 0.997631 0.75154 -98071.2 27.2751 
9320 0.99764 -0.969996 -98071.8 27.3057 
9330 0.99755 -0.55892 -98062.5 27.3404 
9340 0.997545 0.163669 -98060.6 27.371 
9350 0.997572 -0.108792 -98063.5 27.4007 
9360 0.997623 -0.871115 -98069.1 27.4317 
9370 0.997623 0.0589745 -98069.2 27.4578 
9380 0.997623 -0.453952 -98069.1 27.4868 
9390 0.997612 0.221069 -98067.5 27.5165 
9400 0.997607 0.980524 -98067.1 27.5433 
9410 0.997607 0.967196 -98067.1 27.5694 
9420 0.99761 -0.644646 -98067.4 27.5985 
9430 0.99761 -0.0496428 -98067.4 27.6276 
9440 0.997543 -0.974945 -98062.9 27.6548 
9450 0.99757 -0.754538 -98064.6 27.6826 
9460 0.997551 -0.655682 -98062.3 27.7091 
9470 0.997552 0.211303 -98062.4 27.7383 
9480 0.997555 -0.92093 -98062.7 27.7675 
9490 0.997553 0.170041 -98062.6 27.7943 
9500 0.997553 -0.501205 -98062.6 27.8205 
9510 0.997541 0.704461 -98062.3 27.8503 
9520 0.997627 0.678006 -98062.9 27.8798 
9530 0.99758 -0.146934 -98058.6 27.9102 
9540 0.997572 0.71459 -98058.5 27.9365 
9550 0.997573 0.170738 -98058.6 27.9628 
9560 0.997574 0.798004 -98058.6 27.9921 
9570 0.997574 0.34674 -98058.6 28.0183 
9580 0.997588 0.459917 -98060 28.0448 
9590 0.997588 -0.0609968 -98060 28.071 
9600 0.997643 -0.474847 -98065.1 28.1007 
9610 0.997626 0.455814 -98063.3 28.1304 
9620 0.997626 0.21706 -98065.4 28.1619 
9630 0.997634 -0.144964 -98066.2 28.1908 
9640 0.997647 -0.477075 -98065 28.2209 
9650 0.997649 0.54651 -98065.6 28.2507 
9660 0.997649 -0.00335076 -98065.6 28.2797 
9670 0.997654 0.674047 -98065.4 28.3004 
9680 0.997631 -0.839746 -98063.5 28.3313 
9690 0.997631 -0.302156 -98063.5 28.3547 
9700 0.997645 0.436671 -98064.7 28.3826 
9710 0.997682 0.478866 -98068.5 28.4125 
9720 0.997675 -0.893848 -98068.2 28.4433 
9730 0.997675 -0.709295 -98068.2 28.4726 
9740 0.997631 -0.943582 -98063 28.5036 
9750 0.997631 0.985758 -98062.9 28.5298 
9760 0.997536 0.334426 -98056.5 28.5628 
9770 0.997415 -0.355697 -98045.4 28.5934 
9780 0.997415 0.21209 -98046.1 28.6262 
9790 0.997403 0.939196 -98047.4 28.6572 
9800 0.997403 -0.837158 -98047.3 28.6862 
9810 0.997403 -0.0548053 -98047.4 28.7151 
9820 0.997397 -0.758847 -98046.7 28.7445 
9830 0.997405 0.480268 -98047.5 28.7744 
9840 0.997364 0.667907 -98043.1 28.8032 
9850 0.997415 0.500824 -98045.6 28.8371 
9860 0.997415 0.419753 -98045.6 28.8661 
9870 0.997415 0.566306 -98045.6 28.8975 
9880 0.997467 0.354248 -98049 28.9294 
9890 0.997558 -0.156397 -98060.4 28.9625 
9900 0.997496 -0.62391 -98060.1 28.9898 
9910 0.997485 -0.562588 -98062.8 29.0205 
9920 0.997485 0.132293 -98062.8 29.0494 
9930 0.997497 0.800183 -98065.3 29.0768 
9940 0.997522 0.705906 -98062.3 29.1068 
9950 0.997584 0.787042 -98069.6 29.1353 
9960 0.997598 0.213094 -98070.2 29.1672 
9970 0.997651 -0.0463352 -98077.1 29.1986 
9980 0.99763 -0.482476 -98074 29.2316 
9990 0.997638 -0.731608 -98075 29.2589 
10000 0.99762 -0.120925 -98073.1 29.2832 
