0 1 1 -98304 0 
10 0.99984 0.121854 -98283.3 0.0316883 
20 0.99984 0.593511 -98283.3 0.0577842 
30 0.99984 -0.940908 -98283.3 0.086504 
40 0.99984 -0.831478 -98283.3 0.112692 
50 0.99984 0.197573 -98283.3 0.141466 
60 0.99984 0.868625 -98283.3 0.166892 
70 0.999826 -0.533718 -98281.4 0.196846 
80 0.999826 -0.255932 -98281.4 0.225682 
90 0.999826 0.526993 -98281.4 0.253133 
100 0.999826 -0.385398 -98281.5 0.283413 
110 0.999826 0.919652 -98281.5 0.313841 
120 0.999811 0.0326993 -98279.5 0.345051 
130 0.999794 -0.81172 -98277.4 0.376033 
140 0.999794 -0.204944 -98277.4 0.403472 
150 0.999794 0.44235 -98277.4 0.433767 
160 0.99979 -0.548259 -98277 0.465449 
170 0.999795 -0.791819 -98277.5 0.496871 
180 0.999796 0.348212 -98277.6 0.52698 
190 0.999621 -0.214936 -98258 0.558419 
200 0.999621 0.290279 -98257.9 0.587853 
210 0.999671 0.0947632 -98263.3 0.617306 
220 0.999643 -0.417122 -98259.5 0.647889 
230 0.999643 -0.0397322 -98259.5 0.671182 
240 0.999655 0.888083 -98261.4 0.698747 
250 0.999655 0.383163 -98261.4 0.727486 
260 0.999659 0.0219403 -98261.7 0.754947 
270 0.999659 0.80115 -98261.6 0.783076 
280 0.999659 -0.614709 -98261.9 0.81181 
290 0.999647 0.658823 -98260.2 0.843121 
300 0.999569 -0.359706 -98249 0.868743 
310 0.999569 0.614098 -98249 0.897032 
320 0.999569 0.827436 -98249 0.92587 
330 0.999569 0.818064 -98249 0.95193 
340 0.999579 0.731992 -98250.3 0.983058 
350 0.999514 -0.928805 -98242.5 1.0137 
360 0.999541 -0.881355 -98245.6 1.0429 
370 0.999541 0.361692 -98245.6 1.0687 
380 0.999541 -0.647209 -98245.6 1.09846 
390 0.999541 0.959925 -98245.6 1.12884 
400 0.999531 0.664044 -98244.4 1.15553 
410 0.999372 0.92179 -98224.6 1.18586 
420 0.999371 0.144898 -98224 1.21706 
430 0.999371 0.783982 -98224 1.24445 
440 0.999371 0.921609 -98224 1.27099 
450 0.999374 0.779335 -98224.7 1.30034 
460 0.999377 -0.0974117 -98225.1 1.33043 
470 0.999377 -0.786514 -98225 1.35912 
480 0.999417 -0.101379 -98230.2 1.38647 
490 0.999418 -0.359493 -98230.2 1.41586 
500 0.999443 0.406563 -98233.4 1.44675 
510 0.999443 -0.0165254 -98233.4 1.47546 
520 0.999443 0.606892 -98233.4 1.50113 
530 0.999443 -0.93691 -98233.4 1.52934 
540 0.999443 -0.880407 -98233.5 1.55587 
550 0.999443 -0.768692 -98233.4 1.58441 
560 0.998727 0.730359 -98178.1 1.61473 
570 0.998731 0.855685 -98178.9 1.64456 
580 0.998731 -0.0660504 -98178.9 1.67282 
590 0.998731 -0.622139 -98178.9 1.69929 
600 0.998731 0.0881146 -98178.9 1.72957 
610 0.998762 0.0383466 -98182.9 1.75998 
620 0.998809 0.0935333 -98188.6 1.78889 
630 0.998806 0.804457 -98188.3 1.81949 
640 0.998563 0.617702 -98173.3 1.85274 
650 0.998562 -0.468968 -98173.2 1.88057 
660 0.998562 0.849711 -98173.2 1.91119 
670 0.998559 -0.691284 -98172.7 1.94224 
680 0.99857 -0.245225 -98172.6 1.97555 
690 0.998479 0.86555 -98161.1 2.00855 
700 0.998285 -0.258341 -98142.7 2.04223 
710 0.998286 0.0378056 -98142.8 2.06988 
720 0.998405 -0.546218 -98155.1 2.1043 
730 0.998395 0.601768 -98154.8 2.13573 
740 0.998395 0.127175 -98154.9 2.16261 
750 0.998396 -0.433987 -98155 2.19167 
760 0.998395 0.862626 -98155 2.22052 
770 0.998395 -0.404701 -98154.9 2.24703 
780 0.998395 -0.474361 -98154.9 2.27349 
790 0.998395 -0.973457 -98155 2.30369 
800 0.998339 0.437373 -98149.4 2.33391 
810 0.998894 -0.30619 -98184.7 2.3624 
820 0.998864 -0.974305 -98181.2 2.39275 
830 0.99886 0.172932 -98182.7 2.42462 
840 0.998842 0.0728212 -98180.5 2.45476 
850 0.998842 0.723033 -98180.5 2.48346 
860 0.998204 0.0907853 -98135 2.51615 
870 0.998308 0.434225 -98138.5 2.54665 
880 0.998336 -0.779352 -98141.4 2.57672 
890 0.998336 -0.0448194 -98141.4 2.60339 
900 0.998318 0.0853522 -98139.5 2.63182 
910 0.997963 -0.185021 -98116.9 2.66338 
920 0.997963 -0.683621 -98116.9 2.69275 
930 0.997963 0.466334 -98116.9 2.72023 
940 0.997576 0.328164 -98090 2.75409 
950 0.997592 0.460349 -98092.6 2.78615 
960 0.997887 -0.74175 -98102.3 2.81682 
970 0.997887 0.59848 -98102.3 2.84559 
980 0.997665 -0.505842 -98077.5 2.87659 
990 0.997665 -0.328806 -98077.5 2.90649 
1000 0.997632 0.616375 -98075.1 2.93823 
1010 0.997497 -0.960565 -98065 2.96955 
1020 0.997497 -0.205823 -98065 2.99809 
1030 0.997497 -0.821255 -98068.9 3.02948 
1040 0.997497 -0.209871 -98068.9 3.05546 
1050 0.997497 -0.266288 -98068.9 3.08191 
1060 0.997497 0.770411 -98068.9 3.10827 
1070 0.99749 0.167099 -98067.7 3.13655 
1080 0.997441 0.819907 -98063.8 3.16686 
1090 0.997402 -0.242846 -98058.9 3.19607 
1100 0.997429 -0.297943 -98062.8 3.22792 
1110 0.997384 0.808663 -98060.8 3.2584 
1120 0.997458 0.902156 -98065.1 3.28991 
1130 0.997458 0.645025 -98065 3.31589 
1140 0.997458 0.169092 -98065 3.34462 
1150 0.997571 0.254789 -98067.2 3.37498 
1160 0.997529 -0.877727 -98066.7 3.40521 
1170 0.997527 0.589663 -98066.5 3.43397 
1180 0.997527 0.415028 -98066.5 3.4624 
1190 0.997501 -0.177209 -98063.6 3.48727 
1200 0.997501 -0.916006 -98063.6 3.5159 
1210 0.997424 0.0256564 -98050.7 3.5481 
1220 0.99745 -0.570117 -98052.8 3.5744 
1230 0.997504 0.568564 -98051.5 3.59998 
1240 0.997581 0.368307 -98058.6 3.63319 
1250 0.997563 -0.134105 -98058.7 3.66579 
1260 0.997628 0.0121882 -98061.4 3.69761 
1270 0.997671 -0.0158941 -98066.2 3.72963 
1280 0.997625 0.147572 -98063.3 3.76088 
1290 0.997625 -0.553737 -98063.3 3.78979 
1300 0.997629 0.122743 -98063.6 3.81926 
1310 0.997643 0.334118 -98064.3 3.84478 
1320 0.997639 0.158087 -98061.2 3.87675 
1330 0.997638 -0.502907 -98061.1 3.90617 
1340 0.997673 0.6413 -98065.7 3.93639 
1350 0.99755 0.920221 -98060.5 3.9688 
1360 0.997611 -0.515507 -98066.8 3.99918 
1370 0.997611 0.512481 -98066.8 4.02847 
1380 0.997611 -0.357289 -98066.7 4.05494 
1390 0.997611 -0.189966 -98066.7 4.08093 
1400 0.997573 -0.433517 -98063.1 4.1109 
1410 0.997572 0.104316 -98062.8 4.13803 
1420 0.997577 -0.577451 -98063.5 4.16464 
1430 0.997577 -0.317603 -98063.5 4.19137 
1440 0.997572 -0.516286 -98062.7 4.22101 
1450 0.997571 -0.859664 -98062.6 4.25043 
1460 0.997572 -0.807043 -98061.8 4.27751 
1470 0.997572 0.42703 -98061.8 4.30606 
1480 0.997568 0.00744977 -98061.6 4.33685 
1490 0.997599 -0.229571 -98068.8 4.36768 
1500 0.997593 0.202809 -98068.3 4.39721 
1510 0.997593 -0.420721 -98068.3 4.42635 
1520 0.997581 -0.936691 -98069.2 4.45624 
1530 0.997581 -0.448504 -98069.2 4.48038 
1540 0.997611 0.969859 -98072.8 4.51033 
1550 0.997535 0.185003 -98068 4.54179 
1560 0.99758 0.92986 -98065.7 4.5729 
1570 0.997511 0.29683 -98060.3 4.6017 
1580 0.997536 -0.845587 -98069.8 4.63403 
1590 0.997489 -0.830773 -98064.2 4.66373 
1600 0.997489 -0.541534 -98064.2 4.69313 
1610 0.997382 0.822624 -98062.1 4.72151 
1620 0.997477 -0.214578 -98071.2 4.75123 
1630 0.997454 0.198964 -98067.6 4.78171 
1640 0.997486 0.671831 -98064.5 4.81345 
1650 0.997488 -0.142921 -98064.6 4.84023 
1660 0.997468 -0.317324 -98063.3 4.86947 
1670 0.997469 0.377752 -98063.3 4.89859 
1680 0.997449 -0.398 -98062.8 4.92729 
1690 0.997429 0.0853406 -98062.3 4.95684 
1700 0.997429 0.0757884 -98062.4 4.98644 
1710 0.997395 -0.173117 -98062.5 5.01715 
1720 0.997395 0.233951 -98062.5 5.04637 
1730 0.997428 -0.744554 -98065.7 5.07709 
1740 0.997525 -0.0347133 -98063.8 5.10934 
1750 0.997547 0.956647 -98062.1 5.14092 
1760 0.997425 0.25812 -98057.5 5.17059 
1770 0.997425 0.153631 -98057.5 5.20008 
1780 0.997425 -0.168929 -98057.5 5.22897 
1790 0.99742 -0.440937 -98059.3 5.25995 
1800 0.997479 -0.674275 -98063.1 5.28857 
1810 0.997479 0.0895892 -98063.1 5.31477 
1820 0.997502 -0.115712 -98063.3 5.34326 
1830 0.997502 -0.950302 -98063.3 5.36941 
1840 0.997647 0.321642 -98072.7 5.39639 
1850 0.997688 -0.669383 -98076.9 5.42762 
1860 0.997661 -0.478804 -98076 5.45746 
1870 0.99762 -0.91984 -98068.1 5.48966 
1880 0.997645 -0.949351 -98073.6 5.51964 
1890 0.997632 0.17207 -98070.7 5.54778 
1900 0.997642 -0.800127 -98072.8 5.58151 
1910 0.997623 0.807534 -98072.6 5.61584 
1920 0.997624 -0.225095 -98072.6 5.64502 
1930 0.997534 -0.41524 -98067 5.67555 
1940 0.997609 -0.500173 -98073.6 5.70551 
1950 0.997638 -0.371424 -98073.1 5.73652 
1960 0.997623 0.00285321 -98071.5 5.76573 
1970 0.997622 0.139584 -98071.4 5.79542 
1980 0.997565 0.909695 -98068.6 5.82619 
1990 0.997574 0.364059 -98063 5.8542 
2000 0.997574 0.0935682 -98063 5.88379 
2010 0.997574 -0.452466 -98063 5.90985 
2020 0.997574 -0.737214 -98063 5.93384 
2030 0.997571 -0.879733 -98064.8 5.96567 
2040 0.997578 -0.82426 -98066.3 5.99723 
2050 0.997585 0.36859 -98065.4 6.0277 
2060 0.997585 -0.264961 -98065.4 6.05665 
2070 0.997567 0.966613 -98062.2 6.08659 
2080 0.997567 0.165535 -98062.2 6.11281 
2090 0.997247 0.582984 -98055.5 6.13973 
2100 0.997247 0.609864 -98055.5 6.16638 
2110 0.997249 0.10356 -98052.4 6.19697 
2120 0.997223 -0.512059 -98050.5 6.22814 
2130 0.997253 0.936476 -98053 6.2598 
2140 0.997253 -0.954445 -98053 6.28954 
2150 0.997259 0.574801 -98053.9 6.32076 
2160 0.997287 0.761535 -98059 6.35451 
2170 0.997386 0.866101 -98070.3 6.38192 
2180 0.997386 0.644612 -98070.2 6.40767 
2190 0.997389 0.212294 -98070.6 6.43702 
2200 0.997389 -0.0352697 -98070.6 6.46318 
2210 0.997409 -0.177412 -98071.6 6.49387 
2220 0.997404 -0.13365 -98070.5 6.51889 
2230 0.997322 -0.462874 -98068.5 6.55053 
2240 0.997314 -0.149159 -98067.1 6.58428 
2250 0.997314 0.231617 -98067.1 6.61492 
2260 0.997268 -0.322143 -98064.1 6.64876 
2270 0.997296 -0.0991979 -98065.7 6.6808 
2280 0.99731 0.615166 -98067.1 6.71246 
2290 0.997268 0.526938 -98058.9 6.74699 
2300 0.997304 0.0863291 -98062.4 6.77725 
2310 0.997189 0.876203 -98050.2 6.81122 
2320 0.997276 0.0882949 -98055.9 6.84303 
2330 0.997276 0.440946 -98055.9 6.87153 
2340 0.997359 0.650218 -98065.5 6.8998 
2350 0.997358 -0.388136 -98065.5 6.92821 
2360 0.997377 -0.672215 -98066.5 6.95802 
2370 0.997589 0.221118 -98067.8 6.98706 
2380 0.997601 -0.460368 -98069 7.0164 
2390 0.997565 -0.129404 -98065.5 7.04089 
2400 0.997561 0.352675 -98065.1 7.06749 
2410 0.99744 0.678117 -98055.3 7.09715 
2420 0.997488 0.902875 -98056.4 7.12825 
2430 0.997517 0.204408 -98059 7.15892 
2440 0.997549 -0.344364 -98063.7 7.18971 
2450 0.997467 0.0149166 -98058.9 7.21742 
2460 0.997467 -0.836505 -98058.9 7.24306 
2470 0.997424 0.108685 -98059.6 7.27217 
2480 0.997424 0.562164 -98059.6 7.30077 
2490 0.997428 -0.234237 -98059.9 7.32655 
2500 0.997429 -0.357298 -98059.9 7.35569 
2510 0.997429 0.433048 -98060 7.38525 
2520 0.997544 -0.909547 -98065.9 7.41683 
2530 0.997544 -0.432629 -98065.9 7.44753 
2540 0.997561 -0.254619 -98066.6 7.47994 
2550 0.99753 -0.719331 -98068.4 7.5129 
2560 0.99753 -0.442894 -98068.4 7.54376 
2570 0.997531 0.894396 -98068.4 7.57377 
2580 0.997526 0.579752 -98068.7 7.60647 
2590 0.99753 0.23364 -98067.7 7.63658 
2600 0.99753 -0.930323 -98067.7 7.6651 
2610 0.997536 0.506729 -98064 7.69305 
2620 0.997545 0.202965 -98064.1 7.7194 
2630 0.997546 0.256905 -98060.7 7.75174 
2640 0.997526 0.138054 -98058.6 7.78237 
2650 0.997502 0.0451897 -98054.6 7.80995 
2660 0.99745 0.629968 -98061.5 7.84066 
2670 0.997419 0.276015 -98062.9 7.87067 
2680 0.997455 0.714015 -98062.6 7.90314 
2690 0.997455 0.702439 -98062.6 7.93164 
2700 0.997486 -0.22071 -98060.6 7.96088 
2710 0.997513 0.329337 -98061.3 7.99198 
2720 0.997497 0.564567 -98058.8 8.0219 
2730 0.997512 0.667062 -98059.6 8.05098 
2740 0.997534 0.281721 -98065.4 8.07907 
2750 0.997491 -0.332681 -98062 8.11009 
2760 0.997528 0.157185 -98060.6 8.14617 
2770 0.997515 0.157426 -98059.9 8.17664 
2780 0.997477 0.822623 -98057.1 8.20653 
2790 0.997468 0.262304 -98056.3 8.236 
2800 0.997468 -0.775162 -98056.3 8.26697 
2810 0.997468 -0.655123 -98056.4 8.29756 
2820 0.997455 -0.59444 -98054.6 8.32944 
2830 0.99747 0.489973 -98055.5 8.36048 
2840 0.99747 0.664652 -98055.6 8.38365 
2850 0.997556 -0.530075 -98060 8.41337 
2860 0.997546 0.647803 -98059.1 8.44427 
2870 0.99756 0.565439 -98060.4 8.47596 
2880 0.99756 -0.25247 -98060.4 8.50173 
2890 0.997561 0.12241 -98060.6 8.53033 
2900 0.997613 -0.600968 -98064.9 8.56117 
2910 0.997613 -0.394471 -98064.9 8.58995 
2920 0.997673 0.945813 -98070.4 8.62174 
2930 0.997604 -0.225568 -98064.6 8.64994 
2940 0.997567 0.164174 -98059.7 8.67944 
2950 0.997529 -0.428613 -98058.5 8.70709 
2960 0.997539 0.423339 -98058.9 8.73647 
2970 0.997539 -0.813282 -98058.9 8.76228 
2980 0.997408 0.807076 -98045.5 8.79507 
2990 0.997412 0.0269817 -98045.8 8.82373 
3000 0.997548 -0.250858 -98062.7 8.85625 
3010 0.997548 -0.792838 -98062.7 8.8848 
3020 0.997549 0.144958 -98062.8 8.91365 
3030 0.997492 0.39134 -98056.1 8.94217 
3040 0.997541 -0.923118 -98062 8.9703 
3050 0.997541 0.978867 -98062 8.99649 
3060 0.997572 0.652368 -98061.5 9.02812 
3070 0.997495 -0.830501 -98059.8 9.05639 
3080 0.997516 -0.722091 -98061.5 9.08314 
3090 0.997535 -0.221428 -98063.6 9.11568 
3100 0.997548 0.925645 -98065.1 9.14176 
3110 0.997548 -0.545354 -98065.1 9.17015 
3120 0.99755 0.557023 -98065.3 9.2003 
3130 0.997549 0.799018 -98065.3 9.22601 
3140 0.997556 0.920487 -98066 9.25223 
3150 0.997568 -0.911519 -98065.7 9.28353 
3160 0.997585 -0.568827 -98067.1 9.31241 
3170 0.997596 -0.184375 -98068 9.34137 
3180 0.997495 0.616953 -98060.2 9.37388 
3190 0.997464 -0.284008 -98057.2 9.40167 
3200 0.997421 0.479436 -98054.5 9.43149 
3210 0.997356 0.592696 -98050.4 9.45915 
3220 0.997362 0.0417942 -98051.8 9.49023 
3230 0.997315 0.860819 -98047.8 9.52111 
3240 0.997339 -0.0616337 -98049.2 9.5505 
3250 0.997339 -0.861322 -98049.2 9.57657 
3260 0.997337 0.684646 -98049 9.60519 
3270 0.997337 0.410989 -98048.9 9.63369 
3280 0.997457 -0.990429 -98056.4 9.66157 
3290 0.997506 -0.899425 -98054.9 9.69214 
3300 0.997536 -0.931608 -98061.5 9.72273 
3310 0.99752 0.220996 -98059.9 9.75192 
3320 0.997507 0.533326 -98059.9 9.78379 
3330 0.997526 0.832395 -98062.2 9.81382 
3340 0.997549 0.699772 -98064 9.84371 
3350 0.997549 -0.286436 -98064 9.87352 
3360 0.997543 0.2799 -98063.7 9.90595 
3370 0.997542 0.350163 -98063.6 9.93186 
3380 0.997581 -0.446052 -98065.9 9.96188 
3390 0.99761 -0.971269 -98074.1 9.99305 
3400 0.997601 0.75633 -98061.1 10.0215 
3410 0.99761 0.819243 -98058.8 10.0527 
3420 0.997607 0.409925 -98058.3 10.0816 
3430 0.997607 -0.750369 -98058.4 10.1074 
3440 0.99757 0.793587 -98056.1 10.1351 
3450 0.99757 -0.1961 -98056.1 10.161 
3460 0.997609 0.617338 -98060.9 10.1909 
3470 0.99766 -0.803112 -98065.2 10.2206 
3480 0.99766 -0.352299 -98065.2 10.2492 
3490 0.997687 0.422067 -98067.3 10.2809 
3500 0.99766 0.985147 -98065.1 10.3082 
3510 0.997681 -0.338726 -98069.3 10.3369 
3520 0.997669 0.240473 -98067.1 10.3672 
3530 0.997679 -0.80281 -98067.9 10.3882 
3540 0.997621 -0.0341926 -98062.2 10.4162 
3550 0.997675 0.117605 -98070.8 10.4476 
3560 0.997676 -0.0947332 -98070.9 10.4733 
3570 0.997675 0.502963 -98070.8 10.5019 
3580 0.997628 -0.898652 -98063.5 10.5325 
3590 0.997598 -0.319077 -98060.2 10.563 
3600 0.997598 -0.551644 -98060.2 10.5864 
3610 0.997598 -0.59731 -98060.2 10.6148 
3620 0.997584 0.270172 -98058.6 10.6451 
3630 0.99752 -0.0696611 -98056.7 10.6758 
3640 0.997479 0.883749 -98061.2 10.7023 
3650 0.997514 0.694206 -98065.1 10.7362 
3660 0.997514 -0.882189 -98065.2 10.765 
3670 0.99757 0.128475 -98068.4 10.7952 
3680 0.99757 0.860498 -98068.4 10.8242 
3690 0.997548 -0.882348 -98065.3 10.8551 
3700 0.997548 -0.75723 -98065.3 10.8846 
3710 0.997498 0.39098 -98061.6 10.9146 
3720 0.997514 0.796444 -98063.6 10.9431 
3730 0.99752 0.161438 -98060.4 10.9726 
3740 0.997519 0.46071 -98060.4 10.9987 
3750 0.997531 0.686307 -98062.6 11.027 
3760 0.997539 0.0607411 -98064.7 11.06 
3770 0.997539 0.545617 -98064.7 11.0878 
3780 0.99759 -0.607643 -98069 11.1221 
3790 0.997605 -0.260445 -98070.8 11.1527 
3800 0.997569 -0.915485 -98066.8 11.1852 
3810 0.997569 0.478458 -98066.8 11.2138 
3820 0.997571 -0.308835 -98066.8 11.2435 
3830 0.997571 -0.858249 -98066.8 11.2694 
3840 0.997508 -0.220893 -98063.6 11.3004 
3850 0.997508 -0.499908 -98063.6 11.3301 
3860 0.997508 0.556048 -98063.6 11.3584 
3870 0.997576 -0.356481 -98061.7 11.3887 
3880 0.99755 -0.709185 -98060 11.4187 
3890 0.99755 0.286521 -98060 11.4475 
3900 0.997558 -0.325643 -98060.5 11.4753 
3910 0.99753 -0.597743 -98058.2 11.505 
3920 0.997538 -0.0484629 -98059.2 11.5352 
3930 0.99752 -0.65465 -98057.5 11.563 
3940 0.997598 0.568002 -98057.8 11.5912 
3950 0.99759 -0.0221425 -98058.2 11.6173 
3960 0.99759 -0.320971 -98058.2 11.6459 
3970 0.99759 -0.80185 -98058.2 11.6721 
3980 0.997507 -0.0321633 -98051.9 11.7011 
3990 0.997517 0.765528 -98055.5 11.732 
4000 0.997542 -0.379259 -98057.2 11.7631 
4010 0.997546 0.835198 -98057.6 11.7939 
4020 0.997639 0.465375 -98060.5 11.8296 
4030 0.997639 0.370452 -98060.6 11.8573 
4040 0.997663 -0.0323776 -98063.8 11.8847 
4050 0.997575 0.146051 -98055.5 11.9164 
4060 0.997578 -0.551516 -98055.9 11.9398 
4070 0.997596 -0.343501 -98056.6 11.9669 
4080 0.997575 -0.942926 -98059.5 11.9985 
4090 0.997575 -0.0527427 -98059.5 12.0268 
4100 0.99758 0.461706 -98060 12.0563 
4110 0.997563 -0.772126 -98060 12.0886 
4120 0.997463 -0.435069 -98058.3 12.1218 
4130 0.997496 0.858754 -98059.7 12.1564 
4140 0.997473 0.661749 -98054.6 12.1896 
4150 0.997501 -0.724872 -98057.5 12.2202 
4160 0.997492 0.691046 -98055.1 12.25 
4170 0.997511 0.59718 -98054.5 12.2782 
4180 0.997511 -0.22409 -98054.5 12.3066 
4190 0.997505 0.115479 -98059.1 12.3373 
4200 0.997505 -0.752865 -98059.1 12.3658 
4210 0.997504 -0.903854 -98057.4 12.398 
4220 0.997504 -0.595078 -98057.4 12.4244 
4230 0.997504 0.545308 -98057.4 12.4502 
4240 0.997504 -0.870408 -98057.4 12.4793 
4250 0.997484 -0.972 -98053.8 12.5044 
4260 0.997502 -0.725435 -98054 12.5317 
4270 0.997508 -0.92844 -98054.3 12.5677 
4280 0.997543 0.937232 -98058.8 12.5979 
4290 0.997572 0.567872 -98063.7 12.6281 
4300 0.997564 -0.436877 -98065 12.6588 
4310 0.997652 0.897134 -98071.6 12.6896 
4320 0.997613 -0.743283 -98073.1 12.7217 
4330 0.997609 -0.474676 -98072.9 12.7495 
4340 0.997609 -0.48587 -98072.9 12.7791 
4350 0.997612 0.644072 -98072.4 12.8094 
4360 0.997618 -0.483714 -98073 12.8385 
4370 0.997613 -0.40723 -98073.4 12.8684 
4380 0.99761 0.86785 -98073 12.8973 
4390 0.997587 -0.168408 -98071.2 12.9243 
4400 0.997548 0.453662 -98065.5 12.954 
4410 0.997548 -0.327732 -98065.5 12.9829 
4420 0.997489 -0.685396 -98062.8 13.0152 
4430 0.997538 -0.283485 -98068.4 13.0484 
4440 0.99758 -0.24904 -98065.8 13.0814 
4450 0.997614 0.0997925 -98069.4 13.1111 
4460 0.997614 -0.212896 -98069.4 13.1374 
4470 0.997613 0.356087 -98068.7 13.1667 
4480 0.997667 0.368 -98073 13.1987 
4490 0.997609 0.328118 -98069.4 13.2277 
4500 0.997613 0.310387 -98069.3 13.2587 
4510 0.997594 -0.377637 -98068.3 13.29 
4520 0.99767 0.0511541 -98075.4 13.3187 
4530 0.99767 0.104777 -98075.5 13.3488 
4540 0.997666 0.994407 -98075 13.3793 
4550 0.99771 0.848331 -98079.9 13.4109 
4560 0.99771 0.324955 -98079.9 13.4404 
4570 0.99774 0.921996 -98085.3 13.4708 
4580 0.997676 0.32935 -98080.7 13.497 
4590 0.997676 0.0965055 -98080.7 13.5239 
4600 0.997676 -0.885403 -98080.7 13.5501 
4610 0.997644 -0.781982 -98077.5 13.5821 
4620 0.997692 -0.0845081 -98080.8 13.6105 
4630 0.997638 0.787621 -98074.3 13.6413 
4640 0.99758 -0.378421 -98070 13.6705 
4650 0.997601 0.961403 -98071.5 13.7007 
4660 0.997596 -0.884906 -98071.7 13.7309 
4670 0.997642 0.297122 -98075.1 13.7594 
4680 0.997642 0.154558 -98075.1 13.7877 
4690 0.997642 0.641901 -98075.1 13.8117 
4700 0.99771 -0.413761 -98080.2 13.8414 
4710 0.997659 0.267551 -98076.8 13.8711 
4720 0.99765 -0.101884 -98076 13.9008 
4730 0.997586 0.422659 -98070 13.9307 
4740 0.997546 0.48136 -98066.5 13.9649 
4750 0.997524 -0.900236 -98061.9 13.9955 
4760 0.997516 0.604384 -98061.4 14.0253 
4770 0.99753 -0.096317 -98062.7 14.0567 
4780 0.997634 -0.397671 -98071.1 14.0888 
4790 0.997618 0.0389351 -98065.7 14.1174 
4800 0.997634 -0.980927 -98067.2 14.1459 
4810 0.997626 0.322598 -98068.6 14.1762 
4820 0.997615 -0.997593 -98075.7 14.2077 
4830 0.997565 -0.837713 -98071.8 14.2392 
4840 0.997565 0.0117888 -98071.8 14.2656 
4850 0.997528 -0.289111 -98062.8 14.2963 
4860 0.997572 -0.620824 -98066.1 14.3262 
4870 0.99758 -0.874418 -98066.3 14.3511 
4880 0.99758 0.00306468 -98066.4 14.3818 
4890 0.997552 0.911236 -98063.1 14.4136 
4900 0.997558 -0.779308 -98066.3 14.4433 
4910 0.997545 0.960458 -98066.8 14.4763 
4920 0.997574 -0.679256 -98065.5 14.5103 
4930 0.997619 0.152771 -98070.9 14.5431 
4940 0.997619 0.726173 -98070.9 14.5738 
4950 0.997619 0.593669 -98070.9 14.6043 
4960 0.997624 0.294375 -98071 14.6368 
4970 0.997624 0.345445 -98071 14.6675 
4980 0.997576 -0.157825 -98068 14.697 
4990 0.997576 0.775629 -98068 14.7277 
5000 0.997511 -0.517367 -98065.8 14.7609 
5010 0.997507 0.0216354 -98063.5 14.7894 
5020 0.997524 -0.326901 -98065.4 14.8178 
5030 0.997534 0.827606 -98067 14.8483 
5040 0.997577 0.145119 -98071 14.8792 
5050 0.997682 -0.559316 -98079.5 14.9135 
5060 0.997683 -0.374551 -98078.6 14.9457 
5070 0.997459 0.747092 -98063.1 14.9805 
5080 0.997459 -0.344979 -98063.2 15.0062 
5090 0.997442 0.985299 -98058.2 15.0343 
5100 0.997553 -0.592426 -98062 15.0645 
5110 0.997573 0.313134 -98064 15.0909 
5120 0.997573 -0.459671 -98063.9 15.1202 
5130 0.99755 -0.910109 -98063 15.1525 
5140 0.997621 0.576202 -98069 15.185 
5150 0.997621 -0.327682 -98069 15.2137 
5160 0.997617 0.421251 -98068.6 15.2426 
5170 0.997646 -0.36241 -98069.1 15.2745 
5180 0.997646 -0.129891 -98069.1 15.303 
5190 0.997646 0.212695 -98069.2 15.332 
5200 0.997549 0.801177 -98064.6 15.3601 
5210 0.997549 -0.93654 -98064.6 15.3856 
5220 0.997549 -0.916977 -98064.6 15.4125 
5230 0.997508 0.357971 -98059.1 15.4454 
5240 0.997505 0.719666 -98057.9 15.4736 
5250 0.997544 -0.643828 -98064.5 15.5068 
5260 0.997543 0.224663 -98064.5 15.5325 
5270 0.99758 0.116943 -98068.9 15.5643 
5280 0.99758 -0.581441 -98068.9 15.5936 
5290 0.997569 -0.83841 -98068.5 15.62 
5300 0.997452 -0.0240697 -98062.9 15.6508 
5310 0.99747 -0.681724 -98075.2 15.6814 
5320 0.997513 0.495193 -98077.8 15.7085 
5330 0.997513 -0.317278 -98077.8 15.7372 
5340 0.997503 0.942444 -98072.1 15.7703 
5350 0.997645 0.441208 -98073.6 15.8025 
5360 0.997589 0.838978 -98068.3 15.8302 
5370 0.997608 -0.943953 -98070.4 15.8602 
5380 0.997595 0.0302948 -98072.2 15.8935 
5390 0.997595 0.866624 -98072.2 15.9222 
5400 0.997595 -0.387383 -98072.2 15.951 
5410 0.997592 0.799895 -98071.7 15.9798 
5420 0.997592 -0.509872 -98071.7 16.0087 
5430 0.997519 -0.00171334 -98064.7 16.0393 
5440 0.99753 0.734334 -98064 16.0705 
5450 0.997561 -0.291089 -98067 16.102 
5460 0.997622 -0.800697 -98072.3 16.1339 
5470 0.997622 0.266312 -98072.3 16.1633 
5480 0.997622 0.839218 -98072.3 16.1925 
5490 0.997559 -0.778204 -98070.1 16.2236 
5500 0.997677 0.680027 -98078.8 16.2523 
5510 0.997676 -0.427553 -98078.8 16.2779 
5520 0.997676 0.578019 -98078.8 16.3048 
5530 0.997676 0.353839 -98078.7 16.3339 
5540 0.997715 0.605082 -98080.3 16.3629 
5550 0.997616 0.161332 -98072.6 16.3922 
5560 0.997548 -0.75819 -98071.8 16.4188 
5570 0.997659 -0.78271 -98066.7 16.4434 
5580 0.997665 -0.356885 -98066.2 16.4735 
5590 0.99767 -0.540356 -98071.1 16.4992 
5600 0.997665 0.850798 -98069.8 16.5267 
5610 0.997665 -0.341569 -98069.9 16.5558 
5620 0.997667 0.935093 -98070.1 16.5845 
5630 0.997637 0.233264 -98066.9 16.6125 
5640 0.997637 -0.541354 -98066.9 16.6412 
5650 0.997548 0.77847 -98057.4 16.6758 
5660 0.997527 0.459026 -98055.8 16.7092 
5670 0.997762 -0.399246 -98070.2 16.7396 
5680 0.997762 -0.112105 -98070.2 16.7702 
5690 0.997794 -0.857364 -98072.9 16.8039 
5700 0.997793 0.749689 -98072.8 16.8345 
5710 0.997694 -0.324701 -98068.7 16.8647 
5720 0.997694 -0.15078 -98068.7 16.8951 
5730 0.997694 0.0245045 -98068.7 16.9255 
5740 0.997591 0.0660538 -98060.6 16.9573 
5750 0.997579 -0.788152 -98059.8 16.9874 
5760 0.997579 -0.745926 -98059.8 17.0132 
5770 0.997579 0.841383 -98059.8 17.0423 
5780 0.997519 -0.0434928 -98056.5 17.0732 
5790 0.997515 0.669107 -98056.6 17.1061 
5800 0.997515 0.340945 -98056.6 17.1356 
5810 0.997414 0.0795762 -98044.8 17.1672 
5820 0.997434 -0.252628 -98046.8 17.1979 
5830 0.997452 -0.669636 -98051.1 17.2286 
5840 0.997474 0.335653 -98044.8 17.2588 
5850 0.997554 -0.476174 -98052.3 17.2902 
5860 0.997517 -0.51743 -98048.8 17.3202 
5870 0.997517 -0.466321 -98048.8 17.3491 
5880 0.997517 0.52995 -98048.8 17.3777 
5890 0.997517 -0.505867 -98048.8 17.4037 
5900 0.99762 0.945001 -98057.7 17.4298 
5910 0.99762 0.632275 -98057.6 17.4588 
5920 0.997616 0.157451 -98057.3 17.4854 
5930 0.997613 -0.0589778 -98057.1 17.5146 
5940 0.997617 0.497962 -98057.5 17.5443 
5950 0.997568 -0.584756 -98056.9 17.5753 
5960 0.997564 0.929809 -98056.7 17.6041 
5970 0.997442 -0.879778 -98049.4 17.6355 
5980 0.997482 0.379338 -98052.2 17.6666 
5990 0.997485 0.507793 -98052.5 17.6965 
6000 0.997545 -0.30192 -98057.5 17.7295 
6010 0.997545 0.870635 -98057.6 17.7552 
6020 0.997621 0.954052 -98070.8 17.7828 
6030 0.997621 0.844709 -98070.8 17.81 
6040 0.997606 -0.935611 -98069.3 17.8404 
6050 0.997593 -0.855552 -98067.3 17.8698 
6060 0.9976 0.886257 -98067.8 17.8991 
6070 0.9976 0.0179437 -98067.9 17.9279 
6080 0.9976 -0.874511 -98067.9 17.9514 
6090 0.997544 0.424338 -98066.2 17.9827 
6100 0.997564 0.289039 -98064.6 18.0099 
6110 0.997564 0.791001 -98064.6 18.0333 
6120 0.997561 0.413274 -98063.5 18.0613 
6130 0.997559 -0.37219 -98063.3 18.0901 
6140 0.997558 -0.990834 -98063.3 18.1189 
6150 0.997546 -0.370403 -98061.5 18.1485 
6160 0.997536 0.939628 -98054.9 18.1773 
6170 0.997536 -0.386904 -98054.9 18.206 
6180 0.997536 -0.308338 -98054.9 18.235 
6190 0.99757 -0.655055 -98058.4 18.2634 
6200 0.99757 0.334164 -98058.5 18.2924 
6210 0.997475 0.494477 -98052.8 18.3208 
6220 0.997439 0.114584 -98058.2 18.3509 
6230 0.997439 -0.347612 -98058.2 18.3811 
6240 0.997436 0.798747 -98059.9 18.4114 
6250 0.997442 -0.345494 -98057.7 18.4421 
6260 0.997442 -0.67755 -98057.7 18.4709 
6270 0.997473 -0.506254 -98063.9 18.4989 
6280 0.997539 0.965645 -98069.4 18.532 
6290 0.997542 0.0351334 -98069.8 18.5611 
6300 0.997651 -0.343504 -98075 18.5917 
6310 0.997649 -0.106973 -98074.8 18.6208 
6320 0.997668 0.217751 -98076.2 18.6529 
6330 0.997668 0.542809 -98076.2 18.6791 
6340 0.997646 0.330849 -98076.5 18.7119 
6350 0.997584 0.505065 -98074.7 18.7405 
6360 0.99754 -0.483185 -98071.6 18.7719 
6370 0.99754 -0.335345 -98071.6 18.8007 
6380 0.99754 -0.300126 -98071.6 18.8296 
6390 0.997406 -0.039596 -98062.3 18.8611 
6400 0.997404 0.133842 -98056.9 18.8895 
6410 0.997598 -0.570835 -98067.8 18.9199 
6420 0.997598 0.0860081 -98067.8 18.9492 
6430 0.997578 0.0644848 -98065.5 18.9798 
6440 0.997585 -0.794965 -98066.2 19.0089 
6450 0.997548 0.809813 -98064.7 19.0394 
6460 0.997549 0.631346 -98064.8 19.0688 
6470 0.997549 0.528811 -98064.8 19.0963 
6480 0.997549 -0.681 -98064.8 19.127 
6490 0.997534 0.0519797 -98061.7 19.1569 
6500 0.997533 0.974391 -98061.7 19.1875 
6510 0.997531 0.347432 -98061.2 19.2184 
6520 0.997531 -0.128729 -98061.2 19.2462 
6530 0.997512 -0.29235 -98058.5 19.2787 
6540 0.997548 -0.660545 -98060.6 19.3091 
6550 0.997555 0.416329 -98061.3 19.3377 
6560 0.997583 -0.736502 -98064.5 19.3659 
6570 0.997577 -0.508541 -98065.6 19.3938 
6580 0.997577 -0.704991 -98065.6 19.4195 
6590 0.997577 -0.726609 -98065.6 19.4461 
6600 0.9976 -0.947414 -98067.9 19.4763 
6610 0.9976 -0.531896 -98067.9 19.5002 
6620 0.997557 0.480478 -98064.2 19.5303 
6630 0.997584 -0.357617 -98067.3 19.5621 
6640 0.997627 -0.128051 -98070.6 19.5938 
6650 0.99764 0.709803 -98070.1 19.6184 
6660 0.997641 0.162027 -98070.1 19.6471 
6670 0.997656 0.910505 -98071.6 19.6768 
6680 0.997656 -0.0421109 -98071.6 19.7025 
6690 0.997709 0.149687 -98076.1 19.7325 
6700 0.997714 -0.158109 -98076.4 19.7621 
6710 0.997707 -0.0048682 -98075.6 19.7907 
6720 0.997707 -0.847877 -98075.7 19.8206 
6730 0.997696 -0.0749247 -98074 19.8516 
6740 0.997673 -0.215923 -98070.9 19.8828 
6750 0.997713 -0.0648944 -98075.7 19.9107 
6760 0.997718 0.953952 -98076.9 19.9403 
6770 0.997563 0.178999 -98074.6 19.9724 
6780 0.997504 -0.470638 -98071.2 20.0027 
6790 0.997496 -0.0949353 -98070.8 20.0305 
6800 0.997496 0.564478 -98070.8 20.0591 
6810 0.997488 -0.711776 -98070 20.0853 
6820 0.997536 -0.552456 -98074.1 20.112 
6830 0.997537 -0.750123 -98069.7 20.1423 
6840 0.997474 -0.170775 -98062.2 20.1744 
6850 0.99747 0.0281232 -98062 20.2041 
6860 0.997436 0.585828 -98059.9 20.2354 
6870 0.99748 0.400178 -98059.6 20.2665 
6880 0.99748 -0.095806 -98059.6 20.2923 
6890 0.997452 0.858646 -98057.3 20.3228 
6900 0.997464 -0.83085 -98058.5 20.3514 
6910 0.997464 -0.0622599 -98058.5 20.3772 
6920 0.99746 -0.0981242 -98057.1 20.4082 
6930 0.99746 0.737153 -98057.1 20.4383 
6940 0.997528 -0.44262 -98059.7 20.4657 
6950 0.997494 -0.231492 -98058.1 20.497 
6960 0.997489 0.0390268 -98057.8 20.5272 
6970 0.99749 -0.956021 -98057.8 20.557 
6980 0.997614 -0.0111584 -98063.1 20.5869 
6990 0.997597 -0.146348 -98060.1 20.6187 
7000 0.997597 0.745925 -98060.1 20.6478 
7010 0.997768 0.123905 -98074.9 20.6752 
7020 0.997768 -0.529058 -98075 20.7045 
7030 0.997732 0.995925 -98068.3 20.7371 
7040 0.997644 -0.416469 -98063.1 20.7694 
7050 0.997649 0.638983 -98064.1 20.7967 
7060 0.99766 -0.318685 -98064.7 20.8225 
7070 0.997779 -0.835242 -98071.1 20.8581 
7080 0.997762 -0.86834 -98074.3 20.889 
7090 0.997756 -0.180585 -98073.6 20.916 
7100 0.997756 -0.918447 -98073.6 20.945 
7110 0.997821 -0.0269186 -98080.1 20.9729 
7120 0.99783 0.294761 -98080.2 21.0015 
7130 0.997793 -0.32389 -98077.4 21.0346 
7140 0.997793 -0.443166 -98077.4 21.0639 
7150 0.997943 0.0260833 -98092.8 21.0975 
7160 0.99783 -0.994649 -98085.6 21.1291 
7170 0.997794 -0.488039 -98081.4 21.1614 
7180 0.997815 0.823728 -98083.3 21.1913 
7190 0.997826 -0.830889 -98084.3 21.2206 
7200 0.997797 0.244407 -98076.9 21.2512 
7210 0.997793 -0.624158 -98082.4 21.2747 
7220 0.99766 0.398896 -98068.2 21.2999 
7230 0.99764 0.0542568 -98062.8 21.3306 
7240 0.997643 0.0664367 -98063.1 21.3596 
7250 0.997643 -0.908866 -98063.1 21.3833 
7260 0.99763 -0.664442 -98061 21.4142 
7270 0.997701 0.665003 -98068.1 21.4463 
7280 0.997606 0.175236 -98071.4 21.4753 
7290 0.997546 0.794761 -98069.8 21.5043 
7300 0.997494 -0.880163 -98067.4 21.5358 
7310 0.997509 0.728502 -98069.6 21.5652 
7320 0.997509 0.522959 -98069.6 21.5939 
7330 0.997509 -0.586118 -98069.6 21.6198 
7340 0.997374 0.28561 -98057.2 21.6495 
7350 0.997374 0.159532 -98057.2 21.6725 
7360 0.997381 0.0288674 -98059 21.7046 
7370 0.997305 0.223541 -98051.5 21.7365 
7380 0.997309 -0.147503 -98051.9 21.7662 
7390 0.997268 0.777027 -98049.3 21.7963 
7400 0.997268 -0.322518 -98049.3 21.8254 
7410 0.997292 -0.0456296 -98053.6 21.8566 
7420 0.997286 -0.0616033 -98053 21.8841 
7430 0.997259 0.551267 -98051 21.9156 
7440 0.997372 0.713725 -98055.8 21.9461 
7450 0.997372 -0.363654 -98055.8 21.975 
7460 0.997372 -0.763823 -98055.8 22.0015 
7470 0.99731 0.528422 -98045.7 22.0326 
7480 0.997283 0.6786 -98044.2 22.0627 
7490 0.997271 0.33807 -98043.1 22.0915 
7500 0.997283 -0.169091 -98044.2 22.1152 
7510 0.99731 -0.386964 -98045.9 22.1423 
7520 0.99731 0.65776 -98045.9 22.1712 
7530 0.99731 0.35213 -98046 22.1967 
7540 0.99731 0.545911 -98046 22.2265 
7550 0.997346 -0.644047 -98051.6 22.2583 
7560 0.997304 0.181325 -98050.1 22.289 
7570 0.997304 -0.766315 -98050.1 22.3178 
7580 0.997304 0.764271 -98050.5 22.3469 
7590 0.997304 0.899615 -98050.5 22.3755 
7600 0.997228 -0.750565 -98047.8 22.4025 
7610 0.997329 0.108721 -98058 22.4326 
7620 0.997357 0.636564 -98062.3 22.4654 
7630 0.997448 -0.0218475 -98068 22.4968 
7640 0.997448 0.388904 -98068 22.5253 
7650 0.997468 -0.296644 -98069.3 22.5552 
7660 0.997421 -0.566599 -98065.7 22.5882 
7670 0.997406 0.083131 -98063.8 22.6172 
7680 0.997417 -0.452063 -98062.5 22.6478 
7690 0.997415 -0.565893 -98068.6 22.6768 
7700 0.997305 -0.00264534 -98058.7 22.708 
7710 0.997305 0.772758 -98058.7 22.7363 
7720 0.9975 0.0766964 -98065.6 22.7709 
7730 0.9975 -0.42541 -98065.6 22.7993 
7740 0.997531 -0.246005 -98066.9 22.8276 
7750 0.997509 -0.842219 -98063.4 22.8587 
7760 0.997543 -0.971382 -98062.7 22.8887 
7770 0.99755 0.380247 -98063.2 22.9173 
7780 0.997534 0.951502 -98061.8 22.9464 
7790 0.997534 0.508877 -98061.8 22.975 
7800 0.997534 -0.656301 -98061.8 23.0033 
7810 0.997534 0.747244 -98061.8 23.0266 
7820 0.997534 0.340269 -98061.8 23.0565 
7830 0.997534 0.156384 -98061.8 23.0857 
7840 0.997581 -0.0364965 -98068.8 23.1181 
7850 0.997559 0.955742 -98070.8 23.1529 
7860 0.99761 0.922383 -98077 23.1834 
7870 0.99761 0.161644 -98077 23.2132 
7880 0.997633 -0.803911 -98081.7 23.2439 
7890 0.997636 0.0958527 -98078.7 23.2734 
7900 0.997637 0.259438 -98078.8 23.3024 
7910 0.997649 0.313529 -98080.5 23.3339 
7920 0.997594 -0.772825 -98078.7 23.3667 
7930 0.997593 0.760069 -98078.4 23.3955 
7940 0.997679 0.155848 -98083.7 23.4274 
7950 0.997668 0.629463 -98081.6 23.4575 
7960 0.997581 -0.690508 -98073 23.4907 
7970 0.997579 0.879013 -98071.4 23.521 
7980 0.99758 -0.588163 -98071.4 23.5466 
7990 0.997549 -0.0779499 -98069.3 23.5779 
8000 0.997565 -0.665807 -98071 23.6076 
8010 0.997552 -0.638976 -98072.7 23.6379 
8020 0.997552 0.364014 -98072.1 23.6645 
8030 0.997541 -0.729294 -98071 23.6952 
8040 0.997533 -0.632565 -98070.1 23.7251 
8050 0.997533 0.482127 -98070.1 23.7509 
8060 0.997533 0.64947 -98070.1 23.7797 
8070 0.997533 -0.612928 -98070.1 23.8093 
8080 0.997533 0.801517 -98070.1 23.8351 
8090 0.997584 -0.621246 -98075.2 23.8647 
8100 0.997582 0.0108645 -98074.8 23.8938 
8110 0.997573 -0.18303 -98074 23.9171 
8120 0.99768 -0.506941 -98080 23.9468 
8130 0.997624 -0.41181 -98072.6 23.9792 
8140 0.997636 -0.215757 -98075 24.01 
8150 0.997513 0.172926 -98062.4 24.0389 
8160 0.997555 0.370984 -98061.5 24.071 
8170 0.997555 0.0884987 -98061.5 24.1001 
8180 0.997642 0.5497 -98068.7 24.1316 
8190 0.997662 0.621194 -98070.7 24.1584 
8200 0.997656 0.889661 -98070.1 24.1858 
8210 0.997656 0.75776 -98070.1 24.2145 
8220 0.997656 0.625157 -98070.1 24.2433 
8230 0.997687 -0.817823 -98068.6 24.2683 
8240 0.997687 0.98483 -98068.7 24.2974 
8250 0.99763 -0.636248 -98061.9 24.3284 
8260 0.99763 -0.719198 -98061.9 24.3569 
8270 0.997597 -0.795285 -98060.1 24.3885 
8280 0.997688 0.010846 -98066.1 24.4199 
8290 0.997688 0.529146 -98066.4 24.444 
8300 0.997713 -0.193289 -98068.5 24.4734 
8310 0.997693 -0.853619 -98069.7 24.5024 
8320 0.997666 0.70978 -98067.4 24.533 
8330 0.997686 0.157238 -98069.2 24.5625 
8340 0.99759 -0.825977 -98064.7 24.5898 
8350 0.997651 -0.279589 -98067.3 24.6212 
8360 0.997655 0.284561 -98067.4 24.6503 
8370 0.997619 -0.0183276 -98064.7 24.6797 
8380 0.997671 0.834602 -98069.7 24.7073 
8390 0.997597 -0.0746235 -98066.3 24.7368 
8400 0.997594 0.182647 -98065.9 24.7653 
8410 0.997604 -0.622732 -98066.8 24.7915 
8420 0.997601 -0.364939 -98066.7 24.8179 
8430 0.997602 0.713832 -98066.4 24.8466 
8440 0.997648 -0.790955 -98068.3 24.8772 
8450 0.997653 0.593722 -98068.9 24.9058 
8460 0.997629 -0.0301251 -98066.6 24.9366 
8470 0.997673 0.218367 -98072.4 24.9645 
8480 0.997663 -0.774503 -98071.7 24.9906 
8490 0.997638 0.767106 -98069.2 25.0182 
8500 0.997669 0.68036 -98069.2 25.0496 
8510 0.997669 -0.490018 -98069.2 25.078 
8520 0.997669 -0.860705 -98069.1 25.1067 
8530 0.997695 0.91542 -98071.9 25.133 
8540 0.997695 0.858532 -98072 25.1614 
8550 0.997665 -0.731832 -98069.1 25.1899 
8560 0.997654 -0.352488 -98068.2 25.2161 
8570 0.997657 0.1067 -98068.3 25.245 
8580 0.997668 0.322326 -98069.9 25.2741 
8590 0.997709 -0.792482 -98067.4 25.3087 
8600 0.997711 -0.437135 -98066.4 25.3386 
8610 0.997723 0.31564 -98068 25.3661 
8620 0.997688 0.891562 -98064.9 25.3972 
8630 0.99765 0.713745 -98061.1 25.425 
8640 0.997688 0.735472 -98066.7 25.4547 
8650 0.997694 -0.423228 -98067 25.4838 
8660 0.997567 0.0435465 -98061.9 25.5105 
8670 0.997565 -0.705194 -98060.5 25.5414 
8680 0.997539 -0.0504781 -98062.1 25.5732 
8690 0.997539 0.687499 -98066.6 25.601 
8700 0.99759 0.11035 -98068.7 25.6314 
8710 0.997613 -0.589846 -98070.5 25.6578 
8720 0.997613 -0.860241 -98070.6 25.6864 
8730 0.997601 -0.0746882 -98069.4 25.7129 
8740 0.997602 0.871132 -98068.7 25.7434 
8750 0.997586 -0.675806 -98068 25.7703 
8760 0.997584 0.403445 -98067.7 25.7965 
8770 0.997486 0.676568 -98066.7 25.8219 
8780 0.997486 -0.418173 -98066.6 25.8477 
8790 0.99748 0.31244 -98066.2 25.8789 
8800 0.997458 0.694469 -98068.7 25.912 
8810 0.997458 0.294778 -98068.5 25.9438 
8820 0.997466 -0.680094 -98069.6 25.9733 
8830 0.997507 -0.537411 -98072 26.0028 
8840 0.997467 0.988027 -98069.6 26.0345 
8850 0.997467 0.283603 -98069.6 26.0648 
8860 0.997418 -0.693322 -98065.4 26.095 
8870 0.997418 -0.437977 -98065.4 26.1233 
8880 0.997456 -0.0794686 -98066.5 26.153 
8890 0.997503 0.812396 -98070.3 26.1799 
8900 0.997515 -0.299905 -98070.8 26.2064 
8910 0.997515 -0.796923 -98070.8 26.2348 
8920 0.997473 -0.944915 -98069.5 26.2681 
8930 0.997554 -0.880957 -98068.4 26.3007 
8940 0.997555 0.479184 -98068.5 26.3292 
8950 0.997559 0.408658 -98071.1 26.3591 
8960 0.997584 -0.13756 -98073 26.386 
8970 0.997657 -0.891982 -98074.7 26.4142 
8980 0.99766 -0.405101 -98075.1 26.4436 
8990 0.997592 -0.0980328 -98078.5 26.4768 
9000 0.997524 -0.107842 -98071.1 26.5034 
9010 0.997524 0.978391 -98071.1 26.5297 
9020 0.997598 0.588631 -98067.3 26.5557 
9030 0.997554 0.479357 -98062.5 26.5868 
9040 0.997521 -0.359639 -98057.1 26.6179 
9050 0.997552 -0.0375317 -98057.7 26.6464 
9060 0.997552 -0.0848632 -98057.7 26.6731 
9070 0.997573 0.801114 -98063.7 26.7025 
9080 0.9976 -0.0594572 -98065.1 26.7332 
9090 0.997475 -0.00150698 -98055.6 26.766 
9100 0.997475 0.92152 -98055.6 26.7891 
9110 0.99755 0.17342 -98059.5 26.8204 
9120 0.997548 0.201297 -98059.3 26.8467 
9130 0.997513 0.75286 -98059.1 26.8762 
9140 0.997515 -0.793553 -98059.3 26.9056 
9150 0.997518 0.989364 -98059.6 26.9342 
9160 0.997486 -0.930883 -98055.8 26.9625 
9170 0.997488 -0.666447 -98056.1 26.992 
9180 0.9975 0.19906 -98056.4 27.021 
9190 0.9975 -0.746911 -98056.4 27.0475 
9200 0.997456 0.469561 -98053.7 27.0756 
9210 0.997528 0.035791 -98050.2 27.1047 
9220 0.997541 0.237512 -98052.1 27.1326 
9230 0.997641 0.761417 -98062.3 27.1661 
9240 0.997651 0.176276 -98062.5 27.1975 
9250 0.997647 0.0932555 -98062.3 27.2265 
9260 0.997637 0.632458 -98061.2 27.256 
9270 0.997636 -0.694239 -98061.2 27.2823 
9280 0.997637 0.119823 -98061.2 27.3115 
9290 0.997637 0.55793 -98061.2 27.3306 
9300 0.997643 -0.0477105 -98062.3 27.3633 
9310 0.997685 0.68498 -98064.9 27.3955 
9320 0.997682 -0.119883 -98065.4 27.4255 
9330 0.997682 0.716648 -98065.4 27.4562 
9340 0.997682 -0.974523 -98065.4 27.4839 
9350 0.99768 -0.355327 -98064.6 27.5134 
9360 0.997685 -0.28946 -98067.2 27.5435 
9370 0.997662 0.566012 -98065 27.575 
9380 0.997704 -0.608376 -98069.8 27.5996 
9390 0.997704 0.497958 -98069.8 27.6289 
9400 0.997644 0.653336 -98064.7 27.6599 
9410 0.997626 -0.603901 -98063.6 27.6887 
9420 0.997619 -0.167177 -98065.1 27.7142 
9430 0.997619 -0.100357 -98065.1 27.7437 
9440 0.997619 -0.588271 -98065.1 27.7737 
9450 0.997619 0.794162 -98065.1 27.8027 
9460 0.997547 -0.321437 -98065.1 27.8346 
9470 0.997481 -0.190995 -98052.8 27.8663 
9480 0.997483 -0.570058 -98053 27.8942 
9490 0.997494 0.350328 -98052.3 27.9299 
9500 0.997503 0.230856 -98053.9 27.9612 
9510 0.9975 0.0333301 -98053.5 27.9915 
9520 0.997489 -0.616703 -98051.7 28.0199 
9530 0.997489 -0.462043 -98051.7 28.0464 
9540 0.997484 -0.954413 -98051.2 28.0716 
9550 0.997496 0.334077 -98057.1 28.1058 
9560 0.997488 -0.743154 -98057.5 28.138 
9570 0.997558 0.146311 -98064.6 28.1708 
9580 0.997548 0.843702 -98064.1 28.2001 
9590 0.997496 -0.86121 -98058.5 28.2314 
9600 0.99752 0.394475 -98062.3 28.2631 
9610 0.997467 0.805247 -98057.4 28.2953 
9620 0.997466 0.644624 -98057.4 28.3241 
9630 0.997467 -0.537574 -98057.4 28.3528 
9640 0.997467 0.704469 -98057.4 28.3816 
9650 0.997348 0.296281 -98055.7 28.4115 
9660 0.997393 0.545312 -98057.5 28.4405 
9670 0.997421 -0.0887565 -98057.5 28.4704 
9680 0.997467 0.127601 -98060.3 28.4997 
9690 0.997463 0.137039 -98061.2 28.5319 
9700 0.997463 0.864204 -98061.2 28.5626 
9710 0.997516 0.367678 -98063.6 28.5899 
9720 0.997464 0.485353 -98064.5 28.6247 
9730 0.997476 -0.552029 -98063.7 28.6568 
9740 0.997501 0.370072 -98067.8 28.6891 
9750 0.997494 0.777395 -98066.9 28.7202 
9760 0.997453 0.00614634 -98063.7 28.7534 
9770 0.997386 0.637982 -98058.1 28.7865 
9780 0.997385 0.877436 -98057.9 28.8143 
9790 0.997427 -0.718973 -98066.8 28.8472 
9800 0.997489 -0.0475271 -98071.3 28.8802 
9810 0.997487 0.271531 -98070.6 28.9129 
9820 0.997487 0.269058 -98070.6 28.9418 
9830 0.997478 -0.0614591 -98069.8 28.9693 
9840 0.997433 0.794316 -98065 28.999 
9850 0.997433 -0.84515 -98065 29.0257 
9860 0.997463 0.172946 -98067.1 29.0549 
9870 0.997463 -0.111295 -98067.1 29.0833 
9880 0.997557 0.385008 -98068.1 29.1147 
9890 0.997557 -0.175358 -98068.1 29.1412 
9900 0.997531 -0.0390575 -98067.3 29.1715 
9910 0.997415 0.94197 -98055.8 29.2024 
9920 0.997415 -0.735146 -98055.8 29.231 
9930 0.997389 0.584667 -98058.6 29.2619 
9940 0.997421 -0.419058 -98060.2 29.2927 
9950 0.997422 0.341362 -98060.2 29.3185 
9960 0.997421 -0.0891219 -98060.2 29.3477 
9970 0.997415 -0.382949 -98059.4 29.3751 
9980 0.997412 0.762917 -98060.8 29.4023 
9990 0.997415 0.221468 -98061.3 29.4344 
10000 0.997416 0.245098 -98061.4 29.4619 
