0 1 1 -98304 0 
10 1 0.775175 -98304 0.0315287 
20 1 -0.242679 -98304.1 0.06277 
30 0.999989 -0.638238 -98302.6 0.0965483 
40 0.99999 0.589461 -98302.7 0.127469 
50 0.99999 0.433637 -98302.7 0.158226 
60 0.99999 -0.0908127 -98302.7 0.189074 
70 0.999871 -0.403096 -98289.7 0.219376 
80 0.999648 0.983969 -98261.5 0.253344 
90 0.999646 0.261681 -98261.2 0.284839 
100 0.999646 0.987292 -98261.2 0.312717 
110 0.999646 0.691994 -98261.2 0.340636 
120 0.999646 -0.738273 -98261.2 0.368527 
130 0.999196 -0.580864 -98211.5 0.40276 
140 0.999109 -0.683559 -98201.2 0.436709 
150 0.999109 -0.0917645 -98201.1 0.464753 
160 0.99882 0.341196 -98168.8 0.500534 
170 0.99882 0.218124 -98168.8 0.531805 
180 0.998194 0.590563 -98123.3 0.566344 
190 0.998194 0.513697 -98123.3 0.594394 
200 0.998273 0.801838 -98131.9 0.627369 
210 0.998272 -0.573821 -98131.8 0.65548 
220 0.998272 0.73528 -98131.8 0.686435 
230 0.998223 -0.480594 -98125.8 0.713131 
240 0.998114 -0.7634 -98123.9 0.744762 
250 0.998064 -0.358154 -98120.2 0.777063 
260 0.998064 -0.159439 -98120.3 0.808346 
270 0.99807 0.693555 -98122.1 0.841293 
280 0.997814 0.25828 -98102.3 0.875277 
290 0.99801 -0.755333 -98113.4 0.910148 
300 0.997999 -0.861984 -98113 0.942758 
310 0.998046 -0.391704 -98116.9 0.974968 
320 0.998113 0.0972017 -98121.8 1.00957 
330 0.998114 -0.70865 -98121.8 1.0381 
340 0.998114 0.278515 -98121.9 1.06959 
350 0.998019 -0.766989 -98111.1 1.10287 
360 0.998019 0.32092 -98111.1 1.12823 
370 0.998009 0.122653 -98110.1 1.15975 
380 0.998015 -0.764832 -98112.1 1.18906 
390 0.998015 -0.0263606 -98112.2 1.22022 
400 0.998015 -0.192328 -98112.9 1.25294 
410 0.998001 0.813552 -98112 1.28301 
420 0.998059 -0.958364 -98119 1.31516 
430 0.998057 0.30634 -98118.6 1.34671 
440 0.997992 -0.394765 -98102.8 1.37613 
450 0.997929 -0.30392 -98095.1 1.40665 
460 0.997929 -0.994102 -98095.1 1.43759 
470 0.997891 0.18489 -98088.1 1.46813 
480 0.997891 -0.257447 -98088 1.49917 
490 0.997988 -0.900676 -98099.4 1.53363 
500 0.998021 0.984282 -98104 1.5664 
510 0.997944 -0.23164 -98098.3 1.5965 
520 0.997965 0.306946 -98098.9 1.629 
530 0.997935 -0.100962 -98095.8 1.66083 
540 0.997834 0.753983 -98092.2 1.69278 
550 0.997834 -0.119465 -98092.2 1.72373 
560 0.997834 -0.855587 -98092.2 1.7547 
570 0.997811 -0.0811756 -98084.6 1.78941 
580 0.997889 0.827809 -98088.8 1.82416 
590 0.997742 -0.108121 -98080.4 1.85939 
600 0.997802 -0.277514 -98085 1.89579 
610 0.997827 0.76997 -98090.2 1.93056 
620 0.997827 -0.827156 -98090.2 1.96171 
630 0.997827 0.365016 -98090.2 1.99287 
640 0.997819 -0.678077 -98089.7 2.02139 
650 0.99769 0.16962 -98078.3 2.05477 
660 0.99769 0.222501 -98078.3 2.08606 
670 0.997687 0.346468 -98077.9 2.11454 
680 0.997658 0.39625 -98074.2 2.14728 
690 0.997676 0.683319 -98075.5 2.17911 
700 0.997688 0.529436 -98077.6 2.20902 
710 0.997687 -0.564747 -98079.3 2.24238 
720 0.997662 -0.00271473 -98078 2.27668 
730 0.997662 0.818026 -98078.1 2.30522 
740 0.997671 -0.892381 -98078.4 2.33841 
750 0.997671 0.0630203 -98078.4 2.36948 
760 0.997671 -0.789446 -98078.3 2.39768 
770 0.997638 -0.904329 -98077.2 2.43208 
780 0.997633 0.209871 -98076.8 2.4606 
790 0.997632 0.737952 -98076.7 2.49194 
800 0.997626 0.275924 -98076.3 2.52376 
810 0.997615 0.0437425 -98076.4 2.55367 
820 0.997599 -0.62827 -98073.3 2.58696 
830 0.997559 -0.769393 -98069.7 2.61864 
840 0.997559 -0.147169 -98069.7 2.64665 
850 0.997559 0.992737 -98069.7 2.67763 
860 0.99758 0.361162 -98071.4 2.70651 
870 0.99758 -0.0126804 -98071.4 2.73763 
880 0.99758 -0.546935 -98071.5 2.76879 
890 0.99761 0.265798 -98071.3 2.79873 
900 0.997588 -0.0897823 -98066.9 2.83558 
910 0.997695 0.00489722 -98071.5 2.86622 
920 0.997695 0.903348 -98071.5 2.89432 
930 0.997698 0.548718 -98071.8 2.9255 
940 0.997657 0.183721 -98067.8 2.96065 
950 0.997632 0.810412 -98059.7 2.99344 
960 0.997633 0.759105 -98059.8 3.02489 
970 0.99763 0.808765 -98065.5 3.06073 
980 0.997611 0.56415 -98063.4 3.09026 
990 0.997524 -0.149397 -98055.7 3.12363 
1000 0.997475 -0.783389 -98049.5 3.15302 
1010 0.997475 -0.706202 -98049.5 3.18407 
1020 0.997475 0.4382 -98049.6 3.21225 
1030 0.997518 0.0270605 -98053.3 3.24751 
1040 0.997534 -0.796595 -98055 3.27907 
1050 0.997544 0.618143 -98057 3.30884 
1060 0.997544 0.876107 -98057 3.33992 
1070 0.997596 -0.041459 -98060.4 3.37322 
1080 0.997596 -0.122293 -98060.4 3.40432 
1090 0.997597 -0.598672 -98060.9 3.43622 
1100 0.997553 0.928737 -98059.3 3.47065 
1110 0.997566 -0.258498 -98058.2 3.50399 
1120 0.997562 0.41676 -98058 3.53533 
1130 0.99756 0.589894 -98056.7 3.56747 
1140 0.997549 0.815844 -98056.1 3.6044 
1150 0.997549 -0.558706 -98056.1 3.63249 
1160 0.997549 0.268377 -98056.1 3.65831 
1170 0.99754 0.777629 -98054.9 3.68964 
1180 0.997585 0.0737352 -98064.4 3.72208 
1190 0.997473 0.350426 -98057 3.75759 
1200 0.997473 0.673731 -98057 3.78872 
1210 0.997643 0.475706 -98070.3 3.82191 
1220 0.997643 -0.104485 -98070.3 3.85285 
1230 0.997642 -0.236419 -98070.2 3.8838 
1240 0.997664 -0.427551 -98072.1 3.91638 
1250 0.997668 0.114238 -98072.4 3.94556 
1260 0.997677 -0.44364 -98069.2 3.97558 
1270 0.997676 -0.225508 -98069.2 4.00677 
1280 0.99772 0.195216 -98071.8 4.03324 
1290 0.997542 -0.314064 -98060.3 4.06767 
1300 0.997502 0.117708 -98063.8 4.10241 
1310 0.997504 0.704 -98064.1 4.1341 
1320 0.997529 0.627473 -98064.1 4.17153 
1330 0.997541 -0.984669 -98057.5 4.2015 
1340 0.997472 0.159768 -98051.9 4.23478 
1350 0.997465 -0.708277 -98051.5 4.26717 
1360 0.997465 -0.166019 -98051.5 4.29567 
1370 0.997475 0.148726 -98047.5 4.33081 
1380 0.997452 0.326714 -98044.5 4.36436 
1390 0.997387 0.4072 -98043.1 4.39206 
1400 0.997385 0.502971 -98044.7 4.42219 
1410 0.997352 -0.174371 -98042.2 4.45368 
1420 0.997353 0.764027 -98042.4 4.48494 
1430 0.997353 -0.0361452 -98042.4 4.51336 
1440 0.997353 0.0471153 -98042.4 4.54467 
1450 0.997353 -0.129348 -98042.4 4.57307 
1460 0.997335 0.374021 -98040.7 4.60839 
1470 0.997293 0.127287 -98040.6 4.64112 
1480 0.997293 0.90805 -98040.6 4.67074 
1490 0.997324 -0.260639 -98043.3 4.6982 
1500 0.997357 0.945511 -98050.6 4.73202 
1510 0.997473 0.56861 -98054.7 4.76628 
1520 0.997522 0.250916 -98051.4 4.79652 
1530 0.997566 0.117726 -98056.7 4.82824 
1540 0.997586 0.261974 -98058.5 4.85683 
1550 0.997574 -0.957828 -98063.7 4.88467 
1560 0.997587 0.320895 -98065 4.91743 
1570 0.997578 0.296138 -98057.3 4.95323 
1580 0.997423 -0.694611 -98047.4 4.98653 
1590 0.997434 0.875779 -98047.8 5.02001 
1600 0.997449 0.486308 -98049.5 5.05479 
1610 0.997433 -0.819348 -98048.5 5.08641 
1620 0.997417 0.82753 -98048.5 5.11796 
1630 0.997417 0.434667 -98048.5 5.14915 
1640 0.997417 0.134626 -98048.5 5.18049 
1650 0.997416 0.584803 -98048.5 5.20907 
1660 0.997433 0.126858 -98049.5 5.23978 
1670 0.997499 0.838055 -98053.6 5.27353 
1680 0.997544 -0.325797 -98056.2 5.3068 
1690 0.997524 0.432675 -98055.3 5.33718 
1700 0.997429 0.912402 -98045.7 5.37537 
1710 0.99748 0.252435 -98053.3 5.41013 
1720 0.997488 0.860812 -98054 5.44243 
1730 0.997502 0.714501 -98053.6 5.47607 
1740 0.997502 0.0508464 -98053.6 5.50725 
1750 0.997502 -0.925373 -98053.6 5.53906 
1760 0.997502 -0.57917 -98053.6 5.57168 
1770 0.997502 0.986812 -98053.6 5.6005 
1780 0.997407 0.78841 -98049.3 5.635 
1790 0.997399 0.296645 -98048.7 5.66481 
1800 0.99753 0.223384 -98050.5 5.69711 
1810 0.99753 0.797985 -98049.5 5.73154 
1820 0.997445 0.838624 -98045.4 5.76198 
1830 0.997474 -0.903531 -98047.9 5.79268 
1840 0.997472 -0.343088 -98047.8 5.82383 
1850 0.997472 -0.683586 -98047.8 5.85519 
1860 0.997558 0.374782 -98056.7 5.88678 
1870 0.997577 0.759937 -98058.7 5.91692 
1880 0.997577 -0.2408 -98058.7 5.94838 
1890 0.997525 -0.862421 -98055.8 5.98143 
1900 0.997525 -0.419263 -98055.8 6.01257 
1910 0.997529 0.61508 -98055.8 6.04744 
1920 0.997478 0.013678 -98053.5 6.0809 
1930 0.997462 0.956168 -98052.1 6.11332 
1940 0.997462 0.181958 -98052.2 6.14433 
1950 0.997485 -0.616798 -98053.7 6.17855 
1960 0.997491 0.774518 -98055.6 6.2113 
1970 0.997508 0.535021 -98064.6 6.24407 
1980 0.997502 0.0371987 -98064 6.27747 
1990 0.997577 -0.305608 -98067.8 6.30921 
2000 0.997564 -0.262178 -98066.3 6.34029 
2010 0.997564 -0.0821125 -98066.3 6.36805 
2020 0.997564 0.657912 -98066.3 6.39877 
2030 0.997564 0.567465 -98066.3 6.42972 
2040 0.99768 -0.729655 -98077.8 6.46468 
2050 0.997677 0.699369 -98077.5 6.49549 
2060 0.997673 -0.544687 -98077.4 6.52912 
2070 0.997659 -0.164807 -98076.4 6.56195 
2080 0.997702 -0.765219 -98077.5 6.58962 
2090 0.997693 -0.00704959 -98076.2 6.62303 
2100 0.997571 0.0385829 -98059.7 6.65899 
2110 0.997581 0.96577 -98061.4 6.69078 
2120 0.997602 0.604232 -98065.6 6.72653 
2130 0.997602 0.59882 -98065.6 6.75468 
2140 0.997618 0.213356 -98059.7 6.78423 
2150 0.997612 -0.491299 -98059.2 6.81537 
2160 0.997618 -0.372842 -98059.8 6.84643 
2170 0.997619 -0.609747 -98060 6.87763 
2180 0.997619 -0.501689 -98060 6.90861 
2190 0.997626 0.685788 -98061.1 6.93995 
2200 0.997629 -0.661601 -98061.2 6.97175 
2210 0.997661 0.779163 -98065.1 7.00517 
2220 0.997736 0.504844 -98071.6 7.03876 
2230 0.997731 -0.950282 -98071.1 7.07009 
2240 0.997731 0.793356 -98071.1 7.10075 
2250 0.997731 -0.510914 -98071.1 7.13164 
2260 0.997737 -0.084486 -98073.2 7.16655 
2270 0.997742 -0.980667 -98073.7 7.19939 
2280 0.997747 -0.925294 -98074 7.23177 
2290 0.997748 -0.788841 -98073.8 7.2606 
2300 0.997689 -0.474674 -98068.2 7.28947 
2310 0.99769 0.919991 -98070.4 7.32294 
2320 0.99766 0.880589 -98068.6 7.3559 
2330 0.99766 0.0839686 -98067.9 7.38995 
2340 0.99766 0.0801785 -98067.9 7.42192 
2350 0.997648 -0.912159 -98066.6 7.45119 
2360 0.997648 0.300854 -98066.6 7.48219 
2370 0.997648 -0.697034 -98066.6 7.51397 
2380 0.997646 -0.221927 -98066.3 7.54284 
2390 0.997646 0.744936 -98066.3 7.5747 
2400 0.997716 -0.112509 -98072.3 7.60483 
2410 0.997716 0.319876 -98072.3 7.63682 
2420 0.997665 -0.818048 -98070.3 7.67118 
2430 0.997665 -0.0328426 -98070.3 7.69949 
2440 0.99766 -0.46964 -98071.2 7.73046 
2450 0.997671 0.948121 -98072.2 7.75926 
2460 0.997603 -0.445828 -98068.4 7.79373 
2470 0.997614 -0.795557 -98063.6 7.83016 
2480 0.997543 -0.400724 -98061.9 7.86334 
2490 0.997543 -0.383711 -98061.9 7.89138 
2500 0.997571 0.766355 -98064.9 7.92578 
2510 0.997593 -0.992653 -98066.7 7.95666 
2520 0.997553 0.93454 -98063.1 7.98638 
2530 0.997544 0.276053 -98065.3 8.02041 
2540 0.997544 -0.717471 -98065.3 8.05193 
2550 0.997677 -0.46523 -98067.3 8.08383 
2560 0.997677 -0.769029 -98067.2 8.11492 
2570 0.997749 -0.409086 -98077.2 8.15009 
2580 0.997749 0.897117 -98077.2 8.18114 
2590 0.997772 0.765825 -98079.7 8.21299 
2600 0.997792 -0.519929 -98080.4 8.24299 
2610 0.997728 0.784742 -98082.4 8.2726 
2620 0.997728 -0.327983 -98082.4 8.30065 
2630 0.99773 -0.145788 -98082.6 8.33178 
2640 0.997744 -0.992112 -98075.4 8.36618 
2650 0.997735 -0.0144984 -98071.6 8.4008 
2660 0.997584 -0.316042 -98062 8.43101 
2670 0.997584 0.471588 -98062 8.46212 
2680 0.997598 0.532229 -98060.2 8.49371 
2690 0.997624 0.544535 -98061.7 8.52092 
2700 0.997508 0.826652 -98054.8 8.5525 
2710 0.997522 -0.662768 -98053.6 8.57953 
2720 0.997522 -0.954127 -98053.6 8.60757 
2730 0.99751 0.771349 -98051.9 8.63922 
2740 0.99751 -0.559885 -98051.9 8.67037 
2750 0.997514 0.185239 -98051.3 8.70158 
2760 0.997514 -0.0357456 -98051.3 8.73274 
2770 0.997505 -0.158861 -98050.6 8.76638 
2780 0.997496 -0.717632 -98049.6 8.79508 
2790 0.997496 -0.504665 -98049.6 8.82628 
2800 0.99746 -0.0444256 -98054.1 8.85908 
2810 0.99747 0.471806 -98058 8.89269 
2820 0.997471 -0.486728 -98058.2 8.92384 
2830 0.997471 -0.663762 -98058.2 8.95493 
2840 0.9974 -0.541369 -98048.7 8.98603 
2850 0.9974 0.990019 -98048.8 9.01736 
2860 0.997394 0.57795 -98048 9.0488 
2870 0.997433 -0.467346 -98051.1 9.08127 
2880 0.997449 0.504434 -98051.8 9.11094 
2890 0.997543 0.941129 -98059.5 9.14478 
2900 0.997586 -0.83638 -98064.1 9.17504 
2910 0.997535 0.221814 -98059 9.2061 
2920 0.997496 -0.505684 -98056.9 9.242 
2930 0.997504 0.572907 -98058 9.27387 
2940 0.997502 0.730058 -98057.7 9.30524 
2950 0.997458 0.780608 -98057.1 9.33976 
2960 0.997458 0.19174 -98057.1 9.37078 
2970 0.997514 -0.357639 -98062.5 9.40141 
2980 0.997469 0.466908 -98056.3 9.43801 
2990 0.997468 -0.76363 -98056.3 9.46702 
3000 0.997455 -0.544632 -98051.5 9.49729 
3010 0.997454 0.847706 -98051.5 9.52837 
3020 0.997586 0.959908 -98055 9.56263 
3030 0.997586 -0.754274 -98055 9.59385 
3040 0.997514 -0.603105 -98051.4 9.62778 
3050 0.997514 -0.560079 -98051.4 9.65614 
3060 0.997565 0.200763 -98058.9 9.6896 
3070 0.997565 0.63479 -98058.9 9.71559 
3080 0.997564 0.406285 -98058.8 9.74873 
3090 0.997638 -0.457923 -98063.7 9.78604 
3100 0.997638 -0.444769 -98063.7 9.81905 
3110 0.997638 0.672851 -98063.7 9.85139 
3120 0.997638 -0.663212 -98063.7 9.88382 
3130 0.997638 0.564235 -98063.7 9.91534 
3140 0.997638 -0.447169 -98063.7 9.94357 
3150 0.997638 -0.853949 -98063.7 9.97504 
3160 0.997638 -0.902215 -98063.7 10.0077 
3170 0.997723 -0.447747 -98077.9 10.0419 
3180 0.997663 0.0305051 -98075.2 10.0767 
3190 0.997663 -0.750269 -98075.2 10.1052 
3200 0.997664 0.887106 -98075.2 10.1366 
3210 0.997637 -0.901566 -98072.6 10.1699 
3220 0.997637 -0.344534 -98072.6 10.2017 
3230 0.997703 -0.281734 -98076.6 10.2346 
3240 0.997703 -0.892056 -98077.5 10.2687 
3250 0.997703 -0.340737 -98077.5 10.3 
3260 0.99769 0.599596 -98070.5 10.3359 
3270 0.997672 -0.452801 -98073.5 10.3699 
3280 0.997612 -0.377364 -98070.1 10.4009 
3290 0.997584 0.901201 -98067.3 10.4346 
3300 0.997631 0.0894401 -98065 10.4679 
3310 0.997631 -0.722376 -98065 10.499 
3320 0.997479 -0.432483 -98055.4 10.5347 
3330 0.997471 -0.0823346 -98055.7 10.5682 
3340 0.997535 0.615311 -98060.1 10.5986 
3350 0.997535 -0.571475 -98060.1 10.6297 
3360 0.997535 0.0396628 -98060.1 10.6553 
3370 0.997573 -0.135526 -98061.7 10.6857 
3380 0.997557 0.625298 -98059.5 10.7186 
3390 0.99737 -0.906736 -98047.3 10.7532 
3400 0.997405 0.837174 -98049.7 10.7863 
3410 0.997385 0.44732 -98050.2 10.8197 
3420 0.997385 -0.0780008 -98050.2 10.8509 
3430 0.997329 -0.688806 -98043.1 10.8843 
3440 0.997329 -0.166723 -98043.1 10.9153 
3450 0.997329 0.298564 -98043 10.9462 
3460 0.997347 0.0721332 -98044.2 10.9777 
3470 0.997411 -0.861213 -98051.8 11.0122 
3480 0.997386 0.172456 -98053.8 11.0454 
3490 0.997387 -0.891139 -98055.5 11.0784 
3500 0.997378 0.706654 -98054.4 11.1096 
3510 0.997433 0.207619 -98059.9 11.1447 
3520 0.99745 0.155352 -98061.9 11.1733 
3530 0.997436 -0.191303 -98058.7 11.2054 
3540 0.997436 0.849812 -98058.6 11.2364 
3550 0.997436 -0.688803 -98058.6 11.2615 
3560 0.997436 0.84248 -98058.7 11.2925 
3570 0.997388 -0.312475 -98056.3 11.3228 
3580 0.997388 0.106768 -98056.3 11.3542 
3590 0.997433 0.504399 -98060.2 11.3812 
3600 0.997453 0.160508 -98055.6 11.4137 
3610 0.997538 0.252395 -98062.5 11.4461 
3620 0.997455 -0.708893 -98055.3 11.4776 
3630 0.997455 -0.815972 -98055.3 11.5058 
3640 0.997486 0.878207 -98057.5 11.5357 
3650 0.99759 0.869471 -98065.7 11.5684 
3660 0.99759 0.0109328 -98065.7 11.5965 
3670 0.997562 0.868106 -98063.8 11.6298 
3680 0.997557 0.0744337 -98063.5 11.6612 
3690 0.997554 -0.789117 -98063.4 11.6933 
3700 0.997554 0.104993 -98063.4 11.7243 
3710 0.997582 0.913109 -98065.8 11.7566 
3720 0.997618 -0.313142 -98071.2 11.7919 
3730 0.997618 -0.680716 -98071.2 11.82 
3740 0.997618 -0.0807392 -98071.2 11.851 
3750 0.997616 -0.320176 -98072.5 11.884 
3760 0.997588 -0.377794 -98069.4 11.9141 
3770 0.997658 0.190626 -98078.8 11.9475 
3780 0.997658 -0.532201 -98078.8 11.9786 
3790 0.997662 0.874657 -98079 12.0106 
3800 0.997664 0.66627 -98079.1 12.0418 
3810 0.997704 0.372635 -98084.8 12.0754 
3820 0.997655 0.67281 -98074.1 12.1097 
3830 0.997659 0.646527 -98074.8 12.1432 
3840 0.997644 0.0790088 -98072.5 12.1737 
3850 0.997622 0.330526 -98069.8 12.207 
3860 0.997642 0.886724 -98069.6 12.2427 
3870 0.997736 0.654174 -98076 12.2754 
3880 0.997736 -0.366024 -98075.9 12.3063 
3890 0.997757 -0.490634 -98078.3 12.3359 
3900 0.997775 0.0667877 -98081.3 12.3687 
3910 0.997728 -0.106243 -98081.4 12.399 
3920 0.99772 -0.0593428 -98080.5 12.4308 
3930 0.997635 0.28741 -98075.9 12.4621 
3940 0.997635 -0.768556 -98076 12.4939 
3950 0.997635 -0.421556 -98075.9 12.5258 
3960 0.997635 0.0198016 -98076 12.5568 
3970 0.997636 0.76454 -98076 12.5879 
3980 0.997642 -0.684975 -98076.5 12.6195 
3990 0.997642 0.990228 -98076.5 12.6506 
4000 0.997552 0.229196 -98064.9 12.6859 
4010 0.997552 -0.242859 -98064.8 12.7143 
4020 0.997532 0.0314502 -98062.6 12.746 
4030 0.99755 -0.33987 -98065 12.775 
4040 0.997575 0.668284 -98064.1 12.8062 
4050 0.997598 0.0375445 -98069.3 12.8376 
4060 0.997625 -0.0580983 -98071.7 12.8673 
4070 0.997496 0.0802993 -98057.3 12.9013 
4080 0.997496 0.585328 -98057.3 12.9327 
4090 0.997496 0.715065 -98057.3 12.9646 
4100 0.997588 -0.719747 -98061.7 12.9962 
4110 0.997588 -0.329082 -98061.7 13.0272 
4120 0.997588 0.577212 -98061.7 13.0581 
4130 0.997637 0.576036 -98064.6 13.0934 
4140 0.997578 0.340676 -98067.8 13.1253 
4150 0.99762 0.00614537 -98072.5 13.1578 
4160 0.997621 -0.672555 -98072.5 13.189 
4170 0.997695 -0.584662 -98079.1 13.2221 
4180 0.997679 -0.440712 -98077.5 13.2507 
4190 0.997767 -0.640119 -98078.8 13.284 
4200 0.99778 -0.398696 -98080 13.3132 
4210 0.997774 0.459164 -98079.7 13.3422 
4220 0.997778 -0.906294 -98080.1 13.3737 
4230 0.997759 0.350913 -98076.8 13.4068 
4240 0.997769 -0.137811 -98077.6 13.4388 
4250 0.997757 -0.854112 -98076.5 13.4704 
4260 0.997717 0.0936758 -98074.8 13.5049 
4270 0.99766 -0.909837 -98071.6 13.5387 
4280 0.997561 0.790618 -98070.6 13.5721 
4290 0.997589 -0.636828 -98074.7 13.6052 
4300 0.997606 -0.876104 -98072.8 13.6402 
4310 0.997662 0.667951 -98078.2 13.6702 
4320 0.997671 0.646399 -98078.9 13.7017 
4330 0.997644 -0.687561 -98075.1 13.7344 
4340 0.997663 0.61579 -98076.9 13.7658 
4350 0.997796 -0.417921 -98078.1 13.7982 
4360 0.997751 0.847619 -98074.7 13.8313 
4370 0.997751 -0.180732 -98074.8 13.8626 
4380 0.99764 0.0478088 -98069.6 13.8887 
4390 0.99764 -0.1692 -98069.6 13.92 
4400 0.997631 -0.991288 -98069 13.9524 
4410 0.997631 0.317913 -98069 13.9807 
4420 0.99763 0.809647 -98071.4 14.0102 
4430 0.997669 0.474653 -98075.4 14.0439 
4440 0.997661 0.483567 -98074.9 14.0732 
4450 0.997582 0.908299 -98064 14.1084 
4460 0.997596 -0.25639 -98065.2 14.1427 
4470 0.997574 -0.580144 -98064.3 14.1764 
4480 0.997574 0.736623 -98064.2 14.2083 
4490 0.997529 -0.0737845 -98067.5 14.2383 
4500 0.997529 -0.0162051 -98067.5 14.2664 
4510 0.997576 0.292785 -98068.9 14.3009 
4520 0.997565 0.593924 -98067.5 14.3334 
4530 0.997573 0.529067 -98065.6 14.36 
4540 0.997561 -0.879797 -98062.4 14.3936 
4550 0.997559 -0.062381 -98062.1 14.4221 
4560 0.997479 -0.108685 -98052 14.458 
4570 0.997521 0.929975 -98055.8 14.491 
4580 0.997521 0.815921 -98055.8 14.5193 
4590 0.997478 -0.188308 -98059.1 14.5524 
4600 0.997478 -0.773511 -98059.1 14.5821 
4610 0.997478 0.839981 -98059.1 14.6149 
4620 0.997478 -0.547312 -98059.1 14.6463 
4630 0.997487 0.0259532 -98062.6 14.6758 
4640 0.997545 -0.0876797 -98057.8 14.713 
4650 0.997545 -0.699789 -98057.8 14.7423 
4660 0.997498 -0.668065 -98056.5 14.7765 
4670 0.997474 0.735825 -98053.9 14.8094 
4680 0.997474 -0.68588 -98053.9 14.839 
4690 0.997506 0.408309 -98056.5 14.8727 
4700 0.997444 0.124934 -98053.1 14.9094 
4710 0.997444 -0.772817 -98053.1 14.942 
4720 0.997449 0.151043 -98062.3 14.9751 
4730 0.997514 -0.713931 -98062.5 15.0045 
4740 0.997665 -0.075453 -98066.4 15.0373 
4750 0.997665 -0.936244 -98066.4 15.0689 
4760 0.997669 0.00201832 -98067.2 15.1032 
4770 0.997526 -0.797835 -98062.3 15.1376 
4780 0.997508 0.167862 -98063.1 15.1726 
4790 0.997503 0.129979 -98062.8 15.2009 
4800 0.997426 0.570165 -98059.9 15.2338 
4810 0.997451 -0.10209 -98061.5 15.2657 
4820 0.997451 0.870297 -98061.5 15.297 
4830 0.997451 -0.794886 -98061.4 15.3282 
4840 0.997471 -0.902047 -98062.7 15.3616 
4850 0.997524 0.721513 -98068.8 15.396 
4860 0.997522 -0.548584 -98068.2 15.4277 
4870 0.997476 0.99101 -98064.4 15.462 
4880 0.997439 -0.287082 -98066.6 15.4952 
4890 0.997439 -0.893889 -98066.6 15.5234 
4900 0.997479 0.116451 -98061.2 15.554 
4910 0.99735 -0.983708 -98049.9 15.5899 
4920 0.997354 -0.86915 -98050.2 15.6214 
4930 0.997387 -0.21935 -98052.5 15.6539 
4940 0.997448 0.953521 -98060.1 15.6912 
4950 0.997446 -0.576024 -98059.6 15.7232 
4960 0.997467 0.621346 -98061.3 15.7564 
4970 0.997463 0.407421 -98060.9 15.7847 
4980 0.997463 -0.748929 -98064.3 15.8199 
4990 0.997453 0.923175 -98063.4 15.8509 
5000 0.997453 -0.301498 -98063.4 15.8818 
5010 0.997469 0.0541859 -98062 15.915 
5020 0.99746 0.879034 -98061.9 15.9472 
5030 0.997505 -0.109407 -98059.1 15.9783 
5040 0.997585 -0.355674 -98068.3 16.0118 
5050 0.997587 -0.800803 -98068.5 16.0409 
5060 0.99766 -0.162261 -98070 16.0745 
5070 0.997661 0.416712 -98069.8 16.1063 
5080 0.997586 0.344801 -98062.2 16.1381 
5090 0.997586 0.189339 -98062.2 16.1688 
5100 0.997586 -0.523133 -98062.2 16.1966 
5110 0.997665 -0.350925 -98066.8 16.2299 
5120 0.997685 -0.348566 -98070 16.2626 
5130 0.997666 -0.139573 -98068 16.2917 
5140 0.997666 0.722515 -98068 16.3226 
5150 0.997666 -0.762282 -98067.9 16.3447 
5160 0.997616 0.964632 -98066.8 16.3779 
5170 0.997548 0.0491334 -98064 16.412 
5180 0.997532 -0.691986 -98063 16.4441 
5190 0.997528 0.759434 -98062.6 16.4752 
5200 0.997545 0.784182 -98064.2 16.5048 
5210 0.997545 0.23126 -98064.3 16.5356 
5220 0.997527 -0.890252 -98062.6 16.5671 
5230 0.997574 0.902259 -98066.6 16.6018 
5240 0.99757 0.788072 -98064.7 16.6377 
5250 0.997564 0.462745 -98064.1 16.6692 
5260 0.997621 0.276937 -98069.4 16.6969 
5270 0.997641 0.0280616 -98064.1 16.7294 
5280 0.99763 0.807663 -98063.9 16.7638 
5290 0.997686 0.403615 -98069.5 16.7963 
5300 0.997701 0.0895176 -98068.4 16.8265 
5310 0.997701 -0.101849 -98068.3 16.8544 
5320 0.99769 0.405555 -98069 16.8906 
5330 0.997651 -0.305634 -98069 16.9245 
5340 0.99762 0.272818 -98066.6 16.9566 
5350 0.997623 0.326665 -98066.7 16.9816 
5360 0.99764 0.163914 -98067.8 17.0155 
5370 0.997767 -0.208085 -98076.5 17.048 
5380 0.997767 0.850484 -98076.5 17.079 
5390 0.997731 0.983897 -98073.7 17.1078 
5400 0.997756 -0.200553 -98076 17.1416 
5410 0.997756 -0.767604 -98076 17.1726 
5420 0.997624 -0.673651 -98065.2 17.2089 
5430 0.997683 -0.409498 -98072.8 17.2401 
5440 0.997637 0.265809 -98078.3 17.2743 
5450 0.997696 0.542741 -98083.8 17.302 
5460 0.997701 0.271738 -98083.3 17.3335 
5470 0.997699 -0.372496 -98083.1 17.3629 
5480 0.997699 0.0540084 -98078.3 17.3946 
5490 0.997699 -0.344388 -98078.3 17.4267 
5500 0.997699 0.413172 -98078.3 17.4556 
5510 0.997686 -0.42195 -98073.8 17.4893 
5520 0.997696 -0.806515 -98075.1 17.5187 
5530 0.997696 0.8761 -98075.1 17.5506 
5540 0.997779 -0.417214 -98077.2 17.5829 
5550 0.997758 0.89423 -98075.9 17.6165 
5560 0.997758 -0.887497 -98075.9 17.6487 
5570 0.997709 -0.278027 -98071.6 17.6816 
5580 0.997722 0.466049 -98074.7 17.7159 
5590 0.997724 -0.742237 -98074.3 17.7486 
5600 0.997749 -0.983446 -98077.4 17.7821 
5610 0.997635 0.144307 -98070.1 17.8092 
5620 0.997624 -0.318032 -98075 17.8425 
5630 0.997632 0.830137 -98075.4 17.8686 
5640 0.997572 -0.244329 -98070.8 17.8986 
5650 0.997707 -0.624856 -98081 17.9333 
5660 0.997707 0.169268 -98081 17.9617 
5670 0.997707 0.438464 -98081 17.987 
5680 0.997778 0.79714 -98083.5 18.0182 
5690 0.997732 -0.783343 -98080.1 18.0511 
5700 0.997732 -0.225001 -98079.8 18.0809 
5710 0.997665 0.861123 -98074 18.1144 
5720 0.997662 -0.32063 -98073.9 18.1466 
5730 0.997662 -0.331273 -98073.9 18.1777 
5740 0.997662 -0.154155 -98073.9 18.2059 
5750 0.997654 0.971548 -98073.7 18.2375 
5760 0.997654 0.55277 -98073.7 18.2685 
5770 0.997654 0.164236 -98073.7 18.2996 
5780 0.997654 0.744252 -98073.7 18.3306 
5790 0.997654 0.819852 -98073.7 18.3616 
5800 0.997654 0.679611 -98073.7 18.3897 
5810 0.997654 0.474717 -98073.7 18.4211 
5820 0.997703 -0.0702584 -98076.9 18.454 
5830 0.997709 0.244905 -98075.8 18.4841 
5840 0.997688 0.605408 -98074 18.5136 
5850 0.997685 0.597679 -98076.5 18.5466 
5860 0.997572 0.371102 -98067.8 18.5814 
5870 0.997542 0.944613 -98064.5 18.6134 
5880 0.997535 -0.545192 -98063.2 18.6429 
5890 0.99761 -0.662457 -98072.5 18.6721 
5900 0.997635 -0.22757 -98078.1 18.7056 
5910 0.997651 0.960081 -98079.7 18.734 
5920 0.997571 0.0473241 -98074.3 18.7651 
5930 0.997551 0.634026 -98071.6 18.7973 
5940 0.99757 0.548166 -98072.9 18.8308 
5950 0.997543 0.637341 -98071.7 18.8658 
5960 0.997543 0.265661 -98071.7 18.897 
5970 0.997539 0.692139 -98067.8 18.931 
5980 0.997561 0.73832 -98070.6 18.9602 
5990 0.997441 -0.1429 -98066.1 18.9962 
6000 0.997444 -0.492165 -98066.5 19.0215 
6010 0.997502 0.111837 -98070.2 19.0549 
6020 0.997461 -0.108905 -98067.7 19.0814 
6030 0.997497 0.0948447 -98067.7 19.1168 
6040 0.997497 0.921243 -98067.7 19.1483 
6050 0.997497 0.320275 -98067.7 19.18 
6060 0.997496 -0.710948 -98067.6 19.2113 
6070 0.997499 -0.953486 -98069.6 19.2406 
6080 0.997467 -0.85576 -98069.1 19.2719 
6090 0.997477 -0.187077 -98070.2 19.3034 
6100 0.997456 0.539433 -98069.2 19.332 
6110 0.997504 -0.309388 -98070.7 19.3663 
6120 0.9975 -0.353098 -98070.4 19.3949 
6130 0.9974 -0.112265 -98063.7 19.4289 
6140 0.997403 -0.754631 -98065.5 19.4548 
6150 0.997527 0.719088 -98070.3 19.4911 
6160 0.997539 -0.0202341 -98071.4 19.5245 
6170 0.997538 -0.673022 -98071.9 19.5568 
6180 0.997582 0.374168 -98074.4 19.5876 
6190 0.997582 0.551145 -98074.4 19.6162 
6200 0.997584 -0.4733 -98074.2 19.6428 
6210 0.997565 -0.895276 -98068.7 19.6779 
6220 0.997565 -0.905064 -98068.7 19.7065 
6230 0.997587 0.278635 -98074.1 19.738 
6240 0.997528 -0.91715 -98070.2 19.7705 
6250 0.997445 -0.0126236 -98064.4 19.8007 
6260 0.997445 -0.21397 -98064.4 19.8289 
6270 0.997445 -0.94205 -98064.4 19.8601 
6280 0.997462 0.656817 -98065.1 19.8954 
6290 0.997473 0.88968 -98066.4 19.9272 
6300 0.997507 0.433706 -98067.5 19.9599 
6310 0.997507 -0.0846486 -98067.5 19.9883 
6320 0.997523 0.308907 -98065.9 20.0215 
6330 0.997548 -0.265059 -98061 20.0516 
6340 0.997548 0.0383058 -98061.1 20.0834 
6350 0.997528 0.436485 -98058.6 20.1072 
6360 0.997575 -0.480097 -98064.7 20.1374 
6370 0.997575 -0.701222 -98064.7 20.1686 
6380 0.997558 -0.135682 -98063.3 20.1982 
6390 0.997534 0.855181 -98062.3 20.2283 
6400 0.997533 -0.385617 -98060.5 20.258 
6410 0.997499 0.194049 -98054 20.2885 
6420 0.99754 -0.00107065 -98057.9 20.3212 
6430 0.997583 -0.992402 -98057.6 20.3557 
6440 0.997566 0.994792 -98058.2 20.3885 
6450 0.997536 0.370392 -98060 20.4231 
6460 0.997541 -0.977953 -98056.6 20.4513 
6470 0.997512 -0.623267 -98054 20.4847 
6480 0.997454 0.525247 -98053.1 20.5153 
6490 0.997446 0.237279 -98053.1 20.5473 
6500 0.997509 -0.161009 -98056.8 20.5803 
6510 0.997509 -0.192298 -98056.9 20.6085 
6520 0.99739 -0.607747 -98055.6 20.6416 
6530 0.997541 0.126427 -98059.6 20.6735 
6540 0.997538 0.973379 -98059 20.7063 
6550 0.997512 0.904248 -98059.6 20.739 
6560 0.997512 -0.601316 -98059.7 20.7701 
6570 0.997512 -0.780435 -98059.7 20.7981 
6580 0.997482 -0.514385 -98062.2 20.8285 
6590 0.997643 -0.692913 -98071 20.8624 
6600 0.99764 -0.617203 -98073.7 20.8954 
6610 0.99764 0.218858 -98073.7 20.9266 
6620 0.99764 0.492729 -98073.7 20.9547 
6630 0.99764 -0.554256 -98073.7 20.9858 
6640 0.997623 -0.332293 -98072.5 21.0159 
6650 0.997623 0.930004 -98072.5 21.0471 
6660 0.997609 -0.44225 -98070.9 21.0786 
6670 0.997609 -0.182787 -98070.8 21.1095 
6680 0.997581 0.219159 -98067.8 21.1436 
6690 0.997532 -0.868879 -98059.9 21.1731 
6700 0.997483 -0.733959 -98059.7 21.2092 
6710 0.997541 -0.561952 -98066.2 21.2436 
6720 0.997551 -0.081854 -98067.2 21.2748 
6730 0.997507 0.0946003 -98064.4 21.3076 
6740 0.997503 -0.37711 -98064.7 21.3404 
6750 0.997495 0.983082 -98063.2 21.3677 
6760 0.997503 0.21771 -98064.1 21.399 
6770 0.997503 0.0593813 -98064.1 21.4301 
6780 0.997507 -0.309998 -98064.5 21.4584 
6790 0.997507 0.261863 -98064.5 21.4867 
6800 0.997514 -0.756276 -98064.7 21.5184 
6810 0.997536 -0.69104 -98067.3 21.5488 
6820 0.997479 0.162344 -98057.3 21.5792 
6830 0.997486 0.14602 -98056.7 21.6127 
6840 0.997491 -0.520844 -98061.6 21.6445 
6850 0.997491 -0.853877 -98061.6 21.6755 
6860 0.99757 0.162963 -98070.1 21.7038 
6870 0.99757 -0.516054 -98070.1 21.7351 
6880 0.997495 -0.0273423 -98066.2 21.7697 
6890 0.997495 0.104892 -98060.5 21.8036 
6900 0.99742 -0.716699 -98046.9 21.8369 
6910 0.997453 0.588399 -98046.7 21.8692 
6920 0.997428 -0.0723183 -98048.1 21.9027 
6930 0.997428 -0.0678951 -98048.2 21.9334 
6940 0.997428 -0.653799 -98048.2 21.9642 
6950 0.997428 -0.0306283 -98048.2 21.9922 
6960 0.997424 0.698235 -98045.3 22.0239 
6970 0.997447 0.0426331 -98048 22.0558 
6980 0.997447 -0.869836 -98048 22.0875 
6990 0.997417 -0.276915 -98046.6 22.1201 
7000 0.997459 0.190159 -98051.7 22.1547 
7010 0.99746 -0.285034 -98051.7 22.1865 
7020 0.997459 -0.951343 -98051.3 22.2182 
7030 0.99753 0.35464 -98057.2 22.2517 
7040 0.99753 0.774079 -98057.2 22.2776 
7050 0.997528 0.99704 -98056.9 22.3096 
7060 0.997495 0.0780327 -98054 22.34 
7070 0.997562 -0.241923 -98061.1 22.3748 
7080 0.99753 -0.446853 -98057.4 22.4043 
7090 0.997503 -0.915014 -98065.3 22.4389 
7100 0.997506 -0.729044 -98066.2 22.4717 
7110 0.997555 -0.477346 -98070.3 22.5072 
7120 0.997555 -0.539705 -98070.3 22.5391 
7130 0.99757 0.979859 -98071.1 22.5724 
7140 0.997581 0.00850956 -98066.6 22.6059 
7150 0.99758 -0.746264 -98065.8 22.6325 
7160 0.997593 0.261123 -98066.9 22.6658 
7170 0.997556 0.533073 -98062.5 22.6971 
7180 0.997556 0.875577 -98062.4 22.7287 
7190 0.997556 -0.736107 -98062.5 22.7604 
7200 0.997556 0.953324 -98062.5 22.7923 
7210 0.997556 0.107123 -98062.5 22.8213 
7220 0.99753 -0.00527685 -98059.8 22.8502 
7230 0.99753 -0.166384 -98059.8 22.8753 
7240 0.997521 0.961653 -98059.6 22.9078 
7250 0.99751 -0.948007 -98058.7 22.9393 
7260 0.99751 0.369297 -98058.7 22.9674 
7270 0.99742 -0.907757 -98057.8 22.9993 
7280 0.997432 0.35463 -98059.4 23.0317 
7290 0.997428 -0.994275 -98061.2 23.0642 
7300 0.997528 0.697599 -98062.1 23.0945 
7310 0.997558 0.18485 -98058.2 23.1226 
7320 0.997537 -0.229779 -98057.2 23.1567 
7330 0.997566 0.457096 -98058.7 23.1899 
7340 0.997633 -0.187567 -98063.2 23.222 
7350 0.997636 -0.934841 -98063.1 23.2537 
7360 0.997639 -0.218246 -98063.1 23.2861 
7370 0.997503 0.473377 -98064.7 23.3208 
7380 0.997496 0.795828 -98064.1 23.3525 
7390 0.997533 -0.973798 -98065.2 23.3842 
7400 0.997536 -0.68867 -98065.4 23.4135 
7410 0.99752 0.490779 -98066.6 23.4471 
7420 0.99752 0.897864 -98066.6 23.4788 
7430 0.997463 0.259582 -98058.2 23.5126 
7440 0.997629 -0.666168 -98066.5 23.5451 
7450 0.997576 -0.742891 -98061.3 23.578 
7460 0.997576 0.234104 -98057.8 23.6137 
7470 0.997609 -0.740283 -98066.2 23.6502 
7480 0.997632 0.152504 -98069 23.6802 
7490 0.997632 0.625505 -98069 23.7123 
7500 0.997619 0.640014 -98067.5 23.7405 
7510 0.997647 0.932666 -98070.6 23.773 
7520 0.997647 -0.851728 -98070.6 23.8056 
7530 0.997647 -0.497544 -98070.6 23.8348 
7540 0.997648 0.979983 -98069.2 23.869 
7550 0.997651 0.976782 -98069.7 23.8991 
7560 0.997651 0.539337 -98069.7 23.9323 
7570 0.997652 0.548495 -98069.7 23.9652 
7580 0.997621 -0.510485 -98065.8 24.0009 
7590 0.997621 0.912708 -98065.8 24.0276 
7600 0.997621 -0.253064 -98065.8 24.0605 
7610 0.997685 0.516562 -98071.6 24.0959 
7620 0.997661 -0.397416 -98071.3 24.1221 
7630 0.997606 -0.507316 -98061.6 24.1547 
7640 0.997606 0.977363 -98061.6 24.1845 
7650 0.997606 -0.309542 -98061.6 24.2174 
7660 0.997619 -0.855935 -98062.4 24.2524 
7670 0.997644 0.945391 -98065.4 24.288 
7680 0.997575 0.184357 -98063.5 24.323 
7690 0.997554 0.653141 -98060.9 24.3575 
7700 0.997596 0.661474 -98066.5 24.3934 
7710 0.997596 0.610342 -98066.5 24.4264 
7720 0.997596 0.188907 -98066.5 24.4548 
7730 0.997456 -0.534061 -98054.2 24.4855 
7740 0.99751 0.795617 -98060.2 24.518 
7750 0.997509 0.304552 -98060.2 24.5493 
7760 0.997548 0.0452986 -98062.3 24.5827 
7770 0.997647 -0.56932 -98066.3 24.6136 
7780 0.997652 0.338149 -98066.8 24.6424 
7790 0.997655 0.17564 -98067 24.6732 
7800 0.997655 -0.54081 -98067 24.7047 
7810 0.997559 0.521991 -98062.8 24.7406 
7820 0.997523 -0.962324 -98063.2 24.7765 
7830 0.997537 0.0413198 -98064.6 24.8083 
7840 0.997565 0.692727 -98066.3 24.8408 
7850 0.997604 0.907665 -98069.6 24.8715 
7860 0.997604 -0.0626943 -98069.6 24.9029 
7870 0.997604 0.184351 -98069.6 24.9346 
7880 0.997714 0.359331 -98074.6 24.9703 
7890 0.997714 -0.730473 -98074.6 25.0015 
7900 0.997714 0.386718 -98074.6 25.0328 
7910 0.997671 -0.640287 -98067.4 25.0683 
7920 0.997671 -0.824211 -98067.4 25.0994 
7930 0.997671 -0.821941 -98067.4 25.1278 
7940 0.997633 -0.800963 -98064.2 25.1618 
7950 0.997622 -0.169599 -98058.4 25.1964 
7960 0.997622 0.497416 -98058.4 25.2276 
7970 0.997584 -0.286012 -98056.3 25.2633 
7980 0.997653 0.939422 -98066.4 25.3006 
7990 0.997657 0.562297 -98066.5 25.3291 
8000 0.997657 -0.100054 -98066.5 25.3576 
8010 0.997652 0.0147047 -98065.2 25.3916 
8020 0.997653 -0.203797 -98065.3 25.4198 
8030 0.99767 0.0257064 -98066.1 25.4536 
8040 0.997661 0.737573 -98063.1 25.4896 
8050 0.997653 0.128795 -98060.6 25.5219 
8060 0.997659 -0.0733253 -98061.5 25.5535 
8070 0.997659 -0.110525 -98061.5 25.5845 
8080 0.997592 0.473901 -98056 25.6158 
8090 0.997597 -0.742341 -98056.7 25.6488 
8100 0.997597 0.824454 -98056.7 25.6769 
8110 0.99762 -0.196578 -98059.2 25.7099 
8120 0.997433 -0.100774 -98057.7 25.7414 
8130 0.997392 0.966131 -98055.5 25.7738 
8140 0.997541 -0.138084 -98064 25.805 
8150 0.997541 0.378493 -98064 25.8301 
8160 0.997541 0.0408857 -98064 25.8583 
8170 0.99756 -0.736859 -98065.6 25.8923 
8180 0.997563 0.453496 -98064.5 25.9267 
8190 0.997563 -0.0992232 -98064.6 25.9518 
8200 0.997655 -0.655165 -98075.2 25.984 
8210 0.997704 -0.694161 -98076.4 26.015 
8220 0.997695 -0.541078 -98077.1 26.0467 
8230 0.997679 0.708923 -98070.4 26.0781 
8240 0.997688 0.250807 -98071.1 26.112 
8250 0.997688 -0.249641 -98071.1 26.143 
8260 0.997638 -0.650634 -98066 26.1764 
8270 0.997633 0.884687 -98065.7 26.2078 
8280 0.997655 0.350797 -98074.2 26.2382 
8290 0.997666 0.898761 -98074.1 26.2705 
8300 0.997731 -0.517094 -98082.2 26.304 
8310 0.997731 -0.671155 -98082.2 26.3325 
8320 0.997646 -0.903486 -98077.4 26.3655 
8330 0.997602 0.796628 -98069.9 26.3995 
8340 0.997595 -0.511111 -98069.1 26.4279 
8350 0.997612 0.197098 -98070.5 26.4613 
8360 0.997565 0.623605 -98064.6 26.492 
8370 0.997568 0.951916 -98064.8 26.5238 
8380 0.997503 -0.570555 -98063 26.5584 
8390 0.9975 0.583825 -98062.7 26.5901 
8400 0.9975 -0.667168 -98062.8 26.6215 
8410 0.997511 -0.677087 -98063.1 26.6541 
8420 0.997513 0.200612 -98064.4 26.6844 
8430 0.997531 0.420602 -98064.2 26.7086 
8440 0.997407 0.683695 -98072.8 26.7398 
8450 0.997396 -0.537189 -98071.6 26.769 
8460 0.99736 0.907764 -98068.2 26.7973 
8470 0.99742 -0.756105 -98072.1 26.8284 
8480 0.997477 0.52047 -98072.9 26.8569 
8490 0.997477 0.0422791 -98072.9 26.8888 
8500 0.997502 0.103759 -98074.1 26.9215 
8510 0.997494 -0.358921 -98073.4 26.9501 
8520 0.997577 0.00645568 -98072.8 26.9795 
8530 0.997562 0.0419437 -98071.2 27.0081 
8540 0.997562 -0.164791 -98071.2 27.0335 
8550 0.997563 0.806971 -98071.2 27.0647 
8560 0.997547 0.421787 -98070.5 27.0966 
8570 0.997641 0.157996 -98075.4 27.1272 
8580 0.997661 0.319229 -98076.6 27.1606 
8590 0.997664 -0.91669 -98075.8 27.1931 
8600 0.997664 -0.920467 -98075.9 27.2245 
8610 0.997664 -0.527903 -98075.9 27.2557 
8620 0.997671 0.720075 -98076.3 27.2858 
8630 0.997569 -0.765942 -98070.2 27.32 
8640 0.99755 -0.633451 -98066.3 27.3546 
8650 0.997631 -0.1821 -98073 27.388 
8660 0.99754 0.941448 -98064.3 27.4228 
8670 0.997551 -0.957662 -98064.7 27.455 
8680 0.997542 -0.994855 -98071.4 27.4875 
8690 0.99753 -0.84604 -98070 27.5197 
8700 0.997525 0.59903 -98066.4 27.5516 
8710 0.997551 -0.278853 -98068.3 27.5863 
8720 0.99756 0.70504 -98069.2 27.6177 
8730 0.997475 -0.178111 -98060 27.654 
8740 0.997475 0.220395 -98060.1 27.6828 
8750 0.997481 -0.539843 -98060.1 27.7196 
8760 0.997455 -0.576806 -98058 27.7517 
8770 0.997537 -0.159527 -98065.6 27.7836 
8780 0.997545 0.942722 -98066.5 27.8122 
8790 0.997605 -0.705216 -98074.9 27.8428 
8800 0.997605 0.451348 -98074.9 27.874 
8810 0.997578 0.488312 -98073.1 27.9076 
8820 0.997571 -0.291393 -98071.5 27.9406 
8830 0.997635 -0.929461 -98074.9 27.9753 
8840 0.99763 -0.850931 -98073.9 28.0074 
8850 0.99763 -0.839788 -98074.1 28.0348 
8860 0.997601 0.913625 -98072.3 28.0668 
8870 0.99764 -0.0457165 -98074.9 28.0993 
8880 0.997614 -0.525749 -98073.6 28.129 
8890 0.997637 -0.0643796 -98077.2 28.1592 
8900 0.997593 0.781249 -98075.2 28.1888 
8910 0.99757 0.209447 -98074.4 28.2224 
8920 0.997581 -0.785459 -98075.1 28.2561 
8930 0.997614 -0.603786 -98075.7 28.288 
8940 0.997617 -0.270191 -98075.4 28.3174 
8950 0.997594 -0.958287 -98075.2 28.3501 
8960 0.997594 -0.63996 -98075.2 28.3787 
8970 0.997595 0.7057 -98075.2 28.4049 
8980 0.997609 0.85294 -98076.2 28.4383 
8990 0.997597 0.784952 -98074.6 28.4698 
9000 0.997648 0.880579 -98074.5 28.5048 
9010 0.997586 -0.47692 -98067.8 28.5397 
9020 0.997632 0.45069 -98065.7 28.5691 
9030 0.997634 0.0970993 -98066.6 28.6029 
9040 0.99758 0.594598 -98052.2 28.6339 
9050 0.997553 -0.399997 -98053.5 28.6641 
9060 0.997553 -0.845523 -98053.5 28.6955 
9070 0.997553 0.647846 -98053.4 28.7266 
9080 0.997493 0.853103 -98052.7 28.7575 
9090 0.997495 -0.577034 -98053.1 28.787 
9100 0.997516 0.288071 -98055.9 28.8204 
9110 0.997506 0.137093 -98056.2 28.8564 
9120 0.997546 -0.346339 -98060.8 28.8869 
9130 0.997547 -0.241667 -98061 28.9127 
9140 0.997513 -0.268259 -98060.9 28.9437 
9150 0.997433 -0.623695 -98053.9 28.9765 
9160 0.997433 -0.925525 -98053.9 29.0079 
9170 0.997431 0.7333 -98053.6 29.0401 
9180 0.997431 0.188249 -98053.6 29.0687 
9190 0.997423 -0.630175 -98053.8 29.1006 
9200 0.997462 0.779703 -98054.5 29.1353 
9210 0.997434 -0.0328097 -98052.8 29.1679 
9220 0.997438 0.423433 -98053.3 29.2011 
9230 0.997453 0.986663 -98055.7 29.235 
9240 0.997524 0.725061 -98055.9 29.2726 
9250 0.997535 -0.913316 -98056.2 29.3072 
9260 0.997645 -0.0815861 -98071 29.3418 
9270 0.997645 0.0999444 -98070.9 29.3733 
9280 0.997645 0.945861 -98070.9 29.4064 
9290 0.997668 0.948872 -98074 29.4406 
9300 0.997673 0.543574 -98076 29.4762 
9310 0.997702 -0.837116 -98076 29.5126 
9320 0.997631 0.0780563 -98072 29.5481 
9330 0.997631 -0.0654078 -98072 29.5797 
9340 0.997631 -0.292349 -98072 29.6113 
9350 0.997691 0.234747 -98078.1 29.647 
9360 0.997622 -0.210799 -98075.7 29.6812 
9370 0.997623 -0.200593 -98076.3 29.7118 
9380 0.997596 -0.156253 -98072.8 29.7493 
9390 0.997597 0.73873 -98072.8 29.7808 
9400 0.997518 0.758513 -98063.8 29.8093 
9410 0.99746 -0.383197 -98060.5 29.8398 
9420 0.997462 -0.198544 -98060.7 29.8717 
9430 0.997479 -0.240538 -98062.5 29.9052 
9440 0.997424 0.536101 -98057.5 29.9389 
9450 0.997424 -0.600848 -98057.5 29.9703 
9460 0.997454 0.861831 -98056.5 30.0055 
9470 0.997419 0.698064 -98053.7 30.0384 
9480 0.997423 0.273276 -98054.8 30.0709 
9490 0.997423 -0.00565031 -98054.8 30.1018 
9500 0.997423 -0.717283 -98054.8 30.133 
9510 0.997514 -0.17286 -98061 30.1675 
9520 0.997494 -0.511299 -98060.2 30.197 
9530 0.997494 -0.718268 -98061.9 30.2273 
9540 0.997494 -0.409478 -98061.9 30.2582 
9550 0.997482 -0.271295 -98061.1 30.2897 
9560 0.997494 -0.0834993 -98065.6 30.3234 
9570 0.997558 -0.312657 -98074.2 30.3556 
9580 0.997569 -0.174269 -98073.8 30.3838 
9590 0.997516 0.741692 -98068.3 30.4151 
9600 0.997496 0.952427 -98066.7 30.4471 
9610 0.997545 -0.851679 -98071 30.4765 
9620 0.997542 0.912002 -98073.1 30.5096 
9630 0.997533 0.726526 -98072.4 30.5431 
9640 0.997535 0.348722 -98072.6 30.5717 
9650 0.997428 0.784952 -98066.4 30.6045 
9660 0.997428 0.839023 -98066.4 30.6355 
9670 0.997442 0.467421 -98067.2 30.6683 
9680 0.997442 0.840639 -98067.2 30.6994 
9690 0.997386 -0.00533564 -98060.5 30.7326 
9700 0.997439 -0.87687 -98063.8 30.7634 
9710 0.997479 0.142774 -98067.2 30.7954 
9720 0.997396 -0.499496 -98061.3 30.8253 
9730 0.997402 -0.342618 -98060.9 30.8609 
9740 0.997402 -0.0243295 -98060.8 30.8889 
9750 0.997424 0.804898 -98060.1 30.9216 
9760 0.997441 -0.863955 -98061.4 30.9501 
9770 0.997444 -0.297808 -98059.8 30.9849 
9780 0.997386 -0.766883 -98057.6 31.0162 
9790 0.997366 0.977077 -98055.4 31.0483 
9800 0.997429 0.0189841 -98063.4 31.0797 
9810 0.99748 0.400976 -98069.9 31.1107 
9820 0.997438 -0.315643 -98067.4 31.1418 
9830 0.997438 -0.75886 -98067.4 31.1737 
9840 0.997432 -0.969818 -98066.9 31.2059 
9850 0.997418 -0.940878 -98063.7 31.239 
9860 0.997416 -0.533075 -98063.4 31.2719 
9870 0.997416 -0.577777 -98063.4 31.3008 
9880 0.997474 -0.00188342 -98066.1 31.3331 
9890 0.997474 0.949977 -98066.1 31.3649 
9900 0.997484 0.996834 -98068.2 31.3985 
9910 0.997484 -0.885624 -98068.2 31.4295 
9920 0.997501 0.0565423 -98068.9 31.4624 
9930 0.9975 0.355105 -98068.9 31.4935 
9940 0.997478 0.225471 -98069.8 31.5286 
9950 0.997477 -0.425715 -98071.6 31.5621 
9960 0.997477 0.563896 -98071.7 31.5932 
9970 0.99748 0.751867 -98072 31.6244 
9980 0.99748 -0.00248668 -98072 31.6555 
9990 0.997445 -0.693335 -98069.9 31.6884 
10000 0.997445 -0.0304418 -98069.8 31.7166 
