0 1 1 -98304 0 
10 1 0.71371 -98304 0.0305635 
20 0.998885 0.72892 -98211.4 0.0630228 
30 0.998885 -0.664231 -98211.4 0.0904103 
40 0.998885 0.697275 -98211.4 0.117826 
50 0.998438 0.448754 -98181.9 0.150528 
60 0.999182 0.0910078 -98225.2 0.182462 
70 0.999182 -0.936733 -98225.2 0.213041 
80 0.999163 -0.0276105 -98223.4 0.244797 
90 0.999163 -0.412521 -98223.4 0.275088 
100 0.99914 -0.182559 -98220.7 0.307922 
110 0.99914 -0.350752 -98220.7 0.338198 
120 0.999103 -0.706149 -98216.2 0.36667 
130 0.999103 0.373887 -98216.1 0.396965 
140 0.999103 0.0461784 -98216.1 0.421694 
150 0.998527 0.235679 -98161.5 0.451844 
160 0.998527 -0.575577 -98161.5 0.4827 
170 0.998525 0.773213 -98159.5 0.51199 
180 0.998268 -0.677587 -98140.6 0.547576 
190 0.998341 0.636529 -98146.5 0.576123 
200 0.998303 0.566713 -98144.4 0.608159 
210 0.998305 0.660122 -98144.6 0.639488 
220 0.998317 0.452365 -98139 0.672046 
230 0.997622 0.84695 -98095.4 0.7046 
240 0.997581 -0.849887 -98093 0.73671 
250 0.997581 0.334844 -98093 0.761476 
260 0.997581 0.775595 -98093 0.79202 
270 0.997542 -0.776623 -98087.7 0.824964 
280 0.997542 0.795434 -98087.8 0.855581 
290 0.997542 -0.305542 -98087.8 0.883258 
300 0.997414 -0.649803 -98077.1 0.912972 
310 0.997448 0.456649 -98080.2 0.944043 
320 0.997453 -0.417378 -98080.1 0.972883 
330 0.9975 -0.926072 -98083.2 1.0044 
340 0.997528 0.706701 -98086.9 1.03425 
350 0.997471 0.0640201 -98081.5 1.06808 
360 0.997467 0.370842 -98081.1 1.09944 
370 0.997396 -0.146988 -98077.2 1.12935 
380 0.997396 0.390855 -98077.2 1.15998 
390 0.997387 -0.343013 -98076.6 1.19214 
400 0.997461 -0.160548 -98080.2 1.2279 
410 0.997461 -0.647199 -98080.2 1.25555 
420 0.997461 -0.408054 -98080.1 1.28634 
430 0.997581 0.572718 -98076.2 1.31789 
440 0.997625 0.786486 -98080.3 1.34995 
450 0.997645 0.535348 -98082 1.38121 
460 0.997538 -0.13405 -98065.4 1.41276 
470 0.997493 0.267829 -98061.7 1.44593 
480 0.997507 -0.968164 -98064.6 1.47783 
490 0.997503 0.524854 -98064.3 1.50574 
500 0.997505 0.0376139 -98064.5 1.53387 
510 0.997556 0.695137 -98068.8 1.56451 
520 0.997525 0.298024 -98067.1 1.59561 
530 0.997592 -0.75632 -98073 1.62824 
540 0.997675 0.809346 -98084 1.66555 
550 0.997675 0.724237 -98084 1.69616 
560 0.997675 -0.563355 -98084 1.72385 
570 0.997675 -0.690132 -98084 1.75154 
580 0.997682 -0.361964 -98084.7 1.78246 
590 0.997666 0.028265 -98083.6 1.81456 
600 0.997662 -0.760362 -98083.2 1.84282 
610 0.997662 0.0873368 -98083.2 1.87364 
620 0.997693 0.356085 -98086.4 1.90279 
630 0.997732 -0.794499 -98091.3 1.93464 
640 0.997586 0.541072 -98074.9 1.96961 
650 0.997552 -0.71655 -98072.3 2.00147 
660 0.997666 0.970764 -98065.8 2.03288 
670 0.997693 -0.461118 -98069.6 2.06531 
680 0.997692 0.301776 -98069.1 2.09642 
690 0.997692 -0.909155 -98069.1 2.12715 
700 0.997633 0.427012 -98069.4 2.15829 
710 0.997558 -0.0178055 -98056.9 2.18795 
720 0.997558 0.724868 -98056.9 2.21884 
730 0.997558 0.544359 -98056.9 2.24943 
740 0.997494 -0.25093 -98051.1 2.27934 
750 0.997495 -0.558337 -98051.1 2.31043 
760 0.997633 -0.468847 -98064.9 2.34338 
770 0.997683 0.659748 -98071.4 2.37577 
780 0.997665 0.862435 -98068.5 2.40771 
790 0.99768 0.86101 -98069.8 2.43905 
800 0.997712 0.146729 -98075.4 2.46668 
810 0.997532 -0.962101 -98068.1 2.49908 
820 0.997507 0.6943 -98063.7 2.5327 
830 0.997573 -0.0135555 -98056.8 2.56596 
840 0.997579 0.511864 -98056.7 2.5947 
850 0.997702 0.219211 -98069.9 2.62921 
860 0.997614 0.898873 -98066.5 2.65838 
870 0.997583 0.332864 -98065 2.69095 
880 0.997577 -0.0316374 -98064.8 2.722 
890 0.997577 -0.44581 -98064.8 2.74979 
900 0.997637 -0.66647 -98066.8 2.78461 
910 0.997636 0.0056107 -98067 2.81197 
920 0.997507 -0.204821 -98059.4 2.84626 
930 0.997507 -0.756754 -98059.4 2.87693 
940 0.997482 0.199168 -98056.2 2.91077 
950 0.997482 0.744283 -98056.2 2.93848 
960 0.997482 -0.158155 -98056.2 2.96913 
970 0.997502 0.368298 -98058.6 3.00112 
980 0.997502 -0.580166 -98058.6 3.03179 
990 0.997544 0.416752 -98064.7 3.06291 
1000 0.997548 0.0809359 -98064.8 3.08948 
1010 0.997533 -0.67391 -98063 3.12018 
1020 0.997546 0.548708 -98065.7 3.14998 
1030 0.997494 0.827808 -98062 3.18573 
1040 0.997494 -0.463926 -98061.9 3.2164 
1050 0.997494 -0.0600045 -98061.9 3.24703 
1060 0.997524 -0.804167 -98067.1 3.28004 
1070 0.997517 -0.85387 -98068 3.30923 
1080 0.997458 0.541871 -98066.1 3.34546 
1090 0.997438 -0.149024 -98061.3 3.37949 
1100 0.997575 0.740821 -98062.5 3.41 
1110 0.997583 -0.619128 -98063.7 3.44106 
1120 0.99768 0.343218 -98062.1 3.47619 
1130 0.997684 -0.803724 -98062.4 3.50727 
1140 0.997684 0.807303 -98062.4 3.53496 
1150 0.997641 0.317147 -98059 3.56791 
1160 0.997641 -0.922512 -98059 3.59567 
1170 0.997653 0.149186 -98059.2 3.62431 
1180 0.997643 -0.2103 -98058.1 3.65318 
1190 0.997665 -0.243106 -98060 3.68445 
1200 0.997631 0.675188 -98056.4 3.71627 
1210 0.997611 -0.721429 -98055.8 3.74838 
1220 0.997558 -0.942571 -98050.1 3.78068 
1230 0.997558 -0.15857 -98050.1 3.81124 
1240 0.997601 -0.164933 -98053.6 3.843 
1250 0.997594 0.730075 -98052.7 3.87096 
1260 0.997496 -0.878768 -98053.5 3.89997 
1270 0.997496 -0.423568 -98053.5 3.93056 
1280 0.997496 0.626727 -98053.5 3.96125 
1290 0.997498 0.0285096 -98053.7 3.98903 
1300 0.997502 0.75298 -98053.8 4.01994 
1310 0.997512 -0.379307 -98054.5 4.05097 
1320 0.997517 -0.549005 -98055 4.08188 
1330 0.997514 0.961761 -98055.1 4.11362 
1340 0.997524 0.980514 -98055.6 4.14303 
1350 0.997551 0.271996 -98058.1 4.17396 
1360 0.997551 -0.440105 -98058.1 4.20175 
1370 0.997592 0.637117 -98060.7 4.23709 
1380 0.997592 0.0618233 -98060.7 4.26466 
1390 0.997592 0.479801 -98060.7 4.29236 
1400 0.997592 0.162722 -98060.7 4.32303 
1410 0.997592 0.879487 -98060.7 4.3507 
1420 0.997615 -0.246287 -98064.8 4.38433 
1430 0.997582 -0.357068 -98058.7 4.41832 
1440 0.997596 -0.914655 -98059 4.43842 
1450 0.997565 0.743134 -98052.6 4.47174 
1460 0.997565 -0.211785 -98052.6 4.50231 
1470 0.997612 -0.94567 -98055.4 4.53475 
1480 0.997563 -0.204962 -98054.1 4.56742 
1490 0.997562 0.829713 -98054.1 4.59804 
1500 0.997577 -0.55507 -98056.4 4.6292 
1510 0.997569 0.759318 -98056.6 4.65851 
1520 0.997555 0.165087 -98053.6 4.69133 
1530 0.997567 0.368232 -98058.7 4.7222 
1540 0.997567 0.488179 -98058.7 4.74998 
1550 0.997567 -0.557549 -98058.7 4.77767 
1560 0.997633 0.613792 -98064.1 4.81003 
1570 0.997625 0.302101 -98064 4.84166 
1580 0.997619 0.518767 -98063.6 4.86935 
1590 0.997629 -0.2977 -98063.9 4.90156 
1600 0.997623 0.364334 -98061.2 4.9369 
1610 0.997635 0.995833 -98061.6 4.96913 
1620 0.997604 0.00562695 -98064.9 4.99611 
1630 0.997623 0.0210841 -98068.2 5.02589 
1640 0.997623 -0.54035 -98068.6 5.0522 
1650 0.997598 -0.628964 -98069.7 5.08444 
1660 0.997598 0.844223 -98069.7 5.11503 
1670 0.997598 -0.21089 -98069.7 5.14273 
1680 0.997582 0.692888 -98063.7 5.16994 
1690 0.997527 0.0953608 -98060 5.20436 
1700 0.997543 0.0256193 -98061.1 5.2363 
1710 0.997542 -0.256464 -98061.1 5.26405 
1720 0.997527 0.229732 -98059.9 5.29844 
1730 0.997527 0.40943 -98059.9 5.32916 
1740 0.997552 -0.427965 -98062.2 5.36029 
1750 0.997642 -0.0948812 -98067 5.39385 
1760 0.997667 0.481675 -98073 5.42143 
1770 0.997667 -0.39672 -98073 5.44913 
1780 0.997667 0.317879 -98073.1 5.47995 
1790 0.997637 0.454213 -98068.8 5.51295 
1800 0.997676 -0.630526 -98073.9 5.54857 
1810 0.997676 -0.497732 -98073.8 5.57951 
1820 0.99767 -0.0426236 -98073.2 5.61048 
1830 0.997649 0.814476 -98070.9 5.64188 
1840 0.997649 0.582804 -98070.9 5.67253 
1850 0.997644 -0.803742 -98070.8 5.70023 
1860 0.997596 -0.505934 -98069.5 5.73236 
1870 0.997647 0.575756 -98072.3 5.76515 
1880 0.997621 0.034125 -98071.9 5.80261 
1890 0.997621 0.83099 -98071.9 5.83321 
1900 0.997621 -0.502986 -98072 5.86378 
1910 0.997597 -0.629026 -98071.2 5.89593 
1920 0.997617 -0.0889789 -98073.7 5.9283 
1930 0.997677 0.911584 -98077.7 5.95825 
1940 0.997628 -0.761869 -98073.6 5.98932 
1950 0.997523 0.839199 -98064.6 6.02234 
1960 0.997511 0.413343 -98063.4 6.05333 
1970 0.997511 0.266248 -98063.4 6.08399 
1980 0.997511 0.599186 -98063.4 6.11182 
1990 0.997476 0.700852 -98061.8 6.14503 
2000 0.99746 -0.0335895 -98060.3 6.17381 
2010 0.997508 -0.244119 -98064.1 6.20494 
2020 0.99758 -0.204234 -98069.6 6.23784 
2030 0.997576 -0.34179 -98068.5 6.27002 
2040 0.997561 0.143117 -98067.4 6.3013 
2050 0.997548 0.686946 -98066.5 6.33243 
2060 0.99753 -0.804053 -98067.8 6.36257 
2070 0.99753 -0.545503 -98067.8 6.39047 
2080 0.997637 0.941729 -98075.1 6.42091 
2090 0.997655 -0.362722 -98076.4 6.44973 
2100 0.997691 0.536373 -98080.1 6.48273 
2110 0.997667 -0.494613 -98084.4 6.51774 
2120 0.997658 0.588655 -98082.9 6.54717 
2130 0.99759 -0.193883 -98076.1 6.57702 
2140 0.997649 0.204523 -98077.6 6.60635 
2150 0.99764 -0.837354 -98077.3 6.6385 
2160 0.997627 0.337581 -98073.1 6.67185 
2170 0.997614 -0.264998 -98071 6.70346 
2180 0.997614 -0.226846 -98071 6.73113 
2190 0.997614 0.576165 -98071 6.75893 
2200 0.997592 0.66651 -98068.9 6.79218 
2210 0.997469 0.218038 -98065 6.822 
2220 0.997464 -0.109451 -98064.4 6.85386 
2230 0.997461 -0.408539 -98066.6 6.8801 
2240 0.997582 -0.0588181 -98068.1 6.90823 
2250 0.997517 -0.317641 -98061.1 6.94269 
2260 0.997522 -0.653336 -98060.7 6.97274 
2270 0.997522 0.0438476 -98060.7 7.00336 
2280 0.997522 0.309127 -98060.7 7.03406 
2290 0.997625 -0.669407 -98065.9 7.06414 
2300 0.997625 0.270398 -98065.9 7.09479 
2310 0.997631 0.461962 -98071.1 7.1277 
2320 0.997623 0.262226 -98068.7 7.15997 
2330 0.997638 0.493356 -98069.8 7.19155 
2340 0.99761 -0.689811 -98067 7.22316 
2350 0.997627 0.358004 -98070.2 7.25558 
2360 0.997624 0.649994 -98069.8 7.28666 
2370 0.997543 0.990954 -98060 7.31886 
2380 0.997397 0.995887 -98049.1 7.35195 
2390 0.997392 0.852091 -98048.4 7.38409 
2400 0.997391 0.873446 -98048.4 7.4119 
2410 0.997346 -0.383696 -98043.6 7.4447 
2420 0.997365 -0.394704 -98044.7 7.47626 
2430 0.997365 -0.50606 -98044.7 7.49818 
2440 0.997381 -0.697125 -98048.7 7.52831 
2450 0.997407 0.147428 -98057.6 7.55942 
2460 0.997401 0.107989 -98056 7.59093 
2470 0.997401 0.0305912 -98056 7.62171 
2480 0.997402 -0.22433 -98058.4 7.65532 
2490 0.997402 0.95484 -98058.4 7.68588 
2500 0.997376 0.0751237 -98054.7 7.71568 
2510 0.997376 -0.0213401 -98054.7 7.74339 
2520 0.997385 -0.3905 -98055.4 7.77506 
2530 0.997342 0.715985 -98050.7 7.80411 
2540 0.997334 0.567928 -98050.2 7.83612 
2550 0.99734 -0.164145 -98050.6 7.86701 
2560 0.997342 0.291535 -98050.9 7.89787 
2570 0.997386 0.816494 -98055.3 7.93065 
2580 0.997507 -0.149954 -98065.1 7.96403 
2590 0.997772 0.936456 -98080 8.0008 
2600 0.997772 0.818236 -98079.9 8.03147 
2610 0.997772 -0.589368 -98080 8.06236 
2620 0.997731 -0.193749 -98074.4 8.09211 
2630 0.997731 -0.634156 -98074.4 8.12287 
2640 0.997781 0.932909 -98077.9 8.15316 
2650 0.997896 0.932201 -98088 8.1901 
2660 0.997889 -0.935416 -98087.2 8.21835 
2670 0.997889 0.554413 -98087.2 8.24917 
2680 0.997765 -0.853048 -98079.3 8.27927 
2690 0.997599 0.261647 -98071.2 8.30913 
2700 0.997669 -0.0593792 -98076.8 8.34216 
2710 0.997673 0.853876 -98076.9 8.37272 
2720 0.997673 0.283672 -98077 8.40039 
2730 0.997685 -0.501123 -98078 8.42685 
2740 0.997643 -0.874103 -98072.7 8.45799 
2750 0.997597 0.136259 -98070.1 8.49077 
2760 0.99759 0.527887 -98069.7 8.51644 
2770 0.9976 -0.336214 -98070.7 8.54453 
2780 0.997609 0.111403 -98071.7 8.57587 
2790 0.997601 0.0505103 -98068.1 8.60866 
2800 0.997725 0.79403 -98075.8 8.64584 
2810 0.997595 0.661398 -98066.8 8.67578 
2820 0.997594 0.308429 -98066.8 8.70354 
2830 0.997579 -0.619117 -98065.1 8.73226 
2840 0.997611 0.704423 -98064.4 8.75711 
2850 0.997611 0.820665 -98064.5 8.78766 
2860 0.997611 -0.332679 -98064.4 8.81877 
2870 0.997607 -0.674275 -98064.1 8.84372 
2880 0.997607 0.75631 -98064.1 8.87431 
2890 0.997609 -0.0862853 -98064.2 8.90219 
2900 0.997613 0.641075 -98064.4 8.92563 
2910 0.997608 0.030128 -98064.6 8.95567 
2920 0.997594 0.299793 -98063.9 8.98726 
2930 0.997594 0.401965 -98063.9 9.01497 
2940 0.997581 0.101889 -98060.7 9.0449 
2950 0.997431 0.354367 -98054.1 9.07647 
2960 0.997431 0.153291 -98054.1 9.10703 
2970 0.997417 -0.592584 -98052.8 9.13834 
2980 0.997417 0.232829 -98052.8 9.16603 
2990 0.99742 -0.428858 -98053.2 9.19388 
3000 0.997374 0.624136 -98046 9.22387 
3010 0.997427 0.228578 -98049.3 9.25614 
3020 0.997427 0.780497 -98049.3 9.2867 
3030 0.997475 0.607058 -98053.5 9.31955 
3040 0.997429 0.11719 -98050.3 9.35168 
3050 0.997429 -0.579711 -98050.3 9.37649 
3060 0.997477 0.592045 -98053.5 9.40931 
3070 0.997486 -0.310784 -98056.2 9.43933 
3080 0.997487 0.368267 -98056.2 9.467 
3090 0.997486 -0.703936 -98056.1 9.49477 
3100 0.997486 0.0776068 -98056.1 9.52279 
3110 0.997479 0.556388 -98054.5 9.55457 
3120 0.997504 0.239488 -98055.1 9.58665 
3130 0.997505 0.123358 -98055 9.6178 
3140 0.997571 -0.0992615 -98064.2 9.64961 
3150 0.997565 -0.932897 -98066.3 9.68182 
3160 0.997562 0.467951 -98066.6 9.71359 
3170 0.997414 0.885538 -98053.6 9.74855 
3180 0.997445 -0.93353 -98050.5 9.785 
3190 0.997445 -0.430687 -98050.5 9.80976 
3200 0.997489 -0.418664 -98050.3 9.84177 
3210 0.997427 0.119479 -98044.5 9.87074 
3220 0.997427 -0.80248 -98044.5 9.9013 
3230 0.997413 -0.9045 -98039.4 9.93402 
3240 0.997423 -0.508911 -98042 9.96675 
3250 0.997422 -0.0836943 -98042 9.99733 
3260 0.99742 0.332016 -98041.3 10.0288 
3270 0.997416 -0.688576 -98040.8 10.0566 
3280 0.997416 -0.274988 -98040.8 10.0844 
3290 0.997517 -0.143356 -98054.3 10.1177 
3300 0.997686 0.356544 -98066.4 10.1517 
3310 0.99765 0.470692 -98064.5 10.1882 
3320 0.997666 0.116765 -98064.8 10.2174 
3330 0.997606 -0.739188 -98070.4 10.2512 
3340 0.997583 -0.299502 -98071 10.2813 
3350 0.997586 0.020904 -98071.6 10.313 
3360 0.99772 0.524024 -98080.7 10.3423 
3370 0.99769 0.019533 -98077.7 10.3767 
3380 0.99769 0.568364 -98077.7 10.4045 
3390 0.997711 -0.566498 -98079.3 10.4329 
3400 0.99767 0.815601 -98075.9 10.4627 
3410 0.997539 0.64392 -98062.2 10.4971 
3420 0.997539 0.563757 -98062.2 10.5277 
3430 0.997539 -0.323188 -98062.2 10.5583 
3440 0.997539 -0.841491 -98062.2 10.5893 
3450 0.997536 -0.8505 -98061.8 10.6175 
3460 0.997518 0.0154732 -98060.3 10.6462 
3470 0.997626 -0.305467 -98068.4 10.6779 
3480 0.997626 0.177064 -98068.3 10.7086 
3490 0.997584 -0.59723 -98067.3 10.7405 
3500 0.997573 0.0696546 -98066.2 10.773 
3510 0.997611 -0.61196 -98067.8 10.8024 
3520 0.997583 0.526726 -98057.4 10.8323 
3530 0.997586 0.936283 -98057.5 10.8639 
3540 0.997549 -0.081901 -98061.3 10.8962 
3550 0.997581 -0.258173 -98065.2 10.9282 
3560 0.997562 -0.704604 -98064.8 10.9585 
3570 0.99763 -0.549825 -98068.9 10.9842 
3580 0.997662 0.402205 -98070.8 11.021 
3590 0.997671 -0.439926 -98071.8 11.049 
3600 0.997671 0.925069 -98071.7 11.08 
3610 0.99767 0.619126 -98071.6 11.1111 
3620 0.99767 0.525269 -98071.6 11.1417 
3630 0.99767 0.265904 -98071.6 11.1693 
3640 0.997603 -0.304616 -98066.9 11.2009 
3650 0.997658 -0.00281621 -98073 11.2294 
3660 0.997625 -0.139023 -98076.2 11.2645 
3670 0.997625 0.98179 -98076.2 11.295 
3680 0.997576 -0.626748 -98067.7 11.3245 
3690 0.997576 0.183431 -98067.6 11.3551 
3700 0.997633 -0.714415 -98072.1 11.3859 
3710 0.997617 -0.860009 -98075.1 11.4189 
3720 0.997617 -0.573842 -98075.2 11.4494 
3730 0.997594 0.337542 -98073.4 11.4823 
3740 0.997594 0.941189 -98073.4 11.5101 
3750 0.997594 0.049794 -98073.4 11.5379 
3760 0.997601 -0.285509 -98073 11.5735 
3770 0.99758 -0.79645 -98068 11.6089 
3780 0.997557 0.830495 -98065.1 11.6407 
3790 0.997557 -0.08094 -98065.1 11.6713 
3800 0.997538 -0.390851 -98063.5 11.7041 
3810 0.997539 0.154014 -98063.5 11.7348 
3820 0.997567 -0.566133 -98072 11.7664 
3830 0.997577 -0.189346 -98073 11.7963 
3840 0.997707 0.333691 -98075.3 11.8263 
3850 0.997707 0.939128 -98075.3 11.8568 
3860 0.997681 0.927524 -98072.8 11.8882 
3870 0.997681 -0.0740613 -98072.9 11.9188 
3880 0.997681 0.509446 -98072.9 11.9465 
3890 0.997681 -0.232858 -98072.8 11.9773 
3900 0.997625 -0.144661 -98067.9 12.0065 
3910 0.997617 0.853089 -98067.8 12.038 
3920 0.997581 0.164895 -98065.1 12.0677 
3930 0.997581 -0.938209 -98065 12.0958 
3940 0.997562 0.356354 -98066.4 12.1294 
3950 0.99754 -0.268315 -98062.2 12.1642 
3960 0.997569 0.381424 -98065.2 12.1961 
3970 0.997569 -0.911061 -98065.1 12.2269 
3980 0.997569 -0.1054 -98065.2 12.2576 
3990 0.997569 -0.684223 -98065.2 12.2853 
4000 0.997569 -0.520737 -98065.1 12.316 
4010 0.997454 0.305391 -98054.2 12.35 
4020 0.997467 -0.0576797 -98056.7 12.3816 
4030 0.997503 -0.71617 -98058.9 12.4146 
4040 0.997503 -0.728572 -98058.9 12.4452 
4050 0.997517 0.311966 -98059.1 12.4738 
4060 0.99753 -0.150764 -98061 12.502 
4070 0.997531 0.557749 -98061 12.5327 
4080 0.997555 -0.687012 -98060.4 12.5584 
4090 0.997511 0.963165 -98055.7 12.5906 
4100 0.99751 -0.00278866 -98055.5 12.6216 
4110 0.997501 -0.3116 -98056.4 12.6531 
4120 0.997631 0.881845 -98066.2 12.6858 
4130 0.997627 0.242287 -98064.7 12.7187 
4140 0.997627 -0.959294 -98064.7 12.7493 
4150 0.997623 0.0245886 -98064.3 12.7802 
4160 0.99765 0.259835 -98066.8 12.8127 
4170 0.997591 0.257604 -98061.6 12.8477 
4180 0.997585 0.408619 -98065.3 12.8807 
4190 0.997585 0.551596 -98065.3 12.9114 
4200 0.997582 -0.873897 -98064.8 12.9423 
4210 0.997582 0.888896 -98064.8 12.973 
4220 0.997579 0.700108 -98064.6 13.0046 
4230 0.99754 0.815722 -98061 13.0363 
4240 0.99755 0.237842 -98061.7 13.0677 
4250 0.997588 -0.155978 -98064.5 13.0996 
4260 0.997626 0.011084 -98067.5 13.1317 
4270 0.997626 0.292979 -98067.6 13.1623 
4280 0.997626 -0.672238 -98067.6 13.193 
4290 0.997574 0.158496 -98063.9 13.2256 
4300 0.997633 0.98031 -98059.1 13.2573 
4310 0.997623 -0.0240393 -98059.5 13.2899 
4320 0.997623 0.23416 -98059.5 13.3207 
4330 0.997591 -0.248496 -98056.9 13.3528 
4340 0.997597 0.49666 -98057.6 13.3868 
4350 0.997481 -0.734017 -98048.2 13.4194 
4360 0.997576 -0.0420697 -98056.3 13.4542 
4370 0.997557 -0.696582 -98054.8 13.4779 
4380 0.997545 0.116059 -98055.1 13.5136 
4390 0.997545 -0.95751 -98055.1 13.5441 
4400 0.997543 -0.0149601 -98054.7 13.5721 
4410 0.997515 0.858431 -98051.4 13.6042 
4420 0.997515 -0.855052 -98051.3 13.6322 
4430 0.997515 -0.117457 -98051.3 13.6599 
4440 0.997479 0.495562 -98047.8 13.6931 
4450 0.997506 0.295049 -98050.4 13.7245 
4460 0.997538 -0.511142 -98057.4 13.7582 
4470 0.997564 0.493879 -98054.6 13.788 
4480 0.99741 0.490032 -98047.3 13.8247 
4490 0.99741 -0.367492 -98047.3 13.8553 
4500 0.997489 -0.724297 -98055.1 13.8888 
4510 0.99749 0.245383 -98055.2 13.9194 
4520 0.997511 0.0354502 -98056.7 13.9484 
4530 0.997571 -0.355615 -98062.4 13.9811 
4540 0.997455 0.991295 -98051.7 14.0111 
4550 0.99749 0.332923 -98057 14.0437 
4560 0.997609 -0.692448 -98064.7 14.0813 
4570 0.997489 -0.0435325 -98057 14.1144 
4580 0.997478 0.049386 -98058.1 14.1475 
4590 0.997478 0.584669 -98058.1 14.1753 
4600 0.997461 -0.729033 -98055 14.2042 
4610 0.997536 -0.584421 -98063 14.2374 
4620 0.997691 0.024905 -98077 14.2706 
4630 0.997691 0.69789 -98073.1 14.3022 
4640 0.997685 0.443041 -98072.6 14.3343 
4650 0.997564 -0.214262 -98063.3 14.3633 
4660 0.997621 -0.431975 -98061.9 14.3984 
4670 0.997681 -0.149489 -98066.9 14.431 
4680 0.99768 -0.514141 -98066.4 14.4631 
4690 0.997705 0.123654 -98076.5 14.4887 
4700 0.997618 -0.935171 -98072.2 14.5262 
4710 0.997619 -0.0457117 -98073.4 14.562 
4720 0.997471 0.460089 -98052.1 14.5982 
4730 0.997497 0.712751 -98054.3 14.6317 
4740 0.997497 -0.144877 -98054.3 14.6623 
4750 0.997591 -0.943791 -98060.8 14.6952 
4760 0.997574 0.909052 -98059.1 14.7257 
4770 0.997532 -0.53729 -98054.5 14.7574 
4780 0.997548 0.0357044 -98056.2 14.7886 
4790 0.997547 0.872886 -98058.5 14.822 
4800 0.997593 -0.852006 -98062.3 14.8552 
4810 0.997602 -0.102697 -98063.2 14.8836 
4820 0.997576 0.299396 -98059.7 14.9165 
4830 0.997575 -0.848886 -98059.7 14.9471 
4840 0.997575 0.0121474 -98059.7 14.9777 
4850 0.99757 -0.614969 -98058.7 15.01 
4860 0.997569 0.438635 -98058.7 15.0351 
4870 0.99757 -0.749736 -98058.7 15.0628 
4880 0.997555 -0.624056 -98056.4 15.0991 
4890 0.997555 -0.195536 -98056.4 15.1299 
4900 0.997555 -0.973369 -98056.4 15.1576 
4910 0.997685 0.966518 -98065.4 15.1908 
4920 0.997679 0.494533 -98065.1 15.2232 
4930 0.99771 -0.226789 -98070 15.2566 
4940 0.997682 0.689563 -98067.9 15.2896 
4950 0.99768 0.352728 -98067.7 15.3214 
4960 0.997704 0.153196 -98070.1 15.3531 
4970 0.997647 -0.215729 -98065.9 15.3848 
4980 0.997573 -0.433111 -98059 15.4121 
4990 0.997632 0.248331 -98062 15.4444 
5000 0.997619 0.571253 -98061.9 15.4775 
5010 0.997619 0.562466 -98061.9 15.5083 
5020 0.997656 -0.782256 -98064.7 15.5406 
5030 0.99763 0.482376 -98059.7 15.573 
5040 0.997566 -0.788548 -98059.6 15.6036 
5050 0.997576 -0.762167 -98065.3 15.6313 
5060 0.997563 0.836828 -98064.3 15.6596 
5070 0.997544 -0.657452 -98056.5 15.6927 
5080 0.997544 0.42088 -98056.5 15.7233 
5090 0.997543 -0.0127397 -98056.4 15.7538 
5100 0.997532 0.542936 -98055.7 15.7855 
5110 0.997537 0.50767 -98056.1 15.814 
5120 0.997518 -0.313034 -98052.8 15.8458 
5130 0.997541 0.0575671 -98057.3 15.8748 
5140 0.997673 -0.37792 -98071.1 15.9085 
5150 0.997687 0.2704 -98075.1 15.9394 
5160 0.997596 0.0118389 -98065.6 15.9689 
5170 0.997607 -0.478614 -98066.5 16.0003 
5180 0.997606 0.555376 -98066.4 16.031 
5190 0.997595 -0.303205 -98065.6 16.0623 
5200 0.997579 0.712283 -98062.4 16.0929 
5210 0.997579 0.348227 -98062.4 16.1235 
5220 0.997562 -0.394562 -98060 16.1552 
5230 0.997614 -0.888318 -98065.2 16.1873 
5240 0.997614 -0.190302 -98065.2 16.2121 
5250 0.997614 -0.0928608 -98065.2 16.2427 
5260 0.997591 0.552519 -98063 16.2753 
5270 0.997551 -0.0745637 -98063.9 16.3081 
5280 0.99758 -0.428404 -98066.6 16.3411 
5290 0.997534 0.0186867 -98063.1 16.3726 
5300 0.997734 -0.0538537 -98082.4 16.408 
5310 0.997735 0.759874 -98082.3 16.4329 
5320 0.997719 -0.609354 -98080.1 16.4625 
5330 0.997637 -0.794056 -98073.1 16.4957 
5340 0.997618 -0.541774 -98071.1 16.5273 
5350 0.997618 0.973353 -98071.2 16.5578 
5360 0.997548 0.557409 -98063.2 16.5923 
5370 0.997711 -0.209128 -98072 16.6317 
5380 0.997715 -0.190692 -98072.2 16.6575 
5390 0.997689 -0.303541 -98071.1 16.6938 
5400 0.997684 -0.338056 -98067.1 16.7285 
5410 0.997585 0.650483 -98062.5 16.7574 
5420 0.997531 0.91878 -98057 16.7874 
5430 0.997531 -0.372827 -98057 16.818 
5440 0.997487 0.1286 -98058.5 16.8481 
5450 0.997565 -0.226598 -98065.4 16.8813 
5460 0.997548 -0.175281 -98064.1 16.9096 
5470 0.997567 -0.0640426 -98066.9 16.9426 
5480 0.997599 0.0138382 -98069.9 16.9747 
5490 0.997597 0.713531 -98069.9 17.005 
5500 0.997598 0.616672 -98069.9 17.033 
5510 0.997598 -0.145436 -98070 17.061 
5520 0.997598 -0.710699 -98069.9 17.0887 
5530 0.997598 -0.429869 -98069.9 17.1192 
5540 0.997593 -0.0212462 -98069.2 17.1505 
5550 0.997593 -0.457414 -98069.1 17.1811 
5560 0.997649 -0.294581 -98075.2 17.2064 
5570 0.997661 0.439665 -98075.9 17.2355 
5580 0.99777 0.611311 -98073.8 17.2647 
5590 0.99777 -0.717962 -98073.7 17.2925 
5600 0.997796 0.499505 -98072.9 17.3255 
5610 0.997766 0.731242 -98069.4 17.3566 
5620 0.997766 0.195338 -98069.4 17.3843 
5630 0.997756 0.000483511 -98069.6 17.4169 
5640 0.997856 0.0181769 -98075 17.4494 
5650 0.997856 0.906497 -98075 17.4773 
5660 0.997858 -0.351555 -98075.1 17.5067 
5670 0.997838 0.80898 -98072.8 17.5389 
5680 0.997839 0.377893 -98072.9 17.5699 
5690 0.997823 -0.784003 -98079.6 17.6018 
5700 0.997823 0.119603 -98079.6 17.6294 
5710 0.997751 -0.339078 -98076 17.6595 
5720 0.997749 -0.0236926 -98075.6 17.6911 
5730 0.997749 0.838187 -98075.6 17.7218 
5740 0.997749 0.0522219 -98075.7 17.7523 
5750 0.997725 -0.724281 -98074.3 17.786 
5760 0.997726 0.545981 -98074.3 17.8138 
5770 0.997678 -0.387405 -98067.9 17.8457 
5780 0.997678 -0.546236 -98067.9 17.8763 
5790 0.997689 0.631009 -98068.9 17.9073 
5800 0.997685 0.800491 -98072 17.9441 
5810 0.997699 -0.304028 -98073.2 17.976 
5820 0.997699 -0.499907 -98073.2 18.0066 
5830 0.997687 -0.824652 -98072.3 18.0377 
5840 0.997687 0.691836 -98072.3 18.0659 
5850 0.997687 -0.746056 -98070.9 18.0988 
5860 0.997687 0.17601 -98070.3 18.1311 
5870 0.997672 -0.0773769 -98066.8 18.1631 
5880 0.997573 0.630084 -98067.2 18.1944 
5890 0.997573 0.502626 -98067.2 18.225 
5900 0.997473 -0.319066 -98065.2 18.2558 
5910 0.997523 -0.62528 -98069.2 18.2862 
5920 0.997459 -0.131685 -98062.9 18.3195 
5930 0.997522 0.389333 -98068.6 18.352 
5940 0.997579 -0.94547 -98071.8 18.382 
5950 0.997561 -0.458658 -98069.2 18.4111 
5960 0.997566 -0.365408 -98069.4 18.4448 
5970 0.997566 -0.127399 -98069.4 18.4754 
5980 0.997566 -0.398717 -98069.4 18.503 
5990 0.997579 -0.681132 -98072 18.5347 
6000 0.997545 0.120263 -98069.4 18.5678 
6010 0.997538 0.235874 -98069 18.599 
6020 0.997534 0.251755 -98068.5 18.6301 
6030 0.997603 0.284515 -98065.8 18.6582 
6040 0.997603 -0.416738 -98065.8 18.6894 
6050 0.997514 0.0797714 -98060.6 18.7223 
6060 0.997616 -0.14699 -98063.9 18.7555 
6070 0.997593 -0.66356 -98061.1 18.7883 
6080 0.997591 -0.159569 -98069.9 18.8222 
6090 0.997562 0.867056 -98069.2 18.8565 
6100 0.997562 0.226188 -98069.2 18.887 
6110 0.997562 -0.966762 -98069.3 18.9177 
6120 0.997589 0.525102 -98071 18.95 
6130 0.997577 0.871377 -98069.9 18.9823 
6140 0.997606 0.648564 -98072.7 19.016 
6150 0.997591 -0.177448 -98071.7 19.0501 
6160 0.997548 0.551627 -98067.5 19.0804 
6170 0.997627 0.630636 -98072 19.1144 
6180 0.997597 0.0646299 -98070 19.1452 
6190 0.99758 -0.45123 -98071.4 19.1728 
6200 0.997592 -0.644826 -98072.8 19.2054 
6210 0.997588 0.216446 -98072.3 19.2371 
6220 0.99754 0.0491767 -98069.8 19.2715 
6230 0.997615 0.555979 -98074.8 19.3017 
6240 0.997601 -0.241535 -98072.9 19.3287 
6250 0.997601 0.97924 -98072.9 19.3565 
6260 0.997647 -0.98415 -98077.2 19.3907 
6270 0.997645 -0.984856 -98076.4 19.4223 
6280 0.997646 0.177603 -98076.5 19.4533 
6290 0.997669 0.149868 -98077.8 19.4868 
6300 0.997793 0.604318 -98089.1 19.5193 
6310 0.997763 0.350744 -98085.8 19.5521 
6320 0.997763 -0.753924 -98085.7 19.5834 
6330 0.997764 0.581692 -98085.9 19.6146 
6340 0.997764 0.207912 -98085.9 19.6453 
6350 0.997766 0.703742 -98086 19.6736 
6360 0.997766 0.827158 -98086.1 19.7043 
6370 0.997753 0.259916 -98086.2 19.7365 
6380 0.997809 -0.654008 -98090.8 19.7684 
6390 0.997812 -0.501116 -98091.1 19.7965 
6400 0.997809 -0.25682 -98090.5 19.8288 
6410 0.997809 0.562943 -98090.5 19.8594 
6420 0.997809 0.408331 -98090.6 19.8903 
6430 0.99767 -0.115349 -98075.4 19.9214 
6440 0.997571 -0.635025 -98066 19.9569 
6450 0.997571 -0.71139 -98066 19.985 
6460 0.997571 -0.805445 -98066 20.0156 
6470 0.997544 -0.315237 -98064.7 20.0485 
6480 0.997544 0.56278 -98064.7 20.0792 
6490 0.997577 -0.0701346 -98067.3 20.1115 
6500 0.99753 -0.385695 -98063.2 20.1443 
6510 0.997579 0.480119 -98061.4 20.1781 
6520 0.997579 0.750327 -98061.4 20.2092 
6530 0.997588 0.36063 -98071 20.2423 
6540 0.99755 0.655199 -98069.1 20.2769 
6550 0.997593 0.789181 -98070.2 20.3118 
6560 0.997529 -0.588891 -98064.8 20.3389 
6570 0.997553 0.659849 -98066.4 20.3718 
6580 0.997553 -0.887523 -98066.4 20.4025 
6590 0.997548 -0.0532309 -98065.9 20.4337 
6600 0.997548 0.894206 -98065.9 20.4643 
6610 0.997548 -0.362139 -98065.9 20.4921 
6620 0.997509 0.804454 -98056.8 20.5266 
6630 0.997536 -0.549697 -98058.4 20.557 
6640 0.997526 -0.151896 -98057.3 20.5885 
6650 0.997529 -0.113208 -98057.7 20.6192 
6660 0.997544 -0.268738 -98059 20.6558 
6670 0.997544 -0.226734 -98059 20.6866 
6680 0.997549 0.0476607 -98063.3 20.72 
6690 0.997587 -0.664356 -98056.6 20.7498 
6700 0.997597 0.404632 -98057.3 20.7777 
6710 0.997597 -0.612262 -98057.1 20.8086 
6720 0.997635 0.19099 -98060 20.8407 
6730 0.997633 -0.473507 -98058.8 20.8737 
6740 0.997627 0.253194 -98058.1 20.9018 
6750 0.997627 -0.452128 -98058.1 20.9297 
6760 0.997629 -0.868376 -98058.4 20.9576 
6770 0.997503 -0.777718 -98045.7 20.991 
6780 0.997511 -0.461967 -98046.5 21.0224 
6790 0.997554 0.836562 -98050.3 21.0552 
6800 0.997588 0.376092 -98062.1 21.0908 
6810 0.997607 0.699736 -98061.6 21.1229 
6820 0.997607 -0.0331752 -98061.6 21.1534 
6830 0.997539 -0.0338274 -98055.5 21.1838 
6840 0.997546 -0.722333 -98056.1 21.2136 
6850 0.997579 -0.0541495 -98058.4 21.2456 
6860 0.997648 -0.149107 -98062.5 21.2791 
6870 0.997648 -0.110582 -98062.4 21.3098 
6880 0.99764 -0.214525 -98060 21.338 
6890 0.99764 -0.376406 -98060 21.3686 
6900 0.997598 0.692565 -98057.5 21.3985 
6910 0.997568 -0.846244 -98057.4 21.4322 
6920 0.997554 0.142149 -98053.6 21.4663 
6930 0.997523 0.805512 -98052.8 21.5016 
6940 0.997499 -0.178576 -98053.3 21.5342 
6950 0.997599 -0.0150601 -98063.2 21.5653 
6960 0.997585 -0.966314 -98062.6 21.5986 
6970 0.997534 -0.964455 -98058.1 21.6314 
6980 0.997503 -0.206337 -98057 21.6609 
6990 0.997503 -0.00325136 -98057.1 21.6892 
7000 0.997503 -0.00352989 -98057.2 21.7141 
7010 0.997478 -0.111173 -98055.8 21.7454 
7020 0.997468 -0.134859 -98055.1 21.7745 
7030 0.997503 0.423318 -98056.4 21.8035 
7040 0.997525 -0.0344615 -98058.4 21.8313 
7050 0.997547 -0.446149 -98058.7 21.8611 
7060 0.997584 -0.149081 -98060.9 21.896 
7070 0.997577 0.510909 -98060.4 21.9272 
7080 0.997593 0.91898 -98061.6 21.9544 
7090 0.997595 0.140587 -98065.1 21.9879 
7100 0.997573 0.535627 -98063.9 22.0197 
7110 0.99754 0.0944159 -98055.3 22.0482 
7120 0.997507 -0.462554 -98053.3 22.0743 
7130 0.997426 0.70232 -98047.7 22.1091 
7140 0.997426 -0.884058 -98047.6 22.1398 
7150 0.997427 -0.691092 -98047.7 22.1674 
7160 0.997488 0.44745 -98050.7 22.1975 
7170 0.997488 0.145513 -98050.8 22.2284 
7180 0.997473 -0.0315186 -98055.8 22.2641 
7190 0.997491 0.370781 -98058.6 22.2949 
7200 0.99749 0.497324 -98058.2 22.3279 
7210 0.99749 -0.383441 -98058.2 22.3556 
7220 0.99749 -0.896648 -98058.3 22.3863 
7230 0.99749 0.354907 -98058.2 22.4169 
7240 0.997528 0.467354 -98062.9 22.4497 
7250 0.997486 0.195298 -98062 22.4816 
7260 0.997486 0.523842 -98062 22.5121 
7270 0.997431 0.140994 -98057.1 22.5504 
7280 0.997487 0.515049 -98059 22.5819 
7290 0.997552 -0.0266485 -98067.1 22.6148 
7300 0.997522 -0.82718 -98064.3 22.643 
7310 0.997477 -0.0484759 -98059.7 22.6758 
7320 0.997477 0.334208 -98059.7 22.7064 
7330 0.997479 0.70026 -98060 22.7373 
7340 0.997569 -0.651996 -98071.2 22.7716 
7350 0.997574 -0.050051 -98071.5 22.8024 
7360 0.9976 0.69749 -98073.5 22.8341 
7370 0.997652 -0.663375 -98077.6 22.8675 
7380 0.997655 -0.012052 -98077.5 22.8996 
7390 0.997656 0.401238 -98077.7 22.9281 
7400 0.997663 0.909734 -98078.2 22.959 
7410 0.997618 -0.360291 -98074.3 22.993 
7420 0.997653 -0.0844342 -98077.5 23.02 
7430 0.9976 -0.0633578 -98072.8 23.0528 
7440 0.99757 -0.43168 -98065.7 23.0827 
7450 0.997563 -0.0566555 -98065 23.1138 
7460 0.997587 0.593654 -98066.2 23.1457 
7470 0.997605 -0.850202 -98068.5 23.1787 
7480 0.997533 -0.375022 -98057.7 23.2115 
7490 0.997572 -0.0929887 -98058.1 23.2444 
7500 0.997592 0.883752 -98060.5 23.2752 
7510 0.997582 0.349541 -98059.6 23.3032 
7520 0.997603 -0.784184 -98064.9 23.337 
7530 0.997604 0.976575 -98064.9 23.3676 
7540 0.997604 -0.915691 -98064.9 23.3955 
7550 0.997603 -0.678895 -98064.9 23.4237 
7560 0.997613 0.315966 -98065.8 23.4517 
7570 0.997553 0.181598 -98062.1 23.4855 
7580 0.997648 0.0793015 -98070.5 23.5178 
7590 0.997675 0.575124 -98074.1 23.5482 
7600 0.997536 -0.0649938 -98066.1 23.5836 
7610 0.997536 -0.583278 -98066.1 23.6114 
7620 0.997536 -0.202396 -98066.2 23.6384 
7630 0.997543 0.240206 -98067.3 23.6706 
7640 0.997488 0.780854 -98062.4 23.7077 
7650 0.997459 -0.107459 -98060 23.7394 
7660 0.99746 0.103492 -98060.1 23.7671 
7670 0.997464 0.531059 -98060.6 23.7949 
7680 0.997516 0.299209 -98060.8 23.829 
7690 0.99756 0.425745 -98065.6 23.8619 
7700 0.997454 -0.296916 -98062.1 23.8916 
7710 0.997454 -0.465393 -98062.3 23.9226 
7720 0.997454 -0.921995 -98062.2 23.9535 
7730 0.997454 -0.637562 -98062.3 23.9841 
7740 0.997508 -0.0731986 -98067.2 24.0173 
7750 0.997502 -0.254919 -98066.6 24.0483 
7760 0.997502 -0.293297 -98066.6 24.076 
7770 0.997538 0.799458 -98066.4 24.1054 
7780 0.997672 0.620441 -98075.9 24.1362 
7790 0.997643 -0.505623 -98075.1 24.169 
7800 0.997647 -0.689728 -98077.7 24.1997 
7810 0.997645 -0.9382 -98078.6 24.2284 
7820 0.997593 -0.973111 -98070.2 24.2632 
7830 0.997683 0.402209 -98072.9 24.296 
7840 0.997683 0.149326 -98072.9 24.3266 
7850 0.997683 0.861357 -98072.9 24.3575 
7860 0.997669 -0.0626793 -98073.3 24.3923 
7870 0.997663 0.639374 -98072.8 24.4174 
7880 0.997663 0.668791 -98072.8 24.4484 
7890 0.997663 -0.219583 -98072.8 24.479 
7900 0.997663 0.159341 -98072.8 24.5067 
7910 0.997603 0.253528 -98070.7 24.5405 
7920 0.997581 -0.432291 -98068.8 24.5721 
7930 0.997591 0.818668 -98068.8 24.5998 
7940 0.99759 0.429093 -98068.6 24.6305 
7950 0.997614 0.163383 -98069.1 24.6632 
7960 0.997612 -0.658499 -98068.8 24.6912 
7970 0.99763 0.533368 -98070.1 24.7228 
7980 0.99763 -0.405983 -98070.1 24.7447 
7990 0.997629 0.300502 -98070.1 24.7754 
8000 0.997589 0.104016 -98063.3 24.8075 
8010 0.997624 -0.604125 -98071.2 24.8383 
8020 0.997661 0.98427 -98079.6 24.8735 
8030 0.997697 0.14826 -98078.8 24.901 
8040 0.997711 0.104902 -98079.4 24.9327 
8050 0.997711 0.419873 -98079.4 24.9574 
8060 0.997753 0.697875 -98070.7 24.9874 
8070 0.997727 -0.143636 -98068 25.0186 
8080 0.997721 -0.600119 -98068.1 25.0524 
8090 0.997721 -0.95524 -98068.1 25.0802 
8100 0.99772 -0.901867 -98068.1 25.112 
8110 0.997701 -0.322084 -98066.1 25.1438 
8120 0.997553 0.49921 -98056.3 25.1769 
8130 0.997542 -0.139189 -98055.4 25.2084 
8140 0.997462 -0.111799 -98051.8 25.2433 
8150 0.997439 -0.132917 -98049.4 25.2752 
8160 0.99754 0.229629 -98060.5 25.3063 
8170 0.997544 -0.0273532 -98060.9 25.3375 
8180 0.997554 -0.924489 -98062.8 25.3707 
8190 0.997505 -0.418089 -98067.8 25.402 
8200 0.997505 0.295434 -98067.9 25.4326 
8210 0.997402 -0.0606791 -98053.2 25.4655 
8220 0.997402 0.504912 -98053.2 25.4934 
8230 0.99744 -0.055942 -98052.5 25.5276 
8240 0.997429 -0.618496 -98051.5 25.5534 
8250 0.997453 -0.833661 -98055.4 25.5858 
8260 0.997453 0.72122 -98055.4 25.6135 
8270 0.997433 0.952294 -98054.5 25.6452 
8280 0.997433 -0.971969 -98054.5 25.676 
8290 0.997433 -0.411779 -98054.5 25.7013 
8300 0.997429 0.772833 -98054 25.7293 
8310 0.997501 -0.823779 -98060.6 25.7564 
8320 0.997432 -0.532326 -98051.9 25.7912 
8330 0.997323 0.0554384 -98044.4 25.8233 
8340 0.997293 -0.966493 -98043.7 25.8557 
8350 0.997293 -0.12368 -98043.7 25.8838 
8360 0.997307 -0.173779 -98043.1 25.9156 
8370 0.997474 0.891206 -98066.3 25.9468 
8380 0.997551 -0.244202 -98069 25.9805 
8390 0.997536 -0.555143 -98066.7 26.0121 
8400 0.997492 0.141508 -98063.5 26.0432 
8410 0.997666 -0.138357 -98065.2 26.0757 
8420 0.997685 0.608616 -98067.6 26.1036 
8430 0.997648 -0.669933 -98065.3 26.1368 
8440 0.997651 -0.463788 -98065 26.165 
8450 0.997648 -0.188154 -98064.9 26.1963 
8460 0.997648 0.512211 -98064.9 26.227 
8470 0.997644 0.940136 -98064.5 26.2581 
8480 0.997575 0.384951 -98056.6 26.2933 
8490 0.99758 -0.278714 -98058.5 26.327 
8500 0.997531 -0.424341 -98058.1 26.3603 
8510 0.997527 0.0285788 -98053.4 26.3941 
8520 0.997527 0.161476 -98053.5 26.4218 
8530 0.997527 -0.0599786 -98053.4 26.4524 
8540 0.997527 -0.431998 -98053.5 26.4831 
8550 0.997558 -0.244153 -98056 26.5127 
8560 0.997581 -0.608085 -98062.8 26.5454 
8570 0.997524 0.584145 -98058.4 26.5747 
8580 0.997524 -0.418761 -98058.4 26.6053 
8590 0.997532 -0.228229 -98059.4 26.6361 
8600 0.997525 0.0652507 -98058.5 26.6684 
8610 0.997498 0.187299 -98055.9 26.6995 
8620 0.997499 -0.301815 -98056.2 26.7306 
8630 0.997499 -0.819795 -98056.2 26.7613 
8640 0.997481 -0.691268 -98052.2 26.7944 
8650 0.997542 -0.762531 -98059.6 26.829 
8660 0.997528 -0.767235 -98061.3 26.8571 
8670 0.997549 0.667744 -98063.2 26.8903 
8680 0.997549 -0.935854 -98063.2 26.9208 
8690 0.997594 -0.77341 -98063.6 26.9517 
8700 0.997603 -0.712712 -98063.2 26.9807 
8710 0.997617 -0.346692 -98064.6 27.0087 
8720 0.997589 -0.235078 -98062.1 27.0373 
8730 0.997589 -0.300131 -98062.1 27.0679 
8740 0.997565 0.0977848 -98057.2 27.1003 
8750 0.997578 0.254932 -98057.9 27.1321 
8760 0.997578 0.394384 -98057.9 27.1598 
8770 0.997616 0.068941 -98061.6 27.1889 
8780 0.997652 -0.418409 -98063.8 27.2241 
8790 0.997652 0.205546 -98063.8 27.2519 
8800 0.997608 -0.118089 -98066.6 27.2831 
8810 0.997538 0.305939 -98062.9 27.317 
8820 0.997547 0.914129 -98063.4 27.3496 
8830 0.997519 0.580242 -98059.4 27.3826 
8840 0.997676 0.221791 -98066.3 27.4181 
8850 0.997673 -0.0203211 -98066.1 27.4497 
8860 0.997673 0.594429 -98066.1 27.4805 
8870 0.997673 0.957518 -98066.2 27.5117 
8880 0.997673 -0.879278 -98066.2 27.5423 
8890 0.997674 0.701668 -98066.5 27.5735 
8900 0.997659 -0.259863 -98066 27.605 
8910 0.997697 0.637945 -98069.6 27.6374 
8920 0.997702 0.666175 -98070 27.6699 
8930 0.997707 0.846675 -98065.9 27.7054 
8940 0.997718 0.162263 -98066.9 27.734 
8950 0.997651 0.164649 -98061.9 27.7633 
8960 0.997682 -0.570982 -98061.7 27.7961 
8970 0.997683 0.521694 -98061.8 27.8271 
8980 0.997684 0.210021 -98061.9 27.8579 
8990 0.997684 0.865317 -98061.9 27.8889 
9000 0.997684 -0.786052 -98061.9 27.9195 
9010 0.997684 0.994937 -98061.9 27.9475 
9020 0.997677 -0.333661 -98061.1 27.9757 
9030 0.997637 0.755131 -98057.6 28.009 
9040 0.997646 0.638084 -98058.9 28.0405 
9050 0.997657 -0.769095 -98060.3 28.0753 
9060 0.997657 -0.975443 -98060.3 28.1063 
9070 0.997683 0.0138848 -98065.6 28.1359 
9080 0.997562 0.196039 -98056.6 28.1715 
9090 0.997575 -0.933302 -98060.2 28.2029 
9100 0.997523 0.214553 -98056 28.2327 
9110 0.997517 0.323499 -98056.8 28.2625 
9120 0.997517 -0.912298 -98056.8 28.2932 
9130 0.997576 -0.422601 -98060.9 28.3245 
9140 0.997576 -0.347204 -98060.9 28.3552 
9150 0.997588 0.245466 -98061.2 28.3864 
9160 0.997473 0.304468 -98053.8 28.4209 
9170 0.997473 -0.123477 -98053.8 28.4516 
9180 0.997473 0.188506 -98053.8 28.4736 
9190 0.997464 0.782684 -98052.9 28.5068 
9200 0.997464 0.578891 -98052.9 28.5375 
9210 0.997435 -0.910053 -98051 28.5694 
9220 0.997422 0.892556 -98050.7 28.6015 
9230 0.997428 0.903679 -98051 28.6333 
9240 0.997371 -0.695639 -98050.8 28.6666 
9250 0.997376 0.379974 -98051.8 28.6983 
9260 0.997467 0.740777 -98055.4 28.7288 
9270 0.997467 0.916618 -98055.4 28.7565 
9280 0.997467 0.0173088 -98055.6 28.7848 
9290 0.997505 0.606566 -98055.4 28.8149 
9300 0.997558 -0.388024 -98060.5 28.8491 
9310 0.997562 -0.619675 -98067 28.8842 
9320 0.997565 -0.781765 -98067.4 28.9124 
9330 0.997565 -0.0353765 -98067.4 28.9432 
9340 0.997568 0.768071 -98067.4 28.9742 
9350 0.997534 -0.351545 -98062.8 29.0042 
9360 0.997536 -0.99734 -98063.2 29.0329 
9370 0.997542 0.268936 -98065 29.0649 
9380 0.997449 -0.0668197 -98052.4 29.0981 
9390 0.997552 0.886238 -98054.9 29.1318 
9400 0.997515 -0.841494 -98052.8 29.1658 
9410 0.997565 0.300908 -98059.3 29.1957 
9420 0.997587 0.459374 -98060.3 29.2283 
9430 0.997644 0.49836 -98065.8 29.2611 
9440 0.997509 -0.541071 -98057.2 29.2884 
9450 0.997532 -0.499542 -98059.9 29.3201 
9460 0.997388 -0.318967 -98048.1 29.3509 
9470 0.997443 0.034361 -98052.3 29.3823 
9480 0.99743 0.307357 -98051.8 29.4148 
9490 0.997432 -0.931272 -98054.3 29.4451 
9500 0.99744 0.262727 -98055.3 29.4769 
9510 0.997449 0.136762 -98056 29.505 
9520 0.997382 -0.593103 -98050.5 29.535 
9530 0.997469 0.740832 -98056.8 29.57 
9540 0.997488 0.405646 -98058.1 29.5984 
9550 0.9976 0.122739 -98067.3 29.6312 
9560 0.9976 0.82165 -98067.6 29.659 
9570 0.997576 -0.469588 -98068.6 29.6938 
9580 0.997516 -0.7681 -98062.4 29.7128 
9590 0.997526 0.443601 -98064.4 29.744 
9600 0.997523 0.771022 -98063.7 29.7717 
9610 0.997523 -0.495678 -98063.7 29.8025 
9620 0.997523 -0.567207 -98063.7 29.8333 
9630 0.997448 0.236583 -98056.7 29.8654 
9640 0.997486 0.307724 -98054.9 29.9011 
9650 0.997386 0.429075 -98047.2 29.9385 
9660 0.99741 -0.0106769 -98048.7 29.9696 
9670 0.997408 -0.917578 -98048.9 30.0007 
9680 0.997457 0.100738 -98047 30.0347 
9690 0.997539 -0.466347 -98054.9 30.0666 
9700 0.997551 -0.821447 -98056.7 30.0992 
9710 0.997551 0.0845295 -98056.7 30.1298 
9720 0.997559 -0.484098 -98057.4 30.1578 
9730 0.997598 -0.0943243 -98056.4 30.1905 
9740 0.997523 0.256716 -98057.8 30.2233 
9750 0.997522 -0.873115 -98057.8 30.2538 
9760 0.997542 -0.569563 -98061.1 30.2859 
9770 0.997546 0.437808 -98061.4 30.3158 
9780 0.997592 -0.412338 -98062.8 30.3473 
9790 0.997644 0.641028 -98070.3 30.3779 
9800 0.9976 0.233541 -98068.1 30.4144 
9810 0.9976 -0.522427 -98068.1 30.445 
9820 0.9976 0.700212 -98068 30.4756 
9830 0.9976 0.384859 -98068 30.5032 
9840 0.9976 0.121983 -98068 30.534 
9850 0.9976 0.663187 -98068 30.5649 
9860 0.997574 -0.125547 -98067.7 30.5958 
9870 0.997584 -0.983452 -98068.6 30.6214 
9880 0.997584 0.530897 -98068.6 30.6521 
9890 0.997584 0.867495 -98068.6 30.6827 
9900 0.997544 -0.115645 -98070.3 30.7156 
9910 0.997549 0.89726 -98070.7 30.747 
9920 0.997604 -0.215241 -98075.1 30.779 
9930 0.997561 -0.027222 -98071.1 30.8118 
9940 0.997561 -0.692733 -98071.2 30.8427 
9950 0.997561 -0.0475461 -98071.1 30.8735 
9960 0.997561 -0.731374 -98071.2 30.9012 
9970 0.997558 -0.769773 -98070.8 30.9322 
9980 0.997555 -0.609616 -98070.2 30.9579 
9990 0.997555 -0.646317 -98070.4 30.9895 
10000 0.997563 -0.714469 -98070.8 31.0206 
