0 1 1 -98304 0 
10 1 -0.07075 -98304 0.0322229 
20 1 0.71996 -98304 0.0643122 
30 0.999968 -0.650987 -98301.9 0.0890833 
40 0.999861 -0.27338 -98288.7 0.122486 
50 0.999861 0.756365 -98288.7 0.153 
60 0.99983 -0.101366 -98285.9 0.186089 
70 0.99983 0.94028 -98285.9 0.217238 
80 0.99982 0.0281885 -98284.7 0.249093 
90 0.999783 -0.436876 -98280.5 0.281943 
100 0.999783 -0.641 -98280.5 0.312517 
110 0.999874 -0.722193 -98293 0.346159 
120 0.999874 -0.209357 -98293 0.376887 
130 0.999874 0.070376 -98293 0.404753 
140 0.999868 -0.581962 -98292.3 0.432888 
150 0.999868 0.328595 -98292.2 0.464444 
160 0.999912 0.826723 -98295.5 0.496265 
170 0.999911 -0.829708 -98295.5 0.524006 
180 0.999911 0.819377 -98295.5 0.55456 
190 0.999912 -0.650756 -98295.5 0.585354 
200 0.999899 -0.137536 -98292.5 0.617144 
210 0.999897 -0.784463 -98292.3 0.642125 
220 0.999896 -0.113948 -98292.2 0.67299 
230 0.999896 -0.893372 -98292.1 0.700623 
240 0.999731 0.366682 -98271.5 0.733764 
250 0.999294 -0.0712653 -98224.7 0.76764 
260 0.999223 -0.0630704 -98217.6 0.795845 
270 0.998867 -0.620269 -98179.9 0.830212 
280 0.998867 -0.592907 -98179.9 0.860932 
290 0.99886 -0.176975 -98179.7 0.892273 
300 0.998854 -0.0890703 -98178.9 0.923473 
310 0.998852 -0.587765 -98178.7 0.954368 
320 0.998852 -0.55566 -98178.7 0.982365 
330 0.99859 -0.136778 -98152.1 1.00996 
340 0.99859 -0.585867 -98152.1 1.04062 
350 0.998589 -0.306147 -98152 1.07254 
360 0.998589 -0.797412 -98152 1.10054 
370 0.998589 -0.373356 -98152 1.1313 
380 0.998588 0.767969 -98152 1.16208 
390 0.998576 0.376035 -98150.3 1.19437 
400 0.998576 0.77532 -98150.3 1.22592 
410 0.998473 0.514673 -98139 1.25325 
420 0.997978 -0.670965 -98092.9 1.28828 
430 0.99794 -0.315303 -98088.6 1.32097 
440 0.998017 0.436152 -98095.8 1.3549 
450 0.997953 0.0940152 -98086 1.38667 
460 0.997953 0.588331 -98086 1.41468 
470 0.997992 -0.477496 -98092.1 1.4484 
480 0.997991 0.566213 -98092.1 1.47936 
490 0.997745 0.781734 -98068.2 1.51341 
500 0.997767 -0.614438 -98070.8 1.54491 
510 0.997779 0.133062 -98072.1 1.57628 
520 0.997779 -0.606341 -98072.1 1.59848 
530 0.997779 -0.90788 -98072.1 1.62932 
540 0.997779 -0.638023 -98072.2 1.66031 
550 0.997779 0.618297 -98072.1 1.69112 
560 0.997547 -0.819691 -98051.7 1.7238 
570 0.997537 0.423105 -98050.6 1.75486 
580 0.997537 -0.39295 -98050.6 1.78281 
590 0.997541 -0.405719 -98051.2 1.81523 
600 0.99766 -0.893557 -98063.4 1.84946 
610 0.997735 0.058986 -98066.8 1.88339 
620 0.99773 0.142075 -98066.7 1.91631 
630 0.997652 -0.586007 -98060.9 1.9513 
640 0.997584 0.61099 -98054.4 1.9842 
650 0.997596 -0.968053 -98054.2 2.0166 
660 0.997596 -0.952754 -98054.2 2.04749 
670 0.997538 -0.269308 -98048.5 2.08166 
680 0.997346 -0.215931 -98030.5 2.11209 
690 0.99735 -0.120979 -98030.9 2.14309 
700 0.997453 -0.274241 -98035.2 2.17684 
710 0.997453 -0.42083 -98035.2 2.20777 
720 0.997452 0.804179 -98035.1 2.23863 
730 0.997453 0.803494 -98035.2 2.26659 
740 0.99745 -0.664933 -98035 2.29971 
750 0.99745 0.955488 -98035 2.32769 
760 0.99745 -0.939546 -98035 2.35858 
770 0.997394 0.260526 -98033.5 2.38761 
780 0.997238 -0.800406 -98034.6 2.42144 
790 0.997257 0.416619 -98035 2.45259 
800 0.997781 -0.929754 -98073 2.48613 
810 0.997795 0.00138563 -98074.1 2.51746 
820 0.997708 0.0190094 -98066.9 2.55307 
830 0.997708 -0.530828 -98066.8 2.58104 
840 0.997708 -0.600092 -98066.8 2.6091 
850 0.997712 -0.163849 -98067.4 2.64159 
860 0.997595 0.94515 -98057.1 2.67666 
870 0.997587 -0.642349 -98056.3 2.70796 
880 0.997587 -0.818538 -98056.3 2.73924 
890 0.997564 -0.484615 -98052.3 2.77228 
900 0.997595 0.211206 -98056.2 2.80418 
910 0.997559 0.546921 -98051.4 2.83665 
920 0.997541 0.969078 -98049.5 2.86816 
930 0.997486 0.495275 -98045 2.90146 
940 0.997489 -0.595955 -98046.5 2.93219 
950 0.997488 -0.986311 -98046.7 2.96355 
960 0.997528 0.531758 -98052.6 2.99695 
970 0.997529 -0.463507 -98052.6 3.02791 
980 0.997485 -0.917567 -98048.4 3.06285 
990 0.997414 0.228595 -98049.2 3.09424 
1000 0.997378 0.873246 -98051 3.12058 
1010 0.997379 -0.547643 -98051 3.14863 
1020 0.997517 -0.890718 -98060.8 3.17871 
1030 0.997463 0.770815 -98055.4 3.21329 
1040 0.997442 -0.896963 -98054.2 3.2455 
1050 0.997448 0.363912 -98058.7 3.27574 
1060 0.997426 0.390961 -98056.7 3.30737 
1070 0.997415 -0.331416 -98055.4 3.336 
1080 0.997493 -0.20033 -98062.3 3.36952 
1090 0.997493 -0.112654 -98062.3 3.39751 
1100 0.997477 -0.47971 -98062.2 3.4331 
1110 0.997494 -0.656815 -98064.6 3.46487 
1120 0.997493 -0.659363 -98063.9 3.4978 
1130 0.997494 -0.784809 -98063.9 3.5258 
1140 0.997486 -0.804975 -98063 3.55692 
1150 0.997486 -0.344695 -98063 3.58492 
1160 0.997486 -0.889414 -98063 3.61584 
1170 0.997518 0.263591 -98064.9 3.64607 
1180 0.997508 -0.958304 -98063.7 3.67853 
1190 0.997513 0.109395 -98066.7 3.71141 
1200 0.997532 -0.423797 -98068.9 3.73967 
1210 0.997533 0.971435 -98068.9 3.77076 
1220 0.997525 0.0891538 -98068 3.80225 
1230 0.997452 0.139455 -98062.6 3.83587 
1240 0.997452 0.2027 -98062.6 3.86689 
1250 0.997494 0.284387 -98063.9 3.89892 
1260 0.997494 0.498692 -98063.9 3.9269 
1270 0.997438 -0.911793 -98060.1 3.96215 
1280 0.997438 0.508403 -98060.2 3.99017 
1290 0.997438 0.416356 -98060.2 4.01816 
1300 0.997447 0.61392 -98066.9 4.05137 
1310 0.997447 -0.797956 -98066.9 4.08235 
1320 0.997551 -0.184834 -98068.5 4.11402 
1330 0.997554 -0.288365 -98068.7 4.14553 
1340 0.997554 0.416596 -98068.7 4.17363 
1350 0.997539 -0.0226649 -98064.5 4.2067 
1360 0.997539 0.706521 -98064.5 4.2376 
1370 0.997578 0.321433 -98067.7 4.27019 
1380 0.997575 0.183687 -98067.4 4.30136 
1390 0.997524 -0.547654 -98066.5 4.33671 
1400 0.997524 -0.300242 -98066.5 4.36471 
1410 0.99753 -0.883696 -98066.9 4.39674 
1420 0.997543 0.172069 -98068.1 4.42229 
1430 0.997497 -0.84854 -98064.9 4.45443 
1440 0.997468 0.549679 -98062.6 4.48633 
1450 0.997498 0.595892 -98063.6 4.51846 
1460 0.997498 0.388825 -98063.6 4.54954 
1470 0.997485 -0.733894 -98062.7 4.58109 
1480 0.997485 0.384863 -98062.7 4.60323 
1490 0.997569 0.960464 -98069.5 4.63767 
1500 0.99766 -0.757855 -98077.3 4.67015 
1510 0.997676 -0.755841 -98074.8 4.70243 
1520 0.997676 -0.128791 -98074.8 4.73342 
1530 0.997645 -0.462644 -98074.6 4.76372 
1540 0.997634 0.476586 -98070.8 4.7918 
1550 0.997633 0.926931 -98070.8 4.82283 
1560 0.997673 -0.399129 -98073.3 4.85485 
1570 0.997673 0.286336 -98073.3 4.88288 
1580 0.997565 -0.0971712 -98067.2 4.91525 
1590 0.997566 0.817428 -98067.3 4.94064 
1600 0.997566 0.225015 -98067.3 4.97175 
1610 0.997586 0.683425 -98069 5.00097 
1620 0.997576 0.269779 -98067.2 5.03368 
1630 0.997575 -0.621304 -98066.5 5.06581 
1640 0.997573 0.797947 -98066.4 5.09423 
1650 0.997654 0.891492 -98072.4 5.1247 
1660 0.997654 -0.730787 -98072.4 5.15566 
1670 0.99755 -0.446339 -98068.9 5.19019 
1680 0.99759 0.400295 -98072.1 5.22582 
1690 0.997589 -0.162439 -98072.5 5.25459 
1700 0.997606 -0.0128196 -98073.9 5.28706 
1710 0.997576 -0.645603 -98077.9 5.31996 
1720 0.997576 -0.311933 -98077.9 5.34811 
1730 0.997577 -0.20297 -98078 5.37993 
1740 0.997515 0.980035 -98072.6 5.41321 
1750 0.997522 -0.388902 -98072.5 5.44288 
1760 0.997522 0.224822 -98072.4 5.47119 
1770 0.997475 -0.951235 -98074.4 5.50431 
1780 0.99758 0.497681 -98079.3 5.53751 
1790 0.997593 -0.746206 -98081.9 5.57184 
1800 0.997576 0.463041 -98080.1 5.60463 
1810 0.997552 -0.814882 -98080.6 5.63791 
1820 0.997552 0.475826 -98080.6 5.6689 
1830 0.997552 -0.788926 -98080.6 5.69695 
1840 0.997561 -0.194152 -98081.2 5.72871 
1850 0.997558 0.75827 -98080.9 5.75716 
1860 0.99752 0.779343 -98076.7 5.79015 
1870 0.997546 -0.958802 -98080 5.82402 
1880 0.997564 0.970675 -98073.1 5.86199 
1890 0.997582 0.125012 -98073.6 5.89376 
1900 0.997601 0.668271 -98073.3 5.92906 
1910 0.997617 -0.70111 -98074.6 5.96423 
1920 0.997617 -0.167595 -98074.5 5.99514 
1930 0.997617 0.578783 -98074.5 6.02032 
1940 0.997608 -0.00218702 -98073.6 6.04903 
1950 0.997608 0.922786 -98073.7 6.08006 
1960 0.997608 0.821675 -98073.7 6.10806 
1970 0.997622 -0.489042 -98074 6.14098 
1980 0.997622 0.0616229 -98074 6.16897 
1990 0.997567 -0.767906 -98070.4 6.20547 
2000 0.997564 0.841676 -98071 6.24074 
2010 0.997618 0.71932 -98071 6.27279 
2020 0.997618 -0.845863 -98071 6.3037 
2030 0.997483 0.431444 -98060.6 6.33559 
2040 0.99748 -0.413579 -98061.4 6.36582 
2050 0.997527 -0.884172 -98066.6 6.39975 
2060 0.997527 0.95753 -98066.6 6.43075 
2070 0.997664 -0.895047 -98083.2 6.45841 
2080 0.997586 -0.986175 -98072 6.48626 
2090 0.997585 -0.617308 -98072 6.51722 
2100 0.997585 0.626486 -98072 6.54851 
2110 0.997592 -0.745012 -98073.2 6.58033 
2120 0.997586 -0.279006 -98072.7 6.60885 
2130 0.997588 0.41688 -98074 6.64453 
2140 0.99755 -0.612521 -98068 6.67647 
2150 0.997544 -0.197217 -98068.7 6.70951 
2160 0.997579 0.458852 -98071.4 6.74183 
2170 0.997607 0.483806 -98074.1 6.77087 
2180 0.997568 -0.556352 -98071 6.80327 
2190 0.997646 0.652797 -98078.8 6.83111 
2200 0.997655 0.222897 -98079.6 6.85653 
2210 0.997648 0.227624 -98076.8 6.89038 
2220 0.99764 0.95136 -98076 6.91601 
2230 0.997574 0.513628 -98068.7 6.94943 
2240 0.997609 -0.218527 -98071.1 6.97928 
2250 0.997609 -0.240122 -98071.1 7.01055 
2260 0.99761 0.360422 -98071.3 7.04221 
2270 0.997595 -0.294947 -98071.1 7.07213 
2280 0.997658 0.216934 -98066.8 7.10387 
2290 0.997714 0.938256 -98072.3 7.13603 
2300 0.997714 -0.294632 -98072.3 7.167 
2310 0.997695 0.592575 -98070.5 7.19855 
2320 0.99772 0.693357 -98070.2 7.23132 
2330 0.997719 -0.336823 -98070.1 7.26247 
2340 0.99772 0.560453 -98071.3 7.29365 
2350 0.997721 -0.187271 -98069.5 7.32104 
2360 0.997715 0.616494 -98068.9 7.34661 
2370 0.997595 0.809102 -98058.6 7.38245 
2380 0.997629 0.611273 -98060.4 7.41561 
2390 0.99767 -0.128336 -98056.5 7.44507 
2400 0.997664 -0.647096 -98055.5 7.47633 
2410 0.997705 -0.992683 -98058.3 7.51086 
2420 0.997703 0.436511 -98057.4 7.54458 
2430 0.997718 0.447438 -98058.8 7.57669 
2440 0.997718 0.570644 -98058.8 7.6049 
2450 0.997738 -0.91842 -98061.4 7.6362 
2460 0.997618 0.0951547 -98055 7.66543 
2470 0.997557 -0.507134 -98049.8 7.69826 
2480 0.997557 -0.958484 -98049.8 7.7293 
2490 0.997512 -0.557654 -98054.8 7.76182 
2500 0.997568 -0.73708 -98053.5 7.79515 
2510 0.997567 0.618393 -98053.3 7.82659 
2520 0.997567 -0.43912 -98053.3 7.8577 
2530 0.99748 -0.391954 -98052.3 7.89324 
2540 0.997416 0.596717 -98048.4 7.92733 
2550 0.997453 -0.914195 -98051.4 7.95765 
2560 0.997469 -0.713618 -98053.5 7.99079 
2570 0.997454 0.868426 -98052.9 8.02311 
2580 0.997452 0.202919 -98054.6 8.05229 
2590 0.997501 -0.304246 -98053.6 8.08498 
2600 0.997483 0.142577 -98051.5 8.12015 
2610 0.997488 0.991433 -98052 8.14541 
2620 0.997534 -0.326992 -98054.3 8.17972 
2630 0.997553 0.147236 -98055.8 8.21181 
2640 0.997557 -0.993322 -98056.2 8.24319 
2650 0.997546 -0.128458 -98055.4 8.27632 
2660 0.997558 0.305716 -98057.3 8.30243 
2670 0.997567 0.0365569 -98058.8 8.33179 
2680 0.99766 -0.626353 -98064.6 8.36717 
2690 0.99766 -0.508208 -98064.6 8.39522 
2700 0.997702 -0.778113 -98069.8 8.42864 
2710 0.997715 0.172031 -98071.1 8.45978 
2720 0.997738 -0.596246 -98074 8.49323 
2730 0.997731 -0.138793 -98073.1 8.52625 
2740 0.997533 0.0106032 -98060.8 8.55515 
2750 0.997552 0.347267 -98062.4 8.58629 
2760 0.997552 -0.633994 -98062.5 8.61727 
2770 0.997561 0.659579 -98059 8.65212 
2780 0.997563 0.784069 -98059.2 8.68325 
2790 0.997528 0.0518447 -98055 8.71253 
2800 0.997528 -0.583769 -98055 8.74064 
2810 0.997545 0.238221 -98054.4 8.76515 
2820 0.997595 -0.0161294 -98054.2 8.79706 
2830 0.99756 -0.575883 -98051.6 8.82967 
2840 0.997563 0.709246 -98057.1 8.86343 
2850 0.997564 -0.943661 -98056.9 8.89494 
2860 0.997486 -0.949021 -98054 8.92539 
2870 0.997497 -0.81808 -98056.6 8.95797 
2880 0.99752 -0.646809 -98058.2 8.99006 
2890 0.997523 -0.143261 -98058.6 9.02159 
2900 0.997572 0.42932 -98065.3 9.05601 
2910 0.997662 0.0874735 -98071.1 9.08757 
2920 0.997662 0.286982 -98071.1 9.11861 
2930 0.997603 -0.928859 -98066.2 9.1523 
2940 0.997636 -0.59632 -98069.6 9.18559 
2950 0.997636 0.943383 -98069.6 9.21069 
2960 0.997638 -0.047242 -98069.8 9.24278 
2970 0.997725 -0.906618 -98075.6 9.27657 
2980 0.997657 -0.19213 -98068.1 9.30956 
2990 0.997652 -0.284589 -98068.4 9.34166 
3000 0.997635 0.528092 -98066.8 9.37003 
3010 0.997627 -0.724495 -98064.8 9.39916 
3020 0.997604 0.12524 -98064.1 9.4318 
3030 0.997614 0.592634 -98068 9.46659 
3040 0.997609 0.0328253 -98068.1 9.49691 
3050 0.997719 -0.132681 -98079.1 9.52969 
3060 0.997729 -0.543851 -98080 9.56094 
3070 0.997727 -0.845861 -98078.8 9.5933 
3080 0.997789 0.148574 -98081.5 9.62223 
3090 0.997789 0.0923604 -98081.5 9.65331 
3100 0.997803 0.236075 -98081.3 9.68663 
3110 0.997748 0.534213 -98079.1 9.72175 
3120 0.997748 -0.539357 -98079.1 9.74983 
3130 0.997737 -0.100034 -98078.3 9.78128 
3140 0.997745 -0.178211 -98078.8 9.8147 
3150 0.997742 0.695881 -98078.4 9.84621 
3160 0.997667 0.626181 -98071.5 9.87741 
3170 0.997682 0.651806 -98072.8 9.90904 
3180 0.997712 -0.348424 -98074.6 9.94181 
3190 0.997712 -0.672238 -98074.6 9.97263 
3200 0.997714 0.0158304 -98075.4 10.0069 
3210 0.997709 0.981203 -98075.2 10.0385 
3220 0.997709 0.937404 -98075.2 10.0693 
3230 0.997696 0.805124 -98076 10.1014 
3240 0.997691 0.284762 -98075.2 10.1298 
3250 0.997721 0.916616 -98078.2 10.1593 
3260 0.997734 -0.854712 -98082.1 10.1896 
3270 0.997734 -0.604084 -98082.1 10.2175 
3280 0.997734 0.207309 -98082.1 10.2483 
3290 0.997733 -0.697254 -98082.1 10.2802 
3300 0.997724 0.621699 -98080.4 10.3109 
3310 0.997724 -0.373271 -98080.4 10.3389 
3320 0.997729 0.922166 -98081.4 10.3712 
3330 0.997721 0.571749 -98076.1 10.4087 
3340 0.997721 -0.965945 -98076.1 10.4366 
3350 0.997728 -0.330924 -98077 10.462 
3360 0.997728 -0.0492535 -98077 10.4927 
3370 0.997731 -0.188989 -98079.7 10.5235 
3380 0.997728 0.661114 -98079.6 10.5518 
3390 0.997643 -0.0572837 -98070.5 10.5862 
3400 0.997616 0.380623 -98073.2 10.6186 
3410 0.997504 0.52248 -98063 10.6517 
3420 0.997545 0.837061 -98065.9 10.6827 
3430 0.997636 0.509854 -98073.2 10.7146 
3440 0.997619 -0.180939 -98071.9 10.7471 
3450 0.997623 -0.00160426 -98072.3 10.7784 
3460 0.997635 -0.378718 -98074.2 10.8116 
3470 0.997635 -0.460408 -98074.7 10.8415 
3480 0.997648 0.972537 -98076.2 10.8741 
3490 0.997647 0.0940388 -98076.2 10.9019 
3500 0.997573 0.502602 -98076.2 10.9375 
3510 0.99757 0.365351 -98076.2 10.9656 
3520 0.99757 -0.489767 -98076.2 10.9963 
3530 0.99759 0.494771 -98076.6 11.0291 
3540 0.997654 -0.833265 -98074.2 11.0591 
3550 0.997654 0.236718 -98074.1 11.0876 
3560 0.997654 -0.831007 -98074.1 11.1183 
3570 0.997615 0.104239 -98070.9 11.1503 
3580 0.997615 -0.359619 -98070.9 11.1781 
3590 0.997615 -0.308157 -98070.9 11.2059 
3600 0.997599 -0.446388 -98068.8 11.2372 
3610 0.99758 0.328512 -98065.1 11.2701 
3620 0.997637 -0.346334 -98070.4 11.2973 
3630 0.997677 0.0379314 -98078.5 11.3296 
3640 0.997751 -0.171486 -98079.1 11.357 
3650 0.997751 -0.813247 -98079.1 11.379 
3660 0.997742 0.80114 -98079.4 11.4115 
3670 0.997676 0.662714 -98073 11.4448 
3680 0.997676 -0.428102 -98073 11.4726 
3690 0.997701 0.466758 -98074.3 11.5045 
3700 0.997662 -0.680829 -98073.9 11.5361 
3710 0.997675 0.447762 -98074.6 11.5696 
3720 0.997675 0.872319 -98074.6 11.6003 
3730 0.997685 0.957451 -98071.9 11.6304 
3740 0.997686 0.770963 -98071.9 11.6612 
3750 0.997642 0.0897816 -98066.6 11.6876 
3760 0.997631 -0.774878 -98065.6 11.7192 
3770 0.997629 -0.900509 -98065.8 11.7494 
3780 0.997619 -0.0398602 -98064.8 11.7811 
3790 0.997612 -0.512123 -98067.1 11.8146 
3800 0.997591 -0.991273 -98064.1 11.8472 
3810 0.997593 0.774685 -98065.1 11.8771 
3820 0.997593 0.888378 -98065.1 11.9079 
3830 0.997595 -0.232946 -98065.5 11.9369 
3840 0.997603 -0.742646 -98066.2 11.962 
3850 0.997603 -0.220392 -98066.2 11.9927 
3860 0.997615 0.621801 -98068.3 12.0244 
3870 0.997583 -0.179539 -98065.1 12.0505 
3880 0.997583 -0.599661 -98065.1 12.0812 
3890 0.997578 0.113796 -98064.7 12.1122 
3900 0.997666 -0.430437 -98071.4 12.1365 
3910 0.99765 -0.634701 -98065.8 12.1687 
3920 0.997629 -0.177396 -98063.5 12.2006 
3930 0.997625 0.321555 -98062.6 12.2344 
3940 0.997625 0.108403 -98062.6 12.2622 
3950 0.997603 -0.0335306 -98062 12.2927 
3960 0.997578 0.898211 -98059.5 12.3266 
3970 0.997599 -0.288043 -98061.7 12.3551 
3980 0.9976 -0.0430414 -98061.7 12.3858 
3990 0.997514 0.414968 -98051.9 12.4214 
4000 0.997523 0.737476 -98052.5 12.4522 
4010 0.997524 0.969207 -98052.1 12.4839 
4020 0.997638 0.948139 -98060 12.5164 
4030 0.997585 -0.894841 -98056.6 12.5505 
4040 0.997681 0.577852 -98061 12.583 
4050 0.997705 0.493996 -98062.2 12.6192 
4060 0.99764 -0.24685 -98061.5 12.648 
4070 0.997625 -0.820736 -98057.4 12.6811 
4080 0.9976 -0.593863 -98055.5 12.7104 
4090 0.99758 0.433408 -98054.8 12.7392 
4100 0.997629 0.698578 -98059.1 12.7721 
4110 0.997644 0.577214 -98060.5 12.8036 
4120 0.997644 0.106538 -98060.5 12.8315 
4130 0.997614 0.497761 -98056.9 12.8637 
4140 0.997589 0.158231 -98053.6 12.8973 
4150 0.997538 -0.71136 -98054.5 12.9268 
4160 0.997559 0.507674 -98057.1 12.9554 
4170 0.997546 0.281145 -98061.5 12.9881 
4180 0.99745 0.117725 -98054.2 13.0211 
4190 0.997502 0.205497 -98058.4 13.0503 
4200 0.997516 0.828844 -98059.6 13.0831 
4210 0.99751 -0.106038 -98058.3 13.1125 
4220 0.99754 0.626776 -98061.8 13.1425 
4230 0.997567 0.0616277 -98062.9 13.1769 
4240 0.997583 0.286354 -98063.4 13.2099 
4250 0.997583 0.429233 -98063.4 13.2379 
4260 0.997624 0.581133 -98067.1 13.2705 
4270 0.99766 -0.873264 -98071.5 13.3028 
4280 0.997755 -0.149091 -98064.6 13.3306 
4290 0.997766 -0.588082 -98064.7 13.3571 
4300 0.997766 0.885942 -98064.7 13.3879 
4310 0.997728 -0.846132 -98064.3 13.4203 
4320 0.997716 -0.0467067 -98063.2 13.4524 
4330 0.997682 -0.507673 -98060 13.4806 
4340 0.997682 0.32031 -98059.9 13.5086 
4350 0.997666 0.642394 -98058.9 13.5393 
4360 0.997687 -0.374196 -98062.1 13.5718 
4370 0.99769 -0.496972 -98063.7 13.6046 
4380 0.997693 -0.3731 -98063.8 13.6337 
4390 0.997704 0.416856 -98062.4 13.6638 
4400 0.997759 0.626648 -98067.4 13.6959 
4410 0.997658 0.996845 -98060.8 13.7285 
4420 0.9976 0.248818 -98061 13.7632 
4430 0.997594 0.103782 -98061.5 13.7889 
4440 0.997594 -0.394214 -98061.5 13.8197 
4450 0.997594 -0.875748 -98061.5 13.8509 
4460 0.997594 0.074909 -98061.5 13.8818 
4470 0.997567 0.742809 -98061.2 13.9155 
4480 0.997672 0.740868 -98077.7 13.9493 
4490 0.997672 0.879211 -98077.7 13.9747 
4500 0.997672 -0.424878 -98077.7 14.0054 
4510 0.997672 -0.397293 -98077.7 14.0362 
4520 0.997626 -0.617681 -98073.4 14.0664 
4530 0.997574 0.606121 -98076.5 14.0984 
4540 0.997691 -0.77238 -98086.8 14.1318 
4550 0.997691 0.789059 -98086.8 14.1626 
4560 0.997685 -0.88934 -98085.4 14.1948 
4570 0.997685 0.849386 -98085.5 14.2256 
4580 0.997685 -0.675261 -98085.4 14.2535 
4590 0.997609 -0.242927 -98078.7 14.2871 
4600 0.997609 0.556707 -98078.7 14.3122 
4610 0.997566 -0.523878 -98075.4 14.3455 
4620 0.997566 0.977809 -98075.4 14.3765 
4630 0.997566 0.874947 -98075.5 14.4074 
4640 0.997566 -0.00189145 -98075.5 14.4384 
4650 0.997561 0.254297 -98072.4 14.4692 
4660 0.997561 0.184325 -98072.4 14.4974 
4670 0.997608 0.803107 -98073.2 14.5269 
4680 0.997589 0.962241 -98075.3 14.5587 
4690 0.997662 -0.690649 -98077.6 14.5922 
4700 0.997598 0.507608 -98071.6 14.6171 
4710 0.9976 -0.539978 -98070.2 14.6519 
4720 0.9976 -0.219213 -98070.3 14.6801 
4730 0.997574 -0.975303 -98070.1 14.7135 
4740 0.997591 -0.383031 -98071.7 14.7457 
4750 0.997591 0.64998 -98071.7 14.7768 
4760 0.997655 0.604183 -98078.8 14.8114 
4770 0.997655 0.219497 -98078.8 14.8397 
4780 0.997655 -0.460504 -98078.8 14.871 
4790 0.997655 0.19932 -98078.8 14.9026 
4800 0.997656 -0.418655 -98078.8 14.9318 
4810 0.997591 0.242476 -98072.3 14.9671 
4820 0.997582 -0.274608 -98072.3 14.9951 
4830 0.997579 0.555263 -98072 15.0263 
4840 0.997579 0.541367 -98072 15.0513 
4850 0.997552 -0.786157 -98069.5 15.0837 
4860 0.997549 0.796799 -98069.2 15.1151 
4870 0.997567 0.425624 -98071.8 15.1456 
4880 0.997567 0.879115 -98071.8 15.1706 
4890 0.997567 -0.771924 -98071.8 15.2013 
4900 0.997567 -0.275807 -98071.8 15.2322 
4910 0.99751 -0.329545 -98068.9 15.2689 
4920 0.997521 -0.291847 -98071.5 15.3043 
4930 0.997521 -0.0942356 -98071.6 15.3355 
4940 0.997481 0.201924 -98069.6 15.3636 
4950 0.997481 -0.445883 -98069.7 15.3944 
4960 0.997481 0.237389 -98069.7 15.4252 
4970 0.997493 -0.795513 -98069.3 15.4581 
4980 0.997553 -0.580257 -98073.7 15.4869 
4990 0.997553 -0.439766 -98073.7 15.5149 
5000 0.997553 0.57357 -98073.7 15.5427 
5010 0.997546 -0.989521 -98073 15.5714 
5020 0.997554 -0.985689 -98072.8 15.6014 
5030 0.997546 -0.843342 -98064.6 15.6335 
5040 0.99757 -0.820849 -98068.9 15.6647 
5050 0.997596 0.0969681 -98070.7 15.6972 
5060 0.997613 0.530343 -98077.3 15.7269 
5070 0.997613 0.60123 -98077.3 15.7553 
5080 0.997593 -0.798901 -98075.5 15.7848 
5090 0.997584 0.767294 -98074.8 15.8143 
5100 0.997584 -0.925755 -98074.8 15.8462 
5110 0.997559 -0.518472 -98071.3 15.8734 
5120 0.997507 0.841141 -98065.8 15.9089 
5130 0.997358 0.513199 -98053.5 15.9424 
5140 0.99734 -0.140688 -98051.4 15.9746 
5150 0.997325 0.130385 -98048.7 16.0084 
5160 0.997339 0.0594313 -98051.5 16.0417 
5170 0.997357 0.439665 -98059 16.0771 
5180 0.997464 0.844177 -98067.6 16.1105 
5190 0.997459 -0.588862 -98067.3 16.1394 
5200 0.997438 0.945813 -98066.5 16.1719 
5210 0.99744 0.860384 -98066.8 16.2037 
5220 0.997455 0.116291 -98064.7 16.2341 
5230 0.997506 -0.525437 -98069.7 16.2662 
5240 0.997506 -0.643579 -98069.7 16.2944 
5250 0.997506 -0.309361 -98069.7 16.3258 
5260 0.997506 0.167356 -98069.7 16.3571 
5270 0.997589 0.948491 -98073.6 16.3874 
5280 0.997576 -0.219326 -98070.3 16.422 
5290 0.997558 -0.793979 -98071.9 16.4545 
5300 0.997588 0.953709 -98072.5 16.488 
5310 0.997709 -0.216177 -98071.7 16.5217 
5320 0.997616 0.881732 -98062.5 16.5519 
5330 0.997609 -0.806366 -98061.2 16.5877 
5340 0.997596 0.115081 -98061.2 16.6196 
5350 0.997607 -0.804667 -98061.7 16.6527 
5360 0.997613 0.61301 -98063.8 16.6877 
5370 0.997615 0.150017 -98064.1 16.7193 
5380 0.997615 -0.895719 -98064.1 16.7505 
5390 0.997615 -0.883589 -98064.1 16.7816 
5400 0.997615 0.808529 -98064.1 16.8128 
5410 0.997679 -0.286768 -98064.4 16.8418 
5420 0.997693 -0.649015 -98064.5 16.8752 
5430 0.997737 0.851897 -98067.6 16.9095 
5440 0.997737 -0.757132 -98067.6 16.9407 
5450 0.997737 0.0341453 -98067.6 16.9718 
5460 0.997733 0.806676 -98067.2 17.0006 
5470 0.997718 -0.315053 -98066.3 17.0346 
5480 0.997631 0.975859 -98055.9 17.0681 
5490 0.997631 0.780171 -98055.9 17.0933 
5500 0.997649 0.745047 -98058.3 17.1239 
5510 0.997607 -0.643695 -98054.2 17.1556 
5520 0.997607 0.202672 -98054.2 17.1834 
5530 0.997634 0.126776 -98055.8 17.2159 
5540 0.997634 -0.293804 -98055.8 17.2438 
5550 0.997634 0.543436 -98055.8 17.2719 
5560 0.997572 0.742967 -98050.2 17.3048 
5570 0.997616 -0.870907 -98053.1 17.3377 
5580 0.997616 -0.567103 -98053.1 17.3685 
5590 0.997622 0.0603562 -98053.5 17.3966 
5600 0.997622 0.781594 -98053.5 17.4244 
5610 0.99777 -0.239966 -98067.1 17.4545 
5620 0.99777 -0.288644 -98067.1 17.4824 
5630 0.997763 0.265399 -98066.2 17.5136 
5640 0.997728 0.628095 -98063.1 17.5458 
5650 0.997728 -0.378094 -98063 17.5735 
5660 0.99765 -0.829403 -98060 17.6038 
5670 0.997673 0.569254 -98062.5 17.6359 
5680 0.997661 0.69746 -98065.3 17.6717 
5690 0.99763 0.277123 -98063.7 17.7048 
5700 0.99763 0.0383769 -98063.7 17.7355 
5710 0.997664 0.880846 -98065.3 17.7656 
5720 0.997632 0.144439 -98061.9 17.7982 
5730 0.997639 -0.83724 -98064.3 17.8283 
5740 0.997638 0.567658 -98064.2 17.8593 
5750 0.997774 -0.0253802 -98073.8 17.8948 
5760 0.997671 0.663507 -98066.3 17.928 
5770 0.997667 0.0994399 -98066.5 17.9583 
5780 0.997667 -0.793624 -98066.5 17.9891 
5790 0.99767 -0.514459 -98066.9 18.0201 
5800 0.997664 0.938105 -98066.1 18.0453 
5810 0.997664 -0.0388087 -98066.1 18.0731 
5820 0.997696 -0.576596 -98069 18.106 
5830 0.997674 0.244876 -98066.3 18.1376 
5840 0.997674 -0.331214 -98066.3 18.1684 
5850 0.997686 0.225083 -98067.7 18.1993 
5860 0.997704 0.51207 -98070.1 18.2313 
5870 0.997712 -0.0852019 -98071.5 18.2612 
5880 0.997699 0.766634 -98071.3 18.2934 
5890 0.997715 -0.492824 -98074.9 18.3281 
5900 0.997724 -0.853371 -98074.9 18.3617 
5910 0.997703 0.843575 -98072.4 18.3942 
5920 0.997665 0.0625755 -98071.2 18.4271 
5930 0.997664 0.283316 -98071 18.4579 
5940 0.997664 0.531269 -98071 18.4887 
5950 0.997677 -0.872608 -98072.1 18.5204 
5960 0.997677 0.189032 -98072.2 18.5514 
5970 0.997703 0.669022 -98074.9 18.5757 
5980 0.997686 -0.518254 -98072.4 18.6026 
5990 0.997681 0.574376 -98073 18.6318 
6000 0.997681 -0.121646 -98073 18.6624 
6010 0.997681 -0.449077 -98070.2 18.6938 
6020 0.997683 0.232762 -98066.5 18.7268 
6030 0.997621 -0.24136 -98062.9 18.76 
6040 0.997567 0.147914 -98060.3 18.7941 
6050 0.997562 0.773783 -98060.1 18.8254 
6060 0.997562 0.554068 -98060.1 18.8561 
6070 0.997503 0.672655 -98048.2 18.8923 
6080 0.997501 0.138183 -98050.7 18.9253 
6090 0.997501 -0.102517 -98050.7 18.956 
6100 0.997496 0.187517 -98047.5 18.9906 
6110 0.997496 0.929512 -98047.5 19.0185 
6120 0.997501 -0.819383 -98047.9 19.0463 
6130 0.997501 -0.0204682 -98047.9 19.0743 
6140 0.997546 -0.504606 -98049.9 19.1071 
6150 0.997543 0.444709 -98049.5 19.1351 
6160 0.997552 0.855999 -98051 19.1654 
6170 0.997547 0.554747 -98051.4 19.1944 
6180 0.997547 -0.847964 -98051.4 19.2222 
6190 0.997645 0.77506 -98061.7 19.2555 
6200 0.997566 -0.763423 -98052.9 19.2858 
6210 0.997562 0.872293 -98052.4 19.3138 
6220 0.997562 -0.459125 -98052.4 19.3444 
6230 0.997562 0.55938 -98052.4 19.3756 
6240 0.997601 0.348641 -98055.4 19.4074 
6250 0.997601 -0.00706616 -98055.5 19.4381 
6260 0.997585 -0.954104 -98056.4 19.4641 
6270 0.997609 0.292556 -98061.2 19.4967 
6280 0.997572 -0.975732 -98057.3 19.5259 
6290 0.997555 -0.389815 -98055.8 19.5575 
6300 0.997554 0.256968 -98060.4 19.589 
6310 0.997698 -0.987637 -98066.6 19.6238 
6320 0.997698 -0.844419 -98066.6 19.6516 
6330 0.997677 0.690511 -98064 19.6832 
6340 0.997677 -0.348637 -98064.1 19.714 
6350 0.997677 0.426845 -98064.1 19.7418 
6360 0.997677 -0.415241 -98064.1 19.7696 
6370 0.997674 -0.56377 -98063.8 19.8004 
6380 0.997674 0.0163521 -98063.8 19.8282 
6390 0.997745 0.538171 -98068.3 19.8608 
6400 0.99774 0.74291 -98067.9 19.8892 
6410 0.997753 -0.29151 -98070.8 19.9242 
6420 0.99775 0.937499 -98070.6 19.9556 
6430 0.99774 0.432238 -98069.5 19.9841 
6440 0.997738 0.250367 -98069.7 20.0158 
6450 0.997726 0.727806 -98066.9 20.0451 
6460 0.997726 0.462953 -98066.9 20.0735 
6470 0.997555 -0.903096 -98061.2 20.1057 
6480 0.997555 0.385809 -98061.2 20.1335 
6490 0.997579 0.2727 -98063 20.1662 
6500 0.997579 0.725919 -98063.1 20.1911 
6510 0.997662 0.274315 -98070.1 20.2248 
6520 0.997706 0.924512 -98071.4 20.2585 
6530 0.997772 -0.425895 -98076.8 20.2918 
6540 0.997757 0.943465 -98078 20.3169 
6550 0.997757 -0.988538 -98077.9 20.3418 
6560 0.997712 -0.043787 -98075.8 20.3757 
6570 0.997712 0.602305 -98075.8 20.4064 
6580 0.997722 0.312296 -98076.5 20.4345 
6590 0.997722 0.702316 -98076.5 20.4624 
6600 0.997722 0.0960278 -98076.5 20.4931 
6610 0.99767 0.395014 -98074.1 20.5221 
6620 0.99767 0.845029 -98074.2 20.5471 
6630 0.99767 0.886671 -98074.2 20.5777 
6640 0.997654 0.760252 -98072.9 20.609 
6650 0.997654 -0.754514 -98072.9 20.6397 
6660 0.99772 -0.205148 -98075.1 20.6681 
6670 0.99772 0.0826273 -98075.1 20.6959 
6680 0.997703 0.460104 -98073.9 20.7279 
6690 0.997748 0.0302305 -98079.5 20.7625 
6700 0.997754 -0.565982 -98080.3 20.7914 
6710 0.997761 0.371433 -98080.9 20.8229 
6720 0.997744 0.443529 -98078.3 20.8522 
6730 0.997744 -0.71408 -98078.3 20.8829 
6740 0.997685 0.801032 -98075.1 20.9121 
6750 0.997659 -0.217382 -98076.1 20.9465 
6760 0.99766 -0.425862 -98076.1 20.9772 
6770 0.997657 -0.530975 -98075.9 21.0081 
6780 0.997683 -0.659688 -98077.4 21.0399 
6790 0.997587 0.46146 -98064.4 21.073 
6800 0.997588 0.866122 -98065.2 21.1045 
6810 0.997588 0.37289 -98065.2 21.1294 
6820 0.997611 -0.567324 -98065.9 21.1623 
6830 0.997583 -0.174304 -98062.5 21.1955 
6840 0.997614 -0.444948 -98063.7 21.2289 
6850 0.997563 -0.845817 -98061.1 21.2621 
6860 0.997641 -0.824756 -98069.9 21.2956 
6870 0.997565 -0.255318 -98062.4 21.3291 
6880 0.997565 0.873934 -98062.4 21.3598 
6890 0.997559 0.927895 -98060.7 21.3903 
6900 0.997583 -0.335615 -98059.6 21.4234 
6910 0.997539 -0.921782 -98058.9 21.4498 
6920 0.997539 0.973004 -98058.9 21.4747 
6930 0.997526 -0.0243395 -98056.7 21.5073 
6940 0.997526 0.482514 -98056.7 21.538 
6950 0.997512 0.806099 -98054.3 21.5695 
6960 0.997512 -0.953991 -98054.3 21.6006 
6970 0.997519 -0.271544 -98055.2 21.6322 
6980 0.997596 -0.0411478 -98066 21.6678 
6990 0.997715 -0.0242203 -98073 21.701 
7000 0.997765 0.167395 -98078.6 21.7354 
7010 0.997783 0.487039 -98079.5 21.7639 
7020 0.997753 0.993909 -98076.4 21.7937 
7030 0.997693 0.0637117 -98074.5 21.8267 
7040 0.997683 0.706448 -98068.7 21.8543 
7050 0.997689 0.053178 -98070.2 21.8851 
7060 0.997678 -0.422121 -98069.2 21.9166 
7070 0.997624 0.443293 -98063.6 21.9495 
7080 0.997548 0.106355 -98057.4 21.983 
7090 0.997553 0.000838817 -98057.9 22.0141 
7100 0.997559 0.1134 -98059.2 22.0422 
7110 0.997549 0.0292502 -98058.3 22.0736 
7120 0.997581 0.0527681 -98058.8 22.1096 
7130 0.997547 0.651559 -98056.9 22.1408 
7140 0.997547 0.652292 -98056.9 22.1716 
7150 0.997547 0.725554 -98056.9 22.2023 
7160 0.997547 -0.147166 -98056.9 22.2329 
7170 0.997617 -0.175154 -98061.5 22.2619 
7180 0.997613 0.755328 -98066.9 22.2923 
7190 0.99762 -0.324346 -98067.1 22.3243 
7200 0.997652 -0.735594 -98069.2 22.3565 
7210 0.997652 -0.795991 -98069.2 22.3843 
7220 0.997678 -0.392251 -98070.4 22.4181 
7230 0.997567 0.132635 -98064 22.4515 
7240 0.997567 0.682755 -98064 22.4822 
7250 0.997553 0.390734 -98064.9 22.5164 
7260 0.997596 -0.0981864 -98064.6 22.5495 
7270 0.997605 0.159167 -98065.6 22.5809 
7280 0.997608 0.417046 -98065.8 22.6122 
7290 0.997571 0.58749 -98063.9 22.6452 
7300 0.997565 0.660632 -98063.4 22.6735 
7310 0.997565 0.853178 -98063.4 22.7014 
7320 0.997565 0.637886 -98063.4 22.7291 
7330 0.997557 0.774347 -98061.4 22.7599 
7340 0.997557 -0.980972 -98061.4 22.7906 
7350 0.997583 -0.0471439 -98064.3 22.8261 
7360 0.997602 -0.569151 -98066 22.8614 
7370 0.997602 -0.973494 -98066.1 22.8921 
7380 0.997583 0.412028 -98061.2 22.9191 
7390 0.997583 -0.948381 -98061.2 22.9498 
7400 0.997583 0.89368 -98061.2 22.9775 
7410 0.99757 0.108247 -98060.4 23.0092 
7420 0.99757 -0.741529 -98060.4 23.0371 
7430 0.99757 -0.361638 -98060.4 23.0678 
7440 0.997566 0.479876 -98061 23.0995 
7450 0.997565 0.734893 -98060.9 23.1289 
7460 0.997564 -0.616477 -98063.1 23.1618 
7470 0.997608 -0.0149261 -98066.1 23.1885 
7480 0.997615 -0.696911 -98068.9 23.2189 
7490 0.997651 -0.544451 -98073 23.2507 
7500 0.997595 -0.582866 -98063.3 23.2853 
7510 0.997595 -0.417402 -98063.3 23.3163 
7520 0.997608 -0.0253946 -98063.7 23.3452 
7530 0.997638 0.830074 -98068.8 23.3762 
7540 0.997638 -0.310709 -98068.8 23.4068 
7550 0.997636 -0.000948913 -98068.4 23.4347 
7560 0.997546 0.355127 -98068.1 23.4676 
7570 0.997564 0.299187 -98069.4 23.4988 
7580 0.997628 0.971028 -98072.2 23.5317 
7590 0.997645 0.407688 -98073.7 23.5626 
7600 0.997561 -0.984051 -98069.8 23.5958 
7610 0.997568 0.0990633 -98073.7 23.6291 
7620 0.99755 -0.150446 -98068.1 23.6643 
7630 0.997585 0.88322 -98068.8 23.6947 
7640 0.997646 -0.107194 -98072.3 23.7279 
7650 0.997645 -0.863513 -98072.2 23.7587 
7660 0.997645 0.194447 -98072.2 23.7895 
7670 0.997647 -0.00618066 -98074.5 23.8226 
7680 0.997642 0.0246482 -98073 23.855 
7690 0.997684 -0.269834 -98069.9 23.8882 
7700 0.997684 -0.890027 -98069.9 23.9189 
7710 0.99763 -0.528154 -98070.7 23.9483 
7720 0.997629 -0.861083 -98070.7 23.979 
7730 0.997627 0.668435 -98070.6 24.0099 
7740 0.997671 -0.908188 -98072.4 24.0394 
7750 0.997587 -0.313521 -98071.9 24.0714 
7760 0.997587 0.984986 -98071.9 24.1024 
7770 0.997631 0.167231 -98072.8 24.1342 
7780 0.997633 0.412175 -98074.3 24.1692 
7790 0.997752 -0.521882 -98076.4 24.1996 
7800 0.997691 0.483341 -98076.3 24.2334 
7810 0.997691 -0.598669 -98076.3 24.2612 
7820 0.997672 -0.471099 -98077.3 24.2945 
7830 0.997663 -0.855049 -98072.9 24.3265 
7840 0.997664 -0.212703 -98072.9 24.3572 
7850 0.997688 -0.0563013 -98074.3 24.3852 
7860 0.997534 -0.751924 -98062.5 24.42 
7870 0.997557 0.648464 -98065.6 24.4492 
7880 0.997512 -0.922061 -98061.4 24.4837 
7890 0.997419 0.251956 -98057.2 24.5155 
7900 0.997406 0.935039 -98056.1 24.5467 
7910 0.997427 0.0582041 -98057.8 24.5748 
7920 0.997528 0.367185 -98074.1 24.6097 
7930 0.997511 -0.946203 -98072.9 24.6396 
7940 0.997581 0.0659612 -98075.3 24.6716 
7950 0.997581 0.55677 -98074.9 24.6966 
7960 0.997557 0.67674 -98072.9 24.7219 
7970 0.997548 -0.311365 -98072.1 24.753 
7980 0.997506 0.275742 -98067.9 24.7851 
7990 0.997506 -0.0442974 -98067.9 24.8158 
8000 0.997607 0.887279 -98069.8 24.8493 
8010 0.997492 -0.195463 -98067 24.8796 
8020 0.997613 -0.721713 -98073.2 24.9097 
8030 0.997637 -0.0673587 -98075.9 24.9362 
8040 0.997644 -0.190614 -98076.2 24.968 
8050 0.997606 0.770973 -98073.5 25.0012 
8060 0.997606 0.270454 -98073.5 25.0261 
8070 0.997634 -0.653069 -98075.7 25.0585 
8080 0.997634 0.765036 -98075.7 25.0864 
8090 0.997634 -0.593825 -98075.7 25.1171 
8100 0.997634 0.159052 -98075.7 25.1449 
8110 0.997548 -0.540183 -98073.8 25.1779 
8120 0.9976 0.18857 -98077.3 25.2109 
8130 0.997649 -0.827769 -98069.8 25.2385 
8140 0.997647 0.737713 -98069.5 25.2665 
8150 0.997653 0.50808 -98070.2 25.2977 
8160 0.997653 -0.461252 -98070.2 25.3225 
8170 0.997653 0.250374 -98070.2 25.3533 
8180 0.997653 0.805604 -98070.2 25.3841 
8190 0.99761 0.585852 -98067.5 25.4126 
8200 0.99761 0.138856 -98067.5 25.4433 
8210 0.997587 -0.431479 -98060.4 25.4755 
8220 0.997618 0.837655 -98061 25.5029 
8230 0.997631 0.12919 -98063.1 25.5355 
8240 0.997639 0.312246 -98056.2 25.5645 
8250 0.997657 -0.198179 -98057.1 25.5979 
8260 0.997659 0.922252 -98057.4 25.6289 
8270 0.997669 -0.816393 -98057.4 25.6615 
8280 0.997735 -0.72717 -98064.4 25.6915 
8290 0.997735 0.876221 -98064.4 25.7222 
8300 0.997715 -0.887123 -98069 25.7553 
8310 0.997753 -0.235573 -98069 25.7868 
8320 0.99775 -0.296298 -98068.8 25.818 
8330 0.99775 -0.481248 -98068.8 25.8487 
8340 0.997663 -0.785019 -98060.1 25.8775 
8350 0.997502 -0.707013 -98059.3 25.9123 
8360 0.997491 -0.283709 -98057.3 25.9407 
8370 0.997459 0.905706 -98056.1 25.9725 
8380 0.997446 -0.176188 -98057.2 26.0025 
8390 0.997422 -0.841206 -98053.6 26.0357 
8400 0.997422 0.142656 -98053.6 26.0635 
8410 0.99741 -0.0604798 -98051.4 26.0959 
8420 0.997397 -0.349247 -98050.1 26.1239 
8430 0.997417 0.111998 -98047.4 26.1541 
8440 0.997416 0.298863 -98047.9 26.1824 
8450 0.997452 0.907258 -98052.2 26.2158 
8460 0.997454 0.130822 -98052.5 26.2439 
8470 0.997439 0.0223299 -98052.9 26.2768 
8480 0.997502 -0.608461 -98057.7 26.3108 
8490 0.997502 -0.456087 -98057.8 26.3415 
8500 0.997502 -0.250105 -98057.8 26.3693 
8510 0.997463 -0.773203 -98054.6 26.3984 
8520 0.997567 -0.343573 -98064.4 26.4276 
8530 0.997532 -0.83136 -98062.7 26.4606 
8540 0.997515 -0.379708 -98061.4 26.4916 
8550 0.997515 0.691707 -98061.4 26.5223 
8560 0.997515 -0.397535 -98061.4 26.5473 
8570 0.997515 -0.314358 -98061.4 26.5751 
8580 0.997495 -0.757559 -98061.2 26.608 
8590 0.997436 0.677232 -98055.6 26.6401 
8600 0.99746 -0.160202 -98057.1 26.6713 
8610 0.997423 0.880539 -98054.4 26.7032 
8620 0.99742 0.75575 -98055.7 26.7363 
8630 0.997436 0.210556 -98056.4 26.7676 
8640 0.997589 -0.269342 -98061.8 26.7998 
8650 0.997595 0.920247 -98062.1 26.828 
8660 0.997599 -0.00240822 -98062.2 26.8558 
8670 0.997599 0.287674 -98062.2 26.8837 
8680 0.997675 0.606569 -98073.7 26.9167 
8690 0.997675 -0.770915 -98073.7 26.9475 
8700 0.997672 0.54999 -98075 26.9809 
8710 0.997629 0.160553 -98071.1 27.0126 
8720 0.997624 0.853791 -98070.7 27.0406 
8730 0.997525 -0.821656 -98064.5 27.0718 
8740 0.997577 -0.514364 -98063.5 27.104 
8750 0.99758 -0.865729 -98063.9 27.135 
8760 0.997454 -0.187244 -98057.2 27.168 
8770 0.997428 0.272304 -98052.8 27.2026 
8780 0.997428 -0.658916 -98052.6 27.2276 
8790 0.997435 0.87485 -98053.2 27.2558 
8800 0.997455 -0.271335 -98058.7 27.2839 
8810 0.997483 -0.0274574 -98054.7 27.3172 
8820 0.997494 -0.168501 -98063.3 27.3504 
8830 0.997618 -0.408278 -98072.7 27.385 
8840 0.99758 -0.62643 -98069.8 27.4177 
8850 0.99758 0.935816 -98069.8 27.4485 
8860 0.997555 0.867897 -98068.6 27.482 
8870 0.997471 0.432164 -98059.4 27.5151 
8880 0.997536 0.126997 -98065.8 27.5479 
8890 0.997535 0.126659 -98065.6 27.5789 
8900 0.997556 0.430708 -98067.9 27.6115 
8910 0.997527 0.157614 -98065.4 27.6398 
8920 0.997548 -0.652912 -98068.4 27.6727 
8930 0.997532 -0.88377 -98067.2 27.7027 
8940 0.997536 -0.351578 -98067.5 27.7335 
8950 0.997536 -0.336546 -98067.5 27.7642 
8960 0.997476 -0.337971 -98062.4 27.8015 
8970 0.997476 0.560621 -98062.4 27.8323 
8980 0.997452 0.755414 -98060.3 27.8633 
8990 0.997456 -0.989473 -98061.3 27.8956 
9000 0.997486 -0.828242 -98063.5 27.9277 
9010 0.997486 0.105264 -98063.5 27.9584 
9020 0.997529 -0.866796 -98067.8 27.9914 
9030 0.997467 0.858483 -98059.4 28.0269 
9040 0.997471 -0.378909 -98059.1 28.0556 
9050 0.997459 0.134536 -98067.1 28.0945 
9060 0.997459 0.189164 -98067.1 28.1194 
9070 0.997496 -0.512913 -98064.3 28.1532 
9080 0.997486 0.344247 -98063.9 28.1865 
9090 0.997454 -0.091078 -98061.1 28.2193 
9100 0.997451 -0.0903722 -98060.8 28.2505 
9110 0.997439 0.672887 -98064.3 28.2839 
9120 0.997451 -0.617451 -98065.6 28.3151 
9130 0.997463 -0.237577 -98066.8 28.3435 
9140 0.997459 -0.729909 -98066.5 28.372 
9150 0.997459 -0.571289 -98066.5 28.4027 
9160 0.997491 0.0919979 -98062 28.4347 
9170 0.997541 -0.101164 -98068 28.4671 
9180 0.997559 0.859531 -98067.3 28.4996 
9190 0.997559 -0.733687 -98067.3 28.5302 
9200 0.997558 0.182535 -98067.2 28.5609 
9210 0.997558 0.800013 -98067.2 28.5916 
9220 0.997551 -0.905641 -98066.6 28.6203 
9230 0.997551 -0.559867 -98066.6 28.651 
9240 0.997519 0.656741 -98066.9 28.6808 
9250 0.997523 -0.0855349 -98067.2 28.709 
9260 0.997521 0.471063 -98067 28.74 
9270 0.997497 0.0818342 -98064.8 28.771 
9280 0.997499 -0.651379 -98064.9 28.8018 
9290 0.997426 -0.878581 -98062.4 28.8356 
9300 0.997425 -0.85927 -98062.4 28.8663 
9310 0.997406 0.0979263 -98060.9 28.8975 
9320 0.997602 -0.86342 -98068.1 28.9296 
9330 0.997634 0.866936 -98068.9 28.9636 
9340 0.997492 0.946245 -98060.5 28.9963 
9350 0.99747 0.0167638 -98060.1 29.0299 
9360 0.997588 -0.339521 -98070.4 29.0628 
9370 0.997583 -0.0961188 -98070.2 29.0941 
9380 0.997558 0.895625 -98067.7 29.1239 
9390 0.997603 -0.847459 -98067.5 29.1556 
9400 0.997614 -0.707281 -98072.4 29.1851 
9410 0.997621 -0.487391 -98072.9 29.2172 
9420 0.997621 -0.861445 -98072.9 29.2449 
9430 0.997613 0.449214 -98071.9 29.2731 
9440 0.997613 0.175548 -98071.9 29.298 
9450 0.997527 -0.948417 -98067.7 29.3278 
9460 0.997464 0.986785 -98065.8 29.3547 
9470 0.997422 0.759712 -98064.7 29.3896 
9480 0.997422 0.144626 -98064.7 29.4204 
9490 0.997528 0.765233 -98071.1 29.4539 
9500 0.997528 -0.970032 -98071.1 29.4846 
9510 0.997528 0.555354 -98071.1 29.5126 
9520 0.997532 0.141632 -98071.3 29.5456 
9530 0.997616 -0.818826 -98076.5 29.5766 
9540 0.997623 -0.557178 -98074.4 29.6092 
9550 0.997623 0.947576 -98074.4 29.64 
9560 0.997578 0.335622 -98071.6 29.6728 
9570 0.997487 0.224543 -98061.3 29.7055 
9580 0.997501 0.786149 -98064.2 29.735 
9590 0.997482 -0.823242 -98063.8 29.7678 
9600 0.997482 -0.033938 -98063.8 29.7958 
9610 0.997482 -0.408723 -98063.8 29.8207 
9620 0.997472 -0.871748 -98062.8 29.8492 
9630 0.997499 -0.473748 -98066.7 29.8787 
9640 0.997486 -0.860511 -98068.6 29.916 
9650 0.997462 0.0435008 -98068.3 29.9494 
9660 0.997462 0.353207 -98068.3 29.9803 
9670 0.997462 0.108497 -98068.3 30.011 
9680 0.997462 0.0214364 -98068.3 30.0388 
9690 0.997452 0.338065 -98065.2 30.0688 
9700 0.997468 -0.176901 -98065.4 30.1021 
9710 0.997468 0.0258773 -98065.4 30.1328 
9720 0.997467 0.659685 -98065.3 30.1639 
9730 0.997459 -0.393997 -98066.1 30.1989 
9740 0.997541 0.113643 -98066.8 30.2272 
9750 0.997541 -0.733522 -98066.8 30.2579 
9760 0.99754 -0.737174 -98066.9 30.2893 
9770 0.99754 0.967594 -98066.9 30.3202 
9780 0.997567 -0.814449 -98068.4 30.3533 
9790 0.997567 0.400817 -98068.4 30.3841 
9800 0.997567 0.687777 -98068.4 30.4119 
9810 0.997581 -0.651696 -98068.7 30.4449 
9820 0.997451 -0.618151 -98061.2 30.478 
9830 0.997437 -0.651447 -98060 30.5094 
9840 0.997436 -0.483648 -98060 30.5401 
9850 0.997409 -0.0252025 -98056.6 30.5697 
9860 0.997387 0.309532 -98057.5 30.606 
9870 0.997401 0.51256 -98057.1 30.6387 
9880 0.997396 -0.833357 -98057.8 30.6739 
9890 0.997398 -0.327954 -98058 30.705 
9900 0.99746 -0.6168 -98062.7 30.7372 
9910 0.997461 0.459486 -98062.8 30.7684 
9920 0.997432 0.651839 -98061 30.7975 
9930 0.997436 0.857527 -98058.5 30.8325 
9940 0.997432 0.274362 -98058.1 30.8634 
9950 0.997433 -0.544727 -98058.1 30.8941 
9960 0.997432 -0.869151 -98058.1 30.9247 
9970 0.997432 -0.264445 -98058.1 30.9525 
9980 0.997433 -0.087922 -98058.1 30.9832 
9990 0.997461 -0.345308 -98064.8 31.0158 
10000 0.997619 0.844432 -98065.5 31.0468 
