0 1 1 -98304 0 
10 1 0.109499 -98304 0.0291681 
20 1 0.291992 -98303.9 0.0605091 
30 1 -0.411655 -98303.9 0.0889733 
40 1 -0.0494932 -98304 0.120371 
50 0.999999 -0.68027 -98303.9 0.151024 
60 0.999999 -0.458343 -98303.8 0.180181 
70 0.999999 0.124428 -98303.8 0.209022 
80 0.999999 -0.557196 -98303.8 0.240315 
90 0.999999 -0.206424 -98303.8 0.268919 
100 0.998991 0.492211 -98199.4 0.303055 
110 0.998991 0.586338 -98199.4 0.335608 
120 0.998847 -0.0184659 -98180.6 0.369856 
130 0.998599 0.793705 -98151.7 0.403813 
140 0.998507 -0.186265 -98140.1 0.437382 
150 0.998507 -0.26798 -98140.1 0.467415 
160 0.998446 0.762259 -98133.2 0.497313 
170 0.998193 0.0497051 -98113.3 0.528137 
180 0.998295 0.403572 -98125.6 0.561995 
190 0.998806 0.617804 -98174.7 0.598219 
200 0.998782 -0.350561 -98171.9 0.627021 
210 0.99877 -0.120568 -98170.7 0.660415 
220 0.99877 0.806283 -98170.7 0.690022 
230 0.99877 0.611066 -98170.7 0.718497 
240 0.99877 -0.623311 -98170.7 0.750425 
250 0.99877 -0.795228 -98170.7 0.776123 
260 0.99877 0.773223 -98170.8 0.807413 
270 0.99877 0.403369 -98170.8 0.841583 
280 0.99877 -0.135412 -98170.8 0.873646 
290 0.998767 -0.686186 -98170.5 0.90638 
300 0.998767 -0.599119 -98170.5 0.935311 
310 0.998767 -0.0153182 -98170.5 0.967438 
320 0.99865 0.156184 -98161.1 1.00126 
330 0.99865 -0.793383 -98161.2 1.02936 
340 0.99865 0.687513 -98161.1 1.06161 
350 0.998851 0.840384 -98177.1 1.09388 
360 0.998406 0.778098 -98137.9 1.12748 
370 0.998405 -0.167226 -98137.9 1.15994 
380 0.99821 0.47059 -98128.9 1.19106 
390 0.998118 -0.585813 -98119.1 1.22459 
400 0.998146 -0.363117 -98118.2 1.25891 
410 0.998159 -0.684816 -98119.6 1.29136 
420 0.998295 -0.59346 -98135.2 1.32577 
430 0.99834 -0.255624 -98141.2 1.35581 
440 0.998321 -0.927582 -98139.5 1.38854 
450 0.998335 0.689624 -98140.7 1.42329 
460 0.998353 -0.574301 -98143.1 1.45049 
470 0.998353 -0.761791 -98143.1 1.48188 
480 0.998355 0.308824 -98144.4 1.51178 
490 0.998364 0.562407 -98145.6 1.54523 
500 0.998351 0.0906456 -98145.6 1.57782 
510 0.998063 -0.631283 -98123.3 1.61117 
520 0.998087 0.566425 -98125.5 1.64326 
530 0.998087 -0.685154 -98125.5 1.67175 
540 0.998081 -0.428004 -98121.2 1.70854 
550 0.99808 0.466853 -98121.1 1.74119 
560 0.997905 0.262161 -98102 1.77568 
570 0.997918 -0.691044 -98103.1 1.80735 
580 0.997986 0.427375 -98110.9 1.83736 
590 0.99785 0.650768 -98102 1.87183 
600 0.997789 0.335036 -98097.4 1.9089 
610 0.997809 -0.449268 -98095.9 1.94349 
620 0.997809 -0.731985 -98095.9 1.977 
630 0.997822 0.631816 -98094.4 2.01449 
640 0.997774 0.87585 -98088.2 2.04851 
650 0.997779 -2.10623e-05 -98088.8 2.07958 
660 0.997722 -0.203823 -98084.3 2.11246 
670 0.997698 0.453076 -98081 2.14274 
680 0.997699 0.276843 -98081 2.17605 
690 0.997713 0.454712 -98082.4 2.21002 
700 0.997696 -0.27232 -98080.9 2.24192 
710 0.997696 -0.592546 -98081 2.27364 
720 0.997696 0.423218 -98081 2.30518 
730 0.997565 -0.75689 -98077 2.33979 
740 0.997586 -0.866298 -98075.8 2.37456 
750 0.997503 0.278534 -98068.3 2.40867 
760 0.997611 -0.960526 -98077.1 2.44187 
770 0.997918 0.652754 -98100.2 2.47639 
780 0.997927 -0.283235 -98097.4 2.50852 
790 0.997586 -0.339844 -98072.6 2.54133 
800 0.997579 0.3316 -98071.4 2.57559 
810 0.997563 -0.289575 -98070.4 2.60816 
820 0.997556 -0.510396 -98071.5 2.64362 
830 0.997557 0.319994 -98070 2.68026 
840 0.997536 -0.524563 -98068.6 2.71348 
850 0.997536 -0.767391 -98068.7 2.74234 
860 0.99754 -0.651141 -98069.1 2.77384 
870 0.997527 -0.734186 -98067.6 2.80866 
880 0.997545 0.513759 -98067.7 2.84275 
890 0.997606 0.146372 -98077.5 2.8747 
900 0.997578 -0.0866143 -98073.8 2.90633 
910 0.997578 -0.707817 -98073.7 2.9348 
920 0.997561 -0.846513 -98073.2 2.9674 
930 0.997605 0.131124 -98076.8 3.00231 
940 0.997603 -0.357829 -98076.7 3.03505 
950 0.997614 -0.928993 -98078.1 3.06405 
960 0.997626 -0.450049 -98078 3.09467 
970 0.997626 -0.671459 -98077.8 3.127 
980 0.997555 0.987655 -98068.9 3.16352 
990 0.997621 -0.542451 -98074.2 3.19612 
1000 0.997596 0.132241 -98066.5 3.23161 
1010 0.997597 -0.608542 -98066.5 3.26317 
1020 0.997612 0.224706 -98072.6 3.30155 
1030 0.997563 0.655603 -98072 3.3356 
1040 0.997593 0.686856 -98071.9 3.36925 
1050 0.997653 -0.964956 -98071.5 3.39744 
1060 0.997681 0.319015 -98074.3 3.42806 
1070 0.997681 -0.699553 -98074.2 3.45933 
1080 0.997724 0.00787305 -98073.8 3.48677 
1090 0.997615 0.561513 -98060.5 3.52092 
1100 0.997702 0.589601 -98069.5 3.55289 
1110 0.997686 -0.516618 -98063.6 3.5826 
1120 0.997565 0.435971 -98056.1 3.6194 
1130 0.997558 0.575439 -98056.3 3.65486 
1140 0.99764 -0.679979 -98063.8 3.68868 
1150 0.997688 0.294787 -98068.7 3.71912 
1160 0.997688 0.464599 -98068.7 3.74824 
1170 0.997688 0.774404 -98068.7 3.77936 
1180 0.997668 -0.50563 -98065.6 3.81197 
1190 0.997576 0.759322 -98056 3.84847 
1200 0.997576 -0.438401 -98056 3.87537 
1210 0.997576 0.137907 -98056 3.90357 
1220 0.99758 0.39127 -98056.5 3.93491 
1230 0.99758 0.548995 -98056.6 3.96331 
1240 0.99758 -0.32073 -98056.5 3.99131 
1250 0.99764 0.0356794 -98061.8 4.02797 
1260 0.99764 -0.166157 -98061.8 4.05596 
1270 0.997489 -0.760059 -98062.3 4.08908 
1280 0.997482 0.539006 -98061.9 4.12388 
1290 0.997513 0.73818 -98061.4 4.15882 
1300 0.997486 -0.0927685 -98059.9 4.19274 
1310 0.997486 -0.956559 -98059.9 4.22373 
1320 0.997505 -0.196826 -98061.5 4.25688 
1330 0.997552 0.50071 -98069.1 4.2859 
1340 0.997555 -0.488814 -98069.6 4.32133 
1350 0.997583 -0.823747 -98071.3 4.35465 
1360 0.997601 -0.677479 -98071.8 4.3895 
1370 0.997601 0.109261 -98071.8 4.42059 
1380 0.997628 0.845307 -98073.7 4.45435 
1390 0.997628 0.306417 -98073.7 4.48572 
1400 0.997488 -0.792552 -98061.5 4.51979 
1410 0.997567 -0.968556 -98058 4.55113 
1420 0.997594 -0.327682 -98061.3 4.5849 
1430 0.997559 0.418136 -98061 4.61931 
1440 0.997558 0.562645 -98061.7 4.65353 
1450 0.997559 -0.920947 -98061.9 4.68206 
1460 0.997515 -0.636988 -98059.3 4.70902 
1470 0.997371 -0.258253 -98049.4 4.74545 
1480 0.997363 -0.155882 -98048.6 4.77844 
1490 0.997454 0.596599 -98053.3 4.80781 
1500 0.997418 0.207293 -98052.8 4.84202 
1510 0.997402 -0.00657461 -98053.1 4.8785 
1520 0.99744 0.366069 -98056 4.91192 
1530 0.997443 -0.191608 -98056.9 4.94558 
1540 0.99747 0.394503 -98059.4 4.97814 
1550 0.997522 0.704716 -98064.6 5.0117 
1560 0.997495 -0.898836 -98065.6 5.04131 
1570 0.997472 0.556944 -98064.7 5.07453 
1580 0.997513 -0.585243 -98064 5.10872 
1590 0.997647 -0.564064 -98067.3 5.14232 
1600 0.997611 -0.699529 -98065.3 5.17675 
1610 0.997644 -0.30074 -98071.7 5.21087 
1620 0.997604 -0.596157 -98070.6 5.24254 
1630 0.997619 0.286459 -98062.3 5.27571 
1640 0.997655 0.982417 -98062.3 5.30577 
1650 0.997648 -0.892678 -98061.5 5.33477 
1660 0.997654 -0.540906 -98062.1 5.36703 
1670 0.997664 -0.141934 -98063.2 5.39905 
1680 0.997664 -0.1001 -98063.2 5.42781 
1690 0.997671 -0.0475779 -98063.9 5.45962 
1700 0.997535 -0.449459 -98067.6 5.49803 
1710 0.997546 0.508008 -98069 5.52661 
1720 0.997527 0.199128 -98067.5 5.56091 
1730 0.997519 0.366194 -98066.7 5.59316 
1740 0.997545 0.386754 -98069 5.62327 
1750 0.997545 0.173048 -98069 5.65217 
1760 0.997547 -0.145553 -98069.2 5.68464 
1770 0.997515 0.738381 -98070 5.71892 
1780 0.997519 0.842953 -98068.4 5.75618 
1790 0.997566 -0.623699 -98070.6 5.78783 
1800 0.997566 -0.276456 -98070.6 5.82003 
1810 0.997479 0.562912 -98061.5 5.8494 
1820 0.997479 0.212572 -98061.5 5.88172 
1830 0.997492 -0.670738 -98061.7 5.91206 
1840 0.9975 0.564893 -98063.4 5.94619 
1850 0.9975 0.270861 -98063.4 5.97761 
1860 0.9975 0.665033 -98063.4 6.00957 
1870 0.99747 -0.473915 -98058.1 6.04271 
1880 0.997447 0.550835 -98056.1 6.07672 
1890 0.997433 -0.136911 -98053.6 6.10949 
1900 0.997433 -0.475678 -98053.6 6.14187 
1910 0.997387 -0.772683 -98049.1 6.17707 
1920 0.997387 0.517909 -98049.1 6.20853 
1930 0.997398 0.233739 -98050.2 6.23942 
1940 0.997516 0.764362 -98058.6 6.26887 
1950 0.997517 0.597426 -98058.7 6.29433 
1960 0.997517 0.972626 -98058.7 6.32346 
1970 0.997518 0.563375 -98058.7 6.35484 
1980 0.997526 0.632066 -98059.3 6.38388 
1990 0.997554 0.10827 -98061.4 6.41803 
2000 0.997591 -0.49387 -98063.2 6.45143 
2010 0.997591 -0.502105 -98063.2 6.47936 
2020 0.997534 -0.707529 -98062.9 6.50725 
2030 0.997534 -0.575257 -98062.9 6.53591 
2040 0.997544 -0.844388 -98064.1 6.56839 
2050 0.997489 -0.955665 -98060.8 6.60239 
2060 0.997487 0.163439 -98060.2 6.63657 
2070 0.997517 -0.957664 -98063 6.66826 
2080 0.997502 -0.644096 -98062.6 6.70371 
2090 0.997573 -0.290768 -98068.6 6.74254 
2100 0.997573 -0.640776 -98068.6 6.772 
2110 0.997378 0.00310457 -98054.8 6.8011 
2120 0.997339 -0.29273 -98060.3 6.83518 
2130 0.997363 -0.968601 -98060.7 6.86877 
2140 0.997328 -0.679872 -98058.2 6.8982 
2150 0.997499 -0.800615 -98075.5 6.93368 
2160 0.997499 0.632719 -98075.5 6.9653 
2170 0.997499 0.497595 -98075.5 6.99611 
2180 0.997509 0.784711 -98074.9 7.02834 
2190 0.997649 -0.0125385 -98075.7 7.0592 
2200 0.997602 0.326532 -98079 7.09539 
2210 0.997654 -0.629734 -98080.8 7.12244 
2220 0.997621 0.036323 -98077.8 7.15799 
2230 0.997621 0.425967 -98077.8 7.18606 
2240 0.997546 0.571277 -98073.4 7.21997 
2250 0.997539 0.572874 -98072.4 7.24874 
2260 0.997476 0.280755 -98067.8 7.28546 
2270 0.997374 -0.127046 -98060.4 7.31934 
2280 0.997419 -0.339138 -98068.6 7.34991 
2290 0.997419 -0.4696 -98068.7 7.38206 
2300 0.997404 -0.950273 -98067.7 7.41368 
2310 0.9975 -0.713157 -98075.2 7.44637 
2320 0.9975 0.149868 -98075.1 7.4792 
2330 0.9975 -0.807619 -98074.6 7.5127 
2340 0.997435 0.850203 -98070.8 7.54312 
2350 0.99745 -0.245893 -98072.7 7.57534 
2360 0.997414 -0.884607 -98069.2 7.60618 
2370 0.997419 -0.144308 -98069.7 7.63785 
2380 0.997419 -0.833525 -98069.7 7.66957 
2390 0.997415 0.663504 -98069.2 7.70208 
2400 0.997441 0.810302 -98069.3 7.73597 
2410 0.997441 0.44737 -98069.2 7.76701 
2420 0.997525 0.276798 -98070.5 7.80046 
2430 0.997526 0.740181 -98070.6 7.82927 
2440 0.997592 -0.114637 -98074.3 7.86143 
2450 0.997624 -0.65065 -98073.4 7.89259 
2460 0.997612 -0.174344 -98066.7 7.92278 
2470 0.997612 -0.478187 -98062.7 7.95953 
2480 0.997523 0.816001 -98057.2 7.9882 
2490 0.997522 0.783321 -98057.1 8.02131 
2500 0.997522 0.402755 -98057 8.04989 
2510 0.997539 -0.949076 -98059.5 8.08495 
2520 0.997539 0.206505 -98059.5 8.11638 
2530 0.997539 -0.146548 -98059.5 8.14748 
2540 0.997539 -0.145204 -98059.5 8.179 
2550 0.997569 -0.00486984 -98062.2 8.21395 
2560 0.997575 -0.802272 -98062.7 8.24259 
2570 0.997592 -0.0269233 -98065.9 8.27328 
2580 0.997581 0.655143 -98064.3 8.30552 
2590 0.997487 -0.59472 -98057.7 8.33724 
2600 0.99751 0.167873 -98059.6 8.36725 
2610 0.997461 -0.407917 -98056.3 8.40095 
2620 0.997479 -0.86542 -98058.4 8.43212 
2630 0.997513 0.175112 -98066.1 8.46744 
2640 0.997377 0.605709 -98053 8.50345 
2650 0.9974 -0.246976 -98054.4 8.53551 
2660 0.997423 -0.379187 -98057.5 8.57076 
2670 0.99735 -0.816193 -98053.7 8.60658 
2680 0.997384 -0.791854 -98056.4 8.63993 
2690 0.997398 -0.639725 -98057.5 8.67327 
2700 0.997399 0.441006 -98057.6 8.70509 
2710 0.997408 -0.0355862 -98055.9 8.73722 
2720 0.997434 -0.501957 -98057.2 8.77074 
2730 0.997434 0.287946 -98057.2 8.79878 
2740 0.997441 -0.548736 -98058.3 8.82871 
2750 0.997447 -0.926844 -98057.3 8.86275 
2760 0.997346 0.550746 -98056.7 8.89645 
2770 0.997508 -0.67698 -98065.9 8.92905 
2780 0.997497 0.163311 -98065.1 8.96152 
2790 0.997516 -0.924472 -98065.8 8.99173 
2800 0.997564 0.0507647 -98063.5 9.02912 
2810 0.997612 -0.913142 -98063.7 9.05863 
2820 0.997614 -0.137707 -98063.3 9.09412 
2830 0.997612 -0.678929 -98063 9.12543 
2840 0.997606 -0.445144 -98066.9 9.15941 
2850 0.997606 -0.4212 -98066.9 9.19034 
2860 0.997606 -0.813108 -98066.9 9.21943 
2870 0.99753 -0.330305 -98061.9 9.25477 
2880 0.997552 0.0745448 -98063.5 9.2836 
2890 0.997552 -0.986924 -98063.6 9.31589 
2900 0.997588 -0.452086 -98072.8 9.3514 
2910 0.997608 -0.0822651 -98075 9.38146 
2920 0.997603 -0.780574 -98074.6 9.41159 
2930 0.997586 -0.590733 -98072.5 9.44475 
2940 0.997588 -0.299794 -98072.6 9.47767 
2950 0.997589 -0.729825 -98072.7 9.50354 
2960 0.997675 -0.298015 -98079.5 9.53397 
2970 0.997675 0.529075 -98079.5 9.56717 
2980 0.997675 -0.054092 -98079.5 9.59636 
2990 0.997603 0.213986 -98071.8 9.6324 
3000 0.99751 -0.850722 -98064.2 9.66256 
3010 0.99751 -0.398121 -98064.2 9.69386 
3020 0.997582 0.426313 -98070.9 9.72817 
3030 0.997611 -0.353603 -98072.8 9.76412 
3040 0.997615 0.575437 -98074 9.7997 
3050 0.997628 0.3542 -98075.2 9.83298 
3060 0.99764 0.660888 -98075.6 9.86634 
3070 0.997631 0.0957172 -98074.7 9.90192 
3080 0.997499 0.320115 -98069 9.93738 
3090 0.99745 -0.0104498 -98063.2 9.97533 
3100 0.997471 -0.77844 -98065.3 10.0069 
3110 0.997471 0.126298 -98065.3 10.0386 
3120 0.997471 -0.808883 -98065.5 10.0723 
3130 0.997471 -0.951211 -98065.5 10.1005 
3140 0.997471 -0.497694 -98065.5 10.1317 
3150 0.997555 -0.214095 -98064.8 10.1672 
3160 0.997555 0.269589 -98064.8 10.1996 
3170 0.997556 -0.218035 -98064.8 10.2311 
3180 0.997556 -0.769565 -98064.8 10.2641 
3190 0.997557 0.311014 -98064.9 10.2966 
3200 0.997557 -0.211691 -98065 10.3287 
3210 0.997559 0.534097 -98065 10.362 
3220 0.997559 0.26498 -98065 10.3943 
3230 0.997558 -0.474329 -98064.6 10.4171 
3240 0.997657 -0.796102 -98075.4 10.4519 
3250 0.997649 -0.20287 -98076.1 10.4763 
3260 0.997707 -0.137066 -98079.2 10.5138 
3270 0.997687 0.573751 -98077.6 10.5482 
3280 0.997663 0.487765 -98075.6 10.5814 
3290 0.997663 -0.626661 -98075.6 10.6133 
3300 0.997663 0.339788 -98075.6 10.6418 
3310 0.997588 -0.82339 -98067 10.6797 
3320 0.997588 0.320915 -98067 10.7124 
3330 0.997588 0.820408 -98067 10.7407 
3340 0.997588 0.867571 -98067 10.7687 
3350 0.997571 -0.914212 -98065.5 10.801 
3360 0.997571 -0.337391 -98065.5 10.8322 
3370 0.99759 0.088498 -98067.9 10.863 
3380 0.997611 0.540403 -98069.8 10.8934 
3390 0.997608 0.884669 -98069.4 10.9275 
3400 0.997757 0.306555 -98075.4 10.963 
3410 0.997816 -0.359778 -98082 10.999 
3420 0.997746 0.865809 -98078.9 11.033 
3430 0.997769 -0.737895 -98079.4 11.0687 
3440 0.997704 -0.658057 -98079.1 11.0988 
3450 0.997745 -0.0178804 -98081.8 11.1348 
3460 0.997727 -0.783192 -98080.8 11.167 
3470 0.997727 -0.814905 -98080.8 11.1939 
3480 0.997618 0.265786 -98071.9 11.2321 
3490 0.997617 -0.027458 -98068.3 11.266 
3500 0.997618 0.178552 -98068 11.2945 
3510 0.997633 0.93154 -98068.1 11.3247 
3520 0.997582 0.074255 -98063.8 11.3573 
3530 0.997592 0.60178 -98060.6 11.3903 
3540 0.997498 -0.647593 -98050.7 11.4212 
3550 0.997632 -0.0635598 -98064.2 11.4586 
3560 0.997673 0.940984 -98070.7 11.4944 
3570 0.997673 -0.287551 -98070.7 11.5225 
3580 0.997673 -0.939388 -98070.7 11.5541 
3590 0.997654 -0.388114 -98068.4 11.5885 
3600 0.997648 -0.930229 -98066.9 11.6159 
3610 0.997567 0.974001 -98067.8 11.6535 
3620 0.997566 -0.247421 -98067.7 11.6858 
3630 0.997566 0.252802 -98067.7 11.7185 
3640 0.99758 -0.134481 -98061.6 11.7533 
3650 0.997641 0.530575 -98068.2 11.7872 
3660 0.997641 0.701425 -98067.5 11.8206 
3670 0.997497 0.320092 -98072.9 11.8582 
3680 0.997541 -0.154833 -98076.3 11.8886 
3690 0.997512 -0.517873 -98076.9 11.9238 
3700 0.997512 -0.802085 -98076.9 11.9554 
3710 0.997513 -0.282182 -98076.9 11.9832 
3720 0.997478 0.151821 -98072.8 12.0171 
3730 0.997486 -0.849927 -98071.8 12.0525 
3740 0.997494 -0.255219 -98072.3 12.0878 
3750 0.997478 -0.533516 -98070.5 12.1242 
3760 0.997478 -0.465652 -98070.5 12.1558 
3770 0.997476 0.386204 -98070.4 12.1887 
3780 0.997457 0.0912794 -98068.7 12.2267 
3790 0.997457 -0.0427904 -98068.7 12.2589 
3800 0.997525 0.391534 -98072 12.294 
3810 0.997503 0.101336 -98070.4 12.3263 
3820 0.997497 -0.982377 -98069.8 12.3599 
3830 0.997497 0.515296 -98069.8 12.3921 
3840 0.997497 -0.415096 -98069.7 12.4244 
3850 0.997504 0.173037 -98074.6 12.4534 
3860 0.997501 0.222309 -98074.3 12.4816 
3870 0.997692 -0.237529 -98083.1 12.519 
3880 0.997699 0.332765 -98083.8 12.5436 
3890 0.997725 -0.584292 -98086.6 12.5746 
3900 0.997725 0.860987 -98086.7 12.6064 
3910 0.99761 -0.21041 -98078.6 12.6396 
3920 0.99764 0.293416 -98081.1 12.6722 
3930 0.997557 0.349728 -98074.3 12.7069 
3940 0.997557 -0.305042 -98074.3 12.7372 
3950 0.997557 0.457061 -98074.3 12.7664 
3960 0.997571 -0.877914 -98068.8 12.804 
3970 0.997572 0.712668 -98068.9 12.8367 
3980 0.997485 -0.710569 -98061.6 12.8704 
3990 0.997472 -0.747045 -98060.4 12.899 
4000 0.997463 -0.410753 -98058.6 12.9325 
4010 0.997475 -0.134095 -98059.8 12.9611 
4020 0.997489 0.261006 -98061.2 12.9932 
4030 0.997489 -0.357796 -98061.2 13.0254 
4040 0.997489 0.619925 -98060.9 13.0549 
4050 0.997489 0.53768 -98060.9 13.0875 
4060 0.997489 -0.0248141 -98060.8 13.1201 
4070 0.997521 0.610969 -98061.4 13.1564 
4080 0.99752 -0.820586 -98059.8 13.1897 
4090 0.997555 0.00255018 -98062 13.2258 
4100 0.997585 -0.0993733 -98062.7 13.2601 
4110 0.997525 -0.650087 -98061.7 13.29 
4120 0.997526 0.415588 -98061.7 13.3211 
4130 0.997615 -0.883514 -98070.4 13.355 
4140 0.997577 -0.439435 -98065.6 13.3825 
4150 0.997576 0.578094 -98065.6 13.4131 
4160 0.997566 0.359256 -98063.8 13.4488 
4170 0.997566 -0.948703 -98063.8 13.4745 
4180 0.997551 -0.676291 -98062.1 13.5073 
4190 0.997564 -0.296718 -98063.8 13.5399 
4200 0.997628 -0.507426 -98071.3 13.5729 
4210 0.997626 -0.315434 -98071.2 13.6062 
4220 0.997589 0.828432 -98062.1 13.6372 
4230 0.997432 -0.894033 -98059 13.6699 
4240 0.997432 -0.0652113 -98059 13.7015 
4250 0.997472 -0.543359 -98067.5 13.7366 
4260 0.997546 -0.731232 -98071.9 13.773 
4270 0.997546 -0.340153 -98071.9 13.8042 
4280 0.997555 -0.469592 -98070.8 13.8392 
4290 0.997408 0.891797 -98063.3 13.874 
4300 0.997408 -0.306705 -98063.3 13.9055 
4310 0.997576 0.182904 -98067.7 13.9409 
4320 0.997506 0.272039 -98065.5 13.9769 
4330 0.997497 0.0147272 -98066.8 14.0071 
4340 0.997501 -0.816055 -98063.8 14.04 
4350 0.997501 0.268522 -98069.5 14.0756 
4360 0.99752 0.41381 -98071.2 14.1056 
4370 0.99752 0.702908 -98071.2 14.1318 
4380 0.997532 -0.940946 -98072.2 14.164 
4390 0.997532 0.67234 -98072.2 14.1955 
4400 0.997455 -0.948628 -98063.7 14.2257 
4410 0.997616 -0.0831662 -98073.3 14.2595 
4420 0.997536 -0.812623 -98064.1 14.2976 
4430 0.997536 -0.665966 -98064.1 14.3312 
4440 0.997536 0.11956 -98064.1 14.3624 
4450 0.997544 -0.704728 -98065.1 14.3952 
4460 0.997544 0.154536 -98065.1 14.4283 
4470 0.997547 -0.144815 -98065.5 14.4612 
4480 0.99754 -0.598721 -98064.3 14.4938 
4490 0.997526 0.578065 -98063.2 14.5293 
4500 0.997525 0.930342 -98062.6 14.5617 
4510 0.997622 -0.265228 -98066.8 14.5948 
4520 0.997706 0.397539 -98069.2 14.625 
4530 0.997701 0.146244 -98069.2 14.6582 
4540 0.997655 0.598978 -98067.6 14.6933 
4550 0.99759 -0.516035 -98068.5 14.724 
4560 0.99759 -0.548971 -98068.5 14.757 
4570 0.99759 -0.592409 -98068.5 14.7897 
4580 0.99759 -0.840437 -98068.5 14.8207 
4590 0.99759 0.262238 -98068.5 14.8533 
4600 0.997577 0.692472 -98062.3 14.8856 
4610 0.997574 -0.502726 -98060.5 14.9157 
4620 0.997574 -0.2193 -98060.4 14.9482 
4630 0.997625 -0.153269 -98067.3 14.9819 
4640 0.997629 -0.452921 -98065.9 15.0156 
4650 0.997616 -0.340613 -98065.5 15.0505 
4660 0.997547 0.604428 -98064.2 15.082 
4670 0.997547 -0.852542 -98064.2 15.1136 
4680 0.997549 0.862745 -98064.4 15.1473 
4690 0.997549 0.0511795 -98064.4 15.1783 
4700 0.997674 -0.144418 -98075.4 15.2116 
4710 0.99762 0.869805 -98066.2 15.2442 
4720 0.99769 0.697108 -98078 15.2811 
4730 0.997606 -0.651135 -98072.2 15.3152 
4740 0.997606 0.914998 -98072.2 15.3453 
4750 0.997567 0.778589 -98069 15.3819 
4760 0.997574 0.780501 -98065.6 15.4131 
4770 0.997585 -0.301798 -98066.7 15.444 
4780 0.997584 -0.280135 -98065.9 15.4752 
4790 0.99756 -0.309506 -98063.5 15.5085 
4800 0.997572 0.00659436 -98063.1 15.545 
4810 0.997547 -0.471288 -98065.5 15.5852 
4820 0.997548 -0.370734 -98066 15.619 
4830 0.997618 -0.00864355 -98070.9 15.6517 
4840 0.997621 -0.861634 -98062.6 15.6877 
4850 0.997612 0.60138 -98059.7 15.7199 
4860 0.997572 -0.211858 -98060.1 15.7548 
4870 0.997572 0.707869 -98060.1 15.7835 
4880 0.997544 -0.471629 -98064.7 15.8154 
4890 0.997602 0.198049 -98066.3 15.8473 
4900 0.997602 0.95536 -98066.3 15.8724 
4910 0.997655 -0.447971 -98070.2 15.9067 
4920 0.997651 -0.205259 -98071.4 15.9377 
4930 0.997651 -0.940125 -98071.4 15.9708 
4940 0.997653 -0.00343087 -98071.6 16.004 
4950 0.997653 -0.980563 -98071.6 16.0371 
4960 0.997655 0.0227397 -98066.5 16.0724 
4970 0.997655 -0.191341 -98066.5 16.104 
4980 0.997684 0.740898 -98070.8 16.1302 
4990 0.997687 -0.762501 -98071 16.1633 
5000 0.997639 -0.788579 -98066.4 16.2005 
5010 0.997616 0.904304 -98063.4 16.2334 
5020 0.997616 -0.654843 -98063.4 16.2631 
5030 0.997616 -0.91751 -98063.4 16.2922 
5040 0.997615 -0.527135 -98063.3 16.3186 
5050 0.997614 -0.935208 -98063.1 16.3516 
5060 0.997516 0.273631 -98056.8 16.3835 
5070 0.997518 0.052922 -98057.1 16.4167 
5080 0.997519 0.336329 -98057.2 16.4497 
5090 0.997504 0.325634 -98054.8 16.4841 
5100 0.997619 0.77658 -98066.8 16.52 
5110 0.997619 -0.559372 -98066.8 16.5521 
5120 0.997693 0.764756 -98070.7 16.5844 
5130 0.997684 0.780566 -98069.9 16.6168 
5140 0.99769 -0.285259 -98070.2 16.6497 
5150 0.997704 -0.715111 -98071.3 16.6799 
5160 0.997704 0.0570275 -98071.2 16.7093 
5170 0.997704 -0.115249 -98071.3 16.7376 
5180 0.997686 -0.172389 -98069.5 16.7683 
5190 0.997703 0.957815 -98069 16.7975 
5200 0.99755 0.769443 -98056 16.8328 
5210 0.997551 0.127439 -98056 16.865 
5220 0.997519 -0.392198 -98053.5 16.9011 
5230 0.997452 0.471397 -98052 16.929 
5240 0.997478 -0.0712654 -98052.7 16.9602 
5250 0.997486 -0.491706 -98053.4 16.9894 
5260 0.997494 -0.74873 -98059.6 17.0235 
5270 0.997552 -0.556205 -98057.8 17.0616 
5280 0.997501 -0.401656 -98053.6 17.0935 
5290 0.99757 0.769469 -98055.8 17.1293 
5300 0.997612 0.576183 -98063.5 17.1645 
5310 0.99761 0.0563231 -98063.2 17.1973 
5320 0.997633 0.65361 -98069.3 17.2333 
5330 0.997644 -0.736585 -98074.2 17.2683 
5340 0.997644 -0.585203 -98074.2 17.3003 
5350 0.997644 -0.815222 -98074.2 17.3333 
5360 0.997644 0.971933 -98074.2 17.3623 
5370 0.997582 -0.0756029 -98069.2 17.3935 
5380 0.997623 0.345444 -98072.4 17.4307 
5390 0.997617 0.678468 -98069.9 17.4674 
5400 0.997574 -0.948819 -98066.6 17.5009 
5410 0.997574 -0.767965 -98066.6 17.5298 
5420 0.997574 -0.488112 -98066.6 17.5598 
5430 0.997552 0.57196 -98064.2 17.5969 
5440 0.997631 0.159686 -98069.6 17.6286 
5450 0.997597 0.166965 -98066.1 17.6636 
5460 0.997587 -0.0735715 -98064.5 17.6968 
5470 0.997583 0.744612 -98064.4 17.7239 
5480 0.997525 -0.5371 -98069.1 17.7608 
5490 0.997486 0.95071 -98070 17.7957 
5500 0.997501 -0.45996 -98063.1 17.8305 
5510 0.9976 -0.201212 -98064.2 17.867 
5520 0.997503 0.0457793 -98061.3 17.9001 
5530 0.9975 -0.717381 -98065.4 17.9379 
5540 0.997448 -0.300848 -98062.8 17.972 
5550 0.997454 -0.308734 -98063.5 18.0046 
5560 0.997465 0.197028 -98060.2 18.0386 
5570 0.997488 -0.644432 -98063.9 18.0734 
5580 0.997488 0.539491 -98063.9 18.1032 
5590 0.997484 -0.439559 -98058.9 18.1392 
5600 0.997484 -0.31137 -98058.9 18.1711 
5610 0.99751 0.582094 -98061 18.2062 
5620 0.997495 -0.960562 -98059.9 18.2383 
5630 0.997445 -0.689715 -98056.5 18.2734 
5640 0.997438 -0.506062 -98055.5 18.3061 
5650 0.99749 -0.0131315 -98060.3 18.3374 
5660 0.997515 0.753196 -98062.7 18.3719 
5670 0.99751 -0.76568 -98062.3 18.4015 
5680 0.99751 0.59576 -98062.3 18.4336 
5690 0.997514 0.213844 -98062.7 18.4592 
5700 0.997504 -0.827863 -98062.2 18.4967 
5710 0.997504 -0.555466 -98062.2 18.5295 
5720 0.997491 -0.271913 -98062.3 18.5613 
5730 0.997494 0.924946 -98062.6 18.5933 
5740 0.997513 0.870818 -98064.9 18.6268 
5750 0.997536 0.00926491 -98071.1 18.6609 
5760 0.997534 0.634343 -98070.9 18.69 
5770 0.997518 -0.185297 -98075.5 18.7251 
5780 0.997552 -0.199505 -98076.9 18.7601 
5790 0.997665 0.901922 -98084.5 18.7939 
5800 0.997604 0.833766 -98079.9 18.8277 
5810 0.997527 0.581641 -98073.9 18.8645 
5820 0.997527 0.994994 -98074 18.8948 
5830 0.997527 -0.788868 -98074 18.9262 
5840 0.997527 0.313533 -98074 18.9553 
5850 0.997512 0.552963 -98073.7 18.9871 
5860 0.997526 -0.82751 -98074.5 19.0206 
5870 0.997526 0.0535414 -98074.4 19.0532 
5880 0.9976 -0.984175 -98080.3 19.0877 
5890 0.997568 -0.257908 -98077.3 19.1211 
5900 0.997648 -0.246591 -98080.3 19.1556 
5910 0.997657 -0.866664 -98081.7 19.1854 
5920 0.997664 0.69003 -98082.5 19.2182 
5930 0.997667 0.73253 -98082.9 19.2504 
5940 0.997667 0.975419 -98082.9 19.2798 
5950 0.997667 -0.362976 -98082.9 19.3117 
5960 0.997523 0.145786 -98071.2 19.3477 
5970 0.997421 0.264509 -98064.4 19.3831 
5980 0.997415 -0.577241 -98069.8 19.4177 
5990 0.997439 0.682836 -98071.5 19.4528 
6000 0.99746 -0.281736 -98066.6 19.4875 
6010 0.997463 0.985012 -98067 19.5161 
6020 0.997466 0.760553 -98067.3 19.5497 
6030 0.997484 -0.0203825 -98067.9 19.5823 
6040 0.997484 0.190086 -98067.9 19.6137 
6050 0.997468 0.530504 -98065.9 19.645 
6060 0.997474 0.350036 -98066.3 19.6778 
6070 0.997624 0.815666 -98078.4 19.7117 
6080 0.997474 -0.147069 -98077.8 19.7457 
6090 0.997479 0.140814 -98078 19.775 
6100 0.997479 -0.93415 -98078 19.8066 
6110 0.997374 -0.872064 -98069.7 19.8402 
6120 0.997382 -0.398445 -98071.1 19.8707 
6130 0.997473 -0.444893 -98065.9 19.9027 
6140 0.997476 0.817867 -98066.1 19.9354 
6150 0.997526 -0.0662704 -98067.3 19.9702 
6160 0.997526 -0.432387 -98067.3 20.0019 
6170 0.997584 0.650603 -98072.2 20.0363 
6180 0.997615 0.688443 -98076.3 20.0684 
6190 0.997615 -0.721286 -98076.4 20.0977 
6200 0.997615 -0.612927 -98076.4 20.1266 
6210 0.997596 -0.561643 -98074.6 20.161 
6220 0.997511 0.0308979 -98067.2 20.1965 
6230 0.997475 -0.0435477 -98069.2 20.2252 
6240 0.997475 0.162238 -98069.2 20.255 
6250 0.997426 -0.89282 -98065.4 20.2878 
6260 0.997457 0.807896 -98067.9 20.3206 
6270 0.997398 -0.0636323 -98063.4 20.3557 
6280 0.997435 0.681611 -98064.8 20.3882 
6290 0.997544 -0.222309 -98067.4 20.4161 
6300 0.997545 -0.618398 -98067.9 20.446 
6310 0.997545 -0.91748 -98067.9 20.4756 
6320 0.997539 0.622431 -98067.9 20.509 
6330 0.997539 -0.743847 -98067.9 20.5379 
6340 0.99762 0.320198 -98074.2 20.5754 
6350 0.99762 -0.0194081 -98074.2 20.6049 
6360 0.997566 0.0394763 -98068.9 20.639 
6370 0.997627 -0.0747559 -98076.6 20.673 
6380 0.997652 0.339233 -98079.9 20.7084 
6390 0.997654 0.281557 -98082 20.7446 
6400 0.997637 0.191278 -98081 20.7769 
6410 0.997639 0.466843 -98080 20.8136 
6420 0.997601 0.750361 -98076.5 20.847 
6430 0.997646 0.711192 -98080 20.8804 
6440 0.997657 -0.947213 -98081.1 20.9115 
6450 0.997678 -0.617006 -98083 20.9395 
6460 0.997622 0.791356 -98077.7 20.9737 
6470 0.997579 0.952906 -98070 21.0097 
6480 0.997716 -0.554071 -98078.1 21.0417 
6490 0.997712 0.931155 -98079.7 21.0735 
6500 0.997712 0.948869 -98081 21.1095 
6510 0.997739 -0.677521 -98082.3 21.1467 
6520 0.997739 -0.9139 -98082.3 21.1785 
6530 0.997739 0.404076 -98082.3 21.2122 
6540 0.997745 -0.748721 -98083.2 21.2398 
6550 0.997745 -0.784642 -98083.2 21.268 
6560 0.997695 -0.861479 -98084.6 21.3029 
6570 0.997693 -0.95031 -98083.3 21.3368 
6580 0.997676 0.368081 -98081.4 21.3696 
6590 0.997678 -0.528993 -98081 21.4026 
6600 0.997676 -0.605197 -98081 21.4353 
6610 0.997727 0.919196 -98085.8 21.4687 
6620 0.997643 -0.776582 -98082.3 21.5013 
6630 0.997602 -0.813696 -98073.3 21.5359 
6640 0.997602 0.65101 -98073.3 21.5673 
6650 0.997586 0.892105 -98073 21.6023 
6660 0.997539 0.140887 -98070 21.6374 
6670 0.997539 0.947578 -98070 21.6694 
6680 0.997539 0.739688 -98070 21.6979 
6690 0.997442 0.0970288 -98058.7 21.7326 
6700 0.997416 0.252855 -98057.4 21.7662 
6710 0.997415 -0.952502 -98056.3 21.8012 
6720 0.997497 0.452238 -98059.9 21.8339 
6730 0.997491 -0.327695 -98062.3 21.8696 
6740 0.997497 0.0731301 -98062.9 21.9017 
6750 0.997497 0.365869 -98062.9 21.933 
6760 0.997497 -0.137813 -98062.9 21.9653 
6770 0.997468 -0.332421 -98060 21.9995 
6780 0.997465 -0.146849 -98060 22.0293 
6790 0.997465 -0.814787 -98060 22.0587 
6800 0.997558 0.566254 -98065.5 22.0925 
6810 0.997625 -0.835386 -98071.2 22.1227 
6820 0.997625 0.349131 -98071.2 22.1563 
6830 0.997625 -0.729833 -98071.2 22.1883 
6840 0.997584 -0.936363 -98068.3 22.2208 
6850 0.997584 -0.0337312 -98068.3 22.2504 
6860 0.997616 -0.105293 -98070.9 22.2847 
6870 0.997554 -0.995759 -98064.8 22.3193 
6880 0.997571 -0.417451 -98069.6 22.3519 
6890 0.99765 0.225017 -98076.3 22.3847 
6900 0.997464 0.313651 -98060.9 22.4231 
6910 0.997519 0.830317 -98066.9 22.4579 
6920 0.997482 0.187847 -98064.1 22.4893 
6930 0.997482 -0.388721 -98064 22.5208 
6940 0.99746 -0.00626622 -98061.7 22.5496 
6950 0.997532 -0.1913 -98068.4 22.5844 
6960 0.997533 -0.746959 -98068.4 22.6142 
6970 0.997551 -0.439687 -98072.1 22.6474 
6980 0.997545 -0.850608 -98070.7 22.6774 
6990 0.997525 -0.0205352 -98064.5 22.709 
7000 0.997523 -0.883304 -98065 22.7372 
7010 0.997523 0.738585 -98064.9 22.7696 
7020 0.997541 0.312737 -98066.7 22.8086 
7030 0.99754 0.233902 -98066.6 22.8307 
7040 0.997527 0.328964 -98065.5 22.8614 
7050 0.997473 0.384767 -98062.3 22.8999 
7060 0.997486 -0.0548685 -98063.9 22.9334 
7070 0.997575 -0.600471 -98065.5 22.968 
7080 0.9975 -0.735462 -98048.5 22.9992 
7090 0.9975 0.288381 -98048.5 23.0276 
7100 0.9975 -0.426132 -98048.5 23.0571 
7110 0.9975 0.0589972 -98048.5 23.0895 
7120 0.99748 -0.318073 -98045.4 23.1252 
7130 0.99748 -0.78138 -98045.4 23.1567 
7140 0.9975 -0.942983 -98045.9 23.1876 
7150 0.9975 -0.546186 -98046 23.2169 
7160 0.997501 0.245489 -98046 23.2452 
7170 0.997449 0.374546 -98043 23.2771 
7180 0.997449 -0.315484 -98042.9 23.3085 
7190 0.99749 -0.147252 -98049.1 23.3396 
7200 0.997509 0.609537 -98049.9 23.37 
7210 0.997509 -0.558834 -98049.9 23.3986 
7220 0.997513 0.370315 -98049.9 23.4313 
7230 0.997495 0.0417168 -98044.4 23.4668 
7240 0.997555 -0.287903 -98052.3 23.5006 
7250 0.997555 -0.943742 -98052.3 23.5321 
7260 0.997577 0.345587 -98053.4 23.5669 
7270 0.997594 -0.832244 -98055 23.5992 
7280 0.997605 0.127173 -98056 23.6313 
7290 0.997607 -0.755196 -98056.2 23.662 
7300 0.99763 0.982532 -98061 23.6981 
7310 0.99763 0.085683 -98059.1 23.7346 
7320 0.997676 0.898321 -98059.2 23.7681 
7330 0.997676 -0.267943 -98059.2 23.8003 
7340 0.997648 -0.120243 -98057.8 23.8354 
7350 0.997678 -0.400811 -98062.5 23.8726 
7360 0.997678 0.176624 -98062.5 23.9012 
7370 0.997671 -0.464813 -98061.3 23.9308 
7380 0.997609 -0.00110802 -98060.8 23.9622 
7390 0.997606 -0.944499 -98060.4 23.9912 
7400 0.997559 -0.167742 -98059.9 24.0216 
7410 0.997559 -0.0854894 -98059.9 24.0553 
7420 0.997562 0.271245 -98060.2 24.0876 
7430 0.997499 -0.936707 -98055.7 24.1222 
7440 0.997499 -0.984867 -98055.7 24.1541 
7450 0.997542 -0.547734 -98062.1 24.193 
7460 0.997536 0.445963 -98060.9 24.2201 
7470 0.997557 -0.271399 -98064.5 24.2566 
7480 0.997565 0.9693 -98066.4 24.2916 
7490 0.997588 0.466488 -98069.3 24.3247 
7500 0.997652 0.00885418 -98064.8 24.3547 
7510 0.997652 0.260347 -98064.9 24.3877 
7520 0.997652 -0.734834 -98064.9 24.4199 
7530 0.997618 0.773964 -98055.2 24.456 
7540 0.997645 -0.478895 -98056 24.4902 
7550 0.997645 -0.47838 -98056 24.5163 
7560 0.997674 -0.0521972 -98059.2 24.5503 
7570 0.997781 -0.209872 -98070.6 24.5869 
7580 0.99771 0.294212 -98064.2 24.623 
7590 0.997798 0.906571 -98070 24.6584 
7600 0.9977 -0.200234 -98068.5 24.6924 
7610 0.997732 -0.5233 -98071.5 24.7292 
7620 0.99776 -0.94719 -98074.3 24.7618 
7630 0.99776 0.198957 -98074.3 24.7936 
7640 0.997719 -0.575117 -98070.5 24.826 
7650 0.997711 -0.821713 -98069.9 24.8621 
7660 0.99771 -0.130407 -98069.9 24.8927 
7670 0.997737 0.85988 -98069.4 24.9236 
7680 0.997738 -0.414329 -98069.2 24.9531 
7690 0.997747 -0.0966071 -98069.6 24.9857 
7700 0.997733 0.487949 -98069.4 25.0206 
7710 0.997728 0.107691 -98068.8 25.0516 
7720 0.997758 0.184912 -98068.7 25.0864 
7730 0.997758 0.542735 -98068.6 25.1164 
7740 0.997749 0.155509 -98069.2 25.1469 
7750 0.99771 0.78466 -98064.9 25.1787 
7760 0.997713 -0.958364 -98064.7 25.2118 
7770 0.997732 0.136244 -98067.2 25.2418 
7780 0.99775 0.501515 -98069.6 25.2771 
7790 0.997754 -0.0909103 -98071.7 25.3112 
7800 0.997799 0.266949 -98074.9 25.3403 
7810 0.997791 0.751988 -98074.2 25.3728 
7820 0.997791 0.622522 -98074.2 25.4048 
7830 0.997793 -0.926305 -98073.7 25.4385 
7840 0.997753 -0.852681 -98073.1 25.4704 
7850 0.997816 0.439714 -98076.9 25.5065 
7860 0.997808 0.139365 -98077.3 25.5388 
7870 0.997808 0.909628 -98077.3 25.5712 
7880 0.997703 0.40713 -98077.1 25.6016 
7890 0.997692 0.53219 -98077 25.6308 
7900 0.997673 0.0360967 -98073.4 25.6621 
7910 0.997521 -0.698209 -98068 25.6958 
7920 0.997537 0.806065 -98070.2 25.7289 
7930 0.997537 0.0393417 -98070.2 25.7629 
7940 0.997575 -0.30076 -98070.3 25.798 
7950 0.997574 0.538397 -98074.7 25.8315 
7960 0.997574 0.47825 -98074.7 25.8631 
7970 0.997574 0.389176 -98074.7 25.8965 
7980 0.997574 0.997307 -98074.8 25.9279 
7990 0.997574 -0.301317 -98074 25.9635 
8000 0.997553 -0.0416076 -98071.8 25.9995 
8010 0.997597 -0.052546 -98068.6 26.0356 
8020 0.997584 -0.36681 -98068.9 26.0689 
8030 0.997584 -0.678735 -98068.9 26.0985 
8040 0.997584 -0.830398 -98069 26.1277 
8050 0.997584 -0.491299 -98069 26.1597 
8060 0.997584 0.98549 -98069 26.1908 
8070 0.997584 -0.733077 -98069 26.2255 
8080 0.997584 -0.745314 -98069 26.2541 
8090 0.997589 0.339303 -98069 26.2884 
8100 0.997589 0.320324 -98069 26.3207 
8110 0.99757 -0.0344263 -98069.3 26.3553 
8120 0.997557 0.229818 -98068.2 26.3866 
8130 0.997548 -0.211957 -98069.5 26.4184 
8140 0.997537 0.152285 -98068.6 26.4517 
8150 0.997524 -0.750684 -98068.3 26.4819 
8160 0.997518 -0.308287 -98070.7 26.5124 
8170 0.997505 -0.0823534 -98069.2 26.5455 
8180 0.997471 -0.00582253 -98069.4 26.5758 
8190 0.997481 -0.388832 -98067.2 26.6076 
8200 0.997521 -0.159228 -98071.7 26.6382 
8210 0.997531 0.0110316 -98070.8 26.6704 
8220 0.997558 0.228993 -98074 26.7063 
8230 0.997558 0.176131 -98074 26.7361 
8240 0.997558 0.283571 -98074 26.7688 
8250 0.99755 0.688199 -98073.2 26.8028 
8260 0.99755 -0.461859 -98073.2 26.8348 
8270 0.997585 -0.361444 -98068.7 26.8715 
8280 0.997606 0.484119 -98071.3 26.9061 
8290 0.997577 0.248899 -98069.1 26.9358 
8300 0.99763 0.694407 -98073.9 26.9686 
8310 0.997629 -0.732813 -98073.9 27.0004 
8320 0.997623 -0.690972 -98070.5 27.0319 
8330 0.997623 0.525945 -98070.5 27.0635 
8340 0.997623 -0.680299 -98070.5 27.0933 
8350 0.997624 0.513855 -98070.5 27.1254 
8360 0.997624 -0.981811 -98070.4 27.1586 
8370 0.997624 0.819126 -98070.5 27.1881 
8380 0.997598 -0.834582 -98067.3 27.2185 
8390 0.997579 -0.576773 -98071.1 27.2485 
8400 0.997591 -0.920646 -98072.5 27.2761 
8410 0.997592 -0.835427 -98072.5 27.3051 
8420 0.997579 0.416604 -98071.5 27.3383 
8430 0.997572 -0.373853 -98070.8 27.3684 
8440 0.997572 -0.898263 -98070.8 27.4001 
8450 0.997595 -0.981372 -98073.3 27.4338 
8460 0.997586 -0.239411 -98072.7 27.4646 
8470 0.997586 -0.642874 -98072.7 27.4936 
8480 0.997535 -0.743482 -98071.1 27.5279 
8490 0.997551 -0.0476467 -98065.8 27.5585 
8500 0.997546 0.63291 -98067.3 27.5942 
8510 0.997546 -0.546058 -98067.3 27.6267 
8520 0.997529 -0.516566 -98068.2 27.6579 
8530 0.997529 0.359074 -98067.9 27.6907 
8540 0.997564 0.0212674 -98069.7 27.7227 
8550 0.997693 -0.98351 -98072.5 27.7579 
8560 0.997693 -0.731315 -98072.5 27.79 
8570 0.997693 -0.897317 -98072.5 27.8225 
8580 0.997693 0.672993 -98072.5 27.8553 
8590 0.997693 -0.102761 -98072.6 27.8874 
8600 0.997685 -0.860781 -98071.7 27.9208 
8610 0.997685 -0.412132 -98071.7 27.9509 
8620 0.99754 -0.139672 -98064.5 27.986 
8630 0.99754 0.724946 -98064.5 28.0183 
8640 0.99754 0.00301202 -98064.5 28.0504 
8650 0.997514 -0.546194 -98062.5 28.0823 
8660 0.997555 0.545509 -98062.4 28.1164 
8670 0.997523 -0.469581 -98059.2 28.1502 
8680 0.997518 -0.550936 -98058.8 28.1805 
8690 0.997496 0.846606 -98056.2 28.2066 
8700 0.997486 0.377574 -98060.2 28.2368 
8710 0.997494 -0.627655 -98061.4 28.2692 
8720 0.997494 0.47876 -98061.4 28.3001 
8730 0.997489 -0.193555 -98061.5 28.3348 
8740 0.997481 -0.0317088 -98061.4 28.366 
8750 0.997481 0.273526 -98061.4 28.397 
8760 0.997431 -0.965102 -98055.8 28.423 
8770 0.997368 -0.00135551 -98057.9 28.4583 
8780 0.997348 -0.85563 -98056.4 28.494 
8790 0.997388 0.512632 -98055.4 28.5269 
8800 0.997388 -0.98022 -98055.4 28.5583 
8810 0.997431 -0.425348 -98066.8 28.5926 
8820 0.997455 -0.426745 -98068.3 28.6269 
8830 0.997465 -0.728919 -98070.2 28.6585 
8840 0.997458 0.64355 -98069.2 28.6915 
8850 0.997527 -0.991271 -98072.4 28.7292 
8860 0.997553 -0.317373 -98072.1 28.761 
8870 0.997553 0.125345 -98072.1 28.7922 
8880 0.997554 0.59689 -98072.4 28.8223 
8890 0.997554 -0.117317 -98072.4 28.8558 
8900 0.997554 -0.896713 -98072.4 28.8883 
8910 0.997629 -0.210548 -98073.2 28.9232 
8920 0.997572 0.975826 -98068.5 28.9569 
8930 0.9976 0.892879 -98068.6 28.9869 
8940 0.9976 -0.804844 -98068.6 29.019 
8950 0.9976 0.274281 -98066.3 29.0536 
8960 0.997585 -0.610597 -98064.6 29.0871 
8970 0.997613 -0.564667 -98065.3 29.1218 
8980 0.99762 -0.830387 -98066.1 29.1516 
8990 0.997647 -0.694349 -98066.2 29.1851 
9000 0.997642 -0.474136 -98070.2 29.2178 
9010 0.997644 0.744191 -98070.3 29.2449 
9020 0.997584 0.782988 -98069.2 29.2769 
9030 0.997626 0.760075 -98066.3 29.3103 
9040 0.99762 0.19632 -98067 29.3481 
9050 0.997606 -0.937122 -98062.5 29.3836 
9060 0.997541 0.187305 -98060.4 29.4192 
9070 0.997541 0.687212 -98060.4 29.4484 
9080 0.997586 -0.0945315 -98064.1 29.4783 
9090 0.997642 0.351789 -98072.6 29.5142 
9100 0.997581 0.123239 -98068.2 29.5522 
9110 0.997589 0.820643 -98068.7 29.5901 
9120 0.997637 0.254326 -98069.7 29.6183 
9130 0.997511 0.109003 -98059.2 29.6524 
9140 0.997482 0.755154 -98054.9 29.6863 
9150 0.997482 0.635303 -98054.8 29.7186 
9160 0.997482 0.686374 -98054.8 29.7514 
9170 0.997435 -0.396856 -98050.9 29.7854 
9180 0.997435 -0.370299 -98050.9 29.8177 
9190 0.997459 0.505404 -98054.8 29.8517 
9200 0.997553 0.749059 -98060.2 29.8811 
9210 0.997553 -0.0381947 -98060.2 29.9142 
9220 0.997545 0.487119 -98059.4 29.9453 
9230 0.997641 -0.646694 -98070.9 29.9761 
9240 0.997643 0.500564 -98071.1 30.0087 
9250 0.997746 0.928307 -98077.8 30.046 
9260 0.997754 -0.296826 -98079.4 30.0788 
9270 0.997754 0.968444 -98079.4 30.1081 
9280 0.997754 -0.119977 -98079.5 30.1372 
9290 0.997793 -0.0780998 -98083 30.1725 
9300 0.99767 -0.274383 -98072.3 30.204 
9310 0.997668 -0.347561 -98072.4 30.2413 
9320 0.997633 0.136647 -98069.9 30.2771 
9330 0.997633 0.664083 -98069.9 30.3063 
9340 0.997624 -0.279337 -98068.5 30.3443 
9350 0.997624 0.947985 -98068.5 30.3771 
9360 0.997619 0.112684 -98068.1 30.406 
9370 0.997624 0.891537 -98068.8 30.4365 
9380 0.997621 0.400884 -98067.1 30.4715 
9390 0.997579 -0.24634 -98067 30.5048 
9400 0.997587 -0.481254 -98069.7 30.5392 
9410 0.997583 0.122459 -98069.2 30.5692 
9420 0.997635 0.0379193 -98064.3 30.6058 
9430 0.997644 0.159828 -98065.3 30.6381 
9440 0.997644 0.669914 -98065.3 30.6699 
9450 0.997616 -0.220404 -98062.6 30.6995 
9460 0.997622 -0.5611 -98062 30.727 
9470 0.997602 0.826633 -98060.4 30.7617 
9480 0.997621 0.751087 -98061 30.7955 
9490 0.997621 0.425445 -98061 30.8273 
9500 0.997621 0.829145 -98061 30.8566 
9510 0.997615 0.750316 -98060.5 30.8858 
9520 0.997611 -0.336615 -98060.2 30.9167 
9530 0.997602 0.312324 -98059.6 30.9465 
9540 0.997575 -0.54625 -98055.8 30.9823 
9550 0.997649 -0.214389 -98063 31.0133 
9560 0.997612 -0.70862 -98061.4 31.0467 
9570 0.997617 0.240577 -98056.8 31.0788 
9580 0.997579 -0.948692 -98060.9 31.1152 
9590 0.997575 -0.59289 -98060.2 31.1479 
9600 0.997575 -0.265421 -98060.3 31.1796 
9610 0.997568 0.723198 -98060 31.2102 
9620 0.997567 -0.50634 -98060 31.2358 
9630 0.997554 0.27263 -98064.5 31.2715 
9640 0.997579 0.772172 -98067.3 31.3065 
9650 0.99757 0.497761 -98069.5 31.3402 
9660 0.997602 -0.240421 -98071.9 31.3707 
9670 0.997602 0.902962 -98071.9 31.4022 
9680 0.997602 0.688893 -98071.9 31.4347 
9690 0.997607 -0.378104 -98072 31.4679 
9700 0.997602 -0.466321 -98070.4 31.5035 
9710 0.997602 0.227932 -98070.4 31.535 
9720 0.997597 0.291026 -98070 31.5656 
9730 0.99761 0.0315107 -98071 31.5985 
9740 0.99761 0.728417 -98071 31.6266 
9750 0.997614 -0.34273 -98071.4 31.6599 
9760 0.997614 -0.605357 -98071.4 31.6914 
9770 0.997565 -0.464775 -98065.9 31.7228 
9780 0.997565 -0.0113363 -98065.9 31.7535 
9790 0.997565 -0.928575 -98065.9 31.7843 
9800 0.997529 -0.878221 -98066.5 31.8174 
9810 0.997424 -0.0530597 -98062.6 31.8493 
9820 0.997487 -0.69527 -98070.8 31.8827 
9830 0.997494 -0.605884 -98071.4 31.9155 
9840 0.997454 0.496392 -98069.2 31.9467 
9850 0.997498 -0.207009 -98072.9 31.9811 
9860 0.997498 -0.58515 -98072.9 32.0011 
9870 0.997498 -0.321988 -98072.9 32.0337 
9880 0.997519 0.268283 -98074.7 32.0694 
9890 0.997524 0.824536 -98075 32.0987 
9900 0.997425 -0.76301 -98068.6 32.1355 
9910 0.997397 -0.159813 -98065.3 32.1643 
9920 0.997387 0.390816 -98066.3 32.2 
9930 0.997314 0.511007 -98060.6 32.232 
9940 0.997314 0.817043 -98060.6 32.2646 
9950 0.997352 -0.936361 -98064.3 32.3 
9960 0.997352 0.245778 -98064.3 32.3318 
9970 0.997424 -0.37066 -98065.4 32.3653 
9980 0.997425 -0.199608 -98065.6 32.3988 
9990 0.997434 0.339186 -98066.2 32.4312 
10000 0.997589 -0.958944 -98072.4 32.463 
