0 1 1 -98304 0 
10 0.999194 -0.091885 -98227.4 0.0339332 
20 0.99892 0.735908 -98194.2 0.0704784 
30 0.99882 0.138779 -98183.6 0.107387 
40 0.998345 -0.308774 -98147.4 0.143184 
50 0.998345 0.737487 -98147.4 0.175484 
60 0.998345 0.455272 -98147.4 0.205018 
70 0.998352 0.206804 -98148.2 0.240959 
80 0.998195 0.57507 -98135.1 0.279636 
90 0.998113 0.121188 -98127.8 0.309249 
100 0.998113 0.602595 -98127.8 0.340721 
110 0.998061 0.7982 -98123.2 0.380424 
120 0.997724 -0.920159 -98092.3 0.416953 
130 0.99767 0.5949 -98088 0.453593 
140 0.99767 0.034657 -98088 0.48808 
150 0.99767 0.148508 -98088 0.515135 
160 0.997555 0.757876 -98075.2 0.551802 
170 0.997249 0.395629 -98052.6 0.587318 
180 0.997249 0.68973 -98052.6 0.61675 
190 0.997217 0.199922 -98050.5 0.654737 
200 0.997236 0.65849 -98052.3 0.689553 
210 0.997236 -0.952776 -98052.3 0.726495 
220 0.998251 -0.393547 -98119.2 0.762233 
230 0.998251 -0.9781 -98119.3 0.792834 
240 0.998309 0.192686 -98121.8 0.83365 
250 0.998309 0.983728 -98121.8 0.867025 
260 0.998284 0.158414 -98119 0.901399 
270 0.998284 0.295583 -98119 0.935654 
280 0.998234 0.301324 -98116.3 0.974564 
290 0.998215 0.895348 -98113.5 1.00532 
300 0.998197 -0.84959 -98111.9 1.03913 
310 0.997977 0.190168 -98092.6 1.07599 
320 0.997955 0.309938 -98090.7 1.10335 
330 0.997967 0.186792 -98091.8 1.13806 
340 0.998023 -0.939927 -98099.7 1.1753 
350 0.998023 -0.942868 -98099.7 1.20923 
360 0.998023 -0.751572 -98099.7 1.24183 
370 0.997925 0.745054 -98092.3 1.27621 
380 0.997805 -0.76715 -98079.3 1.31707 
390 0.997791 0.97847 -98081.9 1.34868 
400 0.997791 -0.981658 -98081.9 1.38403 
410 0.997941 0.783403 -98093.2 1.42254 
420 0.997953 -0.662057 -98093.6 1.46547 
430 0.997946 -0.593527 -98092.1 1.4942 
440 0.997862 -0.714338 -98083 1.53092 
450 0.997885 0.369716 -98084.6 1.56731 
460 0.997885 -0.93574 -98082 1.60108 
470 0.997852 0.678238 -98079.9 1.63964 
480 0.997808 -0.601042 -98076.8 1.67746 
490 0.997836 0.0138999 -98080 1.71685 
500 0.997879 -0.744946 -98082.6 1.75054 
510 0.99791 -0.695678 -98082.8 1.78638 
520 0.997886 0.564624 -98079.8 1.82411 
530 0.997869 -0.00635029 -98078.4 1.84833 
540 0.99785 -0.988033 -98075.2 1.88694 
550 0.997936 -0.0771474 -98077.8 1.91229 
560 0.997961 0.237774 -98081 1.94717 
570 0.998036 -0.994973 -98087.1 1.98619 
580 0.998035 0.220469 -98087.2 2.01871 
590 0.998035 0.213292 -98087.2 2.0544 
600 0.998051 0.353222 -98092.7 2.0925 
610 0.998007 -0.70247 -98086.6 2.12859 
620 0.998011 -0.336499 -98087 2.16497 
630 0.998011 -0.801899 -98087 2.19359 
640 0.997997 -0.353954 -98083.8 2.23253 
650 0.997931 -0.108706 -98079.9 2.27015 
660 0.997944 0.0936323 -98080.8 2.29573 
670 0.997926 0.219768 -98081.6 2.33326 
680 0.997924 -0.29063 -98081.2 2.36941 
690 0.998003 -0.0154597 -98087.9 2.4021 
700 0.998003 -0.649557 -98087.9 2.43784 
710 0.997778 0.993659 -98070.5 2.47452 
720 0.997778 0.713256 -98070.5 2.50967 
730 0.997612 -0.208551 -98062.2 2.54329 
740 0.997536 -0.62372 -98056.5 2.58148 
750 0.99782 -0.187082 -98067.9 2.61642 
760 0.997803 0.0862215 -98066.1 2.64975 
770 0.997826 0.603824 -98067.5 2.6873 
780 0.997828 0.257235 -98067.7 2.71741 
790 0.997828 0.194711 -98067.7 2.75355 
800 0.997773 -0.843763 -98067.3 2.79062 
810 0.997787 -0.569595 -98068.6 2.82923 
820 0.997726 -0.82467 -98061.6 2.8668 
830 0.997676 0.306753 -98056.3 2.89992 
840 0.997676 -0.668244 -98056.3 2.93159 
850 0.99762 0.57678 -98057.6 2.97179 
860 0.99762 0.762182 -98057.6 2.99849 
870 0.997631 0.440425 -98058 3.03499 
880 0.997651 -0.29287 -98057.3 3.07285 
890 0.997651 0.63003 -98057.3 3.10325 
900 0.997575 -0.664575 -98050.9 3.14044 
910 0.997575 -0.45589 -98050.9 3.17363 
920 0.997629 -0.42439 -98059.6 3.21359 
930 0.997629 -0.507158 -98059.6 3.24759 
940 0.99769 -0.759729 -98058 3.28779 
950 0.997664 -0.606556 -98053.9 3.3251 
960 0.997664 0.329704 -98053.9 3.35684 
970 0.997664 -0.982194 -98053.9 3.38381 
980 0.997664 -0.545036 -98054 3.41838 
990 0.997664 0.234027 -98053.9 3.45275 
1000 0.997664 -0.843843 -98053.9 3.48659 
1010 0.99759 -0.611416 -98048.2 3.52182 
1020 0.997672 0.126567 -98061.6 3.56229 
1030 0.997691 0.640571 -98061.9 3.60043 
1040 0.997692 -0.47397 -98061.9 3.63162 
1050 0.997816 -0.532674 -98075.5 3.66734 
1060 0.997797 0.367884 -98075.1 3.7027 
1070 0.99783 -0.0407112 -98077.4 3.73555 
1080 0.99783 0.457544 -98077.4 3.76628 
1090 0.997838 0.287077 -98078.5 3.79985 
1100 0.997838 0.0257516 -98078.5 3.83049 
1110 0.997789 0.273964 -98073.8 3.86204 
1120 0.997789 0.7538 -98073.9 3.89021 
1130 0.997789 -0.5629 -98073.8 3.9184 
1140 0.997828 0.770668 -98077.5 3.94558 
1150 0.997671 -0.550431 -98070.3 3.97118 
1160 0.997681 -0.812449 -98070.4 3.99849 
1170 0.997689 0.549508 -98071.6 4.02228 
1180 0.997779 -0.941821 -98078.5 4.05266 
1190 0.997653 0.507377 -98069 4.08153 
1200 0.997635 -0.14267 -98067.3 4.11308 
1210 0.997635 0.685492 -98067.2 4.1412 
1220 0.997635 -0.346871 -98067.2 4.17221 
1230 0.997634 -0.155952 -98067.2 4.20372 
1240 0.997626 0.388169 -98071.9 4.23719 
1250 0.997611 0.333287 -98064.7 4.27397 
1260 0.997591 -0.65535 -98063 4.30246 
1270 0.997684 -0.0676989 -98072.2 4.33173 
1280 0.997684 -0.0566322 -98072.2 4.35992 
1290 0.997612 0.787634 -98071.4 4.39016 
1300 0.997612 0.933341 -98071.4 4.41987 
1310 0.997612 0.464377 -98071.4 4.44774 
1320 0.997628 0.267053 -98071.8 4.47955 
1330 0.997679 -0.0851281 -98075.2 4.51224 
1340 0.997671 0.772913 -98074.6 4.54377 
1350 0.997726 -0.0346107 -98074.7 4.57647 
1360 0.997726 -0.843285 -98074.7 4.60414 
1370 0.997726 -0.185872 -98074.7 4.6347 
1380 0.997763 0.375194 -98075.8 4.66811 
1390 0.997708 -0.0450647 -98076.2 4.69922 
1400 0.997708 -0.744451 -98076.1 4.72689 
1410 0.99771 0.645044 -98076.4 4.75842 
1420 0.997712 -0.545157 -98076.7 4.78925 
1430 0.997641 0.565284 -98073.2 4.82158 
1440 0.997641 0.651771 -98073.2 4.85219 
1450 0.997659 0.0130626 -98064.5 4.88998 
1460 0.997675 0.246205 -98077.1 4.91866 
1470 0.997806 0.350044 -98087.5 4.9519 
1480 0.997834 -0.630278 -98089.8 4.9845 
1490 0.997834 -0.0636832 -98089.8 5.01223 
1500 0.997834 -0.521086 -98089.8 5.04283 
1510 0.997839 -0.535964 -98090.5 5.07086 
1520 0.997793 -0.433775 -98083.4 5.10328 
1530 0.997755 0.358319 -98078.3 5.13622 
1540 0.997761 -0.427511 -98079.7 5.16609 
1550 0.997761 0.421135 -98079.7 5.19381 
1560 0.997761 0.586572 -98082.5 5.2287 
1570 0.997761 -0.668376 -98082.5 5.25639 
1580 0.99774 -0.202239 -98079.6 5.29024 
1590 0.997759 -0.879323 -98081 5.31554 
1600 0.997759 -0.110635 -98081 5.34625 
1610 0.99775 -0.756537 -98078.8 5.37509 
1620 0.99775 0.426223 -98078.7 5.40471 
1630 0.997815 -0.188667 -98085.9 5.43653 
1640 0.997815 -0.232265 -98085.9 5.46489 
1650 0.997826 -0.175317 -98086.7 5.49409 
1660 0.997824 -0.436066 -98086.5 5.51981 
1670 0.997824 -0.65419 -98086.5 5.54269 
1680 0.997824 -0.700981 -98086.4 5.56844 
1690 0.997816 0.675932 -98086.3 5.59789 
1700 0.997731 -0.473942 -98080.1 5.62895 
1710 0.997722 -0.134485 -98076.9 5.65777 
1720 0.997717 -0.0404262 -98076.3 5.68082 
1730 0.997646 -0.475677 -98068.3 5.70936 
1740 0.997663 0.447033 -98071.5 5.73955 
1750 0.997663 0.269696 -98071.5 5.76506 
1760 0.997612 0.020874 -98067.6 5.79426 
1770 0.99771 0.457265 -98074 5.8262 
1780 0.997686 0.792987 -98069.2 5.85649 
1790 0.997666 0.806495 -98071.7 5.88679 
1800 0.997666 -0.140259 -98071.7 5.91271 
1810 0.997654 0.763869 -98067.7 5.94328 
1820 0.997624 0.845615 -98064.1 5.97029 
1830 0.997537 0.589764 -98061.3 5.99711 
1840 0.997543 -0.795192 -98062.2 6.02652 
1850 0.997572 -0.539095 -98055.6 6.05542 
1860 0.997585 0.642213 -98055.8 6.08546 
1870 0.997612 -0.521821 -98056.3 6.11507 
1880 0.997575 -0.639517 -98055.1 6.14482 
1890 0.99758 0.620494 -98055.5 6.17322 
1900 0.99758 0.56168 -98055.5 6.2016 
1910 0.99758 0.489529 -98055.5 6.23035 
1920 0.997607 -0.104362 -98056.5 6.25863 
1930 0.997614 0.770258 -98055.4 6.29067 
1940 0.997571 0.633569 -98051.6 6.32049 
1950 0.997571 -0.473898 -98051.6 6.34903 
1960 0.99763 -0.685879 -98057.5 6.37913 
1970 0.997623 0.17562 -98056.4 6.40597 
1980 0.99762 -0.181423 -98055.6 6.43545 
1990 0.997565 -0.741308 -98049.3 6.46696 
2000 0.997542 0.129121 -98047.1 6.49623 
2010 0.997519 0.0226091 -98049 6.5286 
2020 0.997558 -0.761031 -98053.4 6.55938 
2030 0.997553 -0.894853 -98052.8 6.58509 
2040 0.997591 0.288839 -98057.1 6.61582 
2050 0.997591 0.60721 -98057.1 6.64177 
2060 0.997584 0.908751 -98055 6.67217 
2070 0.997584 -0.553054 -98055 6.70048 
2080 0.997592 0.400818 -98056.7 6.73045 
2090 0.997592 0.181786 -98056.7 6.75885 
2100 0.997608 -0.166011 -98058.8 6.78614 
2110 0.997573 0.783461 -98058.2 6.81402 
2120 0.997571 -0.123737 -98058 6.84253 
2130 0.997542 -0.748241 -98054 6.86923 
2140 0.997545 -0.257463 -98054.5 6.89883 
2150 0.997578 -0.575804 -98052.6 6.93088 
2160 0.997578 0.70541 -98052.6 6.95936 
2170 0.997579 0.0349049 -98053.5 6.98843 
2180 0.997579 0.780297 -98053.5 7.01691 
2190 0.997579 0.502651 -98053.5 7.04539 
2200 0.997542 -0.460534 -98049.3 7.07595 
2210 0.997548 -0.246735 -98050 7.10489 
2220 0.997505 0.431661 -98051.7 7.13296 
2230 0.997538 0.179776 -98054 7.16346 
2240 0.99756 0.739712 -98057.2 7.19375 
2250 0.997612 0.237182 -98061.1 7.22154 
2260 0.997569 -0.47273 -98061.5 7.24818 
2270 0.997493 -0.204602 -98053 7.27853 
2280 0.997497 -0.536156 -98053.4 7.30701 
2290 0.997497 0.511873 -98053.4 7.33262 
2300 0.997467 -0.314185 -98049 7.36358 
2310 0.997463 -0.242639 -98048.5 7.39003 
2320 0.997567 -0.163657 -98057.8 7.418 
2330 0.997618 -0.720557 -98062.9 7.44581 
2340 0.997618 -0.287006 -98062.9 7.47139 
2350 0.997618 0.869671 -98062.8 7.49961 
2360 0.99762 -0.274102 -98064.4 7.52772 
2370 0.99762 -0.362148 -98064.4 7.55344 
2380 0.997612 0.402252 -98064 7.57978 
2390 0.997612 -0.524548 -98064 7.60803 
2400 0.997612 -0.796741 -98064 7.63627 
2410 0.997586 -0.064419 -98061.7 7.66497 
2420 0.997521 -0.724844 -98057.2 7.69633 
2430 0.997563 0.62478 -98061.4 7.7266 
2440 0.997563 -0.808593 -98061.4 7.75219 
2450 0.997594 0.681266 -98064.8 7.78222 
2460 0.997594 0.748587 -98064.8 7.80799 
2470 0.997526 -0.971042 -98054.9 7.83921 
2480 0.997561 -0.602174 -98057.2 7.86865 
2490 0.997541 0.990815 -98054.9 7.89952 
2500 0.99756 0.0744009 -98056.1 7.93011 
2510 0.997537 -0.541805 -98048.8 7.96096 
2520 0.9976 0.0843454 -98054.7 7.9921 
2530 0.997595 -0.759092 -98054.5 8.02175 
2540 0.997629 -0.606357 -98057.9 8.04863 
2550 0.997629 0.496594 -98057.9 8.07694 
2560 0.997636 0.720615 -98059.4 8.10473 
2570 0.997628 0.213151 -98058.3 8.13406 
2580 0.997607 -0.486438 -98057.1 8.16405 
2590 0.997636 0.994906 -98061.6 8.19461 
2600 0.997605 0.967568 -98059.9 8.22421 
2610 0.997607 -0.406524 -98061 8.2522 
2620 0.997652 0.880941 -98063.1 8.28038 
2630 0.997644 -0.934874 -98061.6 8.31061 
2640 0.997643 0.879579 -98061.5 8.33375 
2650 0.997645 0.709225 -98061.6 8.35968 
2660 0.997603 0.456179 -98060.8 8.38755 
2670 0.997603 0.526643 -98060.8 8.41319 
2680 0.997603 0.149977 -98060.8 8.44169 
2690 0.997598 -0.644993 -98059.2 8.46753 
2700 0.997598 0.734929 -98059.2 8.49573 
2710 0.997626 -0.119046 -98063.6 8.52578 
2720 0.997641 -0.946494 -98064.6 8.55432 
2730 0.997613 0.430441 -98062.9 8.58252 
2740 0.997627 0.649231 -98061.2 8.61343 
2750 0.99762 0.0476788 -98060.7 8.64182 
2760 0.99766 0.635966 -98060.2 8.6749 
2770 0.99764 0.407637 -98058.1 8.70185 
2780 0.997695 -0.0700422 -98063.1 8.732 
2790 0.997696 0.382284 -98063.2 8.76032 
2800 0.997696 0.337689 -98063.2 8.78854 
2810 0.997639 -0.0034191 -98056.4 8.81173 
2820 0.997493 -0.935186 -98044.6 8.84604 
2830 0.997488 0.186598 -98047 8.87315 
2840 0.997488 0.184028 -98047 8.90142 
2850 0.997494 0.905314 -98047.9 8.93147 
2860 0.997487 -0.094639 -98047 8.96025 
2870 0.997483 -0.976407 -98046.5 8.98937 
2880 0.997483 0.880172 -98046.5 9.01754 
2890 0.997478 0.18325 -98046.9 9.04664 
2900 0.997601 0.104494 -98056.8 9.07616 
2910 0.997576 0.752897 -98054.8 9.10553 
2920 0.997607 0.693055 -98065.9 9.13183 
2930 0.997619 0.239387 -98063.8 9.16184 
2940 0.997619 0.411262 -98063.8 9.18749 
2950 0.997576 0.0911901 -98065.5 9.2178 
2960 0.997566 -0.0770788 -98064.8 9.24539 
2970 0.997596 -0.99097 -98064.6 9.27597 
2980 0.997596 -0.942458 -98064.5 9.30427 
2990 0.997507 -0.958628 -98057.6 9.33385 
3000 0.997556 -0.553837 -98055.7 9.36455 
3010 0.99756 0.0429256 -98056 9.39327 
3020 0.997578 0.119557 -98056.8 9.42436 
3030 0.997631 0.32679 -98055.5 9.45212 
3040 0.997619 -0.231257 -98054.2 9.48178 
3050 0.997567 0.941805 -98049.4 9.50947 
3060 0.997567 0.602285 -98049.4 9.5354 
3070 0.997627 -0.0532203 -98052.5 9.56727 
3080 0.997678 -0.284948 -98058.4 9.59505 
3090 0.997635 0.449747 -98058.5 9.62446 
3100 0.997729 0.722558 -98066.1 9.65582 
3110 0.997741 0.218842 -98067.7 9.68475 
3120 0.997713 -0.149475 -98064.8 9.71454 
3130 0.997706 -0.455066 -98063.9 9.74301 
3140 0.997706 -0.233345 -98063.9 9.76586 
3150 0.997691 0.28883 -98062.8 9.79536 
3160 0.997691 0.892839 -98062.8 9.8236 
3170 0.997687 0.647256 -98062.8 9.85294 
3180 0.997687 -0.760647 -98062.7 9.88137 
3190 0.997695 0.599237 -98063.7 9.90998 
3200 0.997695 0.375696 -98063.6 9.93812 
3210 0.997701 -0.198802 -98064.1 9.96506 
3220 0.997658 -0.273316 -98062.2 9.99242 
3230 0.997672 -0.206255 -98062.8 10.0206 
3240 0.997672 0.467534 -98062.8 10.0461 
3250 0.997658 -0.349716 -98061.5 10.0696 
3260 0.997655 0.422654 -98060.2 10.1011 
3270 0.997655 0.66699 -98060.2 10.1295 
3280 0.997634 0.11751 -98058.5 10.1586 
3290 0.997634 0.513237 -98058.5 10.1867 
3300 0.997663 0.139368 -98066 10.2204 
3310 0.997662 0.842777 -98065.9 10.2461 
3320 0.997682 -0.885813 -98067.4 10.273 
3330 0.997682 -0.934152 -98067.4 10.3011 
3340 0.997685 -0.311085 -98067.3 10.3277 
3350 0.997657 -0.610874 -98063.3 10.3603 
3360 0.997657 -0.185043 -98063.3 10.3884 
3370 0.997742 -0.587664 -98064.7 10.4188 
3380 0.997622 0.246776 -98059.9 10.4479 
3390 0.997524 0.0989477 -98058.3 10.4748 
3400 0.997515 0.589176 -98056.7 10.5019 
3410 0.997515 0.856537 -98056.7 10.5274 
3420 0.997515 0.960888 -98056.7 10.553 
3430 0.997515 0.00811436 -98056.7 10.5812 
3440 0.997438 -0.167274 -98053.2 10.6108 
3450 0.997484 0.621173 -98056.8 10.6404 
3460 0.997433 0.54154 -98053.4 10.6698 
3470 0.997347 -0.632329 -98054.9 10.6996 
3480 0.997479 0.0590686 -98061.8 10.7272 
3490 0.997479 -0.560342 -98061.8 10.7554 
3500 0.997576 -0.662282 -98069.3 10.7837 
3510 0.997576 0.698552 -98069.6 10.8126 
3520 0.997583 0.144414 -98069.6 10.8443 
3530 0.997517 -0.293511 -98062.9 10.8711 
3540 0.997486 0.115946 -98059.6 10.9012 
3550 0.997605 -0.68155 -98070.1 10.9259 
3560 0.997605 -0.160855 -98070.1 10.9543 
3570 0.997605 0.198905 -98070.1 10.9826 
3580 0.997574 0.574554 -98069.5 11.0106 
3590 0.997611 -0.0256675 -98063.1 11.0363 
3600 0.997611 -0.148057 -98063.1 11.0647 
3610 0.997498 0.120006 -98064.7 11.0939 
3620 0.997497 -0.359612 -98064.7 11.1221 
3630 0.997523 0.425759 -98066.6 11.1512 
3640 0.997523 -0.362479 -98066.6 11.1767 
3650 0.997447 0.851749 -98064.5 11.2057 
3660 0.997447 0.394591 -98064.5 11.2285 
3670 0.997447 0.11311 -98064.4 11.2568 
3680 0.997447 0.887277 -98064.4 11.285 
3690 0.99744 0.20271 -98063.6 11.3136 
3700 0.997437 0.879001 -98065.3 11.3423 
3710 0.997399 0.150818 -98063.6 11.3728 
3720 0.997395 -0.822568 -98061.8 11.4032 
3730 0.997387 0.190967 -98060.5 11.4317 
3740 0.997429 -0.312093 -98064.6 11.4612 
3750 0.997492 -0.715126 -98072 11.491 
3760 0.997497 0.843892 -98073 11.5212 
3770 0.997497 0.374229 -98073 11.5501 
3780 0.997482 -0.642664 -98072.6 11.5798 
3790 0.997502 -0.580768 -98075.3 11.6093 
3800 0.997502 -0.509545 -98075.3 11.6376 
3810 0.997576 0.311491 -98079.8 11.6654 
3820 0.997591 -0.679501 -98080.9 11.6917 
3830 0.997577 -0.794132 -98079.3 11.721 
3840 0.9975 0.130506 -98076.6 11.7492 
3850 0.9975 3.3246e-05 -98076.6 11.7747 
3860 0.997519 -0.669776 -98077.7 11.8017 
3870 0.997571 -0.741893 -98075.7 11.8322 
3880 0.997573 -0.821918 -98076 11.8608 
3890 0.997573 -0.510135 -98075.8 11.8864 
3900 0.997579 0.280586 -98075.8 11.9164 
3910 0.997482 0.0212895 -98069 11.9465 
3920 0.997517 -0.318627 -98071 11.9734 
3930 0.997509 -0.534155 -98070 12.0022 
3940 0.997509 0.0739263 -98070 12.0304 
3950 0.997504 -0.852409 -98068.5 12.0609 
3960 0.997501 0.251577 -98069 12.0947 
3970 0.997527 0.427679 -98070.1 12.1247 
3980 0.997525 0.164662 -98069 12.1507 
3990 0.997525 -0.629128 -98069 12.1792 
4000 0.997491 -0.241228 -98067.4 12.209 
4010 0.997454 0.730354 -98065.6 12.2351 
4020 0.99746 -0.630307 -98066.4 12.2613 
4030 0.997447 -0.639373 -98066.3 12.2909 
4040 0.997447 0.810432 -98066.3 12.3194 
4050 0.997424 0.430563 -98066.4 12.3478 
4060 0.997412 -0.757769 -98063 12.3716 
4070 0.997412 -0.290336 -98063 12.4001 
4080 0.997412 0.678772 -98063 12.4285 
4090 0.997495 -0.620574 -98065.4 12.459 
4100 0.997511 0.863772 -98065.3 12.4887 
4110 0.997579 0.626057 -98065.3 12.5153 
4120 0.997579 -0.753019 -98065.3 12.5436 
4130 0.997592 -0.22694 -98069.4 12.5738 
4140 0.997544 -0.11996 -98066 12.6053 
4150 0.99755 -0.205329 -98066.1 12.6315 
4160 0.99755 0.254322 -98066.1 12.6571 
4170 0.997592 0.0935938 -98074.3 12.6884 
4180 0.997586 -0.25642 -98074 12.7145 
4190 0.997539 0.860429 -98068.2 12.7415 
4200 0.997426 0.27022 -98062.4 12.7687 
4210 0.997423 0.76995 -98062.4 12.7996 
4220 0.997423 -0.593671 -98062.4 12.8251 
4230 0.997417 -0.792889 -98061.2 12.8522 
4240 0.997582 0.301978 -98072.3 12.8826 
4250 0.997582 0.923442 -98072.3 12.9108 
4260 0.997551 0.27381 -98069.6 12.9406 
4270 0.997553 -0.469853 -98065.5 12.9683 
4280 0.997546 0.362219 -98066.2 12.995 
4290 0.997593 -0.642051 -98070.8 13.0269 
4300 0.997593 0.260466 -98070.8 13.0527 
4310 0.997591 -0.679235 -98070.7 13.0815 
4320 0.997555 -0.380765 -98067.2 13.1093 
4330 0.997555 0.871646 -98067.2 13.1376 
4340 0.997556 -0.719868 -98067.1 13.1637 
4350 0.997552 0.294453 -98072.6 13.1944 
4360 0.997559 0.24325 -98071.9 13.2252 
4370 0.997488 0.678516 -98073.1 13.2584 
4380 0.997483 0.667724 -98072.7 13.2875 
4390 0.997475 -0.683796 -98072.1 13.3166 
4400 0.997475 -0.560643 -98072 13.3448 
4410 0.997461 -0.52752 -98070.1 13.3739 
4420 0.997437 -0.0767495 -98067.5 13.4035 
4430 0.997454 -0.418626 -98063.1 13.4347 
4440 0.997544 0.869345 -98064.5 13.4707 
4450 0.997545 -0.688551 -98064.5 13.5016 
4460 0.997544 -0.563486 -98064.5 13.5336 
4470 0.997544 -0.651119 -98064.5 13.5615 
4480 0.997547 0.870857 -98064.7 13.5925 
4490 0.997549 -0.288933 -98065.8 13.6258 
4500 0.997549 0.469949 -98065.8 13.6511 
4510 0.997484 0.623079 -98062.8 13.6804 
4520 0.997484 -0.735866 -98062.8 13.7148 
4530 0.997481 -0.851972 -98062.5 13.7484 
4540 0.997502 -0.39672 -98063.1 13.7877 
4550 0.997502 0.660855 -98063.1 13.8166 
4560 0.997635 0.55472 -98061.3 13.8514 
4570 0.997635 0.247561 -98061.3 13.8834 
4580 0.997543 -0.147474 -98056.5 13.9181 
4590 0.997469 -0.421403 -98052.2 13.9526 
4600 0.997469 0.14398 -98052.2 13.9841 
4610 0.997469 0.897193 -98052.2 14.0154 
4620 0.997469 -0.715597 -98052.2 14.0466 
4630 0.997444 0.68615 -98049 14.0805 
4640 0.997444 -0.922862 -98049 14.1094 
4650 0.997444 -0.546247 -98049 14.1408 
4660 0.997444 -0.0748163 -98049 14.1721 
4670 0.997444 -0.925362 -98049 14.2057 
4680 0.99733 0.714922 -98048.2 14.2362 
4690 0.997338 -0.91558 -98049.5 14.2684 
4700 0.997284 0.205704 -98048 14.3062 
4710 0.997284 -0.480288 -98048 14.3367 
4720 0.997284 -0.625075 -98048 14.3711 
4730 0.997267 -0.463184 -98050.9 14.4117 
4740 0.997267 0.153496 -98050.9 14.4435 
4750 0.99728 -0.994529 -98048.4 14.4814 
4760 0.997291 -0.836999 -98049.6 14.5172 
4770 0.997388 0.419252 -98054.4 14.5574 
4780 0.997388 0.365643 -98054.4 14.5913 
4790 0.997394 0.367218 -98054.5 14.6239 
4800 0.997453 -0.813394 -98055 14.6559 
4810 0.997453 0.137278 -98055.1 14.6908 
4820 0.997488 0.575363 -98054.2 14.7242 
4830 0.997475 -0.562444 -98052.7 14.7602 
4840 0.997514 -0.913568 -98056.8 14.7931 
4850 0.997567 -0.34317 -98065.1 14.8316 
4860 0.997559 0.0658608 -98064.2 14.8675 
4870 0.997537 -0.823126 -98063.8 14.9026 
4880 0.997537 -0.446494 -98063.8 14.9366 
4890 0.997446 0.648345 -98059 14.9729 
4900 0.997446 -0.831834 -98059.1 15.0093 
4910 0.997456 -0.104533 -98059.8 15.0411 
4920 0.997566 -0.763843 -98069.6 15.0758 
4930 0.997589 0.19774 -98068.7 15.1085 
4940 0.997589 0.628634 -98068.7 15.1363 
4950 0.997606 0.614224 -98069.9 15.1645 
4960 0.997464 0.299405 -98052.7 15.194 
4970 0.997464 0.609939 -98052.7 15.2188 
4980 0.997464 0.499832 -98052.7 15.2465 
4990 0.997482 -0.65772 -98054 15.28 
5000 0.997439 0.21162 -98057.5 15.3144 
5010 0.997439 -0.242833 -98057.5 15.3451 
5020 0.997446 0.437095 -98058.1 15.3759 
5030 0.997501 -0.848644 -98060.9 15.405 
5040 0.997515 -0.0460889 -98061.7 15.4376 
5050 0.997548 0.230367 -98065.2 15.4699 
5060 0.997547 0.585753 -98065.2 15.4976 
5070 0.997576 0.678154 -98067.4 15.5306 
5080 0.997534 -0.549203 -98064.3 15.5631 
5090 0.997551 -0.88307 -98065.5 15.5945 
5100 0.997524 -0.059258 -98063.1 15.6216 
5110 0.997499 0.0908731 -98060 15.6552 
5120 0.997554 0.303106 -98066.9 15.6889 
5130 0.997506 0.475699 -98065.4 15.7176 
5140 0.997506 0.342342 -98065.4 15.7482 
5150 0.997506 -0.956015 -98065.4 15.7789 
5160 0.997472 -0.545153 -98064.6 15.8113 
5170 0.997462 0.299143 -98063.3 15.843 
5180 0.997456 -0.911425 -98062.8 15.8738 
5190 0.997485 -0.350443 -98068.9 15.9068 
5200 0.997423 -0.16425 -98064.2 15.9385 
5210 0.997414 0.243651 -98064.3 15.9643 
5220 0.997418 0.560405 -98064 15.9959 
5230 0.997422 0.653072 -98063.7 16.0315 
5240 0.997421 -0.615042 -98065.6 16.0673 
5250 0.997436 -0.567828 -98064.3 16.1015 
5260 0.997435 0.472578 -98064.4 16.1292 
5270 0.997573 0.187779 -98065 16.1602 
5280 0.997573 0.862681 -98065 16.1879 
5290 0.99758 -0.0641521 -98066.3 16.2171 
5300 0.997652 0.227855 -98071.7 16.2523 
5310 0.997646 -0.349566 -98071.6 16.2779 
5320 0.997638 -0.832471 -98070.8 16.3091 
5330 0.997638 -0.256217 -98070.8 16.3369 
5340 0.997647 0.18752 -98071.5 16.3667 
5350 0.99766 -0.642018 -98072.6 16.3958 
5360 0.997452 0.986846 -98060.4 16.4334 
5370 0.997449 -0.406598 -98059.9 16.4642 
5380 0.997539 0.909328 -98067.5 16.4978 
5390 0.997542 -0.418535 -98067.8 16.5293 
5400 0.997567 0.663069 -98066.3 16.5627 
5410 0.997549 -0.907542 -98065.1 16.5946 
5420 0.997626 0.0724462 -98069.5 16.6279 
5430 0.997626 -0.0288307 -98069.5 16.6586 
5440 0.997755 -0.146511 -98088.3 16.693 
5450 0.997755 0.784098 -98088.3 16.7236 
5460 0.997752 0.567596 -98088.1 16.7547 
5470 0.99774 0.295386 -98087.3 16.786 
5480 0.997716 -0.466808 -98077.8 16.8192 
5490 0.997716 -0.467883 -98077.8 16.847 
5500 0.997716 0.474629 -98077.7 16.877 
5510 0.997716 0.395838 -98077.7 16.9079 
5520 0.997716 -0.787422 -98077.7 16.9359 
5530 0.997714 0.825083 -98077.6 16.9611 
5540 0.997714 0.415773 -98077.6 16.9918 
5550 0.997725 0.0521296 -98077.5 17.0252 
5560 0.997778 -0.626215 -98082.2 17.0548 
5570 0.997778 -0.600052 -98082.2 17.0829 
5580 0.997777 -0.860219 -98082.1 17.115 
5590 0.997765 0.279538 -98081.4 17.1476 
5600 0.997749 0.768803 -98080.3 17.1797 
5610 0.997719 -0.422255 -98078.5 17.213 
5620 0.997728 0.112409 -98079.4 17.2449 
5630 0.997736 0.382158 -98080.6 17.2741 
5640 0.997736 -0.0318285 -98080.7 17.305 
5650 0.997736 0.231645 -98080.7 17.3371 
5660 0.997704 -0.669556 -98078.3 17.3696 
5670 0.997704 0.953077 -98078.4 17.403 
5680 0.997704 0.630108 -98078.4 17.4351 
5690 0.997719 -0.551259 -98079.7 17.4687 
5700 0.997718 0.830809 -98079.7 17.5015 
5710 0.997691 0.73088 -98077.8 17.542 
5720 0.997691 0.43154 -98077.8 17.5717 
5730 0.997687 -0.22226 -98076.6 17.6067 
5740 0.997682 -0.786712 -98075.5 17.6423 
5750 0.997687 -0.298161 -98076 17.6751 
5760 0.997686 0.232812 -98076.1 17.709 
5770 0.997659 0.736357 -98074.5 17.7428 
5780 0.997704 0.000285721 -98080.6 17.7758 
5790 0.997704 0.835341 -98080.6 17.8077 
5800 0.997693 0.424525 -98079.5 17.8387 
5810 0.997706 0.861139 -98080.8 17.864 
5820 0.997708 -0.884814 -98081.7 17.8966 
5830 0.997639 0.125072 -98074.2 17.9312 
5840 0.997644 0.635019 -98074.6 17.9627 
5850 0.997644 0.698642 -98074.6 17.9947 
5860 0.997645 -0.287621 -98073.7 18.0275 
5870 0.997654 -0.475453 -98077.2 18.0607 
5880 0.997679 -0.819756 -98076.1 18.0982 
5890 0.997693 -0.898758 -98077.3 18.1276 
5900 0.997685 -0.97702 -98075.9 18.1602 
5910 0.997702 0.481297 -98075.6 18.194 
5920 0.997698 0.824082 -98075.3 18.2258 
5930 0.997711 -0.634207 -98076.8 18.2576 
5940 0.997681 -0.89997 -98073.6 18.2919 
5950 0.997692 0.49025 -98074.9 18.3212 
5960 0.99771 0.50876 -98075.2 18.3557 
5970 0.997748 0.596834 -98072.4 18.3908 
5980 0.997729 -0.115045 -98072.6 18.4179 
5990 0.997743 0.696801 -98073.4 18.4489 
6000 0.997782 -0.682153 -98077.1 18.4825 
6010 0.997731 -0.0409547 -98072.5 18.51 
6020 0.997731 0.609209 -98072.5 18.5422 
6030 0.997741 -0.666701 -98072.8 18.5739 
6040 0.997743 0.66023 -98073 18.6055 
6050 0.997751 -0.255761 -98073.7 18.6345 
6060 0.997745 -0.00400541 -98073.4 18.6638 
6070 0.997745 0.619094 -98073.4 18.6946 
6080 0.997735 -0.291169 -98073 18.7269 
6090 0.997659 0.773539 -98066.8 18.7585 
6100 0.997692 0.757466 -98070.3 18.7928 
6110 0.997622 -0.826252 -98062.1 18.8232 
6120 0.997622 0.723145 -98062.1 18.8547 
6130 0.997622 -0.940144 -98062.2 18.8869 
6140 0.997622 -0.597547 -98062.1 18.9148 
6150 0.99759 0.109864 -98058 18.9444 
6160 0.997602 0.512381 -98059 18.9712 
6170 0.997664 -0.524155 -98064.7 19.0053 
6180 0.997621 -0.842796 -98061.8 19.0395 
6190 0.997625 0.429657 -98062.3 19.0681 
6200 0.997625 -0.0407472 -98062.3 19.096 
6210 0.997652 -0.99287 -98068.5 19.1301 
6220 0.997672 0.350416 -98070.8 19.1629 
6230 0.997728 -0.260475 -98077.2 19.1917 
6240 0.997755 0.607263 -98081 19.2255 
6250 0.997692 -0.124145 -98075 19.261 
6260 0.997692 0.511537 -98075 19.289 
6270 0.997611 -0.210074 -98067.9 19.3236 
6280 0.997615 -0.33074 -98067.6 19.3578 
6290 0.997614 -0.946155 -98067.8 19.3895 
6300 0.997614 -0.598436 -98067.9 19.4204 
6310 0.997574 -0.164935 -98069 19.4535 
6320 0.997574 -0.632971 -98069 19.4842 
6330 0.997576 -0.828595 -98070.2 19.5198 
6340 0.997566 -0.807254 -98070.2 19.5513 
6350 0.997547 0.711779 -98068.6 19.5843 
6360 0.997547 0.491487 -98068.6 19.612 
6370 0.997538 -0.346395 -98067.9 19.6402 
6380 0.997538 -0.0837466 -98067.9 19.6679 
6390 0.997493 0.487026 -98069.3 19.7005 
6400 0.997623 -0.689803 -98079.6 19.7327 
6410 0.997601 0.891076 -98077 19.7618 
6420 0.997601 -0.776967 -98076.9 19.7924 
6430 0.997581 -0.711704 -98074.7 19.8239 
6440 0.997599 -0.247661 -98076.3 19.8554 
6450 0.997586 0.448056 -98074.7 19.8887 
6460 0.997586 0.73408 -98074.6 19.9194 
6470 0.997632 0.27953 -98070.7 19.9509 
6480 0.997632 -0.685497 -98070.7 19.9818 
6490 0.997657 0.313989 -98072.8 20.0105 
6500 0.997657 -0.01738 -98072.8 20.0412 
6510 0.997545 -0.361944 -98070 20.0733 
6520 0.997546 -0.298717 -98070 20.104 
6530 0.997574 0.507341 -98071.7 20.1394 
6540 0.997601 0.229097 -98074 20.1705 
6550 0.997579 -0.341618 -98071.7 20.2022 
6560 0.997569 -0.399718 -98071 20.2311 
6570 0.997569 0.205945 -98071 20.2588 
6580 0.997569 -0.942114 -98071 20.2894 
6590 0.997569 0.114837 -98070.9 20.3202 
6600 0.997555 0.829733 -98069 20.3521 
6610 0.997555 0.401768 -98069 20.3828 
6620 0.997555 -0.648897 -98069 20.4105 
6630 0.997555 -0.680652 -98069 20.4357 
6640 0.997555 -0.98299 -98069 20.4665 
6650 0.997602 0.354523 -98076.4 20.4985 
6660 0.99768 -0.194776 -98080.1 20.5338 
6670 0.99768 0.438122 -98080.2 20.5615 
6680 0.997693 -0.29986 -98081.8 20.5903 
6690 0.997665 0.0802038 -98077.8 20.6223 
6700 0.997532 -0.320563 -98075 20.6523 
6710 0.997618 -0.875481 -98068.9 20.6851 
6720 0.997618 0.315063 -98068.9 20.7166 
6730 0.997618 0.361072 -98068.9 20.7414 
6740 0.99759 0.0751241 -98071.6 20.7751 
6750 0.99759 0.274891 -98071.6 20.806 
6760 0.997531 -0.715297 -98076.5 20.8382 
6770 0.997582 0.504854 -98079 20.87 
6780 0.997582 0.840161 -98079 20.8995 
6790 0.997588 -0.306385 -98079.7 20.9306 
6800 0.997577 -0.95105 -98078.7 20.9598 
6810 0.997641 0.176917 -98083 20.9926 
6820 0.997641 0.440917 -98083 21.0232 
6830 0.997564 -0.816744 -98077.2 21.0529 
6840 0.997564 -0.670213 -98077.2 21.0812 
6850 0.997544 -0.486017 -98072.5 21.1147 
6860 0.997545 -0.703974 -98072.6 21.1468 
6870 0.997545 -0.753264 -98072.6 21.1786 
6880 0.99761 0.100716 -98068.6 21.214 
6890 0.99761 0.118411 -98068.6 21.2448 
6900 0.997576 0.53109 -98065.4 21.2777 
6910 0.997574 -0.606498 -98064.6 21.3075 
6920 0.997657 -0.382782 -98069.1 21.3386 
6930 0.997661 0.140109 -98069.4 21.3689 
6940 0.997634 -0.0911004 -98069 21.401 
6950 0.997553 0.616939 -98061.5 21.4315 
6960 0.997553 -0.969804 -98061.6 21.4628 
6970 0.997553 -0.473098 -98061.6 21.4935 
6980 0.997485 -0.41242 -98061.7 21.5262 
6990 0.997485 -0.982416 -98061.7 21.5542 
7000 0.997467 -0.79167 -98061.9 21.586 
7010 0.997467 0.106229 -98061.9 21.6166 
7020 0.997538 -0.511131 -98061.5 21.6516 
7030 0.997554 -0.906083 -98067.1 21.6874 
7040 0.997572 -0.568295 -98068.6 21.717 
7050 0.997572 -0.941284 -98068.6 21.7495 
7060 0.9976 0.186845 -98069.6 21.782 
7070 0.9976 0.562226 -98069.6 21.8143 
7080 0.997604 0.412439 -98069.2 21.8504 
7090 0.997663 0.183401 -98071.6 21.883 
7100 0.997643 0.737522 -98069.8 21.913 
7110 0.997626 0.399195 -98068.1 21.9445 
7120 0.997591 0.580673 -98065.6 21.9772 
7130 0.997609 0.739814 -98066.1 22.0069 
7140 0.997609 0.159451 -98066.1 22.0375 
7150 0.997572 -0.471346 -98063.8 22.0697 
7160 0.997606 -0.247206 -98066 22.104 
7170 0.997606 0.134068 -98066 22.138 
7180 0.997592 -0.830241 -98064.1 22.1643 
7190 0.997604 0.360892 -98065.5 22.1959 
7200 0.997605 0.748679 -98065.6 22.2248 
7210 0.99759 -0.895409 -98070.2 22.2614 
7220 0.99759 0.677124 -98070.2 22.2945 
7230 0.997603 -0.989211 -98071.3 22.3239 
7240 0.997643 0.694572 -98064.6 22.3595 
7250 0.997653 0.737635 -98066.6 22.3918 
7260 0.997674 0.573853 -98066.9 22.4209 
7270 0.997664 0.570526 -98069.3 22.4526 
7280 0.99767 0.851651 -98068.8 22.4845 
7290 0.99767 -0.934747 -98068.8 22.5093 
7300 0.997677 0.912659 -98069.8 22.5375 
7310 0.997699 0.25398 -98073 22.5695 
7320 0.99767 0.421492 -98072.3 22.6031 
7330 0.99768 -0.990145 -98070.3 22.6312 
7340 0.997689 0.109773 -98071.6 22.6611 
7350 0.99759 0.9311 -98064.9 22.6971 
7360 0.997681 -0.608887 -98068.9 22.7319 
7370 0.997584 0.0400878 -98063.4 22.768 
7380 0.997589 -0.723155 -98062.4 22.7995 
7390 0.997589 0.86302 -98062.4 22.8305 
7400 0.997604 -0.627991 -98064.1 22.8618 
7410 0.99759 0.616131 -98063.3 22.8907 
7420 0.997502 0.894209 -98063.3 22.9171 
7430 0.997502 -0.430094 -98063.3 22.9477 
7440 0.997499 0.611768 -98063.3 22.9767 
7450 0.997499 0.178843 -98063.3 23.0078 
7460 0.997499 -0.298126 -98063.3 23.0393 
7470 0.997484 0.992661 -98055.1 23.0785 
7480 0.997546 0.926907 -98059.2 23.1141 
7490 0.997549 0.694956 -98059.6 23.1455 
7500 0.997516 -0.456321 -98057.8 23.1759 
7510 0.997593 0.833577 -98058.6 23.2061 
7520 0.997586 -0.99471 -98057.7 23.2374 
7530 0.997614 0.419436 -98063.8 23.2691 
7540 0.997619 -0.551654 -98064.9 23.3023 
7550 0.997562 -0.583518 -98060.8 23.3353 
7560 0.997562 -0.714491 -98062 23.3668 
7570 0.997562 0.295706 -98062 23.3974 
7580 0.99758 0.632908 -98060.7 23.4313 
7590 0.99758 -0.131536 -98060.7 23.4621 
7600 0.99758 -0.782507 -98060.7 23.4911 
7610 0.99758 0.573501 -98060.7 23.5212 
7620 0.997614 -0.922159 -98064.1 23.5551 
7630 0.997605 -0.113791 -98063 23.5846 
7640 0.997644 0.717116 -98065.3 23.6139 
7650 0.997644 -0.741081 -98065.3 23.6455 
7660 0.997708 -0.764135 -98075.5 23.6792 
7670 0.997713 0.114885 -98075.3 23.7056 
7680 0.997771 0.384213 -98080.5 23.7389 
7690 0.997771 -0.773591 -98080.5 23.7726 
7700 0.997746 0.483068 -98078.7 23.8029 
7710 0.997746 -0.924335 -98078.7 23.8344 
7720 0.997762 -0.242393 -98079.6 23.8676 
7730 0.997762 0.516826 -98079.6 23.8987 
7740 0.997755 -0.240651 -98078.9 23.93 
7750 0.997755 0.742714 -98078.9 23.9612 
7760 0.99775 0.600643 -98077.6 23.9899 
7770 0.997786 0.114115 -98079.1 24.02 
7780 0.997699 -0.0539865 -98077.5 24.0525 
7790 0.997541 0.909024 -98067.2 24.085 
7800 0.997541 0.759149 -98067.3 24.1172 
7810 0.997541 -0.76345 -98067.3 24.1481 
7820 0.997722 0.564704 -98079.8 24.179 
7830 0.997766 0.895601 -98083.5 24.2115 
7840 0.997766 0.530643 -98083.5 24.2396 
7850 0.997663 0.581431 -98074.8 24.2727 
7860 0.997721 0.295937 -98081 24.3096 
7870 0.997721 0.956848 -98081 24.3389 
7880 0.997612 -0.817074 -98077.3 24.3734 
7890 0.997611 -0.821693 -98077.3 24.4069 
7900 0.997643 -0.772092 -98083 24.4399 
7910 0.997597 0.377924 -98082.6 24.4718 
7920 0.997597 0.979202 -98082.6 24.4969 
7930 0.997596 -0.195555 -98078.7 24.5301 
7940 0.997623 -0.563029 -98077.5 24.564 
7950 0.997674 -0.0554997 -98075.4 24.5953 
7960 0.997616 0.614913 -98065 24.6285 
7970 0.997598 0.865747 -98062.5 24.6542 
7980 0.997505 0.0250471 -98065.4 24.6838 
7990 0.997547 -0.203413 -98065.9 24.7183 
8000 0.997567 0.198536 -98069.7 24.7482 
8010 0.997547 -0.514107 -98068.4 24.7801 
8020 0.997613 0.512259 -98068.9 24.8107 
8030 0.997633 -0.0834477 -98071 24.8433 
8040 0.997555 0.759582 -98065.4 24.8744 
8050 0.997606 -0.183901 -98070 24.9037 
8060 0.997584 0.377189 -98067.6 24.9297 
8070 0.997584 0.911174 -98067.1 24.9581 
8080 0.997662 -0.531579 -98070.2 24.9914 
8090 0.997662 0.600708 -98070.2 25.022 
8100 0.997624 -0.401284 -98067.8 25.0556 
8110 0.997536 0.038768 -98064.6 25.0887 
8120 0.997536 -0.226767 -98064.6 25.1164 
8130 0.99754 -0.0887021 -98070.7 25.151 
8140 0.997579 -0.0600122 -98071.1 25.186 
8150 0.997595 -0.617472 -98073.2 25.2185 
8160 0.997595 0.128175 -98073.2 25.2494 
8170 0.997648 0.785199 -98075 25.284 
8180 0.997627 -0.358019 -98076.1 25.3165 
8190 0.99763 0.303471 -98076 25.3479 
8200 0.997614 -0.327822 -98074.8 25.3791 
8210 0.997644 -0.860414 -98076.8 25.4105 
8220 0.997644 -0.632491 -98076.9 25.4412 
8230 0.997629 -0.791649 -98078.7 25.4711 
8240 0.997629 -0.624904 -98078.7 25.5023 
8250 0.997553 -0.607725 -98074.3 25.5321 
8260 0.997589 0.816841 -98073.9 25.5651 
8270 0.997589 0.390193 -98073.9 25.5958 
8280 0.997497 0.279119 -98065.6 25.6305 
8290 0.997497 0.772567 -98065.9 25.6617 
8300 0.997497 -0.921516 -98065.9 25.6924 
8310 0.997455 0.0146411 -98064.8 25.7188 
8320 0.997419 0.272551 -98057 25.7496 
8330 0.997425 -0.309944 -98057.5 25.7808 
8340 0.997365 -0.541336 -98052.9 25.8053 
8350 0.997365 0.248123 -98052.9 25.8362 
8360 0.99737 -0.105518 -98056.5 25.8639 
8370 0.99737 -0.747033 -98056.5 25.8945 
8380 0.99737 -0.823488 -98056.5 25.9222 
8390 0.997456 0.115205 -98062.9 25.953 
8400 0.997456 0.0681565 -98062.9 25.9809 
8410 0.997567 -0.741731 -98067.5 26.0129 
8420 0.99756 -0.885032 -98068.6 26.0461 
8430 0.997528 -0.855996 -98072 26.0752 
8440 0.997462 0.17745 -98064.8 26.1063 
8450 0.997476 -0.084883 -98069.9 26.1388 
8460 0.997484 -0.540108 -98067.4 26.1677 
8470 0.997498 0.433627 -98069.6 26.1974 
8480 0.9975 -0.166362 -98069.9 26.2281 
8490 0.99759 0.797554 -98068.8 26.2545 
8500 0.997652 0.806123 -98073.2 26.2843 
8510 0.997639 -0.560597 -98071.7 26.3155 
8520 0.997638 -0.568371 -98071.7 26.3462 
8530 0.997648 -0.374913 -98073 26.3816 
8540 0.997669 -0.732176 -98078 26.4114 
8550 0.997668 0.788903 -98077.9 26.4423 
8560 0.997729 0.668368 -98084 26.4764 
8570 0.997531 -0.074248 -98073 26.5146 
8580 0.997463 0.0486001 -98070.4 26.5476 
8590 0.997443 -0.743999 -98068.7 26.5797 
8600 0.997401 -0.543595 -98066.5 26.6126 
8610 0.997401 0.649453 -98066.5 26.6432 
8620 0.997416 0.165149 -98067.7 26.6746 
8630 0.997416 -0.953095 -98067.7 26.7052 
8640 0.997423 0.509291 -98068.3 26.7371 
8650 0.997472 0.612161 -98068.8 26.7683 
8660 0.997562 -0.0850491 -98075.8 26.8004 
8670 0.997545 -0.925008 -98074.5 26.832 
8680 0.997545 0.511604 -98074.5 26.8597 
8690 0.997466 -0.00506465 -98068.8 26.8944 
8700 0.997489 -0.290605 -98071.3 26.9261 
8710 0.997462 0.667428 -98065.1 26.9533 
8720 0.99746 -0.774467 -98065.5 26.9844 
8730 0.997466 0.276451 -98066.1 27.0153 
8740 0.997466 -0.64082 -98066.1 27.043 
8750 0.997466 0.880967 -98066.1 27.0739 
8760 0.997519 0.230188 -98065.3 27.105 
8770 0.997501 0.749305 -98064 27.1362 
8780 0.997574 -0.751611 -98064.9 27.168 
8790 0.997567 0.539752 -98064.2 27.1963 
8800 0.997559 0.159318 -98064.1 27.2297 
8810 0.997559 -0.177161 -98064.2 27.2625 
8820 0.997559 0.357295 -98064.1 27.2936 
8830 0.997559 -0.784441 -98064.1 27.3242 
8840 0.997578 -0.0959184 -98065.4 27.3531 
8850 0.997569 0.851498 -98066.9 27.3861 
8860 0.997559 -0.26738 -98065.9 27.4175 
8870 0.997559 0.954007 -98065.9 27.4452 
8880 0.997689 -0.184312 -98072.8 27.4776 
8890 0.997689 0.579917 -98073 27.5058 
8900 0.997689 0.611347 -98073 27.5306 
8910 0.997611 -0.779077 -98071.1 27.5636 
8920 0.997625 0.417591 -98070.5 27.5967 
8930 0.9976 -0.306011 -98069.3 27.6284 
8940 0.997583 0.989025 -98068.2 27.6571 
8950 0.997583 -0.854861 -98068.2 27.688 
8960 0.997606 -0.0830609 -98068.3 27.721 
8970 0.997606 0.0097183 -98068.3 27.7528 
8980 0.997606 0.278922 -98068.4 27.7847 
8990 0.997607 0.573887 -98068.4 27.8129 
9000 0.997607 0.695846 -98068.4 27.8413 
9010 0.997557 -0.525652 -98064.3 27.8719 
9020 0.997557 0.156296 -98064.3 27.9037 
9030 0.997559 -0.296893 -98063.9 27.936 
9040 0.997579 0.988415 -98066.3 27.9726 
9050 0.997572 0.454397 -98066.3 28.0018 
9060 0.997596 -0.591784 -98068.4 28.0349 
9070 0.997625 -0.609747 -98070.9 28.0699 
9080 0.997602 -0.346087 -98070.7 28.1037 
9090 0.997602 -0.695005 -98070.7 28.133 
9100 0.997553 -0.0407761 -98064.5 28.1693 
9110 0.997559 -0.629717 -98064.9 28.201 
9120 0.99754 0.320672 -98065.3 28.2264 
9130 0.997513 -0.268803 -98062.2 28.2557 
9140 0.997498 -0.702635 -98059.8 28.292 
9150 0.9974 0.0425252 -98048.9 28.326 
9160 0.997403 -0.572627 -98050.3 28.355 
9170 0.997403 0.439346 -98050.4 28.3857 
9180 0.997338 -0.775111 -98045.6 28.4187 
9190 0.997466 -0.0504971 -98061 28.4511 
9200 0.997484 0.770186 -98061.9 28.4841 
9210 0.997503 -0.977696 -98063.5 28.5152 
9220 0.99748 -0.210152 -98061.6 28.5466 
9230 0.99748 -0.725832 -98061.6 28.5745 
9240 0.99748 -0.578922 -98061.6 28.6051 
9250 0.997516 0.0578038 -98065.4 28.6375 
9260 0.997506 -0.0323181 -98063.8 28.6691 
9270 0.99752 0.555924 -98063.9 28.6951 
9280 0.997549 0.564394 -98065.9 28.7264 
9290 0.997481 -0.310189 -98060.7 28.756 
9300 0.997473 -0.304366 -98060.8 28.7857 
9310 0.997475 0.186761 -98061.2 28.8174 
9320 0.997484 0.0727127 -98061.1 28.8491 
9330 0.997438 -0.0577157 -98056.4 28.8792 
9340 0.997425 -0.0486924 -98055.1 28.9103 
9350 0.997425 0.588228 -98055.1 28.941 
9360 0.997435 0.962576 -98056.8 28.9731 
9370 0.997465 -0.889248 -98059.9 29.0055 
9380 0.997506 -0.805164 -98060.2 29.0392 
9390 0.99753 0.271494 -98063.8 29.0691 
9400 0.997534 -0.451279 -98064.5 29.0975 
9410 0.997534 -0.346635 -98064.5 29.1282 
9420 0.997494 0.802188 -98065.7 29.1597 
9430 0.997494 0.130807 -98065.7 29.1905 
9440 0.997596 0.162874 -98069.5 29.22 
9450 0.997596 0.527187 -98069.5 29.2485 
9460 0.997619 -0.393994 -98071.3 29.279 
9470 0.997619 -0.169116 -98071.3 29.3097 
9480 0.997628 -0.357345 -98074.6 29.3428 
9490 0.997628 -0.807635 -98074.6 29.3739 
9500 0.997628 -0.405756 -98074.6 29.4046 
9510 0.997634 0.110775 -98074.9 29.4359 
9520 0.997611 -0.679523 -98071.1 29.469 
9530 0.997569 0.940681 -98070 29.5037 
9540 0.99755 0.317572 -98066 29.5352 
9550 0.997511 -0.243615 -98064.2 29.5689 
9560 0.997451 -0.313146 -98060.1 29.5991 
9570 0.99746 0.80416 -98058.8 29.6292 
9580 0.99746 -0.0906909 -98058.8 29.6604 
9590 0.997498 0.594575 -98053.1 29.6918 
9600 0.997567 0.195007 -98058.6 29.7268 
9610 0.997587 0.0778316 -98059.7 29.7586 
9620 0.997625 0.796257 -98063.9 29.7908 
9630 0.997663 0.891369 -98067.1 29.8243 
9640 0.997663 0.744464 -98067.1 29.855 
9650 0.997591 -0.0204747 -98061.7 29.8849 
9660 0.997687 0.263746 -98071.9 29.9175 
9670 0.997696 0.929967 -98070.7 29.9513 
9680 0.997716 -0.416385 -98072.9 29.9851 
9690 0.997702 -0.209146 -98071.3 30.0184 
9700 0.997702 0.478799 -98071.3 30.0492 
9710 0.997716 0.584321 -98072.2 30.0775 
9720 0.997716 0.468891 -98072.3 30.1086 
9730 0.997706 0.0930222 -98071.4 30.1413 
9740 0.997711 -0.914527 -98072 30.1739 
9750 0.99771 0.735279 -98071.9 30.2069 
9760 0.997725 0.482478 -98074 30.2393 
9770 0.997664 0.931287 -98068.6 30.2715 
9780 0.997658 0.873876 -98068.2 30.3015 
9790 0.997554 -0.488967 -98053.2 30.3373 
9800 0.997554 -0.94399 -98053.2 30.3706 
9810 0.997566 -0.106949 -98056.5 30.4039 
9820 0.997566 -0.801546 -98056.5 30.4369 
9830 0.997536 0.867752 -98056.2 30.4715 
9840 0.997513 -0.140895 -98055.1 30.5028 
9850 0.997518 0.886197 -98055.8 30.5352 
9860 0.997518 0.231423 -98055.8 30.5635 
9870 0.997496 0.352919 -98052.9 30.598 
9880 0.997408 0.060527 -98050 30.6344 
9890 0.997507 0.984677 -98063.5 30.6685 
9900 0.997644 0.548092 -98071.4 30.7028 
9910 0.997632 0.467575 -98075.3 30.7357 
9920 0.997582 0.346794 -98070.5 30.7719 
9930 0.997582 -0.289942 -98070.5 30.8036 
9940 0.997582 -0.490335 -98070.5 30.8331 
9950 0.997553 0.754309 -98069.8 30.868 
9960 0.997592 -0.728025 -98074.2 30.9001 
9970 0.997637 -0.169477 -98066.8 30.9353 
9980 0.997568 -0.471768 -98063.8 30.971 
9990 0.997587 -0.244473 -98072.3 31.0043 
10000 0.997634 0.864584 -98075.4 31.0337 
