0 1 1 -98304 0 
10 1 -0.94177 -98304.1 0.0307313 
20 1 -0.275307 -98304.1 0.0595812 
30 1 0.642112 -98304.1 0.0905045 
40 1 -0.681024 -98304.1 0.118277 
50 1 0.810027 -98304.1 0.149856 
60 1 0.34858 -98304.1 0.180601 
70 0.999778 -0.39356 -98276.9 0.211053 
80 0.999517 0.733113 -98250.8 0.244749 
90 0.999517 0.0525777 -98250.9 0.275204 
100 0.999517 -0.815365 -98250.8 0.302825 
110 0.999229 0.880937 -98218.5 0.336103 
120 0.999091 0.909957 -98203.9 0.369826 
130 0.999091 -0.368224 -98203.9 0.400324 
140 0.999091 0.988833 -98203.9 0.427946 
150 0.999091 0.168019 -98203.9 0.458396 
160 0.998245 0.835422 -98140.6 0.494101 
170 0.998175 -0.173133 -98133.1 0.526849 
180 0.998173 0.0987163 -98132.8 0.554885 
190 0.998194 0.204349 -98135.2 0.585942 
200 0.998194 0.740021 -98135.2 0.613647 
210 0.998194 0.654817 -98135.2 0.644295 
220 0.998194 0.0956121 -98135.2 0.672012 
230 0.99818 0.0270903 -98133.8 0.702883 
240 0.998985 -0.452773 -98205.5 0.735606 
250 0.999004 0.838407 -98207.4 0.76156 
260 0.999003 0.316595 -98207.4 0.79214 
270 0.999003 0.807811 -98207.4 0.816918 
280 0.999 0.850973 -98208.1 0.85011 
290 0.998867 0.460763 -98197.6 0.880155 
300 0.998854 0.52782 -98196.5 0.912427 
310 0.998588 0.0718609 -98172.2 0.943152 
320 0.998569 0.257104 -98170.1 0.971527 
330 0.998569 0.638992 -98170.1 0.999373 
340 0.998571 0.849029 -98170.5 1.02825 
350 0.99823 -0.928332 -98136.4 1.06414 
360 0.99823 -0.431484 -98136.4 1.09475 
370 0.998028 0.622056 -98120.8 1.12907 
380 0.998025 0.923485 -98120.5 1.15702 
390 0.998031 -0.344965 -98120.8 1.18572 
400 0.998014 0.428485 -98118.8 1.21809 
410 0.997841 -0.267338 -98104.3 1.25122 
420 0.997531 -0.697553 -98077.7 1.28421 
430 0.997471 0.623805 -98073.5 1.31313 
440 0.997469 -0.860724 -98073.2 1.34398 
450 0.997467 0.643217 -98073 1.37196 
460 0.997466 0.238169 -98073 1.40278 
470 0.997636 -0.0503116 -98091.5 1.43688 
480 0.997636 -0.878576 -98091.5 1.4676 
490 0.997636 0.872712 -98091.5 1.49555 
500 0.997667 0.160632 -98093.8 1.52945 
510 0.997667 -0.323006 -98093.8 1.55731 
520 0.997621 0.772636 -98089.9 1.58937 
530 0.997673 0.791978 -98093.6 1.6219 
540 0.997673 -0.716338 -98093.6 1.65277 
550 0.997673 -0.703374 -98093.6 1.68354 
560 0.997673 -0.60543 -98093.6 1.71436 
570 0.997767 -0.131596 -98101 1.74608 
580 0.997782 -0.223817 -98102.5 1.77717 
590 0.997767 -0.990008 -98101.1 1.80884 
600 0.997767 0.0350635 -98101.1 1.83967 
610 0.997767 -0.205006 -98101.1 1.86767 
620 0.997733 -0.557272 -98097 1.89957 
630 0.997766 0.951204 -98099.5 1.93132 
640 0.997697 -0.517454 -98092.7 1.96215 
650 0.997697 -0.0860678 -98092.7 1.99309 
660 0.997738 0.451832 -98097.1 2.02844 
670 0.997727 -0.130157 -98098.1 2.06165 
680 0.997731 -0.149802 -98098.5 2.09258 
690 0.99799 -0.0154308 -98105.9 2.12336 
700 0.99799 0.310093 -98106 2.15409 
710 0.998087 0.810477 -98113.6 2.18752 
720 0.998087 -0.944767 -98113.6 2.21839 
730 0.99794 0.244563 -98101.5 2.24879 
740 0.997804 -0.172396 -98089.9 2.28168 
750 0.997812 0.259537 -98090.7 2.30981 
760 0.997795 -0.442432 -98089.1 2.3415 
770 0.997795 0.504355 -98089.2 2.36935 
780 0.997811 0.648383 -98086.7 2.40179 
790 0.99779 0.0347351 -98085.3 2.43506 
800 0.997789 -0.860422 -98085.1 2.4661 
810 0.997819 -0.566206 -98094.7 2.50186 
820 0.997496 -0.13763 -98073.5 2.53348 
830 0.997522 -0.595789 -98075.9 2.56214 
840 0.997539 0.933611 -98076.8 2.59499 
850 0.997433 -0.396344 -98070.2 2.6258 
860 0.997434 -0.287463 -98070.3 2.65659 
870 0.997415 0.945822 -98066.2 2.69014 
880 0.997533 -0.276542 -98076.9 2.72756 
890 0.997688 0.231952 -98077.1 2.75992 
900 0.997686 -0.946295 -98077.1 2.79134 
910 0.997767 0.402207 -98079.3 2.82586 
920 0.997775 0.420057 -98079.8 2.85848 
930 0.997705 0.885187 -98074.6 2.89301 
940 0.997703 0.0792364 -98074.6 2.92709 
950 0.997703 -0.603328 -98074.6 2.95865 
960 0.997703 -0.505278 -98074.6 2.98664 
970 0.997716 0.854923 -98079.9 3.01738 
980 0.997717 -0.492614 -98079.9 3.04827 
990 0.997606 0.260655 -98066.6 3.08168 
1000 0.997606 0.691406 -98066.6 3.11253 
1010 0.997606 -0.438578 -98066.6 3.14048 
1020 0.997578 0.372213 -98065.6 3.16919 
1030 0.997578 0.413763 -98065.6 3.20008 
1040 0.997578 -0.662697 -98065.6 3.23099 
1050 0.997591 -0.119797 -98068.2 3.26315 
1060 0.997644 -0.651643 -98073.3 3.29675 
1070 0.99762 0.302845 -98071.5 3.32819 
1080 0.997603 0.259444 -98068.9 3.36402 
1090 0.997712 0.125937 -98076.1 3.39622 
1100 0.997669 0.12848 -98075.3 3.42843 
1110 0.997636 -0.409279 -98071.5 3.45814 
1120 0.997667 0.934738 -98075.1 3.48429 
1130 0.99768 0.45116 -98078.7 3.51466 
1140 0.997681 0.86584 -98078.7 3.54234 
1150 0.997681 0.363335 -98078.9 3.57026 
1160 0.997689 0.0791111 -98080.6 3.60202 
1170 0.997689 0.19663 -98080.6 3.63284 
1180 0.997689 0.775275 -98080.6 3.66342 
1190 0.997633 0.265377 -98069.5 3.69852 
1200 0.997532 0.555293 -98071.1 3.7317 
1210 0.997534 -0.0744759 -98070.9 3.76469 
1220 0.997558 0.761594 -98071.2 3.79428 
1230 0.997558 -0.262741 -98071.3 3.82485 
1240 0.997567 -0.544654 -98072 3.85645 
1250 0.99759 -0.687476 -98073.2 3.88813 
1260 0.997589 -0.754942 -98073.1 3.91875 
1270 0.997591 0.289396 -98071.9 3.94727 
1280 0.997623 -0.20684 -98072.9 3.98045 
1290 0.997473 0.858964 -98064.2 4.01321 
1300 0.997468 0.70326 -98064.5 4.04479 
1310 0.997463 -0.552464 -98063.7 4.07704 
1320 0.997463 0.71735 -98063.7 4.10472 
1330 0.997473 -0.332026 -98069.4 4.13692 
1340 0.997473 0.645784 -98069.4 4.16471 
1350 0.99749 -0.0584569 -98070.3 4.19619 
1360 0.997466 -0.954384 -98069.1 4.2283 
1370 0.997471 0.32929 -98069.4 4.25935 
1380 0.997458 0.738424 -98067.4 4.29237 
1390 0.997513 0.387369 -98071 4.32553 
1400 0.997513 -0.234826 -98071 4.35625 
1410 0.9975 0.19487 -98066.5 4.39319 
1420 0.997471 -0.217564 -98064.4 4.42239 
1430 0.997488 0.870972 -98065.8 4.44806 
1440 0.997484 -0.543594 -98064.4 4.48116 
1450 0.997465 -0.158075 -98062.1 4.51288 
1460 0.997463 0.532904 -98062 4.54409 
1470 0.997509 0.385771 -98067.2 4.57954 
1480 0.997509 0.281399 -98067.2 4.60764 
1490 0.997497 -0.416512 -98064.8 4.63937 
1500 0.997526 0.609938 -98064.6 4.6746 
1510 0.997518 -0.300432 -98064.8 4.70313 
1520 0.99755 0.678356 -98062.1 4.73603 
1530 0.997657 0.786369 -98070.3 4.769 
1540 0.997674 0.826084 -98072.2 4.80428 
1550 0.997673 0.821863 -98073.2 4.83285 
1560 0.997755 0.500998 -98078.7 4.86204 
1570 0.997727 -0.368256 -98076.4 4.89396 
1580 0.997727 -0.458376 -98076.4 4.92476 
1590 0.997675 -0.061748 -98070.9 4.95802 
1600 0.997675 -0.278567 -98070.9 4.98566 
1610 0.997675 0.496494 -98070.9 5.01632 
1620 0.997675 0.730581 -98070.8 5.04414 
1630 0.997675 0.979734 -98070.8 5.07489 
1640 0.997521 -0.667437 -98057.7 5.10838 
1650 0.997529 0.701401 -98057.7 5.14111 
1660 0.997529 0.404671 -98057.7 5.17171 
1670 0.99754 -0.887578 -98058.1 5.20304 
1680 0.997454 -0.413739 -98055.1 5.23562 
1690 0.997459 -0.684375 -98055.6 5.2666 
1700 0.997478 0.972968 -98057.5 5.29789 
1710 0.997478 -0.926021 -98057.4 5.32911 
1720 0.997545 -0.00572506 -98062.3 5.36439 
1730 0.997545 0.199455 -98062.3 5.39522 
1740 0.997612 0.766949 -98065.6 5.42941 
1750 0.997585 -0.49997 -98062.3 5.45938 
1760 0.997585 0.158955 -98062.4 5.48718 
1770 0.997585 0.657018 -98062.4 5.51803 
1780 0.997585 -0.992629 -98062.4 5.54884 
1790 0.99755 -0.975222 -98060.4 5.57907 
1800 0.997557 0.903296 -98060 5.61171 
1810 0.997546 0.789386 -98058.8 5.64795 
1820 0.997546 -0.934088 -98058.7 5.67884 
1830 0.997611 0.664607 -98061.1 5.70311 
1840 0.997599 -0.412852 -98063.5 5.73643 
1850 0.997599 0.175913 -98063.5 5.76425 
1860 0.997527 0.974718 -98058.3 5.79785 
1870 0.997558 0.937572 -98060.9 5.83093 
1880 0.997568 0.939645 -98061.8 5.85584 
1890 0.997563 -0.889987 -98062.6 5.88747 
1900 0.997567 0.903122 -98062.9 5.91867 
1910 0.997565 0.745054 -98061.2 5.9524 
1920 0.99757 -0.610089 -98060.7 5.98419 
1930 0.997575 -0.5556 -98060.7 6.01634 
1940 0.997519 -0.840557 -98054.2 6.04364 
1950 0.997513 0.22478 -98053.5 6.07532 
1960 0.997513 0.973388 -98053.5 6.10606 
1970 0.997516 0.682355 -98053.9 6.13699 
1980 0.99748 -0.624354 -98050.9 6.16604 
1990 0.997542 0.512814 -98057.6 6.1976 
2000 0.997533 -0.683981 -98057.1 6.22877 
2010 0.997606 0.374828 -98060.1 6.26158 
2020 0.99759 -0.886994 -98059.5 6.29042 
2030 0.997591 -0.751511 -98059.5 6.31842 
2040 0.997591 -0.236379 -98059.5 6.34917 
2050 0.997621 -0.0412311 -98062.3 6.38231 
2060 0.997621 0.2987 -98062.3 6.41029 
2070 0.99752 -0.546451 -98049.6 6.43958 
2080 0.997551 -0.0891564 -98049.2 6.47207 
2090 0.997551 -0.598135 -98049.2 6.50301 
2100 0.997512 -0.152681 -98051.2 6.53621 
2110 0.997558 0.965809 -98054.3 6.5684 
2120 0.997519 0.0194934 -98046.6 6.6015 
2130 0.997517 -0.987098 -98046.7 6.62981 
2140 0.99757 -0.225778 -98052.8 6.65692 
2150 0.99757 0.2822 -98052.8 6.68798 
2160 0.997571 -0.969931 -98053 6.71627 
2170 0.997485 -0.917614 -98053.3 6.74559 
2180 0.997469 -0.224646 -98051.8 6.7772 
2190 0.997436 0.0641172 -98049.9 6.80661 
2200 0.997486 -0.724375 -98047.7 6.841 
2210 0.99749 0.24315 -98048.2 6.87235 
2220 0.99749 0.754729 -98048.2 6.90026 
2230 0.997318 -0.58824 -98040.5 6.9376 
2240 0.997318 0.000504906 -98040.5 6.96835 
2250 0.997445 -0.390643 -98052.9 7.00571 
2260 0.997445 -0.958255 -98053 7.0366 
2270 0.997433 0.701229 -98049.9 7.07017 
2280 0.997418 0.933936 -98047.9 7.10687 
2290 0.99762 0.108354 -98064.6 7.13986 
2300 0.997643 -0.858524 -98067.5 7.16856 
2310 0.997643 0.469504 -98067.5 7.19942 
2320 0.997642 0.615051 -98067.5 7.23078 
2330 0.997642 0.855784 -98067.5 7.25866 
2340 0.997642 0.478857 -98067.5 7.28662 
2350 0.997615 0.0112336 -98067.9 7.31686 
2360 0.997679 -0.239005 -98072.4 7.34682 
2370 0.997679 0.580515 -98072.4 7.37461 
2380 0.997679 -0.210647 -98072.4 7.40536 
2390 0.997679 0.759942 -98072.4 7.43632 
2400 0.997703 0.41869 -98074.4 7.47022 
2410 0.997596 -0.631602 -98070.6 7.50375 
2420 0.997601 0.636439 -98072.2 7.5301 
2430 0.997666 0.486828 -98076.3 7.56305 
2440 0.997634 -0.610718 -98071.2 7.59314 
2450 0.997584 0.167466 -98066.1 7.62804 
2460 0.997618 -0.206971 -98066.4 7.66243 
2470 0.997607 -0.0064686 -98066.5 7.68859 
2480 0.997607 -0.975297 -98066.4 7.71916 
2490 0.997616 -0.561435 -98066.3 7.74689 
2500 0.997616 0.679511 -98066.3 7.77165 
2510 0.997609 -0.731362 -98065.6 7.80244 
2520 0.997609 -0.75561 -98065.6 7.83303 
2530 0.997685 -0.815404 -98073.1 7.86522 
2540 0.997685 -0.0108451 -98073.1 7.89604 
2550 0.997631 0.967996 -98066.3 7.92364 
2560 0.997605 0.259862 -98065.6 7.95256 
2570 0.997513 -0.435971 -98066.7 7.9845 
2580 0.997543 0.100725 -98066 8.01711 
2590 0.997609 -0.787184 -98073.6 8.05258 
2600 0.997609 0.557528 -98073.6 8.08348 
2610 0.997574 -0.62417 -98070.1 8.11534 
2620 0.997694 -0.748222 -98079.3 8.14811 
2630 0.997665 -0.000428536 -98074.6 8.17772 
2640 0.997665 0.0811766 -98074.5 8.20868 
2650 0.99763 -0.564555 -98072.4 8.24116 
2660 0.997652 -0.121658 -98080.2 8.27312 
2670 0.99767 0.00306671 -98083.3 8.30592 
2680 0.997669 0.848038 -98083.3 8.33092 
2690 0.997682 -0.626895 -98084.8 8.36031 
2700 0.997631 -0.0057016 -98082.7 8.39411 
2710 0.997631 -0.920022 -98082.8 8.42495 
2720 0.997631 -0.19019 -98082.7 8.45588 
2730 0.997629 -0.349787 -98082.8 8.48097 
2740 0.997572 0.517463 -98074.4 8.51519 
2750 0.99763 0.328594 -98073.6 8.54527 
2760 0.997622 -0.402677 -98072.7 8.57643 
2770 0.997623 -0.31917 -98072.8 8.6074 
2780 0.997623 -0.0115732 -98072.8 8.63261 
2790 0.997677 -0.452215 -98073.9 8.66589 
2800 0.997677 -0.916613 -98078.8 8.69901 
2810 0.997677 -0.564635 -98078.8 8.72991 
2820 0.997587 0.496374 -98071.7 8.764 
2830 0.997634 0.194414 -98068.8 8.79618 
2840 0.997652 0.125469 -98070.5 8.82841 
2850 0.997652 -0.818664 -98070.5 8.85928 
2860 0.997651 -0.845628 -98070.7 8.88911 
2870 0.997636 0.175343 -98069 8.92168 
2880 0.997636 0.802489 -98069 8.95277 
2890 0.997601 0.259747 -98065.4 8.98608 
2900 0.997581 0.897851 -98065.8 9.01871 
2910 0.997581 0.663829 -98065.8 9.0496 
2920 0.997556 0.865798 -98065.1 9.0796 
2930 0.99755 0.129875 -98064.8 9.10545 
2940 0.99755 0.271858 -98064.8 9.13638 
2950 0.997599 -0.304272 -98065.4 9.16941 
2960 0.997599 -0.416878 -98065.4 9.20043 
2970 0.9976 -0.528147 -98066.2 9.22907 
2980 0.9976 0.80214 -98066.2 9.26001 
2990 0.997609 0.0106352 -98066.9 9.29273 
3000 0.9976 -0.653259 -98067.9 9.32556 
3010 0.9976 0.0463203 -98067.9 9.3565 
3020 0.997616 -0.366619 -98069.3 9.38517 
3030 0.99758 0.798494 -98067.1 9.41835 
3040 0.997614 0.359421 -98069.7 9.45254 
3050 0.997619 0.0421701 -98071.4 9.48161 
3060 0.99766 0.634907 -98070.1 9.51656 
3070 0.99766 0.134706 -98070.1 9.5476 
3080 0.997657 0.550427 -98069.8 9.57865 
3090 0.997657 0.801552 -98069.8 9.60079 
3100 0.997687 -0.169998 -98072.1 9.63423 
3110 0.997688 0.370473 -98073.6 9.67243 
3120 0.997737 0.0651987 -98078.1 9.70253 
3130 0.997679 -0.250825 -98073.5 9.73468 
3140 0.997718 0.418391 -98076.3 9.7655 
3150 0.997718 0.299234 -98076.3 9.79355 
3160 0.997718 0.182631 -98076.3 9.82451 
3170 0.997732 -0.19292 -98077.7 9.85317 
3180 0.99773 0.46445 -98078.7 9.88485 
3190 0.997617 0.778268 -98069.2 9.92038 
3200 0.99759 0.711416 -98063.2 9.95592 
3210 0.997578 -0.622127 -98060.4 9.98811 
3220 0.997579 -0.710177 -98060.8 10.0198 
3230 0.997631 -0.549509 -98067 10.0532 
3240 0.997632 -0.381764 -98067 10.0841 
3250 0.997632 0.160005 -98067 10.1156 
3260 0.997588 0.0214012 -98063.5 10.1478 
3270 0.997537 -0.431837 -98059.4 10.182 
3280 0.997537 0.986493 -98059.3 10.2099 
3290 0.997537 -0.125662 -98059.3 10.2409 
3300 0.997533 -0.972343 -98058.9 10.2668 
3310 0.99759 -0.0683997 -98063 10.2969 
3320 0.997531 -0.798635 -98059.5 10.3315 
3330 0.997527 -0.0324019 -98049.2 10.363 
3340 0.99753 -0.0731423 -98050.2 10.3893 
3350 0.997542 -0.509254 -98050.9 10.4182 
3360 0.99747 0.184143 -98044.7 10.4533 
3370 0.997477 -0.658045 -98045.6 10.4845 
3380 0.997474 -0.0375206 -98045.9 10.5137 
3390 0.997474 0.444342 -98045.9 10.5387 
3400 0.997474 -0.82806 -98045.9 10.5695 
3410 0.99749 -0.11019 -98047.5 10.5986 
3420 0.99749 0.573993 -98047.5 10.6301 
3430 0.997525 -0.912685 -98051.3 10.6623 
3440 0.997527 0.726961 -98051.6 10.6934 
3450 0.997527 0.252295 -98051.6 10.7213 
3460 0.997552 0.0916863 -98059 10.7504 
3470 0.997525 -0.229342 -98068.6 10.7759 
3480 0.997523 -0.775908 -98068.4 10.8071 
3490 0.997521 0.593839 -98068.2 10.8359 
3500 0.997494 -0.740281 -98063.7 10.8682 
3510 0.997494 -0.731694 -98063.7 10.8963 
3520 0.997566 0.483031 -98071.6 10.9306 
3530 0.997566 -0.64479 -98071.6 10.9616 
3540 0.997573 -0.235066 -98072.3 10.9928 
3550 0.997552 0.725375 -98065.7 11.0214 
3560 0.997509 -0.292043 -98061.4 11.0503 
3570 0.997494 -0.541909 -98060.5 11.0829 
3580 0.997494 0.407162 -98060.6 11.1137 
3590 0.997524 0.141215 -98059.1 11.145 
3600 0.997524 0.137301 -98059.1 11.1701 
3610 0.997561 -0.409269 -98062.9 11.2018 
3620 0.997562 0.899618 -98062.9 11.2327 
3630 0.997623 -0.927095 -98068.5 11.2654 
3640 0.997644 -0.602558 -98070.5 11.2941 
3650 0.997644 -0.660459 -98070.5 11.322 
3660 0.997644 -0.437149 -98070.5 11.353 
3670 0.997625 -0.678581 -98063.1 11.3873 
3680 0.997575 0.159047 -98061.9 11.4227 
3690 0.997616 0.0509101 -98066 11.4544 
3700 0.997495 -0.816656 -98058.7 11.487 
3710 0.997608 0.98579 -98057.4 11.52 
3720 0.997608 0.691627 -98057.4 11.551 
3730 0.997586 -0.930355 -98056.4 11.5849 
3740 0.997586 -0.0478971 -98056.4 11.6128 
3750 0.997576 -0.516648 -98053.4 11.643 
3760 0.997576 -0.903942 -98053.4 11.6739 
3770 0.997539 -0.554569 -98052 11.7069 
3780 0.997614 0.898978 -98055.1 11.7413 
3790 0.997613 0.78269 -98055.1 11.7722 
3800 0.997623 0.902053 -98059.8 11.8044 
3810 0.997687 -0.939387 -98067.7 11.8348 
3820 0.997696 0.233788 -98068.8 11.8657 
3830 0.997663 0.896875 -98066.7 11.8955 
3840 0.997663 0.870515 -98066.7 11.9262 
3850 0.997653 0.125624 -98064.2 11.9574 
3860 0.997654 -0.152033 -98064.7 11.9888 
3870 0.997696 0.559633 -98066.4 12.0228 
3880 0.997723 -0.500139 -98067.5 12.0552 
3890 0.997723 -0.075077 -98067.5 12.0829 
3900 0.997693 0.556311 -98062 12.1184 
3910 0.997647 0.527715 -98063.9 12.1504 
3920 0.997662 0.995088 -98066.3 12.1835 
3930 0.997494 -0.378455 -98055.9 12.221 
3940 0.997495 0.169136 -98056 12.2491 
3950 0.997519 -0.618171 -98058.4 12.2792 
3960 0.997602 -0.914707 -98066.2 12.3118 
3970 0.997599 0.719074 -98065.9 12.3427 
3980 0.997569 0.719232 -98056 12.3751 
3990 0.997671 0.591597 -98066.9 12.4082 
4000 0.997729 -0.690094 -98072.1 12.441 
4010 0.997719 -0.648592 -98071.5 12.4703 
4020 0.997719 -0.440457 -98071.5 12.5008 
4030 0.997719 0.341845 -98071.5 12.5258 
4040 0.99775 -0.751938 -98071.5 12.5606 
4050 0.99775 -0.326074 -98071.4 12.5883 
4060 0.997735 0.696817 -98069.8 12.6201 
4070 0.997781 -0.944441 -98073.7 12.6525 
4080 0.997781 -0.151069 -98073.7 12.6804 
4090 0.997781 -0.44215 -98073.6 12.7112 
4100 0.997781 -0.622406 -98073.6 12.7419 
4110 0.99775 0.736643 -98069.2 12.7749 
4120 0.997771 -0.66222 -98071.6 12.8037 
4130 0.997771 -0.127412 -98071.6 12.8346 
4140 0.997751 -0.522205 -98069 12.8662 
4150 0.997727 -0.749912 -98067.8 12.9005 
4160 0.997727 -0.599645 -98067.8 12.9312 
4170 0.997712 -0.33537 -98066 12.9628 
4180 0.997679 -0.284451 -98064.3 12.9945 
4190 0.997701 0.601743 -98068.2 13.028 
4200 0.997672 0.856607 -98065.6 13.0608 
4210 0.997576 -0.738392 -98066.4 13.0933 
4220 0.997667 0.722929 -98075.6 13.1234 
4230 0.997734 -0.95795 -98081.8 13.1538 
4240 0.997681 -0.164317 -98068.2 13.1896 
4250 0.997689 0.483062 -98069.2 13.2176 
4260 0.997688 -0.204251 -98069.1 13.2483 
4270 0.997603 0.379217 -98060.5 13.2854 
4280 0.997604 0.452687 -98060.5 13.3133 
4290 0.997604 0.00863106 -98060.5 13.3444 
4300 0.997603 -0.378074 -98060.4 13.3751 
4310 0.997603 -0.909252 -98060.5 13.4058 
4320 0.997603 0.156179 -98060.4 13.4367 
4330 0.997603 -0.550071 -98060.4 13.4646 
4340 0.997603 -0.223325 -98060.4 13.4924 
4350 0.997635 0.117878 -98065.2 13.5261 
4360 0.997688 0.81927 -98066.3 13.5591 
4370 0.99763 -0.41532 -98063.2 13.5914 
4380 0.997607 0.461174 -98067 13.6277 
4390 0.997607 -0.375136 -98067 13.6555 
4400 0.997597 -0.257058 -98066.1 13.6877 
4410 0.997598 0.819521 -98066.4 13.7151 
4420 0.997689 0.538629 -98072.6 13.7481 
4430 0.997608 -0.657938 -98067 13.7785 
4440 0.997661 0.665319 -98070.3 13.8117 
4450 0.997663 0.46977 -98071.6 13.8452 
4460 0.997663 -0.240852 -98071.6 13.8761 
4470 0.99763 0.539649 -98066.4 13.9091 
4480 0.99763 0.932803 -98066.4 13.937 
4490 0.997642 0.464332 -98067.1 13.9671 
4500 0.997667 0.126574 -98071.1 13.9992 
4510 0.997659 -0.0189628 -98069.9 14.025 
4520 0.997624 0.890338 -98066.7 14.0545 
4530 0.997589 0.0915276 -98064.1 14.0832 
4540 0.997589 -0.174197 -98064.1 14.114 
4550 0.997589 0.15047 -98064 14.142 
4560 0.997588 -0.342176 -98063.8 14.1733 
4570 0.997501 0.9062 -98054.7 14.2049 
4580 0.997535 0.654557 -98065.5 14.2364 
4590 0.997535 -0.141399 -98065.5 14.2672 
4600 0.997546 -0.181454 -98066.8 14.299 
4610 0.997546 0.184367 -98067 14.327 
4620 0.997586 -0.481018 -98068.9 14.3599 
4630 0.997586 -0.195137 -98068.9 14.3878 
4640 0.997568 -0.530533 -98068 14.4165 
4650 0.997523 -0.784743 -98065.2 14.4506 
4660 0.997519 0.0184909 -98064.9 14.4818 
4670 0.997519 0.947226 -98064.9 14.5128 
4680 0.99752 0.598711 -98065 14.5437 
4690 0.997619 0.552268 -98070.3 14.5742 
4700 0.997481 0.695648 -98059.6 14.6076 
4710 0.997481 0.571663 -98059.6 14.6355 
4720 0.997548 0.643531 -98057.1 14.6687 
4730 0.997548 -0.760277 -98057.1 14.6995 
4740 0.997548 0.618621 -98057.1 14.7244 
4750 0.997547 -0.0393341 -98057 14.7554 
4760 0.99762 0.290408 -98056.7 14.7856 
4770 0.997615 -0.682635 -98065 14.8183 
4780 0.997615 0.330607 -98065 14.849 
4790 0.997634 0.422246 -98063.1 14.8818 
4800 0.997653 -0.645141 -98065.2 14.911 
4810 0.997712 -0.529654 -98069.5 14.9435 
4820 0.997712 -0.772869 -98069.5 14.9716 
4830 0.997692 0.833302 -98069.3 15.0056 
4840 0.997692 -0.13561 -98069.4 15.0366 
4850 0.997692 0.366482 -98069.3 15.0676 
4860 0.997691 -0.852179 -98069.3 15.0988 
4870 0.997723 0.39828 -98072.6 15.1327 
4880 0.997692 0.0695318 -98068.8 15.1658 
4890 0.997604 0.432217 -98071.7 15.1996 
4900 0.997583 -0.617827 -98070.5 15.2295 
4910 0.997579 -0.115078 -98070 15.2605 
4920 0.997663 -0.899163 -98075.3 15.2934 
4930 0.99766 0.590709 -98075 15.3244 
4940 0.997656 0.262682 -98074.7 15.3524 
4950 0.99765 0.809968 -98074.6 15.381 
4960 0.997651 -0.941157 -98074.5 15.413 
4970 0.997592 0.823229 -98069.5 15.4486 
4980 0.997567 0.858981 -98067.4 15.482 
4990 0.997642 0.624919 -98075.6 15.5168 
5000 0.997533 0.288473 -98070.2 15.5507 
5010 0.997465 0.251837 -98065.1 15.581 
5020 0.997519 0.107351 -98066.4 15.6126 
5030 0.997516 -0.966956 -98066.2 15.6436 
5040 0.997486 -0.292385 -98064.3 15.6739 
5050 0.997466 0.655644 -98062.2 15.7067 
5060 0.997477 -0.766086 -98063.6 15.738 
5070 0.997486 -0.699066 -98067.6 15.7685 
5080 0.99749 -0.636812 -98067.9 15.7996 
5090 0.997542 -0.116287 -98071.1 15.8323 
5100 0.997568 0.268912 -98073.2 15.8651 
5110 0.997544 -0.420644 -98071.5 15.8968 
5120 0.997534 0.91287 -98070.7 15.9252 
5130 0.997557 -0.986423 -98066.5 15.9614 
5140 0.997577 0.761844 -98068.3 15.9933 
5150 0.99757 -0.626966 -98067.7 16.0225 
5160 0.997526 -0.0474563 -98062.6 16.0554 
5170 0.997526 -0.186077 -98062.6 16.0835 
5180 0.997646 -0.0527188 -98066.2 16.1189 
5190 0.997647 0.742391 -98067 16.1527 
5200 0.997647 0.25796 -98067 16.1835 
5210 0.997647 0.638569 -98067 16.2142 
5220 0.997648 0.652534 -98066.6 16.2426 
5230 0.997649 -0.130493 -98066.6 16.2732 
5240 0.997667 0.914296 -98066.8 16.3067 
5250 0.997679 0.468645 -98068.2 16.3353 
5260 0.997686 0.21413 -98068.8 16.3669 
5270 0.997692 0.836851 -98071.7 16.397 
5280 0.997681 -0.379983 -98072.7 16.4301 
5290 0.997681 -0.333399 -98072.7 16.4608 
5300 0.997691 -0.0606792 -98071.9 16.491 
5310 0.997652 0.00938799 -98066.9 16.5269 
5320 0.997625 0.0500555 -98064.6 16.5584 
5330 0.997563 0.828819 -98062.6 16.5798 
5340 0.997563 -0.99114 -98062.6 16.6105 
5350 0.997457 -0.989242 -98057.7 16.6429 
5360 0.997457 0.809409 -98057.7 16.6708 
5370 0.997488 0.549277 -98059.5 16.7022 
5380 0.997456 -0.366298 -98059.3 16.7388 
5390 0.997447 0.9651 -98058.4 16.7703 
5400 0.997447 0.397304 -98058.4 16.8012 
5410 0.997447 -0.766502 -98058.4 16.832 
5420 0.997323 -0.222795 -98052.2 16.8625 
5430 0.997323 0.380851 -98052.1 16.8933 
5440 0.997366 -0.80233 -98055.8 16.9287 
5450 0.997406 0.360789 -98059.4 16.961 
5460 0.997406 -0.557406 -98059.3 16.9889 
5470 0.9974 0.144219 -98060.8 17.0218 
5480 0.997397 0.473881 -98061.4 17.053 
5490 0.997469 0.0790841 -98068.3 17.0868 
5500 0.997522 0.440693 -98071 17.1198 
5510 0.997428 0.46647 -98066.2 17.1542 
5520 0.997413 -0.290778 -98067.6 17.1876 
5530 0.997431 0.48799 -98070.2 17.22 
5540 0.997431 -0.191079 -98061.5 17.249 
5550 0.997436 0.29801 -98062.1 17.2802 
5560 0.997444 0.128805 -98061.8 17.3123 
5570 0.997441 0.634019 -98063.5 17.345 
5580 0.997562 0.788137 -98069 17.3784 
5590 0.997562 0.0804327 -98069 17.4062 
5600 0.997614 0.183237 -98064.9 17.4383 
5610 0.997611 0.240822 -98066.3 17.4731 
5620 0.997611 0.325399 -98066.3 17.5038 
5630 0.997617 -0.73925 -98067.7 17.5377 
5640 0.997618 0.743865 -98067.8 17.5684 
5650 0.997589 0.310779 -98064.3 17.6006 
5660 0.997589 0.750529 -98064.3 17.6314 
5670 0.997592 0.0897359 -98064.2 17.6626 
5680 0.997564 0.283158 -98061.8 17.6946 
5690 0.997603 0.926188 -98065.4 17.727 
5700 0.997647 -0.838633 -98070.1 17.7595 
5710 0.997647 -0.645606 -98070.1 17.7875 
5720 0.997531 0.194561 -98067 17.8189 
5730 0.997531 0.134152 -98066.9 17.8471 
5740 0.997531 0.426714 -98066.9 17.8778 
5750 0.99753 0.570006 -98066.9 17.9085 
5760 0.997481 -0.299352 -98060.8 17.9385 
5770 0.997481 0.926447 -98060.8 17.9692 
5780 0.997481 0.00900821 -98060.8 18 
5790 0.997487 0.598957 -98063.4 18.0322 
5800 0.997481 0.768557 -98063.5 18.0638 
5810 0.997464 -0.342733 -98061.8 18.095 
5820 0.997557 0.743152 -98067.5 18.13 
5830 0.997557 -0.650807 -98067.5 18.1549 
5840 0.997523 0.755575 -98062.5 18.1879 
5850 0.997523 0.720722 -98062.5 18.2187 
5860 0.997365 -0.017365 -98053.3 18.2522 
5870 0.997339 -0.0149164 -98050.3 18.2824 
5880 0.997413 0.828868 -98053.1 18.3149 
5890 0.997421 0.858443 -98053.5 18.3465 
5900 0.997422 0.698455 -98053.5 18.3773 
5910 0.997422 -0.0207495 -98053.5 18.4082 
5920 0.997447 -0.77895 -98053.8 18.4364 
5930 0.99745 -0.105071 -98054.2 18.4675 
5940 0.997445 -0.187502 -98054.1 18.4989 
5950 0.997445 0.878219 -98054.1 18.5297 
5960 0.997439 0.220579 -98053.6 18.5611 
5970 0.997472 0.400177 -98051.9 18.5939 
5980 0.99746 0.492943 -98048.7 18.6233 
5990 0.997568 0.815815 -98054.7 18.66 
6000 0.997568 -0.950373 -98054.7 18.6907 
6010 0.997579 -0.888431 -98059.5 18.7206 
6020 0.99757 -0.405471 -98061.1 18.7533 
6030 0.997578 0.994613 -98060.9 18.7861 
6040 0.997574 0.0400124 -98060.2 18.815 
6050 0.997536 -0.801121 -98058 18.8489 
6060 0.997515 0.41711 -98057.7 18.8813 
6070 0.997541 -0.0177621 -98062.4 18.9145 
6080 0.997559 -0.99242 -98066.2 18.9494 
6090 0.997559 -0.457902 -98066.1 18.9774 
6100 0.997559 -0.643571 -98066.2 19.0081 
6110 0.997524 0.271369 -98063.9 19.0416 
6120 0.99766 -0.870658 -98073.9 19.0707 
6130 0.99766 0.195663 -98073.9 19.1015 
6140 0.997558 0.45289 -98065 19.1343 
6150 0.997569 0.712256 -98064.7 19.1644 
6160 0.997567 0.477998 -98064.4 19.1958 
6170 0.997544 0.641477 -98059.6 19.232 
6180 0.997583 0.181594 -98063.2 19.265 
6190 0.997583 0.450991 -98063.2 19.2929 
6200 0.997704 -0.760836 -98073.9 19.3206 
6210 0.997704 -0.350482 -98073.9 19.3514 
6220 0.997767 -0.211966 -98079.3 19.3839 
6230 0.997767 -0.486241 -98079.7 19.4152 
6240 0.997707 0.564799 -98079.2 19.4467 
6250 0.997707 0.357152 -98079.1 19.4783 
6260 0.997588 0.0200058 -98069.5 19.5089 
6270 0.997492 0.339794 -98061.1 19.5405 
6280 0.997376 0.962224 -98058.4 19.5754 
6290 0.997423 -0.600017 -98061.9 19.6038 
6300 0.997479 -0.00969042 -98065.5 19.634 
6310 0.997482 -0.708045 -98066 19.6653 
6320 0.997482 0.135578 -98066 19.6933 
6330 0.997534 -0.355917 -98065.6 19.7305 
6340 0.997536 0.702242 -98065.8 19.7583 
6350 0.9976 0.266828 -98069.3 19.7792 
6360 0.9976 -0.901583 -98069.3 19.8041 
6370 0.997561 -0.435644 -98066.3 19.8357 
6380 0.997594 -0.16404 -98065.4 19.8659 
6390 0.997594 -0.974362 -98065.4 19.8967 
6400 0.997594 0.736172 -98065.3 19.9274 
6410 0.997594 -0.689961 -98066.2 19.9552 
6420 0.997646 0.236711 -98072 19.9859 
6430 0.997632 0.258938 -98071.1 20.0188 
6440 0.997676 -0.596326 -98074.1 20.0511 
6450 0.997676 -0.148291 -98074.1 20.0818 
6460 0.997666 -0.703255 -98073.2 20.1106 
6470 0.997666 -0.0320934 -98073.2 20.1356 
6480 0.997667 -0.174409 -98073.3 20.1637 
6490 0.997547 0.17803 -98068.4 20.1983 
6500 0.997511 0.342444 -98064.8 20.2309 
6510 0.997545 0.462771 -98069 20.264 
6520 0.997534 -0.0270307 -98068.1 20.296 
6530 0.997491 -0.772168 -98064.1 20.3247 
6540 0.997472 -0.308197 -98061.7 20.3575 
6550 0.997488 -0.57191 -98062.2 20.3913 
6560 0.997488 0.704507 -98062.2 20.4192 
6570 0.997476 -0.0594354 -98065.1 20.4522 
6580 0.997479 -0.706585 -98065.4 20.4833 
6590 0.997424 -0.822153 -98060.5 20.5101 
6600 0.997424 -0.628719 -98060.5 20.5409 
6610 0.997381 -0.238108 -98050.7 20.5716 
6620 0.997387 0.417591 -98051.3 20.6041 
6630 0.997404 -0.387247 -98053 20.6356 
6640 0.997403 0.125293 -98053 20.6664 
6650 0.9974 -0.407672 -98059 20.7039 
6660 0.9974 0.505117 -98059 20.7348 
6670 0.997411 -0.11905 -98060.1 20.7661 
6680 0.997481 -0.804951 -98067.7 20.7988 
6690 0.997481 -0.178645 -98060.7 20.8287 
6700 0.997481 0.991601 -98060.7 20.8594 
6710 0.997481 0.275557 -98060.7 20.8902 
6720 0.99749 0.443258 -98061.5 20.9219 
6730 0.99749 0.576842 -98061.5 20.9528 
6740 0.99749 0.118483 -98061.5 20.9836 
6750 0.99749 -0.658543 -98061.5 21.0145 
6760 0.997625 0.194388 -98070.9 21.047 
6770 0.997626 0.188024 -98070.9 21.0748 
6780 0.997738 0.157233 -98080.3 21.1079 
6790 0.997738 -0.432663 -98080.4 21.1386 
6800 0.99762 0.922609 -98066.4 21.1715 
6810 0.997652 0.988199 -98070.9 21.2007 
6820 0.997652 0.62727 -98070.9 21.2315 
6830 0.997632 -0.533065 -98069 21.2652 
6840 0.997632 0.266534 -98069 21.2961 
6850 0.9976 -0.0324971 -98063.3 21.3274 
6860 0.997641 -0.288234 -98064.6 21.3589 
6870 0.997641 -0.737382 -98064.6 21.3867 
6880 0.997453 0.380018 -98061.8 21.4204 
6890 0.997453 -0.130125 -98061.8 21.4511 
6900 0.997491 0.702946 -98065 21.48 
6910 0.997472 -0.457284 -98062.6 21.5061 
6920 0.997473 -0.0201196 -98061 21.5379 
6930 0.997475 -0.0859172 -98061.2 21.5704 
6940 0.997475 0.216989 -98061.2 21.6015 
6950 0.997502 0.122701 -98067.3 21.6366 
6960 0.997543 -0.777848 -98068.5 21.6702 
6970 0.997548 0.137929 -98067.3 21.7006 
6980 0.997548 -0.685002 -98067.3 21.7287 
6990 0.997549 -0.272899 -98067.3 21.7566 
7000 0.997528 0.606881 -98065.8 21.7855 
7010 0.997533 0.717003 -98066.3 21.8138 
7020 0.99763 0.46245 -98070.5 21.8441 
7030 0.997531 0.687012 -98064.3 21.8772 
7040 0.997531 -0.382914 -98064.2 21.8993 
7050 0.997556 -0.593083 -98063.6 21.9285 
7060 0.997621 0.709529 -98072 21.9601 
7070 0.997621 0.868621 -98072 21.991 
7080 0.997522 -0.0784787 -98066.2 22.0235 
7090 0.99763 0.234494 -98072.5 22.0537 
7100 0.997705 -0.764291 -98077.6 22.0868 
7110 0.997705 -0.283717 -98077.6 22.1146 
7120 0.997703 -0.971036 -98077.4 22.1431 
7130 0.997676 -0.969258 -98075.2 22.1758 
7140 0.997657 -0.500208 -98073.8 22.2045 
7150 0.997684 -0.707794 -98074.2 22.2388 
7160 0.997679 0.991755 -98073.8 22.2672 
7170 0.997683 -0.719878 -98074.1 22.2986 
7180 0.997745 0.484264 -98075 22.3336 
7190 0.997678 0.314549 -98071.5 22.3675 
7200 0.997715 0.116169 -98072 22.4005 
7210 0.997679 -0.284425 -98069.5 22.4335 
7220 0.997687 -0.489693 -98070.9 22.4665 
7230 0.997595 -0.877624 -98062.9 22.4971 
7240 0.997554 0.784595 -98059 22.5287 
7250 0.997623 0.450539 -98064.8 22.5618 
7260 0.99759 -0.952538 -98070.3 22.5891 
7270 0.997629 -0.259275 -98073.4 22.6181 
7280 0.997553 0.204985 -98072 22.6507 
7290 0.997553 0.841726 -98072 22.6784 
7300 0.997546 0.179636 -98072.5 22.7101 
7310 0.997554 0.482408 -98072.5 22.7415 
7320 0.997553 0.640623 -98072.5 22.7694 
7330 0.997553 -0.599752 -98072.5 22.8003 
7340 0.997561 0.139915 -98072.6 22.8323 
7350 0.997467 -0.279061 -98068.2 22.8653 
7360 0.997637 0.852163 -98076.9 22.8954 
7370 0.997621 -0.61638 -98076.3 22.9252 
7380 0.997565 0.020475 -98070.9 22.9529 
7390 0.9975 -0.139129 -98066.2 22.9825 
7400 0.997493 0.252508 -98065.4 23.0145 
7410 0.997617 0.389223 -98071.2 23.0482 
7420 0.997618 0.171184 -98071.2 23.0788 
7430 0.997618 -0.709382 -98071.2 23.1094 
7440 0.997618 0.728396 -98071.2 23.14 
7450 0.997612 -0.520094 -98070.1 23.173 
7460 0.997612 -0.392673 -98070.1 23.2008 
7470 0.997612 -0.673781 -98070.1 23.2256 
7480 0.99761 0.240365 -98072.2 23.2525 
7490 0.997631 0.0843292 -98073 23.2879 
7500 0.997627 0.40869 -98072.8 23.3161 
7510 0.997627 -0.236606 -98072.8 23.3409 
7520 0.997663 0.570516 -98076.3 23.3735 
7530 0.997687 0.168375 -98078.6 23.4054 
7540 0.997638 -0.135925 -98074.2 23.4394 
7550 0.997638 0.321246 -98074.2 23.47 
7560 0.997648 -0.132327 -98075 23.4988 
7570 0.997624 0.602684 -98072.5 23.5265 
7580 0.997624 0.488972 -98072.5 23.5542 
7590 0.997602 0.450581 -98070.3 23.5858 
7600 0.997696 0.364917 -98073.5 23.6189 
7610 0.997704 -0.00882889 -98069.4 23.6508 
7620 0.997723 -0.638779 -98072.7 23.6831 
7630 0.997687 0.92943 -98070.5 23.7156 
7640 0.9977 0.0728405 -98071.5 23.7466 
7650 0.9977 -0.888692 -98071.5 23.7747 
7660 0.997704 -0.934319 -98071.4 23.8064 
7670 0.99764 0.342685 -98064.6 23.8391 
7680 0.99764 0.268366 -98064.7 23.8669 
7690 0.997583 0.816474 -98058.3 23.8998 
7700 0.997611 0.71193 -98061.7 23.9322 
7710 0.997544 0.666643 -98053.8 23.9546 
7720 0.997497 -0.550831 -98049.7 23.988 
7730 0.997582 0.947223 -98060.4 24.0159 
7740 0.997582 0.123368 -98060.4 24.044 
7750 0.997651 -0.423462 -98067.6 24.0763 
7760 0.997663 -0.938741 -98064.6 24.1117 
7770 0.997656 0.412634 -98064.1 24.1429 
7780 0.997688 -0.716823 -98067 24.1746 
7790 0.997667 -0.887729 -98073.6 24.2068 
7800 0.997667 0.355353 -98073.6 24.2345 
7810 0.997593 -0.0673914 -98074 24.2708 
7820 0.99761 -0.155814 -98075.7 24.2999 
7830 0.997595 0.747399 -98074.5 24.328 
7840 0.997646 0.209806 -98078.2 24.362 
7850 0.997653 0.865664 -98078.4 24.3944 
7860 0.997623 0.310438 -98076 24.4267 
7870 0.997687 0.36816 -98079.8 24.4566 
7880 0.997561 -0.865672 -98073.9 24.4896 
7890 0.997561 -0.872291 -98073.9 24.5204 
7900 0.997563 0.28278 -98074 24.549 
7910 0.997536 -0.225824 -98072.3 24.5776 
7920 0.997326 -0.672614 -98055.8 24.6105 
7930 0.997483 -0.0986827 -98054 24.6387 
7940 0.99749 0.082274 -98054.6 24.6668 
7950 0.997482 -0.213574 -98054 24.6991 
7960 0.997482 0.117346 -98054 24.727 
7970 0.997476 -0.165538 -98054.4 24.7568 
7980 0.997476 0.772925 -98054.4 24.788 
7990 0.997452 -0.68834 -98052.9 24.8204 
8000 0.997452 -0.842649 -98052.9 24.8483 
8010 0.99752 -0.481648 -98056.8 24.8757 
8020 0.997517 -0.703849 -98055.1 24.9078 
8030 0.997473 -0.188424 -98052.1 24.9401 
8040 0.997491 0.0595863 -98055.3 24.9696 
8050 0.997491 0.753715 -98055.3 25.0005 
8060 0.99743 -0.0266378 -98056.4 25.033 
8070 0.997468 0.77758 -98057 25.066 
8080 0.997516 0.0815713 -98056.6 25.1033 
8090 0.997486 0.915141 -98053.7 25.1318 
8100 0.997445 -0.601601 -98056.3 25.1643 
8110 0.997477 -0.229413 -98058.7 25.1984 
8120 0.997635 -0.663106 -98068.7 25.2302 
8130 0.997636 -0.296167 -98069.2 25.2679 
8140 0.997636 0.446335 -98069.2 25.2987 
8150 0.997593 -0.75011 -98068.9 25.3319 
8160 0.99764 -0.966508 -98072.5 25.3648 
8170 0.99764 0.0766155 -98072.5 25.3956 
8180 0.99764 0.825969 -98072.5 25.4265 
8190 0.997649 -0.22602 -98073 25.4489 
8200 0.997649 -0.735733 -98073.1 25.4739 
8210 0.997649 -0.0100237 -98073 25.5047 
8220 0.99764 0.0061922 -98071.5 25.5382 
8230 0.997622 -0.172116 -98070.3 25.5702 
8240 0.997634 0.768982 -98071.8 25.6038 
8250 0.997634 0.12674 -98071.8 25.6316 
8260 0.997627 -0.445487 -98069.7 25.6658 
8270 0.99761 -0.225729 -98067.2 25.695 
8280 0.997607 0.460774 -98069.6 25.7293 
8290 0.997655 0.221138 -98070.5 25.7646 
8300 0.997664 -0.710388 -98070.4 25.7943 
8310 0.997631 -0.634403 -98069.1 25.8236 
8320 0.997526 -0.871657 -98067.1 25.8569 
8330 0.997525 -0.57526 -98067.1 25.8877 
8340 0.997526 0.924423 -98067.1 25.9157 
8350 0.997526 0.154099 -98067.1 25.9465 
8360 0.997515 -0.757984 -98066.3 25.9752 
8370 0.997486 -0.231822 -98058.5 26.01 
8380 0.997489 0.0246229 -98057.7 26.0381 
8390 0.997464 -0.561312 -98049.1 26.0702 
8400 0.997464 0.442352 -98049.1 26.1012 
8410 0.997464 -0.894724 -98049.1 26.1291 
8420 0.997493 0.46391 -98051.9 26.1615 
8430 0.997487 -0.0742245 -98051.4 26.1895 
8440 0.997487 0.99228 -98051.4 26.2205 
8450 0.997487 -0.902691 -98051.4 26.2484 
8460 0.99757 -0.423093 -98060.7 26.2821 
8470 0.997602 -0.292255 -98062.5 26.3147 
8480 0.997715 0.87041 -98071.2 26.348 
8490 0.997715 -0.87578 -98071.1 26.3757 
8500 0.997662 -0.770988 -98063.7 26.4035 
8510 0.997651 0.76592 -98062.2 26.435 
8520 0.997554 -0.140442 -98056.9 26.4628 
8530 0.997684 0.185403 -98067.7 26.4981 
8540 0.997698 0.6316 -98068.8 26.5292 
8550 0.997698 0.559506 -98068.7 26.557 
8560 0.997697 -0.657036 -98068.7 26.5876 
8570 0.997693 -0.260633 -98070.3 26.6175 
8580 0.997693 -0.270446 -98070.3 26.6454 
8590 0.997778 -0.891549 -98073.7 26.6748 
8600 0.997648 0.335022 -98062.8 26.7111 
8610 0.997659 -0.157217 -98064.2 26.7394 
8620 0.997647 0.369076 -98063.4 26.7683 
8630 0.997647 0.318223 -98063.4 26.7989 
8640 0.997647 0.708032 -98063.4 26.8296 
8650 0.997647 0.688034 -98063.4 26.8603 
8660 0.997706 -0.475839 -98066.2 26.8878 
8670 0.997638 -0.962852 -98062.3 26.9205 
8680 0.997665 0.502955 -98069.3 26.9545 
8690 0.997755 -0.584735 -98069 26.9854 
8700 0.997765 0.171245 -98069.8 27.0166 
8710 0.997907 0.936096 -98082.8 27.0541 
8720 0.997801 0.421286 -98078.5 27.0869 
8730 0.997783 -0.517395 -98076.7 27.1168 
8740 0.997756 -0.372935 -98073.7 27.1486 
8750 0.997729 -0.921952 -98071.5 27.1788 
8760 0.997729 -0.66567 -98071.5 27.2094 
8770 0.997718 -0.770478 -98071.4 27.2424 
8780 0.997732 -0.38609 -98069.5 27.2785 
8790 0.997746 -0.631616 -98070.2 27.3134 
8800 0.997701 -0.974765 -98071.1 27.3397 
8810 0.99771 -0.0158282 -98072.1 27.3711 
8820 0.997695 0.808831 -98071.5 27.3971 
8830 0.997655 0.442389 -98073.5 27.4244 
8840 0.997655 0.630864 -98073.5 27.4551 
8850 0.997653 0.128124 -98073.4 27.4863 
8860 0.99765 -0.551624 -98072.3 27.5181 
8870 0.997651 0.546198 -98072.4 27.5468 
8880 0.997608 -0.975045 -98069.3 27.5797 
8890 0.997608 -0.264955 -98069.2 27.6082 
8900 0.997585 -0.348971 -98067.1 27.6378 
8910 0.99767 0.108405 -98069.1 27.6663 
8920 0.99765 0.252901 -98067 27.6932 
8930 0.997662 -0.181862 -98067.9 27.7216 
8940 0.997662 0.486023 -98067.9 27.7529 
8950 0.997599 0.260599 -98056.4 27.7842 
8960 0.997599 0.6638 -98056.4 27.8151 
8970 0.997589 -0.120669 -98056 27.8486 
8980 0.997603 -0.921645 -98057 27.8801 
8990 0.997602 -0.660701 -98057 27.9112 
9000 0.997643 -0.986596 -98062.7 27.9448 
9010 0.997635 0.347243 -98065.6 27.9797 
9020 0.997604 -0.85869 -98067.7 28.0118 
9030 0.99762 0.409064 -98069.3 28.0434 
9040 0.997625 0.774798 -98070.3 28.0767 
9050 0.997622 0.106534 -98070 28.1088 
9060 0.997625 0.582654 -98066.5 28.1391 
9070 0.997645 -0.715788 -98067.8 28.1712 
9080 0.997625 0.672061 -98063.8 28.2028 
9090 0.997625 -0.963253 -98063.8 28.2337 
9100 0.997618 0.710707 -98068.9 28.2661 
9110 0.997627 -0.742019 -98074 28.3003 
9120 0.997606 0.93266 -98073.6 28.3304 
9130 0.997606 0.298738 -98073.6 28.3615 
9140 0.997606 -0.198829 -98073.6 28.3925 
9150 0.997606 -0.427817 -98073.6 28.4238 
9160 0.997606 -0.360239 -98073.6 28.4549 
9170 0.997661 -0.55483 -98076.7 28.4898 
9180 0.997639 0.308395 -98074.6 28.5218 
9190 0.997639 -0.429434 -98074.6 28.5531 
9200 0.997643 0.0271233 -98073.1 28.5873 
9210 0.997643 0.913511 -98073.1 28.6182 
9220 0.997666 0.819676 -98074.9 28.6471 
9230 0.997605 0.333999 -98063.3 28.6812 
9240 0.997605 0.338165 -98063.3 28.7092 
9250 0.997623 0.661735 -98065 28.7422 
9260 0.997606 -0.519711 -98066.3 28.776 
9270 0.997636 -0.213889 -98064.1 28.803 
9280 0.997636 -0.596027 -98064.1 28.831 
9290 0.997636 -0.201045 -98064.1 28.859 
9300 0.997604 0.629981 -98061.1 28.8915 
9310 0.997563 -0.166324 -98057.1 28.9228 
9320 0.997562 -0.129653 -98057.1 28.9541 
9330 0.997524 -0.589127 -98054.7 28.9864 
9340 0.997525 -0.0897303 -98054.7 29.0145 
9350 0.997528 0.546698 -98055.1 29.0457 
9360 0.997634 0.992846 -98065.6 29.0789 
9370 0.997527 0.204906 -98060.1 29.1123 
9380 0.997527 -0.919425 -98060.1 29.1433 
9390 0.997528 0.72446 -98060.2 29.1742 
9400 0.99752 0.863201 -98059.5 29.2055 
9410 0.997519 0.322434 -98060.4 29.2388 
9420 0.997519 -0.822019 -98060.4 29.2697 
9430 0.997534 0.198142 -98062.5 29.3046 
9440 0.997533 0.107795 -98062.7 29.3338 
9450 0.997594 0.834963 -98067.6 29.3696 
9460 0.99768 0.0595705 -98076.3 29.4028 
9470 0.997676 0.802775 -98076.3 29.4346 
9480 0.997681 -0.636088 -98076.7 29.4636 
9490 0.997705 0.0936296 -98078.8 29.4966 
9500 0.997685 0.129464 -98071.4 29.524 
9510 0.997685 -0.872439 -98071.4 29.5549 
9520 0.997671 -0.334056 -98068.4 29.5864 
9530 0.997625 0.349417 -98068.6 29.6194 
9540 0.997558 0.442362 -98061.6 29.6523 
9550 0.997558 -0.454818 -98061.6 29.6834 
9560 0.997553 -0.712025 -98059.2 29.7166 
9570 0.997623 -0.835644 -98068.3 29.749 
9580 0.997623 0.0349895 -98068.3 29.78 
9590 0.997619 0.139973 -98067.7 29.8083 
9600 0.99765 0.866601 -98071.5 29.8416 
9610 0.99762 -0.990966 -98069.3 29.8742 
9620 0.997619 -0.34293 -98069.3 29.8993 
9630 0.997632 -0.333344 -98071 29.9313 
9640 0.997527 0.449698 -98061.1 29.9593 
9650 0.997521 0.173929 -98060.4 29.9907 
9660 0.997513 -0.428252 -98060.9 30.0261 
9670 0.997622 -0.380403 -98066 30.0593 
9680 0.997622 0.847949 -98066 30.0902 
9690 0.997624 -0.620965 -98066.3 30.1216 
9700 0.997581 0.344356 -98063.7 30.1549 
9710 0.997518 0.254228 -98053.6 30.1853 
9720 0.997508 0.586885 -98055.7 30.2152 
9730 0.997515 -0.450602 -98051.6 30.2506 
9740 0.997392 -0.88989 -98041.7 30.2801 
9750 0.997464 0.621939 -98048.3 30.3131 
9760 0.997464 0.103923 -98048.3 30.3437 
9770 0.997433 -0.0959936 -98047 30.3762 
9780 0.99751 0.523749 -98056 30.4091 
9790 0.99751 -0.707849 -98056 30.4398 
9800 0.997432 -0.126988 -98054.1 30.474 
9810 0.99752 -0.966484 -98056.9 30.5074 
9820 0.99752 -0.303095 -98056.9 30.5381 
9830 0.997535 -0.28193 -98058.3 30.5696 
9840 0.997601 0.0287061 -98059 30.6004 
9850 0.997653 -0.55051 -98062.9 30.6282 
9860 0.997678 -0.893004 -98065.2 30.6571 
9870 0.997633 0.0542801 -98063 30.6883 
9880 0.997595 -0.00533338 -98061.2 30.7223 
9890 0.997598 0.973183 -98061.3 30.7503 
9900 0.997598 0.851955 -98061.3 30.7809 
9910 0.997584 0.958271 -98058.8 30.8124 
9920 0.99764 0.110918 -98062.7 30.8447 
9930 0.997668 -0.632419 -98063.9 30.8775 
9940 0.997655 0.9605 -98062.9 30.9099 
9950 0.997655 0.819025 -98062.9 30.9351 
9960 0.997715 -0.108892 -98069 30.9665 
9970 0.997716 0.179596 -98064 31.0008 
9980 0.997716 -0.399449 -98064 31.0318 
9990 0.997715 -0.192746 -98063.8 31.0628 
10000 0.997716 0.571756 -98068.7 31.0999 
