0 1 1 -98304 0 
10 1 -0.627163 -98304 0.029092 
20 0.999999 0.988647 -98303.9 0.0605916 
30 0.999808 0.587014 -98279.7 0.0952499 
40 0.998884 0.814939 -98177.2 0.135897 
50 0.998967 0.404396 -98187.3 0.168751 
60 0.999004 0.582031 -98191.4 0.203145 
70 0.999055 0.802575 -98197.8 0.236392 
80 0.999055 0.200192 -98197.8 0.268129 
90 0.998431 -0.615543 -98140.4 0.302504 
100 0.998431 0.335435 -98140.5 0.33412 
110 0.998438 0.499505 -98141.1 0.365784 
120 0.998435 0.968077 -98140.8 0.397866 
130 0.998359 -0.0887816 -98132.4 0.428983 
140 0.998106 0.739156 -98114.7 0.463686 
150 0.998102 0.557046 -98114.3 0.492881 
160 0.998075 0.0832138 -98111.2 0.523731 
170 0.998075 0.886484 -98111.2 0.555434 
180 0.998106 -0.681043 -98113.6 0.589191 
190 0.998094 0.70079 -98112.1 0.621256 
200 0.997713 0.785591 -98076.2 0.656966 
210 0.997713 0.744116 -98076.2 0.682766 
220 0.997713 -0.529662 -98076.2 0.711605 
230 0.997713 -0.880341 -98076.2 0.740449 
240 0.997713 0.256093 -98076.2 0.772613 
250 0.997797 -0.934621 -98087.1 0.807733 
260 0.997741 -0.38013 -98080 0.838608 
270 0.997754 -0.0476088 -98080.6 0.871088 
280 0.997853 0.694743 -98099.6 0.90304 
290 0.997853 -0.205627 -98099.6 0.932003 
300 0.998277 -0.125021 -98124.2 0.966686 
310 0.998261 -0.080741 -98122.6 0.997239 
320 0.99827 -0.610413 -98123.6 1.03146 
330 0.99826 -0.679762 -98122.7 1.06085 
340 0.998308 0.722071 -98127.9 1.09726 
350 0.998308 0.290526 -98127.9 1.12638 
360 0.998308 0.598178 -98128 1.15844 
370 0.998291 -0.230506 -98127.1 1.18852 
380 0.998293 -0.905072 -98127.1 1.22224 
390 0.998293 0.842059 -98127 1.25414 
400 0.998293 0.198867 -98127 1.28291 
410 0.998117 0.0900784 -98110.5 1.32157 
420 0.998094 0.0902309 -98107.5 1.35503 
430 0.998098 -0.154876 -98108.1 1.38752 
440 0.997967 0.608738 -98095.2 1.42179 
450 0.997619 -0.385263 -98065.9 1.45894 
460 0.997655 -0.711332 -98067.5 1.49369 
470 0.997654 -0.326458 -98067.5 1.52554 
480 0.99765 -0.172241 -98067.4 1.5556 
490 0.997582 0.653431 -98057.9 1.59005 
500 0.997634 0.821257 -98061.3 1.62094 
510 0.997632 0.128245 -98061.3 1.6536 
520 0.99765 -0.231987 -98060.5 1.67955 
530 0.99757 -0.402662 -98060.3 1.7058 
540 0.99757 -0.78326 -98060.3 1.73798 
550 0.99757 -0.689961 -98060.3 1.77047 
560 0.997542 -0.707186 -98058 1.80449 
570 0.99751 0.36834 -98056.3 1.83538 
580 0.997688 0.643703 -98068.9 1.865 
590 0.997687 0.864139 -98068.9 1.89454 
600 0.997687 -0.798756 -98068.9 1.92677 
610 0.997684 -0.753945 -98068.5 1.95928 
620 0.997672 -0.179303 -98064.3 1.99422 
630 0.99773 -0.806646 -98068.7 2.02877 
640 0.997566 -0.268477 -98062 2.06367 
650 0.997424 -0.28267 -98052.8 2.08849 
660 0.99742 0.375128 -98052 2.11819 
670 0.997476 0.590292 -98058 2.14519 
680 0.997592 -0.0270885 -98065.6 2.17965 
690 0.997587 0.665583 -98064.9 2.21247 
700 0.997572 0.678276 -98063.5 2.24536 
710 0.997429 -0.101019 -98059.9 2.28171 
720 0.997425 -0.809184 -98059.8 2.31398 
730 0.997421 0.967182 -98059.3 2.34345 
740 0.997451 -0.933212 -98060.3 2.37799 
750 0.997451 0.989221 -98060.3 2.40989 
760 0.997451 -0.563339 -98060.3 2.44172 
770 0.997451 -0.769715 -98060.3 2.47387 
780 0.997475 0.43479 -98066.1 2.50758 
790 0.997542 0.496195 -98064.3 2.53969 
800 0.99745 0.163125 -98058.8 2.57364 
810 0.997475 0.205665 -98056.2 2.60535 
820 0.997475 -0.100627 -98056.2 2.63722 
830 0.997507 0.61216 -98059.2 2.67071 
840 0.997507 -0.913328 -98059.2 2.6996 
850 0.997589 0.0178378 -98061.9 2.73545 
860 0.997589 0.49097 -98061.8 2.76744 
870 0.99757 0.112676 -98063.4 2.80374 
880 0.997471 -0.555015 -98055.7 2.8349 
890 0.997453 -0.259262 -98054.8 2.86998 
900 0.997459 0.0454573 -98055.6 2.89913 
910 0.997459 -0.33714 -98055.6 2.93102 
920 0.997465 0.19964 -98056.3 2.9634 
930 0.997479 -0.57623 -98057.5 2.99595 
940 0.997481 -0.737425 -98056.7 3.02914 
950 0.997488 -0.88396 -98057.2 3.06192 
960 0.997455 -0.0404522 -98054.6 3.08564 
970 0.997431 0.375757 -98052.1 3.11906 
980 0.997392 0.395698 -98053.3 3.15333 
990 0.997392 0.541849 -98053.3 3.18522 
1000 0.997392 -0.190962 -98053.3 3.21719 
1010 0.997399 0.0033592 -98057.7 3.25477 
1020 0.997405 0.738869 -98060.5 3.28224 
1030 0.997405 0.58921 -98060.5 3.31419 
1040 0.997477 -0.282138 -98065.7 3.34874 
1050 0.997465 -0.513211 -98064.5 3.38158 
1060 0.997378 0.304465 -98058.4 3.4159 
1070 0.997397 -0.234737 -98058.8 3.44245 
1080 0.997368 0.692587 -98057.1 3.47525 
1090 0.997397 0.115429 -98059.5 3.50536 
1100 0.997411 -0.685647 -98059.6 3.5395 
1110 0.997369 -0.797514 -98056.5 3.57266 
1120 0.997509 -0.313876 -98071 3.60654 
1130 0.997588 -0.509518 -98074.8 3.63786 
1140 0.997583 -0.177293 -98074.4 3.67202 
1150 0.997583 -0.451855 -98074.4 3.70093 
1160 0.99759 0.82991 -98075.2 3.73394 
1170 0.997588 0.93004 -98075.1 3.76688 
1180 0.997591 -0.645551 -98075.4 3.79935 
1190 0.997597 -0.68673 -98077.5 3.82973 
1200 0.997604 0.117633 -98078.1 3.86164 
1210 0.997528 -0.0955632 -98063.6 3.89865 
1220 0.99767 0.321454 -98070.2 3.93605 
1230 0.99767 -0.134099 -98070.2 3.96503 
1240 0.997729 -0.698711 -98075.9 3.99758 
1250 0.997729 0.033808 -98075.9 4.02653 
1260 0.997712 -0.822344 -98075.1 4.06307 
1270 0.997712 -0.72908 -98075.1 4.09511 
1280 0.997794 0.386369 -98075.8 4.12528 
1290 0.997791 0.837919 -98075.4 4.1588 
1300 0.997597 -0.950509 -98064.4 4.19292 
1310 0.997614 -0.867733 -98068.6 4.22727 
1320 0.997649 -0.044806 -98072.8 4.25862 
1330 0.997677 0.0144302 -98071.7 4.29314 
1340 0.997696 0.756227 -98074.2 4.32809 
1350 0.997696 0.941992 -98074.2 4.36017 
1360 0.997696 -0.0527166 -98074.2 4.39235 
1370 0.997707 -0.709589 -98074.2 4.4258 
1380 0.997551 0.44831 -98065.8 4.45598 
1390 0.997562 0.654352 -98067.7 4.4912 
1400 0.997612 -0.539755 -98069 4.51601 
1410 0.997612 0.183881 -98069 4.54795 
1420 0.997612 0.209759 -98069 4.57745 
1430 0.997632 0.266604 -98071.3 4.61079 
1440 0.997632 -0.352308 -98071.3 4.64233 
1450 0.997632 0.00589718 -98071.4 4.66822 
1460 0.997632 0.964457 -98071.4 4.70053 
1470 0.997632 -0.08754 -98071.4 4.73198 
1480 0.997622 -0.192783 -98070.3 4.76663 
1490 0.997616 -0.0271057 -98069.7 4.79315 
1500 0.997594 -0.075641 -98069.7 4.82597 
1510 0.997594 0.3945 -98069.7 4.85884 
1520 0.99772 -0.759787 -98077.9 4.89083 
1530 0.997717 -0.237897 -98076.3 4.92233 
1540 0.997717 -0.250256 -98076.3 4.9537 
1550 0.997708 -0.163453 -98076 4.98859 
1560 0.997673 0.794956 -98074.4 5.01992 
1570 0.997653 -0.464238 -98076.3 5.05618 
1580 0.997665 -0.97265 -98075.9 5.09089 
1590 0.997665 0.800808 -98075.9 5.12288 
1600 0.997694 0.806292 -98077.6 5.15898 
1610 0.997694 0.893812 -98077.6 5.18838 
1620 0.997694 0.0618946 -98077.6 5.22066 
1630 0.997732 -0.726727 -98083 5.2563 
1640 0.997582 0.843035 -98074.8 5.29157 
1650 0.997507 0.0921875 -98068 5.32724 
1660 0.997557 0.895734 -98071.3 5.36197 
1670 0.997557 -0.49489 -98071.3 5.39314 
1680 0.99763 -0.916956 -98072.9 5.42657 
1690 0.997632 -0.545902 -98073.1 5.45498 
1700 0.9975 0.872977 -98061.2 5.48821 
1710 0.9975 0.951528 -98061.2 5.51678 
1720 0.997497 -0.632337 -98061.2 5.5497 
1730 0.997516 0.723621 -98063.4 5.58408 
1740 0.997522 -0.122571 -98061.6 5.61793 
1750 0.997522 0.543878 -98061.6 5.64944 
1760 0.997548 -0.199939 -98064.6 5.68293 
1770 0.997549 0.496742 -98064.7 5.70854 
1780 0.99763 0.694681 -98075.5 5.73995 
1790 0.997628 -0.0641131 -98072.9 5.77557 
1800 0.997592 -0.330183 -98070.8 5.81199 
1810 0.997562 0.381977 -98068.6 5.84465 
1820 0.997544 -0.2272 -98067 5.87602 
1830 0.997476 -0.426895 -98064.7 5.90678 
1840 0.99744 0.751512 -98067.1 5.93986 
1850 0.99744 -0.750599 -98067.2 5.97147 
1860 0.997449 0.0707658 -98063.9 6.00798 
1870 0.997448 0.514051 -98063.8 6.03637 
1880 0.997439 -0.738767 -98063.6 6.06858 
1890 0.997439 0.0994144 -98063.6 6.09824 
1900 0.997528 0.148135 -98069.6 6.12807 
1910 0.997532 0.191008 -98070 6.16007 
1920 0.997463 0.131622 -98066.3 6.19956 
1930 0.997463 -0.104287 -98066.3 6.23231 
1940 0.997501 -0.991494 -98070.4 6.26613 
1950 0.997501 0.499472 -98070.4 6.29549 
1960 0.997499 0.581762 -98070.2 6.32572 
1970 0.9975 -0.848515 -98070.2 6.35562 
1980 0.997517 0.927688 -98073.9 6.38999 
1990 0.997495 -0.208904 -98073.7 6.4241 
2000 0.997496 -0.638231 -98073.7 6.45357 
2010 0.997505 -0.866098 -98073.4 6.48828 
2020 0.997505 -0.670483 -98073.4 6.5207 
2030 0.997574 0.174709 -98067.5 6.55457 
2040 0.997556 0.660869 -98065.9 6.58634 
2050 0.997552 0.123374 -98065.6 6.61574 
2060 0.997554 0.702396 -98064.5 6.65144 
2070 0.997527 -0.338288 -98060.9 6.68708 
2080 0.997547 -0.923899 -98066.7 6.71939 
2090 0.997546 -0.456497 -98066.6 6.74553 
2100 0.997546 -0.647616 -98066.7 6.77755 
2110 0.997547 0.493073 -98066.7 6.80652 
2120 0.99753 0.268311 -98065.7 6.83894 
2130 0.997531 -0.844393 -98065.8 6.86816 
2140 0.997522 -0.205404 -98065.3 6.90033 
2150 0.997522 0.916879 -98065.3 6.92947 
2160 0.997522 0.942987 -98065.3 6.96144 
2170 0.997522 -0.962332 -98065.3 6.99352 
2180 0.997549 -0.0174605 -98063.7 7.0282 
2190 0.997488 -0.485759 -98058.3 7.06273 
2200 0.997493 -0.869735 -98061 7.09851 
2210 0.997565 -0.541317 -98064.3 7.13661 
2220 0.997565 -0.799693 -98064.3 7.16864 
2230 0.997546 -0.792472 -98067.8 7.2069 
2240 0.997549 0.407343 -98068.2 7.23275 
2250 0.997501 -0.499013 -98064.6 7.26704 
2260 0.997447 -0.571288 -98061.8 7.29454 
2270 0.997448 -0.129855 -98061.8 7.32662 
2280 0.997448 0.253616 -98061.8 7.35851 
2290 0.997327 -0.32455 -98054.6 7.39191 
2300 0.997377 -0.411009 -98052.3 7.42579 
2310 0.997377 0.155063 -98052.3 7.45782 
2320 0.997366 -0.892367 -98055.6 7.49356 
2330 0.997237 0.46786 -98049.1 7.525 
2340 0.997232 -0.521368 -98048.8 7.55778 
2350 0.997232 0.215674 -98048.7 7.58991 
2360 0.997232 0.955058 -98048.8 7.61867 
2370 0.99726 0.846565 -98051.1 7.65017 
2380 0.99726 0.394846 -98051.1 7.68214 
2390 0.997192 -0.733531 -98046 7.71671 
2400 0.997405 -0.833611 -98051.7 7.74983 
2410 0.997415 0.0612329 -98053.6 7.78387 
2420 0.997465 0.266915 -98056.5 7.82052 
2430 0.997503 -0.560782 -98058.5 7.85359 
2440 0.997502 0.378166 -98058.4 7.88602 
2450 0.99746 -0.755793 -98053.6 7.92037 
2460 0.99746 -0.45061 -98053.6 7.9523 
2470 0.997472 0.143087 -98053.4 7.97726 
2480 0.997462 0.213968 -98052.5 8.00651 
2490 0.997495 -0.433422 -98052.9 8.04044 
2500 0.997475 -0.428962 -98060.4 8.0811 
2510 0.997468 -0.923471 -98057.9 8.12156 
2520 0.997468 0.756653 -98057.9 8.15353 
2530 0.997554 -0.669105 -98067 8.18691 
2540 0.99755 0.702711 -98067.5 8.22124 
2550 0.997591 0.500373 -98067.6 8.25538 
2560 0.997591 0.908029 -98067.6 8.28736 
2570 0.997444 -0.332952 -98056.6 8.3185 
2580 0.997615 0.269372 -98068.9 8.34616 
2590 0.997557 -0.0936584 -98061 8.38128 
2600 0.997569 -0.986695 -98061.3 8.41526 
2610 0.997624 0.458375 -98071 8.45281 
2620 0.997581 0.813727 -98067.6 8.48735 
2630 0.99758 -0.588169 -98067.2 8.52259 
2640 0.997579 -0.735933 -98067.1 8.55502 
2650 0.997566 -0.599877 -98069.2 8.59061 
2660 0.997572 -0.611398 -98069.8 8.62298 
2670 0.997571 0.675611 -98069.7 8.6551 
2680 0.997571 0.618901 -98069.7 8.68706 
2690 0.997606 -0.114108 -98072.5 8.71801 
2700 0.997581 -0.58609 -98071 8.75093 
2710 0.99764 -0.0667632 -98075.4 8.78506 
2720 0.997554 0.395888 -98067.2 8.81635 
2730 0.997538 0.427893 -98067 8.84594 
2740 0.997538 0.55005 -98067 8.87138 
2750 0.997538 0.497256 -98067.1 8.90026 
2760 0.997545 -0.63674 -98067 8.92874 
2770 0.99755 0.839437 -98066.9 8.95779 
2780 0.997563 0.605345 -98063.1 8.99309 
2790 0.997634 0.744126 -98068.7 9.02695 
2800 0.997655 -0.203782 -98068.3 9.0599 
2810 0.997607 -0.472328 -98067.7 9.09022 
2820 0.99762 0.405432 -98068.7 9.11964 
2830 0.99763 -0.00994872 -98068.5 9.1544 
2840 0.997623 -0.669856 -98069.8 9.18661 
2850 0.997602 -0.617036 -98067.1 9.22097 
2860 0.99763 0.929706 -98069.9 9.25343 
2870 0.997602 -0.172156 -98068.1 9.28692 
2880 0.997602 0.499733 -98068.1 9.31876 
2890 0.997594 -0.911205 -98074.6 9.35544 
2900 0.997588 0.795753 -98068.8 9.38859 
2910 0.997597 -0.861933 -98069.8 9.42088 
2920 0.997597 -0.872189 -98069.9 9.45278 
2930 0.997586 -0.511108 -98071.4 9.48394 
2940 0.997645 0.391065 -98075.9 9.52237 
2950 0.997657 -0.0126066 -98077.1 9.55471 
2960 0.997657 0.896 -98077 9.58358 
2970 0.997583 -0.285307 -98068.8 9.61753 
2980 0.997578 -0.0226275 -98069.3 9.65127 
2990 0.997531 -0.8764 -98065.2 9.68242 
3000 0.99754 -0.108046 -98065.6 9.71534 
3010 0.997399 -0.882632 -98059.9 9.75134 
3020 0.997381 -0.289317 -98058.1 9.78574 
3030 0.997426 -0.146758 -98060.5 9.82248 
3040 0.99743 -0.127786 -98060.7 9.85458 
3050 0.997511 0.0055764 -98062 9.89058 
3060 0.997489 0.907057 -98057.4 9.92533 
3070 0.997536 0.61949 -98061 9.95196 
3080 0.997536 -0.0168196 -98061 9.97477 
3090 0.997536 -0.0644914 -98061 10.0068 
3100 0.997491 -0.530957 -98057.7 10.041 
3110 0.997582 0.624495 -98069.3 10.077 
3120 0.997626 -0.982164 -98073.7 10.111 
3130 0.997626 0.796192 -98073.7 10.1428 
3140 0.997658 -0.759786 -98078.7 10.1778 
3150 0.997658 0.760492 -98078.7 10.2098 
3160 0.997626 0.298641 -98076.3 10.244 
3170 0.997622 0.950959 -98075.5 10.2776 
3180 0.997569 -0.569484 -98070 10.3123 
3190 0.997576 -0.469496 -98070.1 10.3444 
3200 0.997576 0.455241 -98070.1 10.373 
3210 0.997471 0.202652 -98057 10.4069 
3220 0.997449 0.829016 -98054.6 10.4406 
3230 0.997448 0.899937 -98054.6 10.4687 
3240 0.997453 -0.0721453 -98054.3 10.5015 
3250 0.997486 -0.372029 -98058.7 10.5344 
3260 0.997553 -0.269098 -98066.1 10.5662 
3270 0.997553 -0.590426 -98066.1 10.598 
3280 0.997553 -0.240398 -98066.1 10.6301 
3290 0.997592 0.956054 -98069.9 10.665 
3300 0.997639 0.41941 -98072 10.6965 
3310 0.997592 -0.92353 -98067 10.7274 
3320 0.99758 -0.0985592 -98066.5 10.7589 
3330 0.997512 0.717559 -98059 10.7966 
3340 0.997495 -0.413251 -98059.4 10.8299 
3350 0.997423 -0.505817 -98055 10.8629 
3360 0.997456 -0.538318 -98061.3 10.8977 
3370 0.997446 0.253038 -98060.8 10.9301 
3380 0.997436 -0.126205 -98059.7 10.9622 
3390 0.997436 0.858155 -98059.7 10.9938 
3400 0.997466 -0.617544 -98065.1 11.0253 
3410 0.997466 -0.280368 -98065.1 11.0571 
3420 0.997557 -0.745991 -98069.1 11.093 
3430 0.997616 -0.0671767 -98067.9 11.1271 
3440 0.997616 -0.219797 -98067.8 11.1551 
3450 0.997616 0.0607267 -98067.9 11.1841 
3460 0.997532 0.577636 -98064.5 11.2187 
3470 0.997531 -0.475785 -98064.4 11.2475 
3480 0.997534 -0.886534 -98076.8 11.2796 
3490 0.997534 -0.538062 -98076.8 11.3109 
3500 0.997599 -0.632069 -98075.3 11.344 
3510 0.997587 -0.729733 -98071.7 11.3784 
3520 0.997519 -0.627912 -98065.5 11.4122 
3530 0.997572 0.495363 -98071.6 11.4426 
3540 0.997572 -0.0993293 -98071.6 11.4743 
3550 0.997572 0.910332 -98071.6 11.5002 
3560 0.997573 0.738545 -98071.6 11.532 
3570 0.997547 0.971556 -98070.3 11.5638 
3580 0.997613 0.528743 -98078.3 11.5982 
3590 0.997654 0.0455757 -98081.7 11.6322 
3600 0.997653 0.156911 -98081.5 11.6646 
3610 0.997653 -0.563467 -98081.5 11.6935 
3620 0.997653 -0.906294 -98081.5 11.7225 
3630 0.997622 0.0193541 -98078.7 11.7525 
3640 0.997648 -0.929573 -98079.9 11.788 
3650 0.997648 0.539782 -98079.9 11.8199 
3660 0.997599 0.175171 -98075.5 11.8535 
3670 0.99762 0.158364 -98077.1 11.8836 
3680 0.997617 0.857529 -98077.5 11.914 
3690 0.997614 0.140722 -98081.7 11.9452 
3700 0.997614 -0.362215 -98081.8 11.9743 
3710 0.997511 0.356823 -98076.9 12.0106 
3720 0.997511 0.466615 -98076.8 12.0366 
3730 0.997511 0.39221 -98076.8 12.0656 
3740 0.997504 0.0592624 -98076.2 12.1006 
3750 0.997498 0.18032 -98075.3 12.1333 
3760 0.997455 0.984411 -98071.8 12.1681 
3770 0.997553 -0.73868 -98079.3 12.1993 
3780 0.99755 0.442647 -98079 12.2312 
3790 0.99762 -0.351768 -98084.7 12.2672 
3800 0.997632 0.237444 -98085.8 12.2968 
3810 0.997632 0.317598 -98085.9 12.3286 
3820 0.997632 -0.980604 -98085.9 12.3608 
3830 0.997595 -0.0297041 -98081.7 12.3925 
3840 0.997543 0.16106 -98080.7 12.4264 
3850 0.997543 0.515455 -98080.7 12.4583 
3860 0.997589 -0.0139923 -98080.3 12.4918 
3870 0.997602 -0.0620618 -98083.2 12.5249 
3880 0.997607 -0.473851 -98083.3 12.5574 
3890 0.997603 0.400498 -98081.7 12.5904 
3900 0.997641 -0.184471 -98081.3 12.6238 
3910 0.997697 -0.774672 -98082.1 12.6563 
3920 0.997676 0.221873 -98073.6 12.6889 
3930 0.997676 0.258662 -98073.6 12.7211 
3940 0.997635 -0.815877 -98069.5 12.7559 
3950 0.997627 -0.0901509 -98069.6 12.7896 
3960 0.997542 -0.487836 -98062.1 12.8211 
3970 0.997542 0.283296 -98062 12.854 
3980 0.997638 -0.751149 -98071.2 12.8885 
3990 0.997638 0.722775 -98071.2 12.9176 
4000 0.997638 0.410053 -98071.2 12.9495 
4010 0.997633 -0.311756 -98069.6 12.9789 
4020 0.99763 -0.867929 -98069.3 13.0115 
4030 0.99763 -0.38147 -98069.4 13.0434 
4040 0.997672 -0.610053 -98073.8 13.0811 
4050 0.997681 -0.683228 -98074.2 13.1154 
4060 0.997681 -0.83696 -98074.2 13.1445 
4070 0.997641 -0.324463 -98071.8 13.1795 
4080 0.997688 -0.738271 -98073.2 13.214 
4090 0.997674 -0.641446 -98071.5 13.2465 
4100 0.997674 0.932093 -98071.6 13.2757 
4110 0.997574 -0.36194 -98065.3 13.3104 
4120 0.997561 -0.987007 -98065.2 13.3417 
4130 0.997576 0.441892 -98067.5 13.3732 
4140 0.9976 0.860533 -98068.4 13.4036 
4150 0.997595 0.979023 -98067.9 13.4302 
4160 0.997569 0.179495 -98065.7 13.4629 
4170 0.997553 -0.328021 -98065 13.497 
4180 0.997553 -0.826133 -98065 13.5292 
4190 0.997555 0.0392566 -98065.2 13.5616 
4200 0.997514 -0.522693 -98060.5 13.5982 
4210 0.99764 -0.945746 -98067.6 13.6347 
4220 0.99764 -0.563655 -98067.6 13.6664 
4230 0.997648 0.758129 -98068.4 13.6992 
4240 0.997649 -0.235093 -98068.7 13.7284 
4250 0.997548 0.0235577 -98065.8 13.7587 
4260 0.997632 -0.257346 -98069.6 13.7944 
4270 0.997632 -0.727324 -98069.7 13.8231 
4280 0.99763 0.391772 -98069.9 13.8573 
4290 0.997533 0.706781 -98064.7 13.8938 
4300 0.997489 0.114129 -98058.5 13.9282 
4310 0.99757 -0.32535 -98067.2 13.9597 
4320 0.997587 -0.366133 -98069 13.9898 
4330 0.997586 -0.453798 -98072.3 14.0244 
4340 0.997567 -0.6282 -98067.6 14.0597 
4350 0.997545 -0.18869 -98066.9 14.0946 
4360 0.997546 -0.677011 -98067 14.1237 
4370 0.99759 -0.666847 -98070.8 14.1568 
4380 0.997665 0.961305 -98078.1 14.1905 
4390 0.997697 0.267076 -98077.6 14.2229 
4400 0.997609 0.892503 -98069.9 14.2576 
4410 0.997609 -0.432092 -98070 14.2867 
4420 0.997608 0.598877 -98069.4 14.3193 
4430 0.997496 0.992097 -98059.4 14.3567 
4440 0.997626 -0.2141 -98067.9 14.3882 
4450 0.99762 -0.0210827 -98068.4 14.421 
4460 0.997679 -0.0734057 -98073.2 14.4577 
4470 0.997581 -0.110673 -98065.4 14.4908 
4480 0.997593 0.304301 -98065.8 14.5221 
4490 0.997665 -0.278748 -98071.3 14.5573 
4500 0.997632 -0.0759885 -98065.2 14.5931 
4510 0.99759 0.920255 -98060.2 14.6264 
4520 0.99759 0.554043 -98060.3 14.6518 
4530 0.997636 0.372843 -98071.2 14.6834 
4540 0.997669 0.362063 -98074.2 14.7166 
4550 0.997592 -0.982716 -98078.9 14.7486 
4560 0.997676 -0.025379 -98077.3 14.7766 
4570 0.997643 0.105582 -98073.4 14.809 
4580 0.997633 0.719208 -98071.3 14.8408 
4590 0.99741 -0.120184 -98068.4 14.8739 
4600 0.997297 0.5265 -98055.9 14.9085 
4610 0.997297 0.726576 -98055.8 14.9398 
4620 0.997297 0.895779 -98055.9 14.9687 
4630 0.997283 0.894187 -98055.1 14.9971 
4640 0.997306 -0.767646 -98054.4 15.0349 
4650 0.997309 -0.646162 -98054.5 15.0621 
4660 0.997305 -0.0930129 -98055.1 15.096 
4670 0.997389 0.350215 -98061.4 15.1311 
4680 0.997371 -0.848633 -98056.1 15.1667 
4690 0.997364 -0.675081 -98055.6 15.1995 
4700 0.997383 0.388603 -98057.9 15.2328 
4710 0.997388 0.459767 -98057.2 15.2694 
4720 0.997487 0.169077 -98062.2 15.3043 
4730 0.997505 -0.180101 -98065.6 15.336 
4740 0.997605 -0.471325 -98068.5 15.3691 
4750 0.997605 0.751134 -98068.5 15.3984 
4760 0.997605 -0.824427 -98068.5 15.4307 
4770 0.997605 -0.49101 -98068.5 15.463 
4780 0.997605 0.772404 -98068.5 15.4924 
4790 0.997526 -0.06652 -98070.8 15.5245 
4800 0.997526 -0.409955 -98070.8 15.5532 
4810 0.997468 -0.426827 -98069.4 15.5888 
4820 0.997412 0.126669 -98067.7 15.6178 
4830 0.997435 -0.562564 -98069 15.6533 
4840 0.997461 0.629629 -98070.9 15.6869 
4850 0.997461 -0.830128 -98070.9 15.7158 
4860 0.997468 0.436134 -98071.5 15.7453 
4870 0.997442 0.723701 -98068.7 15.7801 
4880 0.997417 0.420893 -98066.3 15.8148 
4890 0.997414 0.0424284 -98066 15.8441 
4900 0.997459 0.214359 -98069.1 15.8756 
4910 0.997455 0.0678553 -98068.4 15.905 
4920 0.997384 -0.972117 -98062.9 15.937 
4930 0.997386 0.612528 -98065.1 15.9743 
4940 0.997384 0.776635 -98065 16.0031 
4950 0.997384 0.394077 -98065 16.0348 
4960 0.997384 -0.845806 -98065.1 16.0665 
4970 0.997386 0.924673 -98065.2 16.0952 
4980 0.99738 0.929366 -98065.1 16.1283 
4990 0.997383 -0.219979 -98065.2 16.1574 
5000 0.997378 0.736362 -98063.5 16.185 
5010 0.997378 -0.0478977 -98063.5 16.2138 
5020 0.997378 -0.982648 -98063.4 16.2426 
5030 0.997297 0.421183 -98062 16.2763 
5040 0.997386 -0.338638 -98064.1 16.3103 
5050 0.997363 -0.273622 -98065.3 16.3432 
5060 0.997415 0.546606 -98060.9 16.3772 
5070 0.997401 -0.960322 -98056.4 16.4121 
5080 0.997401 0.667359 -98056.4 16.4454 
5090 0.997401 -0.0417667 -98056.4 16.4815 
5100 0.997515 -0.532979 -98061.9 16.5202 
5110 0.997516 0.36737 -98061.9 16.5529 
5120 0.997556 0.748548 -98064.7 16.5904 
5130 0.997366 -0.67961 -98058.9 16.631 
5140 0.997366 -0.459944 -98058.9 16.667 
5150 0.997372 -0.277831 -98059.4 16.7007 
5160 0.99736 -0.138109 -98058.4 16.7312 
5170 0.997346 -0.898319 -98057.2 16.7638 
5180 0.997317 0.38293 -98053.8 16.794 
5190 0.997315 0.366822 -98053.6 16.8264 
5200 0.99735 -0.498655 -98060.3 16.8615 
5210 0.997353 -0.870093 -98060.5 16.891 
5220 0.997442 0.19203 -98059.3 16.9259 
5230 0.997445 0.670472 -98059.9 16.952 
5240 0.997445 0.215904 -98059.8 16.9809 
5250 0.997381 0.658191 -98055.6 17.015 
5260 0.997381 -0.554615 -98055.6 17.047 
5270 0.997369 -0.375275 -98054.9 17.0824 
5280 0.997383 -0.397782 -98057.3 17.1131 
5290 0.997416 -0.184978 -98055.1 17.1482 
5300 0.997387 0.846618 -98055.6 17.1827 
5310 0.997387 0.584508 -98055.6 17.2151 
5320 0.997369 -0.843323 -98054.6 17.2449 
5330 0.997357 -0.281859 -98052.5 17.2747 
5340 0.997377 0.281583 -98052.4 17.3069 
5350 0.997587 -0.441196 -98061.7 17.3408 
5360 0.997581 -0.0961499 -98061 17.3732 
5370 0.997581 0.476713 -98061.1 17.4052 
5380 0.997612 -0.556392 -98065.1 17.4393 
5390 0.99751 0.377177 -98062.6 17.4733 
5400 0.99751 -0.0974889 -98062.6 17.5053 
5410 0.99751 -0.100653 -98062.7 17.5317 
5420 0.997561 0.459339 -98067.9 17.566 
5430 0.997562 0.500986 -98068 17.5979 
5440 0.99743 0.519205 -98058.7 17.6316 
5450 0.99743 -0.332913 -98058.6 17.6635 
5460 0.997469 -0.622207 -98058 17.7002 
5470 0.997465 0.815057 -98057.6 17.7328 
5480 0.997465 0.966437 -98057.6 17.765 
5490 0.997458 0.781566 -98060.1 17.7993 
5500 0.997506 -0.492169 -98062.9 17.835 
5510 0.997465 -0.868815 -98059.6 17.8682 
5520 0.997465 0.232539 -98059.6 17.8972 
5530 0.997465 -0.287909 -98059.6 17.9295 
5540 0.997425 -0.636389 -98062.9 17.9672 
5550 0.99745 0.171075 -98060.8 18.0023 
5560 0.997425 -0.726107 -98059.6 18.036 
5570 0.997425 0.29319 -98059.7 18.0682 
5580 0.997453 -0.357224 -98060.6 18.1023 
5590 0.997496 -0.318501 -98064.5 18.1338 
5600 0.997531 -0.368905 -98061.3 18.1675 
5610 0.997527 -0.863089 -98061 18.1976 
5620 0.997518 -0.0166917 -98059 18.2256 
5630 0.997603 -0.00297975 -98067.7 18.257 
5640 0.997612 0.81198 -98067.9 18.2869 
5650 0.997612 0.213412 -98068 18.3159 
5660 0.997678 -0.967189 -98075.3 18.3502 
5670 0.997635 0.886151 -98071.8 18.3802 
5680 0.997647 0.401669 -98070.5 18.4117 
5690 0.997647 0.410535 -98070.5 18.4438 
5700 0.997644 -0.566327 -98070.4 18.4765 
5710 0.997497 -0.371271 -98067.6 18.5099 
5720 0.997497 0.673914 -98067.6 18.5419 
5730 0.997556 0.426264 -98071.9 18.5769 
5740 0.997556 0.395022 -98071.9 18.6088 
5750 0.997518 0.890698 -98071.5 18.6429 
5760 0.99752 -0.7794 -98072 18.6758 
5770 0.997524 0.865601 -98071.3 18.7084 
5780 0.997559 0.494469 -98069.9 18.742 
5790 0.997574 0.610529 -98070.8 18.775 
5800 0.997574 -0.685192 -98070.8 18.8069 
5810 0.997574 0.456567 -98070.8 18.8389 
5820 0.997519 -0.498955 -98062.2 18.8754 
5830 0.997664 0.680698 -98070 18.9067 
5840 0.997617 0.877268 -98064.4 18.9395 
5850 0.997639 -0.0899732 -98065.6 18.9698 
5860 0.997617 0.364385 -98066 18.9993 
5870 0.997617 0.557921 -98066 19.0316 
5880 0.997617 -0.342219 -98066 19.0638 
5890 0.997617 -0.880296 -98066 19.096 
5900 0.997575 -0.61677 -98061.2 19.1328 
5910 0.997575 0.722469 -98061.2 19.1648 
5920 0.997607 -0.606241 -98062.8 19.1956 
5930 0.997604 -0.161684 -98062.5 19.2247 
5940 0.997612 0.45463 -98062.9 19.2572 
5950 0.997572 -0.0113285 -98062.7 19.2885 
5960 0.997512 -0.831369 -98055.5 19.322 
5970 0.997445 0.90406 -98053.3 19.3576 
5980 0.997445 0.339324 -98053.2 19.3865 
5990 0.997513 -0.444482 -98057.7 19.4208 
6000 0.997513 -0.413187 -98057.8 19.4497 
6010 0.997513 0.0117749 -98057.8 19.4817 
6020 0.997521 -0.689649 -98059.2 19.5138 
6030 0.997528 0.454162 -98058.6 19.5447 
6040 0.997509 -0.470314 -98056.9 19.5795 
6050 0.997444 -0.923961 -98051.1 19.6103 
6060 0.997452 -0.831658 -98051.6 19.6427 
6070 0.997465 -0.187609 -98060.1 19.6797 
6080 0.997465 -0.299409 -98060.1 19.7087 
6090 0.997422 0.986783 -98055.6 19.744 
6100 0.997438 -0.495033 -98056.5 19.7795 
6110 0.997436 -0.52604 -98056.3 19.8116 
6120 0.99749 -0.561664 -98064.9 19.8462 
6130 0.997475 -0.317732 -98060.7 19.8835 
6140 0.997469 -0.453754 -98060.6 19.9178 
6150 0.99743 -0.942784 -98059.9 19.9496 
6160 0.997514 -0.472393 -98061.7 19.9854 
6170 0.997514 0.192937 -98061.7 20.0142 
6180 0.997528 0.0684454 -98062.1 20.0484 
6190 0.997528 0.162949 -98062.1 20.0803 
6200 0.997529 0.859648 -98062.5 20.1125 
6210 0.997528 -0.718791 -98062.5 20.1444 
6220 0.997613 -0.41657 -98068.6 20.182 
6230 0.997697 -0.385826 -98067.1 20.2183 
6240 0.997697 -0.294566 -98067.1 20.2503 
6250 0.997576 -0.564445 -98064.3 20.2849 
6260 0.997553 -0.315292 -98074.1 20.3179 
6270 0.997553 0.149871 -98074.1 20.3438 
6280 0.997553 -0.422728 -98074.2 20.3728 
6290 0.997553 0.321142 -98074.2 20.4024 
6300 0.997551 -0.482005 -98073.2 20.429 
6310 0.997632 -0.402895 -98081.1 20.4646 
6320 0.997651 0.349782 -98081 20.4963 
6330 0.997651 -0.513411 -98081 20.5222 
6340 0.997653 0.985012 -98081.1 20.5512 
6350 0.997648 -0.298694 -98080.6 20.5833 
6360 0.997648 0.571865 -98080.7 20.6122 
6370 0.997544 0.294818 -98075.3 20.6466 
6380 0.997544 0.590395 -98075.3 20.6759 
6390 0.997575 0.777015 -98078.3 20.7116 
6400 0.997494 -0.494568 -98069.4 20.7429 
6410 0.997442 -0.695184 -98066.5 20.778 
6420 0.997479 0.00265802 -98073 20.813 
6430 0.997504 0.834169 -98067.1 20.8463 
6440 0.997504 -0.884388 -98067.1 20.8752 
6450 0.997503 0.909137 -98067.1 20.9072 
6460 0.99758 -0.577672 -98070.7 20.941 
6470 0.997549 -0.0642041 -98065.7 20.9695 
6480 0.997526 -0.173943 -98064.8 21.003 
6490 0.997525 -0.628332 -98064.7 21.0355 
6500 0.997406 -0.0711431 -98059.6 21.0684 
6510 0.997399 0.597529 -98056.7 21.1028 
6520 0.997328 0.0294787 -98054.2 21.1351 
6530 0.997398 -0.918916 -98053.2 21.1719 
6540 0.997425 0.887898 -98056.5 21.2002 
6550 0.997421 0.245509 -98056.4 21.233 
6560 0.997412 0.37969 -98054.3 21.2684 
6570 0.997411 -0.681638 -98054 21.3004 
6580 0.997403 0.906369 -98053.6 21.3296 
6590 0.997396 0.337839 -98052.7 21.3622 
6600 0.997396 -0.752027 -98052.7 21.3908 
6610 0.997396 0.0277104 -98052.7 21.419 
6620 0.997348 -0.128715 -98047.1 21.4524 
6630 0.997348 -0.6555 -98047.1 21.4778 
6640 0.997348 -0.768671 -98047.1 21.5064 
6650 0.997348 -0.843299 -98047.1 21.5383 
6660 0.997346 -0.380721 -98046.7 21.5709 
6670 0.997344 0.948936 -98046.5 21.6041 
6680 0.997369 -0.243462 -98048.7 21.6372 
6690 0.997384 0.914134 -98057.5 21.6716 
6700 0.997452 0.50266 -98058.4 21.7074 
6710 0.997418 -0.565175 -98055.1 21.7399 
6720 0.997416 -0.329693 -98054.9 21.7695 
6730 0.997484 0.908628 -98059.2 21.8015 
6740 0.99749 -0.372433 -98059.3 21.8358 
6750 0.997488 0.921761 -98059.1 21.8679 
6760 0.997523 0.166107 -98059.7 21.9026 
6770 0.99756 -0.00349162 -98064.3 21.9369 
6780 0.997568 -0.62079 -98065.6 21.9724 
6790 0.997573 -0.337179 -98063.6 22.0024 
6800 0.997573 0.475264 -98063.6 22.0341 
6810 0.997631 -0.616029 -98068.6 22.0671 
6820 0.997562 -0.511958 -98060.6 22.0985 
6830 0.997555 0.626318 -98058.8 22.1273 
6840 0.997551 -0.115639 -98058.1 22.1601 
6850 0.997556 0.511991 -98059 22.1927 
6860 0.997573 0.397078 -98061.4 22.2239 
6870 0.997574 0.95213 -98061.5 22.2528 
6880 0.997563 0.970678 -98067.2 22.2868 
6890 0.997595 -0.657479 -98066.6 22.3183 
6900 0.997547 -0.0561046 -98062.8 22.3551 
6910 0.997565 0.949947 -98064.4 22.3849 
6920 0.997553 -0.461019 -98063.4 22.4176 
6930 0.997561 0.944792 -98068 22.4533 
6940 0.997544 0.658893 -98066.4 22.4851 
6950 0.997428 0.85715 -98057.3 22.5188 
6960 0.997398 -0.667052 -98061.1 22.5485 
6970 0.997398 -0.905052 -98061.1 22.5799 
6980 0.997421 -0.831688 -98059.6 22.6104 
6990 0.99743 0.462971 -98058.2 22.6432 
7000 0.99743 -0.00355052 -98058.2 22.6726 
7010 0.997433 0.300871 -98058.5 22.7019 
7020 0.997463 -0.397464 -98052.5 22.7341 
7030 0.997522 -0.491292 -98052.1 22.7659 
7040 0.997522 0.937224 -98052.1 22.7984 
7050 0.997522 0.852476 -98052 22.8277 
7060 0.997521 0.388247 -98051.1 22.8582 
7070 0.997431 -0.0122792 -98043 22.8895 
7080 0.997497 0.27555 -98046.2 22.9243 
7090 0.997574 0.0653869 -98063.6 22.9655 
7100 0.997584 -0.57799 -98068.1 22.9976 
7110 0.997446 0.505705 -98056.7 23.0334 
7120 0.997446 -0.316277 -98056.7 23.0628 
7130 0.997412 0.537911 -98053.9 23.0943 
7140 0.997399 0.0312133 -98054 23.1206 
7150 0.99742 -0.444354 -98053.8 23.155 
7160 0.997343 -0.231159 -98046.4 23.1892 
7170 0.997343 0.421439 -98046.4 23.2208 
7180 0.997343 -0.855566 -98046.5 23.2499 
7190 0.997405 -0.284488 -98044.3 23.2805 
7200 0.997405 0.0836474 -98044.2 23.3129 
7210 0.997397 -0.4939 -98044 23.3447 
7220 0.997456 -0.409166 -98051.6 23.3792 
7230 0.997478 -0.470072 -98052.3 23.4136 
7240 0.997478 -0.704416 -98052.3 23.4452 
7250 0.997466 0.16583 -98051.1 23.4716 
7260 0.997517 -0.35788 -98052.9 23.5036 
7270 0.997549 -0.900877 -98055.6 23.5379 
7280 0.997549 0.182709 -98055.6 23.5698 
7290 0.997594 -0.551515 -98059.9 23.604 
7300 0.997535 -0.358722 -98055.4 23.6394 
7310 0.997535 0.895185 -98055.4 23.6714 
7320 0.997539 0.357683 -98055.9 23.701 
7330 0.997539 0.465838 -98055.9 23.733 
7340 0.997539 -0.913799 -98055.9 23.7649 
7350 0.997539 -0.19222 -98055.3 23.7983 
7360 0.997539 -0.407601 -98055.4 23.8273 
7370 0.997537 -0.0932663 -98055.2 23.8594 
7380 0.997537 0.874512 -98055.2 23.8913 
7390 0.997534 0.675405 -98055.1 23.9201 
7400 0.997533 0.473209 -98055.1 23.952 
7410 0.997585 0.706782 -98059.7 23.9872 
7420 0.997593 -0.932548 -98060.6 24.0198 
7430 0.997549 0.595636 -98060.3 24.0552 
7440 0.99755 0.460906 -98059.9 24.0813 
7450 0.997537 0.248646 -98064.1 24.1143 
7460 0.997568 -0.631011 -98065.6 24.1419 
7470 0.997569 0.375709 -98065.6 24.174 
7480 0.997621 -0.408484 -98068.7 24.2093 
7490 0.997541 -0.209514 -98065 24.2437 
7500 0.997502 -0.123192 -98061.9 24.2783 
7510 0.997502 -0.0889927 -98061.9 24.3072 
7520 0.997528 -0.42275 -98062.7 24.337 
7530 0.99757 0.100418 -98066 24.3583 
7540 0.997545 0.247639 -98066.1 24.3931 
7550 0.997529 -0.235085 -98064.9 24.4255 
7560 0.997522 -0.187461 -98063.2 24.455 
7570 0.997627 0.892258 -98067.6 24.4864 
7580 0.997611 0.294439 -98071.9 24.5176 
7590 0.997562 -0.561521 -98067.2 24.5534 
7600 0.997603 -0.297914 -98070 24.5875 
7610 0.997606 -0.989137 -98070.3 24.6169 
7620 0.997581 0.216293 -98065 24.6517 
7630 0.997561 0.33118 -98061 24.6832 
7640 0.997626 0.761755 -98063.4 24.7146 
7650 0.997655 0.416852 -98066.6 24.7504 
7660 0.997635 -0.248332 -98062 24.7821 
7670 0.997504 0.313377 -98056.5 24.8114 
7680 0.997422 -0.47337 -98050.6 24.8437 
7690 0.997422 -0.913354 -98050.6 24.8761 
7700 0.997562 -0.924868 -98056.8 24.9127 
7710 0.997562 -0.313459 -98056.8 24.9417 
7720 0.997562 -0.358957 -98056.8 24.9738 
7730 0.997542 0.86927 -98054.7 25.0071 
7740 0.997549 -0.969477 -98055.4 25.0395 
7750 0.997548 0.34302 -98055.5 25.069 
7760 0.997522 -0.155046 -98058.3 25.0997 
7770 0.997531 0.391526 -98058.9 25.1301 
7780 0.997505 -0.403731 -98057.2 25.1607 
7790 0.997606 0.686326 -98058.1 25.1937 
7800 0.997619 -0.49543 -98060.1 25.2265 
7810 0.997613 -0.818143 -98059.2 25.2564 
7820 0.997607 -0.844916 -98058.6 25.289 
7830 0.997607 -0.205723 -98058.6 25.3122 
7840 0.997611 -0.388638 -98062.1 25.3473 
7850 0.997573 -0.331318 -98066.8 25.3754 
7860 0.997576 -0.663667 -98067.1 25.4046 
7870 0.99756 0.399543 -98068.6 25.4329 
7880 0.997568 -0.125713 -98069 25.4628 
7890 0.997568 0.78777 -98069 25.4953 
7900 0.997568 -0.272999 -98069.1 25.5244 
7910 0.99757 -0.245947 -98069 25.5583 
7920 0.997589 0.203994 -98068.7 25.587 
7930 0.997608 -0.803738 -98068.2 25.6191 
7940 0.997622 -0.403434 -98069.5 25.6493 
7950 0.997694 -0.187442 -98077.5 25.6852 
7960 0.997693 -0.983022 -98077.5 25.717 
7970 0.997742 -0.208055 -98078.2 25.7506 
7980 0.99757 0.875178 -98067.7 25.7904 
7990 0.997575 0.0119452 -98067.3 25.8235 
8000 0.997581 0.609658 -98073 25.8582 
8010 0.997581 -0.484708 -98073 25.8875 
8020 0.997594 -0.629257 -98070.1 25.9241 
8030 0.997637 0.841261 -98068.3 25.9583 
8040 0.997637 -0.697347 -98068.3 25.9903 
8050 0.997653 0.45363 -98059.9 26.0246 
8060 0.997634 0.259192 -98065.6 26.0609 
8070 0.997634 0.156206 -98065.6 26.093 
8080 0.997634 0.793924 -98065.6 26.1251 
8090 0.997649 0.701302 -98066.9 26.1574 
8100 0.997649 0.685425 -98066.9 26.1866 
8110 0.997504 0.77165 -98060.7 26.2241 
8120 0.997372 -0.193656 -98049.7 26.2585 
8130 0.997369 0.192507 -98047.9 26.292 
8140 0.997368 0.975124 -98047.8 26.3213 
8150 0.997465 -0.189969 -98061.3 26.3585 
8160 0.997387 -0.776692 -98062.7 26.3898 
8170 0.997263 0.694644 -98051.2 26.4236 
8180 0.997263 -0.554019 -98051.2 26.4498 
8190 0.997245 -0.270467 -98050 26.4794 
8200 0.997337 0.905003 -98056.9 26.5164 
8210 0.997377 0.545092 -98061.3 26.5501 
8220 0.99743 -0.420007 -98066.2 26.5871 
8230 0.997335 0.336888 -98056.3 26.6221 
8240 0.997417 -0.505959 -98059.9 26.6564 
8250 0.997428 0.377178 -98062.4 26.6928 
8260 0.997389 -0.221826 -98060 26.7243 
8270 0.997369 0.39274 -98058.5 26.758 
8280 0.997416 -0.412143 -98060 26.7891 
8290 0.997412 -0.741669 -98060.4 26.8196 
8300 0.997414 -0.889418 -98062.4 26.8477 
8310 0.997461 -0.0423581 -98066.5 26.8811 
8320 0.997571 -0.11306 -98070.6 26.9164 
8330 0.997571 0.983931 -98066.9 26.9526 
8340 0.99755 -0.962187 -98064.6 26.9849 
8350 0.99756 -0.78361 -98062 27.0208 
8360 0.99756 -0.268047 -98062 27.0531 
8370 0.997555 -0.774728 -98061.4 27.0764 
8380 0.997589 -0.418471 -98064.7 27.1094 
8390 0.997589 0.1965 -98064.7 27.1385 
8400 0.997588 -0.836777 -98064.9 27.1714 
8410 0.997588 0.980309 -98064.9 27.2034 
8420 0.997561 0.114386 -98062.2 27.2342 
8430 0.997514 0.35485 -98062.1 27.2663 
8440 0.99754 0.705043 -98065.4 27.2979 
8450 0.99758 0.807727 -98066.7 27.3307 
8460 0.997539 -0.415205 -98057.7 27.3645 
8470 0.99756 0.438186 -98060.5 27.3965 
8480 0.997619 0.68312 -98072.4 27.4294 
8490 0.997653 -0.576241 -98079.8 27.4618 
8500 0.997663 -0.560416 -98079.7 27.4977 
8510 0.997646 0.116744 -98079 27.5325 
8520 0.997464 -0.393246 -98063 27.5664 
8530 0.997464 -0.521435 -98063 27.5985 
8540 0.997524 0.846173 -98067.4 27.6345 
8550 0.997524 -0.423764 -98067.4 27.6664 
8560 0.997524 -0.82193 -98067.4 27.6983 
8570 0.997518 -0.969818 -98066.7 27.7279 
8580 0.997517 0.944578 -98066.7 27.7598 
8590 0.997428 -0.779663 -98066.6 27.794 
8600 0.997425 -0.307666 -98066.3 27.8282 
8610 0.997443 -0.330717 -98064.8 27.857 
8620 0.997442 -0.626255 -98064.3 27.8873 
8630 0.997469 -0.589865 -98064.9 27.9188 
8640 0.997476 -0.737091 -98065 27.9514 
8650 0.997506 0.172346 -98073.5 27.9903 
8660 0.99754 0.320733 -98076 28.0246 
8670 0.997519 -0.449225 -98074.5 28.0541 
8680 0.997526 -0.585448 -98072.4 28.0836 
8690 0.997526 -0.731051 -98072.4 28.1148 
8700 0.997526 -0.399298 -98072.4 28.1431 
8710 0.997526 -0.346896 -98072.5 28.1746 
8720 0.997519 -0.232716 -98071.8 28.2068 
8730 0.997502 -0.625723 -98069.9 28.2392 
8740 0.997534 0.292999 -98073.8 28.2745 
8750 0.997523 0.906806 -98072.4 28.3079 
8760 0.997588 -0.277613 -98075.4 28.3393 
8770 0.997589 -0.912698 -98075.5 28.3648 
8780 0.997589 -0.462204 -98075.5 28.3937 
8790 0.997589 0.871743 -98075.5 28.426 
8800 0.997629 0.854893 -98077.2 28.4592 
8810 0.997654 0.101201 -98079.7 28.4921 
8820 0.997588 0.064031 -98078.2 28.5231 
8830 0.997542 0.411313 -98073.6 28.5585 
8840 0.997524 -0.258814 -98071.5 28.5893 
8850 0.99759 0.371103 -98076 28.6207 
8860 0.997481 -0.467333 -98064.3 28.6596 
8870 0.997481 0.124974 -98064.3 28.6886 
8880 0.997458 0.377521 -98062.8 28.7236 
8890 0.997504 0.936637 -98066.5 28.7651 
8900 0.997562 0.402631 -98069.9 28.7961 
8910 0.997562 -0.601621 -98069.8 28.828 
8920 0.997559 0.817627 -98066.9 28.8642 
8930 0.997552 -0.806273 -98069.1 28.8936 
8940 0.997461 -0.586983 -98064.7 28.9228 
8950 0.997461 -0.715239 -98064.7 28.9548 
8960 0.997565 -0.658331 -98068.5 28.9911 
8970 0.997543 0.697724 -98066.9 29.0239 
8980 0.997551 -0.785087 -98067.8 29.056 
8990 0.997573 0.412037 -98070.1 29.0862 
9000 0.997573 0.283151 -98070.1 29.1156 
9010 0.997584 -0.454043 -98070.4 29.1504 
9020 0.997584 0.30991 -98070.4 29.18 
9030 0.997576 0.439287 -98069.5 29.2128 
9040 0.997576 -0.306978 -98069.5 29.242 
9050 0.997605 -0.452879 -98072.2 29.2697 
9060 0.997583 0.0135806 -98070.2 29.3029 
9070 0.997484 -0.427716 -98065.3 29.3384 
9080 0.99744 0.454763 -98061.7 29.3733 
9090 0.997501 -0.466539 -98068.3 29.4095 
9100 0.997486 0.453075 -98061.9 29.4403 
9110 0.997481 -0.400044 -98061.4 29.4719 
9120 0.997482 0.546503 -98061.4 29.5033 
9130 0.997491 0.966772 -98061.9 29.5352 
9140 0.997481 -0.224787 -98058.2 29.5667 
9150 0.997501 -0.797666 -98060 29.6014 
9160 0.997502 -0.10028 -98060.1 29.6336 
9170 0.997471 -0.785 -98057.4 29.6667 
9180 0.997512 0.495902 -98062.7 29.7003 
9190 0.997512 -0.171714 -98062.7 29.7326 
9200 0.997536 -0.659292 -98064.8 29.7631 
9210 0.997494 -0.396113 -98060.9 29.7977 
9220 0.997514 -0.801778 -98059.7 29.8331 
9230 0.997428 -0.518617 -98059 29.8646 
9240 0.997481 -0.814356 -98065.1 29.8995 
9250 0.997508 0.930595 -98065.7 29.9364 
9260 0.997502 -0.933773 -98064.9 29.9684 
9270 0.997525 -0.628175 -98067.5 30.0003 
9280 0.997525 -0.595059 -98067.5 30.032 
9290 0.997494 0.9408 -98063.1 30.065 
9300 0.997494 -0.94274 -98063.2 30.0962 
9310 0.997492 0.143817 -98063 30.1252 
9320 0.997529 -0.450951 -98066 30.1577 
9330 0.997467 -0.770243 -98061.1 30.1916 
9340 0.997439 -0.445719 -98059.6 30.2264 
9350 0.997569 0.696883 -98067.1 30.2637 
9360 0.997604 0.393848 -98070.3 30.2988 
9370 0.997592 -0.0586586 -98069.2 30.3334 
9380 0.997592 -0.418087 -98073.9 30.3649 
9390 0.997581 -0.141931 -98073.4 30.3954 
9400 0.997597 0.0617252 -98062.9 30.4272 
9410 0.997664 0.909499 -98065.7 30.4662 
9420 0.997709 -0.996397 -98069.6 30.4996 
9430 0.997709 -0.144894 -98069.6 30.5309 
9440 0.997683 0.430388 -98071.9 30.5594 
9450 0.997683 -0.431521 -98071.9 30.5907 
9460 0.997734 -0.953584 -98076.6 30.625 
9470 0.997759 -0.828128 -98074.6 30.6603 
9480 0.997748 -0.10045 -98078.8 30.6939 
9490 0.99768 0.919675 -98072.6 30.7297 
9500 0.997624 -0.992791 -98078.4 30.7634 
9510 0.997588 -0.351593 -98071.8 30.7979 
9520 0.997588 -0.570262 -98071.8 30.8291 
9530 0.997584 0.814672 -98071.5 30.8605 
9540 0.997584 0.839274 -98071.5 30.8924 
9550 0.997541 -0.083635 -98069 30.9282 
9560 0.997542 0.186956 -98070.1 30.956 
9570 0.997549 0.215988 -98070.2 30.9858 
9580 0.997549 -0.430672 -98070.1 31.0187 
9590 0.997556 -0.564016 -98073.1 31.0552 
9600 0.997555 0.434074 -98073.1 31.0877 
9610 0.997557 -0.844623 -98073.2 31.1174 
9620 0.997498 -0.176777 -98066 31.1526 
9630 0.997498 0.909738 -98066.1 31.1853 
9640 0.997562 -0.268226 -98070.4 31.2212 
9650 0.997569 0.757577 -98070.9 31.2509 
9660 0.997569 0.683598 -98070.9 31.2807 
9670 0.997561 0.62344 -98070.9 31.3168 
9680 0.997548 0.0102171 -98069.1 31.3513 
9690 0.997571 -0.884655 -98068.2 31.3849 
9700 0.997533 0.662595 -98068.7 31.4185 
9710 0.997533 -0.535441 -98068.7 31.4502 
9720 0.997621 -0.000880123 -98075.5 31.4841 
9730 0.997621 -0.124464 -98075.5 31.5131 
9740 0.997621 0.639975 -98075.5 31.542 
9750 0.99764 0.166091 -98080.3 31.5694 
9760 0.99762 0.284801 -98078.2 31.6023 
9770 0.997602 0.759628 -98076.9 31.6357 
9780 0.997616 -0.287435 -98078 31.668 
9790 0.997629 -0.812418 -98077.3 31.6995 
9800 0.997633 -0.653081 -98074.7 31.7341 
9810 0.997566 -0.558116 -98069.6 31.7701 
9820 0.997614 0.776353 -98073.8 31.8018 
9830 0.997496 -0.415639 -98065.2 31.8342 
9840 0.997486 0.739594 -98063.8 31.8657 
9850 0.99749 -0.203544 -98063.3 31.8963 
9860 0.997415 -0.566215 -98059.8 31.9275 
9870 0.997482 -0.122999 -98064.4 31.9524 
9880 0.997474 -0.205073 -98064.1 31.9847 
9890 0.997448 -0.528741 -98060.5 32.0187 
9900 0.997464 -0.775721 -98053.8 32.0498 
9910 0.997504 -0.0726715 -98057.5 32.0802 
9920 0.997482 0.104689 -98056.9 32.1092 
9930 0.997494 -0.912958 -98058.1 32.1438 
9940 0.997481 -0.308309 -98057.3 32.1757 
9950 0.99754 -0.659572 -98060.1 32.2118 
9960 0.997531 0.261656 -98059.7 32.2444 
9970 0.997531 -0.183077 -98059.7 32.2763 
9980 0.997531 0.0609989 -98059.7 32.3051 
9990 0.997532 -0.00157258 -98059.8 32.3342 
10000 0.99767 -0.0502782 -98067.4 32.3707 
