0 1 1 -98304 0 
10 0.999461 -0.841382 -98241 0.0339691 
20 0.999408 0.982757 -98234.2 0.0662605 
30 0.999409 0.265823 -98234.3 0.0966104 
40 0.999408 0.0868115 -98234.2 0.126824 
50 0.999383 -0.608994 -98230.9 0.158488 
60 0.999264 0.051025 -98218.2 0.190945 
70 0.99954 0.724928 -98249.4 0.22323 
80 0.999438 0.212136 -98237 0.252859 
90 0.999451 -0.348076 -98238.7 0.280929 
100 0.99937 0.862682 -98227.7 0.310753 
110 0.999341 0.915303 -98223.9 0.339798 
120 0.999341 0.532922 -98223.9 0.367321 
130 0.999341 0.183179 -98223.9 0.397806 
140 0.999398 -0.148561 -98231.4 0.429223 
150 0.999456 0.0950783 -98238.6 0.456403 
160 0.999322 0.47902 -98224.3 0.49206 
170 0.999323 -0.357925 -98224.3 0.522627 
180 0.999322 0.615994 -98224.3 0.553193 
190 0.999322 0.477902 -98224.3 0.583864 
200 0.999322 -0.690501 -98224.2 0.61455 
210 0.999353 0.262623 -98227.5 0.647384 
220 0.999187 0.118957 -98212.2 0.680925 
230 0.999187 -0.39034 -98212.8 0.712034 
240 0.999187 -0.931203 -98212.8 0.742663 
250 0.999187 -0.647713 -98212.8 0.770442 
260 0.999178 -0.507163 -98211.9 0.80201 
270 0.999178 -0.894576 -98211.9 0.832663 
280 0.999185 0.781702 -98212.6 0.864492 
290 0.999189 0.699855 -98213.1 0.895726 
300 0.999189 0.184935 -98213 0.926912 
310 0.99915 0.069356 -98208.7 0.958343 
320 0.99915 0.444101 -98208.7 0.987028 
330 0.99915 -0.209565 -98208.7 1.01463 
340 0.998957 -0.647387 -98186.6 1.04538 
350 0.998957 -0.76148 -98186.6 1.07633 
360 0.998957 -0.639291 -98186.6 1.10697 
370 0.998701 0.388743 -98159.2 1.1407 
380 0.998906 0.0774139 -98182.3 1.17543 
390 0.998874 -0.0876344 -98178.4 1.20381 
400 0.998877 0.480955 -98178.7 1.2352 
410 0.998682 0.0759537 -98158.4 1.26948 
420 0.998619 -0.922459 -98153.4 1.29549 
430 0.998619 -0.957235 -98153.4 1.32619 
440 0.998619 0.658024 -98153.4 1.35703 
450 0.99864 0.825369 -98154.6 1.3857 
460 0.998645 0.273999 -98155.2 1.41356 
470 0.998472 0.911883 -98142.3 1.44553 
480 0.998472 0.975133 -98142.3 1.47627 
490 0.997845 0.567004 -98095.8 1.50902 
500 0.997845 -0.253641 -98095.7 1.53981 
510 0.997845 0.894962 -98095.7 1.56803 
520 0.997953 0.325735 -98103.9 1.60008 
530 0.998087 -0.234253 -98112.6 1.63358 
540 0.998087 0.484621 -98112.6 1.66429 
550 0.998083 -0.428219 -98113.3 1.69488 
560 0.997798 0.204822 -98083.9 1.72565 
570 0.997761 -0.72569 -98080.3 1.75847 
580 0.997757 -0.131527 -98080 1.78658 
590 0.997757 0.142129 -98080 1.81491 
600 0.997808 0.52961 -98085.9 1.84746 
610 0.997777 0.838109 -98082.6 1.8795 
620 0.997784 0.0431161 -98083.2 1.90766 
630 0.997784 -0.491352 -98083.2 1.93842 
640 0.99738 0.567798 -98048.7 1.97182 
650 0.99738 -0.0176594 -98048.8 2.00302 
660 0.997686 -0.0276298 -98068 2.03812 
670 0.997686 -0.0745635 -98067.9 2.06895 
680 0.997687 -0.122335 -98067.8 2.10022 
690 0.997724 0.758433 -98070.7 2.13056 
700 0.997577 0.765069 -98058.4 2.16381 
710 0.997349 -0.393076 -98042 2.19313 
720 0.997325 -0.141569 -98039.9 2.22173 
730 0.997343 0.0645398 -98042.6 2.25399 
740 0.997336 -0.89486 -98041.6 2.28541 
750 0.997501 -0.759536 -98059.2 2.31689 
760 0.997495 0.870669 -98058.7 2.34217 
770 0.997495 0.0507092 -98058.7 2.37009 
780 0.997437 0.0528422 -98053.4 2.40198 
790 0.997522 -0.195591 -98059.3 2.43214 
800 0.997596 0.364436 -98064.5 2.46468 
810 0.997596 0.975806 -98064.5 2.4955 
820 0.997697 0.916195 -98073.7 2.52807 
830 0.997643 0.332107 -98068.6 2.55786 
840 0.997551 -0.958298 -98059 2.59272 
850 0.997551 -0.51094 -98059 2.62357 
860 0.997548 0.988769 -98058.6 2.64893 
870 0.997623 -0.905737 -98066.2 2.68322 
880 0.997619 0.00380364 -98065.8 2.71487 
890 0.997619 0.670162 -98065.8 2.74311 
900 0.997619 -0.159469 -98065.8 2.77394 
910 0.997768 -0.0511396 -98076.5 2.80612 
920 0.99777 0.675542 -98076.3 2.83779 
930 0.997789 -0.0305739 -98077.4 2.86689 
940 0.997789 -0.130898 -98077.4 2.89484 
950 0.997779 -0.513479 -98076.5 2.92636 
960 0.997748 -0.394396 -98076.6 2.95956 
970 0.997748 0.400872 -98076.6 2.99043 
980 0.997747 -0.811105 -98076.5 3.02184 
990 0.997597 -0.163303 -98067.4 3.05827 
1000 0.997597 0.617604 -98067.3 3.08924 
1010 0.997597 0.120157 -98067.3 3.11719 
1020 0.997597 -0.100396 -98067.4 3.14804 
1030 0.997604 0.494718 -98062.6 3.1813 
1040 0.997612 0.611591 -98063.2 3.21251 
1050 0.997612 0.0653247 -98063.2 3.23776 
1060 0.997643 -0.690236 -98066.5 3.27122 
1070 0.997643 0.697435 -98066.5 3.30218 
1080 0.997635 0.412216 -98065.6 3.33343 
1090 0.997637 0.183479 -98065.8 3.36436 
1100 0.997745 -0.898819 -98067.7 3.39683 
1110 0.997733 -0.26858 -98079.4 3.42876 
1120 0.997733 0.727148 -98079.4 3.45962 
1130 0.997734 -0.675883 -98079 3.49338 
1140 0.997759 0.108346 -98077.5 3.52079 
1150 0.997775 -0.867303 -98078.6 3.55278 
1160 0.997783 0.893089 -98079.4 3.58122 
1170 0.99763 0.658813 -98065 3.61248 
1180 0.997633 0.669263 -98065.5 3.64085 
1190 0.997627 0.700123 -98064.8 3.67247 
1200 0.997663 0.401974 -98068.4 3.70503 
1210 0.997663 0.455636 -98068.4 3.73592 
1220 0.997663 -0.391088 -98068.4 3.76703 
1230 0.997663 -0.521897 -98068.4 3.79787 
1240 0.997663 -0.621375 -98068.4 3.82582 
1250 0.997678 -0.235169 -98066.2 3.85892 
1260 0.997671 0.190109 -98065.6 3.88778 
1270 0.997499 -0.49601 -98060.2 3.93064 
1280 0.997347 -0.99315 -98054.4 3.96539 
1290 0.997347 -0.0653796 -98054.1 3.994 
1300 0.997391 -0.354197 -98051.9 4.02474 
1310 0.997391 -0.762088 -98051.9 4.05557 
1320 0.997499 -0.273843 -98054 4.08767 
1330 0.997499 -0.503242 -98053.9 4.11861 
1340 0.997499 0.731961 -98053.9 4.1496 
1350 0.997551 -0.973933 -98060.2 4.18324 
1360 0.997499 -0.316999 -98060.1 4.21643 
1370 0.997597 0.174509 -98068 4.25025 
1380 0.997559 -0.798409 -98063.3 4.28272 
1390 0.997558 -0.185271 -98063.2 4.31068 
1400 0.997611 -0.280222 -98066.9 4.3439 
1410 0.99766 0.618942 -98071.1 4.37783 
1420 0.997662 -0.561017 -98071 4.40987 
1430 0.997662 0.224569 -98071 4.44109 
1440 0.997619 0.845758 -98067.3 4.47609 
1450 0.997518 -0.223267 -98071.8 4.512 
1460 0.997476 0.238069 -98064.5 4.54237 
1470 0.997468 0.937899 -98063.7 4.57382 
1480 0.99749 0.274758 -98066.5 4.60785 
1490 0.997497 0.0739545 -98061.6 4.64109 
1500 0.997498 0.282517 -98061.6 4.67193 
1510 0.997499 -0.522739 -98061.8 4.70293 
1520 0.997479 -0.496453 -98060 4.73496 
1530 0.99747 -0.433884 -98059.1 4.76384 
1540 0.997528 -0.607466 -98066.9 4.79828 
1550 0.997528 0.368342 -98066.9 4.82623 
1560 0.997527 -0.62512 -98066.9 4.85733 
1570 0.997495 -0.83027 -98064 4.89001 
1580 0.997497 -0.961084 -98063.6 4.92175 
1590 0.997483 -0.961982 -98064.7 4.95526 
1600 0.997483 0.725931 -98064.7 4.9863 
1610 0.997482 -0.5648 -98064.7 5.01749 
1620 0.997482 -0.868649 -98064.6 5.04833 
1630 0.997482 -0.158098 -98064.7 5.07912 
1640 0.997499 0.763308 -98065.5 5.10894 
1650 0.997495 -0.0784169 -98062.8 5.14168 
1660 0.997563 0.800333 -98064.3 5.17175 
1670 0.997562 0.297891 -98066.5 5.19905 
1680 0.997536 0.677289 -98064.6 5.23084 
1690 0.997562 -0.80169 -98063.1 5.26582 
1700 0.997526 -0.963462 -98061.4 5.29985 
1710 0.997524 0.0409619 -98059.7 5.33353 
1720 0.997586 0.748449 -98061.4 5.36568 
1730 0.997667 0.375768 -98073.4 5.3967 
1740 0.997672 -0.221556 -98072.2 5.4337 
1750 0.997634 -0.84741 -98068.7 5.46658 
1760 0.997614 -0.488203 -98066.4 5.49885 
1770 0.997609 -0.887589 -98066.1 5.52755 
1780 0.997601 -0.967087 -98068.1 5.56102 
1790 0.997601 0.330426 -98068.2 5.59181 
1800 0.997639 0.546505 -98075.7 5.6226 
1810 0.997575 -0.148888 -98067.6 5.65898 
1820 0.997629 -0.792528 -98069.4 5.68687 
1830 0.997553 -0.977536 -98063.8 5.71611 
1840 0.997547 0.0895236 -98063.2 5.74715 
1850 0.997547 0.135186 -98063.2 5.77806 
1860 0.997549 -0.704936 -98063.9 5.80952 
1870 0.997593 0.00426676 -98069 5.84324 
1880 0.997593 -0.894293 -98069 5.8711 
1890 0.997593 0.670366 -98069 5.90193 
1900 0.997612 0.289458 -98070 5.93523 
1910 0.997564 0.100782 -98064.9 5.96995 
1920 0.997563 0.652874 -98064.7 6.00119 
1930 0.997533 -0.910918 -98059.8 6.03434 
1940 0.997533 0.25314 -98059.8 6.06221 
1950 0.997526 0.734769 -98058.8 6.09026 
1960 0.997475 0.357366 -98053.5 6.12886 
1970 0.997475 0.0523729 -98053.5 6.15675 
1980 0.997553 -0.30734 -98059.3 6.18854 
1990 0.997553 -0.023665 -98059.3 6.21949 
2000 0.997555 -0.0250698 -98062.8 6.2532 
2010 0.997572 0.838539 -98064.9 6.28491 
2020 0.99756 0.708783 -98063.2 6.31681 
2030 0.99757 0.0641142 -98063.5 6.34886 
2040 0.997547 -0.935839 -98062.1 6.3776 
2050 0.997605 -0.8451 -98064.6 6.40703 
2060 0.997601 0.0265738 -98065.1 6.43728 
2070 0.997601 0.356591 -98065.1 6.46821 
2080 0.997662 -0.787864 -98068 6.50297 
2090 0.997604 -0.603586 -98064.7 6.53428 
2100 0.997601 -0.863155 -98064.5 6.56521 
2110 0.997601 -0.916622 -98064.5 6.59308 
2120 0.997601 -0.989975 -98064.5 6.62392 
2130 0.997483 0.319247 -98052.1 6.65866 
2140 0.997471 0.0452901 -98051.5 6.68842 
2150 0.997463 0.149682 -98050 6.72015 
2160 0.99751 -0.0984012 -98053.6 6.75383 
2170 0.997506 0.776982 -98055.1 6.78684 
2180 0.997534 -0.129374 -98055.8 6.82162 
2190 0.997522 0.217945 -98058.4 6.85679 
2200 0.997484 0.573801 -98057.5 6.89028 
2210 0.997495 0.305676 -98059.9 6.92271 
2220 0.997565 -0.542613 -98060.7 6.95789 
2230 0.997585 -0.508248 -98061 6.9878 
2240 0.997585 0.992211 -98061 7.01858 
2250 0.997673 0.396895 -98067.5 7.05007 
2260 0.997673 0.916677 -98067.5 7.08097 
2270 0.997673 0.91308 -98067.5 7.11198 
2280 0.99767 0.42884 -98067.2 7.13997 
2290 0.997694 -0.0195808 -98070.7 7.17344 
2300 0.997694 0.521743 -98070.7 7.20146 
2310 0.997704 -0.646932 -98071.5 7.23254 
2320 0.997704 -0.222809 -98071.5 7.25765 
2330 0.997705 -0.122584 -98071.6 7.28871 
2340 0.997704 0.4898 -98071.6 7.31945 
2350 0.997707 0.73668 -98071.8 7.34745 
2360 0.997708 -0.237082 -98071.5 7.37965 
2370 0.99771 0.581107 -98071.6 7.4048 
2380 0.997701 -0.677781 -98071.6 7.43633 
2390 0.997701 0.91012 -98071.6 7.46705 
2400 0.997704 -0.836818 -98071.7 7.49816 
2410 0.997739 0.996867 -98074.9 7.52988 
2420 0.997738 -0.625418 -98074.8 7.56084 
2430 0.997738 -0.134826 -98074.8 7.58875 
2440 0.997738 0.8017 -98074.8 7.6196 
2450 0.997721 -0.202217 -98072.6 7.65171 
2460 0.997721 -0.0269361 -98072.6 7.68266 
2470 0.997718 -0.965813 -98072.4 7.71089 
2480 0.99772 -0.567577 -98072.5 7.73883 
2490 0.997508 0.539342 -98055.8 7.77154 
2500 0.997492 0.0514931 -98058.9 7.80355 
2510 0.997537 -0.679402 -98062 7.8359 
2520 0.997537 -0.794868 -98061.3 7.86777 
2530 0.997565 -0.0629416 -98063.4 7.89934 
2540 0.997565 -0.143744 -98063.4 7.9303 
2550 0.997618 -0.579655 -98067 7.96385 
2560 0.997618 -0.297371 -98067 7.99171 
2570 0.997624 0.244804 -98067.5 8.02546 
2580 0.997765 0.483941 -98079.9 8.05834 
2590 0.997765 0.617154 -98080 8.0898 
2600 0.997746 0.329219 -98076.6 8.12238 
2610 0.997744 -0.208203 -98076.4 8.15383 
2620 0.997607 -0.423641 -98069.9 8.18739 
2630 0.99764 -0.239713 -98068.8 8.22105 
2640 0.997583 -0.050702 -98066.4 8.25163 
2650 0.99761 -0.385901 -98068.3 8.28581 
2660 0.997596 -0.0491987 -98067.3 8.31695 
2670 0.997627 -0.0522634 -98069.1 8.34598 
2680 0.997636 0.125706 -98074.8 8.37918 
2690 0.997626 0.1959 -98077.8 8.41235 
2700 0.997531 0.276535 -98067.7 8.4457 
2710 0.997549 -0.460966 -98070 8.48074 
2720 0.997549 -0.596675 -98070 8.50862 
2730 0.997531 -0.610865 -98068.2 8.54064 
2740 0.997547 -0.850568 -98068.3 8.57063 
2750 0.997547 0.727048 -98068.3 8.60143 
2760 0.997537 -0.908312 -98067.2 8.6301 
2770 0.997563 -0.761068 -98068.5 8.66348 
2780 0.997604 -0.882437 -98073 8.69796 
2790 0.997602 -0.215859 -98071.2 8.73018 
2800 0.997639 -0.21633 -98075.3 8.76353 
2810 0.997639 -0.0376918 -98075.3 8.79453 
2820 0.997639 0.719894 -98075.2 8.82247 
2830 0.997641 0.535863 -98075.4 8.8551 
2840 0.997646 -0.251821 -98076.7 8.8876 
2850 0.997645 -0.537377 -98076.7 8.91861 
2860 0.997645 -0.542734 -98076.7 8.94944 
2870 0.997592 0.646182 -98072.1 8.98308 
2880 0.99759 -0.833131 -98070.8 9.01514 
2890 0.99759 0.611895 -98070.8 9.04596 
2900 0.997563 0.221771 -98068.6 9.07749 
2910 0.997563 0.419682 -98068.6 9.10539 
2920 0.99756 -0.316722 -98060.9 9.13963 
2930 0.997597 0.92343 -98062.6 9.17283 
2940 0.997597 0.639202 -98062.6 9.20093 
2950 0.997597 0.803892 -98062.6 9.22887 
2960 0.997552 0.439498 -98060.1 9.25592 
2970 0.997553 0.698329 -98061 9.28778 
2980 0.997553 -0.958616 -98061 9.31863 
2990 0.997544 -0.962853 -98061.5 9.35351 
3000 0.997544 0.68495 -98061.5 9.38147 
3010 0.997544 -0.267941 -98061.4 9.40946 
3020 0.997596 0.324677 -98067.2 9.44114 
3030 0.997602 -0.47001 -98066.3 9.47407 
3040 0.997631 -0.89985 -98068.6 9.50237 
3050 0.997631 0.22941 -98068.6 9.53321 
3060 0.997631 -0.598797 -98068.6 9.56419 
3070 0.997591 -0.0270849 -98066 9.59623 
3080 0.997579 -0.834398 -98064.6 9.62462 
3090 0.997557 0.919239 -98062.2 9.65636 
3100 0.997557 0.718545 -98062.3 9.68741 
3110 0.997557 -0.0918645 -98062.3 9.71533 
3120 0.997557 0.147491 -98062.3 9.7463 
3130 0.997557 -0.599365 -98062.3 9.77416 
3140 0.997587 -0.809579 -98059.6 9.80145 
3150 0.997512 -0.296739 -98056.1 9.83379 
3160 0.997572 0.590603 -98060.7 9.8673 
3170 0.997524 0.925133 -98060.6 9.90196 
3180 0.997527 0.452314 -98058.8 9.93386 
3190 0.997527 -0.418162 -98058.8 9.96464 
3200 0.997529 -0.962501 -98058.4 9.99327 
3210 0.99749 0.649059 -98054.1 10.0262 
3220 0.99741 -0.292431 -98057.9 10.0558 
3230 0.997406 0.157783 -98057.7 10.0841 
3240 0.997379 0.562939 -98055.8 10.1172 
3250 0.997376 -0.184028 -98055.2 10.1488 
3260 0.99738 -0.986739 -98055.4 10.18 
3270 0.997396 0.2361 -98054 10.2149 
3280 0.997396 0.60974 -98054 10.2428 
3290 0.997377 0.181786 -98056.8 10.2732 
3300 0.997377 -0.873267 -98056.8 10.304 
3310 0.997377 0.747173 -98056.8 10.3319 
3320 0.997347 0.2662 -98054.5 10.3633 
3330 0.997452 -0.975326 -98059.3 10.3935 
3340 0.997399 -0.0525233 -98059.6 10.4323 
3350 0.997341 -0.13435 -98055.1 10.4649 
3360 0.997388 -0.0168635 -98059.2 10.4974 
3370 0.997404 -0.750773 -98059.8 10.5263 
3380 0.997404 0.532963 -98059.7 10.557 
3390 0.997421 -0.108391 -98061.3 10.59 
3400 0.997421 0.361049 -98061.3 10.6208 
3410 0.997421 -0.639124 -98061.3 10.6519 
3420 0.997394 -0.190859 -98059.9 10.6831 
3430 0.997333 -0.982056 -98056.3 10.7129 
3440 0.99723 0.154513 -98051.4 10.7461 
3450 0.997211 0.966633 -98047.4 10.7789 
3460 0.997287 -0.946076 -98049.8 10.8091 
3470 0.997287 -0.351192 -98049.8 10.84 
3480 0.997287 0.200546 -98049.8 10.8679 
3490 0.997435 0.635102 -98057 10.9007 
3500 0.997523 -0.918159 -98063.1 10.933 
3510 0.997523 0.137612 -98063.1 10.9638 
3520 0.99754 0.907012 -98064.9 10.9925 
3530 0.997511 -0.323838 -98068.5 11.0225 
3540 0.997512 0.714641 -98068.5 11.0506 
3550 0.997504 -0.210616 -98067.8 11.0819 
3560 0.997493 0.762027 -98067 11.1139 
3570 0.997494 -0.935447 -98067.1 11.1453 
3580 0.997514 0.349755 -98069.8 11.1769 
3590 0.997483 0.764262 -98066.2 11.2119 
3600 0.997482 0.220146 -98066.2 11.2398 
3610 0.997484 -0.609646 -98066.2 11.2711 
3620 0.99751 0.618592 -98066.9 11.2975 
3630 0.997613 -0.97768 -98069.3 11.3288 
3640 0.997553 0.141446 -98062.7 11.3586 
3650 0.997578 0.236035 -98069.6 11.3969 
3660 0.997641 -0.444562 -98073.1 11.4321 
3670 0.997724 -0.234126 -98076.8 11.4659 
3680 0.997724 -0.933838 -98076.8 11.4909 
3690 0.997724 -0.965689 -98076.8 11.5217 
3700 0.997724 0.776636 -98076.8 11.5525 
3710 0.997724 -0.345652 -98076.8 11.5776 
3720 0.99767 -0.826857 -98071.5 11.6098 
3730 0.997638 0.694687 -98070.5 11.6396 
3740 0.997658 0.905465 -98072.9 11.6717 
3750 0.997648 -0.299801 -98071.3 11.7034 
3760 0.997648 0.893163 -98071.3 11.7342 
3770 0.99764 -0.99103 -98071.7 11.7628 
3780 0.997644 -0.121326 -98071.9 11.7952 
3790 0.997665 0.875836 -98070.9 11.8292 
3800 0.997681 0.682777 -98071.9 11.8609 
3810 0.997681 0.517327 -98071.9 11.8917 
3820 0.997681 0.0536645 -98071.9 11.9226 
3830 0.997662 0.495386 -98069.3 11.9556 
3840 0.997662 -0.407763 -98069.3 11.9834 
3850 0.997665 -0.119701 -98069.7 12.0116 
3860 0.997665 -0.256673 -98069.7 12.0424 
3870 0.997665 0.841691 -98069.7 12.0677 
3880 0.997667 0.252331 -98070 12.0993 
3890 0.997616 -0.354356 -98059.4 12.1352 
3900 0.997599 0.290727 -98060.1 12.1694 
3910 0.997528 0.773458 -98062 12.1976 
3920 0.997528 -0.438166 -98062.1 12.2283 
3930 0.997528 -0.191677 -98062.1 12.2591 
3940 0.997533 -0.479756 -98063 12.2912 
3950 0.997534 0.876696 -98062.4 12.3148 
3960 0.997547 0.823921 -98062.1 12.3475 
3970 0.99751 -0.453109 -98058.2 12.3797 
3980 0.997487 -0.808466 -98054.7 12.4107 
3990 0.997511 -0.086005 -98060.1 12.4417 
4000 0.997511 0.0165596 -98060.1 12.4725 
4010 0.997511 0.0310553 -98060.1 12.5034 
4020 0.99751 -0.0277095 -98060 12.5284 
4030 0.997529 -0.0183879 -98060.4 12.5598 
4040 0.997489 -0.0833171 -98058.5 12.595 
4050 0.997599 0.036623 -98072.7 12.6229 
4060 0.997606 -0.987943 -98074.5 12.6553 
4070 0.997575 -0.600496 -98071.3 12.6868 
4080 0.997575 0.731796 -98071.3 12.7176 
4090 0.997523 -0.0601069 -98065.7 12.7491 
4100 0.997523 -0.168394 -98065.7 12.7799 
4110 0.997543 -0.195691 -98067.5 12.812 
4120 0.997631 -0.747727 -98080.7 12.8466 
4130 0.997582 0.774532 -98076.2 12.8804 
4140 0.997556 0.638994 -98074.9 12.9047 
4150 0.997464 0.660751 -98065.1 12.9378 
4160 0.997467 0.376568 -98065.4 12.9687 
4170 0.99751 -0.495871 -98070.2 12.9984 
4180 0.997527 0.280965 -98069.2 13.034 
4190 0.997473 0.681241 -98066.6 13.065 
4200 0.997471 -0.0319789 -98064.7 13.0968 
4210 0.997411 0.197999 -98063.7 13.1322 
4220 0.997426 0.917183 -98065.7 13.1642 
4230 0.997395 -0.148868 -98064 13.1957 
4240 0.997372 0.206541 -98065.2 13.2274 
4250 0.997347 0.957266 -98065.9 13.2605 
4260 0.997321 -0.411822 -98067.4 13.2915 
4270 0.997384 -0.926176 -98072.6 13.3234 
4280 0.997389 -0.74496 -98073.2 13.3516 
4290 0.997389 0.0357797 -98070.9 13.3832 
4300 0.997326 0.167465 -98067.5 13.417 
4310 0.997325 -0.741518 -98067.4 13.4449 
4320 0.997336 0.334612 -98067.1 13.4768 
4330 0.997234 0.388617 -98060.5 13.5108 
4340 0.997234 -0.266664 -98060.5 13.5416 
4350 0.997305 -0.281717 -98065.7 13.5742 
4360 0.997184 0.170267 -98061.7 13.607 
4370 0.997195 -0.90981 -98064.1 13.6347 
4380 0.997195 -0.701525 -98064.1 13.6655 
4390 0.99728 -0.88348 -98066.2 13.6952 
4400 0.997284 0.883902 -98066.3 13.7271 
4410 0.997278 -0.127768 -98065.4 13.7562 
4420 0.997278 -0.52496 -98065.3 13.787 
4430 0.997278 -0.136733 -98065.3 13.8179 
4440 0.997367 -0.0515664 -98066.3 13.8508 
4450 0.997398 0.372478 -98074.1 13.8818 
4460 0.997398 0.0678639 -98074 13.9099 
4470 0.9974 -0.830246 -98073.3 13.9429 
4480 0.997409 0.229632 -98073.9 13.9747 
4490 0.99742 0.640578 -98070.5 14.0086 
4500 0.997432 0.409969 -98068.6 14.0444 
4510 0.997428 -0.718699 -98068.2 14.0756 
4520 0.997411 -0.965216 -98067.7 14.1053 
4530 0.997403 0.536929 -98065.8 14.1385 
4540 0.997393 0.397226 -98065 14.1639 
4550 0.997393 -0.122236 -98065.1 14.1948 
4560 0.997456 -0.559709 -98069.2 14.2295 
4570 0.997457 -0.11731 -98069.3 14.2604 
4580 0.997483 -0.784906 -98071.1 14.2944 
4590 0.997445 -0.515502 -98065.5 14.3272 
4600 0.997364 0.971853 -98063.8 14.359 
4610 0.997364 -0.960458 -98063.8 14.3896 
4620 0.997374 -0.251378 -98065 14.4174 
4630 0.997339 0.656697 -98061 14.4507 
4640 0.997243 -0.392426 -98059.8 14.4826 
4650 0.997238 0.540538 -98060.4 14.5139 
4660 0.99737 -0.68253 -98058.9 14.5421 
4670 0.997363 0.491057 -98058.2 14.57 
4680 0.997411 0.668599 -98062.9 14.6025 
4690 0.997416 0.635002 -98063.2 14.6337 
4700 0.997421 0.947208 -98063.8 14.6646 
4710 0.997423 0.02377 -98063.7 14.6896 
4720 0.997435 0.72977 -98066.1 14.7212 
4730 0.997477 0.0354958 -98064 14.7544 
4740 0.997469 -0.340126 -98063.2 14.7829 
4750 0.997476 0.728797 -98065 14.8149 
4760 0.997426 -0.446966 -98060.9 14.8483 
4770 0.997426 0.211334 -98060.9 14.8761 
4780 0.997467 -0.825481 -98064.2 14.9054 
4790 0.997477 -0.563828 -98064.6 14.9366 
4800 0.997478 0.0463544 -98063.6 14.9692 
4810 0.997476 0.594775 -98063.5 15 
4820 0.997401 0.0245768 -98061.2 15.0334 
4830 0.99735 -0.767924 -98056.8 15.0665 
4840 0.997373 -0.525771 -98054.6 15.1 
4850 0.997375 0.182104 -98054.8 15.1253 
4860 0.997353 -0.0707192 -98053.9 15.1575 
4870 0.997341 -0.771615 -98053.2 15.1886 
4880 0.997391 -0.362046 -98057.8 15.2211 
4890 0.997378 -0.897144 -98056.1 15.2497 
4900 0.99747 0.533292 -98061.7 15.2836 
4910 0.997496 0.801882 -98066.9 15.3198 
4920 0.99748 -0.968321 -98061.5 15.3528 
4930 0.997514 -0.553392 -98064.7 15.3846 
4940 0.997587 0.335601 -98065.2 15.4089 
4950 0.997587 -0.0365921 -98065.2 15.4396 
4960 0.997602 0.923802 -98067.6 15.4697 
4970 0.997635 0.207464 -98070.6 15.5026 
4980 0.997635 -0.64595 -98070.6 15.5305 
4990 0.997589 -0.0331222 -98067.1 15.5636 
5000 0.997532 0.377382 -98056.2 15.5982 
5010 0.997499 0.825133 -98054.2 15.6302 
5020 0.997482 0.994365 -98046.9 15.6657 
5030 0.997429 -0.986799 -98042.9 15.6972 
5040 0.997457 0.224799 -98049.3 15.7303 
5050 0.997439 -0.827168 -98045 15.7605 
5060 0.997439 -0.326351 -98045.1 15.7914 
5070 0.997387 -0.835248 -98042.4 15.8246 
5080 0.997392 -0.283498 -98047.8 15.8585 
5090 0.997427 -0.738089 -98049.7 15.8885 
5100 0.997427 0.318992 -98049.7 15.9192 
5110 0.997495 -0.580316 -98056.2 15.9561 
5120 0.997532 0.14319 -98060.2 15.989 
5130 0.997435 0.221519 -98059.2 16.0208 
5140 0.997458 0.677488 -98061.3 16.0531 
5150 0.997458 0.523019 -98061.3 16.0839 
5160 0.997458 0.709208 -98061.3 16.1147 
5170 0.997437 0.973527 -98058 16.1494 
5180 0.997444 0.0596 -98058.5 16.1809 
5190 0.997438 -0.902086 -98058.2 16.2135 
5200 0.997558 -0.71491 -98067.7 16.2466 
5210 0.997558 -0.299547 -98067.7 16.2746 
5220 0.997574 0.648151 -98069.5 16.3065 
5230 0.99777 0.848692 -98078.7 16.3399 
5240 0.997734 0.461896 -98069.5 16.37 
5250 0.997757 0.851961 -98071.7 16.4002 
5260 0.997675 0.736545 -98068.1 16.4336 
5270 0.997697 -0.445776 -98071 16.4664 
5280 0.997587 -0.951122 -98064.5 16.4985 
5290 0.997587 0.455479 -98064.5 16.5293 
5300 0.997593 0.695598 -98062 16.562 
5310 0.997597 0.267463 -98062.6 16.5936 
5320 0.997597 0.381083 -98062.6 16.6245 
5330 0.997597 -0.372221 -98062.6 16.6495 
5340 0.997611 0.546423 -98064.8 16.6793 
5350 0.997635 0.802381 -98067.7 16.7118 
5360 0.997669 0.873189 -98071.2 16.7429 
5370 0.99758 0.892653 -98061.5 16.7752 
5380 0.997563 -0.0488738 -98062 16.8055 
5390 0.997563 -0.338444 -98062 16.8306 
5400 0.997413 0.298013 -98059.3 16.8607 
5410 0.997491 0.299175 -98068.6 16.8957 
5420 0.99747 0.794036 -98066.6 16.9288 
5430 0.99747 0.511803 -98066.6 16.9596 
5440 0.997478 0.951909 -98066.9 16.988 
5450 0.997554 0.918231 -98065.4 17.0186 
5460 0.997485 0.0685731 -98060.7 17.0483 
5470 0.997502 -0.895981 -98061.7 17.0773 
5480 0.997503 -0.94975 -98061.7 17.1084 
5490 0.997462 0.32175 -98057.3 17.14 
5500 0.997423 0.213823 -98053.6 17.1722 
5510 0.997405 0.568485 -98052.6 17.2035 
5520 0.997388 0.0568595 -98051.2 17.2347 
5530 0.997388 -0.254383 -98051.2 17.2656 
5540 0.99737 0.870338 -98050.6 17.295 
5550 0.997539 0.0584947 -98055.2 17.3277 
5560 0.997471 -0.383431 -98055.6 17.3623 
5570 0.997606 -0.162191 -98061.4 17.3987 
5580 0.997611 0.416459 -98061.8 17.4311 
5590 0.997619 0.0212388 -98062.9 17.4628 
5600 0.997676 -0.0591275 -98061 17.4972 
5610 0.997676 -0.289995 -98061 17.5249 
5620 0.997658 -0.913141 -98060.9 17.5556 
5630 0.997677 -0.322585 -98063.3 17.5859 
5640 0.997632 0.948876 -98058.7 17.619 
5650 0.997599 0.50087 -98051.2 17.6541 
5660 0.997599 -0.806872 -98051.2 17.6847 
5670 0.9976 -0.907427 -98051.4 17.7159 
5680 0.997637 0.199927 -98057.7 17.7491 
5690 0.997644 0.18266 -98060.6 17.7824 
5700 0.997641 -0.611232 -98060.2 17.8105 
5710 0.997641 -0.233835 -98060.3 17.8354 
5720 0.997601 0.683029 -98056.9 17.8652 
5730 0.997602 0.712946 -98056.9 17.8962 
5740 0.997608 -0.836866 -98057.4 17.9244 
5750 0.997586 0.042898 -98055.8 17.953 
5760 0.997524 -0.624348 -98047.6 17.9833 
5770 0.997457 -0.116967 -98050.4 18.0164 
5780 0.997446 -0.378023 -98049.5 18.0447 
5790 0.997443 0.850425 -98049 18.0763 
5800 0.997443 0.933842 -98049 18.1043 
5810 0.99746 0.153183 -98049.5 18.1364 
5820 0.997578 0.343311 -98057 18.1683 
5830 0.997626 0.618719 -98058.5 18.2009 
5840 0.997626 -0.644421 -98058.5 18.2257 
5850 0.997626 -0.637342 -98058.5 18.2534 
5860 0.997607 0.0797137 -98057 18.2818 
5870 0.997589 0.00391581 -98054.9 18.3135 
5880 0.997555 0.52076 -98055.5 18.3466 
5890 0.997569 0.696751 -98056.6 18.3719 
5900 0.997717 0.573271 -98065.9 18.4048 
5910 0.997657 -0.177107 -98066.3 18.4324 
5920 0.997604 0.733721 -98061.5 18.4653 
5930 0.997614 0.243302 -98066.4 18.4953 
5940 0.997617 -0.979989 -98066.5 18.5285 
5950 0.997617 -0.7535 -98066.5 18.5593 
5960 0.997616 0.93438 -98066.4 18.5904 
5970 0.997616 -0.73123 -98066.4 18.6212 
5980 0.997654 0.118768 -98069 18.6541 
5990 0.997654 0.196823 -98069 18.6819 
6000 0.997654 0.264507 -98069 18.71 
6010 0.997647 0.810957 -98068.3 18.7411 
6020 0.997647 0.6249 -98068.3 18.7719 
6030 0.997647 -0.697251 -98068.3 18.7997 
6040 0.997667 0.778365 -98069.4 18.8328 
6050 0.99767 0.746142 -98069.5 18.8613 
6060 0.997767 -0.0756244 -98076 18.8948 
6070 0.997778 -0.125115 -98078 18.9281 
6080 0.997601 -0.388103 -98063 18.9613 
6090 0.997602 -0.922942 -98063.1 18.9891 
6100 0.997602 -0.922257 -98063.1 19.02 
6110 0.997602 0.485227 -98063.1 19.0507 
6120 0.997602 -0.140889 -98063.1 19.0815 
6130 0.997521 0.781983 -98069 19.1144 
6140 0.997549 -0.127101 -98071.5 19.146 
6150 0.997541 -0.467031 -98067.2 19.1774 
6160 0.997547 -0.0996608 -98066.7 19.2125 
6170 0.997566 0.679367 -98068.7 19.245 
6180 0.997565 0.991733 -98068.6 19.2759 
6190 0.997457 0.762247 -98063.8 19.3078 
6200 0.997468 -0.287065 -98064.6 19.3392 
6210 0.997457 0.00436125 -98063.6 19.3704 
6220 0.997471 0.298032 -98064.9 19.4014 
6230 0.997471 -0.703889 -98065 19.4325 
6240 0.997489 -0.709972 -98066 19.4655 
6250 0.997491 0.262336 -98065.8 19.4979 
6260 0.997484 0.339229 -98062.1 19.528 
6270 0.997473 -0.928851 -98061.3 19.5569 
6280 0.997463 -0.255402 -98060.8 19.5856 
6290 0.997375 0.481381 -98049.3 19.6179 
6300 0.997367 -0.109798 -98047.8 19.6499 
6310 0.997401 -0.695623 -98049.6 19.6848 
6320 0.9974 0.668991 -98049.5 19.7156 
6330 0.997401 -0.522179 -98049.5 19.7465 
6340 0.997402 0.584371 -98049.8 19.7775 
6350 0.997496 0.229848 -98058.2 19.8048 
6360 0.997513 0.206649 -98058.6 19.8346 
6370 0.997515 -0.174347 -98059.1 19.8662 
6380 0.997509 -0.323238 -98060.6 19.8991 
6390 0.997459 -0.213996 -98056.1 19.9253 
6400 0.997363 -0.0416417 -98050 19.9529 
6410 0.997391 -0.236625 -98046.8 19.983 
6420 0.997391 -0.175174 -98046.8 20.0138 
6430 0.997537 -0.986992 -98053.1 20.046 
6440 0.997605 -0.620799 -98057.2 20.0772 
6450 0.997605 0.135029 -98057.2 20.1081 
6460 0.997668 -0.734209 -98061.5 20.1413 
6470 0.997646 -0.907682 -98060.2 20.1733 
6480 0.99772 -0.720107 -98071.8 20.2075 
6490 0.997597 -0.754607 -98062.8 20.2425 
6500 0.997597 -0.178933 -98062.8 20.2736 
6510 0.997585 0.402584 -98062.8 20.3018 
6520 0.997568 0.0779985 -98054 20.3349 
6530 0.997548 -0.0266751 -98051.9 20.3663 
6540 0.997539 0.294981 -98051.3 20.3955 
6550 0.997539 0.872832 -98051.3 20.4236 
6560 0.997538 -0.22262 -98051.3 20.4544 
6570 0.997541 -0.271853 -98054.2 20.4815 
6580 0.997541 -0.615387 -98054.1 20.5124 
6590 0.997541 0.452832 -98054.1 20.5432 
6600 0.997492 -0.717395 -98052.9 20.5727 
6610 0.997531 0.551471 -98062.4 20.6006 
6620 0.997532 0.351753 -98063.2 20.6291 
6630 0.997417 -0.833829 -98051.9 20.6667 
6640 0.997422 -0.0963815 -98052.3 20.6978 
6650 0.997422 -0.697196 -98052.3 20.7258 
6660 0.997422 0.307188 -98052.3 20.7508 
6670 0.997418 0.887758 -98052 20.7823 
6680 0.997491 0.11631 -98058.5 20.8152 
6690 0.997461 0.44781 -98057.6 20.8469 
6700 0.997461 -0.104647 -98057.6 20.8777 
6710 0.997561 0.747877 -98067.2 20.9108 
6720 0.997555 -0.029964 -98066.8 20.9417 
6730 0.997504 -0.894321 -98063.5 20.9711 
6740 0.997588 0.212555 -98067.2 21.0045 
6750 0.997567 -0.8161 -98065.7 21.0363 
6760 0.997601 0.685333 -98066.9 21.0664 
6770 0.997579 -0.49196 -98070.8 21.1013 
6780 0.997579 0.962856 -98070.8 21.1292 
6790 0.997577 0.374761 -98070.8 21.1589 
6800 0.997499 0.632515 -98060.7 21.1934 
6810 0.997555 -0.0785195 -98056.3 21.2238 
6820 0.997555 -0.0960439 -98056.3 21.2549 
6830 0.997565 -0.28617 -98059.1 21.2849 
6840 0.997548 -0.407989 -98057.5 21.3137 
6850 0.997563 -0.96029 -98058.4 21.3395 
6860 0.997562 -0.396733 -98058.4 21.3705 
6870 0.997558 0.154176 -98057.9 21.4018 
6880 0.997644 -0.94474 -98069.1 21.4351 
6890 0.997693 -0.719281 -98072.8 21.4707 
6900 0.997671 -0.41669 -98073.3 21.5038 
6910 0.997644 0.640109 -98069.8 21.5383 
6920 0.997625 0.595696 -98069.9 21.5717 
6930 0.997602 -0.000107393 -98067.6 21.6028 
6940 0.997579 -0.573906 -98065.1 21.636 
6950 0.997567 -0.878673 -98064.3 21.6684 
6960 0.997564 0.422522 -98064 21.6993 
6970 0.997565 0.5333 -98064 21.7272 
6980 0.997607 -0.365537 -98066.8 21.7598 
6990 0.997502 -0.975652 -98062.9 21.7926 
7000 0.997485 -0.497949 -98063.3 21.8248 
7010 0.997485 -0.521717 -98063.3 21.8526 
7020 0.997485 0.620785 -98063.3 21.8834 
7030 0.997546 0.0463092 -98073.2 21.9164 
7040 0.997546 -0.787764 -98073.2 21.9472 
7050 0.997545 0.494724 -98073.3 21.9755 
7060 0.997599 0.587166 -98075.5 22.0038 
7070 0.997573 -0.963575 -98077.5 22.0364 
7080 0.997556 -0.644108 -98072.7 22.0713 
7090 0.997564 0.0312993 -98070.6 22.1034 
7100 0.997553 -0.56005 -98070 22.1359 
7110 0.997588 0.246577 -98073.6 22.1652 
7120 0.997604 0.0398799 -98079 22.1954 
7130 0.997555 -0.97845 -98077.3 22.2279 
7140 0.997555 0.433707 -98077.3 22.2589 
7150 0.997555 0.703271 -98077.3 22.2896 
7160 0.997561 -0.989397 -98070.3 22.3212 
7170 0.997549 -0.616778 -98068.9 22.3536 
7180 0.997551 0.109456 -98069.2 22.3849 
7190 0.997569 -0.571968 -98071.1 22.4161 
7200 0.997522 0.194724 -98067.6 22.4465 
7210 0.997522 -0.577513 -98067.6 22.4771 
7220 0.997533 0.206549 -98071.3 22.5097 
7230 0.997526 0.0831619 -98070.8 22.541 
7240 0.997499 -0.959808 -98070.4 22.5677 
7250 0.997485 0.064233 -98069.4 22.5988 
7260 0.997513 0.105755 -98070.6 22.6317 
7270 0.99753 -0.412365 -98071.3 22.6602 
7280 0.997514 -0.762126 -98071.5 22.6908 
7290 0.997514 -0.359554 -98071.5 22.722 
7300 0.997547 0.253479 -98073.6 22.7544 
7310 0.997527 -0.14942 -98078.5 22.7896 
7320 0.997515 0.0741471 -98079.1 22.8199 
7330 0.997504 -0.598466 -98077.1 22.8534 
7340 0.997449 0.838045 -98073.3 22.8854 
7350 0.997449 -0.229372 -98073.4 22.9165 
7360 0.997545 -0.1528 -98075.3 22.9482 
7370 0.997545 0.739068 -98075.3 22.9759 
7380 0.997582 -0.450837 -98078.5 23.0087 
7390 0.997708 -0.164372 -98087.5 23.0411 
7400 0.997708 0.736518 -98087.5 23.0661 
7410 0.997709 -0.400699 -98087.5 23.097 
7420 0.997708 -0.418723 -98087.5 23.1279 
7430 0.997667 -0.611663 -98081.7 23.1532 
7440 0.997624 -0.253129 -98077.8 23.1862 
7450 0.997624 0.133506 -98077.7 23.2175 
7460 0.997611 0.138308 -98076.6 23.2505 
7470 0.997615 0.65254 -98077.1 23.2819 
7480 0.997579 -0.926137 -98072.8 23.3146 
7490 0.997544 0.572801 -98068.8 23.3482 
7500 0.99758 -0.0646723 -98073 23.3774 
7510 0.99758 -0.971703 -98073 23.4082 
7520 0.99758 0.77828 -98073 23.4364 
7530 0.99758 -0.832407 -98073 23.4644 
7540 0.99758 0.835348 -98073 23.4954 
7550 0.99758 0.16374 -98072.9 23.5263 
7560 0.99758 0.760249 -98073 23.5572 
7570 0.99764 0.187004 -98073.8 23.5914 
7580 0.997635 0.94463 -98074.1 23.6238 
7590 0.997629 -0.0285741 -98074.6 23.657 
7600 0.997668 0.404084 -98073.5 23.6872 
7610 0.997669 -0.696842 -98073.6 23.7184 
7620 0.997669 -0.899899 -98073.6 23.7494 
7630 0.997767 0.800779 -98075.7 23.7809 
7640 0.997716 -0.461758 -98068.6 23.8136 
7650 0.997661 0.16865 -98074.8 23.8496 
7660 0.997661 -0.837002 -98074.8 23.8775 
7670 0.997635 0.660036 -98073.3 23.9046 
7680 0.997635 -0.9218 -98073.3 23.9325 
7690 0.99763 0.803446 -98063.6 23.965 
7700 0.997629 -0.893031 -98064.2 23.9939 
7710 0.997681 0.164535 -98061.5 24.0265 
7720 0.997687 -0.782032 -98063.5 24.0534 
7730 0.997721 0.628986 -98068.8 24.0837 
7740 0.997584 -0.833639 -98064.6 24.119 
7750 0.997665 0.850578 -98063.2 24.1495 
7760 0.997665 -0.356702 -98063.2 24.1805 
7770 0.997633 -0.490454 -98059.5 24.2145 
7780 0.997633 -0.860336 -98059.5 24.2427 
7790 0.997651 0.843906 -98061.7 24.2742 
7800 0.997694 0.186129 -98071.3 24.3077 
7810 0.997694 -0.961995 -98071.3 24.3385 
7820 0.997692 -0.895961 -98071.2 24.3692 
7830 0.997691 0.662084 -98068.6 24.4028 
7840 0.997695 -0.440153 -98069.1 24.4321 
7850 0.997632 0.678124 -98064.8 24.4652 
7860 0.997632 -0.665156 -98064.8 24.4963 
7870 0.99763 -0.221931 -98064.3 24.5266 
7880 0.997625 -0.68786 -98066.7 24.5605 
7890 0.997625 0.699372 -98066.7 24.5915 
7900 0.997623 -0.620549 -98066.5 24.6196 
7910 0.99765 0.986577 -98068.5 24.649 
7920 0.99765 -0.51621 -98068.5 24.6799 
7930 0.997639 -0.421507 -98067.5 24.7078 
7940 0.997652 0.042732 -98069.1 24.7418 
7950 0.99765 0.919779 -98068.8 24.7697 
7960 0.997656 -0.20829 -98068.7 24.8012 
7970 0.997656 -0.535604 -98068.7 24.8319 
7980 0.997656 -0.981994 -98068.7 24.8629 
7990 0.997692 0.304296 -98068.8 24.8923 
8000 0.997621 -0.459614 -98060.9 24.9253 
8010 0.997629 -0.717982 -98061.8 24.9566 
8020 0.997626 -0.369918 -98060.4 24.9864 
8030 0.997626 0.399725 -98060.4 25.0171 
8040 0.997626 0.770515 -98060.4 25.0477 
8050 0.997578 -0.202261 -98058.3 25.0818 
8060 0.997577 0.380347 -98058.3 25.1128 
8070 0.997578 -0.110745 -98058.3 25.1434 
8080 0.99757 -0.464756 -98057.8 25.1716 
8090 0.997569 -0.313699 -98057.3 25.201 
8100 0.997574 -0.748772 -98056.9 25.2331 
8110 0.997631 -0.109344 -98054 25.2653 
8120 0.997645 -0.7503 -98055.6 25.2966 
8130 0.997643 0.814198 -98056 25.3249 
8140 0.997658 -0.708712 -98065.1 25.3593 
8150 0.997659 -0.406409 -98065.1 25.3871 
8160 0.997601 0.185335 -98062.4 25.4192 
8170 0.997599 0.00387606 -98060.8 25.4531 
8180 0.997622 -0.244989 -98058.5 25.482 
8190 0.997617 -0.63655 -98057.7 25.511 
8200 0.99759 -0.208427 -98056.8 25.5408 
8210 0.99772 0.523774 -98064.9 25.574 
8220 0.997725 0.747365 -98065.4 25.605 
8230 0.99773 0.242281 -98066.2 25.6369 
8240 0.997753 0.116662 -98065.3 25.6706 
8250 0.99775 0.734134 -98065.2 25.7021 
8260 0.99775 0.812334 -98065.2 25.7332 
8270 0.997677 0.110619 -98068.1 25.7666 
8280 0.997677 -0.886754 -98068.1 25.7974 
8290 0.997703 0.235428 -98072.9 25.8283 
8300 0.997676 -0.199297 -98070.3 25.8609 
8310 0.997676 -0.937432 -98070.3 25.8889 
8320 0.997535 0.160719 -98058 25.925 
8330 0.997533 0.92253 -98057.8 25.9559 
8340 0.997533 -0.647906 -98057.8 25.9865 
8350 0.997502 0.328502 -98054.3 26.0203 
8360 0.99751 -0.322016 -98060.9 26.0508 
8370 0.997551 0.480666 -98064.8 26.0831 
8380 0.997586 -0.0372466 -98058.8 26.1147 
8390 0.997572 0.661448 -98058 26.1411 
8400 0.997577 0.618942 -98058.2 26.1736 
8410 0.997661 0.446003 -98061 26.2072 
8420 0.997683 -0.672971 -98060.9 26.2396 
8430 0.997686 -0.939745 -98061.9 26.2675 
8440 0.997673 -0.989248 -98058.4 26.301 
8450 0.997673 -0.289036 -98058.4 26.3318 
8460 0.997733 -0.757305 -98063.2 26.362 
8470 0.997733 0.0739799 -98063.2 26.3927 
8480 0.997733 -0.462037 -98063.3 26.4205 
8490 0.997628 0.315153 -98057.7 26.4507 
8500 0.997628 -0.576929 -98057.7 26.4758 
8510 0.997571 -0.587292 -98047.5 26.51 
8520 0.997557 0.215852 -98048.4 26.543 
8530 0.997554 0.765978 -98048.1 26.5738 
8540 0.997708 0.0633587 -98058.7 26.6056 
8550 0.997708 -0.696929 -98058.7 26.6304 
8560 0.997707 -0.283115 -98058.6 26.6582 
8570 0.997707 0.656191 -98058.6 26.6889 
8580 0.997595 0.863602 -98048.4 26.7188 
8590 0.997595 -0.797008 -98048.4 26.7467 
8600 0.997579 0.387878 -98046.8 26.7775 
8610 0.997608 -0.414374 -98056.6 26.8032 
8620 0.997609 -0.655272 -98056.7 26.8338 
8630 0.997553 -0.317158 -98055.6 26.8714 
8640 0.997542 0.200309 -98054.4 26.8999 
8650 0.997594 0.413084 -98059.1 26.9302 
8660 0.997593 0.773487 -98058.9 26.9585 
8670 0.997613 0.39719 -98061.4 26.9876 
8680 0.997634 -0.520537 -98064.9 27.0194 
8690 0.997611 -0.299213 -98063.5 27.0465 
8700 0.997611 -0.598472 -98063.5 27.0743 
8710 0.997693 0.121261 -98072.8 27.1117 
8720 0.997696 -0.662732 -98073 27.1426 
8730 0.997696 0.115323 -98073 27.1678 
8740 0.997696 0.869045 -98073 27.1926 
8750 0.99754 -0.0304651 -98067.1 27.2262 
8760 0.99754 -0.204937 -98067.2 27.257 
8770 0.997447 -0.181397 -98065.6 27.2904 
8780 0.997526 -0.208545 -98070.5 27.3239 
8790 0.997551 0.456093 -98073.3 27.3537 
8800 0.997634 0.446673 -98075.5 27.3864 
8810 0.997634 0.150074 -98075.6 27.4144 
8820 0.997634 0.376616 -98075.5 27.4428 
8830 0.997634 -0.885797 -98075.5 27.4708 
8840 0.997613 0.242268 -98072.8 27.5004 
8850 0.997669 0.34947 -98072 27.5299 
8860 0.997674 0.258376 -98073.6 27.5632 
8870 0.997679 0.266582 -98074.8 27.5967 
8880 0.997585 0.170775 -98067.3 27.6314 
8890 0.997561 -0.268379 -98065 27.6635 
8900 0.997587 -0.837176 -98066.6 27.6937 
8910 0.997591 0.296577 -98067 27.7193 
8920 0.997557 0.0285001 -98064.7 27.7491 
8930 0.99754 -0.164854 -98063.3 27.7814 
8940 0.997557 0.337387 -98064.6 27.8073 
8950 0.997672 0.417741 -98067.9 27.8408 
8960 0.997674 -0.157906 -98068.2 27.8689 
8970 0.997687 -0.34836 -98069.2 27.9004 
8980 0.997687 -0.135069 -98069.2 27.9313 
8990 0.997627 -0.898967 -98063.7 27.9611 
9000 0.997596 0.715444 -98069.5 27.9987 
9010 0.997591 -0.223099 -98069 28.0316 
9020 0.997617 -0.760628 -98069.4 28.0649 
9030 0.997655 -0.653307 -98069.9 28.0998 
9040 0.997672 0.276433 -98072.1 28.1315 
9050 0.997672 -0.658979 -98072.1 28.1593 
9060 0.997672 -0.905772 -98072.1 28.19 
9070 0.997672 -0.943877 -98072 28.221 
9080 0.997659 0.0562848 -98070.8 28.2522 
9090 0.997659 0.736774 -98070.8 28.2832 
9100 0.997626 -0.675026 -98067.2 28.3106 
9110 0.997642 0.388699 -98068.2 28.3424 
9120 0.997642 -0.296073 -98068.2 28.3702 
9130 0.99761 0.892001 -98065.2 28.3993 
9140 0.99761 0.324224 -98065.2 28.43 
9150 0.997651 0.269863 -98067.1 28.4659 
9160 0.997625 -0.672298 -98064.9 28.4986 
9170 0.997619 0.513219 -98065.2 28.5277 
9180 0.997564 -0.633005 -98060.1 28.5607 
9190 0.997582 0.941705 -98061.6 28.5923 
9200 0.997634 0.47295 -98066.9 28.6251 
9210 0.997647 0.173732 -98066.7 28.6571 
9220 0.997672 -0.362871 -98070.5 28.6895 
9230 0.99763 -0.130731 -98066.6 28.7188 
9240 0.99763 -0.994792 -98066.6 28.7499 
9250 0.997583 -0.915171 -98057.6 28.7802 
9260 0.997583 -0.595358 -98057.6 28.811 
9270 0.997571 -0.857941 -98056 28.8424 
9280 0.997552 -0.0572341 -98055.2 28.876 
9290 0.997542 -0.359411 -98054.4 28.9043 
9300 0.997542 -0.466726 -98054.4 28.935 
9310 0.997532 -0.887107 -98059.2 28.9676 
9320 0.997493 0.34608 -98055.6 28.999 
9330 0.997522 0.546422 -98059.5 29.0287 
9340 0.997535 0.637482 -98060 29.0596 
9350 0.997485 0.530488 -98056.7 29.0887 
9360 0.997485 0.207465 -98056.7 29.1193 
9370 0.997633 -0.468869 -98063.2 29.1491 
9380 0.997654 0.548112 -98065.7 29.1781 
9390 0.997647 0.2866 -98064.7 29.2081 
9400 0.997562 0.320411 -98058 29.2396 
9410 0.997627 0.560924 -98064.2 29.2707 
9420 0.997612 -0.957857 -98063 29.3013 
9430 0.997612 -0.0659353 -98063 29.3319 
9440 0.997558 0.489923 -98059.3 29.3589 
9450 0.997557 -0.677312 -98059.2 29.3868 
9460 0.997632 0.741599 -98064.5 29.4219 
9470 0.997645 -0.98162 -98065.7 29.4529 
9480 0.997639 0.874024 -98065.1 29.4856 
9490 0.997665 -0.939461 -98066.8 29.5168 
9500 0.997678 -0.949085 -98068.6 29.5491 
9510 0.997701 0.819269 -98070.4 29.5773 
9520 0.997693 -0.816102 -98069.3 29.6099 
9530 0.99769 -0.389616 -98069 29.6413 
9540 0.99769 -0.070578 -98069.1 29.6693 
9550 0.997644 0.663005 -98062.9 29.7045 
9560 0.997595 0.906735 -98060.3 29.7327 
9570 0.997566 -0.336973 -98057.6 29.7647 
9580 0.997553 -0.76393 -98056.1 29.7961 
9590 0.997584 0.649891 -98054.2 29.8272 
9600 0.997584 -0.129679 -98054.3 29.8521 
9610 0.997509 0.389424 -98064.8 29.8832 
9620 0.997569 -0.527854 -98071.3 29.92 
9630 0.997584 0.610035 -98071.4 29.95 
9640 0.997559 0.346727 -98069.4 29.9841 
9650 0.997568 0.945704 -98070 30.0154 
9660 0.997558 -0.595085 -98062.2 30.0473 
9670 0.997568 0.379368 -98063.2 30.0784 
9680 0.997669 -0.916965 -98072.3 30.1121 
9690 0.997627 -0.879617 -98073.3 30.1444 
9700 0.997531 0.501037 -98059.5 30.1777 
9710 0.997481 0.623056 -98056.4 30.2072 
9720 0.997526 -0.635912 -98057.4 30.2416 
9730 0.99754 0.179532 -98059.9 30.2742 
9740 0.997575 0.640161 -98064.4 30.3069 
9750 0.997575 -0.404573 -98064.4 30.3376 
9760 0.997549 -0.515606 -98063 30.3704 
9770 0.997549 -0.353538 -98063 30.3955 
9780 0.997549 0.0301057 -98062.9 30.4232 
9790 0.997516 -0.102019 -98062.5 30.4588 
9800 0.99754 0.0247091 -98064.6 30.4873 
9810 0.997576 -0.114845 -98067.9 30.5134 
9820 0.997567 -0.3143 -98062.7 30.5444 
9830 0.99755 0.0347378 -98060.6 30.575 
9840 0.99759 0.662665 -98060.8 30.6076 
9850 0.997605 -0.125588 -98062.7 30.6368 
9860 0.997696 -0.523058 -98069.8 30.6689 
9870 0.997715 -0.981812 -98071.5 30.7003 
9880 0.997746 -0.92573 -98079.8 30.7354 
9890 0.997716 0.0320847 -98083.1 30.7708 
9900 0.99761 -0.880974 -98076.1 30.7992 
9910 0.997579 -0.591502 -98073.2 30.8305 
9920 0.99754 -0.219682 -98066.2 30.8673 
9930 0.997507 -0.640753 -98065.2 30.8992 
9940 0.997507 -0.269016 -98065.2 30.9298 
9950 0.997476 0.369895 -98063.7 30.9613 
9960 0.997442 0.69722 -98059.7 30.9936 
9970 0.997442 0.87671 -98059.7 31.0242 
9980 0.997442 0.681803 -98059.7 31.0548 
9990 0.997565 0.904353 -98060.8 31.0865 
10000 0.997562 0.742725 -98060.5 31.1188 
