0 0.0471859 0.00943279 -33031 0 
966 0.0745524 0.0508113 -38679 0.164237 
1932 0.0533243 0.0160671 -42854.4 0.336427 
2898 0.0955612 0.0336776 -43260.2 0.501946 
3864 0.0736825 -0.0172068 -44037.8 0.667158 
4830 0.0471898 0.0199899 -44321.4 0.832804 
5796 0.0614218 0.0310216 -44616.7 0.998055 
6762 0.0613306 0.0379814 -42551.9 1.1626 
7728 0.0788312 0.0373794 -42656.8 1.32695 
8694 0.0988761 0.032401 -43577.2 1.4914 
9660 0.0650013 0.0156863 -44211.4 1.65564 
10626 0.0583709 0.0335531 -44368.5 1.8198 
11592 0.0500244 0.00230067 -44659.3 1.98435 
12558 0.0470289 -0.0118183 -45610.3 2.1485 
13524 0.0663675 0.00540788 -45330.6 2.31281 
14490 0.0682716 -0.00164523 -45056.8 2.47704 
15456 0.0671974 0.0176819 -44735.9 2.64169 
16422 0.0671295 -0.000838749 -45035.3 2.80613 
17388 0.0922068 0.0262648 -45493.8 2.97041 
18354 0.124959 -0.0538964 -45434.5 3.13485 
19320 0.0881944 -0.0298398 -44187.6 3.29863 
20286 0.036414 -0.0137514 -45010.4 3.46253 
21252 0.0334196 0.018327 -45393.4 3.62666 
22218 0.0449801 0.0112553 -44666.3 3.79051 
23184 0.0253975 0.0189127 -45172.1 3.95551 
24150 0.0411743 0.0353425 -44695.9 4.12035 
25116 0.0568161 0.00180204 -44460.9 4.28476 
26082 0.0637827 -0.0254006 -44538.9 4.44857 
27048 0.042114 -0.0301675 -44785.4 4.6128 
28014 0.0532954 -0.0158861 -43822.6 4.77709 
28980 0.0128329 -0.00830902 -44846.4 4.94161 
29946 0.0421093 -0.0167197 -45138.2 5.10643 
30912 0.0992348 -0.0398591 -46263.8 5.27053 
31878 0.0697431 -0.0367481 -45114 5.43524 
32844 0.0778673 -0.062217 -45799.3 5.59974 
33810 0.0175865 0.0053182 -45112.8 5.76452 
34776 0.0274023 -0.0114036 -45025.2 5.92974 
35742 0.039915 -0.0372777 -45097.9 6.09455 
36708 0.0718375 0.0162143 -46123.6 6.25934 
37674 0.0735361 -0.000991911 -44636 6.42377 
38640 0.0938465 0.0422616 -45586.2 6.58855 
39606 0.0383836 0.0162159 -45930.7 6.75329 
40572 0.0792298 0.0343727 -44421.5 6.9179 
41538 0.0625819 0.0161147 -45261.7 7.08253 
42504 0.0723507 -0.023362 -46758.3 7.2475 
43470 0.0969271 -0.0921868 -46611.3 7.41175 
44436 0.066783 -0.0235678 -46782.2 7.57677 
45402 0.0394402 -0.0145209 -46342.4 7.74141 
46368 0.0323765 -0.0075641 -46702.8 7.90621 
47334 0.0351236 0.0240798 -47344.7 8.07062 
48300 0.0789437 0.0447081 -47165.8 8.2353 
49266 0.0174436 0.00141184 -44127 8.39951 
50232 0.0888424 0.0705483 -45209.1 8.5636 
51198 0.0467222 0.0119636 -44912.7 8.72847 
52164 0.0399419 0.0185766 -44013.9 8.89271 
53130 0.0151895 -0.0022144 -45198 9.05726 
54096 0.0547222 0.0258227 -44936.6 9.22182 
55062 0.0731188 0.0441835 -45175.1 9.38636 
56028 0.111021 0.0983071 -45184.1 9.55103 
56994 0.0804468 0.0186881 -45673.4 9.71602 
57960 0.0640625 0.0160384 -45716.8 9.88062 
58926 0.0592068 -0.00268841 -45187.9 10.0447 
59892 0.0795575 0.0515809 -46385.5 10.2093 
60858 0.0678412 -0.0189988 -44965.4 10.3735 
61824 0.0599384 0.0217571 -44154.9 10.5384 
62790 0.0919739 0.0292292 -44413.9 10.7035 
63756 0.0220054 0.00219535 -43915.7 10.8684 
64722 0.0223946 0.00226176 -44441.1 11.0325 
65688 0.0099587 -0.0098786 -45047.5 11.197 
66654 0.0613815 -0.0256234 -45719.5 11.3615 
67620 0.0962772 -0.0638067 -46437.3 11.526 
68586 0.0354836 0.0111882 -46206.5 11.6907 
69552 0.0825413 -0.0570842 -46342.9 11.8553 
70518 0.0467286 -0.0355181 -45603.6 12.0182 
71484 0.0787153 0.0099245 -44710 12.1839 
72450 0.0201487 -0.0170152 -42890.1 12.3491 
73416 0.0511919 -0.00576834 -43079.3 12.5137 
74382 0.0556396 0.0105581 -42767.4 12.6785 
75348 0.0786179 0.0364556 -44091.8 12.8432 
76314 0.0702193 0.0516412 -44635.3 13.0073 
77280 0.0644432 -0.0208294 -44092.8 13.1713 
78246 0.0907296 -0.0205734 -45187.2 13.3358 
79212 0.0788897 0.027072 -44633.6 13.5001 
80178 0.073089 0.0101153 -43642.2 13.6642 
81144 0.0498849 -0.0322014 -43071.7 13.8287 
82110 0.0507996 -0.0504335 -43294 13.9929 
83076 0.0647961 0.0365695 -43459 14.1575 
84042 0.0287357 0.0234179 -42933.8 14.3219 
85008 0.0400902 0.0381006 -43015.2 14.4865 
85974 0.0364684 0.00323095 -43789.6 14.6515 
86940 0.0416436 0.0181176 -44618.9 14.8162 
87906 0.0285315 -0.0172544 -44007.9 14.9807 
88872 0.0402273 -0.00792915 -44284.1 15.1448 
89838 0.0517874 0.0205625 -44578.4 15.3099 
90804 0.0381601 -0.0120166 -43895 15.4748 
91770 0.0629149 0.0378596 -44044.5 15.6391 
92736 0.0438732 -0.0159949 -43401.4 15.8038 
93702 0.070766 -0.0537037 -43985.2 15.9685 
94668 0.0365169 0.0176978 -45100 16.133 
95634 0.036574 -0.00937605 -44918.9 16.2976 
96600 0.0969712 -0.013173 -44960.2 16.4626 
97566 0.0283517 -0.0216357 -44959.2 16.6267 
98532 0.0212729 0.0076873 -45381 16.7912 
99498 0.0693285 -0.0408155 -44343.7 16.9559 
100464 0.0596006 0.0363425 -44757.7 17.1202 
101430 0.0355797 -0.0135654 -44149.7 17.2847 
102396 0.0739067 -0.0508535 -45608.4 17.4496 
103362 0.0663957 -0.00591275 -45842.4 17.6146 
104328 0.0909458 -0.0663738 -45999.5 17.7794 
105294 0.0293634 -0.00862992 -44945.3 17.9438 
106260 0.0169083 -0.00191017 -44475.5 18.108 
107226 0.0252683 -0.0200784 -44973.1 18.2723 
108192 0.0460168 0.0292667 -45127 18.4368 
109158 0.0414337 -0.0198994 -45057 18.6014 
110124 0.0561417 -0.0499536 -44140.5 18.7661 
111090 0.0431046 -0.0334997 -45687.7 18.9305 
112056 0.061604 -0.0458568 -45199.1 19.0946 
113022 0.0576927 -0.0337361 -43989.9 19.2585 
113988 0.0766943 -0.0216667 -43892.4 19.4229 
114954 0.0228941 -0.0213956 -44470.1 19.5875 
115920 0.0666568 -0.00200632 -43625.1 19.752 
116886 0.0669648 0.0644949 -43325.1 19.9169 
117852 0.0501126 -0.0101554 -44624.5 20.0812 
118818 0.0102177 0.00742982 -45462.8 20.2454 
119784 0.0427216 0.0271921 -45925.7 20.4097 
120750 0.0460841 0.0269299 -45151.3 20.5744 
121716 0.0704346 -0.0360363 -45529.6 20.7387 
122682 0.0312149 -0.0230542 -44349.7 20.9033 
123648 0.0572411 -0.0549704 -43216.7 21.068 
124614 0.0288328 -0.023143 -45133.1 21.232 
125580 0.0440162 0.0139354 -44500.9 21.3965 
126546 0.0350948 -0.00453805 -44505.7 21.5616 
127512 0.0368851 0.0301492 -44166.9 21.7256 
128478 0.0149764 0.0136609 -45319.4 21.8911 
129444 0.0196625 0.000189508 -45018.9 22.0557 
130410 0.0179594 0.0146247 -44865.7 22.2202 
131376 0.041338 -0.00862415 -45008.5 22.3846 
132342 0.0132702 0.00153807 -46039.2 22.5491 
133308 0.0665446 -0.00139512 -45442.2 22.7142 
134274 0.0849619 -0.00256401 -45371.4 22.8783 
135240 0.116423 -0.0290448 -45162.5 23.0433 
136206 0.0786247 0.0420712 -44305.3 23.2087 
137172 0.0272303 -0.0155558 -44695.6 23.3724 
138138 0.0243848 0.00297735 -44609.8 23.5365 
139104 0.0464261 -0.0332341 -44961.1 23.7007 
140070 0.0373397 -0.0371435 -44192.3 23.8648 
141036 0.068074 -0.0662618 -44737 24.0293 
142002 0.0628812 -0.0615322 -44882.6 24.1937 
142968 0.0715249 -0.0180413 -45016.4 24.3586 
143934 0.0837733 0.0152285 -44950 24.5226 
144900 0.0933475 0.0183597 -43752.3 24.6869 
145866 0.091689 0.00681759 -43879.5 24.8506 
146832 0.0335953 0.00388897 -45246.6 25.0152 
147798 0.0534003 0.0321857 -44781 25.1796 
148764 0.0614876 0.0438148 -44338.6 25.3436 
149730 0.031619 -0.0135542 -44475.6 25.5076 
150696 0.0479282 0.0350172 -44283.2 25.6717 
151662 0.024062 -0.00395058 -43400.3 25.8353 
152628 0.0512381 -0.0380059 -42680.9 25.9994 
153594 0.0453921 -0.0392581 -43522.6 26.1636 
154560 0.0450459 -0.00366379 -45135.5 26.3279 
155526 0.0336819 0.00815905 -44047.6 26.4921 
156492 0.0599079 0.00995009 -44381.6 26.6567 
157458 0.0686708 0.0209978 -43769.9 26.8213 
158424 0.0369216 -0.00595642 -43433.6 26.9861 
159390 0.0698565 0.0258403 -44062.8 27.1503 
160356 0.0321789 0.028737 -44961.8 27.3147 
161322 0.0265775 0.00342732 -45523.8 27.4791 
162288 0.0477772 0.0212423 -44918.6 27.6436 
163254 0.0374307 0.0154475 -45688.6 27.8078 
164220 0.0146943 0.00130276 -45491.5 27.9727 
165186 0.0117388 0.010097 -45490.4 28.1369 
166152 0.0416303 0.0248288 -44490 28.302 
167118 0.0567945 0.0273381 -45991.8 28.4657 
168084 0.060257 -0.015965 -44888.1 28.6305 
169050 0.0346254 -0.0291034 -44635.8 28.7946 
170016 0.0357616 -0.0160863 -43939.8 28.9588 
170982 0.0270719 -0.0268528 -44812.9 29.1234 
171948 0.0670311 0.0617344 -45625.4 29.2882 
172914 0.0389688 0.000584111 -46005 29.4525 
173880 0.0152079 0.00575144 -46189.1 29.6164 
174846 0.0155289 0.0141816 -45887.8 29.7805 
175812 0.0431363 0.0239105 -45021.1 29.9443 
176778 0.0585588 0.0197967 -45032.2 30.1086 
177744 0.0477171 0.0121555 -45256.1 30.273 
178710 0.0320486 0.0276979 -44146.1 30.4376 
179676 0.0293548 -0.00646905 -45071.5 30.6022 
180642 0.00175471 0.000888499 -45361.6 30.7672 
181608 0.0461981 -0.0309901 -45679.2 30.9318 
182574 0.0459708 0.0367969 -45834.4 31.0962 
183540 0.0222309 -0.01355 -45191.5 31.2606 
184506 0.0377335 0.031717 -45705.7 31.4249 
185472 0.029047 0.0273768 -45350.3 31.5884 
186438 0.0381417 0.0244662 -44640.9 31.753 
187404 0.0367474 0.00206289 -44679.4 31.9178 
188370 0.0995255 0.0280585 -46200.3 32.0823 
189336 0.0588968 -0.0139638 -45932.7 32.246 
190302 0.050725 -0.049268 -45835.3 32.4109 
191268 0.0482692 -0.0243169 -44832.7 32.5754 
192234 0.0247935 -0.0219455 -43742.3 32.7404 
193200 0.028744 0.0111103 -43990.6 32.9051 
194166 0.048796 -0.018409 -45088.3 33.0695 
195132 0.0494965 0.0040615 -44387.5 33.2345 
196098 0.0972634 0.0200074 -44353.8 33.3997 
197064 0.0610349 0.0405158 -44206.5 33.5639 
198030 0.0444814 0.039321 -42983.9 33.7276 
198996 0.036228 0.00751833 -43193.5 33.8916 
199962 0.073405 0.0196817 -45230.3 34.0553 
200928 0.0447346 -0.0282602 -45482.4 34.2198 
201894 0.0793991 -0.0488215 -44121.9 34.3841 
202860 0.0724377 0.00467149 -44195.8 34.5491 
203826 0.0728373 -0.0204356 -44886.1 34.7137 
204792 0.0386853 0.0316069 -44433.1 34.8787 
205758 0.0337103 0.000522282 -45350.9 35.0427 
206724 0.0439794 0.033941 -45338.8 35.2066 
207690 0.022453 -0.00789886 -43869 35.3707 
208656 0.0750827 0.0684916 -44711.3 35.5355 
209622 0.0336885 0.00608031 -43568.2 35.6993 
210588 0.0092308 -0.000260431 -43566.2 35.8637 
211554 0.050522 -0.0418105 -43537 36.0282 
212520 0.0733266 -0.0544614 -44211.3 36.1928 
213486 0.0407646 -0.00850675 -44676.2 36.3571 
214452 0.00718694 0.00389742 -45098.7 36.5216 
215418 0.052639 0.041339 -45677.2 36.6861 
216384 0.0997457 0.0951564 -45496.1 36.8504 
217350 0.0324305 0.02412 -45579.1 37.0154 
218316 0.0612325 0.0238181 -44540.3 37.1796 
219282 0.0401725 0.0116322 -46207.1 37.3434 
220248 0.0431707 0.0392914 -45577.9 37.5081 
221214 0.0877896 0.0409409 -47098.4 37.6726 
222180 0.0423804 0.0107615 -46247.9 37.8369 
223146 0.0322603 0.0125854 -45609.1 38.0017 
224112 0.0232093 0.00544618 -45091 38.1662 
225078 0.0564045 -0.0550004 -46212.2 38.3307 
226044 0.0773652 -0.0632086 -44894 38.4951 
227010 0.0736788 -0.031426 -44439.9 38.6599 
227976 0.0496622 -0.0401507 -44850.3 38.8241 
228942 0.0433283 -0.0419391 -45730 38.9884 
229908 0.0661762 -0.0621602 -45508 39.1527 
230874 0.0435437 -0.0428289 -45926.2 39.3165 
231840 0.0280761 0.0161196 -45045.6 39.481 
232806 0.0554456 -0.0244084 -45106.7 39.6451 
233772 0.0319161 -0.0050392 -45357.7 39.8091 
234738 0.046885 0.0283819 -46009 39.9734 
235704 0.0592721 -0.0540705 -45682.7 40.1377 
236670 0.0299516 -0.0130616 -44464.6 40.3017 
237636 0.0581738 -0.0165549 -44253.9 40.4661 
238602 0.0681914 -0.0490033 -43608.2 40.6303 
239568 0.0545809 0.00440374 -43215 40.7947 
240534 0.045724 0.0214124 -44424.9 40.959 
241500 0.0525303 -0.00689932 -44775.2 41.1231 
242466 0.0409792 -0.0304377 -45136.4 41.2873 
243432 0.102746 -0.0956348 -45239.6 41.4512 
244398 0.0501979 -0.0338596 -46014.2 41.6155 
245364 0.0473818 -0.0466832 -44550.3 41.7799 
246330 0.0240953 0.0221738 -45896.1 41.9445 
247296 0.0515572 0.0403541 -45435 42.1094 
248262 0.0627627 -0.0248727 -45589 42.2734 
249228 0.0234823 -0.0193647 -45204.1 42.4376 
250194 0.0556661 -0.0555582 -45529.6 42.6021 
251160 0.0824099 -0.0674262 -45993.4 42.7668 
252126 0.0908937 -0.0641251 -44964.2 42.9315 
253092 0.0478068 -0.00210122 -44312.6 43.096 
254058 0.0554961 -0.0164265 -44709.9 43.2603 
255024 0.0575729 0.00408322 -44786.8 43.4246 
255990 0.0909732 -0.0274946 -44524 43.5894 
256956 0.0464155 -0.0335326 -44185.7 43.7539 
257922 0.0535365 -0.0424968 -44563.1 43.9179 
258888 0.0419263 -0.00759675 -43857 44.082 
259854 0.0210964 -0.0157503 -43865.5 44.2465 
260820 0.0445925 -0.0143144 -43558 44.4105 
261786 0.0545468 -0.0344457 -42588 44.5748 
262752 0.0331135 -0.0108061 -44019.6 44.7393 
263718 0.0235407 -0.0136737 -44667.4 44.9032 
264684 0.0323323 -0.0224699 -44061.7 45.0677 
265650 0.0735424 -0.025615 -44826 45.2324 
266616 0.0393336 0.00602508 -45361.8 45.3966 
267582 0.0777771 -0.00823194 -46259.4 45.5609 
268548 0.0752243 0.0376972 -45728.8 45.7249 
269514 0.0525337 0.0388976 -44523.7 45.8895 
270480 0.044319 0.0204709 -45328.9 46.0539 
271446 0.0758875 0.0486766 -45476.9 46.2191 
272412 0.0585979 0.0213065 -45876.5 46.3839 
273378 0.0865554 -0.071354 -46207.4 46.5482 
274344 0.0550383 0.0340669 -46142.5 46.7125 
275310 0.0824853 0.0620442 -45669.5 46.8768 
276276 0.085585 0.0358653 -45149.6 47.041 
277242 0.02933 0.0167005 -44828 47.2057 
278208 0.0937636 -0.0176771 -43869.2 47.3703 
279174 0.0558084 0.0233719 -44524 47.535 
280140 0.0467515 0.0295307 -45540.4 47.7001 
281106 0.0533798 0.0309915 -45300 47.8647 
282072 0.0577553 0.0430126 -45684.2 48.0294 
283038 0.100163 0.0642162 -44782.5 48.1941 
284004 0.0369805 0.0159512 -44689.6 48.3587 
284970 0.054429 0.0277517 -43807.8 48.5224 
285936 0.102528 0.0167115 -44251.3 48.6865 
286902 0.100058 0.0263049 -43307.8 48.8515 
287868 0.123287 0.042429 -44209.1 49.015 
288834 0.057609 -0.00138792 -44857.3 49.1793 
289800 0.0571186 0.0188399 -45597.5 49.3445 
290766 0.0528078 -0.00388134 -44039.7 49.5092 
291732 0.059363 0.0407566 -43585.8 49.6742 
292698 0.0483338 0.0284792 -44044 49.8388 
293664 0.052938 -0.0482853 -44847.7 50.0033 
294630 0.0441082 0.0131326 -43747.1 50.1683 
295596 0.0426991 0.0242428 -45013.7 50.3326 
296562 0.0264251 0.0167755 -44756 50.4978 
297528 0.0703344 0.0530861 -44405.4 50.6623 
298494 0.0386135 -0.0196145 -45637 50.8271 
299460 0.0594217 -0.0118555 -45300.9 50.9928 
300426 0.0393175 0.00729168 -45288.7 51.1575 
301392 0.050139 0.0425909 -45320.4 51.3221 
302358 0.00665411 -0.00313939 -46553.2 51.487 
303324 0.0373082 -0.0371384 -45773 51.6519 
304290 0.0602002 0.00240897 -45858.9 51.8167 
305256 0.0501877 0.0455949 -44218.8 51.9816 
306222 0.0597852 -0.0305654 -44076 52.1462 
307188 0.0358831 -0.0184019 -45360.2 52.3104 
308154 0.0117293 -0.0113318 -45030.7 52.4755 
309120 0.0246787 -0.00387438 -45993 52.6401 
310086 0.0304069 0.0141913 -44965.6 52.8044 
311052 0.040424 -0.0222104 -44780.7 52.9697 
312018 0.0755903 0.00223077 -46028.1 53.1339 
312984 0.0343098 0.0172085 -46209.5 53.2981 
313950 0.0287094 0.0172232 -45959.1 53.4623 
314916 0.0484278 0.0288232 -45309.4 53.6269 
315882 0.0334442 0.0110002 -44399.8 53.7908 
316848 0.0519795 -0.0343071 -43986.2 53.9553 
317814 0.0616299 -0.0208109 -44478.9 54.12 
318780 0.0637912 -0.0145461 -43968 54.2839 
319746 0.0181968 0.00894036 -43729.2 54.4485 
320712 0.0525571 0.00835669 -44167.1 54.6125 
321678 0.0370881 0.00792039 -44637 54.7769 
322644 0.0745592 -0.0135419 -45302.4 54.9414 
323610 0.0708637 -0.0382392 -47341.5 55.1059 
324576 0.0553663 0.0293124 -47981.9 55.2704 
325542 0.0208767 0.000228342 -46410.9 55.4347 
326508 0.0722884 -0.00758247 -46289.3 55.5999 
327474 0.0557456 -0.0105057 -45291.8 55.7646 
328440 0.0883174 -0.012023 -45607.5 55.9285 
329406 0.060859 -0.0431635 -43848.9 56.0931 
330372 0.095892 -0.0357222 -44682.2 56.257 
331338 0.0405086 -0.00674397 -45574.2 56.4215 
332304 0.055175 -0.0115792 -45839 56.5858 
333270 0.0470852 0.0167215 -45506.1 56.7493 
334236 0.0340793 -0.0289275 -45685.4 56.9138 
335202 0.0295139 0.00786855 -45814.3 57.0787 
336168 0.0478194 0.0221973 -44422.8 57.2432 
337134 0.0754313 0.0693515 -45100.8 57.4082 
338100 0.0382267 0.0311314 -45154.5 57.5737 
339066 0.0463261 0.0364603 -44990.4 57.7387 
340032 0.0459496 0.0167082 -44476.6 57.9031 
340998 0.029723 0.00357245 -43964.4 58.0673 
341964 0.0211232 0.0190002 -44650 58.2315 
342930 0.0394797 0.0194077 -45178.9 58.3956 
343896 0.0337184 0.02092 -45837.6 58.5604 
344862 0.0548482 0.0545371 -45847.3 58.7251 
345828 0.0573377 0.0142225 -46368.3 58.89 
346794 0.0549632 0.0227368 -46386.2 59.0544 
347760 0.0406215 0.022923 -45878.8 59.219 
348726 0.0309021 0.00929979 -45554.4 59.3831 
349692 0.0297411 0.00270949 -44346.1 59.5474 
350658 0.0831701 0.00608501 -45718.1 59.7122 
351624 0.0337761 -0.0196765 -46029.6 59.8766 
352590 0.0519671 -0.0116381 -45627.2 60.0409 
353556 0.0263622 0.0186848 -45711 60.2051 
354522 0.0426669 -0.0336055 -44760.5 60.3688 
355488 0.0384804 -0.0226412 -45131.5 60.5328 
356454 0.0373405 0.0085327 -44138.7 60.6977 
357420 0.0508927 -0.0304499 -44470.5 60.8619 
358386 0.0822376 0.0723445 -46428.5 61.0271 
359352 0.0309785 0.00703326 -45915.9 61.1927 
360318 0.0316344 0.0312621 -45411.3 61.3576 
361284 0.0518253 0.0262792 -45214.9 61.5223 
362250 0.0338299 -0.00406535 -44507.3 61.6874 
363216 0.0424441 -0.008299 -44290.9 61.8519 
364182 0.0740532 -0.0329662 -44765.5 62.0163 
365148 0.0988079 -0.0202372 -45274.5 62.1806 
366114 0.0895071 0.0250799 -45834.4 62.3454 
367080 0.0577326 -0.0434435 -45648 62.5099 
368046 0.0385458 -0.0239569 -45502.5 62.6741 
369012 0.0860447 -0.0293687 -45116.9 62.839 
369978 0.0323157 0.00979961 -44873.8 63.0042 
370944 0.0166515 -0.0125042 -45348.5 63.1689 
371910 0.0432343 -3.50561e-05 -44537.1 63.3341 
372876 0.00917058 0.00241133 -45049.4 63.4984 
373842 0.0355635 -0.00589073 -43327.8 63.663 
374808 0.0360484 0.0263803 -43627 63.8279 
375774 0.0352957 0.00106269 -44357 63.9928 
376740 0.0277621 0.00633023 -44527.4 64.1569 
377706 0.0472625 0.0439792 -45469 64.3218 
378672 0.116423 0.0915463 -45634.3 64.4861 
379638 0.0937123 0.0876399 -45168 64.651 
380604 0.0613687 0.0486312 -46523.8 64.8156 
381570 0.0380951 0.0116225 -45714.8 64.9805 
382536 0.0504628 0.00403088 -45384.9 65.1457 
383502 0.0488656 -0.0463733 -44899.2 65.3106 
384468 0.0513228 -0.0474542 -44228 65.4753 
385434 0.0407087 -0.00204325 -44402.3 65.6395 
386400 0.0576117 0.00382183 -43844.3 65.8037 
387366 0.0788869 -0.0169836 -44734 65.9686 
388332 0.0139619 0.00997691 -44400.3 66.1334 
389298 0.0215951 0.0109669 -45033.5 66.2977 
390264 0.0235898 -0.0115648 -44918.2 66.4622 
391230 0.0703169 0.0481885 -44112.8 66.6269 
392196 0.0318049 -0.0220273 -45146.3 66.7917 
393162 0.0259618 -0.0066532 -44868.2 66.9568 
394128 0.0342144 0.0123582 -44828.4 67.1214 
395094 0.061416 -0.0588028 -44891 67.286 
396060 0.0563618 -0.0514119 -44942.4 67.4508 
397026 0.0426477 -0.0235603 -45780.3 67.6151 
397992 0.0640026 -0.0587755 -45877 67.7796 
398958 0.0390995 -0.0248192 -45933.8 67.9445 
399924 0.0549213 -0.0079316 -45462.9 68.1088 
400890 0.065451 -0.0216757 -45725.1 68.2735 
401856 0.0221347 -0.0180695 -45005.3 68.4386 
402822 0.0173792 -0.0172513 -44954 68.6032 
403788 0.0542517 -0.0478518 -44267.6 68.7677 
404754 0.0491303 -0.00028768 -43636.3 68.9327 
405720 0.0495853 -0.0466708 -44400.7 69.0969 
406686 0.0218264 0.0204716 -44179.8 69.2618 
407652 0.043213 0.0185339 -44789.4 69.4274 
408618 0.0299114 0.0190009 -45039.7 69.5927 
409584 0.0407127 -0.02759 -45745.4 69.7565 
410550 0.0391348 0.00852148 -45459.5 69.9213 
411516 0.0162121 0.00016009 -45109.1 70.0857 
412482 0.0691193 0.0578838 -44198.6 70.2504 
413448 0.0602423 0.0173013 -45300 70.4152 
414414 0.102607 -0.00129939 -45557.5 70.5801 
415380 0.0624475 0.0594491 -46446.8 70.7446 
416346 0.0526249 0.0291109 -44759.5 70.9095 
417312 0.0645404 0.0298088 -45359.6 71.0744 
418278 0.0656532 -0.0164282 -45416.8 71.2393 
419244 0.081845 -0.0171509 -45322.1 71.4043 
420210 0.058346 -0.0438481 -43871.8 71.5689 
421176 0.0628103 -0.0173272 -42736 71.7334 
422142 0.0799965 -0.0156187 -44090.2 71.8981 
423108 0.031978 0.000425991 -44240 72.0635 
424074 0.0271492 0.0142723 -44399.9 72.2287 
425040 0.0517398 -0.03604 -44266.5 72.3936 
426006 0.0575824 0.0513525 -44259.4 72.5587 
426972 0.0903246 0.0650907 -43538.4 72.7237 
427938 0.0815301 0.0296026 -43648.8 72.888 
428904 0.0211019 -0.020787 -44387 73.053 
429870 0.0545978 0.0199117 -44492.1 73.218 
430836 0.0301255 0.0229635 -45270.6 73.3824 
431802 0.056154 0.0185103 -45791.8 73.5474 
432768 0.0281618 -0.00821608 -46074.5 73.712 
433734 0.034616 -0.0180059 -44819.4 73.8765 
434700 0.0364692 -0.0215516 -45022.8 74.0417 
435666 0.0305615 -0.00636869 -44321.7 74.2065 
436632 0.0243953 -0.0169363 -45020.9 74.371 
437598 0.109225 -0.0768961 -44574.4 74.5357 
438564 0.0840261 -0.0456743 -45477.8 74.7003 
439530 0.0544241 -0.0284112 -46090.6 74.8646 
440496 0.0669004 -0.0339749 -44107.8 75.0295 
441462 0.0233166 0.00955067 -43767.6 75.1943 
442428 0.0515571 0.0409357 -44130.5 75.3589 
443394 0.0831606 -0.00771511 -45175.5 75.5241 
444360 0.0493868 0.0365812 -44552.8 75.6892 
445326 0.0276867 -0.00589542 -45047.7 75.8535 
446292 0.0452419 -0.000302162 -45024.4 76.0184 
447258 0.0470301 -0.0411885 -44944.7 76.1846 
448224 0.0485537 -0.010099 -45742 76.3497 
449190 0.0882589 -0.0472455 -46443.6 76.5144 
450156 0.0890574 -0.0422774 -45075.5 76.6791 
451122 0.0479194 0.0263649 -45891.6 76.8436 
452088 0.0164032 -0.00651187 -45258.1 77.0081 
453054 0.0341457 0.0134626 -46177.4 77.1731 
454020 0.0743927 -0.00560682 -45579.4 77.3374 
454986 0.0535943 0.00474045 -44188.9 77.5023 
455952 0.0480238 -0.00640372 -43864.6 77.6669 
456918 0.0440717 -0.0248966 -44961 77.8313 
457884 0.0477585 -0.0326549 -44235.6 77.9962 
458850 0.0347652 -0.0251937 -44036.8 78.1615 
459816 0.0179148 -0.00698467 -43629.5 78.326 
460782 0.0828031 -0.0643198 -43564.2 78.4916 
461748 0.00867064 -0.000604699 -42768.3 78.6559 
462714 0.0446615 0.0355968 -43474.1 78.821 
463680 0.0415458 0.0234434 -43764.5 78.9855 
464646 0.0455487 0.00410561 -44857.2 79.15 
465612 0.0279325 0.0278811 -45433.8 79.3154 
466578 0.014388 -0.00154682 -45388 79.4805 
467544 0.0387092 0.0161158 -44479 79.646 
468510 0.0397907 0.00926315 -44976.9 79.8108 
469476 0.024432 -0.0165318 -43531.7 79.9757 
470442 0.0918373 0.0653325 -43793 80.14 
471408 0.0470513 0.00069521 -44094.4 80.3042 
472374 0.0384094 -0.0336049 -43910.9 80.4689 
473340 0.0537941 -0.0322579 -44869 80.6337 
474306 0.0290944 -0.0239628 -42936.9 80.7981 
475272 0.033102 0.00422916 -44411.8 80.9625 
476238 0.0088867 -0.00186084 -45347.7 81.128 
477204 0.0201277 0.00185599 -45778.6 81.2925 
478170 0.0396993 -0.0015245 -46707.7 81.457 
479136 0.0542281 0.0480137 -46425.1 81.6212 
480102 0.0897817 0.0798734 -45931.4 81.7861 
481068 0.0642582 0.0624222 -44884.4 81.9513 
482034 0.0379012 0.0206828 -45549.2 82.1169 
483000 0.0732834 0.0717074 -46034.2 82.282 
483966 0.038106 0.0204439 -45167.4 82.4465 
484932 0.0790569 -0.0129008 -45281.8 82.6111 
485898 0.116025 0.0486459 -45656.6 82.7751 
486864 0.0452953 0.00297435 -44841.9 82.9396 
487830 0.0317855 -0.0255133 -43530.1 83.1037 
488796 0.059099 -0.046003 -43378.8 83.2686 
489762 0.0239599 -0.0117837 -43230.7 83.4336 
490728 0.0473143 -0.039156 -43605.7 83.5987 
491694 0.0535096 -0.027494 -43683.9 83.764 
492660 0.0685979 -0.0511822 -45205.5 83.9291 
493626 0.0241323 0.00121961 -44429.4 84.0939 
494592 0.0505131 -0.0444075 -44224.6 84.2587 
495558 0.070963 -0.0625217 -44037 84.4225 
496524 0.0428177 -0.00063817 -43494.3 84.5875 
497490 0.0266388 0.00248365 -43548.1 84.7522 
498456 0.0312422 0.0248913 -43811.7 84.9173 
499422 0.0396567 0.0285467 -44171.2 85.082 
500388 0.0621379 0.0299254 -45264 85.247 
501354 0.0243996 0.00136989 -45068.7 85.4119 
502320 0.0380709 -0.0287122 -44362.3 85.5766 
503286 0.0440695 -0.00797342 -44026 85.7409 
504252 0.0631213 0.0222305 -44292.4 85.9051 
505218 0.0735847 0.0220448 -44168 86.0695 
506184 0.0230782 0.0116579 -43786 86.2347 
507150 0.079021 0.0626252 -43718.4 86.3995 
508116 0.0367075 0.0314121 -43638.2 86.5644 
509082 0.0494578 -0.0116471 -44411.3 86.73 
510048 0.0351711 0.0346346 -44759.1 86.8959 
511014 0.100468 0.0546902 -43864.4 87.0614 
511980 0.11068 0.0763036 -44205 87.2262 
512946 0.153887 -0.0203709 -44330.5 87.3908 
513912 0.121595 0.00382877 -43630.2 87.5556 
514878 0.0916757 -0.00357976 -44264.5 87.7209 
515844 0.0836237 -0.061047 -44191.8 87.8862 
516810 0.0395908 -0.0346447 -43708.1 88.0517 
517776 0.0505338 -0.0027989 -45487.7 88.2164 
518742 0.0263407 -0.00978638 -44847.5 88.3815 
519708 0.0566616 -0.00805786 -44466 88.546 
520674 0.0363204 0.029133 -44606.8 88.7107 
521640 0.0375151 -0.034703 -43836 88.8761 
522606 0.0198438 -0.0101913 -44880 89.0408 
523572 0.0905902 -0.0388809 -45112.3 89.2058 
524538 0.0579457 -0.0449518 -43960.5 89.3702 
525504 0.0522968 -0.0492647 -44882.5 89.5347 
526470 0.0397765 0.0335509 -45243.1 89.6993 
527436 0.0219318 -0.0107888 -45139.1 89.8637 
528402 0.0496846 0.0388651 -44724.7 90.0283 
529368 0.0642837 -5.48628e-06 -44345.5 90.1928 
530334 0.0221062 -0.013608 -43804.1 90.3573 
531300 0.0354954 -0.0160496 -43454.6 90.5218 
532266 0.079135 -0.0567817 -43626.5 90.6867 
533232 0.0268963 0.014435 -42439.7 90.8512 
534198 0.0147102 0.0090678 -44000.6 91.0163 
535164 0.0271246 -0.00151713 -44113.6 91.1809 
536130 0.0951149 0.0163606 -43981.9 91.346 
537096 0.0197903 0.0133929 -43737.4 91.511 
538062 0.0316881 0.0222245 -44025.2 91.6758 
539028 0.0603695 0.0388031 -44563.2 91.8405 
539994 0.0437655 -0.021183 -44524.2 92.0053 
540960 0.03613 0.00546747 -44883.2 92.1705 
541926 0.0496533 -0.0134685 -44827.5 92.3353 
542892 0.0361456 0.0163708 -45066 92.4995 
543858 0.0697177 0.0135554 -44920.3 92.6641 
544824 0.052866 0.00602338 -43795.1 92.8285 
545790 0.0471118 -0.00105657 -44292.7 92.9935 
546756 0.0808137 0.072033 -45430.2 93.1586 
547722 0.0440743 -0.0432745 -45276.5 93.3247 
548688 0.0675721 -0.0473234 -44649.3 93.49 
549654 0.0895307 0.0442872 -44653.1 93.6557 
550620 0.0815085 -0.0362401 -45194.3 93.8205 
551586 0.0504906 -0.00830478 -43762.6 93.9857 
552552 0.0786662 0.0485475 -44787.9 94.1504 
553518 0.032053 -0.000345293 -45587.1 94.3152 
554484 0.0165666 -0.00897503 -45284.7 94.4804 
555450 0.0380713 0.0364538 -44269.3 94.645 
556416 0.039233 -0.0382571 -45117.8 94.8099 
557382 0.0262841 0.0124655 -44175 94.9745 
558348 0.0549591 -0.00790174 -45095.3 95.1395 
559314 0.0678472 0.035405 -45489.9 95.3046 
560280 0.0622013 0.0290544 -46156.9 95.4697 
561246 0.0835082 0.0351861 -46250.1 95.634 
562212 0.0462171 0.00344033 -45644.6 95.798 
563178 0.031434 0.00758395 -44124.8 95.9625 
564144 0.0435449 -0.0422524 -44136.1 96.1266 
565110 0.0518819 0.0226385 -45201.2 96.2911 
566076 0.0336921 -0.00881498 -45381.3 96.456 
567042 0.0704682 0.0154492 -45482.2 96.6198 
568008 0.0484287 -0.0385823 -45334.3 96.7843 
568974 0.0520014 -0.028038 -45449.4 96.9492 
569940 0.0641226 -0.00688266 -45564.4 97.1141 
570906 0.0604816 0.0335963 -44455 97.2792 
571872 0.0317022 -0.0298327 -44918 97.4442 
572838 0.0699182 -0.0357494 -45630.2 97.6086 
573804 0.0810139 -0.0567934 -46306.2 97.7729 
574770 0.0808063 -0.0470093 -46554.5 97.9382 
575736 0.0402674 -0.0251567 -45910.6 98.1032 
576702 0.024849 -0.00360495 -45731 98.2678 
577668 0.0166916 0.016276 -45514.8 98.4323 
578634 0.00803738 -0.00530733 -44952.1 98.5971 
579600 0.042677 0.041636 -44487.9 98.7619 
580566 0.0670826 0.0345089 -44904.4 98.927 
581532 0.0581493 -0.0489179 -44291.7 99.0913 
582498 0.0309331 -0.00737199 -44154.7 99.2564 
583464 0.0558867 -0.0345823 -44725.9 99.4206 
584430 0.060762 -0.0433814 -44956.7 99.5857 
585396 0.0466984 -0.0379589 -44994.7 99.75 
586362 0.0252659 0.00144533 -45627.5 99.9146 
587328 0.0655155 0.00814952 -45735 100.08 
588294 0.0591341 0.0485404 -45178.1 100.244 
589260 0.0601403 0.00749767 -45074.4 100.41 
590226 0.0340916 -0.0129445 -44880.3 100.575 
591192 0.0490453 -0.0470542 -44067.8 100.739 
592158 0.0450601 -0.0194821 -44799 100.905 
593124 0.0410524 0.000506182 -45029.2 101.069 
594090 0.0638799 -0.0137545 -45771.8 101.234 
595056 0.0272029 0.000386736 -45120 101.399 
596022 0.0776144 -0.0547606 -45297.3 101.564 
596988 0.0602635 -0.0594927 -45090.9 101.728 
597954 0.0535712 -0.025838 -45624.1 101.894 
598920 0.0905589 -0.0330194 -45344.6 102.058 
599886 0.0553039 -0.0539134 -44837.3 102.223 
600852 0.0416941 -0.0413325 -44611.2 102.389 
601818 0.0337407 -0.0322921 -45801.3 102.554 
602784 0.0334042 -0.00230717 -44368 102.719 
603750 0.0424721 0.00841099 -45320.1 102.884 
604716 0.0166675 -0.0157126 -45268.1 103.048 
605682 0.0329919 -0.00978323 -46482.5 103.213 
606648 0.0273992 0.00102284 -46573.1 103.378 
607614 0.0762068 0.0236743 -45856.6 103.544 
608580 0.0710833 0.0151674 -46023.5 103.709 
609546 0.0393806 -0.0181167 -46313.2 103.874 
610512 0.0235367 -0.0088995 -46660.4 104.04 
611478 0.0570335 0.0490251 -46207.5 104.205 
612444 0.052302 0.0383553 -45108.7 104.37 
613410 0.0385735 -0.00710451 -44746.2 104.536 
614376 0.0364947 -0.0235318 -45194.3 104.7 
615342 0.0523936 0.051273 -44947.3 104.865 
616308 0.0212326 0.0154253 -45957.6 105.03 
617274 0.0818298 0.063223 -45021.5 105.195 
618240 0.102572 0.0809024 -44968.4 105.359 
619206 0.0340797 0.00980234 -43670.2 105.524 
620172 0.0143155 0.000437065 -44653.9 105.688 
621138 0.0533647 0.014552 -44618.7 105.853 
622104 0.0599271 -0.0588926 -45124.9 106.017 
623070 0.0527367 -0.0243754 -44823 106.182 
624036 0.09119 0.0854634 -43713.5 106.347 
625002 0.042962 0.0214193 -43337.7 106.511 
625968 0.0535251 -0.00227358 -43811.9 106.676 
626934 0.0124186 -0.00759824 -43724.2 106.84 
627900 0.0740924 0.00568123 -43501.1 107.005 
628866 0.0392293 0.0215517 -43106.7 107.17 
629832 0.0394462 0.0348975 -43240.9 107.335 
630798 0.0508759 -0.0135689 -44612.8 107.499 
631764 0.0356566 -0.0289513 -44352.5 107.664 
632730 0.0474994 0.0169727 -44087.6 107.829 
633696 0.0469968 0.0247216 -44854.9 107.994 
634662 0.0675734 -0.0328063 -45311.7 108.159 
635628 0.0593142 -0.0114067 -44494.1 108.323 
636594 0.0532756 0.0085441 -44208.6 108.488 
637560 0.073463 -0.0382013 -43542.3 108.652 
638526 0.0637356 0.00618211 -42594.8 108.817 
639492 0.0450285 0.0315376 -43733.6 108.981 
640458 0.0662533 -0.0623243 -44721.8 109.146 
641424 0.0339155 -7.56976e-05 -44014.1 109.31 
642390 0.0406495 -0.0219859 -43222.3 109.474 
643356 0.0233916 -0.0148239 -43698.4 109.639 
644322 0.0676145 -0.0053848 -43821.7 109.804 
645288 0.0368589 0.0152781 -44661.9 109.969 
646254 0.0570013 -0.0459802 -45034.6 110.133 
647220 0.0540341 -0.0447323 -45223.6 110.298 
648186 0.0494271 0.0292677 -44674 110.462 
649152 0.0364853 0.00844702 -45202.7 110.627 
650118 0.0686185 -0.0116094 -44833.7 110.792 
651084 0.0498295 -0.0287155 -44230.5 110.956 
652050 0.059599 0.0317317 -42937.4 111.121 
653016 0.0428493 -0.0010298 -44309.3 111.286 
653982 0.0779017 0.0704523 -45313.4 111.451 
654948 0.0554148 0.038571 -45054.5 111.615 
655914 0.0757258 0.0348373 -44909.6 111.78 
656880 0.0559369 0.0431135 -44241.1 111.945 
657846 0.0311729 0.0197271 -44021.4 112.11 
658812 0.0491842 -0.00744411 -44010.3 112.274 
659778 0.0552083 -0.00371312 -42963.7 112.438 
660744 0.0346653 -0.0284923 -43501.6 112.603 
661710 0.0296927 0.0112936 -44761.7 112.768 
662676 0.0546771 0.0542466 -46152.6 112.932 
663642 0.0973309 0.0889173 -45555.2 113.097 
664608 0.0909121 0.0545546 -44848 113.262 
665574 0.030908 0.0105227 -45040.4 113.428 
666540 0.0443393 0.0383221 -47276.1 113.593 
667506 0.0594728 0.036741 -46050.3 113.757 
668472 0.0432281 -0.00784854 -44563.3 113.922 
669438 0.0517768 0.0463115 -43703.6 114.087 
670404 0.04616 -0.00225847 -43741.1 114.252 
671370 0.0150456 -0.0108068 -43361.3 114.417 
672336 0.0236723 -0.0078144 -44441.6 114.581 
673302 0.0781424 -0.0584332 -44316.6 114.745 
674268 0.0529667 -0.0382247 -44506.4 114.91 
675234 0.0809598 -0.065215 -45021.4 115.075 
676200 0.0202313 -0.0152887 -45723.6 115.239 
677166 0.0460127 -0.0427111 -45793.3 115.404 
678132 0.0811476 -0.0625142 -45056.8 115.569 
679098 0.026882 -0.0183585 -45122.8 115.735 
680064 0.0728057 -0.0660672 -44476.5 115.9 
681030 0.0817442 -0.0738524 -44242.4 116.065 
681996 0.0393461 -0.0192201 -45188.1 116.231 
682962 0.0577056 0.0409232 -44571.9 116.396 
683928 0.0333143 -0.00592026 -44648.2 116.56 
684894 0.0598666 0.0505418 -44564.1 116.725 
685860 0.0720324 0.044098 -45065.9 116.89 
686826 0.0314126 0.0169465 -44995.2 117.055 
687792 0.00890183 8.7235e-05 -43067.9 117.22 
688758 0.0412224 -0.0118706 -43926.7 117.385 
689724 0.0554229 0.0303973 -45055.3 117.549 
690690 0.0794959 0.0310902 -45477.8 117.715 
691656 0.0462462 0.0299235 -45785.6 117.88 
692622 0.0779784 0.0312254 -45940.3 118.045 
693588 0.0661043 0.0463744 -44993.3 118.21 
694554 0.0727654 0.0512657 -44393.3 118.375 
695520 0.045581 -0.00902824 -43971.6 118.54 
696486 0.0709185 -0.0303783 -43609.5 118.704 
697452 0.108483 -0.00761364 -43054.6 118.869 
698418 0.0996073 -0.00319152 -43822.3 119.034 
699384 0.0734297 0.00717782 -42423.9 119.198 
700350 0.0569604 0.00595415 -43372.7 119.362 
701316 0.0554257 -0.00150165 -43397.6 119.527 
702282 0.0562377 -0.00315866 -42588.9 119.691 
703248 0.0452911 -0.0245778 -43351.3 119.855 
704214 0.0636321 0.0437886 -44572.2 120.019 
705180 0.0315906 0.00928683 -44882.4 120.184 
706146 0.00857398 0.0033534 -44636.9 120.349 
707112 0.0264423 0.0109804 -43498 120.514 
708078 0.0585349 0.040852 -43902.1 120.679 
709044 0.0260018 0.00446449 -43605.4 120.844 
710010 0.0557169 0.0406831 -44350.3 121.008 
710976 0.0358957 -0.0306233 -42854 121.173 
711942 0.0551038 -0.0138608 -44074.9 121.338 
712908 0.035756 0.0109199 -44606.2 121.503 
713874 0.0640493 0.00441533 -45578.1 121.667 
714840 0.0565765 0.0476059 -45971.8 121.832 
715806 0.0413758 -0.00502137 -43996.6 121.997 
716772 0.0371748 0.00520576 -43637.4 122.162 
717738 0.0473341 0.0106243 -43402.4 122.328 
718704 0.0463573 -0.00855481 -44677.5 122.492 
719670 0.0508935 0.0438292 -44399.5 122.657 
720636 0.0103837 0.00779519 -44642.4 122.822 
721602 0.0224191 0.00509511 -45496.1 122.986 
722568 0.0615884 -0.0465486 -45540.6 123.152 
723534 0.0667329 -0.0625086 -45137.8 123.316 
724500 0.0693662 -0.0359188 -44559.6 123.481 
725466 0.0320052 -0.00980539 -45452.1 123.645 
726432 0.018449 0.00428302 -43969.5 123.811 
727398 0.0610417 0.048419 -43652.8 123.975 
728364 0.0205782 -0.0169647 -44081.3 124.14 
729330 0.0819938 0.0479698 -44294.9 124.305 
730296 0.049114 0.0054318 -44627.6 124.47 
731262 0.0680442 0.0477877 -44110.1 124.634 
732228 0.0201465 0.00838778 -43758.7 124.799 
733194 0.0351142 -0.00684355 -44513.2 124.964 
734160 0.0474857 0.00574564 -44449.9 125.129 
735126 0.0415718 0.0134759 -45689.2 125.294 
736092 0.0241482 -0.00123315 -45260.9 125.458 
737058 0.0917243 -0.0368467 -45355.3 125.623 
738024 0.0432065 0.0104078 -45426 125.789 
738990 0.0652267 -0.0526399 -45694.2 125.955 
739956 0.0313298 -0.0111899 -44839.8 126.12 
740922 0.0504745 0.0366261 -45989.3 126.286 
741888 0.0885295 0.0824104 -46085.3 126.451 
742854 0.0155077 0.00136591 -45495.8 126.616 
743820 0.0916608 -0.0816354 -45164.8 126.781 
744786 0.0487279 -0.0112929 -44832.3 126.946 
745752 0.094598 0.0514222 -44959.2 127.11 
746718 0.112343 0.0621407 -44986.6 127.276 
747684 0.0819234 -0.0313434 -44322.1 127.44 
748650 0.0274343 -0.009434 -44780.1 127.605 
749616 0.0665144 0.0382429 -44873.1 127.77 
750582 0.0334852 0.0151004 -44766.7 127.934 
751548 0.0400257 0.00666242 -44327.7 128.099 
752514 0.0600851 0.0509387 -43652.5 128.264 
753480 0.0187555 0.0127575 -45330.5 128.429 
754446 0.0171149 0.00397046 -45133.3 128.594 
755412 0.0814363 0.0675621 -44040.1 128.759 
756378 0.0110621 0.0052967 -43951.8 128.924 
757344 0.0537339 0.0437368 -44236.7 129.089 
758310 0.0555825 0.0209849 -44725.1 129.254 
759276 0.0347804 0.0264836 -44764.4 129.418 
760242 0.0635026 0.0436997 -45052.9 129.583 
761208 0.0802267 0.0250487 -45461.5 129.748 
762174 0.0800589 0.0195218 -45111.5 129.913 
763140 0.0553323 0.0396005 -44217.1 130.078 
764106 0.0681787 0.0582102 -44735 130.242 
765072 0.100116 0.0724067 -45089.1 130.407 
766038 0.0697352 -0.014076 -43441.6 130.571 
767004 0.0295456 0.0275597 -45178.2 130.736 
767970 0.0386907 0.0199518 -43519 130.901 
768936 0.0678448 -0.0226278 -44110.1 131.066 
769902 0.0708 -0.0084206 -44817.6 131.231 
770868 0.0519766 0.000519168 -44558 131.396 
771834 0.0484256 -0.0482652 -45101.7 131.56 
772800 0.0595509 -0.0365738 -44094.5 131.725 
773766 0.0522988 -0.0208866 -44303.1 131.889 
774732 0.0196276 -0.00259714 -44092.8 132.053 
775698 0.0409736 0.0238364 -45514.1 132.219 
776664 0.0279162 0.00105737 -46633.3 132.384 
777630 0.0587512 -0.0338609 -45963.1 132.549 
778596 0.0726076 -0.0265309 -44721 132.714 
779562 0.059209 -0.0178712 -44433 132.878 
780528 0.0195653 -0.00538067 -45275.4 133.043 
781494 0.0619655 0.057029 -45002 133.208 
782460 0.0757393 -0.0372673 -44982 133.372 
783426 0.0258948 0.00622112 -46701.5 133.536 
784392 0.0940002 0.0508348 -46430.5 133.701 
785358 0.07415 -0.0193206 -45729.2 133.866 
786324 0.0517335 -0.0365917 -44831.7 134.031 
787290 0.050898 -0.00998894 -45042.2 134.196 
788256 0.0411722 -0.0297625 -43362.3 134.36 
789222 0.0268958 -0.0136016 -44246.1 134.526 
790188 0.0370935 0.019628 -44687.4 134.691 
791154 0.0467709 0.00714063 -45198 134.855 
792120 0.0446207 0.0184191 -44072.1 135.019 
793086 0.0284422 -0.0154822 -45023.3 135.184 
794052 0.0954712 0.0730446 -46269.9 135.348 
795018 0.0450743 -0.00470395 -45812.7 135.513 
795984 0.0567031 0.0197336 -44935.1 135.677 
796950 0.0559424 0.0279072 -45475.4 135.842 
797916 0.0561137 0.0396171 -44498.5 136.007 
798882 0.0344501 0.0246856 -45119.7 136.172 
799848 0.0247455 -0.011599 -45092 136.337 
800814 0.0254631 -0.0182557 -46464.6 136.501 
801780 0.0199442 -0.0116778 -45183 136.665 
802746 0.0309108 -0.0130227 -46035.4 136.83 
803712 0.080475 0.0249996 -46177.5 136.994 
804678 0.0925372 0.0804533 -46119.3 137.159 
805644 0.0364645 -0.0208414 -46364.3 137.324 
806610 0.029894 0.00189537 -46156.7 137.489 
807576 0.0546267 0.0487983 -46173.3 137.654 
808542 0.0319243 0.0255021 -45349.6 137.819 
809508 0.0675674 0.0624727 -44393.5 137.984 
810474 0.0499406 0.0485778 -44165 138.149 
811440 0.0566405 0.00591304 -44897.4 138.314 
812406 0.0269739 -0.0106233 -45216 138.479 
813372 0.0340787 0.0327035 -46100.9 138.644 
814338 0.101129 0.0344321 -45781.2 138.809 
815304 0.0685243 0.0136663 -46047.6 138.975 
816270 0.0595341 0.031792 -46541.5 139.139 
817236 0.0655986 0.0329034 -45919.1 139.304 
818202 0.0804773 0.00384694 -44530.3 139.468 
819168 0.0533444 0.0156026 -45003.5 139.634 
820134 0.0407624 0.0358691 -45667.2 139.798 
821100 0.0602729 -0.00482269 -46272.3 139.963 
822066 0.0493281 -0.035079 -43686.5 140.128 
823032 0.0470746 0.00458226 -44251.2 140.293 
823998 0.112304 -0.102283 -45027.3 140.457 
824964 0.111811 0.06161 -45073.6 140.622 
825930 0.0532067 -0.00200308 -44377.1 140.787 
826896 0.0439529 -0.0221003 -43431.3 140.951 
827862 0.0722863 -0.0470927 -43503.8 141.116 
828828 0.0455645 0.00516409 -43091.3 141.281 
829794 0.0550419 9.73342e-05 -43664.4 141.445 
830760 0.0639933 0.0101146 -44999 141.61 
831726 0.0414881 0.0232946 -47009.4 141.775 
832692 0.0554861 0.0244639 -45115.5 141.94 
833658 0.0422166 0.0314534 -45074 142.105 
834624 0.0435542 -0.00732225 -45206 142.27 
835590 0.0598707 -0.0196961 -43887.1 142.434 
836556 0.0551069 -0.0396564 -45310.3 142.599 
837522 0.0417725 -0.0212789 -45244.4 142.764 
838488 0.107489 -0.0819045 -44569.7 142.928 
839454 0.0579374 -0.0449478 -44010.5 143.093 
840420 0.0396388 -0.0185018 -44166.2 143.258 
841386 0.0445376 -0.00747095 -43669.9 143.423 
842352 0.0456793 -0.0370221 -43239 143.588 
843318 0.04337 -0.0127162 -43048.4 143.752 
844284 0.0331405 -0.0261716 -43258 143.918 
845250 0.0476613 -0.0251289 -43219.9 144.082 
846216 0.0402059 0.0186498 -43230.9 144.247 
847182 0.0355563 -0.0293363 -43225 144.412 
848148 0.0595847 -0.049864 -43389 144.577 
849114 0.0180253 0.0160815 -43345.8 144.742 
850080 0.0634222 0.0601684 -43476.9 144.907 
851046 0.0190667 0.00395116 -41688.9 145.071 
852012 0.018968 -0.0133435 -42515.9 145.236 
852978 0.0401751 -0.0331584 -43070.2 145.401 
853944 0.0376093 0.0211593 -43752.1 145.566 
854910 0.0884622 0.0115014 -45881.8 145.731 
855876 0.0665439 0.0160661 -45891.1 145.895 
856842 0.112067 0.0318441 -45969.5 146.06 
857808 0.0493258 -0.0157529 -43753.1 146.224 
858774 0.06543 -0.00158161 -44208.1 146.39 
859740 0.0905429 -0.0572325 -44250.4 146.554 
860706 0.060012 -0.0353804 -44282.1 146.719 
861672 0.0716645 0.0149589 -43849.1 146.884 
862638 0.0806644 -0.0039207 -44934 147.048 
863604 0.0345783 0.0332257 -44867.9 147.213 
864570 0.0708286 0.0374247 -45301.6 147.378 
865536 0.0445481 -0.000218324 -44707.4 147.543 
866502 0.0703107 -0.00456551 -45136.8 147.707 
867468 0.0841523 0.0425035 -45694 147.872 
868434 0.065498 0.00465241 -46045.5 148.036 
869400 0.0829803 -0.0285454 -47099.4 148.201 
870366 0.0825042 0.0300663 -45801.5 148.366 
871332 0.0650733 -0.0157922 -46245.6 148.53 
872298 0.094827 -0.0100203 -45577.9 148.695 
873264 0.0327842 -0.00634912 -46672.8 148.859 
874230 0.0263613 -0.00992428 -44057.2 149.023 
875196 0.0442999 -0.00380441 -44234.7 149.188 
876162 0.0116199 -0.008946 -43813.9 149.352 
877128 0.0932943 -0.0626231 -45455.6 149.517 
878094 0.0643034 -0.00973114 -44548.3 149.681 
879060 0.0760983 -0.0167386 -44763.1 149.846 
880026 0.0726516 0.0197759 -44213.7 150.011 
880992 0.0873829 0.0363652 -44474 150.176 
881958 0.0153541 -0.00474751 -44993.8 150.341 
882924 0.0739338 -0.0103194 -45408.6 150.506 
883890 0.037636 0.0307759 -45443 150.671 
884856 0.057647 0.0564539 -45160.4 150.835 
885822 0.0556905 -0.0337333 -45164.2 150.999 
886788 0.0350275 0.0212955 -46521.3 151.165 
887754 0.0747826 -0.0572033 -45768.2 151.329 
888720 0.0702361 -0.0335404 -44693.2 151.495 
889686 0.046287 -0.0462143 -45623.5 151.66 
890652 0.0485557 -0.0412206 -45426.5 151.825 
891618 0.0643378 0.0278136 -46119.9 151.99 
892584 0.0178905 0.0170177 -45477.9 152.155 
893550 0.0447297 -0.00530827 -45779.4 152.319 
894516 0.0683416 0.0443344 -45822.1 152.484 
895482 0.0918797 -0.00115328 -46504.1 152.649 
896448 0.0786756 0.0126709 -45769.7 152.814 
897414 0.0561707 0.0417967 -45029.2 152.978 
898380 0.0586973 0.0151313 -45735.1 153.143 
899346 0.0619731 0.0511159 -45335.5 153.307 
900312 0.0730102 0.0364754 -46200.7 153.472 
901278 0.0214133 -0.00463261 -44422.4 153.637 
902244 0.0386703 0.0107074 -44466.5 153.801 
903210 0.0636965 0.0185717 -45096.5 153.966 
904176 0.0628551 0.0104907 -44482.3 154.132 
905142 0.0324267 0.00310016 -44392.6 154.297 
906108 0.0136346 0.00366873 -44481 154.462 
907074 0.0651843 -0.0365101 -45407.1 154.627 
908040 0.0488908 0.0458615 -44909 154.792 
909006 0.0762816 0.05514 -45285.6 154.957 
909972 0.05769 0.0463164 -44440.8 155.121 
910938 0.051899 0.00738338 -43594.6 155.286 
911904 0.017494 -0.00585164 -44516.5 155.45 
912870 0.0721064 0.0264915 -45504.2 155.615 
913836 0.0459365 -0.0200116 -44742.2 155.78 
914802 0.0374833 -0.0117938 -45785 155.945 
915768 0.0581712 -0.0222057 -45619.5 156.109 
916734 0.0390374 -0.0145325 -46329.1 156.274 
917700 0.0492467 -0.00902442 -46563.7 156.439 
918666 0.0197201 0.0143457 -45448.7 156.603 
919632 0.0612662 -0.0175021 -46228.9 156.768 
920598 0.0704005 -0.0210615 -46711.8 156.932 
921564 0.0927491 -0.0788562 -45986.7 157.097 
922530 0.0439758 0.0148766 -45903.1 157.262 
923496 0.0439766 0.0195588 -44775.9 157.427 
924462 0.107948 0.0249909 -44645.6 157.591 
925428 0.0965431 -0.0669356 -45998.1 157.756 
926394 0.110949 0.0171103 -46451.1 157.921 
927360 0.0823252 0.0047392 -46976.2 158.086 
928326 0.0305089 -0.0133375 -47315.1 158.251 
929292 0.0546274 0.0140621 -47618.8 158.415 
930258 0.0403541 -0.014498 -47649.9 158.581 
931224 0.0568503 -0.0192216 -47502.9 158.746 
932190 0.0358517 -0.000474817 -46520.2 158.911 
933156 0.0409567 0.00805803 -46662.7 159.076 
934122 0.113888 0.0339754 -45625 159.241 
935088 0.0723157 0.00736071 -45539.6 159.406 
936054 0.0391904 0.0158365 -45864.2 159.57 
937020 0.0188798 0.0159057 -45264.2 159.734 
937986 0.044824 0.0116377 -45044.4 159.899 
938952 0.024578 -0.000310807 -44203.6 160.064 
939918 0.0757509 0.0162237 -44196.5 160.228 
940884 0.0635652 0.03563 -45443.3 160.393 
941850 0.0346024 -0.0124542 -44910.5 160.557 
942816 0.067501 0.0411993 -44611.1 160.722 
943782 0.028823 0.0094382 -45248 160.885 
944748 0.0369021 0.0243776 -45806.5 161.05 
945714 0.0616017 0.0521429 -45343.8 161.214 
946680 0.0541293 -0.00243314 -45941.9 161.379 
947646 0.0571138 -0.032443 -46009.8 161.544 
948612 0.0740774 0.01493 -46588.5 161.708 
949578 0.0342178 -0.00269203 -45344 161.872 
950544 0.0228363 0.0109936 -44932.4 162.037 
951510 0.0195029 0.00486444 -44301.2 162.202 
952476 0.0666099 -0.0282853 -44689.7 162.367 
953442 0.0514685 0.0387305 -46584 162.531 
954408 0.0405011 0.00205096 -45472.6 162.696 
955374 0.0589334 -0.0214377 -45881 162.86 
956340 0.0789773 0.0774837 -44543 163.024 
957306 0.0441411 0.0358537 -44559.3 163.189 
958272 0.0312038 -0.0138951 -43866.9 163.353 
959238 0.0386553 0.032804 -45806.9 163.517 
960204 0.0769036 0.0349574 -44850.3 163.682 
961170 0.0471411 0.0378654 -44254.9 163.848 
962136 0.0742304 0.0426752 -43832.9 164.012 
963102 0.0542156 0.0295073 -43766.9 164.177 
964068 0.0199623 -0.0188171 -44131.3 164.341 
965034 0.0251437 0.0116797 -43755.7 164.505 
966000 0.0299175 0.0225193 -43706.5 164.67 
