0 0.0196474 0.00446483 -32379.3 0 
966 0.0319686 0.0227297 -34504.2 0.162582 
1932 0.0575262 0.057525 -39624.9 0.327752 
2898 0.0635803 0.0558135 -40548.7 0.493618 
3864 0.0843067 0.0794652 -42786.9 0.658032 
4830 0.0812862 -0.0531891 -42524.3 0.822544 
5796 0.0180812 0.0108678 -43607.3 0.986081 
6762 0.0479959 0.0223825 -43514 1.15002 
7728 0.028371 -0.00354 -43684 1.31474 
8694 0.0404393 0.00179272 -44549.1 1.47881 
9660 0.0517768 -0.00860113 -46099.9 1.64296 
10626 0.0571593 -0.030869 -44958.6 1.80784 
11592 0.0657382 -0.0591068 -46106.7 1.974 
12558 0.0737935 -0.0366521 -45242.1 2.14 
13524 0.0592289 -0.0116191 -45726.5 2.30536 
14490 0.0805808 -0.0312396 -45052.9 2.47121 
15456 0.0630635 -0.0629428 -45413.9 2.63558 
16422 0.0344602 0.0240972 -45161.8 2.80012 
17388 0.0342075 -0.0106981 -46003.9 2.96451 
18354 0.0456181 0.0332571 -45492.9 3.12931 
19320 0.0210847 0.0208912 -44532.8 3.29429 
20286 0.0534959 -0.0286378 -45121.5 3.45911 
21252 0.0274303 0.00115034 -44018.7 3.62418 
22218 0.0315587 -0.00973434 -44618 3.78809 
23184 0.0519724 -0.0378358 -44065.9 3.95321 
24150 0.0317616 0.0130376 -43844.7 4.11931 
25116 0.0596178 0.0146059 -44059.6 4.28485 
26082 0.034013 -0.0230546 -43393.1 4.44996 
27048 0.0714991 0.0365137 -43408.6 4.61573 
28014 0.052401 -0.0161834 -45431 4.78146 
28980 0.0735801 0.013695 -44544.2 4.94714 
29946 0.0372814 0.0285684 -42792.2 5.11456 
30912 0.0562003 -0.0484651 -43035.1 5.28082 
31878 0.0195281 -0.0150788 -43373.8 5.44782 
32844 0.0227277 -0.0181215 -43550.4 5.61277 
33810 0.0655078 0.0525285 -42990.9 5.77707 
34776 0.0822147 0.0367255 -44146.2 5.94164 
35742 0.0416297 0.00841619 -44602.4 6.10619 
36708 0.0303497 0.0193329 -44836.9 6.27007 
37674 0.0536138 -0.0129984 -45400.1 6.43439 
38640 0.0530498 -0.0128059 -44621.2 6.59844 
39606 0.0605409 -0.0221038 -44831.8 6.76154 
40572 0.0345198 -0.00169364 -45041.4 6.92527 
41538 0.0165441 0.0114236 -44269.6 7.08924 
42504 0.0788897 0.0174154 -45906.1 7.25347 
43470 0.0745192 0.0462085 -45852 7.41723 
44436 0.0604576 0.0236376 -46674.9 7.58127 
45402 0.0281115 -0.013249 -45609 7.74528 
46368 0.0559406 0.039195 -45797.3 7.90994 
47334 0.0368285 0.0196243 -46702.9 8.07447 
48300 0.0481597 -0.0303815 -45596.6 8.23952 
49266 0.0112567 -0.00601721 -45039.7 8.40319 
50232 0.0437155 -0.0375057 -44985.8 8.56784 
51198 0.0278324 0.00294501 -44447.6 8.73298 
52164 0.0568263 0.0553568 -44877.3 8.89761 
53130 0.0389766 0.0339203 -44499.3 9.06271 
54096 0.0110115 0.00874436 -43902.5 9.22832 
55062 0.0200905 0.00592631 -44780.3 9.3943 
56028 0.020464 0.00287057 -44749.1 9.55946 
56994 0.0343929 -0.0256005 -44956.6 9.72481 
57960 0.0950086 -0.0649873 -46391.6 9.88943 
58926 0.0647362 -0.0388663 -46749.3 10.0543 
59892 0.0404677 0.0188748 -47147.4 10.22 
60858 0.050906 -0.0254226 -45026.6 10.3856 
61824 0.033463 0.0313952 -44184 10.5499 
62790 0.0419738 0.0183632 -44816.4 10.7138 
63756 0.0450978 0.0272118 -44599.2 10.8778 
64722 0.0502078 0.0472743 -45056.9 11.0421 
65688 0.0231585 -0.00296938 -45288.2 11.2057 
66654 0.0294625 0.00694377 -44066 11.3699 
67620 0.023605 0.00529193 -44764.9 11.5336 
68586 0.0625392 0.0249719 -45202.5 11.6973 
69552 0.0395248 -0.00528544 -44850.1 11.8613 
70518 0.0906044 0.00226354 -44871.3 12.0254 
71484 0.0883731 -0.0210136 -45466.5 12.1893 
72450 0.0474921 -0.0186566 -44997.3 12.3536 
73416 0.0648133 0.0258785 -44533.4 12.5182 
74382 0.0950306 -0.0374224 -45840.8 12.6823 
75348 0.0397366 -0.0325212 -44208.1 12.8476 
76314 0.0435902 0.030158 -45252.5 13.0123 
77280 0.0543264 -0.0169654 -44881.7 13.1767 
78246 0.0755286 -0.00545504 -45364.2 13.3417 
79212 0.0372669 -0.0275689 -46301.5 13.5061 
80178 0.0313096 -0.0274154 -45707 13.6706 
81144 0.054082 -0.0486216 -45817.4 13.8359 
82110 0.0146551 -0.00745785 -44877.9 14.0005 
83076 0.0232391 -0.00275432 -44677.7 14.1652 
84042 0.0411783 -0.0094984 -45239.9 14.3311 
85008 0.0843249 0.0248088 -46349.2 14.4962 
85974 0.0672906 0.0574892 -46449.2 14.6608 
86940 0.0790697 0.0747717 -45547.8 14.8252 
87906 0.0316411 -0.0106955 -45731.9 14.9907 
88872 0.0702654 -0.052991 -46563 15.1559 
89838 0.0894144 0.00386841 -46013.3 15.32 
90804 0.0759982 0.0364178 -44989.9 15.4851 
91770 0.048796 0.0339188 -43791 15.6509 
92736 0.0531119 7.95213e-05 -43847.8 15.8177 
93702 0.0861741 -0.0243893 -44763 15.9835 
94668 0.0617068 0.0405206 -45905.4 16.1503 
95634 0.0288615 -0.00970438 -45337.3 16.3172 
96600 0.033995 -0.0248906 -46116.2 16.4831 
97566 0.0494979 -0.0294129 -45890.3 16.6493 
98532 0.0601724 -0.0155035 -46230.5 16.8162 
99498 0.0975598 0.012607 -45007.6 16.9834 
100464 0.0167025 0.000330678 -45332.7 17.151 
101430 0.0378549 -0.0127931 -43407.6 17.3172 
102396 0.037872 0.0362209 -44217 17.4831 
103362 0.0264938 0.00430275 -44811.4 17.6498 
104328 0.0446716 -0.0161292 -45693 17.8161 
105294 0.0849689 0.0642835 -46567.9 17.9823 
106260 0.0455522 0.0058218 -45934.4 18.1492 
107226 0.0519534 0.00995059 -44608.9 18.3149 
108192 0.0572975 0.0165455 -45515.9 18.4808 
109158 0.0307722 -0.00441325 -45354.1 18.6476 
110124 0.0313033 0.00141288 -44776.3 18.8142 
111090 0.0421052 -0.00196361 -44634.4 18.9816 
112056 0.0355236 -0.0127677 -44713.3 19.1484 
113022 0.0384141 0.00502689 -43642.2 19.3156 
113988 0.045912 0.00673851 -45711.1 19.481 
114954 0.0319907 0.0251042 -45034.2 19.6473 
115920 0.0438053 0.0246347 -44674.5 19.8144 
116886 0.0352993 -0.0252465 -44235.3 19.9805 
117852 0.0491556 -0.00232468 -44059.3 20.1476 
118818 0.0500807 0.016189 -43565.1 20.3148 
119784 0.0672063 0.00468361 -44431.1 20.4804 
120750 0.037035 0.0010602 -44819.1 20.6472 
121716 0.0560166 -0.0456131 -45319.8 20.8137 
122682 0.072806 0.000447546 -46269.8 20.9804 
123648 0.0493133 0.0157132 -46008.7 21.1469 
124614 0.0488609 0.042876 -45253.8 21.3131 
125580 0.0590158 0.0267354 -45370.5 21.4796 
126546 0.0610703 0.0565455 -46438.9 21.6463 
127512 0.0446893 -0.0395597 -46036.8 21.814 
128478 0.0612706 -0.0358276 -44627.7 21.9793 
129444 0.0669318 0.0446599 -45800.9 22.1468 
130410 0.0443991 -0.0199091 -43823.1 22.314 
131376 0.041173 0.0158882 -44257.9 22.4807 
132342 0.0136446 -0.00224864 -44931.1 22.647 
133308 0.0329288 -0.0193674 -44712.6 22.814 
134274 0.0241032 -0.00594584 -44782.6 22.9812 
135240 0.0621163 -0.0599397 -44824.5 23.1466 
136206 0.0812166 -0.0417867 -46294.5 23.3098 
137172 0.110328 -0.0620792 -45968.4 23.4608 
138138 0.0735283 -0.00813981 -45019.5 23.6118 
139104 0.0358499 0.0148088 -45827.5 23.763 
140070 0.0525882 -0.0504773 -44154.3 23.9141 
141036 0.0273737 0.00500808 -44383.9 24.0653 
142002 0.0140349 0.00842341 -44215 24.2263 
142968 0.0203022 -0.0113684 -44458.2 24.39 
143934 0.0555002 -0.0445699 -45000.8 24.5434 
144900 0.0255719 0.00028726 -45409.4 24.6943 
145866 0.030222 -0.00470142 -45140.3 24.8458 
146832 0.0225258 0.00481879 -44676.6 24.9967 
147798 0.087277 0.0357332 -44137.6 25.1477 
148764 0.0435316 0.0163103 -44591.4 25.2988 
149730 0.0782791 -0.0388627 -45142.5 25.4501 
150696 0.0425685 -0.0182162 -45257.4 25.6016 
151662 0.0499921 -0.0454719 -45208.2 25.7597 
152628 0.0260557 -0.0246971 -45748.4 25.9118 
153594 0.0365987 -0.0112608 -45950.2 26.0632 
154560 0.0313232 0.00486934 -46325 26.2143 
155526 0.0426855 -0.0330331 -46582.4 26.3653 
156492 0.0818399 -0.0376943 -45554.7 26.5173 
157458 0.0537882 -0.00939342 -46481.9 26.6685 
158424 0.0739622 -0.00435861 -46147.5 26.8199 
159390 0.0847619 -0.0155759 -46319.1 26.9716 
160356 0.0717696 0.0340223 -45632 27.1229 
161322 0.0424737 -0.0138628 -45429.8 27.2741 
162288 0.0642771 -0.0205928 -45108.6 27.4256 
163254 0.0290911 0.0128809 -43684.5 27.5774 
164220 0.0542336 -0.0510983 -43317 27.7293 
165186 0.024046 -0.00984715 -44249.2 27.8806 
166152 0.0425251 -0.0230855 -45570 28.0319 
167118 0.0763853 -0.00410378 -45610.6 28.1832 
168084 0.0608801 -0.0274368 -45071.9 28.3346 
169050 0.0419034 -0.0378357 -44050.5 28.4857 
170016 0.0221566 -0.00979682 -44553.7 28.637 
170982 0.0177619 0.00106937 -44594.3 28.7882 
171948 0.0404997 -0.0404701 -44608.2 28.939 
172914 0.037162 -0.014549 -45037.7 29.0905 
173880 0.057237 -0.0424471 -45806.6 29.2447 
174846 0.057927 0.0112095 -44833.8 29.3966 
175812 0.0666118 -0.0633751 -47198.7 29.5482 
176778 0.029085 -0.00643219 -45504.2 29.6995 
177744 0.020025 -0.012497 -44808.4 29.8506 
178710 0.0584262 -0.0324823 -47925.4 30.006 
179676 0.0102768 -0.0026342 -46287 30.157 
180642 0.03415 0.0246394 -44829.4 30.3084 
181608 0.0266251 0.012801 -44719.3 30.4714 
182574 0.0524607 0.0431568 -45370.3 30.6353 
183540 0.0729265 -0.0490688 -44500.4 30.7998 
184506 0.0666884 0.027468 -43658.5 30.9637 
185472 0.0263506 -0.00409731 -43926.4 31.1274 
186438 0.068967 -0.0178045 -44159.3 31.2915 
187404 0.0636966 -0.0170686 -44248.5 31.4549 
188370 0.0815655 0.0333358 -44993.9 31.6189 
189336 0.0454439 -0.00363011 -45081.8 31.7833 
190302 0.0451952 0.00409221 -45021.3 31.9473 
191268 0.0378347 -0.0368142 -44787.4 32.112 
192234 0.0320713 0.0113539 -44310.7 32.2763 
193200 0.0497965 0.0423801 -44458.3 32.4408 
194166 0.0298869 -0.0158909 -43792.9 32.6057 
195132 0.0571852 -0.0457584 -44148.7 32.7698 
196098 0.0363806 0.0306075 -43411.5 32.9349 
197064 0.0257429 -0.00820737 -43766.2 33.0983 
198030 0.0516882 -0.0252809 -44466.1 33.262 
198996 0.0535978 0.0495648 -45218.5 33.4263 
199962 0.0661964 0.0336153 -44234.5 33.5905 
200928 0.0631697 -0.000478081 -44590.1 33.7545 
201894 0.0644301 0.0149421 -43664.5 33.9186 
202860 0.108971 -0.0230022 -43702.3 34.0827 
203826 0.0440709 0.0089183 -44815.9 34.2469 
204792 0.0457976 0.0103809 -42718.5 34.411 
205758 0.0596906 0.0594466 -43903.4 34.5748 
206724 0.0310239 0.0132951 -44763.9 34.7388 
207690 0.0694489 -0.00214239 -43743.7 34.9027 
208656 0.0484224 0.012499 -43650.3 35.0666 
209622 0.0229543 0.00462153 -44356.6 35.2302 
210588 0.082503 0.0696366 -45027 35.3946 
211554 0.0539587 -0.0220907 -46106.7 35.5585 
212520 0.0638896 -0.0207089 -45576.9 35.7226 
213486 0.0901983 -0.0618582 -45056.4 35.8862 
214452 0.104329 -0.0664865 -44958.4 36.0506 
215418 0.0658395 0.00060126 -44626.3 36.2149 
216384 0.041234 0.0383667 -44958.6 36.3781 
217350 0.015815 -0.00101182 -44325.4 36.5421 
218316 0.0282865 0.0083406 -44089.2 36.7059 
219282 0.0375449 0.00112762 -44489.6 36.8701 
220248 0.0533425 0.0238698 -43746.3 37.0339 
221214 0.0393354 0.00913128 -43647.9 37.1983 
222180 0.0300291 0.00430297 -43975.2 37.3622 
223146 0.0715956 0.0322548 -44374.5 37.5261 
224112 0.0527537 -0.00531466 -44607.2 37.6904 
225078 0.0720603 0.0411576 -43738.8 37.8542 
226044 0.0376931 0.0251455 -44007.7 38.0178 
227010 0.0426191 -0.0192971 -43856.4 38.1818 
227976 0.0855391 -0.0701337 -45276.9 38.3456 
228942 0.033907 -0.024975 -43667.3 38.5098 
229908 0.0441543 -0.0201205 -45082.7 38.6741 
230874 0.051431 -0.0397169 -45140.8 38.8374 
231840 0.0663361 0.0563724 -44913.6 39.0016 
232806 0.0436287 0.0309534 -44310.8 39.1658 
233772 0.0286203 0.0215539 -43578.9 39.3299 
234738 0.0486372 0.0327551 -44772.6 39.4942 
235704 0.0293681 0.00683776 -44816.3 39.6581 
236670 0.0534548 -0.0196021 -44994.9 39.8221 
237636 0.0686533 -0.00791947 -45444.2 39.9862 
238602 0.062431 0.054493 -46074.7 40.15 
239568 0.034106 -0.00136875 -46265.4 40.3139 
240534 0.0428644 0.00639361 -46393.7 40.4786 
241500 0.0200504 0.0121928 -45209.4 40.6432 
242466 0.0530722 0.0174603 -46130.1 40.8072 
243432 0.0845438 0.0604581 -45849.6 40.9714 
244398 0.0231336 -0.0143762 -46149.2 41.1362 
245364 0.028332 0.0238276 -45858.1 41.301 
246330 0.0383225 -0.0310131 -45540.3 41.465 
247296 0.0242011 -0.0186396 -44610.9 41.629 
248262 0.0746358 0.00172355 -44848.1 41.7938 
249228 0.0568857 -0.0201299 -44775.7 41.9584 
250194 0.0352 -0.0312703 -42887.1 42.1222 
251160 0.0790801 0.00451224 -44487.5 42.286 
252126 0.0268463 0.0135261 -44014.5 42.4502 
253092 0.061142 -0.0385045 -44078.8 42.6143 
254058 0.0824822 -0.0152623 -44645.2 42.7783 
255024 0.047772 -0.0270193 -44802 42.942 
255990 0.0889918 -0.084075 -45876 43.1062 
256956 0.0385476 0.0106454 -45377.7 43.2707 
257922 0.0459395 -0.0201573 -45229.5 43.4349 
258888 0.0802226 -0.021276 -45320.9 43.5997 
259854 0.050273 -0.0209099 -44571.2 43.7641 
260820 0.041547 0.0221272 -44262.5 43.9282 
261786 0.0772205 0.0277162 -45370.7 44.0925 
262752 0.0734315 0.0145595 -45631.1 44.2567 
263718 0.0751488 -0.000373162 -45711.9 44.4207 
264684 0.0583981 -0.0321321 -45172.6 44.5852 
265650 0.0672274 -0.0476072 -45593.6 44.7498 
266616 0.0537101 -0.00714202 -45873.7 44.9137 
267582 0.0418489 -0.00528305 -45984.4 45.0777 
268548 0.0585086 -0.0212837 -46846.2 45.242 
269514 0.0517973 0.0489269 -44402 45.4062 
270480 0.0491298 -0.011645 -45856.7 45.5707 
271446 0.0405517 0.0350395 -45235.8 45.7349 
272412 0.0461571 -0.028126 -45541.7 45.8985 
273378 0.055181 -0.0159974 -44984.4 46.0633 
274344 0.0362745 0.0295705 -44913.3 46.2279 
275310 0.0754859 0.0661089 -45135.6 46.3932 
276276 0.0761133 0.0725551 -44167.9 46.5575 
277242 0.0538502 -0.0502465 -44697.5 46.7216 
278208 0.0404257 -0.0332756 -44294.1 46.8857 
279174 0.0424626 -0.0278232 -44752.6 47.0504 
280140 0.0453109 -0.0372922 -44751 47.2146 
281106 0.0551123 0.0388598 -44509.8 47.3792 
282072 0.0682705 -0.0600581 -44369.4 47.543 
283038 0.0743325 -0.0696781 -45169.6 47.7074 
284004 0.0438884 -0.00255502 -43744.8 47.8716 
284970 0.0254686 0.00410182 -44178.1 48.0355 
285936 0.0261106 0.000733233 -44706 48.1994 
286902 0.0263394 0.004338 -45822.4 48.3639 
287868 0.0549644 0.0433958 -43771.9 48.529 
288834 0.0662803 0.00234661 -43606.7 48.6941 
289800 0.0491293 0.00758393 -43578 48.8583 
290766 0.0469424 0.0169831 -43474.6 49.0227 
291732 0.0623069 0.0186073 -42768.8 49.1877 
292698 0.0640866 -0.028009 -41238.2 49.3523 
293664 0.0695997 -0.00371103 -43918.3 49.5164 
294630 0.0142342 -0.00216672 -43563.9 49.6807 
295596 0.0409713 -0.0316009 -43992.9 49.8452 
296562 0.0235816 -0.0132781 -42733.8 50.0095 
297528 0.0695221 -0.0238227 -43477.1 50.174 
298494 0.0823124 0.00416936 -43306.4 50.3386 
299460 0.0315479 -0.0102366 -43797.8 50.5031 
300426 0.0766926 0.0500897 -43168.1 50.6675 
301392 0.0574928 0.0364409 -42468.3 50.8313 
302358 0.0489206 -0.00572934 -43888.9 50.9957 
303324 0.0549767 0.0305548 -43667.7 51.1598 
304290 0.041267 0.0202223 -43235.3 51.3243 
305256 0.0194052 0.0111321 -43216.2 51.4889 
306222 0.0453633 0.0307326 -42964.2 51.6537 
307188 0.0670829 0.0418021 -43361.7 51.8182 
308154 0.0805401 0.0713438 -43789 51.9833 
309120 0.0544594 0.0189914 -44271.9 52.1481 
310086 0.0518589 -0.0311991 -45226.4 52.3128 
311052 0.041195 0.0287029 -46397.5 52.4775 
312018 0.0626808 0.0414946 -45950.1 52.6414 
312984 0.0209429 0.00503031 -45811.8 52.8062 
313950 0.0508807 -0.0280352 -45907.9 52.9704 
314916 0.050236 -0.0424331 -45913.9 53.135 
315882 0.0224734 -0.0212114 -45675.1 53.2998 
316848 0.0580104 -0.0546288 -44823.1 53.4641 
317814 0.0662528 -0.0378092 -45110.5 53.6286 
318780 0.0383778 0.0247707 -45162.3 53.7929 
319746 0.0295984 -0.00448686 -45258.5 53.9577 
320712 0.056834 -0.0522138 -45164 54.1221 
321678 0.0847224 -0.038262 -44028.2 54.2867 
322644 0.0307416 0.0118771 -45004.9 54.4513 
323610 0.0333064 0.0315486 -44572.3 54.6158 
324576 0.0285113 -0.0183899 -44493 54.7802 
325542 0.0610994 -0.0293859 -44890.6 54.9452 
326508 0.0411707 0.0302768 -45204.4 55.1095 
327474 0.0262407 0.00627339 -45732 55.2747 
328440 0.0489806 0.0303993 -46050 55.4394 
329406 0.0324307 0.0017767 -46955.9 55.604 
330372 0.0615164 0.0594733 -47483.2 55.7685 
331338 0.0157195 0.00243143 -47296.5 55.9325 
332304 0.0602329 -0.0562906 -47194.2 56.0967 
333270 0.0658379 -0.0111622 -46248.5 56.2607 
334236 0.0291029 -0.0288236 -45841.9 56.4253 
335202 0.0485853 0.0222617 -46261.9 56.5898 
336168 0.065831 -0.0355992 -45584.7 56.7538 
337134 0.0420199 -0.026096 -45792.3 56.9178 
338100 0.0557244 0.0270109 -45340.7 57.0824 
339066 0.042736 -0.021928 -45088.9 57.2473 
340032 0.0366344 0.0204572 -45592.9 57.412 
340998 0.0122255 0.00587207 -45857.5 57.578 
341964 0.0331788 0.0300921 -45830.8 57.7423 
342930 0.0543459 0.0107556 -45320 57.9065 
343896 0.0682728 0.0488642 -44507.3 58.0707 
344862 0.0563678 -0.0243243 -45140.6 58.2348 
345828 0.0301695 0.000343201 -45643.6 58.3989 
346794 0.0443835 0.00571645 -45245.5 58.5635 
347760 0.0167118 -0.0116236 -45212 58.7279 
348726 0.0103173 -0.00583923 -44974.8 58.8925 
349692 0.0517782 0.0458499 -44540.9 59.057 
350658 0.0352538 0.025809 -44910.7 59.2217 
351624 0.0328053 0.0290094 -45600 59.3863 
352590 0.0317821 0.00765906 -44868.9 59.551 
353556 0.0658468 0.00766601 -45109.4 59.7155 
354522 0.064036 0.0585184 -45285.5 59.88 
355488 0.0347386 0.00915091 -46014.1 60.0443 
356454 0.0694738 0.0559768 -45218.2 60.2091 
357420 0.044378 -0.00393834 -44763 60.3733 
358386 0.0323973 0.0261921 -45650.2 60.5379 
359352 0.0184289 -0.00633296 -45605.9 60.7024 
360318 0.0372787 0.02788 -45169.7 60.8673 
361284 0.066852 0.0566605 -45554.3 61.032 
362250 0.0503341 -0.0056631 -46153 61.1966 
363216 0.0496415 -0.0104971 -45492.9 61.361 
364182 0.0765609 -0.0224526 -46706.3 61.5257 
365148 0.0520773 0.0290361 -45405 61.6908 
366114 0.0685086 -0.0307223 -44615.5 61.8553 
367080 0.0235004 -0.00454059 -44582.5 62.0204 
368046 0.0331928 0.0308586 -43938.4 62.1849 
369012 0.0704546 0.0508171 -44874.4 62.3493 
369978 0.0575637 -0.0203667 -44699.1 62.5134 
370944 0.112861 -0.0829919 -44777.8 62.6777 
371910 0.137196 -0.0386029 -45447.5 62.8426 
372876 0.0896901 -0.00657593 -44346.4 63.007 
373842 0.0710082 -0.00584565 -44582 63.1712 
374808 0.0310622 -0.0136218 -43919.2 63.3357 
375774 0.0756948 0.0437825 -44369.6 63.5006 
376740 0.033503 -0.0110326 -44046.2 63.6649 
377706 0.0685321 -0.0446214 -43916.2 63.8292 
378672 0.0890327 0.0105126 -45169.6 63.9944 
379638 0.06126 0.0141792 -43818.7 64.1597 
380604 0.0143612 0.0123477 -44759.1 64.3247 
381570 0.0477223 -0.0207389 -44546.6 64.4899 
382536 0.0610289 -0.0603393 -45006.9 64.6549 
383502 0.0352907 -0.015831 -44372.8 64.8198 
384468 0.0465977 -0.0227206 -43876 64.9846 
385434 0.0455121 -0.0146397 -44778.8 65.1488 
386400 0.0248976 0.0145068 -45123.4 65.3135 
387366 0.0394983 0.0337204 -45919.3 65.4783 
388332 0.0661367 0.0650306 -43806 65.6427 
389298 0.0393253 0.0276664 -42976.3 65.8073 
390264 0.0422459 -0.017868 -43033.6 65.9715 
391230 0.0461058 -0.00666187 -43181.6 66.1357 
392196 0.0265849 -0.0232426 -43435.3 66.3005 
393162 0.0251709 -0.0150806 -44356.2 66.4658 
394128 0.0602088 -0.0497028 -44360.4 66.6304 
395094 0.0508453 -0.043313 -44765.2 66.7948 
396060 0.0186748 0.0165786 -43988.4 66.9592 
397026 0.0117696 0.00849781 -44707.1 67.1235 
397992 0.0238321 0.0235138 -45170.4 67.2878 
398958 0.0355647 0.0271429 -44479 67.4528 
399924 0.046464 -0.0289622 -44859.6 67.6171 
400890 0.0275631 0.00446487 -44609.7 67.7814 
401856 0.0340972 0.000353925 -45677.8 67.946 
402822 0.0259545 0.00452841 -44638.3 68.113 
403788 0.0290401 -0.0111606 -45861.5 68.2783 
404754 0.00720417 0.00132857 -43920.4 68.443 
405720 0.033807 0.0316002 -43755.3 68.6075 
406686 0.120421 0.106957 -44834.6 68.7722 
407652 0.100436 0.00609982 -43284.7 68.9374 
408618 0.0747057 -0.0146482 -42662.7 69.1021 
409584 0.0185891 0.0128379 -44012.6 69.2667 
410550 0.0359587 0.0317244 -44593.2 69.4309 
411516 0.0198407 0.00169979 -44046.7 69.5959 
412482 0.0474928 -0.0114067 -44261.7 69.7605 
413448 0.0456413 0.0075289 -44840.1 69.9254 
414414 0.0469897 0.0458775 -44000.1 70.0907 
415380 0.0348851 -0.0215784 -44238.2 70.2557 
416346 0.0598958 0.0447937 -44761.7 70.4206 
417312 0.0229104 -0.00909002 -44403 70.5853 
418278 0.0371372 -0.00567182 -44095.9 70.7497 
419244 0.0315812 0.0260527 -44977.6 70.9151 
420210 0.0996009 -0.0381279 -45539.9 71.0797 
421176 0.0456637 -0.0121354 -44820.7 71.2439 
422142 0.0268683 0.0120898 -45698.4 71.4093 
423108 0.0712811 -0.0112443 -45037.4 71.5739 
424074 0.0597479 0.00941979 -45239.6 71.7386 
425040 0.0818283 -0.0660413 -45250.3 71.9033 
426006 0.0749958 -0.0425629 -45048.5 72.0687 
426972 0.0485648 -0.000418707 -43929.4 72.2336 
427938 0.0763263 0.0566308 -44404 72.3983 
428904 0.0698435 -0.0305742 -45773 72.5635 
429870 0.0473053 -0.0158099 -44503.8 72.7284 
430836 0.0333882 -0.00803055 -43866 72.8923 
431802 0.0956242 -0.0676861 -44638.3 73.057 
432768 0.0715497 -0.031968 -46215.5 73.2218 
433734 0.0537707 0.0120876 -46498.6 73.386 
434700 0.0622344 0.00736865 -46360 73.5501 
435666 0.0927518 -0.0329412 -45742.6 73.715 
436632 0.0762961 -0.0644281 -45097.9 73.8797 
437598 0.0544837 -0.0536418 -43616 74.0445 
438564 0.0416054 -0.0208599 -43988.1 74.2095 
439530 0.0492607 -0.0401732 -44091.6 74.3739 
440496 0.0442426 -0.0429418 -44480.8 74.5385 
441462 0.0295135 -0.029071 -46465.5 74.7028 
442428 0.067399 0.0334769 -45307.9 74.8672 
443394 0.0890424 0.0567474 -45067.9 75.0313 
444360 0.063389 -0.000294025 -46467.6 75.1958 
445326 0.0529122 0.042409 -46474.5 75.3602 
446292 0.0246473 -0.0223761 -45876.7 75.5243 
447258 0.0433845 -0.0378104 -45230.4 75.6887 
448224 0.048419 0.0406944 -46378.7 75.8527 
449190 0.0911439 -0.0411262 -46990 76.0165 
450156 0.0406487 -0.00994892 -46052.4 76.1814 
451122 0.100623 0.056337 -45879.7 76.3461 
452088 0.0206785 0.000797582 -45019.8 76.5105 
453054 0.0156681 0.01326 -45371.1 76.6752 
454020 0.078503 0.05261 -46194.2 76.8401 
454986 0.0297861 0.0217192 -45110.8 77.0043 
455952 0.086789 0.0291925 -46014.1 77.1691 
456918 0.0604352 0.00504702 -45993.7 77.3336 
457884 0.0372846 -0.0137884 -45535.5 77.4984 
458850 0.0823365 0.0268767 -45219.1 77.6632 
459816 0.100669 0.00439956 -45170.5 77.8277 
460782 0.0430493 -0.0153824 -45027.6 77.9929 
461748 0.0163661 -0.0036334 -45694.1 78.1575 
462714 0.0580298 0.0446302 -46185.2 78.3222 
463680 0.0590829 -0.0501885 -45647.1 78.4872 
464646 0.0152396 -0.00156243 -44116 78.6523 
465612 0.0168457 0.0143266 -44255 78.8168 
466578 0.037901 0.0370561 -44900.3 78.9816 
467544 0.0105063 0.00226489 -44888.4 79.147 
468510 0.0699199 0.0410342 -45475.3 79.3118 
469476 0.0707656 0.00323724 -45616.9 79.4771 
470442 0.072916 0.00604853 -44048.8 79.6418 
471408 0.0396224 -0.0370466 -43327.1 79.8063 
472374 0.0477736 0.0377475 -44816.3 79.9706 
473340 0.045258 0.0376879 -45132.4 80.1346 
474306 0.0687156 0.0291296 -46677 80.299 
475272 0.0656039 0.0351323 -46581.7 80.4633 
476238 0.0582626 -0.00935198 -45782.9 80.628 
477204 0.0680684 -0.0547581 -45663.7 80.7926 
478170 0.0469518 -0.0390946 -46525.6 80.9574 
479136 0.0906058 -0.0713626 -46456.9 81.1219 
480102 0.0566688 -0.0402201 -46733.3 81.2866 
481068 0.0487623 -0.0416486 -47349.6 81.4513 
482034 0.0683764 -0.0678838 -46072.4 81.616 
483000 0.0762869 -0.0630192 -47492.9 81.7809 
483966 0.0235299 0.00401142 -45919.4 81.9453 
484932 0.0302552 -0.0212739 -45813 82.1095 
485898 0.0600184 0.0413022 -44845.9 82.2737 
486864 0.0573515 0.0446224 -44054.3 82.4384 
487830 0.0393708 -0.0251562 -44442.6 82.603 
488796 0.0250519 -0.0235454 -44348 82.7678 
489762 0.039925 -0.000968562 -45552.9 82.9331 
490728 0.0807566 0.0418004 -45096.2 83.0978 
491694 0.0476625 0.036227 -45327.6 83.2623 
492660 0.00851335 -0.00692814 -44413.2 83.4267 
493626 0.0197842 -0.00928999 -43973 83.591 
494592 0.0501165 -0.0489999 -44119.1 83.7558 
495558 0.0325911 -0.0144087 -45083.2 83.9207 
496524 0.031523 -0.0264139 -44833.7 84.0852 
497490 0.0684234 -0.048824 -46028.5 84.2498 
498456 0.0829704 -0.0672034 -46480.5 84.414 
499422 0.0658478 -0.0427668 -44556.2 84.5785 
500388 0.0689184 -0.0347761 -44648.4 84.7435 
501354 0.0806658 -0.0416842 -44469.6 84.9082 
502320 0.0529037 -0.0159095 -44200.6 85.0728 
503286 0.00803347 0.00628465 -44622.1 85.2375 
504252 0.0548332 -0.0231608 -44575.3 85.4023 
505218 0.0621967 0.00970111 -45264.9 85.5668 
506184 0.0328639 0.032004 -45215.4 85.7316 
507150 0.0457814 -0.000777041 -45500.7 85.8974 
508116 0.0943759 0.0505673 -46616.5 86.0619 
509082 0.0366937 0.0291158 -45344.8 86.2265 
510048 0.0496435 0.0141533 -44621.9 86.3909 
511014 0.0649382 0.0218099 -44720.7 86.5552 
511980 0.0271191 0.0114856 -43954.6 86.7199 
512946 0.0559929 -0.0505402 -44693.3 86.8846 
513912 0.0380444 -0.025802 -44173.1 87.0497 
514878 0.0406821 -0.00649827 -44831.2 87.2141 
515844 0.0672675 0.0307039 -45288.6 87.3788 
516810 0.0739659 0.0375579 -44359.1 87.5436 
517776 0.0248557 -0.0112417 -44430.2 87.7076 
518742 0.0173997 -0.0099663 -43704.8 87.8721 
519708 0.0235185 -0.00191056 -44224.1 88.0373 
520674 0.0324979 -0.0221185 -44497.3 88.2011 
521640 0.0772761 -0.0675817 -45051.5 88.366 
522606 0.0568464 0.0372908 -43765.6 88.5306 
523572 0.0474729 -0.0115379 -44093.3 88.6956 
524538 0.0167721 -0.0143678 -45254.5 88.8606 
525504 0.0283125 -0.0114279 -43171.6 89.0252 
526470 0.0535847 -0.018521 -43700.3 89.1899 
527436 0.0157868 -0.00798564 -44339.7 89.3547 
528402 0.0722494 -0.0119106 -44724.4 89.5193 
529368 0.0858119 0.00210206 -45992.3 89.6845 
530334 0.109904 -0.0904483 -45548.3 89.8483 
531300 0.0969403 -0.0905909 -45546.9 90.0134 
532266 0.0859107 -0.0313594 -46334.2 90.1772 
533232 0.0358238 -0.0186735 -46213.7 90.342 
534198 0.0679514 -0.0348697 -45581.4 90.5066 
535164 0.0842953 -0.0299037 -46848.7 90.6712 
536130 0.0512203 -0.00212462 -46154.2 90.8365 
537096 0.0261871 0.020298 -45661.6 91.0014 
538062 0.0565031 -0.014725 -45156.2 91.1658 
539028 0.0496264 0.0173862 -45523.3 91.33 
539994 0.0696388 -0.0392769 -45672.8 91.4946 
540960 0.043127 -0.0113415 -44690.4 91.6594 
541926 0.0524377 -0.0221305 -44696.9 91.8239 
542892 0.0514063 -0.0124612 -44588.1 91.9884 
543858 0.0233259 -0.00996035 -44727.7 92.1526 
544824 0.0673498 -0.0601117 -44398.2 92.3173 
545790 0.0270902 0.0246846 -43887.7 92.4821 
546756 0.0323415 0.0282982 -43945.3 92.6466 
547722 0.07389 0.0295304 -44818.3 92.8113 
548688 0.0928025 0.087468 -43949.9 92.9755 
549654 0.0383177 0.0354051 -43835.2 93.1398 
550620 0.0435383 -0.0373153 -44413.4 93.3049 
551586 0.0714604 -0.0549758 -44896.3 93.4691 
552552 0.0470045 -0.0459586 -45400.4 93.6339 
553518 0.0903428 -0.0740587 -44128.1 93.7986 
554484 0.043744 0.0416261 -43866.2 93.9628 
555450 0.0348546 0.0254771 -43455.9 94.1275 
556416 0.0290689 -0.00501025 -43951.2 94.2928 
557382 0.0272239 -0.0199872 -44060 94.4575 
558348 0.0554549 0.0315412 -44497.3 94.6223 
559314 0.0400495 0.0227373 -43901.2 94.7883 
560280 0.0092002 0.00143956 -43879.4 94.9533 
561246 0.0711074 -0.0602149 -43752.3 95.1185 
562212 0.11832 -0.0539229 -43740.3 95.284 
563178 0.0752962 -0.0260983 -45092.1 95.4501 
564144 0.0563809 0.0282888 -43776.6 95.616 
565110 0.0253948 0.0172716 -44565.8 95.7822 
566076 0.0485661 -0.0191437 -43692.4 95.9476 
567042 0.034839 -0.0142112 -43478.6 96.1137 
568008 0.0308368 0.0166507 -44180.3 96.2787 
568974 0.082606 0.00155659 -43678.7 96.4433 
569940 0.0822694 0.0328351 -44759.8 96.6075 
570906 0.0705952 0.0589775 -43897.6 96.7724 
571872 0.0728251 0.0250665 -45125.3 96.937 
572838 0.0442941 0.00645385 -45455.3 97.101 
573804 0.0263462 0.0143718 -45233.7 97.2663 
574770 0.0633562 -0.0606465 -45467.8 97.4316 
575736 0.0463623 -0.0463043 -46300.4 97.5965 
576702 0.0860646 -0.0725043 -46302.6 97.7612 
577668 0.0560189 -0.0471925 -46380 97.9263 
578634 0.0326912 -0.0265843 -46035.4 98.0915 
579600 0.0621101 -0.016037 -45119 98.2568 
580566 0.0791693 -0.0372699 -44655.1 98.4225 
581532 0.0821177 0.00720992 -45084.1 98.5866 
582498 0.0626945 -0.0214763 -43199.6 98.7521 
583464 0.0488194 0.00114277 -43204.2 98.9166 
584430 0.0966344 -0.00965154 -43107 99.0812 
585396 0.0280862 0.00291643 -43551.7 99.2464 
586362 0.0454052 -0.0356903 -44635 99.4008 
587328 0.0327363 -0.0185905 -45202.9 99.5549 
588294 0.0442107 0.0411956 -45595 99.7111 
589260 0.0254496 0.0191295 -44934.9 99.8629 
590226 0.0390381 -0.0345251 -45171.4 100.015 
591192 0.0265565 0.0127479 -45495.7 100.166 
592158 0.0825296 -0.0177881 -45962.1 100.317 
593124 0.023693 0.0219015 -45892.2 100.469 
594090 0.0693832 -0.00812298 -46105.9 100.621 
595056 0.0642399 -0.0069711 -46153.5 100.773 
596022 0.13212 4.76827e-05 -45109.6 100.926 
596988 0.0563708 0.00845782 -44326 101.078 
597954 0.0305158 0.0208528 -43825.8 101.23 
598920 0.0759487 0.0627074 -44181.5 101.382 
599886 0.0514608 -0.0444417 -43771.7 101.534 
600852 0.0311186 0.0120198 -43733.4 101.686 
601818 0.0686052 0.0271746 -44667.9 101.838 
602784 0.0181499 0.0121605 -44585 101.99 
603750 0.112872 -0.0910338 -45047.7 102.142 
604716 0.0820378 -0.0438094 -46193.2 102.294 
605682 0.0251175 -0.0216009 -45601.1 102.445 
606648 0.0540366 -0.0455723 -45388.5 102.597 
607614 0.051523 -0.0323895 -45979 102.748 
608580 0.0418808 0.0154545 -45998.9 102.899 
609546 0.0514242 -0.0381224 -44682.8 103.052 
610512 0.0577479 0.0099735 -45893.3 103.203 
611478 0.0839133 0.0762649 -44590 103.355 
612444 0.0328517 0.0285209 -45046.4 103.506 
613410 0.0720689 0.0330369 -44897.5 103.658 
614376 0.0229095 0.00548358 -44793.7 103.81 
615342 0.0336833 0.00872889 -44393.7 103.962 
616308 0.071262 0.0226547 -44400.9 104.115 
617274 0.0183536 0.00183732 -44575.4 104.271 
618240 0.052064 0.00221301 -43779.8 104.424 
619206 0.0441168 -0.00657441 -44030.1 104.576 
620172 0.0509352 -0.0293168 -43829.7 104.733 
621138 0.0979396 -0.0872925 -43793.1 104.885 
622104 0.0375924 -0.0253347 -43951.4 105.036 
623070 0.0579373 -0.0273195 -44690.4 105.187 
624036 0.0268702 -0.019052 -44956.7 105.339 
625002 0.0296212 0.0216815 -43614.5 105.491 
625968 0.0465294 0.00200784 -45005.8 105.651 
626934 0.0529663 0.00674401 -44034.7 105.817 
627900 0.0483847 -0.0157282 -45908.7 105.978 
628866 0.0505009 -0.0490497 -45369.4 106.142 
629832 0.029993 -0.0169743 -44563.4 106.307 
630798 0.0413804 0.00478772 -45127.8 106.471 
631764 0.0279028 0.00121113 -44855.6 106.625 
632730 0.0561452 0.0225231 -45077.7 106.79 
633696 0.0424071 0.0271848 -45958.3 106.956 
634662 0.0824229 0.060359 -45076.1 107.121 
635628 0.0592617 0.035596 -45668.2 107.286 
636594 0.0381946 -0.0291793 -46152.9 107.453 
637560 0.0705022 0.0612048 -45173.9 107.618 
638526 0.0439438 0.0214359 -46122.3 107.783 
639492 0.0448659 0.0185227 -45982 107.948 
640458 0.0555347 0.015154 -46036.4 108.112 
641424 0.0283288 0.0199436 -44868.9 108.277 
642390 0.0484423 0.0354459 -45925.6 108.442 
643356 0.0436286 -0.0222044 -46676.1 108.606 
644322 0.0725102 -0.0196182 -46379.9 108.76 
645288 0.0432327 0.0292409 -46440.6 108.911 
646254 0.0595892 0.00460935 -46145.7 109.063 
647220 0.0799304 0.00360219 -46828.9 109.215 
648186 0.0610939 -0.0383888 -46395.6 109.37 
649152 0.0618484 -0.0392908 -46398.7 109.529 
650118 0.0591422 0.0061022 -45286.3 109.681 
651084 0.0623183 -0.0275057 -45128.6 109.833 
652050 0.0241663 -0.0157719 -45558.8 109.984 
653016 0.053884 0.00449944 -44788.7 110.136 
653982 0.0806659 -0.0615354 -42689.4 110.288 
654948 0.0575097 -0.0287339 -42374.5 110.44 
655914 0.0425467 -0.0266336 -43585 110.592 
656880 0.0561021 -0.019098 -43714.3 110.744 
657846 0.0634084 0.0330499 -45044.5 110.896 
658812 0.0326768 0.00766582 -45212.6 111.048 
659778 0.0415416 -0.00112437 -44590.5 111.199 
660744 0.0437921 0.0155332 -45030.2 111.363 
661710 0.0752275 0.0381607 -44844.7 111.527 
662676 0.028015 0.0155339 -45329.5 111.691 
663642 0.0281662 0.00760525 -44855 111.85 
664608 0.0460813 0.00220269 -44064.6 112.015 
665574 0.0635233 -0.0119612 -45055.6 112.18 
666540 0.0508228 -0.0199853 -44492.6 112.343 
667506 0.0550575 0.00138247 -44648.8 112.504 
668472 0.0485513 -0.0224275 -45779.9 112.67 
669438 0.053224 -0.0432516 -45375.4 112.835 
670404 0.0806501 -0.0506682 -44886.1 113.001 
671370 0.0258694 -0.0256838 -45643.3 113.166 
672336 0.0590292 0.0558871 -46208 113.331 
673302 0.0269316 -0.0142731 -44845.3 113.496 
674268 0.0560947 -0.00567868 -44749.2 113.661 
675234 0.0606972 -0.0141674 -45111.6 113.827 
676200 0.0816734 -0.016148 -45801.2 113.992 
677166 0.0699805 0.0172229 -45375.2 114.156 
678132 0.0710661 -0.0496703 -45248.7 114.31 
679098 0.0193231 0.0115432 -43650.1 114.461 
680064 0.0472025 -0.024157 -43412.5 114.613 
681030 0.0319785 -0.0175406 -45547.5 114.764 
681996 0.0510948 -0.0464973 -45743.3 114.917 
682962 0.0635458 -0.00940098 -45145 115.075 
683928 0.0827388 0.00379636 -44408 115.228 
684894 0.0865309 -0.0209743 -45356.5 115.382 
685860 0.0567449 0.0429225 -45679.6 115.535 
686826 0.0668301 -0.0488538 -45138.7 115.687 
687792 0.0341321 -0.0178554 -46436.6 115.838 
688758 0.0803969 -0.0141137 -45493.1 115.99 
689724 0.0464854 -0.0358418 -45181.1 116.145 
690690 0.0800249 -0.0299021 -46072.2 116.31 
691656 0.0826357 0.00119481 -44804.3 116.471 
692622 0.0196627 0.0149029 -45688.2 116.632 
693588 0.0169427 0.00920018 -45730.4 116.797 
694554 0.0228202 0.00429711 -46573.3 116.96 
695520 0.0609931 -0.0478016 -45626.1 117.122 
696486 0.0802378 0.00996668 -46601.4 117.288 
697452 0.0448153 0.00614455 -46158.5 117.453 
698418 0.0464815 0.0269167 -45441.2 117.619 
699384 0.0475458 -0.0443394 -45627.5 117.784 
700350 0.0265388 0.00351683 -45395.4 117.948 
701316 0.0512711 0.0481993 -45683.8 118.113 
702282 0.0217169 -0.0122182 -44865.1 118.278 
703248 0.0423762 -0.0129756 -45556.5 118.443 
704214 0.0462485 0.0334767 -44477.2 118.608 
705180 0.0405022 0.0192172 -44959.6 118.773 
706146 0.0954248 -0.0932671 -45293.2 118.939 
707112 0.0649492 -0.0643167 -44215.7 119.103 
708078 0.0778171 -0.035132 -44763.2 119.258 
709044 0.106172 -0.0568594 -45096.6 119.409 
710010 0.0899605 -0.0490613 -45088.3 119.561 
710976 0.0477538 -0.0256995 -44070.5 119.713 
711942 0.0489076 0.0062411 -45494.4 119.864 
712908 0.0258789 -0.0192252 -45585.7 120.016 
713874 0.075388 0.0197221 -45239.2 120.168 
714840 0.0433037 0.00369155 -44595.9 120.321 
715806 0.0403136 0.0180698 -43658 120.484 
716772 0.0624855 -0.0527474 -45053.3 120.649 
717738 0.0220075 0.0213292 -44260.2 120.805 
718704 0.0459504 0.0331667 -44604.6 120.956 
719670 0.0865333 0.0779359 -44535.8 121.108 
720636 0.0640034 -0.00647832 -44186.3 121.266 
721602 0.0454962 -0.0253364 -43087 121.431 
722568 0.0255402 0.00933681 -43745.8 121.596 
723534 0.0512193 0.0462254 -44775.1 121.76 
724500 0.0549974 0.0511209 -44750.1 121.913 
725466 0.0646372 0.062904 -44318.6 122.066 
726432 0.0354834 -0.0120143 -44233.8 122.231 
727398 0.0460773 -0.0378695 -43959.2 122.397 
728364 0.0631325 0.0527827 -42485.1 122.562 
729330 0.0584357 -0.00557056 -43180.5 122.727 
730296 0.0806138 0.00303325 -44478.1 122.892 
731262 0.0566312 -0.00541454 -44931.5 123.057 
732228 0.0760292 -0.072754 -43592.2 123.217 
733194 0.0187884 0.00326643 -44525.1 123.382 
734160 0.0301196 -0.00389192 -42200.8 123.547 
735126 0.0154277 -0.000119121 -44265.2 123.712 
736092 0.0621685 -0.0242169 -44361.9 123.876 
737058 0.0635742 -0.0417645 -44193.9 124.029 
738024 0.0477423 -0.0157531 -44865.8 124.181 
738990 0.0389214 -0.0172177 -45965.6 124.338 
739956 0.0702324 -0.0104375 -46606.4 124.489 
740922 0.0255246 0.00575456 -47126.2 124.641 
741888 0.0768192 0.0504979 -46566.3 124.792 
742854 0.0589754 0.0183153 -46641.1 124.944 
743820 0.0992765 0.0897071 -45349.9 125.095 
744786 0.0275796 0.0139315 -47374.8 125.247 
745752 0.0305895 0.0241295 -46602.1 125.399 
746718 0.0352659 0.00209831 -45993 125.555 
747684 0.0632083 -0.00398314 -45905.7 125.721 
748650 0.0639429 -0.00895404 -45081.8 125.886 
749616 0.0445465 -0.0123573 -44793.2 126.038 
750582 0.0399836 -0.0232755 -45444.7 126.19 
751548 0.0540765 -0.015124 -45729.3 126.341 
752514 0.0306522 0.0250569 -44639.7 126.507 
753480 0.0457055 -0.0232728 -43598.1 126.672 
754446 0.0373452 -0.0223105 -43685.2 126.83 
755412 0.0152068 -0.0148644 -43133.7 126.99 
756378 0.0448743 -0.0254679 -43696.7 127.155 
757344 0.00279952 -0.0017141 -44548 127.32 
758310 0.0806385 0.0705339 -44309.8 127.486 
759276 0.0823012 0.082174 -44267.8 127.652 
760242 0.0560088 -0.00705112 -45200.2 127.817 
761208 0.127074 0.0554363 -44911.1 127.981 
762174 0.0604488 0.03048 -44275.2 128.145 
763140 0.0355845 -0.00566182 -44700.7 128.311 
764106 0.0617527 -0.0156057 -43860.1 128.476 
765072 0.0569046 -0.0480942 -43967.9 128.641 
766038 0.0232635 -0.0152986 -43911.8 128.794 
767004 0.0497739 -0.00358952 -43911.1 128.946 
767970 0.0669218 -0.0382441 -44766.3 129.098 
768936 0.0848785 -0.0518896 -44732.4 129.25 
769902 0.0726894 -0.0219193 -44890.9 129.407 
770868 0.0352733 -0.0192704 -45182.1 129.563 
771834 0.0511144 -0.0438268 -45188.6 129.715 
772800 0.0945944 -0.0470873 -43490 129.867 
773766 0.0536931 -0.0229926 -44295.2 130.019 
774732 0.103077 -0.0156095 -45645.4 130.171 
775698 0.133444 -0.0458089 -45225.1 130.323 
776664 0.0341605 -0.0105083 -43899.6 130.475 
777630 0.00824317 -0.000897903 -44791.2 130.627 
778596 0.022081 0.0143219 -45632.9 130.79 
779562 0.0993838 -0.0401074 -44839.4 130.956 
780528 0.0538104 -0.0309725 -44044 131.118 
781494 0.0185974 0.00520639 -43826.7 131.27 
782460 0.047887 -0.00708349 -44775 131.425 
783426 0.0122849 0.00778997 -44500.8 131.59 
784392 0.0390335 -0.0246129 -45285.6 131.755 
785358 0.0641586 -0.0133497 -44788.8 131.911 
786324 0.0338087 -0.00108805 -45756.3 132.062 
787290 0.0687522 0.00761819 -45407.7 132.228 
788256 0.0380259 0.0264683 -45181.3 132.393 
789222 0.047302 -0.0240885 -43313.9 132.559 
790188 0.05103 0.0123122 -43503.3 132.724 
791154 0.0768812 0.0756615 -44209.3 132.889 
792120 0.0256339 0.0195803 -44616.8 133.053 
793086 0.0542554 0.0130711 -44048.9 133.214 
794052 0.0179348 0.0154496 -44561.9 133.378 
795018 0.0243386 -0.0237871 -43131.7 133.543 
795984 0.0207112 0.0168351 -43859.8 133.709 
796950 0.0690917 0.0281302 -45022.1 133.874 
797916 0.0313335 0.0294222 -44960.9 134.036 
798882 0.0349007 0.00630014 -44411.2 134.188 
799848 0.0580368 0.0412736 -45376.3 134.34 
800814 0.0451935 -0.0115392 -44691.3 134.492 
801780 0.0380737 -0.0304361 -45486.8 134.643 
802746 0.0459615 -0.0277719 -44448.6 134.808 
803712 0.0674483 0.0545522 -45192.9 134.964 
804678 0.0322464 -0.0127618 -43616.1 135.117 
805644 0.0513902 0.025865 -43047.5 135.272 
806610 0.035473 -0.00691464 -42041.8 135.437 
807576 0.0460205 -0.0272026 -42597.5 135.603 
808542 0.0533559 -0.0117706 -43552.1 135.768 
809508 0.0223007 -0.0063813 -43730 135.932 
810474 0.0432004 0.00881674 -44270.3 136.098 
811440 0.0839987 0.0754727 -44891.9 136.263 
812406 0.0612121 0.0534146 -44432.4 136.428 
813372 0.0532128 0.0336873 -45275.7 136.593 
814338 0.0414091 0.0182175 -45727.6 136.758 
815304 0.0266619 -0.00675624 -44654.3 136.924 
816270 0.0367612 -0.0027732 -44574.5 137.083 
817236 0.0351561 -0.000659572 -44598.8 137.235 
818202 0.0664611 -0.0277051 -45390.2 137.387 
819168 0.0619321 -0.0203315 -44887.6 137.538 
820134 0.0285777 -0.0149447 -44947.6 137.69 
821100 0.0445442 0.0339578 -44537.1 137.842 
822066 0.0463757 0.0308075 -44819.7 137.993 
823032 0.053173 -0.0149962 -45380.2 138.145 
823998 0.0642238 0.0187188 -46269.9 138.297 
824964 0.0355234 -0.0329385 -45384.6 138.45 
825930 0.0271975 -0.0152676 -45827.8 138.601 
826896 0.0298915 0.0121672 -46171.1 138.753 
827862 0.0387706 -0.0325917 -45389 138.904 
828828 0.0737352 -0.0216169 -45408.6 139.056 
829794 0.0490365 -0.0112082 -45607.9 139.208 
830760 0.0629609 -0.0476617 -45532.7 139.359 
831726 0.0644223 -0.0362924 -45585.2 139.511 
832692 0.0668761 -0.0111957 -45038 139.662 
833658 0.0279965 -0.00857454 -44970.6 139.814 
834624 0.0946512 -0.086463 -44825.9 139.966 
835590 0.0245126 0.000541606 -43970.5 140.117 
836556 0.0355568 -0.0241969 -45108.2 140.268 
837522 0.0499065 -0.0283535 -46169.7 140.42 
838488 0.0373957 -0.0351773 -47003 140.571 
839454 0.0727505 -0.0711116 -45759.8 140.723 
840420 0.0756964 -0.065197 -44858.1 140.874 
841386 0.062419 -0.0581046 -44283.3 141.026 
842352 0.0974482 -0.0919414 -43317.8 141.178 
843318 0.0533261 -0.0337884 -42908.1 141.329 
844284 0.0702269 -0.0280889 -43789.8 141.481 
845250 0.0686236 -0.0108848 -43411 141.633 
846216 0.0575806 0.033941 -43743.1 141.784 
847182 0.102005 -0.00608116 -44249.7 141.936 
848148 0.121295 0.0339867 -43668.8 142.088 
849114 0.0838452 0.032341 -43521.9 142.24 
850080 0.0959621 0.024976 -44156.5 142.393 
851046 0.0514886 0.00403851 -45086 142.544 
852012 0.0175278 -0.00279073 -44496.8 142.697 
852978 0.0547515 -0.00557894 -44255.6 142.849 
853944 0.0376994 -0.0211467 -44624.4 143.001 
854910 0.0462662 -0.00106271 -44333.1 143.153 
855876 0.0630387 0.0603667 -44637 143.305 
856842 0.0470125 -0.00868538 -43979.6 143.456 
857808 0.0171939 0.00883091 -43624.1 143.607 
858774 0.0588883 0.00579986 -43850 143.76 
859740 0.0520099 -0.0453689 -43957.5 143.912 
860706 0.033481 0.0302139 -45518.5 144.063 
861672 0.0697514 0.0139844 -45811.1 144.215 
862638 0.0476726 -0.00778891 -45195.9 144.367 
863604 0.0601247 0.00481583 -44836.9 144.519 
864570 0.0815625 0.0547682 -45200.2 144.672 
865536 0.0326058 0.0139893 -46004.1 144.824 
866502 0.106127 0.0164942 -45890.7 144.977 
867468 0.0582316 0.0431646 -46737.9 145.128 
868434 0.0700274 0.0516139 -47519.4 145.28 
869400 0.0587413 0.0582336 -47131.9 145.432 
870366 0.0685019 0.0651971 -46339.7 145.585 
871332 0.0645909 0.0344574 -45755.5 145.736 
872298 0.0484689 -0.0155866 -46574.9 145.889 
873264 0.087339 0.0658732 -45282.4 146.041 
874230 0.0629953 0.0179386 -44926.2 146.2 
875196 0.033632 -0.0325146 -44846.4 146.365 
876162 0.0283088 -0.00360725 -44075.9 146.53 
877128 0.0455005 0.0164421 -44864.8 146.695 
878094 0.0222472 0.0113852 -44393.4 146.86 
879060 0.0650163 0.00982281 -45046.6 147.025 
880026 0.0737936 0.0193356 -45618.3 147.191 
880992 0.0547825 0.0188223 -46043.7 147.357 
881958 0.0559434 -0.00349581 -45400.5 147.522 
882924 0.0399162 -0.0023563 -45706.7 147.687 
883890 0.0652864 0.0483879 -45498.7 147.852 
884856 0.0574677 0.0457457 -45562.5 148.018 
885822 0.0350183 0.013089 -45532.9 148.183 
886788 0.0639497 -0.0186823 -45589.5 148.348 
887754 0.0767857 -0.0698699 -45821.7 148.512 
888720 0.0514528 -0.0491146 -45967.3 148.678 
889686 0.0161751 -0.0125704 -45240.3 148.844 
890652 0.0435484 -0.0293309 -45170.8 149.009 
891618 0.0492589 -0.00609177 -45051.5 149.174 
892584 0.0569454 0.028745 -45364.1 149.34 
893550 0.0400103 -0.0111911 -44865.7 149.505 
894516 0.0350696 0.0251055 -45644.8 149.67 
895482 0.0220725 -0.00674577 -45024.7 149.835 
896448 0.0498119 -0.0161804 -45934.5 150.001 
897414 0.0415689 0.0252627 -45726.1 150.166 
898380 0.0768142 -0.00395459 -45707.4 150.332 
899346 0.0762905 -0.00752827 -45906.5 150.496 
900312 0.0196099 -0.0169423 -45854.3 150.662 
901278 0.0311801 0.0261376 -44835.9 150.827 
902244 0.0494126 0.0364958 -45979.9 150.993 
903210 0.0154851 0.0122743 -45415.7 151.158 
904176 0.0216568 -0.0023743 -45593.7 151.324 
905142 0.0465707 -0.0320664 -46833.3 151.489 
906108 0.0782774 0.0149757 -45610.5 151.655 
907074 0.101659 0.0128163 -45247 151.819 
908040 0.0935058 0.0140522 -45082.3 151.984 
909006 0.0778866 0.0545027 -44548.6 152.149 
909972 0.0512213 0.0309083 -45353.2 152.314 
910938 0.032067 -0.00776437 -44812.2 152.479 
911904 0.0385334 0.0240108 -43975.1 152.644 
912870 0.054652 -0.0326342 -44746.5 152.809 
913836 0.0840525 -0.0241903 -44430.9 152.974 
914802 0.0342941 -0.0238246 -44760.5 153.139 
915768 0.0231474 0.0131286 -44106.7 153.303 
916734 0.0307688 -0.0143011 -44109 153.468 
917700 0.0594297 0.00374188 -43705.3 153.633 
918666 0.0172701 0.00989017 -43736.4 153.798 
919632 0.0440206 0.0303226 -43295.9 153.963 
920598 0.0691795 0.00820652 -43908.2 154.129 
921564 0.0569012 -0.0087108 -44477.4 154.296 
922530 0.0576158 0.0161207 -43888.9 154.461 
923496 0.0434311 0.0400603 -44323.3 154.627 
924462 0.0464212 0.0392289 -43991.3 154.792 
925428 0.0202276 0.01395 -45226.7 154.958 
926394 0.0261557 -0.0232246 -45425.7 155.126 
927360 0.0213589 -0.00535904 -44629.8 155.294 
928326 0.0464568 -0.0456365 -44228.9 155.461 
929292 0.0682617 -0.0458269 -44452.8 155.625 
930258 0.0683773 -0.0626071 -43090.9 155.79 
931224 0.026288 -0.0142884 -43604.8 155.955 
932190 0.0560721 0.041905 -44280.5 156.12 
933156 0.0241046 0.0155214 -43294.6 156.284 
934122 0.038487 -0.0206531 -43830 156.449 
935088 0.0439182 -0.00456952 -43872.8 156.615 
936054 0.0384728 -0.00908238 -44604.9 156.778 
937020 0.0599752 -0.0215056 -44692.9 156.944 
937986 0.0502993 -0.0247674 -44793.4 157.109 
938952 0.0709081 -0.0472236 -43704 157.277 
939918 0.0845407 -0.0732229 -44475.4 157.443 
940884 0.0428586 -0.0208231 -43595.8 157.611 
941850 0.117246 -0.099906 -44687 157.778 
942816 0.049255 -0.00112566 -44267.1 157.945 
943782 0.0874436 0.0780256 -44367.3 158.111 
944748 0.0654553 0.0425675 -44239.7 158.275 
945714 0.0724669 0.0679284 -43988.7 158.44 
946680 0.077556 0.0726859 -44652.1 158.605 
947646 0.0733304 0.0657694 -44706.9 158.77 
948612 0.033519 0.0115472 -44724.2 158.934 
949578 0.0391378 0.0228328 -43537 159.099 
950544 0.0370024 -0.00959635 -44186.3 159.265 
951510 0.0633882 -0.0177301 -44079.2 159.43 
952476 0.0719819 -0.0352687 -43904.4 159.598 
953442 0.0651563 0.0373787 -43728 159.765 
954408 0.040678 -0.0265746 -44576.5 159.931 
955374 0.0468719 -0.00131653 -43682.7 160.097 
956340 0.00635426 -0.00502715 -43459.7 160.262 
957306 0.0369837 -0.0212196 -44296.6 160.428 
958272 0.0251394 0.0121401 -43746.8 160.594 
959238 0.0452539 -0.000377375 -44310.9 160.759 
960204 0.0307072 -0.0157914 -45167.2 160.924 
961170 0.0270527 -0.0251723 -44324.1 161.089 
962136 0.0274628 -0.00995538 -43631.1 161.254 
963102 0.0696358 0.00886139 -45485.3 161.419 
964068 0.0522197 -0.0158163 -46534.6 161.584 
965034 0.030465 0.0259509 -45064.6 161.749 
966000 0.0438529 -0.00727509 -43941.7 161.916 
