0 0.0294312 0.00689735 -34031.4 0 
966 0.0263174 0.00684892 -38710.4 0.173115 
1932 0.0924918 0.076427 -41469.1 0.342765 
2898 0.0429917 0.00730756 -42717.1 0.51222 
3864 0.0660828 0.0193675 -45252.8 0.682963 
4830 0.0296432 -0.00896601 -44864.5 0.85167 
5796 0.0572924 -0.0142968 -43926.3 1.01998 
6762 0.0314039 0.018415 -44565.9 1.18858 
7728 0.0654176 0.0131584 -44805.3 1.35618 
8694 0.0716792 0.0287381 -44481 1.52399 
9660 0.0629164 -0.00267624 -43605.5 1.69469 
10626 0.0681964 -0.0523412 -44746.7 1.86147 
11592 0.0734076 -0.0392105 -44653.1 2.02963 
12558 0.0541489 -0.0306833 -43091.7 2.19769 
13524 0.050823 0.0256308 -44122.4 2.36712 
14490 0.0847011 -0.0475831 -44731.8 2.53925 
15456 0.0839598 -0.0185158 -46101.7 2.70902 
16422 0.0624907 0.0525597 -45287.8 2.88014 
17388 0.0723525 -0.00744594 -45555.5 3.05138 
18354 0.0499612 -0.00102943 -45155.6 3.22287 
19320 0.0532519 -0.0181965 -45456.7 3.38963 
20286 0.0650132 -0.0174463 -45722.1 3.55813 
21252 0.0595893 -0.0270183 -45098.5 3.72646 
22218 0.0231829 -0.00871505 -44540.7 3.89956 
23184 0.0353921 0.0313872 -43984.6 4.0704 
24150 0.0249641 -0.0191066 -44825.6 4.2407 
25116 0.0565588 0.0312738 -45210.5 4.4129 
26082 0.0341492 0.0153323 -45265.3 4.58412 
27048 0.0453493 0.0131066 -44234.4 4.75475 
28014 0.0335662 -0.0235457 -44373.1 4.92672 
28980 0.0492566 0.0139269 -44284 5.09879 
29946 0.0377395 0.0376537 -44540.3 5.26867 
30912 0.0206575 0.00382326 -44530 5.44049 
31878 0.036664 0.0263411 -44861.1 5.6115 
32844 0.0580368 0.024523 -44897.7 5.77994 
33810 0.0503699 -0.0193366 -44772.2 5.95042 
34776 0.0224685 0.0112209 -43959.3 6.11913 
35742 0.042612 -0.00555445 -44286.4 6.28735 
36708 0.0381497 -0.00465279 -45140.2 6.45641 
37674 0.061358 0.0294482 -44932.8 6.62323 
38640 0.0556802 0.0233105 -44633.8 6.79176 
39606 0.0703129 0.0636698 -45096.1 6.96079 
40572 0.0847389 0.0781244 -44693.5 7.12863 
41538 0.0991426 0.0789777 -44567.3 7.29736 
42504 0.0867504 0.00196341 -44365.5 7.46575 
43470 0.0250533 -0.0174323 -44235.6 7.63555 
44436 0.0546196 -0.0473134 -43719.9 7.80419 
45402 0.0504553 0.00506102 -44679.8 7.97386 
46368 0.0794431 0.073617 -44140.5 8.14153 
47334 0.0303991 -0.0131925 -44973.6 8.31031 
48300 0.0416255 0.0123369 -43677.8 8.4776 
49266 0.0423525 0.0246315 -44655.9 8.647 
50232 0.0407154 -0.0212107 -44747.8 8.8169 
51198 0.0350757 -0.0204637 -44890.1 8.98582 
52164 0.0212243 -0.0149189 -45649 9.15537 
53130 0.0681239 -0.00141768 -46384.7 9.32458 
54096 0.0730824 0.00490463 -44728.7 9.49276 
55062 0.0374701 -0.0160422 -44893.6 9.66317 
56028 0.0447429 0.0175555 -45533.4 9.83422 
56994 0.0945903 -0.0650728 -47331.2 10.0028 
57960 0.0645622 -0.0120929 -45999 10.1731 
58926 0.0476802 -0.0425055 -46102.1 10.3442 
59892 0.0450484 -0.0421168 -45321.2 10.5129 
60858 0.0811155 -0.0786586 -45704.2 10.6834 
61824 0.0645674 -0.0597812 -45358.4 10.8552 
62790 0.020841 -0.00142147 -45713.3 11.0236 
63756 0.0176288 0.0156742 -44483.7 11.1942 
64722 0.039095 0.0114839 -45678 11.3639 
65688 0.0227427 -0.00226408 -45445.4 11.5315 
66654 0.0356101 0.00417947 -46265 11.701 
67620 0.0155523 -0.015292 -46366.4 11.8684 
68586 0.0504172 0.0390167 -45805 12.0359 
69552 0.0476873 0.0440531 -45167.3 12.2034 
70518 0.0272632 -0.00968172 -45394 12.3723 
71484 0.0261898 0.0132637 -46258.7 12.5425 
72450 0.0437092 0.0388681 -47261.1 12.7112 
73416 0.0528915 0.0416542 -45171.2 12.8803 
74382 0.0417214 0.0409156 -44669.5 13.0496 
75348 0.0358566 -0.00737755 -44537.4 13.2173 
76314 0.0198157 -0.00987547 -44917.9 13.3862 
77280 0.0172322 0.012444 -44932 13.5538 
78246 0.0373989 -0.0150694 -45032.8 13.7225 
79212 0.0632675 0.0336964 -46315.1 13.8922 
80178 0.0356118 0.0163099 -46203.1 14.0617 
81144 0.024616 -0.00374668 -46733.3 14.2309 
82110 0.0348013 0.00402369 -45889 14.4017 
83076 0.069104 0.0274164 -46264.9 14.5708 
84042 0.0608903 -0.0295252 -45061 14.7413 
85008 0.101132 0.0656391 -45699.9 14.9105 
85974 0.0569601 0.0171951 -46152.8 15.0803 
86940 0.0351181 -0.0134644 -45200.3 15.2521 
87906 0.0302154 -0.00984788 -45981.9 15.4214 
88872 0.0929956 -0.0818847 -46431.5 15.5929 
89838 0.0663886 -0.0422413 -46469.5 15.7617 
90804 0.00908481 -0.00854424 -45910.5 15.9311 
91770 0.0518911 0.0419197 -46263.9 16.0993 
92736 0.0776691 0.0269378 -46030.8 16.269 
93702 0.0642261 -0.0477458 -45055.7 16.4365 
94668 0.0732569 -0.0505424 -45713.9 16.6052 
95634 0.0247579 -0.024242 -45253.9 16.7729 
96600 0.0328131 -0.0189329 -45300.8 16.9409 
97566 0.0265678 0.0224547 -44230.2 17.1093 
98532 0.0422343 0.00934051 -44269.7 17.2801 
99498 0.033521 -0.0281429 -43940.7 17.4503 
100464 0.032647 0.0195773 -45547.6 17.6197 
101430 0.0465822 -0.026863 -46760.6 17.789 
102396 0.0151547 0.00257161 -45493.5 17.959 
103362 0.0724706 -0.0286279 -45519.1 18.1291 
104328 0.0556709 0.0290342 -44514.7 18.3003 
105294 0.0481554 -0.00601002 -44620.9 18.4703 
106260 0.0406279 0.0270589 -44770.2 18.64 
107226 0.0580363 0.0516657 -44865 18.8107 
108192 0.0277148 0.0144671 -45119.8 18.9805 
109158 0.0385999 0.0281866 -44902 19.1522 
110124 0.023843 -0.00147834 -44867.3 19.3221 
111090 0.0374165 0.0373156 -44906.7 19.4935 
112056 0.0336353 0.0293552 -44628 19.6602 
113022 0.0502496 0.000250728 -43282.8 19.8287 
113988 0.0436163 0.0138808 -41991 19.9973 
114954 0.0385028 0.000250435 -41631.3 20.1655 
115920 0.0368392 0.0318568 -41354.1 20.3339 
116886 0.0408506 0.0356773 -41823.4 20.5019 
117852 0.0546271 0.00791576 -42488.4 20.6707 
118818 0.0549435 -0.0369516 -43532.4 20.8428 
119784 0.087858 0.0439138 -44965.1 21.012 
120750 0.049445 0.0292485 -44764.3 21.1841 
121716 0.0641682 -0.00364051 -43568.3 21.3531 
122682 0.060545 0.0336453 -42900.7 21.5232 
123648 0.0354608 0.00127632 -43968.8 21.6929 
124614 0.0419089 0.0271838 -43039.9 21.8637 
125580 0.0323655 -0.0160442 -42763.2 22.0336 
126546 0.0294061 0.00418716 -43079 22.2041 
127512 0.101332 -0.0454889 -43510.1 22.3726 
128478 0.0507477 -0.0301288 -43848 22.5405 
129444 0.0427739 -0.00469526 -44737.7 22.7086 
130410 0.0616408 0.00680867 -44098.1 22.8762 
131376 0.0498746 0.0202789 -45053.3 23.0509 
132342 0.0160057 -0.00216941 -45192.4 23.2292 
133308 0.0452953 0.0419762 -45348.1 23.4097 
134274 0.0582808 0.0567431 -45020.5 23.5824 
135240 0.0518606 0.0309827 -45443.5 23.7521 
136206 0.0294953 0.0141362 -46409 23.9199 
137172 0.0283621 -0.0174064 -45126.8 24.087 
138138 0.0207266 0.00427712 -46064.1 24.2596 
139104 0.0391566 0.0329912 -45042 24.4374 
140070 0.0189202 -0.0046575 -44436.4 24.6025 
141036 0.0463031 -0.0125228 -42971.7 24.767 
142002 0.067097 0.0458691 -43543.5 24.9315 
142968 0.0475076 0.00730094 -43725 25.0962 
143934 0.0455308 0.00197176 -43770.9 25.26 
144900 0.0526355 -0.0148569 -45411.1 25.4241 
145866 0.0951513 0.0725722 -45464 25.5883 
146832 0.0427241 -0.00612098 -45329.5 25.7527 
147798 0.0377668 -0.011581 -44810.1 25.9179 
148764 0.0590971 0.0270175 -44851.2 26.0854 
149730 0.0487704 -0.0326611 -45801.9 26.2532 
150696 0.0552822 -0.0353122 -46977.2 26.4226 
151662 0.111861 -0.108303 -46448.7 26.5907 
152628 0.0228859 -0.0155208 -44306.9 26.7593 
153594 0.032478 -0.0300488 -45038.5 26.9283 
154560 0.0699936 0.00141421 -45051.7 27.0977 
155526 0.0418989 0.0328228 -45666.7 27.2663 
156492 0.020754 -0.00794307 -44068.9 27.4361 
157458 0.0523476 -0.0281905 -45243.4 27.6051 
158424 0.0445167 0.0424968 -44546.5 27.7739 
159390 0.0396595 0.0392883 -46242.6 27.9439 
160356 0.0421091 0.0366881 -45814 28.1131 
161322 0.0329777 0.0213932 -46006.6 28.2818 
162288 0.0321792 0.0320924 -45748.5 28.4507 
163254 0.0620868 0.0566361 -44359.5 28.6196 
164220 0.0453667 -0.0267723 -44872.8 28.7875 
165186 0.0409882 0.0381721 -44874.1 28.9559 
166152 0.111998 0.110395 -44360.5 29.1237 
167118 0.109578 0.105565 -44780.2 29.292 
168084 0.0514666 0.0243132 -44389.5 29.46 
169050 0.0690205 -0.0024712 -45319.6 29.6286 
170016 0.0692534 -0.0299347 -44986.3 29.797 
170982 0.0352279 0.006035 -45146.4 29.9652 
171948 0.0460225 -0.0162864 -44586.5 30.1332 
172914 0.077047 -0.0127353 -45298.2 30.3015 
173880 0.0702097 0.0332564 -45144.2 30.4701 
174846 0.0424895 0.00440104 -44269.7 30.6387 
175812 0.0200698 0.00206077 -45379.4 30.8067 
176778 0.0537884 0.0302384 -44758.1 30.9757 
177744 0.0345949 -0.0201641 -44621.6 31.1443 
178710 0.0284887 -0.0238516 -45635.8 31.313 
179676 0.0224025 -0.00473611 -45430.7 31.4813 
180642 0.0495111 0.0446069 -45392.4 31.6498 
181608 0.0452671 0.0109187 -45300 31.8184 
182574 0.0245048 -0.00861971 -45041.4 31.9866 
183540 0.0572884 -0.0304548 -45345.2 32.1543 
184506 0.0263024 -0.0137258 -45483.6 32.3226 
185472 0.0140537 0.00702071 -43929.7 32.4913 
186438 0.039444 -0.0176639 -43745.2 32.6593 
187404 0.0210114 -0.00419799 -43534.8 32.8279 
188370 0.0452219 -0.00228381 -43466.4 32.9975 
189336 0.0709483 -0.0176768 -43629.2 33.166 
190302 0.0473949 -0.0202734 -42186.7 33.3351 
191268 0.0515633 -0.028944 -44080.9 33.5031 
192234 0.0400782 -0.00762822 -44083.9 33.6708 
193200 0.0275906 0.00643283 -43830.2 33.839 
194166 0.060974 -0.0209722 -43757.7 34.0076 
195132 0.0405414 -0.0198648 -43063.5 34.1753 
196098 0.0800758 -0.00138463 -44959.7 34.3434 
197064 0.0564072 -0.00575312 -44767.9 34.5109 
198030 0.0936554 -0.0558537 -45067.3 34.6787 
198996 0.0601574 0.0395112 -45080.5 34.8467 
199962 0.098851 0.0471367 -44967 35.0151 
200928 0.0691127 -0.0236484 -44774 35.1832 
201894 0.0211853 0.0201195 -44081.3 35.3506 
202860 0.0359715 0.00186102 -44197.9 35.518 
203826 0.0784789 0.0264977 -43555.4 35.6855 
204792 0.0408049 0.0259647 -44132.1 35.8536 
205758 0.0780948 -0.0303752 -45389.5 36.0213 
206724 0.00513716 0.00323816 -43635.2 36.1903 
207690 0.0808968 -0.0715735 -43010.8 36.3567 
208656 0.0651698 -0.0538465 -45014.2 36.5246 
209622 0.0519422 0.0133277 -44869.5 36.6918 
210588 0.0654455 0.053189 -45366.7 36.8606 
211554 0.0249771 0.0249426 -45246.4 37.029 
212520 0.0232739 -0.0176849 -44710 37.1966 
213486 0.0374089 -0.00141187 -45468.5 37.3646 
214452 0.0318072 -0.000592162 -44872.8 37.5327 
215418 0.0339273 0.000870843 -44446.1 37.7006 
216384 0.0356696 -0.0224533 -45533.9 37.8677 
217350 0.065201 0.0223989 -45146.6 38.036 
218316 0.0388306 0.0306727 -44977.9 38.2038 
219282 0.0581263 -0.00794862 -44740.8 38.3704 
220248 0.0782935 -0.0365868 -44697.8 38.5377 
221214 0.0728123 0.0587787 -44954.9 38.7055 
222180 0.040452 0.0296613 -44877.3 38.8725 
223146 0.0305779 0.027923 -44708.5 39.0404 
224112 0.0409515 -0.0135621 -44652.9 39.2073 
225078 0.0977087 0.0116574 -45263.5 39.3743 
226044 0.0448449 -0.00576613 -44221.7 39.542 
227010 0.05769 -0.0123443 -44715 39.7093 
227976 0.0872522 -0.0275252 -45450.7 39.8761 
228942 0.0814623 0.0245362 -44605.1 40.0437 
229908 0.068704 0.0472705 -43751.6 40.2115 
230874 0.0375971 0.0217612 -44734.7 40.3806 
231840 0.056852 0.049766 -46004.3 40.549 
232806 0.037736 -0.00775862 -45493.6 40.7165 
233772 0.0244787 0.0109592 -45347.2 40.8839 
234738 0.0198455 0.00902596 -45641.9 41.0523 
235704 0.0569475 0.0247786 -45263.2 41.2193 
236670 0.0579173 0.0451663 -45398.7 41.3865 
237636 0.0400677 0.0328346 -45010.1 41.5531 
238602 0.037757 0.0270962 -44770.9 41.7203 
239568 0.0338627 -0.0270071 -45921 41.8881 
240534 0.0556228 0.0507944 -45205.7 42.0567 
241500 0.0380919 0.0314537 -45841.4 42.2244 
242466 0.0182596 -0.013978 -45950.1 42.3923 
243432 0.0483911 -0.0144685 -46766.9 42.5599 
244398 0.0674601 -0.00243698 -46606.1 42.7282 
245364 0.0783576 0.0171719 -45814.9 42.8957 
246330 0.0610051 0.0293211 -44694.7 43.0635 
247296 0.0533226 -0.00542411 -45042.1 43.231 
248262 0.0333171 0.0257669 -45254.3 43.3995 
249228 0.0648379 0.0581858 -45444.4 43.5676 
250194 0.0472896 -0.00671968 -44771.6 43.7352 
251160 0.0240435 -0.0229823 -45623.7 43.9028 
252126 0.0578733 -0.0291494 -45992.5 44.0707 
253092 0.0536928 -0.0226226 -46030.5 44.2377 
254058 0.0344781 -0.0335808 -45837.2 44.4052 
255024 0.0936911 -0.00628315 -45708.5 44.5719 
255990 0.0621128 0.00748249 -45010.8 44.7411 
256956 0.0700812 0.0162989 -44593.2 44.912 
257922 0.0939703 0.0557737 -44714.6 45.0825 
258888 0.0379197 0.0215454 -44483.2 45.2539 
259854 0.061093 -0.0324362 -44145.8 45.4238 
260820 0.0912327 -0.0520281 -44771.6 45.5937 
261786 0.0717599 0.0070841 -42775.7 45.7635 
262752 0.0519063 0.021196 -43990.1 45.934 
263718 0.0697153 0.0462145 -44122.1 46.1048 
264684 0.0289631 0.00722926 -43840.6 46.2758 
265650 0.0748326 0.0401269 -45559.5 46.447 
266616 0.0475462 0.0320496 -44929.4 46.6177 
267582 0.0785086 0.0289741 -45893 46.7896 
268548 0.0672007 -0.0567751 -45191.7 46.9597 
269514 0.0226731 -0.0154554 -44236.5 47.1304 
270480 0.0214156 0.0122535 -43547.4 47.3019 
271446 0.0564868 -0.0260154 -44165.4 47.4726 
272412 0.0441445 -0.0310584 -44828.2 47.6436 
273378 0.0495801 -0.0202576 -44295.9 47.8136 
274344 0.0344669 0.0267466 -44715.8 47.9841 
275310 0.0481326 0.00691738 -43461.5 48.155 
276276 0.0375968 0.0221295 -43813.6 48.3254 
277242 0.0421783 0.0263474 -43770 48.4962 
278208 0.0792709 -0.00710274 -43302.9 48.6682 
279174 0.0481216 0.0281507 -44283.4 48.8395 
280140 0.0463289 0.0303412 -44351.6 49.0106 
281106 0.027869 -0.0121879 -43870.8 49.1814 
282072 0.0344908 -0.00407868 -44508.5 49.3503 
283038 0.0899269 -0.0181472 -44342.1 49.5173 
284004 0.0834748 -0.0150578 -45466.7 49.6849 
284970 0.0311625 0.0222314 -44548.7 49.8527 
285936 0.0554915 -0.0114441 -44751 50.0209 
286902 0.0506044 0.00442626 -44240.3 50.1885 
287868 0.0265226 0.0237333 -45581.4 50.3561 
288834 0.0524369 0.0374039 -43996.1 50.5241 
289800 0.033999 -0.0302833 -45107.6 50.6947 
290766 0.066488 0.0243494 -43798 50.8648 
291732 0.0694214 -0.0521565 -43037.1 51.0348 
292698 0.045352 -0.00593209 -44246.6 51.2059 
293664 0.0327043 -0.0159017 -44528.1 51.3762 
294630 0.0754868 -0.0521602 -44229.9 51.5461 
295596 0.0711114 -0.0312967 -43729.1 51.7184 
296562 0.0368568 0.00795288 -43145.2 51.8895 
297528 0.0527345 -0.0243409 -42345.7 52.0597 
298494 0.0806685 -0.0696582 -43041.8 52.2291 
299460 0.0449261 -0.0372046 -43153.7 52.3995 
300426 0.0688439 0.03688 -42976.2 52.57 
301392 0.0819079 0.0446993 -43188.8 52.7407 
302358 0.0822171 0.051233 -43588.4 52.9112 
303324 0.0559113 0.0364377 -43348.4 53.0829 
304290 0.0285794 0.00599434 -43810.2 53.2542 
305256 0.0344706 -0.0217456 -44776.7 53.425 
306222 0.0301599 -0.00925026 -44027.3 53.5958 
307188 0.0444679 0.0208966 -44654.6 53.7658 
308154 0.0681063 0.0591251 -45206 53.9359 
309120 0.0878493 0.0495765 -44801.1 54.1051 
310086 0.0498112 -0.0169528 -44359.1 54.2743 
311052 0.043983 0.0244422 -44767 54.4433 
312018 0.0747755 0.0629149 -44317.8 54.6134 
312984 0.0465357 -0.00172015 -44044.7 54.7831 
313950 0.0435411 -0.0102586 -43961.2 54.9516 
314916 0.0907789 0.0393111 -44099.3 55.1196 
315882 0.0582411 -0.0380427 -43653.2 55.2893 
316848 0.0408546 0.03062 -43446.9 55.4583 
317814 0.0733653 0.00175684 -43745.5 55.6289 
318780 0.0798653 0.0518714 -44084.6 55.7981 
319746 0.0936674 0.0430559 -44573.9 55.9666 
320712 0.0234992 -0.0224187 -45200.8 56.1349 
321678 0.038289 -0.00183259 -44618.9 56.3049 
322644 0.0883608 0.0839539 -46050.1 56.4741 
323610 0.0494607 0.0176968 -44927.4 56.6416 
324576 0.0369935 0.0184986 -44581.3 56.8101 
325542 0.0334872 0.0239223 -43811.6 56.9795 
326508 0.0586062 -0.0130425 -44026.4 57.1489 
327474 0.0617772 0.0336202 -43923.2 57.3172 
328440 0.0603638 -0.0345262 -44285.4 57.4852 
329406 0.10624 -0.0993646 -45446.6 57.6546 
330372 0.0541492 0.00105921 -44673.6 57.8221 
331338 0.0225554 -0.0203961 -46221.4 57.9911 
332304 0.0900621 -0.0576664 -45515.3 58.1602 
333270 0.0641379 -0.0284693 -45728.5 58.329 
334236 0.0587972 -0.00771778 -45927.3 58.4973 
335202 0.0393914 -0.00551904 -45736.4 58.6667 
336168 0.0401456 -0.00883551 -45585.8 58.8357 
337134 0.0273368 -0.0201364 -46361.9 59.0053 
338100 0.017973 0.011787 -45558.8 59.1746 
339066 0.0921661 0.0712232 -45096.1 59.3439 
340032 0.0273984 -0.0181139 -45817 59.5145 
340998 0.075798 0.0329071 -44790.3 59.6853 
341964 0.0122406 -0.00924083 -44851.3 59.8571 
342930 0.0283099 0.0222977 -44182.1 60.0276 
343896 0.0752797 0.0369 -44260.1 60.1971 
344862 0.106686 0.0893995 -43910.5 60.3683 
345828 0.062013 0.0486058 -43383.7 60.5393 
346794 0.00840891 0.00143508 -43180.5 60.7086 
347760 0.0305833 -0.00228352 -42001.2 60.8792 
348726 0.0196983 -0.0166089 -43677.8 61.0508 
349692 0.0231728 -0.0063571 -44059 61.2218 
350658 0.0475756 -0.0316208 -42765.6 61.3925 
351624 0.0326433 -0.00892121 -43790.7 61.5638 
352590 0.0452856 0.0192396 -44585.9 61.7342 
353556 0.073002 -0.0490483 -43955.2 61.9046 
354522 0.043481 -0.0126194 -44018.2 62.0762 
355488 0.0319826 -0.0300409 -43992.5 62.2478 
356454 0.0369007 -0.00148366 -44759 62.4188 
357420 0.0320063 -0.0315436 -45459.9 62.5912 
358386 0.0657771 -0.0515997 -44654.1 62.7616 
359352 0.0639153 3.01562e-05 -44477.1 62.9324 
360318 0.0694544 0.00957843 -44262.1 63.1019 
361284 0.0881699 0.0220306 -44420.6 63.2702 
362250 0.0567281 0.0131973 -44090.8 63.439 
363216 0.0476836 -0.00601657 -44112.4 63.6077 
364182 0.034238 -0.00376876 -44893.9 63.7766 
365148 0.051407 -3.19834e-05 -45070.9 63.9473 
366114 0.0528466 0.0265968 -44942.4 64.117 
367080 0.0950482 0.0345602 -45704.8 64.2859 
368046 0.080278 0.0581895 -45561.7 64.4558 
369012 0.0346954 0.0248735 -47548.9 64.6236 
369978 0.0635451 0.0305915 -47161.9 64.7929 
370944 0.0287025 -0.0163422 -46112.7 64.9614 
371910 0.069001 0.0653639 -46831.7 65.13 
372876 0.0643559 0.034601 -46447.9 65.2991 
373842 0.0638969 0.0264268 -45983.7 65.4685 
374808 0.0494629 0.0475172 -46962.1 65.64 
375774 0.0530432 0.0244985 -45622.9 65.8113 
376740 0.0393202 -0.00205057 -44999.8 65.9827 
377706 0.0403177 0.0124266 -44231.9 66.154 
378672 0.0759867 0.0270079 -45374.5 66.3247 
379638 0.0767439 -0.0647287 -45408.2 66.495 
380604 0.0595703 -0.0441098 -45262.8 66.6663 
381570 0.0780905 -0.0502816 -44980.2 66.837 
382536 0.0725465 -0.0543923 -44985.8 67.0101 
383502 0.0172039 -0.00131827 -45229.8 67.1819 
384468 0.0618674 -0.0258953 -44541.3 67.3514 
385434 0.00936076 -0.00880505 -45257.1 67.5223 
386400 0.0539577 0.0414739 -45727.8 67.6942 
387366 0.0930895 -0.0264622 -44693.5 67.8669 
388332 0.0335524 -0.0189928 -45711.8 68.0363 
389298 0.0480013 -0.0414069 -46089.3 68.2069 
390264 0.0513238 -0.0224949 -45184.5 68.378 
391230 0.0209655 -0.00169816 -46182.4 68.548 
392196 0.033915 -0.033316 -46451.8 68.7193 
393162 0.0581057 -0.0471277 -46284.7 68.8887 
394128 0.0247117 0.0139847 -45392.3 69.0577 
395094 0.052174 0.0258413 -45311.1 69.2273 
396060 0.0322294 0.0172418 -44485 69.3965 
397026 0.0495767 -0.037544 -43915.5 69.565 
397992 0.0213415 -0.00824109 -45437.3 69.7345 
398958 0.0411225 -0.0185292 -46042.7 69.9048 
399924 0.0705589 -0.0682958 -46792.7 70.0742 
400890 0.0590873 -0.00605957 -45341.6 70.2463 
401856 0.0756015 0.01215 -45685 70.4161 
402822 0.0457317 -0.0370661 -45865.4 70.5864 
403788 0.0355541 -0.0227207 -46125 70.7555 
404754 0.0435477 0.00508406 -45617.3 70.9243 
405720 0.0317607 0.0045972 -45084.3 71.0937 
406686 0.0544362 -0.00629582 -44743.3 71.2629 
407652 0.0848587 0.0307634 -44644.7 71.4318 
408618 0.0528183 -0.0111279 -44986.9 71.6021 
409584 0.0579509 -0.0183555 -46125.5 71.7707 
410550 0.0261324 0.00251989 -44982.2 71.9394 
411516 0.0563033 -0.0433864 -44773.8 72.1089 
412482 0.0654486 -0.0614134 -45518.2 72.2779 
413448 0.0538536 -0.0244833 -45645.3 72.4476 
414414 0.0279026 -0.00439332 -45200.6 72.6171 
415380 0.0358946 -0.0336291 -45105.9 72.7855 
416346 0.0367725 0.00365797 -45441.1 72.9545 
417312 0.0549151 -0.0490674 -44341.5 73.1243 
418278 0.0390353 0.0335226 -43267.9 73.2927 
419244 0.0371734 -0.0177296 -43325.2 73.4615 
420210 0.0186637 0.0121442 -43129.8 73.6299 
421176 0.0245639 0.000620684 -42769.9 73.7998 
422142 0.104099 0.0862997 -44628 73.9698 
423108 0.0767329 0.0454818 -45085.2 74.1396 
424074 0.0843987 0.046132 -45245.1 74.3091 
425040 0.0648861 -0.0143997 -45402.1 74.4794 
426006 0.064046 -0.0269011 -45475.2 74.6497 
426972 0.063089 0.0581971 -44140.4 74.8193 
427938 0.0489647 0.0484892 -44731.5 74.9898 
428904 0.0402759 -0.036833 -45330.2 75.1611 
429870 0.03013 -0.000456633 -45019.9 75.3296 
430836 0.0285117 0.0250497 -45765.5 75.501 
431802 0.0624808 -0.00872219 -44929.1 75.6724 
432768 0.0291214 -0.00264706 -44755.5 75.8433 
433734 0.052389 -0.0449612 -44716 76.0158 
434700 0.044575 -0.0437192 -45096.4 76.1854 
435666 0.0583513 -0.0218591 -46318.9 76.3574 
436632 0.084564 -0.0576752 -44610.5 76.5293 
437598 0.0459933 -0.0191114 -45771.9 76.7005 
438564 0.0320336 0.00218739 -45918.6 76.8736 
439530 0.0140341 -0.00157795 -45324.1 77.046 
440496 0.0564629 -0.0512116 -46679.8 77.2163 
441462 0.0393859 -0.0370404 -47003.2 77.3888 
442428 0.0560821 -0.0388247 -45847.7 77.561 
443394 0.0598142 -0.0427509 -46066.2 77.7327 
444360 0.0645267 -0.0318631 -46161 77.9047 
445326 0.0418984 -0.00758095 -46221.4 78.0764 
446292 0.0234135 -0.0114346 -44922.6 78.2479 
447258 0.0618485 0.00501636 -45630 78.4196 
448224 0.0521904 -0.00527217 -46370.6 78.592 
449190 0.0295537 -0.0181953 -45954.5 78.764 
450156 0.0924506 -0.0800351 -45931.5 78.9362 
451122 0.11715 -0.0770765 -46712.7 79.1086 
452088 0.0427633 -0.0268335 -46202.4 79.2797 
453054 0.0274103 -0.00258033 -45605.4 79.4507 
454020 0.0720086 -0.0624928 -46377.8 79.6237 
454986 0.0579196 0.0169682 -45541.5 79.7973 
455952 0.0550385 -0.00644152 -45635 79.969 
456918 0.083447 -0.00910769 -45107.9 80.1391 
457884 0.0527484 -0.00341223 -46018.7 80.3137 
458850 0.038408 0.028821 -45316.5 80.4862 
459816 0.065375 0.0366325 -45654.6 80.6583 
460782 0.0500169 -0.00360804 -45651.7 80.8307 
461748 0.0250747 0.024461 -45874 81.0018 
462714 0.0651704 0.0646902 -45391.6 81.1742 
463680 0.0324291 0.011661 -44324.8 81.3465 
464646 0.0300737 0.0139549 -45469.7 81.5189 
465612 0.0420849 0.0416008 -45105.6 81.6908 
466578 0.0889746 0.0572207 -45929.3 81.8608 
467544 0.0675534 0.00537926 -44880.3 82.0321 
468510 0.0772707 0.043213 -44570.7 82.2043 
469476 0.0859315 0.0426276 -44942 82.3767 
470442 0.0964031 -0.0566798 -45398.1 82.5486 
471408 0.0787428 0.0256931 -45781.2 82.7181 
472374 0.0527341 -0.00488836 -46092.1 82.8892 
473340 0.0725395 -0.0579223 -45877 83.0601 
474306 0.0900714 0.0319303 -45918.5 83.2324 
475272 0.121225 0.0661728 -45662.1 83.4029 
476238 0.100115 0.0151037 -44099.4 83.575 
477204 0.0498191 -0.0172015 -43780.4 83.7467 
478170 0.00697604 0.00440632 -44058.7 83.9201 
479136 0.0639721 -0.0464525 -44882.6 84.0919 
480102 0.0458717 0.0147922 -45309 84.2631 
481068 0.0624121 -0.03336 -45491.9 84.436 
482034 0.0494865 -0.0209536 -43638.2 84.6072 
483000 0.0657865 -0.0508929 -44442 84.7802 
483966 0.0157206 -0.00541944 -45074.8 84.9526 
484932 0.0455826 -0.0184214 -44818.3 85.1251 
485898 0.0253861 -0.015879 -44864.4 85.2966 
486864 0.0444597 -0.0180043 -45321.4 85.4672 
487830 0.0527946 -0.034664 -45321.4 85.6375 
488796 0.051696 0.0200623 -44613.2 85.8077 
489762 0.045692 0.0326102 -45036 85.9763 
490728 0.0680226 -0.0500459 -45477 86.145 
491694 0.041717 -0.0388581 -46126 86.3148 
492660 0.0461832 0.0362049 -46061.8 86.4837 
493626 0.0363972 0.00588009 -46489.8 86.6529 
494592 0.0651714 -0.0592633 -46212.8 86.8221 
495558 0.0381943 0.0381861 -46882.3 86.9916 
496524 0.0569174 0.0115924 -45786.2 87.1606 
497490 0.0799016 -0.00121758 -45543.2 87.3293 
498456 0.0690444 -0.0512792 -44386.5 87.4982 
499422 0.0780519 -0.0491736 -44861.1 87.6669 
500388 0.071366 -0.0661364 -44074.9 87.837 
501354 0.0366431 0.00673353 -44465 88.0058 
502320 0.0392188 -0.0323418 -45011.6 88.1764 
503286 0.091066 -0.051547 -43489.9 88.3463 
504252 0.0248679 -0.0110904 -42781.4 88.5165 
505218 0.0396835 -0.0335009 -44439.5 88.6852 
506184 0.0731688 -0.0658572 -45625.5 88.8543 
507150 0.0603892 -0.0573454 -45255.8 89.0231 
508116 0.0461239 0.0045706 -45494.7 89.1931 
509082 0.0295932 -0.00791032 -46009.9 89.3629 
510048 0.0638564 -0.0629266 -46675 89.5294 
511014 0.0680753 0.0467188 -46200.8 89.6951 
511980 0.0811222 0.0584344 -47103.5 89.8639 
512946 0.0405364 -0.0217065 -45710 90.0343 
513912 0.0637616 -0.0485822 -44804.9 90.2033 
514878 0.0271536 -0.0196125 -45096.9 90.3733 
515844 0.025708 0.00455355 -45373.6 90.5427 
516810 0.0415068 -0.0375316 -44863.3 90.7119 
517776 0.0906951 -0.0774817 -44838.4 90.8807 
518742 0.0492987 -0.024965 -44344.2 91.049 
519708 0.0595518 -0.0412221 -45671.8 91.2186 
520674 0.0571887 -0.0377198 -45407.2 91.3877 
521640 0.0649823 -0.032076 -45583.9 91.5572 
522606 0.0370196 -0.0290043 -44681.5 91.726 
523572 0.0405152 -0.0297134 -44941.4 91.8936 
524538 0.0146065 -0.000149249 -45540.7 92.0626 
525504 0.0325754 0.00110137 -43798.8 92.2308 
526470 0.0463228 -0.00168646 -44413.3 92.4004 
527436 0.0569268 -0.0410758 -43773.2 92.5692 
528402 0.0493467 -0.0340133 -44611 92.735 
529368 0.0251862 0.0115603 -44930.4 92.9013 
530334 0.0700578 -0.0410555 -44831.7 93.0714 
531300 0.0748056 -0.0265571 -44857.2 93.2382 
532266 0.0536476 -0.0174668 -45501.9 93.4049 
533232 0.0407956 0.00277171 -45656.1 93.5725 
534198 0.0393337 0.0126004 -45871.6 93.743 
535164 0.0198852 -0.0112574 -45738.5 93.9172 
536130 0.0453518 0.0418332 -45587.3 94.0876 
537096 0.0606893 0.0496752 -45443.6 94.257 
538062 0.0334507 0.0301466 -46591.7 94.4268 
539028 0.0470846 -0.00918883 -45410.1 94.607 
539994 0.0513228 0.0383511 -45871.4 94.8701 
540960 0.0523588 0.00507593 -45513.7 95.1031 
541926 0.0402668 0.00577923 -44846.6 95.2961 
542892 0.0153973 -0.00405871 -44358.9 95.4758 
543858 0.0168426 0.0020711 -43983.2 95.6459 
544824 0.066023 0.0267388 -43396.2 95.8161 
545790 0.0642265 -0.0158135 -45162.5 95.9856 
546756 0.0686609 -0.0243037 -45534.5 96.1531 
547722 0.0706085 -0.0134246 -45819.6 96.3222 
548688 0.0240855 -0.0091176 -44146.5 96.4904 
549654 0.0260156 -0.0177424 -44189.3 96.6603 
550620 0.0316132 -0.00172339 -44400.1 96.8286 
551586 0.0338269 -0.00778108 -44927.6 96.9973 
552552 0.0673563 -0.00849488 -45536.4 97.168 
553518 0.0762487 -0.0476085 -44585.2 97.3369 
554484 0.0527298 0.0320655 -44551.4 97.5075 
555450 0.073746 0.040167 -45965.2 97.6785 
556416 0.0441244 0.0241814 -46312.5 97.8487 
557382 0.0537803 0.0535929 -45576 98.0205 
558348 0.0865362 0.0606846 -46243.1 98.1935 
559314 0.0534965 0.00619043 -46627.7 98.3654 
560280 0.0958819 -0.0279199 -45140.8 98.5375 
561246 0.0614482 -0.0378648 -44784.6 98.71 
562212 0.0596229 -0.0454076 -44578.4 98.8775 
563178 0.0486964 -0.02715 -44511 99.046 
564144 0.0471084 -0.0303927 -43699.6 99.216 
565110 0.038669 -0.0335641 -43081.4 99.3874 
566076 0.0429522 0.00420986 -44502.4 99.5553 
567042 0.0538577 0.000907923 -43405.8 99.7238 
568008 0.111936 0.0449831 -43450.3 99.8918 
568974 0.0894796 0.0361869 -42607.2 100.065 
569940 0.0557091 0.0219168 -42835.8 100.237 
570906 0.0413874 -0.00211995 -43257.9 100.41 
571872 0.0527526 0.0166105 -44763.4 100.582 
572838 0.0690659 0.0543713 -45163.7 100.754 
573804 0.0597526 0.0239924 -44468.4 100.925 
574770 0.0559588 0.0483637 -44055.7 101.095 
575736 0.035818 0.0336961 -45086.7 101.267 
576702 0.0444305 0.0397151 -44357.5 101.439 
577668 0.0242265 0.00484647 -43972.3 101.611 
578634 0.0258249 -0.0138263 -43766.7 101.783 
579600 0.0484628 0.0465017 -44678.4 101.955 
580566 0.034254 -0.00104384 -44597.2 102.128 
581532 0.0268212 0.0148862 -45031.8 102.3 
582498 0.0253291 -0.0108908 -45941.3 102.474 
583464 0.0538156 0.0504291 -46037.7 102.647 
584430 0.0484774 0.0483628 -45173.1 102.821 
585396 0.0625863 0.0576783 -46054.4 102.993 
586362 0.0684264 0.0433095 -47833.1 103.166 
587328 0.0402091 0.0295182 -46457 103.339 
588294 0.0537737 0.038183 -46071.9 103.513 
589260 0.0457908 -0.0164804 -44072.8 103.682 
590226 0.043314 -0.0328705 -44768.1 103.854 
591192 0.0419754 -0.031855 -44162.9 104.026 
592158 0.0679062 0.00471733 -46061.7 104.199 
593124 0.100787 0.0657025 -45407.1 104.372 
594090 0.0500978 -0.0157909 -45426.2 104.545 
595056 0.0393735 0.0208234 -45344.4 104.717 
596022 0.0420223 -0.0285798 -46885 104.889 
596988 0.0918827 -0.0414659 -45951.3 105.062 
597954 0.0194506 0.0167163 -45808 105.234 
598920 0.00899628 -0.000492214 -46041.9 105.406 
599886 0.0219358 0.0111353 -46022.9 105.575 
600852 0.0355717 0.00277763 -43847.8 105.744 
601818 0.0399622 0.0249919 -43231.6 105.914 
602784 0.0578643 0.0360608 -43848.3 106.088 
603750 0.0619576 -0.00429962 -44514.3 106.261 
604716 0.0330599 0.0214575 -44606.2 106.435 
605682 0.0525178 0.0485526 -44679.7 106.605 
606648 0.0435823 0.00945187 -44914 106.778 
607614 0.0601698 0.0381759 -45305.5 106.949 
608580 0.078974 0.0204031 -44933.1 107.122 
609546 0.0869055 0.00196245 -45218.3 107.294 
610512 0.0386395 0.00513615 -45677.5 107.468 
611478 0.0942207 -0.0310801 -44910.8 107.639 
612444 0.0735169 0.0131814 -43783.8 107.81 
613410 0.0219012 -0.0121274 -44081.6 107.98 
614376 0.0367963 0.0352945 -44408.7 108.152 
615342 0.0115324 0.00097975 -45714.7 108.321 
616308 0.0615865 0.0483291 -44828.9 108.495 
617274 0.0375496 -0.0280733 -44766.6 108.668 
618240 0.0177236 0.0146385 -43847.1 108.84 
619206 0.0797568 -0.0775199 -43681.2 109.012 
620172 0.0413904 -0.0267005 -44808.8 109.184 
621138 0.0559176 -0.0301955 -44261 109.357 
622104 0.0472902 0.0199473 -43878.4 109.53 
623070 0.0248589 -0.0232533 -44700.4 109.702 
624036 0.0506317 -0.00268944 -45923.4 109.873 
625002 0.0896249 0.033087 -45467.3 110.044 
625968 0.0344805 0.0307797 -44438.8 110.214 
626934 0.0576445 0.0310644 -45128.1 110.386 
627900 0.0595887 0.0576777 -44307.7 110.555 
628866 0.0660713 0.0508778 -45403.9 110.722 
629832 0.052686 -0.0524271 -44511.6 110.889 
630798 0.0130761 0.007898 -43995.4 111.059 
631764 0.0281236 -0.00486118 -43581.8 111.231 
632730 0.037813 -0.00317827 -42792.9 111.4 
633696 0.0221656 0.0116651 -43579.1 111.57 
634662 0.0464904 0.0377555 -44351.5 111.745 
635628 0.0266772 -0.00651482 -43927.9 111.912 
636594 0.0256361 -0.0109633 -43320.6 112.077 
637560 0.0535575 0.0489975 -43204.2 112.245 
638526 0.0869513 0.0862306 -44172.4 112.414 
639492 0.0387899 0.022397 -44235.2 112.583 
640458 0.022469 0.0213577 -45404 112.752 
641424 0.0364799 0.0334928 -44560 112.921 
642390 0.0831754 0.0445183 -45260.3 113.089 
643356 0.131471 -0.0169264 -45021.2 113.258 
644322 0.0920458 0.0165537 -44546.7 113.427 
645288 0.0587412 -0.00340398 -44740.6 113.596 
646254 0.0671451 -0.0395574 -44881.5 113.764 
647220 0.0364763 -0.00270853 -44037.2 113.932 
648186 0.0339904 -0.0015146 -45101.9 114.102 
649152 0.0679131 0.0303799 -45780.1 114.271 
650118 0.0537325 0.0175527 -46151 114.439 
651084 0.0455806 0.00753853 -44599.4 114.607 
652050 0.0390872 -0.00322953 -44754.5 114.776 
653016 0.0702649 0.0158332 -44568.1 114.945 
653982 0.0624873 0.0149011 -44241 115.115 
654948 0.0567962 -0.0388955 -44032.5 115.284 
655914 0.0496731 0.0480041 -43611.1 115.454 
656880 0.0451144 0.00121671 -43530.5 115.623 
657846 0.0672432 0.0128771 -43187.7 115.791 
658812 0.0309717 -0.00614597 -43728.3 115.959 
659778 0.027425 0.0186745 -43907.2 116.126 
660744 0.051876 0.0409565 -44901.1 116.295 
661710 0.0414984 0.0102534 -44110 116.464 
662676 0.0743816 -0.0612422 -43170.1 116.634 
663642 0.0449271 0.0268676 -43655.8 116.806 
664608 0.0284584 -0.00764285 -43001.9 116.978 
665574 0.0349431 -0.02698 -43026.3 117.151 
666540 0.0490989 -0.0397741 -43570.3 117.322 
667506 0.0551058 -0.0069132 -44537.9 117.495 
668472 0.067899 -0.00218368 -43856.9 117.665 
669438 0.0377356 -0.026769 -43811.1 117.838 
670404 0.0548349 0.0120644 -45016.1 118.009 
671370 0.0158951 -0.0100983 -46097.4 118.178 
672336 0.0357136 -0.00776254 -45854.7 118.346 
673302 0.0787708 -0.0324728 -45662.2 118.515 
674268 0.0855284 0.0529257 -45828.6 118.685 
675234 0.0355333 0.00409641 -46356.7 118.858 
676200 0.0568987 0.0456363 -45621.3 119.03 
677166 0.0674126 0.0663918 -45300.1 119.203 
678132 0.0786927 0.0482537 -45012.9 119.375 
679098 0.00476071 0.00383864 -44670.8 119.547 
680064 0.0430865 -0.0263532 -44543.9 119.719 
681030 0.0617631 -0.0501569 -44577.9 119.891 
681996 0.0269972 -0.0245818 -42961.7 120.062 
682962 0.0527094 0.00392238 -43541.7 120.233 
683928 0.048138 -0.0242743 -43537.4 120.405 
684894 0.0515911 0.0285712 -44287.5 120.576 
685860 0.027604 -0.0216579 -45046.4 120.748 
686826 0.0207804 0.00968582 -44213.3 120.921 
687792 0.0760517 0.0716894 -43932 121.094 
688758 0.0245688 0.0147223 -44126.3 121.265 
689724 0.0541873 0.0246996 -44884.9 121.437 
690690 0.0622119 -0.0407359 -44924.9 121.608 
691656 0.0389123 -0.0129287 -44198.6 121.78 
692622 0.0279945 0.0184885 -43496.2 121.953 
693588 0.0289086 -0.00957927 -43615.8 122.125 
694554 0.0321046 0.00559454 -44033.4 122.297 
695520 0.0232081 0.0148274 -43271.1 122.47 
696486 0.073167 -0.0360061 -42953.4 122.642 
697452 0.0609126 0.0571646 -44759.7 122.813 
698418 0.0959161 0.0188489 -44929.3 122.983 
699384 0.0308687 -0.00905066 -44881.4 123.152 
700350 0.0421042 -0.000434086 -44940.3 123.323 
701316 0.0332271 0.0253464 -43839 123.491 
702282 0.0644447 0.0195246 -45278.6 123.661 
703248 0.0725911 0.0165195 -44835 123.832 
704214 0.0314163 0.00259987 -44303.4 123.999 
705180 0.0510242 0.0400948 -44925.4 124.171 
706146 0.0863316 0.0409685 -44834.2 124.339 
707112 0.0627741 -0.0246003 -45227.8 124.505 
708078 0.0450509 0.00505562 -44173.2 124.673 
709044 0.0360304 -0.01149 -44768.9 124.842 
710010 0.0224967 -0.0167963 -45071.4 125.016 
710976 0.0692917 -0.0653598 -45839.7 125.189 
711942 0.0411302 0.00812476 -45378.4 125.358 
712908 0.0722733 -0.0621816 -44847.4 125.524 
713874 0.0397756 -0.0306452 -43951 125.692 
714840 0.044847 -0.0244151 -45349.4 125.861 
715806 0.0431025 0.0260878 -45754.1 126.03 
716772 0.0094908 0.00628183 -45900.4 126.199 
717738 0.0304281 -0.00263171 -45381.2 126.368 
718704 0.0379158 -0.0317316 -44785.6 126.537 
719670 0.062519 -0.0523943 -43068.1 126.706 
720636 0.0737047 -0.0530443 -43668.3 126.876 
721602 0.0442614 0.00287409 -43208.5 127.045 
722568 0.10844 -0.102175 -43895.7 127.213 
723534 0.0341734 -0.0121852 -43625.8 127.381 
724500 0.0392575 -0.0309645 -43249.3 127.548 
725466 0.0770094 -0.0683647 -44054 127.717 
726432 0.0181401 -0.00809253 -43415.8 127.888 
727398 0.0583523 0.0232933 -43352.8 128.056 
728364 0.0391262 -0.0111424 -43821.7 128.224 
729330 0.0384706 0.00148715 -44546.9 128.391 
730296 0.0399613 0.0193729 -44276.1 128.559 
731262 0.0487038 -7.60417e-05 -46105 128.729 
732228 0.0232797 -0.0222141 -45769.5 128.9 
733194 0.0885764 -0.010248 -45295.4 129.069 
734160 0.0782126 -0.0453954 -44426.7 129.238 
735126 0.0798926 -0.0101843 -44703.4 129.408 
736092 0.0792416 -0.024629 -44049.4 129.576 
737058 0.0392558 -0.0215963 -42828.1 129.747 
738024 0.0165763 -0.01442 -42559.9 129.916 
738990 0.0403467 0.0182812 -43530.2 130.084 
739956 0.0635359 0.0600639 -44552.9 130.252 
740922 0.0381797 -0.0355093 -44165.5 130.422 
741888 0.0482044 -0.0468527 -44132.1 130.591 
742854 0.0540033 -0.0393059 -43265 130.759 
743820 0.0384156 -0.0344646 -42901.7 130.93 
744786 0.0348229 -0.0243126 -43070.5 131.1 
745752 0.0488194 -0.041144 -43587.6 131.27 
746718 0.0150836 -0.0111516 -44030.6 131.44 
747684 0.0749637 -0.052323 -45044.5 131.61 
748650 0.0409722 -0.0391787 -44886.1 131.78 
749616 0.0321653 -0.0314666 -46671.7 131.95 
750582 0.0560066 -0.0366478 -46360.2 132.118 
751548 0.0859931 -0.059289 -46267.4 132.287 
752514 0.060104 -0.0148727 -46139.2 132.456 
753480 0.0700715 -0.0381258 -46260.9 132.625 
754446 0.054363 -0.0254789 -45477.3 132.794 
755412 0.0814536 -0.0761581 -45475 132.962 
756378 0.0762082 0.0170901 -45206.1 133.131 
757344 0.0433985 0.0321368 -44561.9 133.299 
758310 0.0372559 -0.0357642 -45240.6 133.467 
759276 0.0747812 0.0268396 -44897.5 133.634 
760242 0.080678 0.00727275 -45248 133.801 
761208 0.0981939 0.0487767 -45295.6 133.968 
762174 0.0561117 -0.0229538 -44580.3 134.136 
763140 0.0241937 -0.0108594 -45759.5 134.304 
764106 0.0354416 -0.0295997 -45738.1 134.475 
765072 0.0235626 0.0094158 -44387.6 134.644 
766038 0.0673527 0.0369124 -44340.2 134.814 
767004 0.027562 0.000924969 -43998.8 134.983 
767970 0.0607374 0.0564627 -44040.5 135.152 
768936 0.047413 -0.0320558 -42241.3 135.32 
769902 0.0333375 -0.0288112 -43637.2 135.49 
770868 0.0826542 0.0455795 -42214.6 135.659 
771834 0.0291879 0.0214024 -42952.4 135.83 
772800 0.0362963 0.035837 -42639.3 136 
773766 0.0767311 0.0653023 -43920 136.17 
774732 0.0576566 0.0372548 -43675.2 136.338 
775698 0.0611536 0.021979 -44068.3 136.507 
776664 0.0544462 0.0186077 -44960.8 136.676 
777630 0.0395699 -0.0204674 -45407.9 136.843 
778596 0.086693 -0.0182892 -44568.3 137.012 
779562 0.0694995 0.00930803 -44731.6 137.18 
780528 0.0618781 0.00605758 -44944.8 137.348 
781494 0.0986674 -0.06607 -44091.1 137.516 
782460 0.0567005 0.00731403 -44264.3 137.684 
783426 0.0637405 -0.0302116 -44836.3 137.853 
784392 0.0670345 -0.0554788 -44001.4 138.022 
785358 0.0591793 -0.00633221 -44379.7 138.19 
786324 0.0540246 0.0411466 -45033.7 138.358 
787290 0.0435412 0.0144271 -44728 138.527 
788256 0.0310941 0.0220163 -44118.4 138.695 
789222 0.02246 0.0101867 -43108.6 138.863 
790188 0.0512505 0.01404 -42359 139.034 
791154 0.0381234 0.0151583 -43795.2 139.203 
792120 0.0312359 0.0254204 -43989.4 139.372 
793086 0.00920544 -0.00796933 -44037.4 139.541 
794052 0.0302105 -0.00962456 -44808.7 139.709 
795018 0.0513529 0.0286759 -45540.5 139.878 
795984 0.0509015 -0.042852 -45350.4 140.045 
796950 0.089212 0.0164467 -45951.6 140.212 
797916 0.0482846 0.0261684 -45277.2 140.378 
798882 0.0511941 -0.0423091 -46050 140.549 
799848 0.0702007 -0.0204705 -45978 140.718 
800814 0.0284563 0.0280991 -45835.3 140.886 
801780 0.0139615 0.0131603 -44849.5 141.056 
802746 0.0306599 0.0187702 -45945.4 141.224 
803712 0.0181068 -0.0134847 -46468.5 141.394 
804678 0.0193114 -0.00310166 -46163.9 141.564 
805644 0.0650173 -0.0279985 -47758.3 141.732 
806610 0.0686751 0.00879581 -46843.4 141.902 
807576 0.0219682 0.0113492 -45268.7 142.072 
808542 0.0255266 0.00066601 -45075.9 142.241 
809508 0.0395029 -0.0256044 -45534.2 142.409 
810474 0.0426623 -0.0336434 -44383.5 142.578 
811440 0.0295331 0.0101244 -44851.6 142.748 
812406 0.0368973 -0.0254738 -45610.2 142.917 
813372 0.0666458 -0.0534468 -45689.2 143.086 
814338 0.0207676 -0.00542552 -44648.4 143.256 
815304 0.0411785 -0.0144068 -44388.7 143.427 
816270 0.0274925 -0.000548792 -43710.5 143.596 
817236 0.0516578 -0.0153497 -42763.6 143.764 
818202 0.0502717 -0.0182473 -43982 143.933 
819168 0.04585 -0.0164243 -43097 144.103 
820134 0.00765249 0.00329715 -44331 144.271 
821100 0.0789011 0.0670901 -45052.9 144.44 
822066 0.0725865 0.00991302 -45306.6 144.609 
823032 0.0881203 0.0467247 -46737.5 144.779 
823998 0.0805753 0.0546468 -46188.2 144.949 
824964 0.0555024 0.0540943 -45025.4 145.117 
825930 0.0210576 -0.0185369 -44583.3 145.283 
826896 0.0184989 0.0113544 -45831.2 145.449 
827862 0.0163437 0.00624921 -46552.2 145.614 
828828 0.0126563 -0.00866067 -45740.2 145.78 
829794 0.0497583 0.0172852 -46322.9 145.949 
830760 0.0340814 -0.00709034 -45919 146.118 
831726 0.0548484 0.0390886 -44629.6 146.288 
832692 0.0621144 0.0473111 -44942.3 146.456 
833658 0.0459349 0.00360476 -43393.8 146.625 
834624 0.0397018 0.0379451 -43764.1 146.792 
835590 0.0418499 0.0262091 -45703.7 146.96 
836556 0.0344384 -0.00431777 -44876.5 147.127 
837522 0.0130055 -0.0116314 -44925.7 147.293 
838488 0.0448563 -0.0145895 -44894 147.461 
839454 0.0423028 -0.0215681 -43916.1 147.629 
840420 0.0582914 0.0378681 -44521.5 147.801 
841386 0.0804105 -0.0510786 -44846.6 147.969 
842352 0.0279009 -0.0141956 -45577.5 148.139 
843318 0.064115 0.0234877 -46603.5 148.307 
844284 0.0277992 -0.0164572 -45232.9 148.477 
845250 0.0543111 -0.0172172 -43638.7 148.646 
846216 0.0613588 -0.0610675 -44460.2 148.814 
847182 0.0746282 -0.0172322 -44875.6 148.983 
848148 0.0443709 -0.0299379 -43366.6 149.152 
849114 0.0329233 0.0169799 -42783.2 149.321 
850080 0.0250194 -0.00595313 -44051.5 149.489 
851046 0.0505608 0.0310492 -45093 149.658 
852012 0.0331788 0.0163239 -45459 149.827 
852978 0.0813954 0.0454693 -43687.7 149.996 
853944 0.0358432 0.0345202 -44134.1 150.164 
854910 0.0245687 -0.00687223 -44775.7 150.335 
855876 0.0545991 -0.0259069 -45251.8 150.503 
856842 0.0270264 0.0116985 -46077.3 150.671 
857808 0.0720031 -0.0120545 -46018.6 150.839 
858774 0.0729066 -0.0512127 -44737.2 151.008 
859740 0.0471595 -0.0184907 -44959 151.177 
860706 0.0586215 -0.0495501 -45454.3 151.347 
861672 0.0707876 -0.00429736 -45065.5 151.516 
862638 0.0265224 0.0240387 -44648 151.685 
863604 0.0215726 0.0157092 -43921.4 151.853 
864570 0.03582 0.0263314 -45316 152.022 
865536 0.0435676 -0.0015171 -45249.4 152.191 
866502 0.0592558 -0.0427794 -45958.1 152.359 
867468 0.040152 -0.028782 -46394.7 152.527 
868434 0.0325329 -0.00687931 -45380.6 152.696 
869400 0.0326376 0.0313496 -44851.6 152.862 
870366 0.0367915 -0.0323657 -44045.7 153.027 
871332 0.0482766 0.00651551 -44911.8 153.193 
872298 0.0169831 -0.0169605 -44529.8 153.361 
873264 0.0311965 -0.0297351 -44811.5 153.531 
874230 0.0385871 -0.0195546 -44732.3 153.701 
875196 0.0550737 -0.0515143 -44285.9 153.872 
876162 0.0463323 0.0111052 -45827.1 154.041 
877128 0.0521942 0.0422205 -45190.2 154.211 
878094 0.0219278 0.00291958 -46207.9 154.379 
879060 0.0586994 0.050966 -46003.1 154.547 
880026 0.0279659 -0.00863479 -45957.3 154.714 
880992 0.0543746 0.0176091 -45933.9 154.88 
881958 0.0429334 0.0217162 -45327.8 155.05 
882924 0.053333 0.0306636 -44559.6 155.217 
883890 0.0427885 0.0246098 -44604.9 155.384 
884856 0.0393872 -0.0193099 -44407.8 155.554 
885822 0.043007 -0.0218468 -45342.3 155.723 
886788 0.0691017 0.036829 -45541.7 155.891 
887754 0.0802563 0.0170404 -44866.7 156.06 
888720 0.120301 0.0837607 -44382 156.228 
889686 0.113466 0.0634165 -46188.3 156.398 
890652 0.0732023 0.0263625 -45773.1 156.567 
891618 0.0172416 -0.00512136 -45303.1 156.736 
892584 0.0406498 0.0298618 -44568.5 156.904 
893550 0.0640557 0.0178372 -44159.4 157.072 
894516 0.0419535 6.40808e-07 -43779.3 157.241 
895482 0.0440065 0.0347682 -44883.7 157.41 
896448 0.0644882 -0.00581207 -45020.9 157.579 
897414 0.0327221 0.0046759 -44753.6 157.746 
898380 0.0439128 -0.0219396 -45203.3 157.914 
899346 0.0116467 -0.00252752 -44893.8 158.081 
900312 0.0699198 -0.0293218 -44099.7 158.25 
901278 0.0335258 -0.00379584 -44295.1 158.417 
902244 0.0570181 -0.0104149 -44654.6 158.587 
903210 0.0524053 -0.0331006 -44315.5 158.756 
904176 0.0456233 0.0110709 -44966.2 158.924 
905142 0.0660652 0.00109491 -45628.3 159.093 
906108 0.0656207 0.016239 -44841.9 159.261 
907074 0.0506949 -0.00163706 -44086 159.43 
908040 0.0233482 -0.0107114 -44810.4 159.599 
909006 0.0315043 -0.000169622 -44541.7 159.768 
909972 0.0248674 -0.0194786 -44667 159.936 
910938 0.0194502 0.00829216 -43854.9 160.105 
911904 0.0421401 -0.0394867 -44182.4 160.273 
912870 0.0240789 0.0218079 -43973 160.443 
913836 0.0523269 0.0183971 -45180.3 160.613 
914802 0.0456523 0.0410588 -45595.4 160.78 
915768 0.0312154 -0.0163988 -43740.6 160.95 
916734 0.0249324 -0.0164844 -43126.9 161.12 
917700 0.0403236 -0.011167 -44093.8 161.289 
918666 0.0391084 -0.0205606 -43988.1 161.459 
919632 0.0693358 -0.0322215 -43983.4 161.63 
920598 0.0600558 -0.00583959 -43701.7 161.803 
921564 0.0298342 0.011048 -44210.2 161.975 
922530 0.0374223 0.00208788 -44219.5 162.146 
923496 0.0678208 0.0200418 -44694.4 162.316 
924462 0.0632367 -0.00592283 -46298.2 162.486 
925428 0.080695 0.0404438 -45889.7 162.657 
926394 0.0455154 0.0194679 -45965.9 162.829 
927360 0.101711 0.0369275 -45785.9 163 
928326 0.103539 0.0156497 -45691.7 163.172 
929292 0.105095 -0.0326297 -45812.7 163.338 
930258 0.0677775 -0.0424779 -45009.7 163.506 
931224 0.0581142 0.0270326 -45187.8 163.676 
932190 0.0151268 0.00291546 -45464.7 163.847 
933156 0.0623387 -0.00424654 -45605.5 164.015 
934122 0.0607283 0.0192186 -44040.2 164.184 
935088 0.0384449 0.012548 -43610.2 164.353 
936054 0.0159707 -0.00576248 -43173.5 164.522 
937020 0.050283 0.0151825 -44084.2 164.693 
937986 0.0485222 0.0390538 -45245.5 164.861 
938952 0.0443799 0.0160281 -44588.4 165.03 
939918 0.0287792 0.00783793 -44895.1 165.199 
940884 0.0594713 0.0448774 -43683 165.368 
941850 0.0456331 -0.00938315 -44935.7 165.537 
942816 0.0600463 0.0202429 -45303.1 165.707 
943782 0.0421383 0.0203238 -45269.6 165.878 
944748 0.0632939 0.0300651 -44040.3 166.049 
945714 0.0394644 -0.0295087 -44406.8 166.217 
946680 0.101073 -0.0259577 -43245.7 166.386 
947646 0.106979 -0.0198753 -44188.1 166.555 
948612 0.0592809 0.0242247 -43790.2 166.724 
949578 0.0427737 0.0277397 -44464 166.894 
950544 0.0282484 -0.00913884 -44487.3 167.063 
951510 0.0426712 -0.0176192 -44442.9 167.231 
952476 0.0537663 0.0176847 -44416.5 167.4 
953442 0.0680197 0.0585669 -44323.4 167.569 
954408 0.0230789 0.0107119 -44896.5 167.738 
955374 0.0431821 0.0327624 -45582.2 167.906 
956340 0.0341313 0.0182534 -44822.6 168.075 
957306 0.0472674 0.0425251 -45264.4 168.243 
958272 0.0681364 -0.0025906 -44472.6 168.414 
959238 0.0706604 -0.0174919 -43783.4 168.583 
960204 0.0796363 -0.0532975 -44518.9 168.751 
961170 0.0256781 -0.0128763 -44751.5 168.92 
962136 0.0608084 0.0347272 -45447.9 169.088 
963102 0.0316831 -0.0215921 -45560.7 169.256 
964068 0.0382338 0.0341097 -45058.9 169.421 
965034 0.0242296 0.0135204 -44928.6 169.587 
966000 0.049503 0.0366394 -45165.8 169.755 
