0 0.0426768 0.0375018 -34311.5 0 
966 0.0365045 0.0186666 -39089.9 0.169791 
1932 0.0710635 0.0670806 -43781.1 0.343624 
2898 0.0733927 0.0634849 -43918.3 0.516156 
3864 0.0309323 0.00260704 -42853.3 0.687528 
4830 0.043375 -0.00611783 -43750.9 0.857115 
5796 0.0792753 -0.0750819 -43478 1.02704 
6762 0.0315956 -0.00795644 -45840.6 1.19508 
7728 0.0335874 0.0312277 -45099.5 1.36206 
8694 0.0550762 -0.0199417 -44390.3 1.53065 
9660 0.0747182 0.0312798 -43888.2 1.70035 
10626 0.0306097 0.00670064 -43575.5 1.87141 
11592 0.0417917 -0.0413783 -43736.7 2.04139 
12558 0.0509679 -0.0307933 -43849.7 2.21041 
13524 0.0854627 -0.0684911 -43806.7 2.3789 
14490 0.0396901 -0.0389537 -43808.4 2.54783 
15456 0.0523219 -0.0471949 -44331.3 2.71774 
16422 0.0393594 -0.03367 -43367.2 2.88899 
17388 0.0541693 -0.0432332 -44370 3.0589 
18354 0.0908867 -0.0883368 -44585 3.22769 
19320 0.0612092 -0.0605928 -44564.9 3.39752 
20286 0.0696647 -0.0651191 -44529.1 3.56489 
21252 0.0413066 -0.0115376 -45596.1 3.73499 
22218 0.0347513 -0.0256945 -46613.6 3.90481 
23184 0.0411641 8.4704e-05 -46474 4.07455 
24150 0.068909 -0.0379033 -45444.6 4.2448 
25116 0.0479763 0.00544514 -45787.6 4.41408 
26082 0.0250368 0.00895216 -44478.7 4.58402 
27048 0.0277909 -0.0123315 -44333.2 4.75366 
28014 0.0323148 0.026641 -43662.2 4.92222 
28980 0.0500793 -0.0123454 -43592.4 5.08999 
29946 0.0602645 -0.0149991 -44525.9 5.25615 
30912 0.0257519 0.020911 -45455.8 5.42545 
31878 0.0623675 0.00126918 -45051.1 5.59742 
32844 0.0528307 -0.00264601 -44987.2 5.76725 
33810 0.0375433 -0.00481489 -43453.9 5.93675 
34776 0.0152053 -0.0144173 -43653.2 6.10681 
35742 0.0352138 -0.0201101 -44312.1 6.27598 
36708 0.0199504 0.0155914 -43659.8 6.44511 
37674 0.0269054 -0.0248049 -44319.8 6.61452 
38640 0.0490269 -0.0183191 -44965.6 6.78259 
39606 0.020239 -0.0144965 -44975.6 6.94871 
40572 0.0602219 -0.0363012 -45728.2 7.12184 
41538 0.0536553 -0.0497875 -44458.9 7.29072 
42504 0.0080955 -0.00677763 -44068.2 7.46505 
43470 0.0448819 -0.0189935 -45325 7.63902 
44436 0.0244402 0.00510959 -45000 7.80742 
45402 0.0520834 0.00594315 -44616.7 7.98044 
46368 0.0304098 -0.0145075 -44364.8 8.15459 
47334 0.0421584 -0.0329166 -44712.1 8.32145 
48300 0.0248201 -0.0170375 -44078.6 8.48787 
49266 0.0942698 -0.036995 -44830 8.65359 
50232 0.0430689 -0.00146869 -44703.9 8.81831 
51198 0.0390535 -0.0306062 -44756.4 8.98344 
52164 0.0450397 -0.0324818 -44038.9 9.14779 
53130 0.0851329 -0.0216718 -43415 9.31354 
54096 0.07349 -0.0570562 -44099.6 9.48113 
55062 0.0587178 -0.0289028 -44273.1 9.64901 
56028 0.0387394 -0.0203904 -44623.6 9.81726 
56994 0.0350853 -0.00119497 -43637.9 9.9845 
57960 0.106626 0.00973649 -44103.1 10.1494 
58926 0.0553388 -0.00476104 -45162.3 10.3141 
59892 0.0731977 0.0417705 -45237.3 10.479 
60858 0.0696441 -0.0361585 -44397.5 10.6446 
61824 0.0660161 -0.0415829 -43392.5 10.8087 
62790 0.0210571 0.0051981 -44321.2 10.974 
63756 0.0402545 -0.0231172 -44484.1 11.1396 
64722 0.0318832 0.00929006 -44894.6 11.3057 
65688 0.0572085 -0.027785 -43447.1 11.471 
66654 0.0568281 -0.0125188 -43747.4 11.6374 
67620 0.0506322 -0.0175312 -43077.6 11.8053 
68586 0.031494 -0.0293763 -43567.1 11.9747 
69552 0.0684351 -0.0674818 -43566.6 12.1435 
70518 0.0610861 -0.0246162 -44293.4 12.3108 
71484 0.0988995 0.0158814 -45019.7 12.4763 
72450 0.0568825 -0.00266554 -44767.6 12.6415 
73416 0.0287631 -0.026908 -45478.1 12.8092 
74382 0.0318052 -0.0206981 -45488.7 12.9752 
75348 0.0388774 0.0324156 -44937.8 13.1412 
76314 0.0223257 0.00566765 -44064.2 13.3074 
77280 0.0587478 -0.0481837 -44084.2 13.4747 
78246 0.0296105 0.0107827 -42682.5 13.6397 
79212 0.049661 -0.00147553 -43792.5 13.8047 
80178 0.0743334 0.00107396 -43968.8 13.9705 
81144 0.0665027 -0.0254453 -44958.2 14.1372 
82110 0.0395542 -0.0201687 -43424.4 14.3025 
83076 0.0486263 -0.0454507 -44645.6 14.4681 
84042 0.0660982 -0.0611104 -45075.8 14.6359 
85008 0.0581689 -0.031332 -44044.8 14.8044 
85974 0.0371967 0.00243488 -44245.5 14.9725 
86940 0.0287544 0.0118853 -44578.3 15.1412 
87906 0.0469037 -0.0215917 -44565.2 15.3113 
88872 0.0381411 0.0278189 -44256.4 15.4783 
89838 0.0238119 -0.00101275 -43802.9 15.6433 
90804 0.0169153 -0.0138892 -43265.6 15.8087 
91770 0.0307353 -0.0123587 -43982.1 15.9764 
92736 0.0211318 0.0177112 -44442.1 16.1464 
93702 0.0348911 -0.00725479 -44910.2 16.315 
94668 0.0292139 -0.010475 -43652.1 16.4846 
95634 0.0624007 -0.0412625 -45581.6 16.6539 
96600 0.025169 -0.0148677 -44973 16.824 
97566 0.0346244 -0.00181745 -44678.2 16.9942 
98532 0.0962461 0.081995 -45876.6 17.1632 
99498 0.0631601 0.0492819 -45209.2 17.3352 
100464 0.0565517 0.0494189 -44777.1 17.5059 
101430 0.0560064 0.0511886 -45064.6 17.6766 
102396 0.0477125 0.0186509 -44741.9 17.8464 
103362 0.0493073 0.0282699 -44805.3 18.0189 
104328 0.0179081 0.0108841 -45841.5 18.1883 
105294 0.00580959 -0.00574985 -45805.1 18.3587 
106260 0.049609 -0.0335099 -45437.7 18.5284 
107226 0.0729003 0.0256876 -45124.3 18.7002 
108192 0.0426299 -0.0141443 -45399.6 18.8711 
109158 0.0722764 0.0708941 -45218 19.0414 
110124 0.0451585 0.0413412 -45942.1 19.2111 
111090 0.0468944 -0.021313 -44336.9 19.3829 
112056 0.0351439 -0.0139645 -44364.6 19.5525 
113022 0.0675709 0.0206596 -45133.7 19.723 
113988 0.0895136 0.0250605 -45297.4 19.8946 
114954 0.0334081 0.00504674 -45160 20.0651 
115920 0.0326965 0.00531613 -44756.6 20.2347 
116886 0.0209545 0.0167796 -44157 20.4045 
117852 0.0553968 0.00285227 -44229.2 20.5759 
118818 0.0398543 0.00636655 -44497.6 20.746 
119784 0.0555158 -0.0426763 -45195 20.9148 
120750 0.0373886 0.00726148 -46050.7 21.0849 
121716 0.0624791 0.0574201 -46690.8 21.2554 
122682 0.020929 0.00254763 -44666.3 21.4265 
123648 0.0428233 -0.0307996 -45211.3 21.5969 
124614 0.0271824 -0.00343792 -45462.1 21.7653 
125580 0.0484418 -0.0476367 -45839.2 21.9355 
126546 0.0579132 -0.0408217 -45401.7 22.1043 
127512 0.0729733 -0.0567049 -45813.2 22.2737 
128478 0.0628742 -0.0627875 -44868.9 22.443 
129444 0.0645798 -0.0552715 -44318.6 22.613 
130410 0.0528961 -0.0337363 -44188 22.7838 
131376 0.0530379 -0.0120664 -45391.8 22.9522 
132342 0.0335461 0.00122261 -45074.8 23.1219 
133308 0.0478085 0.0042009 -44261.2 23.2925 
134274 0.0291047 -0.0193102 -43855.5 23.4637 
135240 0.0504206 0.0360445 -44017.3 23.6329 
136206 0.0357442 -0.00658873 -44260.7 23.8028 
137172 0.050832 0.048202 -45616.8 23.972 
138138 0.0352411 0.0136638 -44228.8 24.1414 
139104 0.0297206 -0.0075408 -44791.4 24.3101 
140070 0.0382386 0.0307521 -44627.1 24.4817 
141036 0.111608 0.106367 -44489.6 24.6504 
142002 0.0413942 0.0375158 -44666.8 24.8194 
142968 0.0260686 0.0118835 -43998.1 24.9892 
143934 0.0926334 0.0905237 -44439.2 25.1595 
144900 0.0335193 0.0140698 -43856.3 25.3302 
145866 0.0486371 0.0370827 -44771.3 25.5008 
146832 0.0619464 0.0527718 -44310.6 25.6711 
147798 0.031913 0.0233995 -43848.8 25.8415 
148764 0.055946 -0.0154597 -44808 26.0131 
149730 0.0161078 -0.01529 -45809.7 26.1822 
150696 0.0765306 0.0628375 -45091.4 26.3514 
151662 0.0481028 -0.0406193 -45583.6 26.5225 
152628 0.0158245 0.00896132 -45333.2 26.6923 
153594 0.0530321 0.0023011 -44715.7 26.862 
154560 0.0221949 0.00062096 -44747.3 27.0309 
155526 0.0311352 0.0262441 -43412.4 27.202 
156492 0.0324017 -0.00788077 -43880.2 27.3715 
157458 0.0345881 0.00758906 -43142 27.5415 
158424 0.0263229 0.0111511 -43205.9 27.7146 
159390 0.049083 0.0267657 -44659.8 27.8847 
160356 0.0362117 0.0132536 -43571.4 28.0536 
161322 0.0498082 -0.0494753 -44224.7 28.2219 
162288 0.0412028 -0.0262912 -44971.5 28.391 
163254 0.05554 -0.0405201 -45811.7 28.563 
164220 0.034186 -0.0290977 -47426.7 28.7323 
165186 0.0290648 -0.00530168 -46760.9 28.9036 
166152 0.0447939 -0.0142746 -46592.3 29.074 
167118 0.00538446 0.0017423 -45360.7 29.2441 
168084 0.0503609 -0.0422401 -45131.4 29.4162 
169050 0.0520072 -0.0332609 -45464.1 29.5859 
170016 0.0624415 -0.0517055 -44452.5 29.7555 
170982 0.0233719 -0.00563449 -45064.1 29.924 
171948 0.0299869 -0.00449382 -45177.5 30.0931 
172914 0.018292 -0.00907707 -46141.1 30.2626 
173880 0.0192844 -0.0180912 -45354.8 30.4315 
174846 0.0487291 0.00406689 -45520.7 30.6012 
175812 0.0652604 -0.0248187 -44683.2 30.7723 
176778 0.0562604 -0.048643 -44636.3 30.9427 
177744 0.0617535 0.00463231 -44565.7 31.1121 
178710 0.0605033 -0.0569132 -44582.3 31.281 
179676 0.0481036 0.0194854 -43108.3 31.4522 
180642 0.0612956 0.01522 -43383.1 31.6219 
181608 0.0837971 -0.0527694 -42689.2 31.7919 
182574 0.0317348 -0.0232354 -43951.8 31.9614 
183540 0.0586159 -0.000788123 -44639.2 32.1335 
184506 0.0661062 -0.0364129 -45139.7 32.3026 
185472 0.0896649 0.0302049 -46211.4 32.4731 
186438 0.0812993 -0.032666 -46819.5 32.6425 
187404 0.0410182 0.016104 -46671.7 32.8129 
188370 0.0395767 0.0168225 -46386.7 32.9826 
189336 0.0184763 -8.44435e-05 -47005.2 33.1525 
190302 0.0497872 0.0310393 -45829.4 33.3217 
191268 0.0457058 -0.0291796 -46453.4 33.4918 
192234 0.0343129 -0.00993172 -45730 33.6614 
193200 0.0263966 -0.00262981 -45389.1 33.8313 
194166 0.0435728 -0.0333779 -44816.3 34.0017 
195132 0.0408593 -0.0179992 -44935.3 34.1723 
196098 0.0428944 -0.0262265 -45173.5 34.3434 
197064 0.0644433 -0.0184646 -45146 34.5127 
198030 0.0720007 -0.0668582 -46217.1 34.6819 
198996 0.0290444 0.010663 -45883 34.8511 
199962 0.0488489 0.0182084 -45605.7 35.0211 
200928 0.0485114 -0.0128743 -46420.5 35.1872 
201894 0.0700897 -0.0102904 -46068.5 35.3565 
202860 0.0167906 -0.00225242 -44740.7 35.525 
203826 0.043851 0.0313605 -45198.4 35.6943 
204792 0.0571005 0.0537618 -45012.9 35.8653 
205758 0.0375197 0.0127172 -44326.2 36.035 
206724 0.032321 0.0148571 -44430.3 36.2041 
207690 0.049352 -0.041998 -43566.9 36.373 
208656 0.0584088 -0.00637799 -44544.4 36.5439 
209622 0.0267523 -0.0267032 -45796.7 36.7131 
210588 0.0800598 -0.0724554 -46567.8 36.8828 
211554 0.0501201 -0.0455059 -46222.6 37.0529 
212520 0.0527186 0.00477126 -46376.5 37.2235 
213486 0.05356 0.0218153 -44735.9 37.3933 
214452 0.0370203 -0.00865569 -44703.4 37.5628 
215418 0.083667 0.0738129 -44179.3 37.7297 
216384 0.0472964 0.0257139 -44039.4 37.8962 
217350 0.0835029 0.0631737 -43558.8 38.0657 
218316 0.0484991 0.0261531 -44458.7 38.231 
219282 0.0590254 0.0434458 -44324 38.3963 
220248 0.0342496 0.0308728 -45391.2 38.5622 
221214 0.0593458 0.00232378 -45805.8 38.7302 
222180 0.047788 0.0347662 -46306.4 38.9004 
223146 0.0494685 0.00911317 -44986.1 39.071 
224112 0.0744673 0.0158303 -45069.8 39.2402 
225078 0.0759167 -0.00866467 -44295.9 39.4085 
226044 0.112513 0.0369435 -45952.7 39.5778 
227010 0.0217328 -0.00825416 -45200.5 39.7481 
227976 0.0490969 0.0109183 -45012.7 39.9169 
228942 0.0511695 -0.0278975 -45733.7 40.0831 
229908 0.0601918 0.0129051 -44710.2 40.2496 
230874 0.0941634 0.0381251 -45014.6 40.4158 
231840 0.0353026 0.00473436 -44310.6 40.5845 
232806 0.034456 0.00787853 -44477.9 40.7522 
233772 0.0500851 -0.00429142 -44799.8 40.9179 
234738 0.0532291 -0.0486722 -44790.6 41.0851 
235704 0.0755945 -0.0661303 -45460.7 41.2518 
236670 0.0524228 0.0387151 -44414.1 41.4185 
237636 0.0542746 -0.0262889 -44803 41.5853 
238602 0.0561221 -0.00410271 -44620.5 41.7511 
239568 0.057612 -0.0140888 -44813.8 41.9186 
240534 0.050681 -0.0328324 -44293.8 42.0866 
241500 0.0490165 -0.0416596 -44276.7 42.2516 
242466 0.0441838 -0.0423607 -43871.8 42.417 
243432 0.0153651 0.0115263 -43878.3 42.5845 
244398 0.0303131 0.00344081 -45126.3 42.7494 
245364 0.0383058 -0.0173224 -44569.7 42.9149 
246330 0.0624224 -0.0595573 -44304.5 43.0817 
247296 0.0628818 -0.0587679 -43974.3 43.2474 
248262 0.07835 -0.0627916 -44723.2 43.4141 
249228 0.0532002 0.0105708 -44973.6 43.5808 
250194 0.0534297 -0.0326577 -44965.1 43.7481 
251160 0.0478343 -0.0174639 -45144.4 43.9135 
252126 0.0469772 -0.0354261 -45299.5 44.0804 
253092 0.0401023 0.0122121 -44196.1 44.2488 
254058 0.0383984 -0.00934149 -44030.5 44.4163 
255024 0.0326761 0.00915465 -43938.8 44.5846 
255990 0.0362193 0.00118269 -44154.6 44.753 
256956 0.021535 0.0110232 -43711.8 44.9228 
257922 0.0636668 0.0531754 -46463.8 45.0921 
258888 0.0238434 0.0121736 -46803.7 45.2624 
259854 0.0565234 -0.0492789 -45649.3 45.4311 
260820 0.0744057 -0.0575167 -45297.8 45.6011 
261786 0.0346584 0.031043 -45263.9 45.7685 
262752 0.0595593 0.0500447 -45752.6 45.9348 
263718 0.0459175 0.00594882 -44628.2 46.1041 
264684 0.0688059 0.0372593 -45667.8 46.2735 
265650 0.0382251 0.0260828 -45770.7 46.4425 
266616 0.0417121 0.0120925 -45059.6 46.6113 
267582 0.0161231 0.00091981 -44868.8 46.7806 
268548 0.0583593 -0.0396553 -45784.7 46.9511 
269514 0.091032 -0.0522948 -46323.8 47.1207 
270480 0.0509964 0.0166547 -45056.9 47.2889 
271446 0.0281613 0.0124372 -44523.3 47.4583 
272412 0.0231761 0.020489 -43964.6 47.6295 
273378 0.0331269 -0.0220759 -45622 47.7992 
274344 0.02622 0.000893948 -44854.8 47.9688 
275310 0.0632517 0.00214924 -43681.7 48.1386 
276276 0.0455833 0.0410435 -44192.9 48.3084 
277242 0.0302055 0.011941 -43179.6 48.4788 
278208 0.0119676 -0.00454079 -43264 48.6477 
279174 0.0668685 -0.0494329 -42627.1 48.818 
280140 0.0487752 0.034443 -41739.4 48.989 
281106 0.0337271 -0.00239582 -42881.4 49.1613 
282072 0.0180849 0.0117506 -42635.8 49.3301 
283038 0.0363581 0.0117335 -43125.4 49.4997 
284004 0.032507 -0.0119132 -42948.4 49.6684 
284970 0.0529214 0.0259166 -44261.3 49.8389 
285936 0.0351495 -0.0125864 -45859.2 50.01 
286902 0.0454058 0.023887 -44814 50.1809 
287868 0.054943 0.01644 -44248.3 50.3504 
288834 0.0719616 -0.0554731 -43940.3 50.5202 
289800 0.049302 -0.0370338 -43565 50.6902 
290766 0.0571269 0.00664053 -44759.4 50.8599 
291732 0.0291494 0.00393008 -45218.4 51.0305 
292698 0.0786959 -0.0601383 -44963.9 51.1994 
293664 0.084069 -0.081962 -45410.3 51.3679 
294630 0.0137183 0.00416855 -44778.3 51.534 
295596 0.0750047 -0.0562073 -44764.1 51.7037 
296562 0.0509662 -0.0282917 -44076.1 51.873 
297528 0.0634167 -0.0355657 -44536.6 52.043 
298494 0.0958342 0.0334672 -44772.6 52.2141 
299460 0.0454076 -0.00536267 -45033.4 52.3842 
300426 0.0322178 0.00929963 -44276.3 52.5541 
301392 0.0443199 0.0414429 -45007.5 52.7248 
302358 0.056147 -0.0214429 -44108.6 52.8955 
303324 0.0567815 0.0331373 -43928.6 53.0667 
304290 0.084569 0.0676316 -45608.3 53.2365 
305256 0.0624609 0.0545949 -44699 53.406 
306222 0.0397703 -0.0191345 -45210.9 53.5765 
307188 0.0857048 0.0232596 -45562.9 53.7476 
308154 0.0872775 0.0491237 -45623.2 53.9181 
309120 0.0556233 0.0488575 -45127.7 54.0887 
310086 0.0629458 0.0468435 -45031.8 54.2591 
311052 0.031527 -0.00240186 -44009.5 54.43 
312018 0.0216012 0.0144886 -43675.1 54.6001 
312984 0.0788945 0.0635161 -43550.8 54.7694 
313950 0.0259769 0.0217687 -42692 54.9404 
314916 0.0329142 0.0171822 -43331.2 55.1111 
315882 0.0521878 0.0319891 -43707.8 55.2818 
316848 0.0349853 0.0224139 -44473.8 55.4515 
317814 0.0230952 -0.0158715 -43745.4 55.621 
318780 0.0607209 -0.00508433 -44347.7 55.7916 
319746 0.0900993 -0.0639898 -44027.5 55.9621 
320712 0.0417519 -0.0120069 -44503.1 56.1323 
321678 0.0638353 -0.0607623 -44301.2 56.3023 
322644 0.0669083 -0.0319835 -43781.4 56.4728 
323610 0.0293373 -0.00297505 -44010.9 56.6432 
324576 0.0474456 -0.043468 -43880 56.8136 
325542 0.0420645 -0.0214256 -43994.6 56.9834 
326508 0.0451345 -0.00552882 -44694.2 57.1531 
327474 0.0139768 0.00364019 -45692.4 57.3237 
328440 0.0532718 -0.014556 -44492.8 57.4937 
329406 0.0139737 0.00284002 -45021.8 57.6641 
330372 0.0478837 -0.0194737 -45858.1 57.8323 
331338 0.050299 0.0203879 -45150 58.0022 
332304 0.0136193 0.0111032 -44347.6 58.1732 
333270 0.0409819 -0.0101615 -43473.9 58.3418 
334236 0.0739921 0.0176682 -44627.3 58.5114 
335202 0.0860769 -0.00898611 -45547 58.6801 
336168 0.0987716 0.0043958 -46223.9 58.8515 
337134 0.0406801 0.00953195 -45505.3 59.0224 
338100 0.0636656 -0.0382598 -45428.4 59.193 
339066 0.104579 -0.0391837 -45488.3 59.3628 
340032 0.116159 -0.0331684 -46388.2 59.5313 
340998 0.0912943 0.0579117 -44264.7 59.7016 
341964 0.0747365 -0.0310495 -44418.9 59.8726 
342930 0.0885814 -0.0343519 -43580.4 60.043 
343896 0.0636249 -0.024061 -43268.8 60.2116 
344862 0.0505235 0.0209384 -44476.5 60.3809 
345828 0.0662542 -0.0579667 -45388.9 60.5514 
346794 0.0426838 0.0148443 -44767.6 60.7234 
347760 0.0475683 0.00415954 -44242.4 60.8928 
348726 0.0569611 0.0059688 -44816.7 61.0625 
349692 0.0285698 0.0251605 -43948.8 61.2319 
350658 0.0301284 0.0125738 -44137 61.4023 
351624 0.0471091 0.0455204 -44895.9 61.5718 
352590 0.0604351 0.0494681 -43636.7 61.7421 
353556 0.0528368 0.0120673 -43942.4 61.9124 
354522 0.0766603 0.0622476 -44976.6 62.0826 
355488 0.0552259 0.0528156 -43987.9 62.2531 
356454 0.0891086 0.0777326 -45765.5 62.4228 
357420 0.0629348 0.0529546 -44696.6 62.5929 
358386 0.0273309 0.0159311 -44053.6 62.7618 
359352 0.0560517 0.043796 -45115.7 62.9329 
360318 0.0645667 0.037377 -45751.3 63.1039 
361284 0.0304832 -0.0136455 -46170.1 63.2748 
362250 0.0794471 -0.0647283 -45184 63.4438 
363216 0.0231526 0.000389391 -45445.4 63.6137 
364182 0.027904 0.0242652 -44362.6 63.7832 
365148 0.0386547 -0.0138437 -45831.8 63.954 
366114 0.0303737 -0.0209032 -43341.2 64.1243 
367080 0.043879 -0.0344084 -44118.7 64.2939 
368046 0.0493377 -0.00406439 -44617.3 64.4635 
369012 0.0530155 0.00909578 -43984.6 64.6346 
369978 0.0181945 0.00432197 -45947.4 64.805 
370944 0.0694025 0.0447212 -46224 64.9737 
371910 0.0518248 0.0266707 -45138.5 65.1438 
372876 0.0394669 0.0175953 -44434.4 65.3138 
373842 0.0582861 -0.0512137 -44464.1 65.4815 
374808 0.0618785 0.0132851 -44533.9 65.6483 
375774 0.0333178 0.0172469 -44567.9 65.8175 
376740 0.0411681 -0.0376246 -45025 65.9871 
377706 0.0291614 -0.0216097 -44769.5 66.1579 
378672 0.0585932 -0.0485953 -45943.7 66.3292 
379638 0.0383176 -0.0327466 -45255.4 66.4995 
380604 0.0609532 -0.0197361 -44876.8 66.6685 
381570 0.0399291 -0.0257775 -44342.5 66.838 
382536 0.0692315 -0.000881864 -45204.5 67.0081 
383502 0.0918902 -0.0513895 -45991.7 67.1783 
384468 0.0506799 0.00589926 -45084.2 67.3463 
385434 0.0248443 0.0132783 -44614.7 67.5119 
386400 0.024537 -0.0207022 -44728.9 67.6791 
387366 0.0355097 0.0136772 -44400.8 67.8464 
388332 0.0359274 0.0342565 -44259 68.0147 
389298 0.0750751 -0.0729051 -44502.4 68.1849 
390264 0.0285983 -0.0107322 -44587 68.3536 
391230 0.0706689 0.0153312 -44708.2 68.5247 
392196 0.0269987 0.000376994 -45274.3 68.693 
393162 0.0567351 -0.0278071 -44255.2 68.8589 
394128 0.0921852 0.0193169 -45048.3 69.0264 
395094 0.092718 0.0336067 -45253.6 69.1969 
396060 0.0353937 0.00828557 -44160.2 69.3662 
397026 0.0624391 -0.0168454 -44153.9 69.5354 
397992 0.0231399 0.0224982 -43133.6 69.7049 
398958 0.0227396 0.0150949 -43691.1 69.8746 
399924 0.0477252 -0.0298423 -43517.9 70.0451 
400890 0.0462328 -0.0269242 -42987.3 70.2116 
401856 0.0465358 0.00737409 -44211.7 70.378 
402822 0.0834317 -0.058844 -43369.3 70.5436 
403788 0.0536806 -0.0427361 -43289.9 70.712 
404754 0.057068 0.0137876 -44230.7 70.8807 
405720 0.0689523 -0.0266178 -44329.4 71.0481 
406686 0.0157265 0.0129345 -45709.4 71.2134 
407652 0.0232685 0.000238399 -45778.6 71.3804 
408618 0.0470216 0.0138036 -45775.5 71.5478 
409584 0.0950425 -0.0670221 -46738.5 71.713 
410550 0.0629988 0.00429713 -46309.6 71.8813 
411516 0.0524932 -0.0032899 -46033.9 72.0499 
412482 0.0405201 -0.0200394 -44966.8 72.2193 
413448 0.0253432 0.00431669 -44296.2 72.3895 
414414 0.0462975 0.00412547 -43945.9 72.5548 
415380 0.0573587 -0.0324642 -44181.3 72.7204 
416346 0.0571705 -0.0311326 -45264.5 72.8867 
417312 0.0431866 -0.00261227 -44999.4 73.0539 
418278 0.0663304 -0.0229901 -45465.1 73.2189 
419244 0.101562 -0.0439707 -45451.3 73.385 
420210 0.046266 -0.0083181 -45296.2 73.5502 
421176 0.0798628 0.0479144 -45099 73.7156 
422142 0.0529918 0.0380185 -45700.5 73.8843 
423108 0.0793536 0.0744244 -45059.9 74.0532 
424074 0.098037 0.0966496 -44227.1 74.221 
425040 0.0549457 0.0461933 -43052.4 74.3858 
426006 0.0848405 0.0740442 -42753.2 74.5528 
426972 0.0515829 0.0487296 -42402.5 74.7224 
427938 0.0222184 0.0176657 -43826.8 74.8921 
428904 0.0388784 0.0279851 -43765.6 75.0611 
429870 0.0216285 0.0097661 -44460.8 75.2299 
430836 0.0150154 0.00779374 -45381.5 75.3991 
431802 0.0562854 0.0553044 -45479.6 75.5674 
432768 0.0655456 0.0212833 -45470.7 75.7329 
433734 0.0785639 0.0537273 -45213.3 75.8986 
434700 0.0481277 0.00749207 -44235.2 76.0677 
435666 0.0578615 0.00395186 -45132 76.2361 
436632 0.0578653 -0.0270699 -45373.7 76.4054 
437598 0.0636319 -0.0533634 -46110.5 76.5746 
438564 0.0589365 0.0361552 -45841.7 76.7447 
439530 0.0511786 -0.0458528 -46328.2 76.9146 
440496 0.0606625 -0.0264654 -45055.1 77.0841 
441462 0.0616914 -0.0410166 -44590.2 77.2532 
442428 0.0835915 0.0608466 -45762.8 77.4239 
443394 0.0618605 0.0172165 -45587.2 77.5942 
444360 0.0525126 -0.0240389 -46367.3 77.7631 
445326 0.0698723 0.00743113 -44917.7 77.9331 
446292 0.0855778 0.00380014 -43987 78.1019 
447258 0.0379334 -0.00413339 -43535.2 78.2742 
448224 0.0518068 -0.00180698 -44075 78.4433 
449190 0.033982 -0.0329195 -44356.2 78.613 
450156 0.0706119 -0.0268214 -44682.1 78.7824 
451122 0.0187925 -0.0161308 -45099 78.9531 
452088 0.0341808 -0.0115765 -44358.1 79.1249 
453054 0.0320877 0.00806925 -43517.7 79.2956 
454020 0.0460229 0.0217198 -44148.2 79.4652 
454986 0.0404909 0.000851559 -44672.7 79.6339 
455952 0.0901868 0.0714824 -44655.7 79.8053 
456918 0.0767371 0.0605845 -45456.8 79.975 
457884 0.0683801 0.0245556 -45366.1 80.1437 
458850 0.0541856 -0.0341497 -46426.2 80.3167 
459816 0.0996091 0.0275503 -46683.5 80.4892 
460782 0.0579057 -0.0358345 -47077 80.6588 
461748 0.0572055 0.0370527 -47004 80.8274 
462714 0.0567746 0.0362812 -46049.7 80.9967 
463680 0.0414033 0.0396902 -45253.5 81.1667 
464646 0.0324972 0.0317519 -46535.6 81.3355 
465612 0.0212509 0.0146853 -45398.5 81.5029 
466578 0.0769072 0.071241 -45476.5 81.6698 
467544 0.0647405 0.00118583 -44900.4 81.8392 
468510 0.0498855 -0.0306486 -45049 82.0093 
469476 0.0220083 0.00876146 -46370.3 82.1783 
470442 0.0315281 0.0314493 -46517.2 82.3477 
471408 0.0358067 -0.00123088 -47097.9 82.5194 
472374 0.036211 0.00757995 -45582.4 82.6897 
473340 0.0378543 -0.0207461 -43986.7 82.8602 
474306 0.0715737 0.00869966 -44386.8 83.0302 
475272 0.0573095 -0.0261913 -44253.5 83.2018 
476238 0.0356051 0.0318653 -45366.7 83.3707 
477204 0.01091 -0.000123042 -45410.7 83.5411 
478170 0.0278498 -0.0193468 -45373.1 83.7109 
479136 0.05461 -0.030024 -45403.2 83.8804 
480102 0.076077 -0.0566597 -45208.1 84.0513 
481068 0.0300692 0.0208097 -44931.7 84.2222 
482034 0.0799237 0.0511366 -45750 84.3916 
483000 0.0546384 -0.0143487 -45593.3 84.5625 
483966 0.0543785 -0.0193038 -44006.3 84.732 
484932 0.026358 -0.00322499 -44235.5 84.902 
485898 0.0508504 0.010525 -44541.9 85.0726 
486864 0.0547352 -0.0080413 -46000.7 85.2415 
487830 0.0529841 -0.00947264 -45570.5 85.4117 
488796 0.120616 0.0336225 -45007.4 85.5815 
489762 0.0565834 0.0329986 -43515.7 85.7517 
490728 0.0499516 -0.0151771 -43929 85.9206 
491694 0.071863 0.0561258 -43823.7 86.0902 
492660 0.0263596 0.0221836 -44545.1 86.2597 
493626 0.0817467 0.0510176 -45105.3 86.4305 
494592 0.0458822 0.0164433 -45131 86.6002 
495558 0.0858339 0.0561769 -44412.3 86.7712 
496524 0.0566373 0.0233188 -45058.1 86.9407 
497490 0.0306175 0.00115512 -45883.9 87.1109 
498456 0.00878441 0.00271471 -45943.6 87.2816 
499422 0.0244291 -0.0227535 -45786.1 87.4522 
500388 0.0401963 0.0184625 -46874.9 87.6221 
501354 0.0541082 0.00429764 -46789 87.7922 
502320 0.042099 0.027871 -46477.9 87.9622 
503286 0.0285593 0.0121828 -45829.5 88.1351 
504252 0.0566026 0.0469943 -45409.1 88.3058 
505218 0.0493475 0.00153633 -44708.3 88.475 
506184 0.0450786 -0.043732 -44091.8 88.6448 
507150 0.0555342 0.0456054 -45204.8 88.8146 
508116 0.0623054 0.0199393 -45450.4 88.9851 
509082 0.0424557 0.0327386 -45595.2 89.1554 
510048 0.0407059 0.0250963 -45019.4 89.3255 
511014 0.0665118 -0.0348468 -45681.1 89.4938 
511980 0.0763111 -0.0179476 -46270.7 89.6635 
512946 0.0523217 0.00533214 -46124.9 89.8345 
513912 0.0376544 0.00493327 -45094.1 90.0042 
514878 0.0382319 -0.0289699 -45409 90.1742 
515844 0.0616347 -0.0145603 -45044.5 90.3437 
516810 0.045737 -0.041718 -44676.3 90.5133 
517776 0.0693283 -0.0195499 -45089.3 90.6828 
518742 0.0668273 -0.0259016 -45421.3 90.8531 
519708 0.0506271 -0.0389227 -46114.3 91.0243 
520674 0.0236384 0.0142512 -44765.4 91.1947 
521640 0.0659839 0.0375541 -44521.6 91.3637 
522606 0.0419639 -0.0220766 -44312.3 91.5341 
523572 0.0784846 -0.0291738 -44857.9 91.7042 
524538 0.0522638 -0.0202036 -45447.3 91.874 
525504 0.0313704 0.0213726 -45662.8 92.044 
526470 0.0337305 0.0281764 -44427.5 92.2145 
527436 0.0405802 -0.0284161 -44716.8 92.3837 
528402 0.0460069 0.0321581 -43576.5 92.5542 
529368 0.0260385 -0.00310182 -42849.9 92.7258 
530334 0.00968397 0.00426389 -42910.1 92.8969 
531300 0.0672661 0.0514124 -43874.2 93.0661 
532266 0.0344072 0.0109896 -43815.8 93.2351 
533232 0.0344742 0.0252274 -44504.6 93.4048 
534198 0.0739844 0.0238906 -45815.6 93.5762 
535164 0.0448297 -0.00179129 -44918 93.7466 
536130 0.0884959 0.018899 -45637.3 93.9169 
537096 0.0917442 0.0513011 -45122.5 94.0876 
538062 0.0624663 0.0313684 -44723.5 94.2579 
539028 0.0574761 -0.0112301 -45586 94.4274 
539994 0.0573386 -0.00469041 -46244.8 94.5983 
540960 0.034906 -0.0257967 -43844.2 94.7686 
541926 0.0585323 -0.0458753 -44111.2 94.9392 
542892 0.0540326 0.0148273 -44747.5 95.1096 
543858 0.0228633 -0.00734729 -44495.1 95.2792 
544824 0.0549836 -0.0394536 -43757.9 95.4483 
545790 0.057241 0.0274535 -43568.1 95.6161 
546756 0.0519954 -0.0403064 -44425.4 95.7853 
547722 0.0367119 -0.0251826 -45362.2 95.9554 
548688 0.0132896 -0.00705002 -45880.4 96.1258 
549654 0.025663 0.0225196 -44857.7 96.296 
550620 0.048481 0.0345589 -45183.6 96.4657 
551586 0.0727239 -0.0262014 -45770 96.6368 
552552 0.0598452 -0.0405802 -44764.5 96.8068 
553518 0.031396 0.0288874 -44686.4 96.9759 
554484 0.0789612 0.0195202 -46239.4 97.1476 
555450 0.0970403 0.072827 -46735.9 97.3206 
556416 0.0307491 0.0286876 -46143.1 97.4903 
557382 0.0513556 0.0418685 -44634.8 97.656 
558348 0.0237572 0.0195245 -44591.7 97.8247 
559314 0.0651546 -0.0201273 -45881.3 97.9961 
560280 0.0603134 -0.00500501 -45983.3 98.1644 
561246 0.0391564 0.00445001 -46306.1 98.3308 
562212 0.0562975 -0.0272542 -44846.2 98.4991 
563178 0.0269808 0.0124775 -45769 98.6694 
564144 0.0713612 -0.0375697 -45837.9 98.8362 
565110 0.0741549 0.00475179 -45254.4 99.0043 
566076 0.0890859 0.0160814 -44469.7 99.1727 
567042 0.0762165 0.0689214 -43812.6 99.3426 
568008 0.0523145 0.0490658 -43879 99.5128 
568974 0.0420688 0.0111322 -44746.1 99.6818 
569940 0.0325111 0.00990155 -45463.4 99.851 
570906 0.0937482 -0.0867061 -45064.7 100.018 
571872 0.0811426 -0.079154 -44721.2 100.183 
572838 0.0321602 -0.0222439 -45380.6 100.352 
573804 0.0852122 -0.00505973 -45192 100.522 
574770 0.0881156 0.0734202 -46760.5 100.692 
575736 0.0533016 0.0345976 -45711.7 100.858 
576702 0.0462304 0.0336056 -44887.9 101.026 
577668 0.0740158 0.0508937 -44166.1 101.193 
578634 0.0773343 0.0226221 -44962.8 101.359 
579600 0.071833 0.0647044 -43470 101.526 
580566 0.0319507 0.00609418 -42991.1 101.695 
581532 0.0752674 0.00252408 -43843.4 101.868 
582498 0.0500205 0.0173131 -43685.2 102.044 
583464 0.108809 -0.0275747 -44045.2 102.217 
584430 0.0704694 0.00535406 -45489.7 102.388 
585396 0.0793282 0.0783674 -44766.4 102.559 
586362 0.0746975 0.0484049 -45378.7 102.734 
587328 0.0632989 0.0417252 -45631.6 102.9 
588294 0.0238723 0.015159 -44214.6 103.067 
589260 0.0417721 0.0301235 -44021.7 103.232 
590226 0.0407268 0.0395478 -43321.7 103.397 
591192 0.0784949 0.0556034 -43532.5 103.563 
592158 0.105778 0.0375278 -45097.6 103.735 
593124 0.0796418 0.0371793 -46264.3 103.909 
594090 0.0323025 0.0178864 -46028.4 104.077 
595056 0.0127482 -0.010783 -45523.3 104.243 
596022 0.0254409 -0.0232616 -45503.3 104.409 
596988 0.0207287 0.014245 -45313.5 104.577 
597954 0.0243105 -0.00575945 -45631.5 104.746 
598920 0.0272906 -0.0203745 -45029.9 104.914 
599886 0.0266714 0.0205111 -44208.3 105.082 
600852 0.0555012 0.0117872 -44124.8 105.252 
601818 0.0415605 -0.0152776 -45187.1 105.422 
602784 0.0604218 0.00592933 -44999.8 105.59 
603750 0.0675168 -0.0390752 -45390 105.756 
604716 0.045562 0.0273816 -45893.7 105.922 
605682 0.0357555 -0.027532 -44858.2 106.09 
606648 0.0437727 -0.0198541 -45890.3 106.259 
607614 0.0258403 0.0159006 -46438.3 106.427 
608580 0.0448901 0.022434 -44960 106.598 
609546 0.0346536 0.021162 -45246.2 106.767 
610512 0.0828025 0.0554346 -45528.1 106.938 
611478 0.0639987 -0.0183941 -46249.4 107.108 
612444 0.0539206 -0.012946 -46791.2 107.279 
613410 0.0405866 0.00627178 -46319.3 107.449 
614376 0.0966115 -0.0190759 -45778.2 107.619 
615342 0.0674064 0.0377576 -43397.9 107.789 
616308 0.0600572 -0.0478404 -44388.5 107.962 
617274 0.08328 -0.07316 -44036.2 108.133 
618240 0.0654812 -0.0538609 -43706 108.303 
619206 0.0441035 0.00233579 -43221.9 108.472 
620172 0.0595544 0.0163811 -43705.3 108.643 
621138 0.0361621 -0.031736 -43384.1 108.812 
622104 0.0694642 -0.0594845 -42492.1 108.981 
623070 0.0506085 0.0175614 -43388.8 109.152 
624036 0.0679468 -0.0419627 -42337.1 109.323 
625002 0.0604281 0.0545459 -42171.2 109.492 
625968 0.0297649 0.00606723 -43763.1 109.662 
626934 0.0566334 0.0478954 -43582.8 109.832 
627900 0.0685919 -0.0118363 -42755.3 110.004 
628866 0.101899 -0.0285347 -42592.8 110.173 
629832 0.0450805 -0.0177492 -43514.3 110.343 
630798 0.0276476 -0.0221141 -43710.6 110.513 
631764 0.0546229 0.0387771 -43273.9 110.684 
632730 0.0227782 0.00370869 -44118.6 110.855 
633696 0.0611764 0.0448238 -44384.2 111.027 
634662 0.0539173 -0.0501171 -43430.6 111.196 
635628 0.0330448 -0.0175502 -43859.8 111.367 
636594 0.0850352 -0.0558229 -44003.5 111.537 
637560 0.090033 -0.0239341 -43902.6 111.703 
638526 0.107441 -0.106896 -44970.3 111.869 
639492 0.0920357 -0.0698796 -43043.3 112.038 
640458 0.0270668 -0.0077868 -43695.4 112.208 
641424 0.0768916 -0.0767674 -45276.9 112.377 
642390 0.0919512 -0.0757753 -45191.8 112.548 
643356 0.0528635 0.0258664 -43552.3 112.718 
644322 0.0273079 0.0118477 -44859.3 112.889 
645288 0.0530269 0.00372845 -45623.6 113.059 
646254 0.0683661 0.0375575 -45398.2 113.228 
647220 0.0573314 -0.0379257 -45953.2 113.398 
648186 0.0256098 0.00393041 -46681.7 113.569 
649152 0.0433467 -0.0223668 -46361.7 113.74 
650118 0.0476103 -0.0426836 -47754.3 113.909 
651084 0.0502213 -0.0175511 -46976.6 114.079 
652050 0.0720245 0.0239356 -47895.8 114.25 
653016 0.102614 0.00356404 -47673.1 114.418 
653982 0.0849418 -0.0722162 -47363.1 114.587 
654948 0.0479066 0.00238857 -45992.4 114.759 
655914 0.096614 -0.0672407 -45384.4 114.93 
656880 0.033226 0.0207417 -45098.3 115.102 
657846 0.0381443 0.0139024 -44163.7 115.272 
658812 0.0553581 0.0212113 -44408.3 115.442 
659778 0.0754619 -0.00502944 -45091.3 115.613 
660744 0.0601475 -0.0333512 -45394.1 115.785 
661710 0.0730331 -0.0517965 -45286 115.956 
662676 0.0957048 -0.0584249 -45810 116.126 
663642 0.0616387 -0.0518743 -44767.7 116.296 
664608 0.053339 -0.0249733 -44742.7 116.469 
665574 0.0730874 -0.00850198 -45076.6 116.639 
666540 0.0416667 -0.0232919 -45577.5 116.809 
667506 0.0272631 0.0124378 -44916 116.98 
668472 0.0370097 -0.0236861 -44543.1 117.151 
669438 0.0407205 -0.0363088 -44144.5 117.322 
670404 0.0363454 -0.0267319 -44017.5 117.491 
671370 0.0665633 0.0267822 -44511 117.663 
672336 0.0482766 0.0377157 -44272.8 117.832 
673302 0.0975646 0.0524133 -44891.8 118.002 
674268 0.0911356 -0.0333118 -47188.9 118.175 
675234 0.0711528 -0.0331235 -47150.4 118.345 
676200 0.0132496 0.00313051 -45314.5 118.515 
677166 0.0473474 0.0256488 -46017.1 118.686 
678132 0.0633549 -0.0578243 -47047.3 118.857 
679098 0.0868488 -0.0516445 -46977 119.027 
680064 0.0519817 -0.0426205 -46647.4 119.197 
681030 0.0587023 -0.0547801 -45728.7 119.367 
681996 0.01928 -0.00438514 -44284.2 119.539 
682962 0.0692916 -0.0188091 -44328.5 119.708 
683928 0.0701557 -0.0288286 -43062.6 119.879 
684894 0.0630247 -0.0322005 -44330.1 120.05 
685860 0.0766098 -0.0438417 -44435.3 120.22 
686826 0.0653855 -0.0409686 -44197.6 120.39 
687792 0.0690439 -0.0221225 -44262.7 120.559 
688758 0.044702 -0.00859503 -45206.6 120.73 
689724 0.0307421 0.0134461 -44683.3 120.9 
690690 0.0819643 0.0160957 -43907.9 121.07 
691656 0.0774623 0.0141745 -45040.5 121.24 
692622 0.102663 0.00190286 -45259.3 121.409 
693588 0.0477253 -0.000991032 -44578.5 121.579 
694554 0.0774013 -0.0190004 -44747.7 121.75 
695520 0.0719741 0.0420755 -45988.7 121.92 
696486 0.0683291 0.0418686 -45673.6 122.09 
697452 0.0558069 0.0496194 -45817.9 122.262 
698418 0.0673923 0.0427761 -44928.7 122.431 
699384 0.0407607 0.0247121 -45590.6 122.603 
700350 0.0236004 -0.0121823 -45541.4 122.773 
701316 0.056047 -0.025455 -45888.1 122.944 
702282 0.0130164 0.00291258 -46038.4 123.115 
703248 0.0222878 0.0141388 -45869.8 123.284 
704214 0.0352814 -0.00579021 -46055.4 123.454 
705180 0.0509391 -0.0232674 -46061.1 123.624 
706146 0.0745989 -0.0415899 -45487.3 123.795 
707112 0.0826416 -0.0659346 -45604 123.964 
708078 0.0904383 -0.0396725 -45623.7 124.135 
709044 0.056794 -0.0386008 -46694.8 124.306 
710010 0.0333994 -0.0265089 -45921.8 124.478 
710976 0.0115645 -0.000177053 -45064.5 124.647 
711942 0.0217879 0.000760352 -45177.2 124.818 
712908 0.0350176 0.000533137 -44827 124.988 
713874 0.079134 -0.0691119 -45476.9 125.157 
714840 0.0629617 0.0132663 -44718.6 125.327 
715806 0.0727592 0.0439763 -44903.1 125.496 
716772 0.0805008 0.0692674 -45571.8 125.666 
717738 0.0400223 0.0210214 -46990.8 125.839 
718704 0.0408527 0.030439 -45897.3 126.01 
719670 0.0534682 0.0530201 -45969 126.177 
720636 0.0426703 0.0346378 -44959.2 126.343 
721602 0.0395703 -0.0301455 -45003.4 126.513 
722568 0.0552865 0.0297028 -45401.6 126.684 
723534 0.0538933 0.0378297 -46383.2 126.855 
724500 0.0416553 -0.00380085 -44826.4 127.025 
725466 0.0281408 -0.0188381 -45116.6 127.195 
726432 0.0614109 0.0347133 -44899 127.364 
727398 0.059939 0.0338309 -45026.7 127.533 
728364 0.0541122 -0.0128627 -45224.5 127.703 
729330 0.0782864 -0.0144738 -45209.6 127.873 
730296 0.0447346 -0.0363435 -44919.8 128.042 
731262 0.0444736 -0.0173919 -44403.7 128.208 
732228 0.0158987 -0.00769414 -44319.9 128.379 
733194 0.0736163 0.0704099 -44125 128.547 
734160 0.0106246 0.00441194 -44448.5 128.714 
735126 0.0228474 -0.0063535 -44170.4 128.883 
736092 0.0422825 -0.0271068 -45752.6 129.052 
737058 0.0415547 0.0162948 -46371.3 129.223 
738024 0.0489448 0.0404087 -46564.7 129.392 
738990 0.0750732 0.0265244 -45187.4 129.562 
739956 0.0338498 -0.0167207 -44394.4 129.731 
740922 0.0516057 -0.0420748 -45199.7 129.899 
741888 0.0395121 -0.0327718 -43436.1 130.066 
742854 0.0189829 -0.00855903 -43149.6 130.235 
743820 0.0421543 -0.00472301 -43785.9 130.405 
744786 0.0396619 0.0285273 -44206.2 130.574 
745752 0.0475098 0.0380718 -45147.4 130.743 
746718 0.0408835 0.0299907 -44303 130.911 
747684 0.0453031 0.0360736 -43563.4 131.078 
748650 0.0807862 0.0646818 -45331.9 131.247 
749616 0.0450298 0.00833846 -45458.7 131.418 
750582 0.034117 -0.0155089 -44497 131.587 
751548 0.0360304 -0.0180034 -44533 131.754 
752514 0.0434356 -0.00325871 -44899.6 131.921 
753480 0.0304245 -0.0164262 -45856.6 132.09 
754446 0.0397351 0.0304386 -45653.9 132.255 
755412 0.0249531 0.010719 -44971.4 132.421 
756378 0.03366 0.00571747 -44264 132.588 
757344 0.0371975 -0.0222916 -45047.4 132.754 
758310 0.033342 -0.0322454 -44460.6 132.92 
759276 0.0240154 0.0160084 -44375 133.086 
760242 0.0391453 0.0375513 -43362 133.253 
761208 0.0490871 0.0300231 -43850.1 133.418 
762174 0.031095 0.0244308 -42739.6 133.585 
763140 0.0321136 0.0244434 -42412.1 133.752 
764106 0.0464056 0.00565979 -42744.6 133.921 
765072 0.0639834 0.0547693 -44432.2 134.091 
766038 0.078912 -0.0342843 -44965.5 134.26 
767004 0.0484772 -0.00995648 -44352.7 134.429 
767970 0.0218113 -0.0153081 -44560.4 134.599 
768936 0.04075 -0.0230607 -44797.8 134.766 
769902 0.0495818 -0.0326869 -44164.6 134.932 
770868 0.0682469 -0.00145387 -44548 135.101 
771834 0.0517104 -0.0215755 -45487 135.271 
772800 0.0224648 0.0218179 -46019.5 135.441 
773766 0.0464335 -0.0463772 -45589.7 135.607 
774732 0.0927947 0.0178076 -45308.1 135.772 
775698 0.0636033 -0.0342544 -45815.2 135.941 
776664 0.0182826 -0.0166928 -45848.4 136.111 
777630 0.0246753 -0.00347634 -44990.1 136.279 
778596 0.0799596 -0.0518754 -47198.2 136.449 
779562 0.0620704 -0.04816 -46475.2 136.619 
780528 0.062209 -0.0243649 -46418.8 136.789 
781494 0.048958 0.0126557 -45721.4 136.959 
782460 0.0770575 0.0132091 -45688.3 137.129 
783426 0.0359505 -0.00542251 -46197.5 137.3 
784392 0.0562426 -0.0403547 -46009 137.47 
785358 0.0591502 -0.0177773 -47143.3 137.639 
786324 0.0398329 -0.0119913 -46446.4 137.808 
787290 0.130518 0.110843 -47021.6 137.978 
788256 0.0914767 0.0719223 -45896.1 138.148 
789222 0.101009 0.0807157 -44741.7 138.318 
790188 0.0271736 0.0143425 -44678 138.488 
791154 0.0987971 0.047009 -44386.6 138.657 
792120 0.0418792 0.0322893 -43837.3 138.828 
793086 0.0540698 -0.038755 -45954.5 138.999 
794052 0.0381369 -0.0182619 -44205 139.169 
795018 0.0363495 0.00949275 -45323.8 139.339 
795984 0.0527373 0.0456952 -45621.5 139.511 
796950 0.0551091 -0.0308835 -44030.9 139.681 
797916 0.0433539 -0.0246101 -45498.7 139.851 
798882 0.0563136 0.00562327 -44526.4 140.021 
799848 0.0608063 -0.0547291 -45156.5 140.192 
800814 0.0693302 -0.0487402 -46687.8 140.363 
801780 0.0256512 0.0215484 -45695.2 140.533 
802746 0.05101 0.0305814 -44601.9 140.703 
803712 0.0338508 -0.0140575 -45339.5 140.874 
804678 0.0466187 -0.0326649 -46565.9 141.043 
805644 0.0284151 -0.016765 -46692.1 141.213 
806610 0.0586637 0.0539021 -48014.9 141.383 
807576 0.0449719 0.0337353 -46701.8 141.553 
808542 0.0834657 0.011977 -45737.3 141.724 
809508 0.0595967 0.0340532 -46349.5 141.894 
810474 0.0557974 -0.0204203 -45268 142.065 
811440 0.0190384 -0.0100045 -46672.8 142.233 
812406 0.0123036 -0.00498203 -46806.5 142.404 
813372 0.0355725 -0.0207531 -46198.3 142.575 
814338 0.0310817 0.0286119 -46438.5 142.746 
815304 0.03983 0.00174224 -46307.8 142.915 
816270 0.0183642 0.00853341 -46015.7 143.085 
817236 0.0772067 0.0539773 -45251.5 143.256 
818202 0.0907644 0.0194325 -45118 143.427 
819168 0.0792414 -0.0206049 -45359.2 143.598 
820134 0.136508 -0.0684818 -45973.7 143.768 
821100 0.0741519 -0.0287749 -45367.9 143.939 
822066 0.0636108 -0.0241953 -45274.4 144.111 
823032 0.0796751 -0.0551821 -45198.3 144.282 
823998 0.0313521 -0.00638094 -46503.9 144.452 
824964 0.0220746 0.00583197 -46175.6 144.622 
825930 0.0844852 -0.071371 -44889.9 144.793 
826896 0.0672236 -0.0418551 -45802.4 144.963 
827862 0.0255939 0.00427078 -46219.7 145.133 
828828 0.0441217 0.0367691 -48009.5 145.304 
829794 0.0310594 -0.00544493 -47645.8 145.475 
830760 0.0297847 0.0202159 -46156.4 145.646 
831726 0.0748693 0.00947466 -45423.4 145.816 
832692 0.0314196 -0.000447639 -45432.6 145.986 
833658 0.0468367 -0.0416104 -45038 146.156 
834624 0.0813136 -0.080273 -44359.1 146.325 
835590 0.0502477 -0.0486386 -44170 146.496 
836556 0.044089 -0.0379027 -43880.7 146.667 
837522 0.0431339 0.0344702 -43421 146.837 
838488 0.106317 0.0407735 -43584.3 147.006 
839454 0.0805339 0.0336611 -44686.8 147.178 
840420 0.0247583 0.0203357 -43723.2 147.347 
841386 0.0245343 0.000325934 -44138.9 147.516 
842352 0.0615844 0.0310863 -43751.5 147.687 
843318 0.0461029 -0.003013 -45386.3 147.857 
844284 0.0346138 0.0326741 -44997.5 148.028 
845250 0.041979 0.0161978 -46192.8 148.198 
846216 0.0702483 0.0564493 -46298.5 148.368 
847182 0.0462571 0.0277158 -47033.1 148.538 
848148 0.0366806 -0.00653331 -46047.6 148.708 
849114 0.0397314 0.0363537 -44698.6 148.877 
850080 0.0321439 0.0255772 -44632.7 149.046 
851046 0.0110927 -0.009563 -44010.9 149.212 
852012 0.0481254 -0.0257058 -45052.3 149.38 
852978 0.029941 -0.000529061 -45270.3 149.552 
853944 0.0507846 0.00937951 -45183.3 149.722 
854910 0.029141 -0.00706617 -45767.8 149.892 
855876 0.0712636 -0.0302617 -45853.2 150.062 
856842 0.0634207 -0.0589769 -45151 150.232 
857808 0.0497286 -0.0271513 -45489.9 150.401 
858774 0.0404703 -0.000959018 -45653.2 150.571 
859740 0.0276226 -0.00713516 -45298.4 150.742 
860706 0.0632484 0.0561669 -45864.3 150.91 
861672 0.0489942 0.0243406 -46417.3 151.08 
862638 0.0761475 -0.0413564 -46370.3 151.25 
863604 0.0462865 -0.00541745 -46271.4 151.42 
864570 0.0646403 -0.0098761 -45204.5 151.589 
865536 0.0361352 -0.00238012 -44795 151.76 
866502 0.030257 -0.000121505 -44697 151.93 
867468 0.0264421 0.0243016 -44085.7 152.101 
868434 0.03238 0.0226266 -44386.5 152.272 
869400 0.0165485 -0.00233331 -44737.4 152.443 
870366 0.02633 -0.0233129 -45347 152.612 
871332 0.0554717 -0.0315481 -43899.7 152.782 
872298 0.0910125 -0.0827747 -44339 152.952 
873264 0.0496524 -0.0156104 -44669.5 153.124 
874230 0.0492982 -0.00555595 -44050.6 153.294 
875196 0.0784413 -0.0602072 -45527.1 153.464 
876162 0.0251742 0.0108428 -44497.6 153.635 
877128 0.0504898 0.00517602 -44415.9 153.805 
878094 0.0459213 -0.0269973 -44529.2 153.975 
879060 0.041628 0.0241743 -43933.8 154.145 
880026 0.050328 0.00898456 -44114.8 154.315 
880992 0.0490802 0.00404636 -44376.4 154.484 
881958 0.0761814 0.0210506 -44483.4 154.655 
882924 0.0857878 -0.0258296 -45146.7 154.825 
883890 0.0828022 0.0094664 -44058.6 154.996 
884856 0.0468339 0.00217433 -43923.4 155.166 
885822 0.0937168 0.0411063 -44185 155.335 
886788 0.0785363 0.0205718 -43780.6 155.505 
887754 0.0881567 0.0276328 -44816.1 155.675 
888720 0.0808404 0.0265361 -44658.4 155.848 
889686 0.0507036 0.0160618 -45138.1 156.018 
890652 0.0752494 -0.0118401 -45080.6 156.188 
891618 0.0323975 0.000327376 -46322 156.356 
892584 0.0232073 -0.00774591 -45021.9 156.525 
893550 0.0518996 0.0426696 -45652.1 156.694 
894516 0.0564734 0.0144062 -45223.8 156.864 
895482 0.0509783 0.000920592 -44747.1 157.034 
896448 0.0627482 -0.036607 -44507.9 157.204 
897414 0.0618871 0.00276343 -45301.9 157.373 
898380 0.0605426 0.0487448 -44087.5 157.541 
899346 0.031501 0.0203566 -42924.9 157.71 
900312 0.0483598 0.0426969 -43456.2 157.881 
901278 0.0215332 0.0095553 -43288.1 158.049 
902244 0.0538092 -0.01609 -44247.1 158.215 
903210 0.0529295 0.0315183 -45306.8 158.385 
904176 0.0655478 -0.00355195 -45115.9 158.552 
905142 0.093519 0.0119719 -44499.4 158.719 
906108 0.038182 0.00908293 -44085.2 158.889 
907074 0.024997 0.0195143 -44270.2 159.059 
908040 0.035014 0.0120486 -43078.5 159.229 
909006 0.084644 -0.0433706 -43800.7 159.399 
909972 0.0215899 -0.0145589 -45113 159.569 
910938 0.0661261 -0.0659519 -44579.5 159.739 
911904 0.0454254 -0.0424315 -44026.2 159.91 
912870 0.0409826 -0.0162091 -43258.4 160.079 
913836 0.0470508 -0.00828563 -43163.1 160.248 
914802 0.0464013 -0.0390227 -44508.6 160.415 
915768 0.0426248 -0.0150528 -44257.7 160.583 
916734 0.0387946 0.0310321 -44280.2 160.751 
917700 0.038511 0.0309451 -43706 160.918 
918666 0.0685035 -0.0117703 -44181.5 161.087 
919632 0.0730224 -0.0656841 -44565.5 161.257 
920598 0.0273569 0.0115043 -43329 161.423 
921564 0.0515717 0.0198695 -43827.8 161.59 
922530 0.0890639 0.0875172 -43370.6 161.758 
923496 0.02041 0.0152139 -43363.9 161.923 
924462 0.0390088 0.0305847 -42310.6 162.091 
925428 0.0494754 0.025008 -43452.3 162.257 
926394 0.0489325 0.0258746 -44069.6 162.423 
927360 0.0610028 -0.00112567 -44041.8 162.589 
928326 0.0393012 -0.0113643 -44621.9 162.754 
929292 0.117507 0.0789777 -45586.3 162.922 
930258 0.0715175 0.0576388 -45926.2 163.091 
931224 0.0334644 0.000364307 -44624.4 163.257 
932190 0.0444169 0.0381424 -44903.2 163.422 
933156 0.0254351 0.00292296 -45052.4 163.589 
934122 0.0955935 0.0197729 -45400.1 163.758 
935088 0.00882103 0.00698128 -44994.5 163.927 
936054 0.0120693 -0.0108605 -44717.9 164.097 
937020 0.0450138 -0.0369468 -45299.7 164.266 
937986 0.0293531 -0.0208212 -45233.8 164.435 
938952 0.0946336 -0.0439211 -43760.1 164.603 
939918 0.0830049 -0.0231525 -44548.7 164.768 
940884 0.0555559 0.0406387 -45027.2 164.936 
941850 0.0520274 -0.000268884 -45266.7 165.105 
942816 0.0371119 -0.0236709 -45505.9 165.275 
943782 0.0489394 -0.0257188 -45899 165.445 
944748 0.0725959 -0.0219234 -45649.7 165.615 
945714 0.0764563 0.063288 -45229.9 165.785 
946680 0.0701546 0.00957705 -44280.2 165.956 
947646 0.0555872 0.0546956 -44449.7 166.124 
948612 0.0738286 -0.00441618 -45527.6 166.291 
949578 0.0588084 -0.0156543 -46075.5 166.459 
950544 0.0433193 -0.00165282 -47145.6 166.629 
951510 0.0205231 -0.016147 -46756.6 166.798 
952476 0.0413568 -0.0239459 -45446.6 166.968 
953442 0.0636679 -0.0272259 -46242.3 167.137 
954408 0.0390177 0.0250327 -45689.1 167.307 
955374 0.0410868 -0.0285426 -46079 167.478 
956340 0.00997214 -0.00688156 -46619.6 167.648 
957306 0.114854 0.00777935 -45800.6 167.818 
958272 0.0658092 0.040799 -45537 167.987 
959238 0.0698219 0.0169873 -46481.6 168.157 
960204 0.0902616 -0.0218711 -45586.6 168.329 
961170 0.0454309 -0.0046432 -43767.8 168.498 
962136 0.0105708 0.00454124 -43605.7 168.667 
963102 0.0334755 0.0316544 -44106.6 168.837 
964068 0.0479825 0.0307715 -44022.2 169.006 
965034 0.0221416 0.00694732 -44566.6 169.178 
966000 0.0299701 -0.0293649 -45452.6 169.348 
