0 0.0513162 0.0101968 -33181.9 0 
966 0.0350693 0.0106515 -35419.8 0.162948 
1932 0.0850713 0.0840898 -41789.3 0.327936 
2898 0.0287886 0.0175501 -42962.2 0.49387 
3864 0.052954 0.0447702 -43583.4 0.658648 
4830 0.0165118 0.0107364 -41914.1 0.82219 
5796 0.0471039 -0.0448382 -42103 0.986149 
6762 0.0322559 0.0283691 -43027.9 1.14928 
7728 0.0216831 0.0185709 -43398.5 1.3125 
8694 0.052431 -0.0488181 -43704.4 1.47605 
9660 0.0522608 -0.0119072 -44854.7 1.63943 
10626 0.0926917 -0.0799024 -45562.4 1.80319 
11592 0.0723017 -0.0471755 -44953.3 1.96658 
12558 0.0394066 -0.0127206 -43701.6 2.13018 
13524 0.0310154 -0.0219164 -44704.1 2.2937 
14490 0.0580653 -0.0345973 -44021 2.45705 
15456 0.0610548 -0.032784 -44473.8 2.62016 
16422 0.0486094 -0.00208433 -43727.6 2.78342 
17388 0.0649694 -0.0119639 -44701.7 2.94636 
18354 0.0518398 -0.00306873 -44286.5 3.11022 
19320 0.0349707 0.0298192 -43712.4 3.27381 
20286 0.0468748 0.00884273 -44262 3.43718 
21252 0.0494465 0.0391052 -44896.9 3.60056 
22218 0.0638187 -0.0119456 -43830.8 3.76455 
23184 0.0534963 0.0236267 -44155.5 3.92836 
24150 0.0108578 -0.00102415 -44263.8 4.09165 
25116 0.0439148 -0.0401485 -44514.3 4.25529 
26082 0.0611672 0.0376279 -44239 4.41833 
27048 0.0792854 0.00136817 -43775.5 4.58171 
28014 0.0852903 -0.023658 -44349.3 4.7453 
28980 0.0364787 0.000684516 -45864.5 4.9087 
29946 0.0838948 -0.036544 -45671.7 5.0718 
30912 0.0374944 -0.021478 -45143.6 5.23543 
31878 0.0492139 -0.00394319 -44932.6 5.39977 
32844 0.0584529 0.0393963 -45257.2 5.56339 
33810 0.0443443 -0.0160264 -43868.4 5.72703 
34776 0.0682734 0.0597693 -44365.9 5.89107 
35742 0.08031 -0.00268402 -43759.2 6.05469 
36708 0.10713 -0.0619715 -44492.9 6.21857 
37674 0.092108 -0.0171342 -44867.5 6.38189 
38640 0.104263 -0.0326321 -45148.7 6.54511 
39606 0.066556 -0.0237773 -44298.5 6.70831 
40572 0.0758761 -0.0450337 -44766.4 6.87207 
41538 0.0994116 -0.0216066 -43240 7.03548 
42504 0.0624374 -0.0360233 -44325.3 7.19892 
43470 0.0546624 0.0433344 -44750.8 7.36207 
44436 0.0660711 -0.028147 -44453.6 7.52583 
45402 0.0468171 -0.0288624 -45058.2 7.68926 
46368 0.074761 -0.0370943 -44463 7.85236 
47334 0.0642482 0.00385244 -45314 8.01624 
48300 0.0492969 0.0480747 -44103.6 8.17929 
49266 0.0445424 0.0413003 -44619.6 8.34267 
50232 0.0730135 0.0224122 -43723.8 8.50645 
51198 0.072291 0.0082577 -44487 8.66996 
52164 0.0532443 -0.028004 -45526.6 8.83352 
53130 0.0205997 -0.00699134 -45601.2 8.99714 
54096 0.0242404 0.0102862 -43332.8 9.16156 
55062 0.0467135 -0.0120266 -44460.9 9.32451 
56028 0.0699444 0.047603 -44577.1 9.48767 
56994 0.0667135 0.0377835 -44653.8 9.65073 
57960 0.120862 0.0691123 -44436.1 9.81454 
58926 0.0863006 -0.00303379 -43341.5 9.97768 
59892 0.0750982 0.00637974 -44410.9 10.1409 
60858 0.0736385 0.0247943 -43916.5 10.305 
61824 0.0866203 -0.0212328 -44253.1 10.4686 
62790 0.0451988 -0.0374071 -43574.4 10.632 
63756 0.0120351 0.00192682 -43330.2 10.7954 
64722 0.0321146 -0.0145559 -43095.2 10.958 
65688 0.0935421 0.0403914 -43572.3 11.1214 
66654 0.0457886 -0.00946356 -44077.7 11.2848 
67620 0.073327 -0.0117499 -45006.8 11.4483 
68586 0.0189607 0.00211021 -45625.6 11.6115 
69552 0.0583568 -0.0561622 -46156.4 11.7747 
70518 0.0472309 -0.0164086 -46464.3 11.9379 
71484 0.0355437 -0.0074037 -45801.6 12.1011 
72450 0.042673 -0.00450163 -45285.1 12.2642 
73416 0.0735123 -0.0654038 -45541.5 12.4272 
74382 0.0843923 -0.0689907 -46216.6 12.5903 
75348 0.0837745 -0.00254126 -44396.2 12.7535 
76314 0.0948637 0.0273089 -43521.8 12.9165 
77280 0.0589025 0.0227981 -44085.4 13.0798 
78246 0.0629855 -0.00198973 -44771.6 13.2426 
79212 0.0544043 0.0462827 -44337.7 13.4056 
80178 0.0891304 0.0808396 -44292.4 13.5687 
81144 0.0259275 -0.0249603 -45309 13.7319 
82110 0.0646771 -0.0573493 -45531 13.8952 
83076 0.0708855 -0.0480814 -45902.2 14.0588 
84042 0.0429221 0.0104751 -46234.2 14.2221 
85008 0.0609942 0.0179082 -44736.9 14.3852 
85974 0.058762 -0.0377878 -44098.5 14.5489 
86940 0.0875009 -0.0857074 -43920.9 14.7123 
87906 0.0652015 -0.000757519 -44856.2 14.8759 
88872 0.0456589 0.0442367 -44014.4 15.0389 
89838 0.0352809 0.0208363 -44529.9 15.2017 
90804 0.0522276 0.001829 -46022.4 15.3647 
91770 0.00629502 0.00206078 -46112.9 15.5281 
92736 0.0534491 0.0526752 -45681.6 15.6911 
93702 0.0583646 -0.00818248 -45714.5 15.8538 
94668 0.0653043 -0.0472586 -45907.9 16.0175 
95634 0.0404857 0.00153911 -47216.6 16.1802 
96600 0.106864 0.00011792 -47536.4 16.3433 
97566 0.0886528 0.0575727 -46996.5 16.5064 
98532 0.0150846 -0.00468845 -46363.9 16.6697 
99498 0.0848808 -0.0364022 -45774.3 16.8325 
100464 0.0820255 -0.0249003 -44542.3 16.9959 
101430 0.0833627 -0.013332 -44971.3 17.1586 
102396 0.0211552 0.0011714 -45879 17.3217 
103362 0.0778488 -0.0546734 -45257.5 17.485 
104328 0.0316551 0.0127942 -45045.1 17.6481 
105294 0.020119 0.0146587 -44388.1 17.8112 
106260 0.0459582 0.0438766 -43281 17.9747 
107226 0.0443077 0.0268233 -43071.5 18.1375 
108192 0.0209252 -0.0043451 -44264.9 18.3003 
109158 0.0183224 0.0116513 -43922.2 18.4632 
110124 0.0451868 0.0405567 -44896.2 18.6263 
111090 0.0273226 0.00769268 -44266.9 18.7895 
112056 0.0304683 0.0152281 -45674 18.9525 
113022 0.0212447 0.0162886 -44805.3 19.1158 
113988 0.0537811 0.0331096 -45628.3 19.2795 
114954 0.0369593 -0.0308237 -45256 19.4428 
115920 0.0415894 0.0200677 -45429.1 19.607 
116886 0.0416894 0.0389487 -46275.9 19.7701 
117852 0.0262235 0.00817903 -43958.3 19.933 
118818 0.0457911 -0.0112298 -43915.5 20.0957 
119784 0.044479 -0.00652288 -43974.3 20.2586 
120750 0.0469965 -0.0462814 -43638.5 20.4212 
121716 0.0393114 -0.0306531 -44417.2 20.5841 
122682 0.0297858 0.00189359 -44454.7 20.7476 
123648 0.0340788 -0.00846975 -45002.7 20.9098 
124614 0.0448201 -0.0260842 -44786.6 21.0727 
125580 0.0559632 -0.00698666 -44246.2 21.2354 
126546 0.0562796 -0.00339586 -43976.1 21.3988 
127512 0.0328133 0.0027547 -43929.9 21.5619 
128478 0.0492472 -0.019018 -45466.7 21.7248 
129444 0.094709 -0.0152448 -45629.7 21.8876 
130410 0.0748974 0.00087491 -45763.4 22.0505 
131376 0.0123068 -0.0113833 -44204.8 22.2139 
132342 0.0523327 0.0192572 -43930.7 22.3769 
133308 0.0632857 0.0291283 -42547.1 22.5402 
134274 0.0413168 0.0256515 -42976.2 22.7036 
135240 0.0515869 -0.0308345 -42952.3 22.8671 
136206 0.0380221 -0.0157796 -44109.1 23.0303 
137172 0.0337516 -0.0208809 -43560.5 23.1936 
138138 0.107924 -0.0540792 -44808.8 23.3574 
139104 0.0737135 -0.0459913 -44634.5 23.5209 
140070 0.102617 -0.0744604 -45759.6 23.6849 
141036 0.084043 -0.0565247 -45305.1 23.8481 
142002 0.0305459 0.000656828 -45883.8 24.0111 
142968 0.0324238 -0.0113955 -45255.5 24.1741 
143934 0.0929559 -0.0152597 -46666.9 24.3377 
144900 0.0558557 -0.0117613 -47180.9 24.5018 
145866 0.0944088 -0.00626664 -46670.2 24.6653 
146832 0.123675 -0.0334503 -46934.6 24.8289 
147798 0.0599878 -0.0150513 -45884 24.9926 
148764 0.0346207 -0.0294732 -46834.6 25.1559 
149730 0.0518665 0.00360163 -46263 25.3194 
150696 0.0383752 0.0320146 -46668.3 25.4828 
151662 0.0498584 0.00492484 -46741.3 25.6459 
152628 0.0385087 0.00296674 -46503.1 25.8091 
153594 0.0647223 0.000211939 -46098.8 25.9719 
154560 0.069295 0.0053614 -44858.2 26.1353 
155526 0.1057 0.067279 -46562 26.2989 
156492 0.0786398 -0.0205942 -44775.6 26.4621 
157458 0.0354499 0.00936589 -44854.1 26.6258 
158424 0.0483907 0.00379784 -44807.6 26.7893 
159390 0.107012 0.0390693 -45234.3 26.9527 
160356 0.105459 -0.000717542 -45233.5 27.1166 
161322 0.0727971 0.0107793 -45633 27.28 
162288 0.0404792 -0.0252427 -45504.7 27.4436 
163254 0.0494844 -0.0396875 -45684.1 27.6074 
164220 0.0517156 -0.00230866 -45949.3 27.7712 
165186 0.0149404 -0.0113562 -46622.8 27.9346 
166152 0.0510105 -0.0464193 -44659.5 28.0985 
167118 0.0492529 -0.0120458 -45260.1 28.2626 
168084 0.0839144 -0.0230274 -44780.8 28.4256 
169050 0.0364446 0.0236435 -44053.5 28.5886 
170016 0.0348705 0.00253622 -42907.9 28.752 
170982 0.0550369 -0.05478 -42997.8 28.9157 
171948 0.0351843 0.0144784 -43439.5 29.0794 
172914 0.0642256 -0.0349333 -43291.1 29.2429 
173880 0.0452946 -0.0393645 -43965.8 29.4062 
174846 0.0515942 -0.0170143 -43593 29.5698 
175812 0.0534735 -0.0463493 -44327.1 29.7335 
176778 0.0811889 0.0467698 -44491.5 29.8977 
177744 0.0328625 -0.0280811 -44235.7 30.0617 
178710 0.0224435 -0.0154538 -43159.1 30.2255 
179676 0.0415985 0.0106233 -42481.8 30.3891 
180642 0.0337321 0.0195558 -42337.3 30.5526 
181608 0.039604 0.0192478 -44873.3 30.7163 
182574 0.0798107 0.0319595 -44859.1 30.8802 
183540 0.0104706 0.00362763 -45105.8 31.044 
184506 0.0233765 0.00537504 -44429.9 31.207 
185472 0.0255048 -0.0146984 -44576.7 31.3705 
186438 0.0108284 -0.00144739 -45085.2 31.5341 
187404 0.050742 0.0443391 -44727.4 31.6975 
188370 0.0670942 0.0513929 -43634.1 31.8607 
189336 0.0394394 0.0050123 -45049.1 32.0238 
190302 0.0455152 0.0280027 -46253 32.1873 
191268 0.0674489 0.0281065 -44591.5 32.3504 
192234 0.0565046 0.0551691 -45573.7 32.5138 
193200 0.0262614 -0.0153096 -44599.7 32.6772 
194166 0.0494698 0.0210125 -44583.6 32.8406 
195132 0.0312377 0.00943607 -44770.6 33.0044 
196098 0.0478775 -0.0129295 -43991.9 33.1679 
197064 0.0737887 0.0431278 -43209 33.332 
198030 0.0337865 0.0265185 -44762.6 33.4956 
198996 0.0516306 0.0240313 -45514.9 33.6591 
199962 0.0495871 0.0244121 -43839.7 33.822 
200928 0.0396078 0.0165661 -43896.5 33.9853 
201894 0.054282 0.00640125 -44286.2 34.1488 
202860 0.0455424 0.0346874 -44862.3 34.3122 
203826 0.028364 -0.014421 -43833 34.4766 
204792 0.0495383 -0.0277348 -44032.2 34.64 
205758 0.0287182 0.0223098 -44311.2 34.8034 
206724 0.0260275 0.0168169 -45202.5 34.9668 
207690 0.0531044 -0.0466155 -45154.7 35.1307 
208656 0.0883021 0.0713902 -45509.5 35.2943 
209622 0.0192271 0.0150709 -44840.9 35.4577 
210588 0.0550698 -0.0530353 -44341.3 35.6213 
211554 0.0428792 0.0107723 -44682.2 35.785 
212520 0.0496626 -0.021876 -44805.4 35.9489 
213486 0.033714 0.0085813 -45204.9 36.1128 
214452 0.0745297 -0.0361612 -44792.4 36.2765 
215418 0.0473534 0.0430942 -45134 36.4399 
216384 0.0646696 0.0213454 -43410.6 36.6036 
217350 0.0378826 0.00948614 -43247.1 36.7669 
218316 0.0586426 -0.00212682 -43609 36.9301 
219282 0.0401987 0.00940624 -43743.7 37.0937 
220248 0.0642095 -0.0399273 -44512.4 37.2579 
221214 0.0209509 0.0180013 -44313.1 37.4214 
222180 0.0318622 0.00205947 -44630.8 37.5846 
223146 0.0543555 0.0221905 -44893.4 37.7481 
224112 0.042095 0.0284979 -44414.4 37.9121 
225078 0.0355837 0.0299409 -44306.7 38.0762 
226044 0.0282851 0.024942 -44654.8 38.2395 
227010 0.0403086 0.0271907 -45084.7 38.4031 
227976 0.0324121 0.0287062 -45059.5 38.5664 
228942 0.0435326 0.0342729 -45144.9 38.73 
229908 0.0803611 -0.0313148 -45203.1 38.8936 
230874 0.0873265 -0.0247489 -44746.2 39.0577 
231840 0.0604231 -0.0425402 -44649.6 39.2215 
232806 0.0587354 -0.0334619 -44416.7 39.3849 
233772 0.0749922 -0.0458884 -44665.3 39.5483 
234738 0.00786731 0.00634022 -44513 39.7121 
235704 0.0397264 0.0166476 -43418.1 39.8763 
236670 0.0411482 0.0264693 -43077.8 40.0398 
237636 0.0468059 0.0334481 -43298.1 40.2029 
238602 0.0149959 -0.00743429 -44058.8 40.367 
239568 0.022053 0.00184585 -44811.2 40.5311 
240534 0.0627906 0.0319289 -44518.6 40.6948 
241500 0.0639497 -0.0632172 -45712.7 40.8587 
242466 0.0471907 -0.0204676 -44736.8 41.0224 
243432 0.0400937 -0.0190915 -45892.9 41.1861 
244398 0.0511895 -0.00278191 -46772.4 41.3498 
245364 0.0411385 0.0246861 -45036.6 41.5136 
246330 0.0571399 0.0556101 -44750.7 41.6777 
247296 0.0386205 0.00897142 -45480.5 41.8414 
248262 0.0363353 0.0296196 -44879.7 42.0052 
249228 0.0466475 0.0289584 -44743.2 42.1689 
250194 0.0458067 0.00665531 -43755.5 42.3329 
251160 0.0433201 -0.0284974 -44034.2 42.4963 
252126 0.0268813 -0.0250311 -42786 42.6592 
253092 0.0410137 -0.0328692 -44064.6 42.822 
254058 0.0251434 -0.0220868 -44062.8 42.9851 
255024 0.0608577 -0.0514102 -44605.1 43.1483 
255990 0.0375857 0.00835912 -43351.8 43.3122 
256956 0.0606603 0.0547589 -43098.5 43.4752 
257922 0.0574512 0.0407601 -46161 43.6389 
258888 0.0412069 0.00764108 -45721.9 43.8021 
259854 0.0812787 -0.022358 -44418.3 43.9654 
260820 0.0732255 0.0286763 -46297.1 44.1292 
261786 0.0412825 0.0230762 -46404.4 44.2925 
262752 0.0240398 0.0222759 -46257.5 44.4558 
263718 0.0311909 -0.00683098 -46363.5 44.6192 
264684 0.0480145 0.029665 -45826.6 44.7829 
265650 0.0340877 0.0205581 -44651.5 44.9464 
266616 0.041097 0.00382739 -44985 45.1094 
267582 0.0426819 -0.00324662 -44404.7 45.2722 
268548 0.031009 0.0286487 -45368.8 45.436 
269514 0.0585748 0.04665 -44964.6 45.5994 
270480 0.0308305 -0.0105879 -45403.6 45.7629 
271446 0.0228155 0.0181711 -44738.7 45.9258 
272412 0.0483387 -0.0371983 -44680.3 46.0891 
273378 0.0758808 -0.034166 -45009 46.252 
274344 0.0173284 0.00348302 -43538.6 46.4154 
275310 0.0152523 0.00897664 -44742.5 46.5784 
276276 0.0428009 -0.03282 -44404.6 46.7417 
277242 0.0264788 -0.00615514 -44632.8 46.9052 
278208 0.0862683 -0.0507464 -44867.1 47.0685 
279174 0.051796 -0.00794567 -43659.1 47.2317 
280140 0.0254728 -0.023741 -43967.1 47.3945 
281106 0.0576378 -0.0215265 -42759.7 47.5573 
282072 0.0293399 -0.00647123 -43918.5 47.7203 
283038 0.0320518 0.0291083 -43701.8 47.8834 
284004 0.0298071 0.0295771 -44326.8 48.0463 
284970 0.0627677 0.0333053 -43334.3 48.2095 
285936 0.0638581 0.0321406 -42734.6 48.3726 
286902 0.0561198 0.0431544 -43091.8 48.5358 
287868 0.0561578 0.0511046 -44280.4 48.6988 
288834 0.0987957 -0.0440217 -45118.8 48.862 
289800 0.0358624 0.0254386 -43791.9 49.0253 
290766 0.0392087 0.0336513 -43916.1 49.1885 
291732 0.0420502 0.0257632 -43571.5 49.3515 
292698 0.0342125 0.0298852 -44238.8 49.5145 
293664 0.0269052 -0.0133142 -43668.4 49.6778 
294630 0.0657709 -0.00329441 -44503.4 49.8409 
295596 0.0291139 0.00991529 -44724.8 50.0038 
296562 0.0490915 0.0263862 -45887.6 50.1675 
297528 0.0662267 0.0324357 -45506.4 50.3303 
298494 0.044634 0.0347013 -45693.5 50.4938 
299460 0.0440595 0.0103465 -45664.5 50.6572 
300426 0.0766686 0.0304834 -46189.1 50.8221 
301392 0.0589079 -0.00470861 -45630.7 50.9856 
302358 0.0333395 -0.0190391 -44654.9 51.1492 
303324 0.0367062 -0.0049955 -43018.9 51.3122 
304290 0.0564303 -0.0478603 -43899.4 51.4755 
305256 0.0429789 0.0139079 -44157.6 51.6388 
306222 0.0809971 0.00321606 -45265.6 51.8022 
307188 0.0288583 -0.0209182 -44643.3 51.9652 
308154 0.0135957 0.0100345 -45371 52.1289 
309120 0.0405583 0.0209928 -46175.3 52.2923 
310086 0.0731394 -0.0590481 -46996.1 52.4563 
311052 0.0551381 -0.0466471 -46242.6 52.6194 
312018 0.0491205 -0.0446506 -45725.2 52.7823 
312984 0.0686204 -0.0105214 -45991.1 52.9459 
313950 0.0117425 0.00374696 -46302.8 53.1092 
314916 0.0752247 -0.069112 -45792.1 53.273 
315882 0.0423645 -0.00761566 -45719.5 53.4363 
316848 0.0252292 -0.0156577 -45021.5 53.5995 
317814 0.0330993 0.0276708 -45832.9 53.7634 
318780 0.0312331 0.00558819 -45798.2 53.9267 
319746 0.0565444 -0.00957927 -45293.3 54.0893 
320712 0.054219 -0.00527544 -45100 54.2527 
321678 0.0562062 -0.0103525 -44771.6 54.4167 
322644 0.0729954 -0.0125536 -45924.4 54.581 
323610 0.0423184 -0.013969 -45645.1 54.744 
324576 0.073548 0.0210632 -45267.7 54.9072 
325542 0.0399794 0.02162 -45337.3 55.0713 
326508 0.0191909 -0.000714281 -44905.4 55.2341 
327474 0.0482387 -0.00793104 -45352.5 55.3975 
328440 0.0369188 0.0120829 -45878.1 55.5609 
329406 0.0186956 0.0180473 -45709.4 55.7248 
330372 0.0502496 0.049983 -45370 55.8881 
331338 0.0781262 0.0574841 -45440.2 56.051 
332304 0.0196117 -0.0169974 -45852.5 56.2149 
333270 0.0630917 -0.00067549 -46321.6 56.3783 
334236 0.0155121 0.0137292 -44656.7 56.5417 
335202 0.0772218 0.074787 -43878.9 56.7049 
336168 0.0360823 0.0230075 -43781.8 56.868 
337134 0.0436914 0.0212149 -43849.6 57.0312 
338100 0.0518032 0.00344699 -43889.7 57.1941 
339066 0.109028 0.0565944 -43676.6 57.3576 
340032 0.0517858 0.000120411 -42592.8 57.5214 
340998 0.0533617 0.0468935 -44824.2 57.685 
341964 0.0371329 0.0306136 -43967.9 57.8485 
342930 0.0254086 -0.0245 -45182.4 58.0121 
343896 0.0641941 -0.0376716 -45766.4 58.1758 
344862 0.0512636 0.0365314 -44060.9 58.3397 
345828 0.0453527 0.0413364 -45111.1 58.5032 
346794 0.0267984 0.0234503 -45522.9 58.6665 
347760 0.0613775 0.035973 -45133.5 58.8301 
348726 0.019629 0.0131131 -45217.4 58.993 
349692 0.0219491 -0.0149423 -46070.5 59.1567 
350658 0.0955032 0.052498 -45600.4 59.3202 
351624 0.00636904 -0.00577251 -44718 59.4838 
352590 0.0913223 -0.0307122 -45674.7 59.6475 
353556 0.0883719 -0.0663098 -45775.4 59.8119 
354522 0.0784576 -0.0692816 -45795.8 59.9759 
355488 0.0949825 -0.060852 -45598.5 60.139 
356454 0.0776415 -0.0706259 -45012.8 60.3021 
357420 0.0787954 0.000864915 -44430.3 60.4654 
358386 0.0914763 0.0122028 -44587.1 60.6289 
359352 0.0760369 -0.0409923 -44794.3 60.7926 
360318 0.0881215 0.0384452 -44868.6 60.9562 
361284 0.0513455 0.0141646 -45286.9 61.1193 
362250 0.0643758 0.00414586 -46497.4 61.2828 
363216 0.0297922 0.0270338 -45916.7 61.4471 
364182 0.0431657 0.0414572 -46245.2 61.611 
365148 0.0556864 -0.00756942 -44694.4 61.775 
366114 0.0782234 -0.0688417 -45297.3 61.9393 
367080 0.119793 0.0182237 -45279.1 62.1032 
368046 0.0811575 0.0266978 -45782.3 62.2663 
369012 0.00840719 -0.000141731 -43643.4 62.4302 
369978 0.028689 -0.00154859 -44050.9 62.594 
370944 0.0616859 0.037133 -44323.8 62.7577 
371910 0.0675013 -0.0469181 -44806.3 62.9212 
372876 0.0543266 -0.0524884 -44064.2 63.0859 
373842 0.0849575 -0.0676491 -45016.6 63.2496 
374808 0.0682844 -0.0405747 -46307.5 63.4135 
375774 0.0874224 0.0308792 -44571 63.577 
376740 0.0887333 0.0349084 -44780.7 63.7414 
377706 0.0843202 0.004639 -44929.7 63.906 
378672 0.100285 -0.0578331 -45276.6 64.0709 
379638 0.0868609 -0.0407099 -45555 64.2349 
380604 0.0930852 -0.0181796 -45626.4 64.3992 
381570 0.0805776 -0.0625205 -45590.6 64.5642 
382536 0.0728469 -0.0439142 -45883.9 64.7285 
383502 0.0617472 0.0406059 -45700.4 64.8926 
384468 0.0592956 0.0557943 -46642.8 65.0563 
385434 0.0966217 -0.0550622 -46120 65.2203 
386400 0.0682318 -0.0170343 -45173.9 65.3844 
387366 0.0758552 -0.0495916 -43829.5 65.5486 
388332 0.0249059 -0.000374088 -44788.8 65.7132 
389298 0.0398545 0.0241774 -45400.3 65.878 
390264 0.0501962 -0.00576358 -44510.7 66.042 
391230 0.0360497 -0.0155654 -44260.6 66.2063 
392196 0.0273293 -0.0260171 -44931.5 66.3707 
393162 0.0297229 0.00391607 -44830.2 66.5347 
394128 0.0467649 -0.01921 -44087.5 66.6985 
395094 0.0581488 0.0415462 -44328.7 66.8627 
396060 0.0444834 0.0163629 -45441 67.0262 
397026 0.0284879 0.0197071 -44874.2 67.1901 
397992 0.0967714 0.0511471 -44885.1 67.3542 
398958 0.0483233 0.0287195 -44878.7 67.5184 
399924 0.0716694 -0.0215065 -46007.4 67.6829 
400890 0.0755702 -0.0264542 -45295.7 67.8467 
401856 0.0652981 0.00548235 -45906.8 68.011 
402822 0.0956818 -0.057962 -46092.4 68.1751 
403788 0.0579436 0.00891453 -45325.9 68.339 
404754 0.0162847 -0.0147664 -44558.1 68.5029 
405720 0.047954 -0.0148262 -45325.7 68.6672 
406686 0.0559222 -0.0435662 -45454.2 68.8311 
407652 0.0799999 -0.0532882 -44336.1 68.9955 
408618 0.0453483 -0.0318039 -44045.8 69.1599 
409584 0.0324597 -0.0164364 -44846.2 69.3242 
410550 0.0390778 -0.0271538 -45813.4 69.4886 
411516 0.023995 0.00506744 -45066.9 69.6529 
412482 0.0356446 0.0205335 -46133 69.8169 
413448 0.0706932 0.0363227 -46484.6 69.9807 
414414 0.0187392 -0.00731392 -46565 70.145 
415380 0.0280419 -0.0226682 -45185.8 70.3104 
416346 0.0630547 -0.0572941 -45195.3 70.4745 
417312 0.0737151 -0.0676655 -46323.4 70.6383 
418278 0.0462433 -0.0456309 -46117.8 70.8019 
419244 0.0270751 -0.0241439 -45137.4 70.9665 
420210 0.0445118 0.0284603 -45276.2 71.1305 
421176 0.0462405 -0.0313722 -45629.9 71.2947 
422142 0.025437 0.0133219 -44446.9 71.4591 
423108 0.0319132 0.0305602 -43833.3 71.6238 
424074 0.0866471 0.0595293 -44568.2 71.7881 
425040 0.0098614 -0.000818046 -45563 71.9526 
426006 0.0321985 -0.022845 -44280.3 72.116 
426972 0.046022 0.0141512 -44164.6 72.2797 
427938 0.0113054 -0.00250379 -44038.6 72.4437 
428904 0.0563185 0.0527135 -43994.9 72.6074 
429870 0.0673109 0.0546439 -44627.9 72.7712 
430836 0.0612822 0.0510512 -45948.3 72.9356 
431802 0.0417164 0.0052446 -44562.3 73.0998 
432768 0.0458698 -0.00124633 -45510.8 73.264 
433734 0.0435756 -0.0100623 -45914.4 73.4277 
434700 0.0813356 0.029043 -46242 73.5915 
435666 0.0251 -0.0018479 -46300 73.7554 
436632 0.0309515 0.00924217 -45596.8 73.9198 
437598 0.0492714 0.0269776 -45575 74.084 
438564 0.0399567 0.00515109 -45478.2 74.2481 
439530 0.0422588 -0.0408238 -45045.1 74.4121 
440496 0.070183 0.0256302 -45432.5 74.5763 
441462 0.0707513 0.00686867 -45648.2 74.7402 
442428 0.061405 -0.0198108 -45848.5 74.9046 
443394 0.0587402 0.0464252 -46000.7 75.069 
444360 0.0646571 -0.0145225 -45780.9 75.2334 
445326 0.0722107 -0.0115488 -44137 75.398 
446292 0.0231363 -0.0154322 -42179.6 75.5623 
447258 0.0398455 -0.0221928 -43556.4 75.7264 
448224 0.0957021 -0.0127879 -43701 75.8899 
449190 0.08282 0.0203419 -44111.8 76.054 
450156 0.0539441 -0.0163803 -44295.8 76.2176 
451122 0.0257742 -0.0154617 -43156.7 76.3817 
452088 0.0404726 -0.0104469 -44080.4 76.5455 
453054 0.0632453 0.0180733 -44381.4 76.7094 
454020 0.0709658 0.0706963 -44646 76.8737 
454986 0.0368358 0.018534 -44277.3 77.0376 
455952 0.0504774 0.019915 -44219.7 77.2017 
456918 0.0382261 0.0224671 -44080.8 77.3656 
457884 0.0481568 0.0385224 -44089.6 77.5294 
458850 0.0588498 0.0570293 -43217.1 77.6932 
459816 0.0353764 0.0107772 -42976.3 77.857 
460782 0.0299898 0.00366285 -43642 78.0208 
461748 0.0865521 0.0817524 -44553.2 78.1843 
462714 0.0555943 0.049791 -44530.8 78.348 
463680 0.0393755 0.038351 -44259.5 78.5124 
464646 0.0724689 0.0383626 -44053 78.676 
465612 0.0259408 0.0185951 -43377.2 78.8402 
466578 0.0833571 0.0702439 -44014.1 79.0047 
467544 0.0421341 -0.0266359 -44101.5 79.169 
468510 0.0577473 0.0391269 -43461.2 79.3331 
469476 0.0582429 0.00490105 -43746.1 79.4972 
470442 0.0330007 0.00115459 -43721.8 79.6616 
471408 0.0423304 -0.0153109 -43531.2 79.8258 
472374 0.0595402 0.0208073 -43979.8 79.9905 
473340 0.0544997 0.0368289 -44678.4 80.1543 
474306 0.0311639 0.0241602 -44034.7 80.3199 
475272 0.0481055 -0.0334024 -43531.4 80.4835 
476238 0.0293198 -0.00413796 -44204.9 80.6475 
477204 0.0141102 -0.000376067 -44008.2 80.8115 
478170 0.0493682 0.0267095 -43235.7 80.9762 
479136 0.0347127 0.0180606 -43206.1 81.1402 
480102 0.0696632 0.0480405 -44113.6 81.3047 
481068 0.0556599 0.0211925 -44452.8 81.4691 
482034 0.0855509 0.0418277 -45542.4 81.6332 
483000 0.0432553 -0.0059006 -45123.4 81.7977 
483966 0.0586141 -0.0269607 -46412.7 81.9622 
484932 0.0312228 0.0254433 -44571.5 82.1266 
485898 0.0847905 -0.016249 -43557.1 82.2907 
486864 0.0471856 0.0290846 -43258.4 82.4548 
487830 0.0427292 -0.0173914 -43326.1 82.6188 
488796 0.0218455 0.00947854 -43693.5 82.7828 
489762 0.0175947 0.0158669 -42445.4 82.9466 
490728 0.0168061 0.0132226 -43580.3 83.1099 
491694 0.0473433 0.0354618 -44058.7 83.2734 
492660 0.0574052 0.05305 -43998.6 83.437 
493626 0.0307401 -0.0202997 -44424.5 83.6004 
494592 0.0708079 -0.0571941 -43873.4 83.7646 
495558 0.0382217 0.00540905 -44296.2 83.9277 
496524 0.0682526 -0.0629492 -45217.9 84.0914 
497490 0.0709496 0.0424011 -44093.1 84.2549 
498456 0.0506768 0.0265504 -43954.5 84.4189 
499422 0.0329072 0.0278359 -43354.8 84.5824 
500388 0.0755998 0.0101931 -44056.5 84.746 
501354 0.0602999 -0.0125016 -43187.6 84.9092 
502320 0.0368485 0.00838669 -42959.4 85.0728 
503286 0.0549608 -0.0264529 -43623.2 85.2364 
504252 0.00925703 -0.0083776 -43473.7 85.4001 
505218 0.0396436 -0.00142853 -44024.8 85.5637 
506184 0.0593694 0.0252175 -43649.4 85.7287 
507150 0.0480025 -0.0045381 -43358.4 85.8927 
508116 0.0183457 0.00628737 -44289.3 86.0568 
509082 0.0595743 0.0464791 -44745.9 86.221 
510048 0.0719505 0.0347708 -44539.1 86.3849 
511014 0.0515503 -0.0145389 -44831 86.5489 
511980 0.0479274 0.000678608 -44631.2 86.7126 
512946 0.077448 -0.0764047 -44305.1 86.8767 
513912 0.0631797 -0.0613065 -43774.3 87.0407 
514878 0.0419339 -0.0417793 -44981.3 87.2057 
515844 0.0517312 0.0376518 -45229.2 87.3696 
516810 0.0636532 0.0378275 -45342.4 87.5336 
517776 0.0249998 -0.00570469 -44173.6 87.6976 
518742 0.0775941 -0.0321782 -44536.6 87.8615 
519708 0.065516 -0.0373242 -44443.4 88.0258 
520674 0.0844137 -0.0679272 -43580 88.1899 
521640 0.0694953 0.00471578 -45068.6 88.3537 
522606 0.0983413 0.0117547 -45322.1 88.5178 
523572 0.0569043 0.00415241 -45030.1 88.6822 
524538 0.116309 -0.044739 -45801.4 88.8467 
525504 0.0337031 0.00725575 -43599.2 89.0109 
526470 0.0337847 -0.00484517 -43739.1 89.1757 
527436 0.0652336 -0.0181328 -43483.7 89.3398 
528402 0.0374439 -0.00813339 -43513.4 89.5042 
529368 0.0319682 0.0115972 -44310.9 89.6681 
530334 0.0715356 0.0144089 -45606.5 89.8326 
531300 0.0631464 0.0333988 -45106.2 89.9965 
532266 0.072603 0.0665603 -44755.3 90.1605 
533232 0.111254 0.0466705 -44094.1 90.3247 
534198 0.0923013 0.0532096 -43831.7 90.4889 
535164 0.11829 -0.0411951 -43828.6 90.6533 
536130 0.0892082 0.0274748 -44360.6 90.8178 
537096 0.0742329 0.0249374 -44428.2 90.9819 
538062 0.0474511 0.00703689 -44517.1 91.1465 
539028 0.0536807 0.0468686 -44917.3 91.3104 
539994 0.109967 0.104533 -45116.3 91.4744 
540960 0.0727703 0.0479811 -45184.1 91.6384 
541926 0.0904172 0.0615781 -45533.1 91.8025 
542892 0.0801381 0.0322797 -45732.9 91.9661 
543858 0.0457483 -0.0258238 -46343.1 92.13 
544824 0.0355697 0.016906 -46711.3 92.2946 
545790 0.0651803 -0.043006 -46304.8 92.4594 
546756 0.0627734 -0.0571662 -45329.5 92.624 
547722 0.0457053 -0.0273713 -45170.8 92.788 
548688 0.0362462 -0.0358493 -44469.7 92.952 
549654 0.0372117 0.00461363 -43545.2 93.1162 
550620 0.0329338 0.0148115 -44411.8 93.2803 
551586 0.0366067 0.010773 -45508.8 93.4441 
552552 0.0585118 0.0407619 -45008.5 93.6089 
553518 0.0329269 -0.0293873 -44229.7 93.7738 
554484 0.0591412 -0.0429719 -45055.1 93.9376 
555450 0.0368659 -0.0167687 -45491.6 94.1018 
556416 0.0394615 0.000781094 -45575.6 94.2662 
557382 0.108359 0.063708 -46346.8 94.4303 
558348 0.0636179 0.0059493 -45505.7 94.5946 
559314 0.0591764 0.0172911 -45465.3 94.7584 
560280 0.0348333 0.0288918 -44936.7 94.9225 
561246 0.0539385 0.0509528 -44717.9 95.0864 
562212 0.0288412 -0.0239007 -45176.8 95.2501 
563178 0.053588 -0.0345672 -45155.3 95.4146 
564144 0.0459102 -0.035749 -44186.7 95.579 
565110 0.0877655 0.0476535 -44728.8 95.7429 
566076 0.0660949 0.0618723 -44764.9 95.9067 
567042 0.0597721 -0.0350984 -45339.9 96.0711 
568008 0.0234195 0.00962369 -44769.6 96.2356 
568974 0.0774512 0.0631905 -43698.6 96.4001 
569940 0.0251019 0.000766352 -43853.7 96.5647 
570906 0.0541434 0.0132122 -44621.9 96.7287 
571872 0.0484034 -0.00242332 -44043.7 96.8932 
572838 0.0463859 0.0116544 -44072.5 97.0575 
573804 0.0340808 0.0332601 -44758.7 97.2215 
574770 0.0654608 0.0653461 -45175.2 97.3856 
575736 0.0438702 0.0343347 -45550.7 97.5496 
576702 0.030962 0.0241583 -46005.8 97.7142 
577668 0.0636166 -0.0261227 -45824.4 97.878 
578634 0.0266757 -0.0244173 -44699.6 98.0418 
579600 0.0329367 -0.03067 -45010.8 98.2062 
580566 0.0574137 -0.0387612 -44138.3 98.37 
581532 0.0510359 0.0199462 -45052.9 98.5348 
582498 0.07784 -0.0611612 -44950.1 98.6986 
583464 0.0364173 0.022607 -43364.1 98.8626 
584430 0.0232582 -0.0126652 -43540.9 99.027 
585396 0.0598194 -0.0401267 -43998.5 99.1913 
586362 0.0585349 -0.0346163 -44801.7 99.3556 
587328 0.0551917 -0.0232096 -44387.6 99.519 
588294 0.0734105 0.053193 -44540.1 99.6833 
589260 0.021045 -0.00632912 -43270.2 99.8477 
590226 0.0414878 -0.0325245 -43199 100.012 
591192 0.0437505 0.042186 -43822.1 100.177 
592158 0.0199411 0.00613174 -43532.9 100.342 
593124 0.0657351 0.0220237 -44076 100.506 
594090 0.0618398 0.0146293 -44363.9 100.67 
595056 0.100112 -0.0160787 -44559.7 100.835 
596022 0.0576549 -0.0172889 -44492.9 101 
596988 0.0657244 -0.0320957 -44078.7 101.164 
597954 0.0723732 0.011827 -43071.7 101.329 
598920 0.0590345 -0.0231618 -44128.6 101.493 
599886 0.040777 -0.0207147 -44307.8 101.657 
600852 0.0425916 -0.0290555 -45802.9 101.821 
601818 0.0240562 -0.00873693 -45071.1 101.985 
602784 0.0288718 0.00793675 -42695.6 102.149 
603750 0.034458 -0.00508641 -42714.6 102.314 
604716 0.0466313 -0.0276355 -43315.2 102.478 
605682 0.034874 -0.0198868 -43320.4 102.643 
606648 0.0660869 0.00321957 -44279.9 102.807 
607614 0.0483842 0.0438053 -44672.4 102.971 
608580 0.0408976 0.0265283 -43440.3 103.135 
609546 0.0208587 -0.00399917 -44889.1 103.299 
610512 0.0328301 0.0241342 -44325.1 103.463 
611478 0.0649437 0.0194164 -45298 103.627 
612444 0.0337154 0.023889 -45051.5 103.791 
613410 0.0327027 0.0288773 -44346.9 103.956 
614376 0.0256995 -0.0104049 -44194.7 104.12 
615342 0.0391863 0.0180612 -44682.8 104.284 
616308 0.0911841 0.0678368 -46174.5 104.449 
617274 0.0586572 0.0309256 -45964.5 104.614 
618240 0.0889087 -0.0441768 -45306.2 104.779 
619206 0.0358161 -0.0235383 -45390.8 104.942 
620172 0.0668946 0.0148484 -45821.8 105.107 
621138 0.0732428 0.0101843 -45759.3 105.271 
622104 0.0236298 -0.00448447 -44550.9 105.434 
623070 0.0286324 0.00269235 -45101.2 105.598 
624036 0.0473782 0.0418449 -44649.7 105.763 
625002 0.0160888 0.0128807 -43651.4 105.926 
625968 0.0578802 0.00363312 -42850.5 106.091 
626934 0.0316406 -0.0201004 -43314.3 106.255 
627900 0.0336329 0.0275672 -44346.7 106.419 
628866 0.0471565 0.0322121 -44528.9 106.583 
629832 0.00622252 0.00122415 -44847.9 106.747 
630798 0.0627955 0.0371021 -44319.4 106.911 
631764 0.042448 0.00861162 -44970.2 107.076 
632730 0.0289724 -0.026259 -45232.1 107.24 
633696 0.0702004 -0.0666374 -45039.4 107.403 
634662 0.0716395 -0.0642517 -45111.4 107.568 
635628 0.0701663 -0.0480649 -45200.9 107.732 
636594 0.0440906 -0.00511688 -45129.8 107.896 
637560 0.0520701 0.0194948 -43901.3 108.06 
638526 0.0244742 -0.0162177 -46416.6 108.225 
639492 0.0229223 -0.00970349 -43629.3 108.39 
640458 0.0474384 -0.0367915 -43824.1 108.554 
641424 0.0331716 0.0169309 -43771.1 108.718 
642390 0.107411 -0.0704066 -44752.5 108.883 
643356 0.0573085 0.00235283 -44884.9 109.046 
644322 0.0786733 0.0205422 -45415.8 109.211 
645288 0.0332584 0.0269421 -45291 109.375 
646254 0.0780976 -0.0248154 -45702.8 109.539 
647220 0.00786426 0.00303904 -45842.4 109.703 
648186 0.0506367 -0.0390458 -44876.6 109.867 
649152 0.0413317 -0.0249464 -45856.9 110.032 
650118 0.0585058 0.0566784 -45377.7 110.197 
651084 0.0480097 0.0263458 -43928.1 110.361 
652050 0.0460873 0.0451198 -43979.4 110.525 
653016 0.0317007 -0.0271715 -43088.2 110.69 
653982 0.0307489 -0.020966 -43557.6 110.855 
654948 0.0501845 0.0327682 -44053.1 111.019 
655914 0.0298591 0.0112045 -44499.9 111.183 
656880 0.04366 -0.034597 -43535.9 111.347 
657846 0.0184855 0.016791 -44462.1 111.511 
658812 0.0283299 -0.00621998 -44403.1 111.676 
659778 0.0388927 0.0322385 -45253.7 111.839 
660744 0.0457105 0.032668 -45896.8 112.003 
661710 0.0552531 -0.0153901 -45471 112.167 
662676 0.0266471 -0.0238546 -45019.4 112.332 
663642 0.0331667 0.00353145 -45116.7 112.495 
664608 0.0366604 0.0212999 -45163.6 112.659 
665574 0.0592119 0.0351997 -44935.7 112.824 
666540 0.0197073 -0.00993477 -46349.9 112.989 
667506 0.0180652 -0.00315127 -45861.9 113.153 
668472 0.0714788 0.0251589 -45090.7 113.317 
669438 0.0170779 0.00399243 -44557.5 113.482 
670404 0.0388764 0.027391 -43553.1 113.646 
671370 0.0501055 0.0292039 -44819.3 113.811 
672336 0.0354211 0.0282262 -43520.2 113.975 
673302 0.0542245 0.0483318 -43068.3 114.139 
674268 0.0280612 0.00751579 -42483 114.304 
675234 0.0351124 0.0227017 -41597.4 114.469 
676200 0.0454228 -0.00246537 -41702.1 114.634 
677166 0.0261151 -0.00835453 -42587.1 114.798 
678132 0.0395964 -0.000318441 -43685.4 114.961 
679098 0.0381252 0.01009 -43187.3 115.126 
680064 0.0282161 0.00689248 -42781.7 115.29 
681030 0.0437725 -0.0148329 -43414 115.453 
681996 0.0323707 -0.010611 -44546.1 115.617 
682962 0.0355297 -0.0335078 -44330.3 115.782 
683928 0.0281219 -0.00666445 -44368.5 115.946 
684894 0.0514644 0.00643431 -44925.5 116.11 
685860 0.0511243 -0.0365142 -45357.2 116.274 
686826 0.020488 -0.0149037 -45373.8 116.438 
687792 0.0575985 -0.00976507 -45689.6 116.602 
688758 0.0402317 0.0177326 -45126.6 116.766 
689724 0.0356064 0.032995 -44944.7 116.93 
690690 0.0247026 0.00359129 -46046.7 117.095 
691656 0.0402214 0.0332524 -46084.5 117.259 
692622 0.0492328 0.0312561 -46365.6 117.423 
693588 0.0773028 -0.0222496 -46953.5 117.587 
694554 0.096414 0.061004 -45628 117.75 
695520 0.115833 0.0463947 -46307.7 117.914 
696486 0.0693501 0.0557756 -44973 118.078 
697452 0.0388291 0.0278563 -45306.3 118.242 
698418 0.0488469 0.0385066 -44812.2 118.407 
699384 0.0570708 0.0147115 -44128.6 118.571 
700350 0.0403403 -0.0233569 -44379.1 118.735 
701316 0.102566 -0.0779708 -44158.3 118.9 
702282 0.0271662 0.0151506 -45645.7 119.064 
703248 0.0711544 0.0254495 -45792.7 119.228 
704214 0.0600148 0.0126661 -45756.9 119.392 
705180 0.0367729 -0.0209864 -44836 119.556 
706146 0.0236448 0.00597078 -43805.2 119.72 
707112 0.0478092 0.0144174 -43681.3 119.884 
708078 0.0616822 -0.0488082 -43996.5 120.049 
709044 0.091514 -0.0409056 -43648.7 120.213 
710010 0.0805662 -0.00612862 -44221.6 120.377 
710976 0.0446462 0.0350166 -44204.8 120.541 
711942 0.0768896 0.0646815 -44214.7 120.705 
712908 0.100349 0.0716284 -44957.9 120.869 
713874 0.08274 0.0516941 -44707.1 121.033 
714840 0.0493266 0.037739 -44651.8 121.197 
715806 0.0467238 0.0365433 -45533.6 121.362 
716772 0.049287 0.0342963 -43578.2 121.526 
717738 0.0431199 0.0385439 -44148.5 121.69 
718704 0.0452308 0.0398747 -44690.4 121.855 
719670 0.0313145 0.00842883 -45186.5 122.019 
720636 0.0720285 0.0261342 -45494.8 122.184 
721602 0.0922727 -0.0296882 -44632.8 122.348 
722568 0.0664623 -0.0427018 -44341.5 122.513 
723534 0.0332149 -0.00775223 -44131.7 122.677 
724500 0.0503861 0.0382833 -44042.9 122.841 
725466 0.048907 -0.0223704 -45467.3 123.006 
726432 0.0641152 -0.035657 -44954 123.17 
727398 0.0867587 -0.0821283 -44886.9 123.335 
728364 0.053321 0.00780245 -44254.2 123.499 
729330 0.0507221 0.00957813 -43562.8 123.663 
730296 0.0378018 0.0260926 -44853.3 123.827 
731262 0.0355468 0.0238434 -45233.8 123.992 
732228 0.0506035 -0.0263849 -45847.1 124.156 
733194 0.0954445 0.0353891 -44926.8 124.32 
734160 0.0789936 0.0157491 -44257.3 124.484 
735126 0.0323186 -0.00209031 -44532.5 124.648 
736092 0.0502968 -0.0126374 -44904.2 124.812 
737058 0.0651225 -0.00824664 -44866.9 124.977 
738024 0.0837057 -0.0459247 -45220.5 125.141 
738990 0.0551978 -0.0180445 -45476.6 125.306 
739956 0.0327619 -0.00404193 -45410.7 125.47 
740922 0.0494069 0.0166274 -45894.6 125.634 
741888 0.0228123 -0.00180635 -45249.9 125.799 
742854 0.0456678 -0.0446317 -45019.5 125.964 
743820 0.0415722 -0.0252171 -46124.2 126.128 
744786 0.0316736 0.00345221 -46647.7 126.293 
745752 0.0711187 0.0186974 -46629.1 126.457 
746718 0.0288925 0.00642182 -46852.3 126.621 
747684 0.0520472 0.0276626 -45935.9 126.785 
748650 0.0871029 0.0474478 -45853.8 126.949 
749616 0.0934144 0.0438912 -45581.2 127.114 
750582 0.0410221 0.0359641 -45919.2 127.278 
751548 0.0550608 -0.0492419 -45879.3 127.442 
752514 0.0797206 -0.0111447 -46199.8 127.606 
753480 0.0743517 0.00480362 -44677.5 127.77 
754446 0.0186875 0.00361481 -44887.7 127.934 
755412 0.021705 0.0188643 -43984.8 128.099 
756378 0.0603395 -0.00082852 -44612 128.263 
757344 0.0449838 -0.0327077 -44480.3 128.428 
758310 0.0537092 -0.0402716 -44831.7 128.591 
759276 0.0285852 -0.00330435 -43969.7 128.755 
760242 0.0367908 0.0153166 -45505.1 128.919 
761208 0.0787241 0.00423662 -45254.1 129.083 
762174 0.058461 0.0204622 -45306.2 129.248 
763140 0.0289911 -0.0121386 -45432.8 129.412 
764106 0.0560783 -0.0434269 -44927.3 129.577 
765072 0.032482 -0.02889 -44304.9 129.741 
766038 0.0354377 -0.0177489 -44643.7 129.905 
767004 0.0307838 -0.00951009 -45310.1 130.07 
767970 0.0381901 -0.0295789 -44955.3 130.234 
768936 0.0622845 -0.00619387 -45199.1 130.399 
769902 0.0400052 0.0269864 -44200.2 130.564 
770868 0.0529037 0.0277008 -45628.7 130.728 
771834 0.0645199 0.0544463 -44803.3 130.892 
772800 0.0304285 -0.024197 -44211.5 131.056 
773766 0.00941768 0.00339366 -43913.8 131.221 
774732 0.0129574 -0.000527109 -44793.7 131.386 
775698 0.0677436 -0.00436849 -44947.8 131.55 
776664 0.0655745 0.00453627 -46190.2 131.715 
777630 0.0487326 -0.0397114 -47396.5 131.879 
778596 0.015533 0.0155038 -46395.3 132.044 
779562 0.0517828 0.0173445 -46313.3 132.209 
780528 0.0325049 -0.0280452 -45980.1 132.373 
781494 0.0443081 0.0439178 -45511.9 132.537 
782460 0.0217323 0.0192519 -45138.2 132.702 
783426 0.0649279 -0.00448029 -45872.5 132.866 
784392 0.0138782 0.00992014 -45948.8 133.03 
785358 0.0530146 -0.00991162 -45912.9 133.194 
786324 0.0493395 -0.0492329 -45098.7 133.359 
787290 0.0595325 -0.0181545 -45475.5 133.523 
788256 0.0305967 -0.00298491 -44682.6 133.687 
789222 0.0441528 -0.033724 -44203.7 133.852 
790188 0.0694872 -0.0655785 -43615.8 134.016 
791154 0.0484093 -0.046136 -43754 134.18 
792120 0.0276394 -0.0216217 -43098.1 134.345 
793086 0.0316447 -0.00579788 -43525.6 134.509 
794052 0.0657354 0.0463177 -44244.1 134.674 
795018 0.0782403 0.00318118 -45195.5 134.838 
795984 0.0537248 -0.0294148 -44531.1 135.002 
796950 0.0424084 -0.0299534 -45377.2 135.166 
797916 0.0689376 -0.0576365 -45993.2 135.332 
798882 0.032755 0.00542005 -46223.2 135.497 
799848 0.0356807 -0.0131394 -46253.3 135.661 
800814 0.0104515 -0.00624562 -46629.2 135.825 
801780 0.0246444 -0.000254978 -46059.4 135.989 
802746 0.101434 -0.016591 -46059.5 136.153 
803712 0.0857467 -0.0706471 -45887.8 136.318 
804678 0.059989 -0.0417243 -46139.5 136.482 
805644 0.0593242 0.00565617 -46946 136.647 
806610 0.0249417 0.00439077 -45642.5 136.811 
807576 0.102465 0.0305901 -46796.1 136.976 
808542 0.0708781 -0.0412989 -45826.6 137.141 
809508 0.0748025 0.0365598 -44947.6 137.306 
810474 0.0694508 0.0153381 -46163 137.471 
811440 0.0563423 0.00949645 -44706.7 137.636 
812406 0.0523492 0.0347379 -43869.6 137.801 
813372 0.0545877 0.0283259 -44914.8 137.966 
814338 0.069921 0.064679 -44496.6 138.13 
815304 0.054572 0.0155979 -43875.2 138.294 
816270 0.043441 0.0272794 -44492.4 138.459 
817236 0.0347065 0.0129209 -45682.1 138.623 
818202 0.0193003 0.0192784 -45468.7 138.788 
819168 0.0185324 0.0101828 -45347 138.952 
820134 0.0444138 0.0392684 -44016.9 139.116 
821100 0.0346513 0.0313961 -43851.1 139.28 
822066 0.0170069 -0.00673598 -43802 139.444 
823032 0.016002 -0.00727841 -44397.4 139.608 
823998 0.0453083 0.0291951 -44884.7 139.773 
824964 0.0752491 -0.0132204 -44592.3 139.937 
825930 0.0527771 -0.0519768 -44961.1 140.101 
826896 0.026853 0.0258324 -44558.9 140.265 
827862 0.0457756 0.0121386 -45008 140.429 
828828 0.0783385 -0.0639757 -45921.9 140.594 
829794 0.033286 -0.00983926 -45374.3 140.759 
830760 0.0269979 0.00473059 -44972.3 140.923 
831726 0.0163968 0.00604067 -44772.7 141.087 
832692 0.0332674 -0.0216591 -44714.5 141.251 
833658 0.0630001 -0.0174652 -44797.7 141.415 
834624 0.0121772 -0.00833416 -44690.3 141.579 
835590 0.0278032 -0.0108375 -44067.1 141.743 
836556 0.0870938 -0.0280316 -45375.6 141.907 
837522 0.0520196 -0.0164193 -46800.4 142.071 
838488 0.0473055 -0.0148376 -47213.1 142.235 
839454 0.0125287 0.00222898 -46669 142.399 
840420 0.0416005 -0.0207091 -45353 142.563 
841386 0.0610411 -0.00397601 -44658.5 142.727 
842352 0.0542435 0.0191443 -44146.2 142.891 
843318 0.0308282 0.0188665 -44463.5 143.055 
844284 0.0213127 0.00755471 -43960.2 143.219 
845250 0.0400649 0.0342081 -44069.7 143.382 
846216 0.0258149 0.0109406 -43990.7 143.546 
847182 0.0483661 -0.0462788 -43690.8 143.71 
848148 0.00878183 -0.00416852 -43830.1 143.874 
849114 0.031405 0.0110391 -44009.8 144.038 
850080 0.052364 0.0454441 -43505.4 144.201 
851046 0.0334227 0.0333255 -42906.2 144.365 
852012 0.0542741 0.0134239 -43294.6 144.529 
852978 0.0712408 0.0638211 -44184.5 144.693 
853944 0.0509265 0.0291168 -43948.7 144.856 
854910 0.0138337 -0.00766988 -44253.5 145.02 
855876 0.0311378 -0.00500493 -43624.5 145.184 
856842 0.0424971 -0.0305699 -43585.2 145.349 
857808 0.0361971 -0.0192368 -43702.9 145.513 
858774 0.0254099 0.00859206 -45582 145.677 
859740 0.0244391 0.0215407 -45592.7 145.841 
860706 0.0455711 -0.0133953 -44679.8 146.006 
861672 0.0692504 0.0181784 -44488.8 146.17 
862638 0.0126929 0.0102666 -44374.5 146.334 
863604 0.0305329 0.0279129 -44140.9 146.499 
864570 0.0437339 -0.00485351 -44690 146.663 
865536 0.0454405 -0.0440711 -44543.9 146.828 
866502 0.0330786 0.00232467 -44147 146.992 
867468 0.08153 0.000187592 -45209.3 147.156 
868434 0.0575584 0.0140436 -44915.5 147.32 
869400 0.0343724 -0.0264593 -45466.1 147.484 
870366 0.0562524 -0.00697874 -45533.9 147.649 
871332 0.0282878 -0.0185583 -45634.5 147.813 
872298 0.08051 -0.00521393 -45287.5 147.978 
873264 0.0790795 -0.0389025 -45355.5 148.142 
874230 0.0584612 -0.0244721 -44891.5 148.307 
875196 0.0438222 -0.0167223 -44381.3 148.471 
876162 0.0352661 0.00242774 -44568.8 148.635 
877128 0.0304652 -0.0103961 -44171.2 148.8 
878094 0.00846238 -0.00805921 -45080.8 148.965 
879060 0.0531032 0.0223479 -44559.2 149.129 
880026 0.0414821 -0.00844536 -45351.2 149.294 
880992 0.0356949 0.0305339 -45025.4 149.458 
881958 0.0580045 0.0414603 -44481.9 149.622 
882924 0.0379764 0.0198454 -44273.9 149.786 
883890 0.0522556 0.0426772 -45337.5 149.95 
884856 0.0417888 0.0192239 -44138.9 150.114 
885822 0.0758362 0.0717031 -44466 150.278 
886788 0.0896296 0.0890052 -44063 150.442 
887754 0.0531643 0.0148604 -44691.2 150.607 
888720 0.0584924 -0.0159287 -44636.9 150.77 
889686 0.0524053 -0.0162694 -44710.4 150.935 
890652 0.0496221 -0.0378416 -43514.8 151.1 
891618 0.0556365 -0.0507803 -44748.6 151.264 
892584 0.0570299 -0.0256385 -44745.2 151.428 
893550 0.0463061 0.0342316 -45065.3 151.593 
894516 0.019697 0.0154954 -43866.9 151.758 
895482 0.020964 -0.00606573 -44155.1 151.921 
896448 0.0569864 0.04518 -45369.9 152.086 
897414 0.0507026 -0.0171342 -45484.9 152.25 
898380 0.0375909 0.0246559 -45675.9 152.415 
899346 0.0333073 -0.0257975 -44093.7 152.58 
900312 0.046917 0.0201306 -43833.1 152.744 
901278 0.0568362 0.0105308 -45907.3 152.908 
902244 0.033331 -0.0304756 -44909.5 153.073 
903210 0.0199954 -0.00227476 -45034 153.237 
904176 0.0307482 -0.0077216 -44774.5 153.401 
905142 0.0209719 0.00926487 -44608.7 153.565 
906108 0.0341838 -0.0211404 -44897.1 153.73 
907074 0.0745162 0.0023859 -44915 153.894 
908040 0.0597129 -0.0191542 -44262.3 154.058 
909006 0.0825206 -0.0341022 -46081.1 154.222 
909972 0.0611111 0.000778017 -46389.5 154.386 
910938 0.0420937 0.00338986 -46275.6 154.55 
911904 0.0482889 0.00140609 -46884.8 154.715 
912870 0.0706286 0.0372369 -46811.9 154.879 
913836 0.0288034 0.0169649 -46791.8 155.043 
914802 0.0500156 -0.00561204 -46011.7 155.208 
915768 0.0380674 0.0267126 -47468.9 155.372 
916734 0.0894339 0.067745 -46889.3 155.537 
917700 0.0989993 0.0932635 -45823.9 155.701 
918666 0.036564 -0.0103521 -45237.5 155.865 
919632 0.0737231 -0.00244405 -46004.8 156.029 
920598 0.0444735 0.019851 -45130.5 156.192 
921564 0.0490634 0.0275988 -45432.5 156.356 
922530 0.0481788 0.022174 -45158.5 156.521 
923496 0.0683123 -0.00118955 -46239.1 156.684 
924462 0.0342922 3.87373e-05 -45284.7 156.849 
925428 0.0461963 0.00677598 -45950.8 157.014 
926394 0.0216303 0.0200719 -44879 157.179 
927360 0.066835 0.048132 -44472.7 157.343 
928326 0.0677304 -0.00600266 -45407.7 157.508 
929292 0.0454418 0.00359091 -44428.4 157.672 
930258 0.00546495 -0.000180444 -44393.1 157.836 
931224 0.0316649 0.0116675 -44264.7 158.001 
932190 0.0596075 -0.0281277 -45228.7 158.165 
933156 0.0768194 -0.0356326 -44683.3 158.33 
934122 0.0233938 -0.0144213 -42896.9 158.494 
935088 0.0330624 0.0131983 -43612.5 158.659 
936054 0.0342802 0.0206175 -44044.4 158.823 
937020 0.0627092 0.0258128 -43782.7 158.988 
937986 0.027939 -0.000143726 -42719.9 159.152 
938952 0.0551382 -0.0280033 -43355.1 159.317 
939918 0.0568916 -0.0202572 -43041.1 159.481 
940884 0.0863247 -0.0507295 -44002 159.646 
941850 0.0643008 0.00351049 -43954.1 159.81 
942816 0.0661051 0.0214462 -44897.7 159.975 
943782 0.0400539 0.0162625 -44929.4 160.139 
944748 0.0867946 -0.0276894 -45263.2 160.303 
945714 0.135691 -0.0826614 -45335.7 160.468 
946680 0.110032 -0.0515051 -45425.9 160.632 
947646 0.0862204 -0.0364163 -44477.9 160.796 
948612 0.0626708 0.00139221 -44787 160.961 
949578 0.0845148 -0.0277948 -44134.8 161.125 
950544 0.0686352 0.00941731 -44263.9 161.289 
951510 0.0520448 -0.0200061 -44177.3 161.454 
952476 0.0312264 0.00855406 -44366.1 161.618 
953442 0.0672169 0.0661342 -45471.8 161.782 
954408 0.0592089 0.0288559 -44326.6 161.945 
955374 0.0490214 -0.00641399 -45029.2 162.11 
956340 0.0587142 0.0323528 -44991.3 162.274 
957306 0.0396112 -0.00689022 -45309.1 162.438 
958272 0.0553514 -0.00638786 -46404.4 162.602 
959238 0.0772621 0.0225421 -44858.3 162.767 
960204 0.128566 -0.0828505 -45381.5 162.931 
961170 0.0705639 -0.0220295 -45117.8 163.095 
962136 0.086524 0.0648337 -45368.7 163.259 
963102 0.0940796 0.00195774 -45315.7 163.423 
964068 0.116892 0.0341104 -45541.9 163.588 
965034 0.0639387 0.0206408 -46524 163.752 
966000 0.0502647 -0.0316076 -47547.9 163.916 
