0 0.0283399 0.00463415 -32219.1 0 
966 0.0513314 0.025392 -36930.1 0.16339 
1932 0.0609335 0.0291361 -40638.8 0.32999 
2898 0.0438929 -0.0420249 -42505.9 0.495928 
3864 0.0919134 0.0850809 -43496.8 0.660559 
4830 0.057479 0.0365604 -43578.8 0.825317 
5796 0.0792503 0.0436939 -43747.8 0.989812 
6762 0.0344094 -0.0232065 -42877.6 1.1539 
7728 0.0627516 0.0123659 -43546.9 1.31742 
8694 0.00898999 -0.00206817 -43660.1 1.48204 
9660 0.0294667 0.0169605 -43754.4 1.64681 
10626 0.0271283 0.0102043 -42535.6 1.81115 
11592 0.0499715 0.0406113 -42017.8 1.97516 
12558 0.069799 -0.0318841 -42491.5 2.13948 
13524 0.0628612 0.0451765 -42114 2.30436 
14490 0.0653443 -0.0334295 -43518.4 2.4691 
15456 0.0752992 0.0398564 -42593 2.63355 
16422 0.0125342 0.0114716 -43373.2 2.79769 
17388 0.0305072 -0.0244925 -45179.6 2.96189 
18354 0.0329049 0.00472978 -44393.9 3.12338 
19320 0.0148627 -0.0116432 -44374.5 3.28303 
20286 0.0462592 0.0437044 -44763.8 3.44542 
21252 0.0355134 0.0210048 -44112.8 3.60692 
22218 0.0737817 -0.0109912 -44692.9 3.76972 
23184 0.0659943 0.0343967 -45774.9 3.9297 
24150 0.101253 0.0232809 -45922.2 4.09085 
25116 0.0588727 0.00864168 -45831.6 4.25047 
26082 0.101776 0.0660127 -45352.9 4.40906 
27048 0.0927963 0.00988618 -44642.8 4.56678 
28014 0.0615117 -0.00805439 -44531.7 4.73101 
28980 0.0436228 0.0238534 -43407.8 4.8956 
29946 0.0472093 0.0182058 -45016.5 5.05991 
30912 0.0355299 0.00777387 -45992.3 5.22433 
31878 0.0234067 0.016739 -44831.5 5.38818 
32844 0.0298865 0.0222525 -45001.2 5.55249 
33810 0.0297945 0.00901726 -44262.3 5.71643 
34776 0.0402552 -0.000320741 -44319.3 5.8808 
35742 0.0474977 -0.00047941 -44666.8 6.04547 
36708 0.07054 -0.0455813 -43987.2 6.21011 
37674 0.0577255 -0.00527744 -43108.7 6.37483 
38640 0.0655239 -0.0515391 -43450.1 6.53917 
39606 0.0828624 -0.0353921 -43920.1 6.70355 
40572 0.0528873 0.0438369 -44110 6.86713 
41538 0.0680745 -0.0055015 -45698.4 7.03144 
42504 0.0688019 0.0174037 -45366.4 7.19554 
43470 0.0815782 0.0636676 -45676.2 7.36016 
44436 0.0684913 0.0476733 -45814.3 7.52486 
45402 0.0291213 0.0201102 -45810.8 7.69006 
46368 0.0116086 -0.0113224 -45898.9 7.85467 
47334 0.0167983 0.00518605 -45100.7 8.01936 
48300 0.0631045 0.0542286 -45198.8 8.18469 
49266 0.0580873 -0.0567161 -45225.8 8.34937 
50232 0.0225917 0.00372646 -45812.3 8.51478 
51198 0.0465453 -0.0322921 -45848.2 8.67959 
52164 0.0760156 -0.00479469 -47020.4 8.84461 
53130 0.0329054 -0.032028 -45446.4 9.00952 
54096 0.0418051 -0.0303201 -45838.4 9.17431 
55062 0.0465355 0.0298509 -47460.2 9.33913 
56028 0.06927 0.0237158 -47340 9.50424 
56994 0.0384971 0.0183102 -46509.2 9.66903 
57960 0.0304527 0.00663596 -45742.2 9.83357 
58926 0.0763073 0.0560222 -44924.7 9.99815 
59892 0.134546 0.0418247 -46287.3 10.1623 
60858 0.136149 0.0646675 -47736.6 10.3267 
61824 0.0338015 -0.0145987 -47221.4 10.4912 
62790 0.0630415 -0.0133521 -46179.2 10.656 
63756 0.0668576 -0.00162043 -45373.4 10.8203 
64722 0.0157668 0.00476875 -45470 10.9852 
65688 0.0889406 0.0746681 -45170.6 11.1501 
66654 0.0493649 0.0345177 -45217.8 11.3145 
67620 0.0830935 0.0706261 -44807.1 11.4786 
68586 0.055489 0.0401108 -45249.4 11.643 
69552 0.0680322 0.0413395 -44505.8 11.8077 
70518 0.0331997 0.0309721 -45372.4 11.9725 
71484 0.0415629 0.0363051 -45456.6 12.1373 
72450 0.0535623 0.00877262 -46659.7 12.3017 
73416 0.0465155 0.0116811 -46846.4 12.467 
74382 0.0748707 0.0123286 -45603 12.6317 
75348 0.0893661 -0.00561484 -44592.6 12.7969 
76314 0.06345 0.00408695 -45425.2 12.9611 
77280 0.0308559 -0.0308025 -44715.7 13.1262 
78246 0.0212515 0.00365779 -46139.5 13.2909 
79212 0.0170593 -0.00818641 -45874.9 13.4553 
80178 0.0451757 -0.0399886 -45453.4 13.6199 
81144 0.0551211 0.0315216 -44621.2 13.7841 
82110 0.0597603 -0.00970032 -44846.8 13.9486 
83076 0.0747676 -0.023924 -45857.9 14.113 
84042 0.0608764 0.00346009 -44888.5 14.2774 
85008 0.059144 -0.00482631 -45043.5 14.442 
85974 0.0876556 -0.0504558 -44466.2 14.6065 
86940 0.0243278 0.00902412 -44308.6 14.7708 
87906 0.0546259 0.0191971 -44008.9 14.9353 
88872 0.0721735 0.0719739 -44165.2 15.0996 
89838 0.0924137 0.0613504 -46025.9 15.2644 
90804 0.0655579 0.0609395 -46002.5 15.4289 
91770 0.04902 0.0331923 -45440.1 15.5931 
92736 0.0620764 0.0237815 -45425 15.7571 
93702 0.0413806 0.0295802 -46380.8 15.9222 
94668 0.0342511 -0.0190265 -46418.1 16.0867 
95634 0.0952897 -0.038435 -46494.5 16.251 
96600 0.0742566 -0.0611756 -45608.9 16.4154 
97566 0.0281174 -0.00741969 -45769.9 16.5798 
98532 0.0439803 0.0341719 -44959.1 16.7443 
99498 0.0548561 -0.0159241 -44449.6 16.9086 
100464 0.0445146 -0.00706314 -44874.4 17.0728 
101430 0.0361583 0.0232639 -44471.6 17.2372 
102396 0.060612 0.0285689 -44100.2 17.4022 
103362 0.0568451 0.000790229 -44157.7 17.5673 
104328 0.0416043 -0.00599742 -45034.9 17.7315 
105294 0.0375579 0.0125921 -44349.7 17.8961 
106260 0.0339812 0.0338666 -44481.3 18.0608 
107226 0.0213481 -0.0202679 -44322.5 18.2249 
108192 0.0106696 -0.00807321 -44775.8 18.3896 
109158 0.0742373 -0.00597965 -45300.9 18.5544 
110124 0.0417002 0.00578521 -44620.1 18.7189 
111090 0.0187343 0.0080537 -44015.3 18.8839 
112056 0.0915288 0.000926654 -44459.6 19.0488 
113022 0.0514092 0.0236006 -44823.7 19.2128 
113988 0.0286236 -0.0125591 -44811.5 19.3778 
114954 0.0520631 0.00363317 -45501.3 19.5424 
115920 0.0481895 -0.0464172 -46166.6 19.7073 
116886 0.0435337 0.00720982 -45343.1 19.8719 
117852 0.0205663 0.00914775 -44748 20.0371 
118818 0.0589464 -0.00381695 -45064.1 20.2025 
119784 0.0298261 -0.0162485 -45292.9 20.367 
120750 0.0614154 -0.00997801 -43927.1 20.5318 
121716 0.0758749 -0.0189231 -44194.6 20.6965 
122682 0.0386405 -0.0176095 -44317.8 20.8614 
123648 0.0337057 0.001972 -43123.1 21.0258 
124614 0.047507 0.0171254 -44606.3 21.1909 
125580 0.0518755 0.042676 -45727.8 21.3558 
126546 0.0217326 -0.00447526 -45542.5 21.5201 
127512 0.0368004 0.0209841 -45104.6 21.685 
128478 0.0816813 0.00957436 -45570.6 21.8497 
129444 0.0500824 -0.0192387 -44595.4 22.0151 
130410 0.0289522 0.0248103 -44729.2 22.1797 
131376 0.0584664 0.0572469 -45243 22.344 
132342 0.0665243 -0.00472721 -45807.7 22.5086 
133308 0.0756479 0.0250198 -45858.7 22.6729 
134274 0.0476445 0.033283 -43731.5 22.8378 
135240 0.0398362 0.0193112 -42992.4 23.0025 
136206 0.0860958 0.0201523 -44624 23.1671 
137172 0.0485141 -0.0346077 -43616.7 23.3313 
138138 0.0504012 -0.037943 -45438.5 23.4962 
139104 0.0742165 -0.0629878 -43948.7 23.6612 
140070 0.0379134 -0.01626 -44382 23.8262 
141036 0.046954 -0.039415 -44843.9 23.9909 
142002 0.053677 -0.0288455 -45030.2 24.1555 
142968 0.0528651 -0.0255195 -45288.6 24.3206 
143934 0.0697261 -0.0632131 -45341.4 24.4853 
144900 0.0677967 0.00440846 -43772.6 24.6496 
145866 0.0339094 -0.00525399 -44386 24.8144 
146832 0.0689137 0.0167663 -43647.2 24.9783 
147798 0.0346507 0.0164546 -44500 25.1429 
148764 0.0399357 -0.00975282 -44736.7 25.3071 
149730 0.0726575 -0.0612716 -45159.2 25.4716 
150696 0.0371435 0.0285819 -44048.8 25.6366 
151662 0.0375082 -0.0367756 -43679.7 25.8016 
152628 0.0535791 -0.0273163 -41756.5 25.967 
153594 0.0619474 -0.00636368 -42537.7 26.1316 
154560 0.0204476 -0.00521784 -44344.9 26.2961 
155526 0.020968 0.00179021 -45040.4 26.4608 
156492 0.0484989 -0.00954716 -44926.4 26.6257 
157458 0.0236812 0.00305551 -44217.6 26.7906 
158424 0.0394085 0.0090311 -44851.4 26.9553 
159390 0.0413793 0.0120297 -45301 27.12 
160356 0.0464853 -0.0191477 -45400.1 27.2849 
161322 0.02997 -0.0144582 -45317.8 27.4497 
162288 0.0527905 -0.0491595 -44106.4 27.6148 
163254 0.0248791 -0.0167782 -44659.5 27.7794 
164220 0.0617118 -0.0416672 -45514.6 27.9442 
165186 0.0653854 -0.0175744 -45982.5 28.1085 
166152 0.0686286 0.0432236 -45499.7 28.2732 
167118 0.0736381 0.0521367 -44906.5 28.4378 
168084 0.035878 0.0302712 -44381.5 28.6028 
169050 0.039047 0.01808 -44007 28.7673 
170016 0.0220961 0.00330843 -44675.7 28.9323 
170982 0.0451672 0.0216778 -44488.9 29.0961 
171948 0.0595936 -0.00272729 -45086 29.2606 
172914 0.0767723 0.0446024 -45504.1 29.4248 
173880 0.0554929 -0.0199401 -45622.1 29.5894 
174846 0.055167 -0.0125026 -45224.5 29.7542 
175812 0.0380398 0.0359527 -44742.9 29.919 
176778 0.0458939 -0.0180793 -44716.7 30.084 
177744 0.0340998 0.023689 -44424.9 30.2493 
178710 0.0239218 -0.0236613 -45559 30.4143 
179676 0.0380671 0.00771579 -44317.5 30.5796 
180642 0.0875102 0.0337907 -44802 30.7442 
181608 0.0870647 0.0630119 -44567.8 30.9099 
182574 0.109718 0.053698 -45538.1 31.0748 
183540 0.0928665 0.0665949 -44195.8 31.2397 
184506 0.0755795 0.0240861 -43348.8 31.4042 
185472 0.0291735 -0.00199585 -43093.6 31.5696 
186438 0.0534294 -0.00937016 -43058.8 31.7346 
187404 0.012173 0.00598104 -43694 31.8988 
188370 0.0616227 -0.0374935 -43637 32.0634 
189336 0.0628206 0.026878 -44539.8 32.2276 
190302 0.0323271 -0.00912683 -43482.5 32.3919 
191268 0.0315742 -0.0162475 -43634 32.5564 
192234 0.0224182 -0.0194778 -44651.6 32.7207 
193200 0.0513872 -0.0484718 -43704.5 32.885 
194166 0.0539679 -0.0478691 -44103.3 33.0494 
195132 0.0438118 -0.00902896 -43740.2 33.2136 
196098 0.0298777 0.027447 -42986.2 33.3776 
197064 0.0216789 0.0139845 -42640.7 33.5419 
198030 0.0327372 0.0271305 -42639.8 33.706 
198996 0.0385637 -0.0204286 -42550.7 33.8704 
199962 0.0403947 -0.0198301 -42109.7 34.0352 
200928 0.0743301 -0.0599513 -43680.4 34.1998 
201894 0.0808716 -0.0555255 -43237.6 34.3647 
202860 0.0655198 -0.00551826 -43954 34.5301 
203826 0.0550685 0.0273168 -44304.4 34.6954 
204792 0.0253373 -0.00522112 -45677.5 34.86 
205758 0.0349698 -0.0106692 -45834.2 35.0249 
206724 0.0943901 -0.0667973 -44701.1 35.19 
207690 0.0315092 -0.0196897 -45810.2 35.3545 
208656 0.0581583 0.0254919 -45561.7 35.5195 
209622 0.0622067 -0.035371 -45787.8 35.6842 
210588 0.0725654 -0.0580526 -44937.5 35.8485 
211554 0.0354376 -0.0148186 -46715.9 36.0131 
212520 0.0786132 -0.0455486 -45591.1 36.1774 
213486 0.0694333 -0.0174467 -45633.2 36.3419 
214452 0.0413563 -0.0412132 -46204.7 36.5072 
215418 0.0305316 0.0117756 -45067.2 36.6721 
216384 0.0778168 -0.0295494 -45606.6 36.8364 
217350 0.106473 -0.0369406 -46015.8 37.0009 
218316 0.0192843 -0.00876976 -46398.9 37.1653 
219282 0.0489091 0.0366374 -45920.6 37.33 
220248 0.0507513 0.0137733 -46289.1 37.4946 
221214 0.0889719 0.0592351 -45387.4 37.6588 
222180 0.0574268 0.0327136 -45001.4 37.8232 
223146 0.0385678 0.00107019 -44203.1 37.9877 
224112 0.0600673 -0.0437846 -43818.9 38.1521 
225078 0.0782237 -0.0684464 -43111.8 38.3166 
226044 0.0542174 -0.0137827 -43636.9 38.4812 
227010 0.0883424 -0.045393 -43424 38.6459 
227976 0.032561 -0.0129547 -43794.7 38.8103 
228942 0.067518 -0.0642551 -43617 38.9745 
229908 0.0760073 -0.0472917 -44324.3 39.139 
230874 0.031037 -0.0246087 -44861.2 39.3037 
231840 0.0489572 -0.0407673 -44590.3 39.4686 
232806 0.0423952 -0.0254697 -43500.6 39.6336 
233772 0.0474618 0.0167497 -43076.4 39.7984 
234738 0.0578298 -0.0533242 -43445.6 39.9633 
235704 0.0564533 -0.0425098 -43596.5 40.1272 
236670 0.0683344 -0.0426443 -43526.1 40.2912 
237636 0.0476805 0.045015 -44399.2 40.4553 
238602 0.0767203 0.0517422 -45496.5 40.6197 
239568 0.0528823 -0.00585528 -45423 40.7843 
240534 0.0351314 0.0330877 -44353.9 40.9493 
241500 0.0633628 0.0427992 -44213.7 41.1141 
242466 0.0865393 0.0179547 -44465.5 41.278 
243432 0.0422409 -0.0262959 -43918.5 41.4426 
244398 0.0915939 0.0709507 -43974.5 41.6073 
245364 0.0152486 0.0118993 -44490.6 41.7718 
246330 0.0537916 -0.0329815 -44904.6 41.9364 
247296 0.0551137 -0.0281014 -44087.5 42.1008 
248262 0.0307206 0.0033511 -44133.7 42.2655 
249228 0.040021 -0.000129537 -43718.2 42.4301 
250194 0.022245 -0.0037171 -44597 42.5947 
251160 0.0517088 -0.015611 -45969.6 42.759 
252126 0.0693495 -0.0304996 -45263.5 42.9243 
253092 0.0628361 0.027414 -44641.6 43.0889 
254058 0.028087 0.0266829 -46002.5 43.2536 
255024 0.0323902 -0.0246929 -45712.5 43.4184 
255990 0.0724311 -0.0479286 -45282.4 43.5826 
256956 0.0411738 -0.011197 -45409.2 43.7476 
257922 0.0960483 0.033238 -45829.1 43.9121 
258888 0.0888761 -0.00163085 -45009.7 44.077 
259854 0.0580763 -0.00219432 -45536 44.242 
260820 0.0880313 0.0257163 -44868.4 44.4066 
261786 0.0479529 -0.0141055 -44330.4 44.5709 
262752 0.0780294 0.0683913 -43881 44.7354 
263718 0.083076 0.0660833 -43490.2 44.8999 
264684 0.110964 0.107289 -43026.8 45.0647 
265650 0.0671462 -0.0114159 -42938 45.229 
266616 0.0922906 0.0681664 -44041.6 45.3931 
267582 0.0657898 0.0628221 -43728.6 45.5552 
268548 0.0505136 0.000890626 -44367 45.7191 
269514 0.0602365 0.0471443 -43734 45.8837 
270480 0.0803284 0.0710724 -43285.3 46.0483 
271446 0.0572921 0.0286673 -44357.3 46.2129 
272412 0.0286928 -0.0215906 -44640 46.378 
273378 0.038821 0.0142529 -44542.9 46.5429 
274344 0.0280299 -0.00631893 -44248.9 46.7074 
275310 0.0489026 -0.0204667 -43746.8 46.8719 
276276 0.0120336 -0.00274474 -44583.5 47.0353 
277242 0.0414032 -0.0262908 -44234 47.1999 
278208 0.0304412 -0.029506 -44032.9 47.3648 
279174 0.0359474 0.032563 -43356.7 47.5301 
280140 0.0521512 0.0419671 -44610.1 47.6945 
281106 0.0589461 -0.016675 -44358.7 47.8593 
282072 0.0712943 -0.0261842 -44526.9 48.0242 
283038 0.0419245 -0.0273077 -45081.8 48.1885 
284004 0.038593 -0.0045815 -45223.6 48.3526 
284970 0.0567699 -0.0015998 -45714.5 48.5174 
285936 0.058302 0.0147882 -44520.3 48.6819 
286902 0.0855068 0.00830966 -44540.4 48.8469 
287868 0.0844886 0.0156185 -45162.1 49.012 
288834 0.055482 0.00274932 -45500.3 49.1764 
289800 0.0703443 0.0208327 -45562.4 49.3417 
290766 0.061651 0.0225033 -46010.4 49.5066 
291732 0.0252812 -0.00442211 -45672.8 49.6715 
292698 0.0565915 0.0326969 -46568.5 49.8361 
293664 0.0335596 0.00586924 -45414 50.0007 
294630 0.0617578 0.0489884 -45568.2 50.1657 
295596 0.0434464 0.00130242 -46283.9 50.3305 
296562 0.0442938 0.0274188 -44965.7 50.4955 
297528 0.0740594 -0.0597218 -46388.7 50.661 
298494 0.0819483 -0.0543212 -45571.6 50.8248 
299460 0.0227477 -0.00696028 -46352.2 50.9894 
300426 0.075688 -0.0377591 -45295.5 51.1543 
301392 0.0332086 0.000610366 -45000.8 51.3192 
302358 0.0580194 -0.030656 -46026.9 51.4838 
303324 0.0124874 0.0124015 -44224.4 51.6481 
304290 0.0514181 -0.03817 -43902.4 51.8129 
305256 0.0683153 -0.0504938 -43761.1 51.978 
306222 0.0765485 -0.0151229 -43518.9 52.1422 
307188 0.071427 0.0643036 -43899.8 52.3073 
308154 0.0267188 -0.0245982 -44699.4 52.4715 
309120 0.0451114 -0.00644562 -44083 52.6355 
310086 0.0457297 0.0444391 -44258.6 52.8005 
311052 0.0374785 0.0363976 -44150.7 52.9657 
312018 0.055228 0.0250267 -44373.7 53.13 
312984 0.0294301 -0.00637664 -44566.6 53.2947 
313950 0.0848143 -0.0703788 -44728.5 53.4594 
314916 0.0613468 -0.0578945 -43909.5 53.6244 
315882 0.0469448 -0.0412082 -44650.3 53.7885 
316848 0.0281715 0.00563599 -45300.6 53.9528 
317814 0.0918417 -0.0532847 -45077.5 54.1174 
318780 0.0491605 0.0236118 -43818.4 54.2825 
319746 0.0612509 0.0490904 -44797.5 54.4469 
320712 0.0697436 -0.0083066 -44560 54.6113 
321678 0.052326 -0.0135949 -44568.1 54.7757 
322644 0.0228919 0.0057429 -43343.4 54.9401 
323610 0.0278846 -0.00132121 -43932.6 55.1043 
324576 0.0202928 0.00102166 -45138 55.2685 
325542 0.0491567 -0.00194099 -44591.1 55.4323 
326508 0.0584037 -0.00682843 -45104.1 55.5963 
327474 0.0515546 0.0302817 -44939.7 55.7607 
328440 0.0440271 -0.0210437 -45208.1 55.9253 
329406 0.0399746 0.00867781 -44346.8 56.0872 
330372 0.0547324 -0.0375583 -45154.9 56.2512 
331338 0.0213079 -0.0122371 -44947.2 56.4155 
332304 0.0302904 0.00523129 -44356.4 56.5788 
333270 0.03101 -0.0161722 -44498.7 56.7432 
334236 0.0808911 0.0764268 -45443.7 56.9072 
335202 0.0432208 0.0414108 -45949.5 57.0713 
336168 0.046298 -0.0141761 -46236.3 57.2359 
337134 0.0381105 -0.0375097 -45625.2 57.4006 
338100 0.0212756 0.018863 -43688.5 57.5659 
339066 0.0675009 0.0663519 -44092.5 57.7305 
340032 0.0370499 0.00577699 -44684.2 57.8948 
340998 0.04431 -0.0378796 -45094.3 58.0604 
341964 0.0369721 0.0325188 -45140.9 58.2256 
342930 0.0837586 0.0558676 -45048.2 58.3903 
343896 0.0289514 0.0215053 -44841.4 58.5549 
344862 0.0181184 0.00666907 -45286.4 58.7197 
345828 0.0907679 0.0336358 -45127.3 58.8845 
346794 0.0342404 -0.00894291 -45613.5 59.0492 
347760 0.106634 0.0847799 -44563.8 59.2134 
348726 0.0476813 0.0234552 -44162.4 59.3778 
349692 0.057877 0.0521616 -44026.5 59.5424 
350658 0.0618322 0.0160052 -44411 59.7077 
351624 0.049413 0.0059798 -45228.8 59.8729 
352590 0.0169001 -0.00830386 -45038.2 60.0375 
353556 0.0490072 0.00699137 -46687.6 60.2024 
354522 0.0520974 0.0234156 -45694.5 60.3671 
355488 0.041382 0.0244973 -46006.1 60.5317 
356454 0.0434151 0.0209479 -44794.6 60.6959 
357420 0.0318679 0.00654001 -44468.7 60.861 
358386 0.0279033 -0.0186628 -44603.3 61.0254 
359352 0.0414461 0.0395946 -43917.9 61.1899 
360318 0.0660014 0.054846 -44271.6 61.3545 
361284 0.0278537 0.0167985 -44546.8 61.5188 
362250 0.0151104 -0.0126481 -44297.2 61.6836 
363216 0.0619759 -0.048007 -45816.7 61.8483 
364182 0.0137337 -0.0033933 -44917.7 62.0127 
365148 0.0371696 0.0275983 -43907.1 62.1773 
366114 0.0796409 -0.0699652 -43527.7 62.3427 
367080 0.0352792 -0.0112525 -44245.1 62.5074 
368046 0.0312925 0.0272535 -44598.8 62.6723 
369012 0.0547234 -0.0365921 -43613.7 62.8364 
369978 0.0598351 0.0158184 -43750.3 63.0005 
370944 0.01675 0.00149028 -45017.3 63.1654 
371910 0.0848407 0.0111542 -44132.7 63.3304 
372876 0.0931214 0.0651955 -44437.9 63.4947 
373842 0.0427252 -0.00602996 -45269.3 63.6595 
374808 0.0160125 -0.000756171 -45250.2 63.824 
375774 0.036043 -0.00173812 -45525 63.9892 
376740 0.0639837 -0.0471253 -44808.9 64.1534 
377706 0.0468401 0.0158316 -43726.9 64.3179 
378672 0.0699169 -0.0106026 -44689.7 64.4819 
379638 0.0491439 -0.0259505 -45108 64.646 
380604 0.0575707 -0.0134677 -44974.2 64.8109 
381570 0.030534 -0.0152269 -44110.5 64.9759 
382536 0.041738 -0.0339885 -43815.5 65.1401 
383502 0.0460915 -0.0359315 -44419.7 65.3049 
384468 0.0419394 -0.00825222 -43774.1 65.4694 
385434 0.0482951 -0.0313925 -44522 65.6338 
386400 0.0215503 0.0186601 -44739.2 65.7983 
387366 0.0354308 0.00018669 -45982.9 65.9622 
388332 0.0335019 0.0093755 -45759 66.1272 
389298 0.0297513 -0.00900146 -46493.5 66.2919 
390264 0.0471976 -0.004966 -45284.1 66.4565 
391230 0.0279024 -0.012988 -44947.7 66.6213 
392196 0.0693238 0.0288911 -44924.2 66.7861 
393162 0.0733496 0.00556109 -45144.7 66.9507 
394128 0.0571701 -0.00020073 -44458.8 67.1153 
395094 0.0185794 -0.0153564 -45399.6 67.2797 
396060 0.0168128 0.00757552 -45763 67.4441 
397026 0.0825632 0.0493833 -45568.8 67.6093 
397992 0.0549411 -0.00878513 -45008.7 67.7742 
398958 0.04555 0.0139674 -44718.3 67.9391 
399924 0.0616148 0.0108545 -45115 68.104 
400890 0.0454442 0.0205255 -45547 68.269 
401856 0.0498272 0.0475971 -46068.5 68.4339 
402822 0.045193 -0.0418762 -44003.7 68.5993 
403788 0.0338635 0.03135 -45246 68.7637 
404754 0.0645513 0.0189141 -44718.9 68.9281 
405720 0.074237 -0.0118482 -43673.8 69.093 
406686 0.0395459 -0.0226135 -44120.5 69.2578 
407652 0.0431958 0.0127751 -42927.4 69.4228 
408618 0.0262962 -0.00253197 -44680.5 69.5876 
409584 0.0610879 0.0547076 -44050.9 69.7528 
410550 0.0188933 -0.0114641 -44105.3 69.9176 
411516 0.0286468 0.0151532 -44580.7 70.0825 
412482 0.0274647 -0.00195683 -44760.1 70.2469 
413448 0.0280662 0.027492 -45797.9 70.4118 
414414 0.0386006 0.0181007 -43926.1 70.5764 
415380 0.0594248 -0.0578486 -43891.4 70.7409 
416346 0.0508553 0.0131434 -44923.6 70.9057 
417312 0.060586 -0.0156129 -44828.2 71.0703 
418278 0.0278447 -0.0163013 -44640.6 71.2349 
419244 0.030841 0.0226592 -44710.9 71.3995 
420210 0.0520373 -0.0183158 -44055.9 71.5641 
421176 0.0516071 0.0102691 -45982.3 71.7288 
422142 0.0519554 -0.00880124 -45053.2 71.8941 
423108 0.0857791 0.0533071 -45264.6 72.0593 
424074 0.0321768 0.0269188 -45269.8 72.2241 
425040 0.0588421 0.0513239 -45424.3 72.3885 
426006 0.0369457 0.0133292 -44721.6 72.5534 
426972 0.0260677 -0.00652313 -44338.4 72.7176 
427938 0.0416247 -0.032596 -44368 72.8818 
428904 0.0479164 -0.025005 -43908.9 73.0464 
429870 0.0454614 -0.0337562 -42503.3 73.2107 
430836 0.0450208 -0.0121895 -43614.2 73.3756 
431802 0.0567198 -0.049533 -42853.1 73.5405 
432768 0.0727498 0.0520825 -44216.9 73.7052 
433734 0.0901596 0.014022 -44031.1 73.8702 
434700 0.0510495 -0.0155202 -44617.1 74.0352 
435666 0.0272165 -0.00310446 -44045.2 74.1994 
436632 0.0313437 -0.00733147 -43851.2 74.3643 
437598 0.0529708 0.0415613 -44654 74.5289 
438564 0.0518982 0.0201145 -44275.5 74.6934 
439530 0.0459431 -0.0151816 -44484 74.858 
440496 0.0447332 0.0254322 -43837.7 75.0225 
441462 0.0401108 0.0384337 -42966.3 75.1875 
442428 0.0536923 -0.00377205 -43532.7 75.3531 
443394 0.0574632 -0.0357341 -45014.1 75.5184 
444360 0.0230118 -0.0146928 -45502.4 75.6834 
445326 0.0131721 0.00612839 -45872.7 75.8488 
446292 0.0240361 -0.00854398 -44758.3 76.0138 
447258 0.0204706 -0.0028401 -44513.1 76.179 
448224 0.0672433 -0.032581 -44655.1 76.3437 
449190 0.0364819 0.0151933 -44990.4 76.5085 
450156 0.0270549 -0.0268615 -45751.9 76.6736 
451122 0.0266944 0.00807836 -45263.8 76.839 
452088 0.0211583 0.00880998 -45169.9 77.0038 
453054 0.0564594 0.0503374 -45006.4 77.1689 
454020 0.0434638 0.00599946 -45097.6 77.3333 
454986 0.0394553 0.00851654 -45243.5 77.4987 
455952 0.0537601 -0.010708 -46114 77.6634 
456918 0.0563681 -0.0472061 -45356.8 77.8284 
457884 0.021554 0.0209088 -45057.4 77.9933 
458850 0.0371867 -0.0338086 -45504 78.1578 
459816 0.0743597 -0.0542382 -44896.3 78.3229 
460782 0.0520621 -0.00903016 -44678.7 78.4878 
461748 0.0561192 -0.0523084 -44925.1 78.6528 
462714 0.0365492 -0.0210425 -45019 78.8174 
463680 0.046397 -0.01536 -44701.6 78.9824 
464646 0.0792374 0.0276446 -44590.7 79.1469 
465612 0.0429922 -0.00380063 -45406.3 79.3117 
466578 0.0639666 0.0321116 -44277.3 79.4768 
467544 0.0529758 -0.00927095 -44032.5 79.6421 
468510 0.0371381 0.0112632 -45839.4 79.8072 
469476 0.0562316 -0.046876 -45894.6 79.9716 
470442 0.0821113 -0.00580119 -45537.9 80.1368 
471408 0.0173583 -0.0161347 -44688.3 80.3016 
472374 0.0211933 0.00885419 -43863.7 80.466 
473340 0.0673066 -0.0221006 -44956.2 80.6307 
474306 0.0290579 0.0179764 -44583.6 80.7954 
475272 0.0150774 -0.0135634 -42779.9 80.96 
476238 0.0271524 0.00448505 -42868.4 81.1251 
477204 0.0503996 0.0493955 -42231 81.2897 
478170 0.0218556 0.0127481 -41959.1 81.4555 
479136 0.0432871 -0.0100075 -43246.9 81.6202 
480102 0.0399749 -0.0319534 -43339.7 81.7844 
481068 0.0652929 0.0411027 -42600.6 81.9494 
482034 0.0429501 0.0103965 -42693.8 82.1135 
483000 0.0579691 -0.0412603 -43034.9 82.2786 
483966 0.0396707 -0.0275022 -42532.5 82.4433 
484932 0.0547751 0.0064411 -43434.5 82.6083 
485898 0.0958058 -0.039053 -44641.4 82.7733 
486864 0.0637309 0.00144718 -43846.4 82.938 
487830 0.0734262 -0.0254814 -44206.4 83.1025 
488796 0.1012 -0.0359973 -44415.4 83.267 
489762 0.0682648 0.0122174 -43580.6 83.432 
490728 0.0540032 0.0213528 -43664.6 83.597 
491694 0.0425661 0.0226221 -43238.1 83.7623 
492660 0.085229 0.0250056 -43145.9 83.9272 
493626 0.0747364 0.00707802 -42930.8 84.0918 
494592 0.0700346 -0.0216555 -42979.7 84.2561 
495558 0.0667189 -0.053258 -42671.9 84.4207 
496524 0.0325609 0.00880435 -43926.6 84.5858 
497490 0.043657 -0.029878 -43639.2 84.7509 
498456 0.0859658 -0.0694079 -43679.9 84.9155 
499422 0.0604317 -0.0251335 -43686.8 85.0808 
500388 0.0381097 -0.000943602 -43551.6 85.246 
501354 0.0651858 -0.0437284 -43992.1 85.4109 
502320 0.0752719 -0.0668285 -44168.2 85.575 
503286 0.0748993 -0.0459185 -45623.9 85.7402 
504252 0.0790443 0.0305852 -47003.7 85.9048 
505218 0.0966636 -0.00470086 -45220.1 86.0696 
506184 0.0437995 0.0168565 -45051.7 86.2346 
507150 0.0649136 -0.00486529 -44850.4 86.3996 
508116 0.0474486 -0.0290723 -44380.2 86.5643 
509082 0.0831668 -0.0236378 -44543.2 86.7291 
510048 0.0495878 -0.0135611 -44207.8 86.8935 
511014 0.071984 0.0454176 -44572.3 87.0587 
511980 0.00804204 0.00632415 -44317.5 87.2232 
512946 0.00849867 -0.00132683 -44873.2 87.388 
513912 0.0405006 -0.025207 -45520.8 87.5535 
514878 0.05854 -0.0347718 -44983.8 87.7186 
515844 0.0385645 0.0302859 -46176.9 87.8836 
516810 0.0233396 0.00455826 -45856.9 88.0483 
517776 0.0532294 0.050306 -45011.8 88.2132 
518742 0.0642335 0.0337959 -45354.1 88.3784 
519708 0.0393179 -0.0194649 -44410.9 88.5433 
520674 0.0524148 0.0178536 -44678.9 88.7084 
521640 0.0521349 0.0306756 -44382.8 88.873 
522606 0.0549266 0.051757 -44197.3 89.0381 
523572 0.0288168 0.0241914 -45082.5 89.2029 
524538 0.0472595 0.0393144 -46421.8 89.3681 
525504 0.0624123 -0.0510193 -46448.7 89.5337 
526470 0.0613565 -0.0426468 -44920.3 89.6987 
527436 0.0608592 -0.0221357 -45801.6 89.8635 
528402 0.0300302 0.00368467 -46359.9 90.0289 
529368 0.0590096 0.0169526 -46771.2 90.1943 
530334 0.0297323 0.0138418 -44921.9 90.3592 
531300 0.014475 0.0105144 -44291.2 90.5247 
532266 0.0429127 0.0254269 -45293.3 90.6894 
533232 0.0602573 -0.0445654 -45457.1 90.8539 
534198 0.0599646 0.047957 -45783.9 91.0191 
535164 0.0552143 0.0461759 -45981.1 91.1841 
536130 0.0385487 0.0221818 -45521.4 91.3488 
537096 0.067842 0.0352269 -44294.5 91.5141 
538062 0.0886151 0.0880956 -45583.9 91.6796 
539028 0.0727644 0.0513992 -44959 91.8448 
539994 0.118609 0.0587499 -46154.8 92.0104 
540960 0.0864858 0.0504088 -44999.1 92.1751 
541926 0.0463824 0.0352829 -44275 92.3399 
542892 0.0718951 -0.00298121 -44296.9 92.5051 
543858 0.0313478 0.00323186 -43552.4 92.67 
544824 0.0255506 -0.00373596 -44545.8 92.8349 
545790 0.0671348 -0.0593749 -43812.8 92.9997 
546756 0.0138914 0.00418078 -43921.9 93.1641 
547722 0.0332568 0.0199452 -44149 93.3289 
548688 0.0844993 -0.0172616 -43816 93.4936 
549654 0.0539438 0.0327515 -43640.9 93.6579 
550620 0.0242757 -0.00165079 -43077.7 93.8227 
551586 0.0360559 0.0275441 -43837.4 93.9875 
552552 0.0308473 -0.0085573 -44460.5 94.1528 
553518 0.0775604 -0.0213762 -44630.7 94.3179 
554484 0.0558457 -0.00926382 -44016.7 94.4827 
555450 0.0292838 0.022255 -44993.5 94.6474 
556416 0.0704176 0.0606021 -43154.4 94.8122 
557382 0.040233 0.0309149 -43905.2 94.9769 
558348 0.043249 -0.00159738 -44619.1 95.1416 
559314 0.0483968 0.00410592 -43822.2 95.3063 
560280 0.0672618 0.0310541 -43379.8 95.4704 
561246 0.0262073 0.00435332 -43866.4 95.6354 
562212 0.0996403 0.0321753 -44023.2 95.8003 
563178 0.0591607 0.0330992 -43271.8 95.9648 
564144 0.062222 -0.0203837 -42504.5 96.1299 
565110 0.0439284 0.0239633 -42434.4 96.2947 
566076 0.0563531 -0.0384937 -44028.4 96.4593 
567042 0.060783 0.0427951 -44807.5 96.6249 
568008 0.0433316 -0.0236517 -43994.9 96.7899 
568974 0.0313672 0.000739136 -43983.7 96.9547 
569940 0.0123857 -0.00604265 -44099.5 97.1191 
570906 0.00888265 -0.00245312 -44269.7 97.2842 
571872 0.0658385 -0.057575 -44347 97.4486 
572838 0.0139694 0.00205708 -45485 97.6138 
573804 0.031547 -0.0136404 -44941.6 97.7786 
574770 0.0135397 0.000761646 -44552.6 97.944 
575736 0.0563673 -0.0417507 -45571.9 98.1093 
576702 0.0585882 -0.025109 -45028.3 98.2742 
577668 0.054476 -0.0254607 -44791.9 98.4392 
578634 0.052557 -0.00509363 -44211.8 98.6048 
579600 0.0325721 -0.00193312 -43813.9 98.7697 
580566 0.0577858 -0.0248078 -43729.2 98.9341 
581532 0.0802582 -0.0326479 -44548.1 99.0994 
582498 0.0465097 -0.0307867 -43625.6 99.2643 
583464 0.0360385 -0.0195918 -44985.6 99.4289 
584430 0.0800089 0.0741338 -44374.7 99.5938 
585396 0.0750952 0.0368905 -45880.4 99.7586 
586362 0.0990422 0.0652971 -45884.2 99.9234 
587328 0.100831 0.0778426 -44863.8 100.088 
588294 0.022433 0.00968199 -44727.7 100.253 
589260 0.0345386 -0.000240693 -44875.9 100.417 
590226 0.0424416 0.0255037 -44809.8 100.582 
591192 0.0671716 -0.0447465 -44394.2 100.747 
592158 0.0353233 0.031821 -44774.4 100.912 
593124 0.0300843 0.0238591 -43680.9 101.077 
594090 0.039171 0.0199761 -44633.2 101.242 
595056 0.0757767 0.0262413 -45275.7 101.407 
596022 0.0612252 0.00045894 -44017.7 101.572 
596988 0.0627388 0.00903966 -43514.1 101.737 
597954 0.0418673 -0.0297758 -43770.1 101.903 
598920 0.0408987 0.0358494 -42411.1 102.067 
599886 0.021092 0.0136085 -44114.2 102.232 
600852 0.0415464 -0.0347126 -43894.2 102.396 
601818 0.056094 0.0253844 -44810 102.56 
602784 0.0228195 0.0153499 -44319.1 102.725 
603750 0.0554262 0.0432626 -44489 102.89 
604716 0.0818988 0.0230098 -44433.4 103.054 
605682 0.0256303 0.0110306 -43766.2 103.22 
606648 0.0310337 -0.00295855 -42933 103.385 
607614 0.081572 0.00524599 -42563 103.55 
608580 0.0532798 0.0282749 -42181.7 103.715 
609546 0.0696044 -0.00521319 -43249.3 103.88 
610512 0.0530584 0.039716 -43536.9 104.045 
611478 0.0671679 0.0594039 -43407.3 104.209 
612444 0.0667775 0.0106746 -43606.3 104.374 
613410 0.0589033 -0.0476356 -43081.9 104.539 
614376 0.0116583 0.00226848 -43698.7 104.704 
615342 0.050016 -0.0395309 -43775 104.869 
616308 0.0499138 -0.0492142 -43338.1 105.034 
617274 0.0378378 0.00401676 -43268.4 105.199 
618240 0.0171187 -0.00825726 -43255.8 105.364 
619206 0.0422728 0.0143934 -43597.5 105.529 
620172 0.058343 0.0327873 -44276.8 105.693 
621138 0.0171166 0.0081132 -44300 105.858 
622104 0.0133328 -0.0125018 -44299.3 106.024 
623070 0.042056 -0.0027563 -45301.2 106.188 
624036 0.0355087 0.0341084 -44540.1 106.353 
625002 0.040155 0.00489482 -45290.7 106.517 
625968 0.0377182 -0.00405154 -45593.7 106.682 
626934 0.110305 0.0512628 -45500.7 106.847 
627900 0.069931 -0.00236572 -46339.5 107.013 
628866 0.0673674 0.0364486 -44812.9 107.178 
629832 0.0430195 0.0406409 -45757.2 107.342 
630798 0.0240246 0.0231748 -44968.1 107.507 
631764 0.0670754 0.0402691 -44817.1 107.672 
632730 0.0669482 0.0105306 -44127.8 107.836 
633696 0.0481539 -0.0185787 -44991.5 108.001 
634662 0.0523241 0.0475775 -44230.8 108.167 
635628 0.0770818 0.0144739 -44159.2 108.332 
636594 0.0555683 0.00919554 -44822.3 108.498 
637560 0.09453 -0.0474114 -43484 108.663 
638526 0.0627722 0.0276398 -44117 108.828 
639492 0.0407947 0.0147716 -44173 108.993 
640458 0.0372247 -0.0149244 -44371.7 109.159 
641424 0.0728224 0.0470132 -45811.6 109.324 
642390 0.0331855 -0.0200583 -44812.7 109.489 
643356 0.0137535 -0.00343528 -44691.8 109.653 
644322 0.0459345 0.0445846 -44347.6 109.818 
645288 0.08406 -0.06701 -45023.9 109.983 
646254 0.0458807 0.0140271 -44253.5 110.148 
647220 0.0329941 -0.0208846 -45438.1 110.312 
648186 0.0412288 0.0292873 -45986.7 110.477 
649152 0.0451076 -0.037731 -45372.2 110.641 
650118 0.0239819 -0.015101 -45523 110.806 
651084 0.0679815 0.0272187 -43691.1 110.971 
652050 0.0549568 0.0315865 -44504.3 111.135 
653016 0.032374 -0.00674036 -44192.1 111.3 
653982 0.0357804 -0.000800588 -44928.8 111.464 
654948 0.0671625 0.0138648 -45320 111.629 
655914 0.0373835 -0.026227 -45132.7 111.793 
656880 0.0714245 -0.0119107 -45377 111.958 
657846 0.0607964 -0.0550525 -45762.9 112.122 
658812 0.0535998 -0.0173474 -45992.2 112.287 
659778 0.0294574 0.00920485 -46463.4 112.451 
660744 0.0317991 -0.0309963 -45340.1 112.616 
661710 0.00894251 0.00162591 -44597 112.781 
662676 0.070452 0.0165029 -45065.7 112.945 
663642 0.03648 -0.0265234 -43712.4 113.111 
664608 0.0252383 0.00837355 -43751.1 113.275 
665574 0.0541367 0.0251857 -43891.8 113.44 
666540 0.0181764 -0.00402614 -44257.1 113.604 
667506 0.0542394 0.0518202 -43809.2 113.769 
668472 0.0808331 0.0314115 -45323 113.933 
669438 0.0760311 0.0481521 -45118.9 114.098 
670404 0.0502272 0.0426342 -45610.1 114.262 
671370 0.0437906 0.0186095 -46789.4 114.427 
672336 0.0718919 -0.0587464 -46590.2 114.592 
673302 0.070007 -0.0682228 -45499.9 114.757 
674268 0.0702784 -0.0194045 -45606.4 114.922 
675234 0.0567106 0.0204392 -45428 115.087 
676200 0.0412136 -0.0170437 -45420.4 115.251 
677166 0.0928601 0.0663784 -44675.9 115.416 
678132 0.060455 0.000736489 -44124.5 115.58 
679098 0.0656368 0.0228696 -44912.9 115.745 
680064 0.0501644 0.0453486 -43872.3 115.91 
681030 0.0222113 0.0186301 -43809.2 116.075 
681996 0.0305069 0.0266572 -44768.8 116.24 
682962 0.0556214 0.00841897 -44812 116.406 
683928 0.0892024 -0.028054 -44364 116.571 
684894 0.048593 -0.0170023 -43859.5 116.736 
685860 0.062983 -0.0205576 -45304.7 116.901 
686826 0.0492376 -0.022383 -43334.9 117.065 
687792 0.0602006 -0.0486492 -42589.9 117.23 
688758 0.0427569 0.0160216 -43849.5 117.394 
689724 0.0570204 -0.00620352 -43566.6 117.559 
690690 0.0792778 0.0148337 -43231.1 117.725 
691656 0.0609703 -0.0299453 -44426.1 117.889 
692622 0.0849689 0.0374517 -43041.2 118.054 
693588 0.0748027 0.0276214 -43545.4 118.218 
694554 0.0216214 -0.00493208 -43336.2 118.383 
695520 0.0564409 0.0272166 -44209.8 118.548 
696486 0.071203 0.0519775 -43362.6 118.713 
697452 0.0190088 -0.0155785 -42705.8 118.878 
698418 0.0584826 -0.0507957 -43799.4 119.042 
699384 0.0463847 0.021161 -45057.1 119.208 
700350 0.0291968 0.0231982 -44932.5 119.372 
701316 0.0494317 0.0440419 -43678.2 119.536 
702282 0.0201803 -0.00866971 -44870.4 119.7 
703248 0.0655354 -0.047389 -45349.6 119.865 
704214 0.0746101 -0.0679156 -45566.1 120.03 
705180 0.122915 0.12199 -43744.4 120.194 
706146 0.051699 0.0111783 -43469.8 120.359 
707112 0.0475353 0.00975277 -44348.1 120.524 
708078 0.0484666 0.0341733 -45332.1 120.689 
709044 0.0349333 0.0260378 -44996.3 120.853 
710010 0.00900793 0.00581996 -44687.1 121.018 
710976 0.0132137 0.0107935 -45336 121.182 
711942 0.0458104 -0.000324734 -45844.6 121.346 
712908 0.040979 -0.0260237 -44838.9 121.51 
713874 0.0514549 0.00829196 -43794.3 121.676 
714840 0.0380627 -0.0298546 -44025.4 121.841 
715806 0.0254013 0.013478 -44634 122.005 
716772 0.0379758 0.0303423 -45031.4 122.17 
717738 0.0438917 0.0204773 -45182.1 122.335 
718704 0.0490156 -0.0427897 -45531 122.5 
719670 0.0898461 0.0790786 -45213.5 122.666 
720636 0.07243 0.0710115 -45304.2 122.83 
721602 0.0588014 0.0112931 -45678.3 122.995 
722568 0.0301024 -0.0090453 -46599.4 123.16 
723534 0.0634156 0.0175856 -46539.8 123.325 
724500 0.0961228 -0.0379166 -45681.4 123.49 
725466 0.102206 -0.0965812 -45472 123.655 
726432 0.0747398 -0.0599398 -45900.3 123.82 
727398 0.060197 0.0452967 -45358.6 123.984 
728364 0.0321642 0.0213576 -45215.7 124.149 
729330 0.0594487 -0.0449574 -45806 124.314 
730296 0.0470538 -0.0398891 -45418.7 124.479 
731262 0.0560792 0.0155957 -44743.7 124.644 
732228 0.0222136 0.00619238 -44663.7 124.809 
733194 0.0297914 -0.000642284 -45950.7 124.974 
734160 0.0643244 0.0641274 -45281.3 125.139 
735126 0.0167669 0.00366179 -45894.9 125.304 
736092 0.0362673 -0.00181006 -45501.2 125.469 
737058 0.0357867 0.018125 -45859.9 125.634 
738024 0.0404768 -0.00191295 -46940.3 125.799 
738990 0.0262451 0.0221731 -46374.7 125.964 
739956 0.00969741 -0.000719832 -45691.8 126.129 
740922 0.0592667 0.0496126 -44728.1 126.293 
741888 0.0493224 -0.0027015 -44689 126.458 
742854 0.032443 0.0316878 -45054.7 126.623 
743820 0.0506406 0.03416 -44590.2 126.788 
744786 0.0613601 0.0128529 -45158 126.953 
745752 0.072519 0.0634224 -46284.3 127.118 
746718 0.0487029 0.0423006 -46409.1 127.282 
747684 0.0920723 0.0857435 -46474.6 127.446 
748650 0.0519247 -0.0227001 -46037.6 127.611 
749616 0.056445 0.0448298 -45492 127.775 
750582 0.0178352 0.00670308 -45137.6 127.941 
751548 0.0423443 0.0129816 -45369.2 128.106 
752514 0.0371081 0.0152858 -45647 128.271 
753480 0.038539 0.014385 -46700.3 128.435 
754446 0.0451256 -0.00577028 -46364.8 128.601 
755412 0.00468027 -0.00235859 -45624.9 128.766 
756378 0.0877666 0.0664288 -46523.1 128.931 
757344 0.104225 0.100626 -46258.2 129.096 
758310 0.0926643 0.0594103 -47548.9 129.262 
759276 0.0517938 0.0483327 -46624.2 129.426 
760242 0.0502473 0.0352259 -47014.6 129.591 
761208 0.0521728 -0.00733022 -46487.1 129.756 
762174 0.0725826 0.0406572 -47313.5 129.921 
763140 0.0341524 -0.0197722 -46542.2 130.086 
764106 0.0609207 0.0302407 -47133.8 130.25 
765072 0.0198673 0.0176185 -46165.1 130.415 
766038 0.0251575 -0.00495669 -44731.6 130.58 
767004 0.0741604 -0.0473761 -44090.6 130.745 
767970 0.0300034 0.0006272 -43509.4 130.91 
768936 0.0302026 0.000112856 -44066.8 131.074 
769902 0.0726271 0.0352449 -43083.1 131.239 
770868 0.0681546 0.0369238 -43567 131.403 
771834 0.0566387 0.0531174 -44250.5 131.568 
772800 0.0312193 0.0138935 -44736.6 131.733 
773766 0.0401175 0.0285543 -44658.1 131.898 
774732 0.0487174 0.02591 -44907.8 132.062 
775698 0.0342124 -0.0258352 -44899.2 132.227 
776664 0.0446901 0.00882193 -44971.4 132.392 
777630 0.0356266 -0.0208433 -43300.2 132.557 
778596 0.044778 0.0142586 -44049.3 132.721 
779562 0.0847417 0.0816245 -45155 132.886 
780528 0.071475 0.067284 -45056 133.051 
781494 0.0636047 0.0109223 -46162.1 133.216 
782460 0.0445202 0.0405421 -44980.8 133.381 
783426 0.0695596 0.0461039 -45084 133.545 
784392 0.10417 -0.00251973 -45260.1 133.709 
785358 0.0982614 0.0551075 -44935.5 133.874 
786324 0.0416626 0.0311923 -44980.2 134.038 
787290 0.0584368 -0.0422104 -44440.1 134.203 
788256 0.0626301 -0.035719 -45574.1 134.368 
789222 0.0540772 -0.0296847 -45796.8 134.533 
790188 0.0419671 -0.00971826 -45028.4 134.698 
791154 0.0640806 -0.0610815 -44633.2 134.863 
792120 0.0392351 -0.00983295 -43211.1 135.028 
793086 0.0681083 0.00313348 -44234.6 135.193 
794052 0.0463508 0.0162167 -44137.8 135.357 
795018 0.0437449 0.0227479 -44540.7 135.521 
795984 0.0535632 -0.0286209 -43357.8 135.686 
796950 0.071305 0.0124779 -43239.9 135.851 
797916 0.0375974 -0.0232842 -42622.9 136.016 
798882 0.0590953 -0.0518351 -43184.1 136.181 
799848 0.0449479 0.0190282 -42488.8 136.346 
800814 0.051836 0.00983759 -43501.2 136.51 
801780 0.0507612 0.0162226 -44713.3 136.675 
802746 0.0663022 -0.00987639 -43352.4 136.84 
803712 0.02861 -0.00894863 -44108.8 137.005 
804678 0.0818976 0.0320146 -44975.3 137.17 
805644 0.0416658 0.00739642 -45080 137.335 
806610 0.0431149 -0.017411 -45042.1 137.5 
807576 0.0658643 0.0168362 -44718.7 137.664 
808542 0.0255998 -0.00576956 -44906.6 137.828 
809508 0.0295644 -0.0019517 -45369.6 137.993 
810474 0.0402877 -0.000542752 -45446 138.157 
811440 0.0708941 -0.0385754 -45725.2 138.322 
812406 0.0802331 -0.0652066 -45865 138.486 
813372 0.0211891 0.00139619 -46912.9 138.651 
814338 0.0446839 -0.0383525 -46798.4 138.816 
815304 0.0764893 -0.0305861 -47123.2 138.98 
816270 0.0719108 -0.0107154 -46564.9 139.145 
817236 0.0986923 -0.0432284 -47106.8 139.31 
818202 0.0988845 0.00624819 -47760 139.475 
819168 0.0769732 0.064349 -47101.4 139.641 
820134 0.057733 0.0133779 -46846.2 139.806 
821100 0.0658243 0.000643382 -46165.3 139.972 
822066 0.0218621 0.0100457 -45606.5 140.137 
823032 0.0280459 -0.0195925 -45595.4 140.302 
823998 0.0439286 -0.0342454 -46076.1 140.467 
824964 0.0824039 0.0543053 -46294.6 140.631 
825930 0.0518663 0.0402402 -45786.1 140.797 
826896 0.0368104 -0.0258505 -45322.2 140.962 
827862 0.0511069 0.00438774 -44808.4 141.127 
828828 0.0750602 0.0167223 -44877.4 141.291 
829794 0.0451724 0.00431413 -45188.9 141.456 
830760 0.0253538 -0.00772584 -44424.1 141.621 
831726 0.0726177 0.0280964 -45152.6 141.785 
832692 0.073295 -0.044417 -45023.4 141.951 
833658 0.02093 0.0178613 -45121.1 142.116 
834624 0.0196414 0.00237219 -44220.9 142.281 
835590 0.0390369 0.0300371 -45437.2 142.446 
836556 0.050825 -0.0139745 -45165.9 142.611 
837522 0.0841339 0.011697 -45759.6 142.776 
838488 0.129388 0.059039 -45497.5 142.94 
839454 0.0960929 0.00402439 -45274.1 143.105 
840420 0.0804798 0.0010392 -44928.4 143.27 
841386 0.031463 0.00500834 -45565.8 143.435 
842352 0.0378323 -0.0209155 -45503.2 143.599 
843318 0.0444446 -0.0105528 -45026.7 143.764 
844284 0.0624054 -0.0261293 -44967.7 143.928 
845250 0.0514929 0.0247678 -45247.1 144.093 
846216 0.0882251 -0.0323041 -45828.4 144.257 
847182 0.046048 -0.00939661 -44862 144.422 
848148 0.0276669 -0.0103879 -44536.2 144.587 
849114 0.0499001 0.0426516 -45142.4 144.752 
850080 0.0446785 -0.0380388 -45255.3 144.917 
851046 0.0589939 0.0250668 -45379.5 145.082 
852012 0.0520363 0.0300765 -45333 145.247 
852978 0.0503377 -0.0258929 -44457.2 145.412 
853944 0.0396397 -0.0124112 -44870.7 145.576 
854910 0.0600123 0.0560748 -44151.7 145.741 
855876 0.0547699 0.0346098 -44934.1 145.905 
856842 0.0335901 0.0195635 -45184.6 146.07 
857808 0.0307584 0.0152839 -44879.3 146.234 
858774 0.0360677 -0.0149489 -44631.2 146.399 
859740 0.0292195 0.0197289 -44493 146.564 
860706 0.0470175 0.0159227 -44377.9 146.729 
861672 0.0385751 0.0230645 -44467.2 146.894 
862638 0.0617655 -0.048569 -44588.7 147.059 
863604 0.0467706 0.00759132 -44601.6 147.224 
864570 0.0314386 0.0164103 -44891.6 147.389 
865536 0.0441068 -0.0265447 -45027.7 147.554 
866502 0.0222124 0.0220117 -44814.9 147.719 
867468 0.0379857 -0.0183935 -45486.9 147.884 
868434 0.0470785 -0.0189011 -45711.6 148.049 
869400 0.0351895 -0.0220182 -45244.8 148.214 
870366 0.0526369 0.0293506 -44653.9 148.379 
871332 0.0675972 0.0519904 -45615 148.544 
872298 0.0194658 0.0153079 -45211.4 148.709 
873264 0.0404321 -0.0171298 -45566.8 148.874 
874230 0.0618041 -0.0507687 -45733.3 149.038 
875196 0.0589155 -0.0458599 -47567.5 149.203 
876162 0.0743072 0.0343501 -46848.9 149.367 
877128 0.0654621 0.0293034 -44919.4 149.532 
878094 0.0625789 0.0462857 -44952.7 149.697 
879060 0.0547071 0.000827511 -45378.1 149.862 
880026 0.0514309 0.0169777 -45876.9 150.026 
880992 0.065632 0.0294564 -45053.7 150.19 
881958 0.0404873 -0.0153238 -45359.1 150.355 
882924 0.0551994 -0.0281817 -45930.5 150.52 
883890 0.102413 -0.0356896 -45264.3 150.684 
884856 0.118178 -0.0148998 -45909.9 150.849 
885822 0.0985362 0.049313 -46257.1 151.014 
886788 0.0636204 -0.0353721 -44951.8 151.178 
887754 0.0535075 -0.0112619 -43612.1 151.343 
888720 0.0819051 0.0298821 -46105.1 151.508 
889686 0.0871301 0.0392004 -45399.2 151.673 
890652 0.0282012 0.0258528 -45389.8 151.838 
891618 0.0407651 -0.00375653 -45025.3 152.003 
892584 0.0638666 0.05359 -45684.8 152.167 
893550 0.0485964 0.010127 -45574.7 152.332 
894516 0.0696191 -0.0532717 -46220 152.498 
895482 0.0378479 -0.0294119 -44577.5 152.663 
896448 0.0468182 -0.00710597 -45615.3 152.827 
897414 0.0493697 0.00777632 -45384 152.992 
898380 0.0483274 -0.00811745 -45063.7 153.157 
899346 0.0464773 -0.025296 -43899 153.322 
900312 0.0195068 -0.0120359 -42493.6 153.487 
901278 0.0542725 -0.00375554 -43458.8 153.651 
902244 0.0517433 -0.0460085 -43865.1 153.816 
903210 0.0700281 -0.0387659 -44664.7 153.981 
904176 0.0417981 -0.0202895 -44001.7 154.146 
905142 0.0216389 -0.0138309 -43835.1 154.311 
906108 0.0482024 0.047029 -44357.5 154.476 
907074 0.0468653 -0.00595828 -44425.2 154.641 
908040 0.0645477 0.0447067 -43578 154.807 
909006 0.0566327 -0.0316278 -44505.8 154.971 
909972 0.0311918 0.0259891 -45282.4 155.136 
910938 0.0874971 -0.0699001 -45100.3 155.301 
911904 0.0588792 -0.0484203 -45640.2 155.466 
912870 0.0513164 -0.0342917 -45556.4 155.63 
913836 0.100273 0.0852046 -44982.2 155.795 
914802 0.0662111 0.0307741 -45317.6 155.96 
915768 0.054169 -0.0228761 -46337.2 156.124 
916734 0.0734109 0.0317295 -46641.5 156.289 
917700 0.0363619 -0.00406406 -45925.3 156.454 
918666 0.0646533 0.00988968 -44522.1 156.619 
919632 0.0808808 0.0412728 -44210.2 156.783 
920598 0.0512216 -0.0296692 -44858.6 156.949 
921564 0.0198616 0.0143831 -45351.8 157.114 
922530 0.0499192 0.00156898 -44558.8 157.278 
923496 0.0541396 -0.007542 -42224.9 157.443 
924462 0.0403212 0.0210444 -43400.7 157.608 
925428 0.0463947 0.0451156 -42667.2 157.773 
926394 0.0310231 -0.00100804 -42515.2 157.937 
927360 0.0126099 -0.00691798 -43757.5 158.103 
928326 0.0489342 0.0316623 -44590.4 158.268 
929292 0.0808915 -0.059234 -44771.9 158.432 
930258 0.050669 -0.00850015 -44812.7 158.597 
931224 0.0429608 -0.0162113 -44043.2 158.762 
932190 0.0547912 0.0298041 -43317.1 158.927 
933156 0.060112 -0.0274799 -44814.9 159.092 
934122 0.0534033 -0.00875895 -43900.7 159.257 
935088 0.0579306 -0.0222851 -42457.9 159.423 
936054 0.0444586 0.0237287 -44307.5 159.588 
937020 0.0366846 -0.0290522 -44163 159.753 
937986 0.0319561 -0.0255588 -43972.2 159.918 
938952 0.0466658 -0.0258141 -43313.4 160.082 
939918 0.0179818 0.0177507 -44632 160.247 
940884 0.0483469 -0.0276799 -43838.2 160.412 
941850 0.0496141 0.020132 -45141.3 160.577 
942816 0.0564142 0.0456717 -45669.6 160.741 
943782 0.0464749 -0.0135538 -46306.4 160.906 
944748 0.0538204 0.0157532 -46446.5 161.07 
945714 0.0665784 -0.020064 -45490.8 161.235 
946680 0.0529649 -0.0494054 -45775.4 161.4 
947646 0.0725591 -0.0595249 -44214.3 161.564 
948612 0.0873585 -0.0333323 -43631.3 161.729 
949578 0.0538257 -0.0106054 -44080 161.894 
950544 0.041859 -0.0393136 -44209.7 162.059 
951510 0.0434822 0.0148172 -44130.3 162.223 
952476 0.0344868 -0.0233006 -45023.7 162.388 
953442 0.0353192 0.00791475 -44695.7 162.553 
954408 0.0291342 -0.00819768 -44356.4 162.718 
955374 0.0786312 0.00686665 -45122.8 162.883 
956340 0.0588439 0.0402636 -44845.1 163.047 
957306 0.0348267 -0.00823513 -44329.5 163.212 
958272 0.0267819 -0.0230556 -45743.2 163.377 
959238 0.0529667 -0.040084 -44910.7 163.541 
960204 0.0439827 -0.0256157 -45637.4 163.706 
961170 0.0453205 -0.0451618 -45387 163.871 
962136 0.0209212 -0.00134537 -44509.5 164.035 
963102 0.0598634 -0.000487034 -45218.5 164.2 
964068 0.075021 0.0730762 -45898.5 164.364 
965034 0.0444742 0.00428459 -45791 164.529 
966000 0.0419252 -0.0298555 -45334.3 164.694 
