0 0.0209564 0.000511092 -32883.8 0 
966 0.0393857 -0.0132911 -35518.1 0.149238 
1932 0.0412963 -0.00291752 -37233.2 0.30041 
2898 0.0326594 -0.0219443 -41214.9 0.454483 
3864 0.0476419 0.00252808 -40584.7 0.60585 
4830 0.0457519 0.0236364 -40701 0.757424 
5796 0.0468331 -0.0223763 -41031.2 0.907608 
6762 0.0426641 0.0413141 -41321.9 1.05795 
7728 0.032173 -0.0181108 -42289.7 1.20879 
8694 0.0646139 0.011161 -42676.2 1.35958 
9660 0.044201 0.0333798 -43225.7 1.51085 
10626 0.0447701 0.0357098 -43463.9 1.66121 
11592 0.0425482 0.00464764 -43450.4 1.81249 
12558 0.0265033 -0.0159727 -43301.5 1.96301 
13524 0.0260601 0.00349526 -43835.3 2.11447 
14490 0.0521882 0.0200353 -42832.3 2.26559 
15456 0.0411669 0.0327884 -44193.7 2.41598 
16422 0.0295965 -0.00283637 -44457.5 2.56635 
17388 0.0373391 0.0179144 -45774.3 2.71717 
18354 0.0556375 -0.0342795 -45040.3 2.86738 
19320 0.046468 -0.0170451 -45475.3 3.0185 
20286 0.0461644 0.0138433 -44679.1 3.17124 
21252 0.0516803 0.0438917 -45113.1 3.32149 
22218 0.0516767 0.0100957 -44835.7 3.47194 
23184 0.0663134 0.0275309 -45126.8 3.62319 
24150 0.0431601 0.0136338 -44831 3.7735 
25116 0.0535951 -0.000264879 -44963 3.92415 
26082 0.0806026 0.0455029 -44533.1 4.077 
27048 0.122562 0.113374 -45842.2 4.22965 
28014 0.0551824 0.029309 -45404.7 4.38056 
28980 0.0391351 -0.0230015 -45522.4 4.53135 
29946 0.0314422 0.0123771 -45193.2 4.68276 
30912 0.0615695 0.05944 -45335.6 4.83343 
31878 0.0405236 -0.00945055 -44807 4.98419 
32844 0.0681161 0.00981138 -44875.6 5.13564 
33810 0.0589431 -0.00906114 -45613.9 5.28673 
34776 0.108723 -0.0839842 -45775.6 5.44439 
35742 0.0618775 -0.0214802 -45270.3 5.59606 
36708 0.0691114 -0.0614381 -45469.1 5.74687 
37674 0.112781 0.0567001 -45397.2 5.89826 
38640 0.0493721 0.00170451 -45639.9 6.04924 
39606 0.0817716 0.0225631 -44752.2 6.1996 
40572 0.0312861 0.0304701 -44055.4 6.35041 
41538 0.0554994 0.0529492 -43582.4 6.50274 
42504 0.0213738 0.00337383 -44331.4 6.65537 
43470 0.0292553 -0.0047953 -44091 6.80623 
44436 0.039034 -0.00378875 -44729 6.95726 
45402 0.054536 0.0204939 -45047.5 7.10851 
46368 0.0431416 0.0206341 -44428.4 7.25929 
47334 0.0708798 -0.00558565 -43918.6 7.41008 
48300 0.058638 -0.00228289 -44274.3 7.56095 
49266 0.070042 0.0237647 -44448.9 7.71229 
50232 0.0769392 0.0224252 -43753.9 7.86312 
51198 0.0897052 0.000891629 -45073.1 8.01407 
52164 0.0878043 0.0205726 -44884.7 8.16465 
53130 0.050382 0.0378096 -44434.6 8.31569 
54096 0.0334543 0.0256522 -44422 8.46619 
55062 0.0638915 -0.0422029 -45292.1 8.61714 
56028 0.0173086 0.00578977 -44065.7 8.76797 
56994 0.0556073 -0.0275427 -43965.1 8.91914 
57960 0.0885867 0.0706718 -45157.5 9.07018 
58926 0.0556303 0.0411398 -45874.4 9.22096 
59892 0.0171245 -0.0110451 -45321.1 9.37213 
60858 0.0212028 0.000700885 -44898.6 9.5232 
61824 0.068092 0.00790356 -44377.4 9.67427 
62790 0.113414 -0.0381338 -44525.2 9.82573 
63756 0.048231 0.0336976 -45403.8 9.97692 
64722 0.0591419 0.049363 -45340.1 10.1283 
65688 0.0734627 0.040629 -44482 10.2791 
66654 0.0154898 -0.00178287 -44817.1 10.4301 
67620 0.0562594 -0.0444831 -43290.6 10.5807 
68586 0.0569357 -0.0237129 -42728.4 10.7314 
69552 0.00883219 0.00187408 -42545.6 10.8816 
70518 0.0332246 -0.0152516 -43238.4 11.0319 
71484 0.043993 -0.0340404 -43377.3 11.1822 
72450 0.081668 -0.0211161 -43848.2 11.3333 
73416 0.0665438 -0.051385 -44000.9 11.4839 
74382 0.0708519 0.0425667 -43587.1 11.6347 
75348 0.0882696 0.0203219 -43619.4 11.7863 
76314 0.0574066 -0.0147974 -42987.1 11.9373 
77280 0.063197 -0.0133093 -43911.5 12.0877 
78246 0.0532635 0.0294959 -43567.8 12.2388 
79212 0.0886798 0.022276 -45015.5 12.3893 
80178 0.0584138 0.0107901 -45384.9 12.5402 
81144 0.0325042 -0.0174014 -44931 12.6908 
82110 0.0842872 -0.062757 -45674.5 12.8426 
83076 0.0487667 0.0354254 -44640.7 12.9943 
84042 0.084077 0.0104428 -44915.5 13.1452 
85008 0.0432399 -0.0163343 -43438.4 13.2958 
85974 0.062905 0.0401452 -42729 13.4468 
86940 0.0648325 -0.0150673 -43416.7 13.598 
87906 0.0471135 0.0269887 -43549.5 13.7488 
88872 0.0380108 -0.00354477 -43850.3 13.9001 
89838 0.0791707 0.0513535 -44561.8 14.0509 
90804 0.0989271 -0.0407306 -44070.4 14.202 
91770 0.0806094 0.0231116 -44932 14.3531 
92736 0.0633384 0.0518529 -44674.9 14.5041 
93702 0.0344522 0.0127539 -44561.7 14.6553 
94668 0.0775466 0.0590041 -44362.4 14.8058 
95634 0.0412965 -0.00917344 -45244.5 14.9571 
96600 0.0784685 0.0508734 -45263.6 15.1078 
97566 0.0598144 -0.00633827 -45590.3 15.2587 
98532 0.0344703 0.0232833 -44756.7 15.4102 
99498 0.0352641 0.0302085 -45013.7 15.5613 
100464 0.0700226 0.022945 -44131.3 15.7126 
101430 0.0486124 0.033285 -44323 15.8642 
102396 0.056581 -0.021564 -44966.6 16.0153 
103362 0.0540925 0.0256864 -44950.8 16.1661 
104328 0.0266859 0.0162001 -44517.2 16.3166 
105294 0.0445977 0.0273796 -44598.3 16.4677 
106260 0.0315983 0.029316 -44886.3 16.6186 
107226 0.0514136 0.0503092 -44925.4 16.7696 
108192 0.0463003 0.0239312 -44014.4 16.9204 
109158 0.0229309 0.00815192 -44107.9 17.0711 
110124 0.0418929 0.0347926 -44579.8 17.2217 
111090 0.0471641 0.022645 -44719.6 17.3723 
112056 0.0451468 0.0276762 -46409.8 17.5231 
113022 0.0680395 0.0655808 -47196.3 17.6736 
113988 0.0619939 0.048048 -46837.9 17.8244 
114954 0.00912128 0.00698782 -45976.9 17.9749 
115920 0.0521253 0.0180492 -46369.9 18.1262 
116886 0.0566446 0.054423 -47570.8 18.2768 
117852 0.0136702 0.00747961 -46390.2 18.4279 
118818 0.0360312 0.0317417 -46610.2 18.5785 
119784 0.0307701 0.000965548 -45688.2 18.7293 
120750 0.0452743 -0.0307851 -45736.1 18.8807 
121716 0.0509612 0.0190501 -44907.7 19.0315 
122682 0.0336209 0.00715215 -43931.2 19.1824 
123648 0.0258299 0.00441818 -43398.9 19.3333 
124614 0.0635741 0.0602617 -43884.8 19.4839 
125580 0.077964 0.0689049 -44141.2 19.6341 
126546 0.0339259 -0.0295047 -44343.9 19.7854 
127512 0.0439114 -0.016444 -44552.3 19.9362 
128478 0.0295956 -0.00930831 -43924.2 20.0871 
129444 0.034017 -0.00429797 -45451.2 20.2379 
130410 0.0787998 0.0678381 -44787.5 20.3887 
131376 0.0437944 0.0285068 -44438.8 20.5399 
132342 0.0585182 -0.0217952 -44672.1 20.6905 
133308 0.0360635 -0.0306267 -44728 20.8416 
134274 0.0465484 0.00393739 -44894.3 20.9929 
135240 0.0342685 -0.0114954 -43490.9 21.144 
136206 0.0460601 0.000133909 -43845.7 21.2952 
137172 0.0656407 0.0414884 -44472.2 21.446 
138138 0.0772172 0.0281709 -45427.2 21.5965 
139104 0.0157033 -0.00760159 -45819 21.7471 
140070 0.0357533 0.0169206 -45637.8 21.8979 
141036 0.0396182 0.0291607 -44885 22.0489 
142002 0.0264218 0.0108155 -45081.6 22.1993 
142968 0.0552281 -0.0102637 -45404.3 22.35 
143934 0.066683 -0.0358737 -46329.3 22.501 
144900 0.0629016 0.00584706 -45614.9 22.6515 
145866 0.0303904 -0.0171076 -45421.3 22.8026 
146832 0.016984 0.00254558 -44259.6 22.9532 
147798 0.078796 0.0164067 -45425.5 23.1041 
148764 0.0970868 -0.0143571 -45392.7 23.2547 
149730 0.0796393 -0.00253177 -46519.4 23.405 
150696 0.0474293 -0.0270932 -46084.9 23.556 
151662 0.0745758 -0.0364079 -45691.4 23.7067 
152628 0.0512444 -0.0394443 -45485.2 23.8573 
153594 0.0367831 -0.0351679 -43856.2 24.0081 
154560 0.0384665 -0.034861 -43844.8 24.1588 
155526 0.0437639 -0.00996849 -44093.4 24.3091 
156492 0.0498445 -0.0298403 -44098.5 24.4598 
157458 0.0418624 -0.00694499 -44599 24.6107 
158424 0.0513022 0.0283089 -44679.7 24.7612 
159390 0.0172323 -0.000720335 -44859.6 24.9125 
160356 0.041331 0.0116039 -43460.2 25.0632 
161322 0.0716508 0.0201242 -43662.4 25.2138 
162288 0.077526 -0.00626493 -43939.8 25.3644 
163254 0.0521589 0.00548943 -44633.1 25.5154 
164220 0.0590929 0.0202039 -44953.9 25.6662 
165186 0.0706967 0.0169758 -44099.9 25.8172 
166152 0.0618604 0.0141003 -44308.8 25.968 
167118 0.0710417 0.039438 -44592.7 26.1191 
168084 0.0748088 0.0101552 -44891.4 26.2704 
169050 0.0542903 0.00796757 -45170.4 26.4214 
170016 0.033696 0.0324512 -44478.1 26.5724 
170982 0.0905228 0.0626158 -45369 26.7234 
171948 0.0633061 0.0195091 -45095.3 26.8744 
172914 0.0604337 -0.0536269 -44978 27.0254 
173880 0.0376052 0.0143179 -45949.8 27.1761 
174846 0.0614493 0.0416257 -47220.4 27.3268 
175812 0.0429625 0.00753033 -46472.9 27.478 
176778 0.0453828 0.0105378 -46892.7 27.6289 
177744 0.0675288 0.0216709 -48015.6 27.7796 
178710 0.026659 0.0196586 -46662.9 27.9306 
179676 0.0958626 -0.0320363 -44671 28.0813 
180642 0.0251046 -0.0184369 -45922.5 28.2332 
181608 0.0490272 0.0280526 -44961.9 28.3843 
182574 0.0701524 0.030983 -45210.7 28.5354 
183540 0.0558823 -0.0157957 -46484.4 28.6864 
184506 0.0336916 0.0303407 -45672.9 28.8377 
185472 0.0696227 0.0617864 -44818.7 28.9885 
186438 0.0601137 0.0134613 -44781.2 29.1394 
187404 0.0266976 0.010271 -44972 29.2905 
188370 0.0354415 -0.0259569 -44522.9 29.4415 
189336 0.0576341 -0.0052547 -44414.8 29.5931 
190302 0.0344886 0.0339044 -43982.9 29.7446 
191268 0.0630262 0.0609775 -43753.7 29.8948 
192234 0.0382311 0.0104668 -44002.1 30.0452 
193200 0.0696774 0.0205392 -44581.6 30.1964 
194166 0.0256554 -0.016515 -44854.7 30.3471 
195132 0.0323999 -0.0237345 -44816.4 30.4977 
196098 0.0734217 0.023377 -44309.5 30.6485 
197064 0.105997 0.00361031 -44865.1 30.7996 
198030 0.0773774 -0.0257704 -45260.9 30.9504 
198996 0.057385 0.00224266 -45330.7 31.1018 
199962 0.0455531 0.0435572 -44617.5 31.2531 
200928 0.0280393 -0.0119432 -43948.8 31.4036 
201894 0.0432921 -0.0429064 -43513.2 31.5544 
202860 0.0603947 -0.0418127 -44223.8 31.7046 
203826 0.0637417 0.0295229 -44571.5 31.8557 
204792 0.0781647 0.0215141 -44501.5 32.0066 
205758 0.0527954 0.0269835 -44612.4 32.1574 
206724 0.0455002 0.0292945 -45275.8 32.3084 
207690 0.0544694 0.0460704 -45140.8 32.4591 
208656 0.0195134 7.23775e-05 -45749.4 32.6103 
209622 0.0580541 0.0476901 -45660.3 32.7613 
210588 0.0465493 -0.0172908 -45591.2 32.9119 
211554 0.0668341 -0.0448311 -45682.6 33.0628 
212520 0.0756802 -0.0407697 -44927.9 33.2148 
213486 0.0740589 0.0154667 -45108.1 33.3662 
214452 0.0220038 0.00153459 -44690.1 33.5165 
215418 0.0321693 -0.0127221 -45713.1 33.6676 
216384 0.0584347 0.0323344 -44479.5 33.8188 
217350 0.0595756 -0.0277742 -45385.5 33.9691 
218316 0.0598776 -0.0564242 -44648.5 34.1195 
219282 0.0217581 -0.0166499 -46273.8 34.2705 
220248 0.0588377 -0.0335661 -46265.5 34.4211 
221214 0.0213422 -0.00154791 -45604.4 34.5719 
222180 0.0251861 0.0193709 -44853.8 34.7225 
223146 0.028668 0.0196969 -45669.3 34.8727 
224112 0.0444369 -0.0395081 -44919.1 35.0237 
225078 0.0421574 0.0139149 -43478.7 35.1758 
226044 0.0540351 -0.0245057 -43488.2 35.3262 
227010 0.0392781 -0.0159078 -43315.4 35.4773 
227976 0.0363511 0.0147049 -43902.3 35.6283 
228942 0.0509494 0.0297965 -44036.1 35.7792 
229908 0.0676773 0.0296062 -44426.6 35.9297 
230874 0.0276556 -0.015616 -43619.8 36.0812 
231840 0.0352661 -0.0149521 -44564.8 36.2322 
232806 0.0189551 0.0172098 -45077.1 36.3831 
233772 0.0322296 -0.0132976 -44443.9 36.5338 
234738 0.00931351 0.00671297 -43557.4 36.6848 
235704 0.0318629 -0.0106257 -44171.4 36.8359 
236670 0.0814405 0.0438628 -44851.7 36.9864 
237636 0.101842 0.0376096 -44406.8 37.1375 
238602 0.0867041 -0.00190132 -44521.9 37.2889 
239568 0.0494183 0.0157587 -44239.3 37.4399 
240534 0.0727104 0.0172349 -43499.4 37.5908 
241500 0.0712191 0.0183825 -43949.3 37.7414 
242466 0.0468291 -0.0178497 -44923.9 37.8924 
243432 0.0662501 -0.0276604 -45409.5 38.043 
244398 0.0937025 -0.0615807 -44663.1 38.1942 
245364 0.076077 0.0185079 -43985.8 38.3452 
246330 0.0245046 0.0229133 -43923 38.4959 
247296 0.0480442 0.0106896 -43970 38.6468 
248262 0.0441633 0.0066833 -44447.3 38.7976 
249228 0.10654 0.0849118 -44040.3 38.9477 
250194 0.0635599 0.0543846 -43844.1 39.098 
251160 0.0687894 0.0414654 -44514.6 39.2483 
252126 0.0519354 0.00460967 -42309.3 39.3987 
253092 0.0266089 0.000905381 -43145.1 39.5494 
254058 0.074023 0.0731843 -42387.2 39.7001 
255024 0.0640865 0.0454702 -43059.8 39.8505 
255990 0.0710344 -0.0550018 -42961.9 40.0011 
256956 0.0458193 -0.00195511 -44307.5 40.1513 
257922 0.0327274 -0.0138677 -43769 40.3013 
258888 0.0428447 0.0271912 -44098.8 40.4514 
259854 0.0207236 0.0145263 -44449.3 40.6021 
260820 0.0176659 -0.00811992 -43885.7 40.7531 
261786 0.0370956 0.00378462 -45075 40.9039 
262752 0.0281128 -0.00850414 -45411.9 41.0548 
263718 0.0568822 -0.0281054 -45888.3 41.2057 
264684 0.0498216 0.0448676 -44886.6 41.3567 
265650 0.0545455 -0.0306299 -44901.3 41.5074 
266616 0.0465431 -0.0452758 -44153.3 41.658 
267582 0.06704 0.0278575 -43919.5 41.8091 
268548 0.0667106 0.0230576 -44938.1 41.9596 
269514 0.0477619 0.0152907 -46347.2 42.1107 
270480 0.0427535 0.0353698 -46153.3 42.2609 
271446 0.0219684 -0.00934097 -45136.7 42.4119 
272412 0.0502149 0.0255838 -44818.9 42.5628 
273378 0.0705897 0.0197239 -44599.6 42.7138 
274344 0.0209557 -0.0086892 -45566 42.8645 
275310 0.0669397 -0.0182034 -46261.2 43.0153 
276276 0.0568436 -0.0237391 -45856.8 43.1683 
277242 0.0444579 -0.0273809 -43803.1 43.3204 
278208 0.047293 0.0325236 -44929.7 43.4717 
279174 0.0440456 -0.0142304 -44065.7 43.6225 
280140 0.0209958 0.0172548 -42451.6 43.7735 
281106 0.0262915 0.0185036 -42987 43.9244 
282072 0.0336007 0.0270467 -44314.4 44.0749 
283038 0.0568563 0.0351183 -44535.3 44.226 
284004 0.0627056 -0.0106004 -43297.5 44.3767 
284970 0.0865521 0.0185647 -43676.9 44.5272 
285936 0.0298547 0.0177276 -44851.3 44.6781 
286902 0.065011 -0.0132291 -45117.9 44.8289 
287868 0.0717652 -0.0190666 -44493.1 44.9794 
288834 0.0793672 0.00698521 -44031.3 45.1301 
289800 0.0529522 -0.0120728 -43741.1 45.2807 
290766 0.0660108 -0.0371829 -44097.2 45.4316 
291732 0.0401645 0.00931169 -42624.9 45.5824 
292698 0.0399623 0.0363737 -43065 45.7336 
293664 0.0706847 0.00918507 -44254.2 45.8841 
294630 0.0462702 -0.0214959 -44991.8 46.0346 
295596 0.058322 0.00280861 -44746.7 46.185 
296562 0.0225088 -0.0105689 -44273.3 46.3352 
297528 0.0428828 0.0409404 -43236.1 46.4857 
298494 0.0515967 -0.0498953 -43935.8 46.6363 
299460 0.073577 -0.0691172 -44816.4 46.787 
300426 0.083853 -0.0776787 -45375.3 46.9378 
301392 0.0464918 -0.0405305 -46312.7 47.0881 
302358 0.0635542 -0.0206799 -44368.7 47.2393 
303324 0.0293078 -0.0278063 -43793.9 47.3902 
304290 0.0156312 -0.00884379 -43361.5 47.541 
305256 0.0449669 0.0107394 -44489.1 47.6917 
306222 0.0314491 -0.00364171 -45694.6 47.8443 
307188 0.0178844 -0.000818237 -44928.7 47.9958 
308154 0.0750531 -0.0405609 -44956 48.1478 
309120 0.0715584 -0.0466072 -46029.7 48.299 
310086 0.0562499 -0.0203108 -45813.2 48.4554 
311052 0.0322136 0.0249948 -46191.5 48.6082 
312018 0.0922918 0.0296558 -45434.2 48.7606 
312984 0.0828097 0.0217019 -44343.8 48.9113 
313950 0.0562599 0.0185455 -43831.2 49.0618 
314916 0.0543641 -0.00819745 -43663.9 49.2136 
315882 0.0508921 0.0126264 -43717 49.3644 
316848 0.0204284 -0.020145 -43589.2 49.5155 
317814 0.0203902 0.0113726 -44830.4 49.6668 
318780 0.0384009 0.00220998 -44431.3 49.8178 
319746 0.0601163 0.0505793 -45696.3 49.9688 
320712 0.0446264 -0.0311882 -46230.8 50.1224 
321678 0.0712514 -0.0492717 -44926.6 50.2725 
322644 0.0592263 -0.0275956 -44154.5 50.4236 
323610 0.0475026 0.000610621 -45336.5 50.5745 
324576 0.047124 0.0120002 -45283.5 50.7249 
325542 0.0260702 0.00578473 -45328.1 50.8759 
326508 0.0693055 0.0191971 -44167.5 51.0268 
327474 0.0502865 -0.012837 -44676 51.1778 
328440 0.0421521 0.0208947 -44485.3 51.3287 
329406 0.0736745 -0.0682715 -43975.1 51.4794 
330372 0.0289509 0.0035009 -44289.6 51.6301 
331338 0.0416077 0.0401687 -44395 51.7805 
332304 0.0624851 0.0510285 -45193.5 51.9311 
333270 0.041534 0.0325009 -44288.8 52.082 
334236 0.0894232 -0.0103701 -43748.5 52.2329 
335202 0.0694629 -0.0348224 -43743.2 52.3825 
336168 0.0700447 0.0696358 -44282.6 52.5335 
337134 0.0542928 0.0435101 -43796.5 52.6844 
338100 0.0447451 -0.000202816 -42686.3 52.8355 
339066 0.0409229 0.000420323 -43111.5 52.9867 
340032 0.056824 -0.0485213 -44982.4 53.1377 
340998 0.0871621 0.0602378 -45709.9 53.2885 
341964 0.0495104 -0.0458749 -44745.2 53.4394 
342930 0.0255932 -0.0176241 -44658.6 53.5897 
343896 0.0663015 -0.00748657 -44223.2 53.7403 
344862 0.123485 -0.0595437 -44635.4 53.8914 
345828 0.0952662 -0.034243 -44401.3 54.042 
346794 0.0675441 -0.0159334 -43834.9 54.1927 
347760 0.0475376 -0.0176142 -44781.9 54.3433 
348726 0.0558974 -0.0425646 -44329.7 54.4938 
349692 0.0605192 0.00889101 -44519.6 54.6441 
350658 0.0358567 0.0121659 -45086.3 54.7953 
351624 0.0432354 -0.0257971 -45080.8 54.9466 
352590 0.0638735 -0.0136458 -45768.5 55.0979 
353556 0.0140519 0.000317201 -44463 55.2492 
354522 0.0473545 0.0361121 -45549.9 55.3997 
355488 0.0677655 0.0639666 -45958.1 55.5504 
356454 0.108079 0.0494559 -45964.4 55.7007 
357420 0.0663494 0.0409398 -45629 55.8513 
358386 0.046438 -0.00498645 -45752.2 56.0021 
359352 0.0506866 -0.023891 -45785.9 56.1535 
360318 0.0103699 -0.00422957 -46116.1 56.3045 
361284 0.0480541 4.13911e-05 -46462.8 56.4557 
362250 0.0634987 0.0456639 -44787.3 56.6064 
363216 0.050966 0.0224093 -45903.5 56.7571 
364182 0.0261152 0.00198055 -45407.7 56.9078 
365148 0.0407987 0.0350031 -44786.5 57.0586 
366114 0.0876 0.0483351 -45351.3 57.2092 
367080 0.0625473 -0.0167988 -44659 57.3596 
368046 0.0890879 -0.0234741 -45309.8 57.5101 
369012 0.0618238 -0.0188092 -44460.2 57.6612 
369978 0.0377301 0.0122808 -44265.4 57.8118 
370944 0.0735779 -0.00752201 -45034.3 57.963 
371910 0.0367654 0.0352074 -45092.8 58.1151 
372876 0.0343706 -0.00418997 -45377.5 58.2661 
373842 0.0404369 -0.0120422 -45471.8 58.4173 
374808 0.0368192 0.0331838 -45084.7 58.5677 
375774 0.0337346 -0.00949354 -45269.4 58.7185 
376740 0.0539923 -0.0307717 -44948.1 58.8691 
377706 0.0366631 -0.000686028 -43865.7 59.0196 
378672 0.0704611 -0.0157675 -43949.9 59.1704 
379638 0.0698685 -0.0673059 -44432.5 59.3217 
380604 0.0606518 -0.021666 -45452.5 59.473 
381570 0.0256347 0.0135347 -45052.3 59.624 
382536 0.0284623 -0.00113584 -45252.8 59.7745 
383502 0.0673779 -0.00861217 -44577.6 59.9256 
384468 0.0777262 -0.0518706 -44194.3 60.0765 
385434 0.0598724 -0.0407514 -44113.4 60.2271 
386400 0.0459401 -0.044926 -44896.9 60.3778 
387366 0.0267133 0.0245636 -45498.2 60.5284 
388332 0.0486866 0.0391813 -46614.9 60.6793 
389298 0.0363431 -0.0241419 -46066.1 60.8298 
390264 0.0296839 0.000354681 -44683.4 60.9808 
391230 0.0750608 0.0119119 -46122.7 61.1314 
392196 0.0583754 0.0560442 -46063.6 61.2823 
393162 0.0450605 0.0356074 -45990 61.4329 
394128 0.0357888 0.0328159 -45907.8 61.5843 
395094 0.0571193 0.00621922 -45948.8 61.7356 
396060 0.0730679 -0.0349635 -45877 61.8864 
397026 0.0607373 0.0341057 -45651.7 62.0376 
397992 0.0363095 0.0275344 -46293 62.1883 
398958 0.0949706 0.0893999 -45216.8 62.3389 
399924 0.0247528 0.016438 -43548.8 62.4896 
400890 0.0350983 -0.00503692 -44982.8 62.6405 
401856 0.029959 -0.027703 -46006.8 62.7912 
402822 0.080145 0.0704756 -45423.3 62.9426 
403788 0.0493614 -0.00735211 -45240.3 63.0938 
404754 0.0600124 0.0567103 -45077.1 63.2448 
405720 0.0496146 0.0336483 -45014.7 63.3957 
406686 0.037353 -0.0215773 -45002.3 63.5461 
407652 0.0408078 0.0111826 -45307.5 63.697 
408618 0.0237708 -0.0179624 -45259.9 63.8481 
409584 0.112682 -0.0326246 -46509.2 63.9986 
410550 0.0422799 -0.0316766 -45807.5 64.1492 
411516 0.051488 -0.0346082 -45677.4 64.2998 
412482 0.00748938 -0.00541562 -45143.3 64.451 
413448 0.0653382 0.0268543 -45552.9 64.6043 
414414 0.064535 0.020331 -45041.4 64.7553 
415380 0.0762779 0.0684647 -45293.5 64.9062 
416346 0.070428 0.0604513 -44377.6 65.0574 
417312 0.0287341 0.0137529 -44451.6 65.2077 
418278 0.0230788 0.0159237 -45444.7 65.3587 
419244 0.0417951 -0.00931639 -45824.7 65.5095 
420210 0.0579784 0.0473614 -45553.5 65.6608 
421176 0.0449421 0.0115512 -45287.3 65.8118 
422142 0.0566502 0.0276806 -44610.8 65.9625 
423108 0.0922299 -0.0106803 -43998.7 66.1133 
424074 0.0627399 0.0296052 -44235.5 66.264 
425040 0.0948166 0.0860787 -44945 66.4149 
426006 0.031662 -0.00505329 -45570.3 66.5653 
426972 0.0374238 0.0238652 -45263.8 66.7166 
427938 0.0997496 0.0478202 -45807.1 66.8681 
428904 0.0854895 0.0408835 -46585.1 67.0191 
429870 0.0468106 -0.00660569 -45477.9 67.1703 
430836 0.0371107 0.0030367 -44692.5 67.3209 
431802 0.0769242 -0.046483 -44676.8 67.4722 
432768 0.0497786 -0.020042 -44467.6 67.6231 
433734 0.0491593 0.000829387 -44460.2 67.7739 
434700 0.0840329 -0.0490534 -45138.8 67.9247 
435666 0.0719047 -0.06756 -44052.2 68.076 
436632 0.0309215 -0.00286961 -45366.9 68.2268 
437598 0.0227721 -0.0087498 -44878.1 68.3781 
438564 0.061223 0.00294942 -43800 68.5285 
439530 0.0386517 -0.0205705 -43563 68.6792 
440496 0.0624335 0.051199 -44869.9 68.8297 
441462 0.0282786 -0.009073 -44502.1 68.9802 
442428 0.0818504 -0.0499089 -44701.7 69.131 
443394 0.0480443 -0.0052951 -45200.2 69.2822 
444360 0.0224912 -0.0118108 -44843.7 69.4328 
445326 0.045663 -0.0193634 -44565.6 69.5843 
446292 0.0741395 0.0567931 -45038.1 69.7355 
447258 0.0398231 -0.0221469 -45491.3 69.8865 
448224 0.049593 -0.0409166 -45844.7 70.0376 
449190 0.0329812 -0.0123101 -45921.7 70.1885 
450156 0.0570623 -0.0100739 -45067.9 70.3393 
451122 0.0601292 -0.0295623 -44674.4 70.4899 
452088 0.016233 -0.0059066 -44353.1 70.6406 
453054 0.0308882 -0.029197 -43644.1 70.791 
454020 0.0222226 -0.00254631 -44102.8 70.9423 
454986 0.0406071 0.012247 -43948 71.093 
455952 0.0132886 0.00786591 -44336.9 71.2434 
456918 0.0550276 -0.0348745 -44779.3 71.394 
457884 0.061528 0.0363765 -44661.8 71.5445 
458850 0.0613612 0.0439857 -43971.8 71.6951 
459816 0.0703658 0.0490481 -44779 71.8464 
460782 0.0965934 0.0763376 -44942.1 71.9974 
461748 0.0309834 -0.0173051 -44779.3 72.1482 
462714 0.0413104 -0.0201133 -44036.3 72.2991 
463680 0.075222 9.97536e-06 -44650.2 72.4497 
464646 0.0451208 0.0215079 -42985.9 72.6004 
465612 0.051023 0.000931159 -44622.6 72.7508 
466578 0.0689041 -0.0088485 -43122.6 72.9012 
467544 0.0931115 0.0273899 -43200.6 73.0521 
468510 0.0647961 0.016421 -43890.2 73.2028 
469476 0.0498233 -0.022369 -44210 73.3536 
470442 0.06112 0.0296383 -45362.6 73.504 
471408 0.0202606 0.0155308 -44871.4 73.655 
472374 0.0454163 -0.0421761 -44588.6 73.8058 
473340 0.0363453 0.0047724 -44455.6 73.9566 
474306 0.041057 0.0136952 -44981.1 74.1075 
475272 0.0601173 -0.0265564 -45393 74.2585 
476238 0.057189 -0.0326595 -46754.3 74.4092 
477204 0.0578679 0.0353501 -46005.5 74.5601 
478170 0.0722376 -0.0501825 -45324.1 74.7109 
479136 0.03847 -0.0206384 -45380 74.8622 
480102 0.0516292 0.0378854 -45078.4 75.0134 
481068 0.0536117 -0.020234 -43657.3 75.1646 
482034 0.0269185 -0.00184369 -44826.9 75.3143 
483000 0.0229142 0.00590569 -43867.9 75.4652 
483966 0.0711683 -0.049604 -44542.3 75.6159 
484932 0.0615341 -0.0529335 -43749.4 75.7671 
485898 0.0501829 -0.0303527 -44828.5 75.9179 
486864 0.079892 0.0512971 -44742.8 76.0694 
487830 0.0638979 0.0433651 -43967.1 76.2208 
488796 0.0549915 -0.0337857 -44574.7 76.3722 
489762 0.028054 0.00681551 -44913.4 76.5227 
490728 0.0722991 0.0669142 -45203.4 76.6739 
491694 0.0330987 -0.00304387 -45558.4 76.8248 
492660 0.0684616 -0.0393779 -45981.4 76.9756 
493626 0.0376955 0.0324441 -44830.6 77.1269 
494592 0.0437598 -0.0404627 -43930.2 77.2775 
495558 0.0650541 0.0517109 -44201.9 77.4288 
496524 0.0133732 0.0100077 -44120.9 77.5795 
497490 0.0432951 -0.040974 -45210.3 77.7305 
498456 0.0188761 -0.0174481 -45476.4 77.8817 
499422 0.0447262 0.0346459 -44381.1 78.0327 
500388 0.0572487 0.044944 -45492.6 78.1835 
501354 0.0486016 -0.00557155 -44578.6 78.3347 
502320 0.00851253 -0.00760783 -45253.1 78.4856 
503286 0.0937708 -0.0736191 -44373.5 78.6359 
504252 0.0266437 -0.0130109 -44238.5 78.7866 
505218 0.0505029 -0.0238005 -45570.8 78.9376 
506184 0.0658593 -0.0335019 -45156.5 79.0891 
507150 0.0747575 -0.0246286 -44889 79.2401 
508116 0.0684793 0.00963153 -44455 79.391 
509082 0.0513909 0.010704 -43852 79.5418 
510048 0.0449019 -0.0383066 -44004.1 79.6928 
511014 0.06671 -0.0306064 -45567.7 79.8437 
511980 0.0455844 -0.0204224 -45204.1 79.9945 
512946 0.0356797 -0.0160748 -45733.8 80.1453 
513912 0.0774082 -0.0537125 -46506 80.2963 
514878 0.0468827 -0.0336725 -46077.2 80.4473 
515844 0.0212206 -0.00916938 -46003.6 80.5986 
516810 0.0420152 -0.011627 -46745.6 80.7497 
517776 0.0885621 -0.00356382 -44877.5 80.9009 
518742 0.0921681 -0.0664668 -44963.9 81.0514 
519708 0.0473454 -0.0214417 -45014.3 81.2023 
520674 0.104014 -0.0266524 -45164.2 81.3533 
521640 0.0386298 0.0182053 -44326.3 81.5042 
522606 0.0449585 0.00607224 -45406.8 81.6551 
523572 0.0541365 -0.00567482 -44108.7 81.806 
524538 0.0683184 0.0496591 -44051.8 81.957 
525504 0.0437705 0.0348956 -43823.1 82.1081 
526470 0.0561227 0.00158886 -43360.6 82.2587 
527436 0.0629804 0.0256944 -42907.3 82.4092 
528402 0.0648786 0.0548759 -43050.8 82.5601 
529368 0.0191926 0.00568378 -43490.7 82.7114 
530334 0.0458816 -0.0440175 -43266.6 82.8622 
531300 0.0852872 -0.0460823 -44093.7 83.0129 
532266 0.0195305 -0.00942002 -44060.6 83.1639 
533232 0.0248529 -0.0121132 -43256.7 83.315 
534198 0.0561608 -0.0507282 -42885.8 83.4659 
535164 0.0429268 0.0360741 -43303.7 83.6166 
536130 0.0987195 -0.0223387 -44315.5 83.7677 
537096 0.0583984 0.0509456 -44339.2 83.9186 
538062 0.0469125 0.0229304 -44857 84.0689 
539028 0.0727976 0.0381118 -44563.3 84.2195 
539994 0.0517987 0.0448763 -44267.3 84.3704 
540960 0.0749936 0.0150194 -44285.5 84.5209 
541926 0.0562712 -0.0334142 -43705.4 84.6718 
542892 0.0807543 -0.070551 -43965.5 84.8227 
543858 0.0155232 -0.0145701 -44681.6 84.973 
544824 0.0727315 -0.061631 -44433.1 85.1241 
545790 0.0310393 -0.0208212 -44135.6 85.2753 
546756 0.0498297 0.0180431 -45380.5 85.4264 
547722 0.0757933 -0.0386273 -45194.7 85.5772 
548688 0.0555872 -0.0462979 -44688.3 85.7288 
549654 0.0384294 -0.0166556 -44458.8 85.8795 
550620 0.0510754 -0.05047 -44359 86.0308 
551586 0.0163359 0.0107705 -44433 86.1823 
552552 0.0376414 -0.00058701 -43852 86.3332 
553518 0.0669573 -0.0251449 -45151.9 86.4846 
554484 0.0321711 -0.00671688 -44344.9 86.6356 
555450 0.0309231 0.00289193 -43486.7 86.786 
556416 0.0471663 -0.00865529 -45575 86.9372 
557382 0.0503911 0.0169431 -45360.6 87.088 
558348 0.0971418 -0.0566101 -45057.2 87.2392 
559314 0.0821817 0.0597445 -46212.9 87.3902 
560280 0.0565893 0.0262487 -45620.2 87.5417 
561246 0.0432565 -0.0149726 -46289.3 87.6926 
562212 0.0551285 0.0198457 -45588.9 87.8437 
563178 0.0841362 -0.0137044 -45846.8 87.9945 
564144 0.0764206 -0.00022786 -45206.4 88.1456 
565110 0.0368312 0.00425031 -45766.3 88.2967 
566076 0.0275243 -0.025215 -45590.9 88.4476 
567042 0.0546361 -0.00454061 -44849.2 88.5983 
568008 0.0284925 -0.00123089 -44844.6 88.7492 
568974 0.061119 -0.00312673 -44314.1 88.9001 
569940 0.05884 0.0203958 -44690.9 89.0511 
570906 0.0272149 0.0106098 -45366.7 89.2019 
571872 0.0352955 0.027274 -45948.8 89.3533 
572838 0.0466519 -0.00345893 -45318.6 89.5046 
573804 0.0304258 0.0208873 -45283.5 89.6553 
574770 0.0379593 0.0360108 -43983.9 89.8064 
575736 0.0334898 0.0200977 -44560.8 89.9575 
576702 0.0213292 -0.00879659 -45465.7 90.1085 
577668 0.0749493 -0.0572822 -44375 90.2595 
578634 0.0390646 -0.00747637 -44029.9 90.4108 
579600 0.0532324 0.0220632 -44578.1 90.5615 
580566 0.050821 0.0505025 -44952.9 90.7124 
581532 0.0487563 0.0262841 -45473.7 90.8637 
582498 0.0881966 0.00646534 -45213.3 91.0146 
583464 0.0387794 -0.0236459 -44739.7 91.1653 
584430 0.0450033 -0.0393156 -46041.6 91.3162 
585396 0.0332529 0.00940724 -45533.4 91.4669 
586362 0.0702012 -0.0143368 -45971.5 91.6176 
587328 0.051515 -0.0421916 -45510.6 91.7688 
588294 0.0280644 0.00593491 -44794.3 91.9195 
589260 0.0219415 0.0106965 -45515.1 92.0703 
590226 0.0438843 -0.0318032 -46059.7 92.2215 
591192 0.0470029 -0.042613 -46072.6 92.373 
592158 0.050072 0.045171 -45412.5 92.5239 
593124 0.0712596 -0.0315611 -44972.5 92.6743 
594090 0.0321475 -0.0161483 -45259.8 92.8253 
595056 0.0564133 0.00605778 -45579.9 92.9761 
596022 0.0444064 -0.0356065 -44421.4 93.127 
596988 0.0494592 -0.0447974 -43994.4 93.278 
597954 0.00856434 -0.00507942 -44261.4 93.4289 
598920 0.0664399 0.00105013 -45204.9 93.5796 
599886 0.10679 -0.0740487 -44751.7 93.7312 
600852 0.108082 -0.0704176 -44965.1 93.8818 
601818 0.0672084 -0.0178842 -44017.2 94.0322 
602784 0.0639503 -0.0370946 -43088.4 94.1829 
603750 0.025932 -0.0224122 -43931.9 94.3342 
604716 0.0607065 -0.0524804 -44430.1 94.4854 
605682 0.0304668 -0.000353334 -43929.7 94.6357 
606648 0.0433075 -0.00423433 -44302 94.7864 
607614 0.0329514 0.0157667 -43855.8 94.9368 
608580 0.0351419 0.00673314 -44989.6 95.0877 
609546 0.0548891 -0.00810399 -45173.8 95.2385 
610512 0.0782121 0.028132 -44670.6 95.3894 
611478 0.0697319 0.0177988 -44070.8 95.5407 
612444 0.0634283 0.0316582 -44041.3 95.6926 
613410 0.035515 0.0166628 -44489.9 95.8439 
614376 0.0567642 0.0484041 -43696.5 95.9954 
615342 0.065483 -0.0172791 -43373.7 96.1467 
616308 0.113683 0.0442059 -44415.3 96.2972 
617274 0.0790891 0.0027318 -43869.3 96.4477 
618240 0.0404012 0.0357962 -43936.2 96.5983 
619206 0.0288554 0.0109759 -43710.3 96.7492 
620172 0.0220952 0.0118853 -44611.5 96.8998 
621138 0.0411269 0.013355 -45196.2 97.0504 
622104 0.0319958 -0.0152837 -45443.4 97.2015 
623070 0.052173 -0.0421603 -46066.7 97.3521 
624036 0.028996 -0.00978129 -46514.1 97.503 
625002 0.0808065 -0.0269006 -45953.4 97.6542 
625968 0.0805866 -0.016908 -45918.7 97.8052 
626934 0.0276304 -0.00498896 -46129.8 97.9562 
627900 0.0383926 -0.0326774 -45148.1 98.1069 
628866 0.0369382 0.0317075 -45526.4 98.2576 
629832 0.0348067 -0.0145925 -45476.2 98.4083 
630798 0.0484626 -0.0204936 -46201.9 98.5588 
631764 0.0125202 -0.00972065 -44507.9 98.7105 
632730 0.0398427 -0.0316041 -45514.7 98.8618 
633696 0.0665409 -0.0580132 -45599.3 99.0132 
634662 0.0774741 -0.0601669 -45028.7 99.1641 
635628 0.0701559 -0.0311455 -44979.4 99.3153 
636594 0.0751961 0.0558982 -44510.2 99.4665 
637560 0.0545662 -0.00910231 -43953.7 99.6176 
638526 0.0439669 0.0129664 -44898 99.7684 
639492 0.0670815 -0.0635716 -45660.3 99.9194 
640458 0.0233134 0.0178075 -45519.9 100.07 
641424 0.0558394 -0.00739628 -44060.8 100.221 
642390 0.0490817 0.0160566 -43809.8 100.371 
643356 0.0649838 0.0177328 -44642.8 100.522 
644322 0.0249573 -0.0222905 -43825.3 100.673 
645288 0.056331 -0.043025 -43809.4 100.824 
646254 0.0491734 0.00130622 -43691 100.974 
647220 0.0383413 0.00402632 -44654 101.124 
648186 0.0979232 0.0517798 -44259.8 101.275 
649152 0.0679741 -0.0269715 -44428.2 101.425 
650118 0.054464 -0.00663477 -43974.1 101.576 
651084 0.0544231 0.0274823 -44314.9 101.727 
652050 0.0152764 0.00848079 -44107 101.877 
653016 0.0346346 0.00235948 -44164.4 102.028 
653982 0.0995498 -0.031756 -44144 102.179 
654948 0.0580046 -0.00120446 -44276.6 102.329 
655914 0.0512151 -0.0362325 -44949.8 102.48 
656880 0.0472239 -0.0365296 -43759.4 102.633 
657846 0.0437835 -0.00834749 -45628.1 102.783 
658812 0.0489769 -0.0434927 -43788.1 102.936 
659778 0.0662549 -0.0541191 -43997.8 103.086 
660744 0.0307847 -0.00178994 -44245.5 103.237 
661710 0.0874144 0.00760266 -44128.8 103.388 
662676 0.048632 -0.00599336 -44746.6 103.539 
663642 0.0497736 -0.0450923 -44532.6 103.689 
664608 0.099554 -0.095116 -44247.1 103.841 
665574 0.0555608 -0.0362732 -43726.2 103.992 
666540 0.0495167 0.0363158 -43629.4 104.142 
667506 0.0371913 0.010739 -43254.8 104.293 
668472 0.0411924 -0.0256435 -43547.1 104.444 
669438 0.0887101 -0.0523958 -45005.6 104.595 
670404 0.0381868 -0.017119 -44356.1 104.746 
671370 0.0431262 -0.0192796 -43987.2 104.896 
672336 0.0552395 -0.00764926 -45121.5 105.048 
673302 0.0285596 -0.00108301 -45059.1 105.199 
674268 0.0422623 -0.0239473 -45457.1 105.35 
675234 0.0665179 -0.0122561 -45149.9 105.5 
676200 0.0359498 0.00412206 -45554 105.652 
677166 0.0333131 0.0186119 -44388.7 105.802 
678132 0.0457963 0.0409441 -44806.5 105.953 
679098 0.0432484 0.0166539 -45633.4 106.104 
680064 0.0237835 0.0112813 -45672.8 106.254 
681030 0.0675849 -0.0378966 -44688.2 106.405 
681996 0.0341374 -0.0137453 -45336.9 106.556 
682962 0.091602 -0.0790874 -45344.4 106.707 
683928 0.0662093 -0.0444117 -45371.3 106.86 
684894 0.0192899 0.0031244 -45225.5 107.012 
685860 0.088243 -0.0539131 -45058.4 107.163 
686826 0.0517965 -0.0223213 -44505.8 107.314 
687792 0.0324943 -0.0145902 -43677.6 107.466 
688758 0.107292 -0.0557266 -43518.2 107.616 
689724 0.0242059 0.00631896 -43040.3 107.767 
690690 0.0514415 -0.0193725 -44236.9 107.918 
691656 0.0657262 0.0032577 -43421 108.069 
692622 0.0660278 -0.0598545 -43532.3 108.219 
693588 0.0570048 -0.0152545 -44032.6 108.371 
694554 0.0469331 -0.00709369 -43026.9 108.522 
695520 0.0512841 0.0413453 -42768 108.673 
696486 0.0827684 0.0150431 -43516.5 108.824 
697452 0.0526359 0.0209858 -43916.4 108.975 
698418 0.0772185 -0.072365 -43985.7 109.125 
699384 0.0799842 0.0181169 -44234.8 109.276 
700350 0.048016 0.041636 -45294.5 109.427 
701316 0.0667486 -0.056247 -44087.9 109.578 
702282 0.0185649 0.000942245 -43457.7 109.728 
703248 0.0223618 0.00919914 -43116.3 109.88 
704214 0.0649009 0.0424446 -43364.3 110.031 
705180 0.04537 0.00940909 -44412.3 110.183 
706146 0.0759751 -0.022908 -45480.3 110.334 
707112 0.0556086 0.0287766 -45786.9 110.485 
708078 0.0497944 -0.00704827 -45313.7 110.636 
709044 0.0772255 -0.0565433 -44041.6 110.786 
710010 0.0553683 0.00829052 -44444.2 110.937 
710976 0.0443867 -0.042036 -44153.1 111.088 
711942 0.0434491 -0.0380053 -44446.4 111.238 
712908 0.038111 -0.0377211 -44343.8 111.389 
713874 0.0485743 -0.0362552 -45402.5 111.539 
714840 0.0509209 0.0245141 -44861.9 111.69 
715806 0.0644973 0.0563211 -44676.8 111.841 
716772 0.050493 0.00447197 -44890.7 111.992 
717738 0.0531709 0.0099911 -45355 112.143 
718704 0.0799673 -0.0216489 -44897 112.294 
719670 0.0968671 -0.0473158 -45580.3 112.445 
720636 0.0689763 -0.0265883 -45627.5 112.596 
721602 0.0599635 0.023089 -44764.6 112.746 
722568 0.0391561 -0.000787142 -44297.2 112.897 
723534 0.0574949 -0.00383888 -45081.3 113.047 
724500 0.0585409 0.0555603 -44498.2 113.199 
725466 0.0512131 0.0493313 -45021.1 113.35 
726432 0.0313669 -0.00514588 -44261.4 113.501 
727398 0.0298774 -0.000708756 -44075.3 113.653 
728364 0.0552366 0.0494278 -44973.2 113.804 
729330 0.0244358 0.0099751 -45949.8 113.956 
730296 0.0347957 0.0231522 -44758.9 114.107 
731262 0.0260845 0.00494731 -45219.3 114.258 
732228 0.0511388 0.00722463 -45032.9 114.41 
733194 0.0267925 -0.0263322 -44229.9 114.561 
734160 0.0524721 0.0156337 -44412.7 114.713 
735126 0.057868 -0.0295036 -45708.4 114.863 
736092 0.0558739 0.00852485 -45226.7 115.015 
737058 0.0557586 -0.0217969 -44557.6 115.166 
738024 0.0475945 -0.0114983 -43975.9 115.316 
738990 0.0349691 0.00125297 -43963.4 115.467 
739956 0.0251867 -0.00346378 -44482.8 115.618 
740922 0.0409278 -0.0393879 -44021 115.769 
741888 0.0678198 -0.0351083 -44638 115.92 
742854 0.104135 0.0621844 -45367.4 116.07 
743820 0.0378225 -0.0185274 -45278.5 116.221 
744786 0.0761414 0.035841 -45756.6 116.372 
745752 0.0759078 -0.0330825 -44728.5 116.523 
746718 0.104107 -0.0063094 -44409.1 116.675 
747684 0.0433385 -0.0188039 -44579.6 116.827 
748650 0.0359012 -0.0109516 -43857.9 116.978 
749616 0.0313601 0.0256057 -44410.7 117.128 
750582 0.0432536 -0.015479 -45500.9 117.279 
751548 0.0546175 0.0508261 -44989.7 117.429 
752514 0.041955 0.0319347 -45838.7 117.58 
753480 0.0882999 0.0820084 -44714.5 117.731 
754446 0.0651128 0.0314603 -43212.5 117.881 
755412 0.0942449 0.0537241 -43969.9 118.032 
756378 0.0157913 0.00673099 -44563.5 118.183 
757344 0.0449465 0.0159753 -45358.7 118.334 
758310 0.0114788 0.00370484 -44104.3 118.485 
759276 0.025267 -0.0214742 -45214.1 118.635 
760242 0.0334812 -0.009772 -45273.3 118.786 
761208 0.0493142 0.0302601 -45855 118.936 
762174 0.0303293 0.0180822 -45271.9 119.088 
763140 0.0460692 0.0448471 -44984.7 119.238 
764106 0.0279542 -0.0255331 -45067.1 119.389 
765072 0.0576141 -0.0451502 -44056.6 119.541 
766038 0.0343617 0.00146525 -44619 119.692 
767004 0.0496167 -0.00966157 -44802.6 119.843 
767970 0.04863 0.0133822 -44321.3 119.993 
768936 0.0190307 -0.00961231 -44845.8 120.144 
769902 0.0620622 0.0242803 -45160 120.295 
770868 0.0765575 0.0410472 -43524.3 120.446 
771834 0.0265159 0.0215674 -44418.2 120.598 
772800 0.0381117 -0.0174793 -44807.6 120.748 
773766 0.0446748 -0.0151423 -44853.2 120.898 
774732 0.115711 -0.0591215 -44100.4 121.05 
775698 0.0695018 -0.06107 -43824.3 121.201 
776664 0.0459337 -0.0200959 -45929.1 121.352 
777630 0.0396224 0.000815386 -46459.8 121.503 
778596 0.0624837 0.0364737 -45128.2 121.654 
779562 0.0465083 0.041594 -45592.6 121.805 
780528 0.026395 -0.0040182 -45774.4 121.956 
781494 0.022338 -0.014469 -45557.6 122.107 
782460 0.0399768 -0.0107462 -45510.5 122.257 
783426 0.0407543 -0.0104796 -44297.5 122.409 
784392 0.0835676 -0.0699707 -44583.8 122.56 
785358 0.0494063 -0.0147931 -44408.8 122.715 
786324 0.0259975 0.0248713 -43700.3 122.866 
787290 0.0486304 -0.0385999 -44585.8 123.018 
788256 0.052977 -0.0403254 -44580.2 123.169 
789222 0.0538947 0.00216483 -43490.6 123.32 
790188 0.0247512 0.00598174 -43547.7 123.471 
791154 0.0262497 0.0227029 -43979.7 123.621 
792120 0.0219581 -0.01397 -43780.3 123.772 
793086 0.0348396 0.0195985 -43695.8 123.923 
794052 0.0366982 0.036664 -43324.3 124.074 
795018 0.0420968 0.0136788 -44183.4 124.225 
795984 0.034506 -0.0332903 -44539.7 124.377 
796950 0.0484763 0.00515393 -44541.4 124.528 
797916 0.0478998 -0.0389856 -44527.5 124.679 
798882 0.0384074 0.0357948 -43845.7 124.83 
799848 0.0566972 0.0291447 -44444.3 124.98 
800814 0.049199 0.029757 -44363.5 125.131 
801780 0.0805943 0.0676888 -46406.1 125.282 
802746 0.0203941 0.00511126 -45004.2 125.433 
803712 0.0422257 -0.0222499 -44813.1 125.585 
804678 0.062932 0.0536184 -45154.4 125.736 
805644 0.0600235 -0.0299824 -44446.7 125.887 
806610 0.0599707 -0.0126072 -44687.3 126.038 
807576 0.0357177 -0.0252711 -44427.5 126.189 
808542 0.0328356 -0.00787761 -44759.4 126.34 
809508 0.0682721 -0.0389667 -43490.5 126.491 
810474 0.0502587 0.00855424 -44076.2 126.641 
811440 0.0541816 0.0478008 -45035.4 126.793 
812406 0.067529 0.0530649 -43535.4 126.944 
813372 0.0289151 -0.0073599 -44292.7 127.095 
814338 0.0542843 0.0337405 -43617 127.247 
815304 0.00701243 0.00680979 -44019.1 127.398 
816270 0.00609971 0.00504014 -44557.2 127.548 
817236 0.0493152 0.0303269 -45834.9 127.699 
818202 0.0918554 0.0770627 -46564.6 127.85 
819168 0.0408498 -0.00330379 -45820 128.001 
820134 0.0427528 -0.00701158 -45905 128.152 
821100 0.105567 0.0303937 -44817.5 128.303 
822066 0.0635197 0.0408965 -45637.7 128.454 
823032 0.0513825 0.004343 -46967.2 128.606 
823998 0.0592398 0.00403506 -45827.3 128.757 
824964 0.0452566 -0.0109925 -45657.4 128.908 
825930 0.070296 0.0696428 -45651.3 129.06 
826896 0.0247686 0.00484833 -44277.5 129.21 
827862 0.04576 0.0102439 -43956.9 129.361 
828828 0.0423475 0.0328647 -43980.5 129.512 
829794 0.0366002 0.023298 -43883.5 129.664 
830760 0.0734988 0.0488352 -45308.3 129.815 
831726 0.0639775 0.0314955 -45208.1 129.965 
832692 0.0769661 0.0689299 -44564.5 130.115 
833658 0.0395419 -0.00923627 -44588 130.266 
834624 0.0362762 -0.00600264 -44263.8 130.418 
835590 0.032017 -0.010289 -45043.6 130.568 
836556 0.018937 -0.0106272 -45507.5 130.721 
837522 0.0357926 0.0342514 -45672.6 130.879 
838488 0.0359342 -0.0093986 -45969.7 131.039 
839454 0.0634743 -0.048108 -44737.3 131.192 
840420 0.0352032 -0.0120578 -44885.5 131.343 
841386 0.0620745 0.0449588 -43906.1 131.494 
842352 0.10483 0.0330633 -44416.1 131.645 
843318 0.0739799 0.0246332 -44654.3 131.796 
844284 0.0441245 0.0257365 -45003.9 131.946 
845250 0.047115 -0.00111285 -44269.4 132.097 
846216 0.0289527 -0.00218676 -44392.7 132.248 
847182 0.015309 -0.0126242 -45759.9 132.399 
848148 0.0865213 0.06344 -45314.6 132.55 
849114 0.0510413 0.0488104 -46077.5 132.7 
850080 0.0557873 0.021968 -45386.2 132.851 
851046 0.0777355 0.0478362 -45721.9 133.002 
852012 0.0380802 -0.0311463 -45831.6 133.153 
852978 0.0619949 -0.0093586 -45061.2 133.304 
853944 0.0636923 0.0599921 -45108.7 133.455 
854910 0.0230398 -0.0204462 -45242 133.606 
855876 0.0475424 -0.0189085 -44860.6 133.756 
856842 0.0690067 -0.00601781 -45360.2 133.907 
857808 0.094788 -0.0614257 -45674.7 134.058 
858774 0.10507 -0.068607 -44887.9 134.209 
859740 0.0981156 -0.0686964 -45595.6 134.36 
860706 0.0255515 0.00758687 -45708.3 134.511 
861672 0.0810164 0.0455623 -45204.7 134.662 
862638 0.0696473 0.0561606 -46032.6 134.813 
863604 0.0493276 0.042103 -45598.1 134.963 
864570 0.0897834 0.0592297 -46324.6 135.114 
865536 0.0764937 0.064486 -47021.8 135.265 
866502 0.034884 0.00310398 -46424.9 135.416 
867468 0.0389719 -0.0355045 -46634.1 135.566 
868434 0.0544701 0.0279792 -45364.7 135.717 
869400 0.0189238 -0.000872756 -44968.4 135.868 
870366 0.0526555 0.0369492 -44578.1 136.019 
871332 0.0827801 -0.0269121 -43949.8 136.17 
872298 0.0875618 0.00675279 -43721.4 136.321 
873264 0.0160526 0.00752032 -43643.4 136.471 
874230 0.0454478 0.00537036 -44230.3 136.622 
875196 0.0837474 -0.0599031 -44556.2 136.773 
876162 0.0436719 -0.0336582 -44095 136.924 
877128 0.0613273 -0.0554558 -45161.3 137.075 
878094 0.0277777 0.000453744 -44793.6 137.226 
879060 0.0528565 -0.0475556 -44915 137.376 
880026 0.0595876 0.0244475 -46498.9 137.527 
880992 0.0398636 -0.00251834 -44524.5 137.678 
881958 0.0232858 -0.00118975 -44073.5 137.828 
882924 0.0395996 0.0288997 -43903.6 137.98 
883890 0.0644376 0.0250534 -44423.9 138.131 
884856 0.0634282 0.0151873 -43782.8 138.282 
885822 0.0584351 -0.00283076 -43588.6 138.432 
886788 0.0525856 0.00301008 -44579.5 138.583 
887754 0.0651583 0.0340352 -45066.3 138.734 
888720 0.0313005 0.0254495 -44071.6 138.885 
889686 0.0153621 0.0153451 -44695.5 139.036 
890652 0.0591509 -0.00879179 -45112.6 139.187 
891618 0.0234578 -0.0176961 -45075.6 139.338 
892584 0.026031 -0.0200677 -44356.8 139.489 
893550 0.0594122 -0.0362851 -44082.5 139.64 
894516 0.0987607 -0.0846523 -44019.9 139.791 
895482 0.0759899 -0.027631 -44801.7 139.941 
896448 0.0550245 -0.0182648 -44221.8 140.092 
897414 0.0651955 -0.0144595 -44010.2 140.242 
898380 0.048744 0.0283203 -44315.4 140.393 
899346 0.0310024 -0.0121492 -45112 140.544 
900312 0.07731 0.0748549 -44874.5 140.695 
901278 0.0935124 -0.00671225 -43992 140.846 
902244 0.047195 -0.0120217 -43718.2 140.997 
903210 0.0387316 -0.0236951 -43554.2 141.147 
904176 0.0630934 0.0476655 -44213.3 141.298 
905142 0.0581 -0.000905498 -44490.5 141.449 
906108 0.0731244 0.0228793 -44829.9 141.6 
907074 0.0799571 0.071341 -44289.4 141.75 
908040 0.0587544 0.0543833 -43856.4 141.902 
909006 0.0314783 -0.0115207 -43648.9 142.053 
909972 0.0245659 0.0109544 -44972.5 142.203 
910938 0.0482082 0.0122845 -45205.2 142.354 
911904 0.0527146 0.00635977 -44851.2 142.504 
912870 0.0398001 -0.0251971 -44922.5 142.655 
913836 0.073021 -0.0240644 -46924.8 142.806 
914802 0.0677423 -0.0631003 -47036.2 142.957 
915768 0.0557201 -0.0172613 -45389.3 143.108 
916734 0.0563092 -0.0459645 -46084.9 143.259 
917700 0.0222908 -0.013814 -46674.9 143.41 
918666 0.0303378 0.00178722 -47357.5 143.561 
919632 0.0533388 0.0340543 -46845.5 143.712 
920598 0.0447132 -0.00795124 -45314.4 143.863 
921564 0.0496659 -0.00574387 -45376.7 144.014 
922530 0.0271201 -0.0107333 -46114.4 144.165 
923496 0.0722241 0.0482541 -45200.4 144.317 
924462 0.0852631 0.0273193 -44480.3 144.467 
925428 0.0615263 -0.00641154 -44592.2 144.618 
926394 0.055976 0.0171509 -44434.8 144.769 
927360 0.0361428 -0.00998469 -44608.8 144.92 
928326 0.0472896 0.0205968 -45005.2 145.071 
929292 0.0498488 0.0429319 -45813 145.222 
930258 0.0254575 0.0230591 -45453 145.373 
931224 0.0219663 -0.00322774 -43979.2 145.524 
932190 0.0180354 -0.0160659 -43825.4 145.675 
933156 0.0321743 -0.00814618 -44771.9 145.827 
934122 0.0479285 0.0387465 -44521.8 145.978 
935088 0.0259554 -0.0245205 -44447.2 146.129 
936054 0.0493197 0.0181694 -46091.8 146.281 
937020 0.0172127 0.0147014 -45584.9 146.432 
937986 0.061211 0.0554904 -45266.9 146.583 
938952 0.0291942 0.00744913 -44132.4 146.734 
939918 0.0280623 -0.0176159 -43730.7 146.885 
940884 0.0897861 -0.0645055 -44061 147.036 
941850 0.0583596 -0.0288743 -44433 147.187 
942816 0.0624729 0.0120863 -45547.6 147.341 
943782 0.0735646 0.0231531 -45902.4 147.499 
944748 0.053495 0.0492521 -46783.1 147.656 
945714 0.019 -0.0101926 -45804.2 147.807 
946680 0.0431885 -0.0429381 -44514.5 147.958 
947646 0.0642698 -0.0555566 -44315.3 148.108 
948612 0.0498596 0.00969512 -46252.9 148.259 
949578 0.0391326 -0.00988554 -44892.8 148.411 
950544 0.0585011 -0.0229503 -45248.1 148.561 
951510 0.0635747 -0.00792055 -45957.4 148.712 
952476 0.0659589 0.0565941 -45749.8 148.864 
953442 0.0603014 0.0397648 -45128.3 149.015 
954408 0.0451895 0.0428983 -45752.6 149.166 
955374 0.0311501 0.0300765 -46257.3 149.317 
956340 0.0655986 -0.0119438 -44882.2 149.467 
957306 0.0542851 0.0285704 -44802.2 149.618 
958272 0.047367 -0.0151665 -44624.9 149.768 
959238 0.0679546 0.0443805 -43775.6 149.92 
960204 0.0385799 -0.0368237 -44330.2 150.071 
961170 0.047863 0.039695 -42982.8 150.222 
962136 0.0429823 -0.0304076 -42356 150.373 
963102 0.0243621 -0.00553347 -42532.6 150.523 
964068 0.0348242 -0.0156252 -43304.6 150.674 
965034 0.0137905 0.000182261 -42811.9 150.825 
966000 0.0393978 0.0360509 -42778.4 150.976 
