0 0.0208638 0.0192931 -31333.2 0 
966 0.0410729 0.0306151 -35951.3 0.152578 
1932 0.0544879 -0.00927122 -39767.3 0.309654 
2898 0.032436 -0.00289832 -41023.7 0.464331 
3864 0.0350148 0.0210581 -41705.2 0.618654 
4830 0.0270809 0.00786455 -42391.7 0.773449 
5796 0.0496258 0.0456771 -41750.9 0.931172 
6762 0.0529538 0.0136278 -42310.7 1.09512 
7728 0.039311 -0.0235746 -41454.3 1.25533 
8694 0.0732681 -0.0376129 -41866.2 1.41148 
9660 0.0644742 0.0127068 -43652.3 1.57369 
10626 0.0174947 0.0158507 -42667.7 1.73528 
11592 0.0335618 -0.00607349 -42344.6 1.89786 
12558 0.0520359 -0.0287495 -43534.4 2.0526 
13524 0.0609578 -0.00751137 -44046.8 2.20588 
14490 0.0353157 0.0272371 -44857.1 2.36947 
15456 0.0546981 0.0204607 -43887.6 2.53326 
16422 0.0450497 -0.0223034 -42774.7 2.69476 
17388 0.0814999 -0.0538771 -44222.6 2.85053 
18354 0.0516305 -0.0278176 -43734.3 3.00519 
19320 0.0570835 -0.0408842 -44146.2 3.15939 
20286 0.0208219 0.0136991 -44845.9 3.31569 
21252 0.0561742 -0.0269949 -44887.3 3.47042 
22218 0.0847313 -0.0494511 -45714.4 3.62546 
23184 0.105906 -0.0666145 -45962 3.78031 
24150 0.099956 -0.055173 -46084.3 3.93658 
25116 0.0688351 -0.0409405 -45289.8 4.09049 
26082 0.0526002 -0.0353823 -44841.9 4.25309 
27048 0.0412806 -0.0375396 -44426 4.40902 
28014 0.0346145 0.0115027 -43552.1 4.56428 
28980 0.0375515 -0.00941538 -43877.6 4.7187 
29946 0.0553429 -0.0515982 -44527.5 4.87371 
30912 0.0785482 -0.0604154 -44720.8 5.0363 
31878 0.0928211 -0.05862 -43944.7 5.19778 
32844 0.0721247 0.00334854 -44328.1 5.35358 
33810 0.1186 -0.0508712 -44354.5 5.50825 
34776 0.033135 -0.0124387 -44739.6 5.66179 
35742 0.0410168 -0.0168219 -45447.7 5.81626 
36708 0.0966202 -0.071488 -44961.4 5.97123 
37674 0.0881377 -0.0359887 -45468.1 6.1254 
38640 0.0496094 -0.0107744 -44909.8 6.28024 
39606 0.0943842 -0.060406 -44286.5 6.43315 
40572 0.042394 -0.0220077 -44013.6 6.58568 
41538 0.0581349 0.0256215 -43662.8 6.73954 
42504 0.0337784 0.0174083 -43327.5 6.90369 
43470 0.0280968 0.0109885 -43905.3 7.06511 
44436 0.0519788 -0.0445356 -43709.1 7.2284 
45402 0.0401315 0.0397738 -45270.6 7.38489 
46368 0.042961 -0.0322041 -45604.1 7.5426 
47334 0.0360982 -0.0278995 -43822.7 7.69642 
48300 0.0105613 -0.008077 -44431.1 7.8506 
49266 0.0335335 0.021164 -44910.6 8.00585 
50232 0.0552808 -0.0137888 -43645.7 8.16139 
51198 0.0420105 -0.00999198 -44468.4 8.31703 
52164 0.0766133 0.068083 -45260.1 8.47291 
53130 0.0461259 0.039629 -43468.6 8.62892 
54096 0.0887563 0.0614519 -43726.4 8.78419 
55062 0.0935954 0.00877025 -45129.5 8.94276 
56028 0.0496401 0.0255948 -44717.4 9.10155 
56994 0.0125246 -0.0123521 -44787.6 9.25933 
57960 0.0561869 0.0031002 -44485 9.42414 
58926 0.0609503 0.0353409 -43711.8 9.58343 
59892 0.0834295 -0.00678786 -45321.3 9.73814 
60858 0.0634269 -0.0518607 -44894.1 9.89332 
61824 0.0252658 -0.01593 -45072.5 10.0493 
62790 0.0363988 -0.012236 -43984 10.2025 
63756 0.00984467 0.00818527 -43598.9 10.355 
64722 0.0511261 0.0340894 -44054.8 10.5092 
65688 0.0408958 0.00683701 -43925 10.667 
66654 0.0577576 0.0299519 -44051.1 10.831 
67620 0.110528 0.0434448 -44668.1 10.9865 
68586 0.0241306 -0.0107764 -44079.4 11.1417 
69552 0.0364972 -0.0228679 -43881.1 11.2961 
70518 0.0761905 -0.0413809 -45138.7 11.4505 
71484 0.0571444 -0.00952334 -44798.6 11.6053 
72450 0.0365188 -0.00396611 -43905.6 11.76 
73416 0.045127 0.0177949 -43420.2 11.9138 
74382 0.058 -0.034681 -43523.9 12.0687 
75348 0.0415073 -0.005702 -44339 12.2263 
76314 0.0474221 0.0183007 -44544.5 12.3811 
77280 0.0679886 0.0514088 -44068.1 12.5385 
78246 0.013903 0.00989118 -43671.9 12.6943 
79212 0.0170336 0.00825858 -42886.9 12.8509 
80178 0.0493084 -0.0414155 -43549.5 13.0083 
81144 0.0564075 0.0551045 -45387.7 13.1648 
82110 0.0527341 -0.0153604 -44037.9 13.3187 
83076 0.0683633 0.0360681 -43890.9 13.4727 
84042 0.0849587 0.0753115 -43107.4 13.6293 
85008 0.0449054 0.0150294 -43488.4 13.7849 
85974 0.0425374 -0.0291434 -44014.9 13.9402 
86940 0.0171516 0.00422794 -44115.9 14.0938 
87906 0.051084 0.0504272 -45124.8 14.2528 
88872 0.0431411 -0.0219832 -44848.1 14.4153 
89838 0.081226 -0.0715619 -45154.6 14.5719 
90804 0.0353962 -0.0262679 -44127.5 14.7267 
91770 0.0314463 0.0208628 -43367.4 14.8807 
92736 0.0937707 -0.0916994 -42865.2 15.0427 
93702 0.0687249 -0.0578475 -43714.8 15.1989 
94668 0.0207126 0.00160808 -44148.9 15.3527 
95634 0.0307167 0.0182936 -43587.6 15.5086 
96600 0.0173467 -0.0127043 -43134 15.6642 
97566 0.0372002 0.00950686 -42623.3 15.8206 
98532 0.05018 -0.0388365 -42843.3 15.9741 
99498 0.055983 -0.0295892 -42994.3 16.1282 
100464 0.0426447 -0.00545366 -43712.1 16.2828 
101430 0.0632873 -0.00285258 -44491 16.4378 
102396 0.0503589 0.0384585 -44745.5 16.5919 
103362 0.0375062 0.0202481 -44133.9 16.7476 
104328 0.0362205 -0.00366513 -45419.9 16.911 
105294 0.017993 -0.00119164 -44890.5 17.0699 
106260 0.0657547 -0.038083 -45110.1 17.2268 
107226 0.0379518 -0.0308656 -45059.5 17.3857 
108192 0.0992156 -0.0562313 -46240.9 17.539 
109158 0.0733651 -0.0397832 -45535.3 17.6915 
110124 0.0848076 0.0389153 -44488.6 17.8464 
111090 0.0137636 0.010048 -45005.8 18.0027 
112056 0.0235656 0.000574717 -44940.1 18.1562 
113022 0.0351482 0.0194067 -44887.1 18.3107 
113988 0.03485 0.0282134 -45401.4 18.4658 
114954 0.0670633 0.0612536 -45773.2 18.6286 
115920 0.0798993 0.0746042 -45839.9 18.7877 
116886 0.0940175 0.0805285 -45804.1 18.9454 
117852 0.0616798 0.0387132 -45223.1 19.1103 
118818 0.0408191 -0.031891 -45628.6 19.2745 
119784 0.0690221 0.0147963 -46655.3 19.4302 
120750 0.075623 -0.0218392 -46113.9 19.5836 
121716 0.0753257 0.0450112 -45254.8 19.7365 
122682 0.0785216 0.0748805 -44968.3 19.8898 
123648 0.0538611 0.0505717 -43927.9 20.0444 
124614 0.0922239 0.0841788 -44599.8 20.1969 
125580 0.0845955 0.014278 -45405.3 20.3503 
126546 0.0268575 0.0120838 -45561.6 20.5036 
127512 0.0535223 0.0440971 -45229.2 20.6606 
128478 0.0290257 0.0286657 -45406.3 20.8161 
129444 0.0441816 0.0417749 -46317.3 20.9693 
130410 0.069169 0.0130748 -44804.5 21.1243 
131376 0.0660527 0.0621009 -45226.1 21.2786 
132342 0.0684697 0.0456692 -46328.5 21.4323 
133308 0.0163588 0.0131202 -45380.2 21.586 
134274 0.054196 0.0442095 -46188.2 21.7421 
135240 0.0512275 0.0233838 -45365.4 21.8968 
136206 0.0725649 -0.0691686 -44868.3 22.052 
137172 0.0461709 0.024151 -44742.6 22.2061 
138138 0.0631864 0.006519 -45086 22.362 
139104 0.0689358 0.0649076 -45203.8 22.5152 
140070 0.0501942 0.049484 -46364.2 22.6684 
141036 0.0552024 -0.0551482 -46678.9 22.8222 
142002 0.042129 0.0239192 -45432.6 22.9776 
142968 0.0445551 0.0437097 -45027.6 23.1315 
143934 0.0130638 0.00437314 -45518.1 23.2844 
144900 0.014384 -0.00335983 -44259.4 23.4369 
145866 0.0337122 -0.0143242 -43730.2 23.5894 
146832 0.0333937 -0.012038 -44567.1 23.743 
147798 0.0569239 0.00830136 -44405.7 23.8977 
148764 0.0854777 -0.002634 -45054.5 24.0517 
149730 0.0543415 -0.0136167 -46026 24.2071 
150696 0.0315998 0.0249858 -44789.3 24.3614 
151662 0.0323262 -0.0270768 -44727 24.517 
152628 0.0837919 -0.0227247 -44621.9 24.6761 
153594 0.0114292 -0.00912109 -43897.7 24.8297 
154560 0.0358181 0.0187303 -43817.3 24.9844 
155526 0.0447795 -0.0245446 -44099.6 25.1388 
156492 0.104291 -0.1032 -44875.4 25.2965 
157458 0.0534543 -0.0402898 -43967.6 25.4585 
158424 0.0186289 -0.00602297 -43480.7 25.6128 
159390 0.0420956 0.0146453 -43687.2 25.7666 
160356 0.0548275 0.0172483 -44235 25.9198 
161322 0.0181774 0.0180488 -45142.5 26.075 
162288 0.0369872 0.0301378 -44718.9 26.2281 
163254 0.0447035 0.000756544 -44370.7 26.3805 
164220 0.0735534 -0.00737545 -44719.9 26.539 
165186 0.0137529 0.00941037 -44330.5 26.6994 
166152 0.0475294 -0.0228674 -45657.4 26.8544 
167118 0.0215426 -0.000408014 -44704.1 27.0074 
168084 0.0485092 0.0330399 -45625 27.1604 
169050 0.0618077 -0.0512419 -46234.6 27.3135 
170016 0.0657959 -0.0314245 -45792.6 27.4662 
170982 0.0402119 0.0278331 -45878.2 27.6191 
171948 0.0532589 -0.0020411 -43918.9 27.7722 
172914 0.0857971 0.0112722 -44210.7 27.9255 
173880 0.0311052 0.0230302 -44733.7 28.0783 
174846 0.0247903 0.0147964 -45441.8 28.2308 
175812 0.0725476 0.059268 -44878 28.3832 
176778 0.0531566 0.0275756 -44806.7 28.5419 
177744 0.029173 0.0109522 -44167.5 28.6955 
178710 0.0455048 0.00891014 -44824 28.8484 
179676 0.0383372 -0.0184496 -44103.2 29.0094 
180642 0.0243225 0.0067864 -45011.9 29.1699 
181608 0.0664267 0.0405572 -46016.8 29.322 
182574 0.0276137 -0.0036377 -46835.6 29.4748 
183540 0.0827789 0.028413 -45687.8 29.6271 
184506 0.0557893 -0.0483231 -44579.6 29.7826 
185472 0.0335285 0.0333173 -45319.3 29.937 
186438 0.0143768 -0.00577069 -45029.2 30.092 
187404 0.0381873 0.0314013 -44859.4 30.2484 
188370 0.0534495 -0.0438459 -44467.5 30.4004 
189336 0.0681964 -0.0562765 -44649.3 30.5527 
190302 0.0343058 -0.00621774 -44475.8 30.7068 
191268 0.0667745 -0.0586117 -44533.7 30.8627 
192234 0.0879709 -0.0339155 -45342.1 31.0162 
193200 0.0782048 -0.0453991 -45509.8 31.1715 
194166 0.10069 -0.0623754 -45244.4 31.3274 
195132 0.0579677 -0.00198033 -45928 31.4825 
196098 0.0744811 0.0658124 -46403.6 31.6375 
197064 0.0233905 -0.0142752 -45301.8 31.7936 
198030 0.0160313 0.00983931 -45490 31.9484 
198996 0.0376646 -0.0137395 -44442.9 32.1046 
199962 0.0451001 0.0178529 -44373.1 32.2597 
200928 0.0683125 -0.0262675 -44867.7 32.419 
201894 0.0409808 0.0103733 -45860.6 32.5825 
202860 0.072315 -0.0161467 -47069.2 32.7472 
203826 0.0267645 -0.00973049 -46678.3 32.9103 
204792 0.0654282 0.0317212 -45500.4 33.0653 
205758 0.0812853 -0.053844 -45023.7 33.22 
206724 0.0593006 -0.009667 -45384.6 33.3733 
207690 0.103644 -0.0801552 -44837 33.5257 
208656 0.047873 -0.02348 -45096.6 33.6822 
209622 0.026996 0.000789274 -44563.4 33.841 
210588 0.0499177 0.0465603 -44264.9 33.9939 
211554 0.0819779 0.0731981 -44676.9 34.1481 
212520 0.0484745 -0.0131644 -44046.6 34.3033 
213486 0.0753097 -0.0615397 -44347.3 34.4581 
214452 0.030226 0.00784415 -44246.5 34.6125 
215418 0.0795666 0.0603369 -43937.1 34.7679 
216384 0.0538531 0.0292559 -43955.6 34.9236 
217350 0.0652904 -0.00051625 -43798.5 35.0789 
218316 0.0335118 0.00484167 -43956.6 35.2333 
219282 0.0315492 -0.0109586 -44592.7 35.3885 
220248 0.0204684 -0.0199025 -45658.5 35.5432 
221214 0.0161296 -0.0122312 -46257.8 35.699 
222180 0.0723117 0.0492077 -46572.5 35.8545 
223146 0.0659685 0.0534789 -46343.2 36.0096 
224112 0.05341 -0.0226868 -46053.1 36.1634 
225078 0.0493382 -0.0204328 -45136.9 36.3202 
226044 0.0642872 -0.0629555 -45215.1 36.477 
227010 0.0267449 -0.00387105 -45102.9 36.641 
227976 0.0315725 0.0217764 -46213.8 36.7963 
228942 0.0898842 0.051911 -45086.9 36.9531 
229908 0.0423673 -0.0320617 -45998.6 37.1086 
230874 0.0579259 -0.0195413 -45721.3 37.2624 
231840 0.0416611 0.0101276 -45780.8 37.4171 
232806 0.0549118 -0.0323618 -46028.2 37.5724 
233772 0.0716914 0.0668574 -46763 37.7268 
234738 0.0430326 0.041997 -45125.1 37.8811 
235704 0.0487031 0.0420427 -44233.5 38.035 
236670 0.0318783 0.0258072 -44920.5 38.1883 
237636 0.0407778 0.0103877 -43537.3 38.3412 
238602 0.066305 0.0458787 -44493.4 38.494 
239568 0.0598785 0.0348125 -44746.7 38.6469 
240534 0.0573971 -0.0124674 -42539.4 38.8023 
241500 0.0977982 0.0490425 -43079.8 38.9577 
242466 0.0515662 -0.0202027 -43155.4 39.1125 
243432 0.0360225 0.0103145 -43831.5 39.2667 
244398 0.0416053 -0.0356539 -43638.5 39.4215 
245364 0.0308438 -0.0174989 -43954.1 39.5749 
246330 0.0661168 0.0111233 -43163.1 39.7294 
247296 0.0388516 -0.029748 -44537 39.8838 
248262 0.0613751 0.028177 -45500.6 40.0392 
249228 0.0349371 -0.00252476 -45574.5 40.1966 
250194 0.0419733 -0.0259043 -44329.5 40.3527 
251160 0.0453727 0.0175815 -44045.2 40.5076 
252126 0.0706159 0.0369258 -44000.7 40.6623 
253092 0.0771287 0.0179177 -44147.8 40.8162 
254058 0.0668354 -0.0627163 -44473.3 40.9717 
255024 0.06425 -0.0401827 -44764 41.1283 
255990 0.0629335 -0.0263638 -44566.3 41.2836 
256956 0.0622362 -0.0557419 -43843.3 41.438 
257922 0.0314474 0.0189859 -42932.1 41.5919 
258888 0.0302118 0.0118726 -44960.8 41.7462 
259854 0.0681417 -0.0392912 -45242.6 41.9008 
260820 0.0769015 -0.0103398 -44741.7 42.0625 
261786 0.0775945 0.0295694 -45896.8 42.2246 
262752 0.0428954 0.00267456 -45529.6 42.3799 
263718 0.0443196 0.035545 -45399.5 42.5348 
264684 0.0295254 -0.0194947 -45679.7 42.6899 
265650 0.0181259 0.0168436 -44650.4 42.8445 
266616 0.0783916 -0.057574 -46021 42.9994 
267582 0.0435473 -0.00582161 -45842.5 43.1546 
268548 0.0391766 0.0198076 -44850.8 43.3101 
269514 0.0719436 0.0264857 -44348.2 43.4644 
270480 0.0785445 0.0377234 -44189.1 43.618 
271446 0.0633833 0.0547096 -45733.6 43.7762 
272412 0.0250802 0.0118418 -44590.7 43.9313 
273378 0.0354588 0.00859938 -44345.3 44.0869 
274344 0.0322064 0.0121801 -44755.2 44.2465 
275310 0.05982 0.0590479 -44247.5 44.411 
276276 0.0257156 -0.0138417 -44206.6 44.5751 
277242 0.0259257 0.0186805 -44452.8 44.7393 
278208 0.0433957 -0.0368066 -44140.1 44.9043 
279174 0.0379227 0.0207582 -44323.7 45.0682 
280140 0.028058 -0.0217559 -44701.9 45.2324 
281106 0.00866067 0.00400493 -45182.3 45.3927 
282072 0.0328987 0.0278031 -44581 45.5571 
283038 0.0517753 -0.0444047 -44202.3 45.7123 
284004 0.0344244 -0.014395 -44207.9 45.8676 
284970 0.0658604 -0.0590419 -45813.9 46.0223 
285936 0.0613907 0.0219103 -45219.3 46.1775 
286902 0.0461853 0.00963158 -45932 46.333 
287868 0.0412891 -0.0268686 -44884.5 46.4878 
288834 0.0522803 -0.00100481 -44688.7 46.6427 
289800 0.0345779 -0.0142182 -44442.6 46.7976 
290766 0.0680454 -0.0363122 -43988.9 46.9512 
291732 0.0863603 -0.0283877 -44510.6 47.1058 
292698 0.0744728 0.00152425 -44837.1 47.2622 
293664 0.0379252 0.00691867 -44531.6 47.4183 
294630 0.0205084 -0.01244 -43799.9 47.5768 
295596 0.0460753 -0.00268925 -44864.3 47.74 
296562 0.0640411 -0.0552142 -45326.6 47.9016 
297528 0.0530566 0.00983363 -44871.9 48.0607 
298494 0.0307323 0.0167602 -45421.6 48.2155 
299460 0.0529229 0.0420318 -44759.3 48.3712 
300426 0.0640901 -0.027352 -44539 48.5257 
301392 0.0536103 0.0174019 -45516.3 48.6808 
302358 0.0334975 0.00334838 -47347.1 48.8351 
303324 0.0445071 -0.0113992 -45949.5 48.989 
304290 0.0702744 0.0597199 -46057.3 49.142 
305256 0.0123883 -0.000891787 -45003.7 49.3003 
306222 0.0626756 -0.0139068 -45143.6 49.4533 
307188 0.0571796 -0.0379706 -43806.6 49.6059 
308154 0.0466117 0.00251182 -44200.8 49.7593 
309120 0.0354886 0.0265035 -43734.1 49.9132 
310086 0.0447883 0.0370609 -44782.6 50.0661 
311052 0.0437786 0.0181565 -45449.7 50.2186 
312018 0.119571 -0.000409167 -45589.4 50.3717 
312984 0.0561045 -0.0306238 -44777.3 50.5246 
313950 0.0360769 0.00179215 -44405.7 50.6797 
314916 0.0703124 0.0138131 -44441.5 50.8394 
315882 0.0669692 0.0321816 -44092.6 51.0009 
316848 0.0163409 0.00856443 -44096.4 51.1546 
317814 0.0359929 0.00890744 -45054 51.3095 
318780 0.033983 -0.0252077 -43407.3 51.464 
319746 0.038677 -0.0356077 -43099 51.619 
320712 0.0472292 -0.00868729 -44157.1 51.7736 
321678 0.0426445 0.0279909 -44752.8 51.9324 
322644 0.0247079 -0.00268102 -45922.5 52.0877 
323610 0.0428172 0.0270318 -46828.2 52.2424 
324576 0.0195038 -0.0146308 -47060.1 52.3975 
325542 0.0646657 -0.0410286 -46411.3 52.5506 
326508 0.0298511 -0.00808195 -45665 52.7027 
327474 0.0584103 0.0135704 -46053.1 52.8575 
328440 0.0332805 -0.0230868 -43412.2 53.0119 
329406 0.0308979 0.0289768 -45959.4 53.1658 
330372 0.0507591 -0.0223914 -44582.5 53.3198 
331338 0.0121867 0.010128 -45536 53.475 
332304 0.0838894 0.0795444 -45676.7 53.6301 
333270 0.0588563 0.0242188 -44703.9 53.784 
334236 0.0917041 0.0823025 -44998.8 53.9383 
335202 0.0423327 0.0179566 -44598.2 54.0938 
336168 0.0360246 0.0157289 -45642.2 54.249 
337134 0.105608 0.0484037 -45506.6 54.4024 
338100 0.0591842 -0.022888 -45486 54.5571 
339066 0.0557076 -0.0478854 -45467.3 54.7103 
340032 0.083675 -0.0618233 -44605.4 54.8628 
340998 0.0447181 -0.0400275 -46003.6 55.0184 
341964 0.0824542 -0.0604837 -45728.2 55.1826 
342930 0.0748825 -0.0697009 -45008.1 55.3456 
343896 0.050894 -0.0363512 -45938.4 55.5004 
344862 0.0648436 -0.0111485 -47013.7 55.6537 
345828 0.0229521 0.00102615 -45071.6 55.8105 
346794 0.0416674 -0.0296195 -44787.3 55.9646 
347760 0.0525962 -0.0298778 -44455.3 56.1188 
348726 0.0697045 -0.0479769 -44488.6 56.2773 
349692 0.0526104 -0.0202703 -44768.6 56.4409 
350658 0.0251345 0.0111881 -45011.1 56.5981 
351624 0.0673532 -0.0268242 -45008.4 56.7543 
352590 0.030796 0.0198952 -44919.7 56.9113 
353556 0.0380135 0.0213602 -43625.5 57.0755 
354522 0.0396111 0.0216181 -43696 57.2336 
355488 0.0610688 0.0471589 -45849 57.3886 
356454 0.0472023 -0.042363 -45973.9 57.5433 
357420 0.0424401 -0.0167274 -45963.7 57.699 
358386 0.0241017 -0.0211696 -45981 57.8524 
359352 0.0274131 -0.0195616 -45385.8 58.007 
360318 0.0410582 0.0251871 -44874.2 58.1626 
361284 0.0198951 0.00133739 -44043.8 58.3208 
362250 0.0966454 0.0698425 -44378.2 58.4754 
363216 0.0403044 0.0235009 -44194.7 58.6314 
364182 0.0486407 0.0397071 -43455.2 58.7865 
365148 0.0391056 0.00457917 -42786.5 58.9406 
366114 0.0381508 0.00385876 -44190.8 59.0981 
367080 0.0566554 0.051326 -44251.1 59.2535 
368046 0.0556018 0.0551113 -43451.2 59.4073 
369012 0.0508187 0.0462973 -44233.4 59.5708 
369978 0.0627092 -0.0189935 -43712.9 59.7346 
370944 0.0824114 -0.0184948 -44189.6 59.8987 
371910 0.0287822 -0.0180952 -43838.6 60.0628 
372876 0.0328993 0.00262063 -45089.7 60.2266 
373842 0.0416943 -0.025558 -45342.3 60.3906 
374808 0.0302116 -0.00147962 -45784.8 60.5555 
375774 0.0248936 -0.016438 -46353.8 60.7196 
376740 0.0814371 0.0309339 -46914.5 60.8838 
377706 0.0556185 0.0286515 -45466.3 61.0484 
378672 0.0438982 0.0383749 -45175.8 61.2123 
379638 0.0673014 0.0517265 -45450.9 61.3761 
380604 0.0301041 -0.00910418 -44845.1 61.5406 
381570 0.0837252 0.0343402 -46201.5 61.6984 
382536 0.0806267 0.0280752 -45626.9 61.858 
383502 0.0252212 0.00935089 -45529.3 62.0197 
384468 0.0379028 0.00549477 -45303.8 62.1816 
385434 0.0355903 -0.0200659 -45225.9 62.346 
386400 0.0887829 0.0681859 -44907.4 62.5103 
387366 0.0504536 0.0259438 -45836.5 62.6699 
388332 0.0401821 0.0360549 -45052.3 62.8253 
389298 0.0734084 0.0221166 -44256 62.9876 
390264 0.0631752 0.0438476 -44107 63.143 
391230 0.0414883 -0.0159441 -43951.9 63.2975 
392196 0.0504197 -0.0304994 -43635.5 63.4534 
393162 0.0540502 -0.0200853 -44595.3 63.6076 
394128 0.0482 0.00339481 -43453.9 63.7624 
395094 0.0716618 -0.0230159 -43435.9 63.9159 
396060 0.0651626 -0.00152779 -44480.6 64.0683 
397026 0.0506186 -0.0115781 -45068.8 64.2216 
397992 0.0637859 0.060368 -44503.1 64.3753 
398958 0.0282266 0.0236959 -45008.2 64.5293 
399924 0.0487955 0.0310238 -44891.9 64.6832 
400890 0.0470144 0.0451749 -45867.3 64.8356 
401856 0.050723 -0.000742177 -44830.4 64.9884 
402822 0.0433244 0.0430441 -45019.5 65.1414 
403788 0.00811541 0.00468607 -45683.1 65.2949 
404754 0.0697127 -0.0146933 -45631.5 65.4485 
405720 0.0410441 -0.00334857 -44947.9 65.6033 
406686 0.0378645 -0.00260316 -44852.2 65.7568 
407652 0.0233552 0.0189418 -44737.8 65.9155 
408618 0.0855707 -0.0337285 -44753.6 66.0775 
409584 0.0582712 -0.0433595 -43719.3 66.2408 
410550 0.0540271 -0.0529724 -44525.8 66.4025 
411516 0.0832359 -0.0637527 -45272.6 66.5654 
412482 0.053641 -0.0250094 -46065.2 66.72 
413448 0.0500551 0.0425785 -45088 66.8737 
414414 0.0667634 0.0664827 -45607.2 67.0306 
415380 0.0307541 0.000385531 -45876.4 67.1855 
416346 0.0189763 0.00143226 -45736.5 67.3409 
417312 0.0164249 -6.60227e-05 -44132.9 67.4977 
418278 0.0329306 0.0137196 -45231.5 67.6536 
419244 0.0453367 0.0335947 -44121.1 67.8064 
420210 0.10873 0.107903 -45055.7 67.9603 
421176 0.0653721 0.0613381 -45815.1 68.1148 
422142 0.0859433 0.015469 -44591.6 68.2692 
423108 0.0314077 -0.00265517 -44302.9 68.4223 
424074 0.0350291 -0.034642 -45059.7 68.5755 
425040 0.0123398 0.00593077 -43992.4 68.7285 
426006 0.0233529 0.0218713 -42248 68.8814 
426972 0.0540839 0.00246521 -42537.2 69.0369 
427938 0.0457303 0.0111489 -44944.9 69.1912 
428904 0.0559781 0.0369315 -45741.3 69.3453 
429870 0.0675594 -0.0568451 -44938.6 69.5009 
430836 0.0558928 -0.0344458 -45586 69.6611 
431802 0.0226628 0.0213148 -46317.5 69.8251 
432768 0.0570811 -0.0302952 -47266.4 69.9852 
433734 0.031089 0.000383701 -45807.5 70.1401 
434700 0.0513112 0.0221274 -44758.6 70.2952 
435666 0.0846022 -0.0593607 -45326.9 70.4486 
436632 0.0527671 -0.0348405 -46062.4 70.6027 
437598 0.0374427 -0.00765409 -45803.6 70.7553 
438564 0.0458228 -0.00462061 -45050.6 70.9085 
439530 0.0187925 0.0182229 -44804.6 71.0643 
440496 0.0298427 0.00354386 -45030.4 71.2198 
441462 0.0242893 0.0116514 -43613.1 71.3838 
442428 0.0496228 0.0256101 -44682.7 71.5434 
443394 0.0178596 -0.0176543 -44514.6 71.6986 
444360 0.0186626 0.00330057 -44392.3 71.854 
445326 0.0337934 -0.0124538 -45567.6 72.008 
446292 0.0279936 0.0200565 -45008.8 72.1628 
447258 0.0382248 0.00950468 -45665.7 72.3168 
448224 0.0449928 0.0121676 -44779.9 72.471 
449190 0.0417257 0.0293014 -45173.2 72.6251 
450156 0.0690517 0.0164468 -46467.6 72.7799 
451122 0.0898201 0.0170331 -46148.5 72.9337 
452088 0.043515 0.0200503 -46239.8 73.0889 
453054 0.034467 -0.0242487 -45706.6 73.2421 
454020 0.0462449 -0.0394146 -44372.7 73.3969 
454986 0.0572921 -0.00197345 -43808 73.5517 
455952 0.0603665 -0.0193273 -44652.4 73.7068 
456918 0.0404878 -0.0285899 -44459.5 73.8619 
457884 0.0832072 -0.0231605 -45361.3 74.0164 
458850 0.0702897 -0.0120315 -43935.5 74.1705 
459816 0.0669144 0.0364495 -44206.4 74.3263 
460782 0.0235878 0.0174018 -44961.7 74.4806 
461748 0.055377 0.00589291 -44956.9 74.6363 
462714 0.0616404 0.0100575 -45220.4 74.7908 
463680 0.0941557 0.0345155 -45743.3 74.9454 
464646 0.0861345 0.0278643 -45186.6 75.1001 
465612 0.0874235 0.0558125 -43747.5 75.2539 
466578 0.103213 0.0632503 -44621.8 75.4146 
467544 0.0510485 0.034479 -43358.1 75.5689 
468510 0.0312612 -0.0235503 -44475.4 75.7319 
469476 0.0445501 -0.0296403 -44932.7 75.8917 
470442 0.0706031 0.0528428 -43948.6 76.0466 
471408 0.0745364 0.0692196 -45203.5 76.2013 
472374 0.0887622 0.0644371 -46088.1 76.3562 
473340 0.0230929 0.00268187 -43915.4 76.5116 
474306 0.0249414 -0.01843 -44772 76.667 
475272 0.0613588 0.0583828 -45581.4 76.8217 
476238 0.0384824 0.0350089 -45842.7 76.9759 
477204 0.0601788 0.056264 -46248.3 77.1304 
478170 0.0406098 -0.00435957 -45303.5 77.2848 
479136 0.0139169 0.00487565 -44636.8 77.4458 
480102 0.0529596 0.0172215 -44090.4 77.6024 
481068 0.0430027 -0.0144752 -44827.2 77.7568 
482034 0.0622658 -0.0457875 -46292.3 77.9125 
483000 0.0360058 0.0176242 -45873.7 78.0669 
483966 0.0478829 -0.0310537 -45872.2 78.2219 
484932 0.0330887 0.0242573 -44396.2 78.3834 
485898 0.0531776 -0.0291334 -46196.6 78.5418 
486864 0.0367985 -0.00513486 -46628.3 78.6941 
487830 0.0174605 -0.0162607 -45057.7 78.852 
488796 0.0368295 -0.0232666 -46239.1 79.0082 
489762 0.026545 -0.0199309 -45449.1 79.1625 
490728 0.0350301 -0.0160598 -46166.7 79.3203 
491694 0.0793934 0.0595126 -45166.6 79.4847 
492660 0.0379447 0.0215102 -46738.1 79.6447 
493626 0.0132987 0.00661715 -46048.4 79.8001 
494592 0.0432461 0.0355167 -45257.2 79.9565 
495558 0.0360115 0.0108139 -44760.2 80.1125 
496524 0.0473382 0.0216857 -44997.6 80.2672 
497490 0.0378845 0.0344382 -43387.3 80.4295 
498456 0.0468621 0.0385334 -42782.3 80.5879 
499422 0.0438596 0.0101998 -43326.8 80.7428 
500388 0.0175209 0.00348151 -44453.5 80.8985 
501354 0.07857 -0.0526217 -46046.2 81.0539 
502320 0.0644048 0.0327712 -44673.9 81.2091 
503286 0.0741343 0.00919319 -45458.8 81.3654 
504252 0.0476367 0.0393756 -44998.8 81.5257 
505218 0.0641749 0.0595994 -44914.7 81.683 
506184 0.0530445 0.0185386 -45705.2 81.8374 
507150 0.0783014 0.0695768 -46588.5 81.9933 
508116 0.00931047 0.00906431 -46501.7 82.1495 
509082 0.0694995 0.0496168 -44720.8 82.3042 
510048 0.0580371 0.04237 -44249.7 82.4606 
511014 0.0665188 0.0341517 -44842.3 82.6156 
511980 0.0877479 -0.0734366 -45658.7 82.7704 
512946 0.0881318 -0.084644 -45952.9 82.9256 
513912 0.0409325 -0.0274558 -45602.1 83.083 
514878 0.0193849 -0.0137473 -45429.3 83.2411 
515844 0.104194 -0.0879999 -45884.8 83.396 
516810 0.0495689 0.00325601 -45858.6 83.5513 
517776 0.0482401 -0.00659137 -46690.9 83.7062 
518742 0.0578779 0.0267813 -44368.5 83.862 
519708 0.0699487 0.0370107 -45478.5 84.0157 
520674 0.0835018 -0.0638487 -45105.7 84.1689 
521640 0.064419 0.0124824 -43969.1 84.3219 
522606 0.0644453 0.0254207 -43749 84.4749 
523572 0.0426258 0.0146626 -43395.2 84.6272 
524538 0.0405039 -0.0034772 -42334.3 84.7818 
525504 0.0733684 0.0162936 -43438 84.9376 
526470 0.147457 0.0441389 -45361.2 85.0923 
527436 0.0750593 -0.00197009 -44214.6 85.252 
528402 0.0636757 -0.0207264 -44431.3 85.4163 
529368 0.0203355 0.00309844 -42622.1 85.5765 
530334 0.037607 -0.0274105 -42920.4 85.7318 
531300 0.0596772 -0.0313009 -43557 85.8859 
532266 0.0497227 0.0335028 -44886.6 86.0414 
533232 0.0972614 -0.0647378 -46182.9 86.1992 
534198 0.0941406 0.00885172 -45482.9 86.3538 
535164 0.0864579 -0.0152883 -45379.7 86.5089 
536130 0.0261275 -0.0126404 -45251.5 86.6653 
537096 0.07565 0.0364096 -42913.5 86.8201 
538062 0.037634 -0.0218168 -42329.3 86.9755 
539028 0.0685158 0.0452803 -42219.9 87.1354 
539994 0.0341816 -0.0230832 -42693.4 87.2924 
540960 0.029846 -0.00528987 -43264.3 87.4472 
541926 0.0499143 0.00781427 -44016.2 87.6027 
542892 0.0446044 0.0139453 -44498.7 87.7586 
543858 0.0567478 0.0346632 -45125.7 87.9127 
544824 0.0540178 0.0478128 -45323.8 88.0695 
545790 0.0550248 0.0383724 -46378.6 88.2244 
546756 0.0557426 0.00740113 -47066.5 88.379 
547722 0.0523096 -0.00827182 -46969.5 88.5338 
548688 0.022795 -0.0068103 -46155.1 88.689 
549654 0.0301157 -0.00920915 -45733.6 88.8448 
550620 0.0198915 0.00105258 -46268.2 88.9994 
551586 0.0502605 -0.0114982 -45054.9 89.1544 
552552 0.0185972 0.0111018 -44029.4 89.3081 
553518 0.0482535 -0.00999963 -44131.9 89.4714 
554484 0.043415 0.0379261 -43974 89.6288 
555450 0.0629665 0.0609293 -44394.1 89.7828 
556416 0.0278043 0.00910117 -44056.6 89.9352 
557382 0.047853 0.0299779 -43696.2 90.0963 
558348 0.0470543 -0.0406333 -44047.8 90.2566 
559314 0.0238878 -0.017129 -42954.1 90.4116 
560280 0.0326938 -0.0199971 -44055.4 90.5659 
561246 0.0804346 -0.00668718 -43715.2 90.7212 
562212 0.02099 -0.00686644 -44694.8 90.8772 
563178 0.047558 -0.0377099 -43981 91.0364 
564144 0.0589253 -0.0537788 -44403.4 91.193 
565110 0.086975 -0.0361578 -43809.4 91.3476 
566076 0.0743821 -0.010641 -43983.3 91.5018 
567042 0.0154055 -0.0125909 -44795.7 91.6577 
568008 0.0504109 -0.0248202 -43598.4 91.8134 
568974 0.0670347 0.0343313 -43020 91.9687 
569940 0.0399984 0.0238466 -43734.6 92.1258 
570906 0.0214368 0.018779 -44748.8 92.2822 
571872 0.0578365 0.0295946 -44869.5 92.437 
572838 0.0467059 0.0295972 -44541.1 92.5897 
573804 0.0120227 0.00558787 -43337.6 92.7458 
574770 0.0219967 0.00431192 -44980.6 92.9098 
575736 0.023437 0.00164576 -45665.9 93.0659 
576702 0.068175 -0.023877 -44056.8 93.2249 
577668 0.0411515 0.024239 -43910.4 93.3884 
578634 0.0512963 0.0367097 -44676.6 93.5409 
579600 0.0260777 -0.0149559 -44930.7 93.6953 
580566 0.0177672 0.00994385 -44998.5 93.8516 
581532 0.0658811 0.0119466 -44906.5 94.008 
582498 0.0314244 -0.00163822 -45249.2 94.1618 
583464 0.0453592 -0.00979282 -45563.3 94.3147 
584430 0.0314443 0.0119519 -44360 94.4677 
585396 0.0492963 0.0217586 -44438.8 94.6238 
586362 0.0362751 -0.0185507 -43718.2 94.7782 
587328 0.0212002 -0.0139457 -43223.3 94.9424 
588294 0.0411345 -0.00576603 -42953.6 95.1014 
589260 0.0335221 -0.016255 -43731.9 95.2612 
590226 0.0355222 -0.00153637 -43031.3 95.4244 
591192 0.0624523 0.035464 -43459.3 95.5792 
592158 0.0381716 0.0248475 -43743.9 95.7322 
593124 0.033859 0.0210381 -43885.8 95.8853 
594090 0.0519853 0.0309368 -43581.6 96.0381 
595056 0.0342747 -0.0157929 -44724.7 96.1914 
596022 0.0597586 -0.00831291 -45500.2 96.3449 
596988 0.0478957 -0.0109686 -45537.3 96.4989 
597954 0.0712991 -0.0429481 -43879.6 96.6524 
598920 0.0376482 -0.00690352 -42788.9 96.805 
599886 0.0212233 -0.0167698 -44353.6 96.9585 
600852 0.0380596 -0.0160836 -45470.6 97.113 
601818 0.104898 0.0673388 -45808.8 97.2668 
602784 0.0273188 0.011644 -45244.2 97.4214 
603750 0.0358894 0.0282847 -46684.6 97.5756 
604716 0.0177806 -0.0161056 -45460.7 97.7291 
605682 0.0352854 0.0228138 -45082.5 97.8821 
606648 0.0298921 0.0234269 -44780.3 98.0376 
607614 0.0670295 -0.020422 -45773.4 98.1928 
608580 0.0564273 0.0429138 -47206.9 98.3478 
609546 0.0474516 0.0474503 -46761.7 98.505 
610512 0.0671312 0.0190075 -47162.2 98.667 
611478 0.0689873 0.0222707 -46061.1 98.8245 
612444 0.0865349 0.0617566 -46990.5 98.9814 
613410 0.0738065 0.0562951 -46723.6 99.1387 
614376 0.0483669 0.0265092 -45807.7 99.2932 
615342 0.0252889 -0.0136037 -46317.5 99.448 
616308 0.0678622 -0.0550702 -46610.4 99.6036 
617274 0.0444847 -0.0355261 -45399 99.7576 
618240 0.025089 0.0199209 -45321.2 99.9106 
619206 0.0164226 -0.00844277 -44254 100.069 
620172 0.02037 0.00395916 -45023.4 100.234 
621138 0.0409348 0.0323925 -45869.6 100.391 
622104 0.0306237 0.0188958 -45490.6 100.544 
623070 0.0476861 -0.03199 -45589.5 100.698 
624036 0.0293045 -0.0128506 -45974.5 100.851 
625002 0.0539267 -0.0374901 -45838.5 101.005 
625968 0.0471939 -0.0404325 -45099.1 101.16 
626934 0.0414136 0.00607017 -44498.4 101.314 
627900 0.10887 0.0225165 -45511.2 101.469 
628866 0.0802602 0.0296636 -42914.1 101.621 
629832 0.0981839 0.0335315 -44112.6 101.774 
630798 0.0497151 0.0109535 -44634.3 101.928 
631764 0.0706809 -0.0405794 -44417.1 102.082 
632730 0.101785 -0.0125821 -45725.6 102.235 
633696 0.0755215 -0.0539596 -45992.7 102.388 
634662 0.0642169 0.0167568 -45396.2 102.541 
635628 0.0705728 0.00890918 -45010.5 102.7 
636594 0.0271355 -0.00335006 -44069.1 102.853 
637560 0.0579292 -0.00487459 -44770.9 103.007 
638526 0.0802424 -0.0341049 -45702.4 103.16 
639492 0.091519 0.0356535 -44298.6 103.314 
640458 0.0662893 0.0329344 -44051.2 103.467 
641424 0.079554 -0.0163151 -45037 103.62 
642390 0.0221226 -0.0204462 -44367.2 103.773 
643356 0.0852519 -0.043472 -43990.8 103.926 
644322 0.0502031 -0.00486565 -44047.9 104.082 
645288 0.043602 -0.0061793 -44526.6 104.237 
646254 0.016317 0.0132216 -45652.3 104.392 
647220 0.0214041 -0.00632277 -45525.3 104.546 
648186 0.0598703 -0.00761706 -45700.9 104.702 
649152 0.0891663 -0.0175787 -46312.2 104.858 
650118 0.0554282 0.0358179 -46636.2 105.013 
651084 0.0950907 0.0329932 -45498.2 105.168 
652050 0.0458418 0.0270953 -45549.2 105.323 
653016 0.0642958 0.0609778 -46205.9 105.477 
653982 0.0966487 0.0331931 -44506.4 105.633 
654948 0.0774933 0.0376324 -43301.5 105.789 
655914 0.0676076 -0.000743791 -44740.8 105.945 
656880 0.0818177 0.0361744 -45879.8 106.101 
657846 0.0252478 0.0133542 -45504.6 106.255 
658812 0.0271716 0.0183787 -45813.8 106.415 
659778 0.031193 0.0238444 -45087.9 106.579 
660744 0.0835397 0.0604828 -44457.5 106.741 
661710 0.0624892 0.016685 -43998 106.904 
662676 0.0607977 -0.0174803 -43483.9 107.059 
663642 0.0534379 0.0217045 -43237.9 107.214 
664608 0.0529159 0.0156982 -43473 107.376 
665574 0.0591089 -0.0133009 -44690.1 107.536 
666540 0.0913551 -0.0752744 -45159.8 107.69 
667506 0.0595308 -0.0254828 -45114.6 107.846 
668472 0.0312157 0.0168895 -44606.3 108 
669438 0.057864 0.0159551 -44325.5 108.156 
670404 0.0463463 0.0296 -45101.3 108.314 
671370 0.0355513 -0.0129182 -45654.9 108.468 
672336 0.0630321 -0.0154905 -46367.3 108.623 
673302 0.042564 0.00202942 -45252.7 108.778 
674268 0.0345272 0.0276839 -44916.1 108.934 
675234 0.0493149 -0.0118991 -45886.5 109.088 
676200 0.0374955 -0.01269 -45312.7 109.244 
677166 0.0487416 0.0218712 -46011.2 109.399 
678132 0.0451094 0.0143955 -44694 109.555 
679098 0.0847559 0.00777845 -44760.5 109.709 
680064 0.051177 -0.0123202 -44821.6 109.863 
681030 0.0304154 0.00993449 -46645.4 110.02 
681996 0.0768831 -0.0228946 -45663.2 110.175 
682962 0.0492443 0.0418297 -45859 110.328 
683928 0.0577195 0.0067514 -45109 110.485 
684894 0.0747386 -0.0206945 -45679.7 110.64 
685860 0.0659031 -0.0156445 -44277 110.794 
686826 0.0942119 -0.0400281 -45479.3 110.947 
687792 0.0144606 -0.0053909 -44944 111.1 
688758 0.0410569 0.0337967 -45276.3 111.253 
689724 0.0122211 0.00396292 -45547.8 111.407 
690690 0.0469869 -0.00257025 -44609.8 111.567 
691656 0.0640623 -0.0450974 -45198.9 111.727 
692622 0.0691224 0.0618052 -44686.3 111.882 
693588 0.0418378 0.00513339 -46770.7 112.037 
694554 0.0539125 0.0475336 -46312.2 112.191 
695520 0.0429357 0.00763497 -46563.6 112.344 
696486 0.0682103 0.0146517 -46870.6 112.499 
697452 0.0545475 0.0124143 -45595.7 112.654 
698418 0.0671343 -0.0540132 -45285.9 112.807 
699384 0.0492596 -0.0157394 -45214.9 112.96 
700350 0.0209734 0.00486995 -44843.8 113.121 
701316 0.0290525 0.00639548 -44523.5 113.282 
702282 0.0525548 0.00346227 -44903 113.434 
703248 0.0680075 -0.0216888 -44129.9 113.588 
704214 0.0547809 0.012179 -43657.8 113.744 
705180 0.073553 -0.00507855 -43843.5 113.897 
706146 0.059501 0.0249146 -42486.1 114.05 
707112 0.0639418 0.0290042 -43973.5 114.203 
708078 0.079274 0.0762204 -43980.9 114.358 
709044 0.0643405 0.0127865 -44084.7 114.513 
710010 0.0710003 0.01858 -44041.2 114.666 
710976 0.0397907 0.0188386 -43947.4 114.822 
711942 0.0353749 -0.0120765 -44544.2 114.978 
712908 0.0320495 -0.0311805 -44413.9 115.132 
713874 0.0329305 -0.00517925 -44078.1 115.287 
714840 0.0396528 0.0170946 -43659.5 115.44 
715806 0.0360051 -0.0209507 -45169 115.594 
716772 0.0987378 0.0285934 -45558.1 115.75 
717738 0.0692418 -0.00017734 -46188 115.904 
718704 0.0568319 0.0185438 -45016.8 116.059 
719670 0.0472179 -0.0303703 -46329 116.213 
720636 0.0127066 0.0111557 -45310.4 116.367 
721602 0.0469169 0.00324664 -44038.6 116.522 
722568 0.0690177 -0.0597676 -44626.9 116.678 
723534 0.0699382 0.0541682 -44105.6 116.833 
724500 0.0652836 0.0583066 -43346.6 116.987 
725466 0.0466125 -0.00582438 -43590 117.142 
726432 0.0566771 -0.0043522 -43730.8 117.296 
727398 0.0367547 -0.0250384 -43950.4 117.448 
728364 0.0500408 -0.0422002 -43235 117.603 
729330 0.0307125 -0.0229415 -44884 117.758 
730296 0.0310371 -0.0220762 -44945 117.915 
731262 0.0375221 -0.0292268 -45188.8 118.073 
732228 0.0757228 -0.000655392 -45643.8 118.237 
733194 0.0685754 0.063762 -45951.5 118.402 
734160 0.0205376 -0.0185155 -45812 118.566 
735126 0.0539151 0.0179974 -45761.3 118.725 
736092 0.029127 0.0261787 -44570.1 118.88 
737058 0.0277402 0.0259661 -45331.5 119.035 
738024 0.0891624 0.0408256 -45537 119.19 
738990 0.0900069 -0.00132434 -45506.5 119.344 
739956 0.0664322 0.0312241 -46330.5 119.499 
740922 0.103699 -0.0651295 -45293 119.654 
741888 0.0527322 0.00284457 -45356.7 119.812 
742854 0.0149718 -0.0149585 -44824.3 119.976 
743820 0.0357432 0.0105221 -45351.7 120.141 
744786 0.00640495 -0.00298822 -44895.9 120.305 
745752 0.0382773 0.0209029 -45523.9 120.467 
746718 0.0222213 -0.00440823 -44874.4 120.628 
747684 0.0404539 -0.0309972 -44671.1 120.792 
748650 0.0411967 0.00981597 -43630.1 120.956 
749616 0.068107 -0.0157969 -43452.3 121.119 
750582 0.066363 0.0132662 -43961.5 121.284 
751548 0.0628163 0.0549203 -44540.7 121.446 
752514 0.0432223 0.00817779 -43565.8 121.605 
753480 0.0325746 0.00428579 -42970.6 121.758 
754446 0.038038 -0.0308627 -44075.2 121.911 
755412 0.0727062 0.0452201 -45065.9 122.066 
756378 0.0325381 -0.0047831 -45071.3 122.224 
757344 0.0349089 0.024741 -45100 122.378 
758310 0.0494762 -0.0266766 -44252.4 122.534 
759276 0.0557054 0.0374986 -43811.3 122.69 
760242 0.0592431 0.0562721 -45059.4 122.843 
761208 0.0475415 0.0429195 -46084.4 122.999 
762174 0.0437559 0.0416363 -45629.1 123.152 
763140 0.0425716 -0.000866952 -44561.2 123.307 
764106 0.0618173 0.0574296 -45364.7 123.462 
765072 0.083839 0.0214064 -44420 123.616 
766038 0.0578804 0.0411732 -44364.5 123.77 
767004 0.0344447 0.0227795 -44807.7 123.925 
767970 0.0251966 0.00257453 -44580.8 124.08 
768936 0.0317201 -0.0304135 -44206.1 124.234 
769902 0.049875 0.029165 -43811 124.389 
770868 0.0854828 0.0707823 -44815.8 124.546 
771834 0.0586812 0.0467327 -44671.9 124.705 
772800 0.0683416 -0.00734745 -44398 124.869 
773766 0.0692799 0.0057255 -45228.3 125.024 
774732 0.0344964 -0.0102632 -46346.1 125.179 
775698 0.047119 -0.0415074 -44842.3 125.335 
776664 0.078625 0.0152968 -44732.7 125.49 
777630 0.0706674 0.0118273 -44270.5 125.645 
778596 0.0397684 0.0240557 -43897.6 125.799 
779562 0.0329932 -0.011027 -43451.4 125.955 
780528 0.0185841 0.0121105 -43872.4 126.114 
781494 0.0433929 0.00414404 -43653.2 126.269 
782460 0.0269043 0.0251141 -43380.7 126.424 
783426 0.0454439 0.0103454 -43203.2 126.578 
784392 0.0153327 -0.0118639 -42903.8 126.732 
785358 0.0330315 -0.0103439 -43105.6 126.885 
786324 0.0265364 -0.0162862 -44980.7 127.041 
787290 0.0134048 -0.00676321 -45295.8 127.196 
788256 0.0662038 0.062265 -44759.2 127.353 
789222 0.0463806 -0.0365848 -44980.6 127.508 
790188 0.108006 -0.0752697 -44606.9 127.668 
791154 0.0656578 -0.0160863 -43708.6 127.831 
792120 0.052553 -0.00695865 -46011 127.991 
793086 0.0763178 -0.0063862 -45069.7 128.154 
794052 0.12907 -0.0720537 -45113.7 128.308 
795018 0.0889866 0.013865 -45480.6 128.462 
795984 0.0464077 -0.014297 -44783.7 128.616 
796950 0.0468308 0.00418802 -43957.1 128.779 
797916 0.0396965 0.00125591 -45665.3 128.938 
798882 0.0516411 0.0436411 -45829.7 129.093 
799848 0.0475052 -0.031175 -46453.8 129.249 
800814 0.0607899 -0.052217 -45871.6 129.407 
801780 0.0523045 -0.025934 -45521.7 129.572 
802746 0.0673598 0.00526489 -46606.9 129.728 
803712 0.0642998 -0.00729801 -45298.1 129.883 
804678 0.0639706 0.0308056 -44668.6 130.042 
805644 0.0702217 -0.0488068 -45947.7 130.198 
806610 0.0416707 0.0261798 -44255 130.363 
807576 0.0179953 -0.0105734 -44740.8 130.521 
808542 0.0508012 -0.0387563 -45703.1 130.681 
809508 0.0273795 -0.00950523 -44245.9 130.844 
810474 0.0278024 0.0186882 -44481.7 130.999 
811440 0.0715668 0.0681448 -43874.1 131.162 
812406 0.0398605 0.0380485 -44175 131.327 
813372 0.0511542 0.0506766 -43924.1 131.488 
814338 0.0668797 0.0357881 -44099 131.643 
815304 0.0623872 0.0456151 -44249.8 131.797 
816270 0.0906334 0.0506193 -43693.9 131.951 
817236 0.0425585 0.0249526 -42590.2 132.106 
818202 0.021408 -0.00219611 -44053.7 132.26 
819168 0.0279667 -0.02198 -43622.5 132.416 
820134 0.033321 0.009133 -43376.6 132.57 
821100 0.0662252 -0.058454 -43900.1 132.725 
822066 0.0521299 -0.0354623 -45841.3 132.879 
823032 0.0438223 0.0279595 -45674.1 133.036 
823998 0.0519054 -0.0200712 -44734.4 133.19 
824964 0.0099072 -0.00454496 -44740.3 133.346 
825930 0.0193727 0.00258511 -44200.5 133.501 
826896 0.0429581 -0.0354636 -43912.1 133.656 
827862 0.0231399 -0.00284407 -43580.1 133.809 
828828 0.0392306 -0.00329285 -44797.8 133.969 
829794 0.0371117 -0.0119758 -45667.3 134.123 
830760 0.0440962 0.0242671 -44217.1 134.276 
831726 0.0608362 0.0384332 -43788.1 134.43 
832692 0.0881024 0.0493541 -43705.6 134.582 
833658 0.0578489 0.0477869 -43533.5 134.736 
834624 0.0607619 -0.0094733 -41932.1 134.889 
835590 0.0550889 -0.00625321 -42398.4 135.042 
836556 0.0754876 0.0368563 -43783.8 135.197 
837522 0.0636307 -0.0317051 -43746.9 135.352 
838488 0.0416159 -0.0266038 -44057.1 135.508 
839454 0.063608 -0.0344514 -45076.8 135.663 
840420 0.0610642 0.0255183 -44176.2 135.817 
841386 0.0441145 0.0206596 -45314.7 135.972 
842352 0.072276 -0.0600938 -45266.2 136.128 
843318 0.0447942 -0.0442298 -44246.2 136.285 
844284 0.0438755 -0.024202 -45177.1 136.44 
845250 0.0718458 -0.0487308 -45222.2 136.595 
846216 0.0992633 0.0097151 -46472.1 136.751 
847182 0.0924465 0.0303123 -45721.9 136.906 
848148 0.0560275 0.0176616 -44092.1 137.06 
849114 0.084592 -0.0320906 -45037.7 137.215 
850080 0.0464508 -0.0298592 -43363.6 137.37 
851046 0.0514819 -0.0460831 -45131 137.526 
852012 0.0153998 -0.00998335 -44874.3 137.68 
852978 0.055974 0.00574429 -45161.8 137.841 
853944 0.0799943 -0.0556473 -44890.4 137.995 
854910 0.0298776 0.00537275 -45532.9 138.15 
855876 0.0525323 -0.0334601 -44750.4 138.305 
856842 0.0376203 -0.000120976 -46155.6 138.46 
857808 0.0383273 5.76593e-05 -45599.2 138.615 
858774 0.0362726 -0.0246608 -46186.8 138.77 
859740 0.0531673 0.0368361 -45820.4 138.924 
860706 0.0668317 -0.0184179 -45254.9 139.08 
861672 0.0414239 -0.014255 -45338.9 139.235 
862638 0.0581272 -0.0485594 -46531 139.388 
863604 0.0514668 -0.0464285 -45456.4 139.542 
864570 0.0548457 -0.0546486 -45022.9 139.7 
865536 0.0383097 0.00681354 -45681.6 139.864 
866502 0.0478046 0.0405141 -45411.4 140.017 
867468 0.0116665 -0.000948347 -45698.9 140.171 
868434 0.0485922 -0.00900013 -45311 140.324 
869400 0.080145 -0.0623341 -44968.8 140.476 
870366 0.0583614 -0.0469708 -44427.7 140.629 
871332 0.0521547 -0.0427307 -45195.4 140.782 
872298 0.0483659 0.0189286 -45220.2 140.937 
873264 0.0727006 0.02746 -46863 141.091 
874230 0.063517 0.0432778 -46993 141.246 
875196 0.06185 0.045118 -46168.8 141.401 
876162 0.0267017 0.00596108 -45827.6 141.557 
877128 0.0355366 0.00339141 -44533.4 141.711 
878094 0.0156109 0.0115148 -45214 141.864 
879060 0.0555827 0.00403201 -45438.8 142.02 
880026 0.00734858 -0.00550381 -45802 142.175 
880992 0.036012 0.0330106 -45408.3 142.328 
881958 0.0299557 -0.0151617 -44739.4 142.481 
882924 0.01269 0.00734394 -44647.5 142.634 
883890 0.0329745 -0.0156877 -45108.4 142.789 
884856 0.0404075 -0.0155211 -44873.8 142.944 
885822 0.0151838 -0.00490091 -44129 143.102 
886788 0.0378613 -0.00240401 -43788.2 143.264 
887754 0.0413 -0.0395669 -44787.5 143.417 
888720 0.0450729 -0.0115903 -45999.3 143.571 
889686 0.0572 0.0283286 -43794 143.726 
890652 0.0712719 0.0494723 -44734.9 143.878 
891618 0.0610735 -0.0159582 -44738 144.031 
892584 0.0532445 -0.0131789 -43329.5 144.187 
893550 0.0243378 0.0232208 -43622.8 144.341 
894516 0.0408683 0.00496208 -43451.3 144.496 
895482 0.070693 0.0367609 -45499.5 144.649 
896448 0.0788494 0.0225646 -44844.9 144.808 
897414 0.104599 0.0611219 -44570.4 144.974 
898380 0.0925349 0.0443199 -44494 145.132 
899346 0.0523858 -0.0217987 -44393 145.286 
900312 0.0980165 0.0865495 -43580.8 145.442 
901278 0.070652 0.0148163 -44171.2 145.598 
902244 0.0632428 -0.0550072 -44107.4 145.755 
903210 0.096309 -0.0697224 -43481.6 145.911 
904176 0.0451532 -0.0292739 -43771.1 146.065 
905142 0.0422329 -0.000914872 -44670.9 146.22 
906108 0.0685473 -0.0171012 -45467.3 146.379 
907074 0.0325093 0.0311366 -45437.8 146.534 
908040 0.0700619 -0.00475013 -44532.2 146.69 
909006 0.035112 -0.0312861 -44708.7 146.844 
909972 0.0459205 -0.034005 -44388.9 146.999 
910938 0.0397172 0.0264222 -44831.7 147.152 
911904 0.0314843 0.0160724 -46159.4 147.305 
912870 0.116842 -0.0716956 -45232 147.46 
913836 0.0670495 0.0406601 -45612.3 147.614 
914802 0.0332136 -0.0125604 -44299.2 147.769 
915768 0.0212884 0.0179076 -45484.1 147.923 
916734 0.0587063 -0.0210916 -45169.2 148.079 
917700 0.0314782 -0.0189564 -44427.5 148.232 
918666 0.0435866 0.0354869 -43842.4 148.388 
919632 0.0683232 0.0306012 -44730.7 148.542 
920598 0.0342519 0.0276187 -45767.9 148.698 
921564 0.0732092 0.0118288 -46713.9 148.852 
922530 0.0465587 -0.0345316 -46572.6 149.006 
923496 0.0218279 0.00128924 -45642.3 149.158 
924462 0.0659751 -0.0166278 -44635 149.313 
925428 0.0545075 -0.0388929 -45168.9 149.468 
926394 0.0686936 -0.0627161 -45717.9 149.626 
927360 0.00906071 0.000827896 -45451.5 149.781 
928326 0.0658984 0.0657138 -45706.9 149.941 
929292 0.0215148 -0.0199222 -45098.4 150.104 
930258 0.00892157 0.00793452 -43661.3 150.259 
931224 0.0396158 0.0354094 -44675.8 150.414 
932190 0.0629276 0.0301101 -46013.3 150.577 
933156 0.0761437 0.0437458 -44934.8 150.737 
934122 0.0819261 -0.0457003 -44673.1 150.892 
935088 0.106602 0.0206387 -46508.9 151.045 
936054 0.0974473 0.00423465 -45957.2 151.2 
937020 0.047683 -0.014276 -44950 151.356 
937986 0.0707536 0.0465469 -46319.6 151.509 
938952 0.0907371 0.00111751 -44334.2 151.664 
939918 0.0369166 0.0111907 -43553.5 151.821 
940884 0.0304551 0.0125004 -44475.8 151.977 
941850 0.0583219 0.0163516 -45545.8 152.13 
942816 0.0622868 -0.0527632 -45334.8 152.284 
943782 0.0503383 0.0428234 -44905.2 152.439 
944748 0.113854 -0.11295 -44572.4 152.595 
945714 0.0578319 -0.0368034 -44610.3 152.75 
946680 0.0479428 -0.019734 -45866.9 152.905 
947646 0.0302986 0.0255992 -43825.5 153.06 
948612 0.0495328 0.00218095 -45189.6 153.215 
949578 0.063143 0.00984789 -45295.7 153.372 
950544 0.0488359 0.0259848 -43995.9 153.529 
951510 0.0479638 -0.0222342 -44034.9 153.683 
952476 0.0576177 -0.00848576 -42735.5 153.838 
953442 0.0378518 0.00527117 -43590 153.992 
954408 0.0961015 0.00829289 -43612 154.145 
955374 0.0241125 -0.0182191 -44477.6 154.298 
956340 0.0884149 -0.0615292 -45279.3 154.453 
957306 0.0542297 -0.036703 -44726 154.609 
958272 0.0234693 -0.0221411 -44181.6 154.764 
959238 0.0442071 0.00375387 -45221.3 154.918 
960204 0.0421997 -0.0380698 -44101.2 155.074 
961170 0.077299 -0.0204455 -45743.1 155.228 
962136 0.0792301 -0.00588309 -45084.3 155.383 
963102 0.0436063 0.00146268 -45384.5 155.539 
964068 0.0218415 -0.0075941 -45717.1 155.693 
965034 0.0581629 0.0117665 -44356.7 155.847 
966000 0.0713046 -0.0373477 -44351.1 156.002 
