0 0.0209547 0.0110335 -32946.1 0 
966 0.0374504 -0.0342232 -37166.7 0.175457 
1932 0.0858247 -0.0824237 -40597.7 0.355953 
2898 0.0836781 -0.0830504 -40973.9 0.531343 
3864 0.0260533 -0.0172366 -42390.8 0.705731 
4830 0.0397526 0.00208676 -42217.7 0.876834 
5796 0.0544097 -0.00986755 -42581.8 1.05304 
6762 0.0420369 -0.0314692 -43219.3 1.22852 
7728 0.0531473 -0.0338132 -42733.6 1.404 
8694 0.0503682 -0.0449196 -42766.9 1.57715 
9660 0.054181 -0.0488817 -42756.8 1.75321 
10626 0.0390903 -0.0240205 -42988.8 1.93032 
11592 0.0552113 0.0119989 -43076.7 2.1046 
12558 0.0537887 -0.019957 -43793.4 2.27641 
13524 0.071336 0.0195178 -44227 2.44789 
14490 0.0405215 -0.0274716 -44407.1 2.62218 
15456 0.0378248 0.0155084 -44421.5 2.79908 
16422 0.0220801 0.00275354 -45286.2 2.97076 
17388 0.0781425 -0.0185224 -45340 3.14231 
18354 0.0660407 -0.00568358 -46667.1 3.31813 
19320 0.0311363 0.0240437 -45886.6 3.49611 
20286 0.0497033 -0.0379361 -45003.1 3.66916 
21252 0.0630821 -0.000200184 -45032.7 3.8463 
22218 0.0880006 -0.0800576 -44683 4.02198 
23184 0.0204304 -0.0010849 -44942.5 4.19547 
24150 0.0509572 0.0382108 -43787.9 4.37111 
25116 0.0435803 -0.00384695 -43387.7 4.54376 
26082 0.0391501 0.00393544 -43383.8 4.7165 
27048 0.0379845 0.0239123 -43972.6 4.88618 
28014 0.0288517 -0.00139518 -45000 5.05823 
28980 0.0287062 -0.0186602 -44383.2 5.22913 
29946 0.0748736 0.0261638 -43807.4 5.40722 
30912 0.0193507 0.00584273 -44615.3 5.58474 
31878 0.0738918 0.0615323 -45165.8 5.75749 
32844 0.0773348 0.0454621 -44401 5.93376 
33810 0.0788728 0.0492807 -45664.9 6.10673 
34776 0.0391166 -0.0350811 -45578.8 6.28219 
35742 0.042129 0.0321284 -43771.2 6.45715 
36708 0.0186461 -0.0126496 -44562.8 6.62885 
37674 0.0265617 -0.0148813 -43590.3 6.80448 
38640 0.0676762 -0.0279041 -45105.1 6.97727 
39606 0.0417015 0.0195478 -45766.3 7.15393 
40572 0.0658743 -0.0401209 -45753.5 7.32862 
41538 0.0322035 0.00540664 -45444.8 7.5032 
42504 0.0240211 0.000261691 -44933.8 7.67514 
43470 0.0598916 -0.0233101 -45287.9 7.84866 
44436 0.0636076 -0.0389755 -44465.4 8.02421 
45402 0.0807293 -0.0771463 -44535.5 8.19741 
46368 0.0896475 0.0599014 -44091.8 8.36744 
47334 0.0573094 0.00208675 -45257.4 8.54456 
48300 0.0335445 0.0159734 -45001 8.71455 
49266 0.0291339 -0.00357714 -44547.6 8.88885 
50232 0.0427221 -0.0427082 -45304.9 9.06346 
51198 0.0718352 0.0182178 -43514.9 9.23772 
52164 0.0819676 0.0472438 -44441.8 9.41084 
53130 0.0748233 0.0685662 -43628.9 9.58294 
54096 0.0177094 0.0128672 -43699.8 9.75525 
55062 0.0496817 0.00908509 -45126.4 9.92902 
56028 0.08014 -0.0243231 -45314.4 10.1048 
56994 0.0465417 0.0140116 -43632.8 10.2762 
57960 0.0272789 -0.00426666 -44179.2 10.4529 
58926 0.0462987 0.016721 -45111.6 10.6323 
59892 0.036909 0.0289244 -44605.1 10.8055 
60858 0.0345496 0.0224578 -44137.8 10.9779 
61824 0.0652497 0.0624118 -44284.2 11.1543 
62790 0.0257649 -0.010618 -45829 11.3338 
63756 0.0529871 0.037254 -45464.2 11.5113 
64722 0.0520516 0.0212167 -44604.4 11.6887 
65688 0.0354952 0.00212707 -45458.5 11.868 
66654 0.0474214 -0.0417173 -45905.8 12.0459 
67620 0.0735869 0.0236342 -45352.4 12.2244 
68586 0.0373015 -0.0189213 -44424.6 12.4043 
69552 0.0269025 -0.000544059 -44074.2 12.5826 
70518 0.0373798 -0.0290591 -42779.8 12.762 
71484 0.0106582 -0.00632439 -42401.8 12.9409 
72450 0.0291531 0.0123079 -43183.1 13.1194 
73416 0.0271013 -0.0165152 -42500.7 13.2972 
74382 0.0592285 0.0171447 -43443.2 13.4754 
75348 0.0562449 0.016806 -44735.5 13.654 
76314 0.0708522 -0.0524429 -44611.9 13.8322 
77280 0.0276044 -0.023374 -44109.1 14.0111 
78246 0.0640258 -0.0150477 -44589.2 14.1913 
79212 0.0849139 -0.0350998 -45897.7 14.3704 
80178 0.0726874 -0.0592673 -45580.6 14.5495 
81144 0.0676779 -0.052368 -45927.8 14.7281 
82110 0.0533385 -0.0270633 -46041.1 14.9076 
83076 0.0540286 -0.0309487 -44093.2 15.0866 
84042 0.0269788 0.00143447 -44368.9 15.2656 
85008 0.0284765 -0.027951 -44988.7 15.4442 
85974 0.0614484 0.00256931 -44009.5 15.6222 
86940 0.0720011 0.0557949 -44083.1 15.8007 
87906 0.0392916 0.0341609 -43721.5 15.9797 
88872 0.0606619 -0.0117946 -43547 16.1571 
89838 0.0640897 0.0273889 -43738.6 16.3344 
90804 0.0327331 0.0106085 -43916.1 16.5136 
91770 0.0412868 0.026245 -43418.6 16.6918 
92736 0.0412136 -0.0187041 -44905.6 16.8702 
93702 0.043336 0.0239921 -43546.5 17.0486 
94668 0.0592843 0.0450116 -44519.9 17.2274 
95634 0.0902794 -0.0155805 -43861.3 17.4063 
96600 0.082103 -0.0166361 -43868.1 17.5859 
97566 0.0549271 -0.00258353 -44611.5 17.765 
98532 0.0552211 0.0164001 -44522.6 17.942 
99498 0.0475413 0.0226428 -44163.2 18.1192 
100464 0.0927046 0.04771 -44491.6 18.2991 
101430 0.0842051 0.0359598 -45140.8 18.4775 
102396 0.040207 0.000569718 -45506.3 18.6573 
103362 0.0208571 0.0164169 -45142.7 18.8362 
104328 0.0365381 0.00829167 -44154.2 19.0137 
105294 0.0395249 -0.0311797 -44928.7 19.1904 
106260 0.0723903 -0.0208496 -43613.5 19.3679 
107226 0.0624288 0.00305399 -44336.3 19.5465 
108192 0.0649756 -0.0204425 -45299.4 19.724 
109158 0.0192234 -0.0177138 -45716.4 19.9031 
110124 0.0721175 -0.0283283 -45670.8 20.0816 
111090 0.0431036 -0.0291317 -46736.3 20.26 
112056 0.0553299 -0.047632 -45783.9 20.4386 
113022 0.0252727 -0.0113954 -44802.4 20.6181 
113988 0.0560747 0.0266275 -44945.4 20.7962 
114954 0.0487326 -0.0422175 -44581 20.9725 
115920 0.0264386 0.0257622 -45141.5 21.1501 
116886 0.0550726 0.011215 -44156.9 21.3287 
117852 0.0410793 0.0086568 -43406.4 21.5079 
118818 0.0393871 0.0326066 -43549.2 21.6854 
119784 0.044629 -0.0434716 -44762.4 21.8643 
120750 0.017924 -0.00223466 -43610 22.0424 
121716 0.0302005 0.0206591 -43576.2 22.2211 
122682 0.0187537 0.0121934 -43755 22.3993 
123648 0.0289581 -0.00467519 -43573.9 22.5772 
124614 0.014292 0.00270028 -43442 22.7541 
125580 0.0561632 0.0330925 -43828.6 22.9319 
126546 0.0628102 0.00789308 -43556.8 23.1061 
127512 0.0379411 -0.0133598 -44431.3 23.2826 
128478 0.0734619 0.0696675 -43051.4 23.4597 
129444 0.028238 -0.0230821 -43389.6 23.6365 
130410 0.048185 0.0406248 -44912.2 23.8132 
131376 0.0561455 0.0489252 -45510.9 23.9904 
132342 0.0695626 0.0583485 -45458.7 24.1673 
133308 0.0821402 0.0519081 -44326.9 24.3448 
134274 0.044954 -0.015521 -44376 24.5227 
135240 0.062442 0.0123648 -44461 24.7008 
136206 0.0525228 0.00268983 -44614.5 24.8778 
137172 0.0954684 0.0564574 -45307.5 25.0552 
138138 0.075769 0.0412435 -45417.9 25.2295 
139104 0.0678189 0.0248823 -44044.4 25.409 
140070 0.0413879 0.0101973 -43707.1 25.5861 
141036 0.0313464 0.00854606 -43730.7 25.761 
142002 0.0303803 0.0233095 -42826.7 25.9388 
142968 0.05284 0.00971397 -42913.2 26.1156 
143934 0.0320596 0.0104824 -43496.5 26.2927 
144900 0.0106766 0.00253393 -45701.5 26.4709 
145866 0.0428798 -0.00645937 -43512.4 26.6452 
146832 0.0604947 -0.019089 -44271.3 26.8195 
147798 0.0697419 -0.0236766 -44781.6 26.9958 
148764 0.0346789 -0.0255675 -43962.5 27.1743 
149730 0.0709548 -0.0107177 -42683.6 27.3441 
150696 0.072183 -0.0354887 -43016.2 27.5233 
151662 0.0629196 -0.0544788 -42312.5 27.7021 
152628 0.056532 -0.0517176 -43104.9 27.8766 
153594 0.0351725 -0.00309385 -44378.7 28.0559 
154560 0.0387521 -0.0235269 -43546.2 28.2333 
155526 0.0492088 -0.0090081 -44038.9 28.4093 
156492 0.0297505 0.00624912 -43590.2 28.586 
157458 0.0481784 -0.0463526 -45602.9 28.7618 
158424 0.0699944 0.0563689 -45178.5 28.9398 
159390 0.0218218 0.000650746 -44895.7 29.1172 
160356 0.0312265 0.0066386 -44067.2 29.293 
161322 0.0443852 0.0289907 -43783.4 29.4703 
162288 0.0696005 -0.0280324 -45684 29.6449 
163254 0.0377615 0.0249246 -43901.2 29.8227 
164220 0.0348558 0.00672526 -42935.3 30.0008 
165186 0.0550714 -0.0252463 -43388.5 30.1773 
166152 0.0771766 -0.049399 -44306.1 30.3545 
167118 0.0205378 0.0110061 -43723.4 30.5289 
168084 0.0506298 0.0457066 -44365.9 30.7057 
169050 0.0391171 -0.00220842 -44676.8 30.8812 
170016 0.0459498 -0.0191893 -45165.5 31.0588 
170982 0.062805 -0.0107445 -45186.8 31.2355 
171948 0.034459 0.00525767 -45802.6 31.4142 
172914 0.0727494 -0.0182139 -45032.8 31.5927 
173880 0.025978 -0.0100325 -45068.2 31.769 
174846 0.0381216 0.00227591 -45135.1 31.9468 
175812 0.0360298 0.0208879 -45500.2 32.1245 
176778 0.027994 -0.00176279 -45045.5 32.302 
177744 0.0127486 -0.00486828 -44367.1 32.4801 
178710 0.0415136 0.0285023 -44544.5 32.6588 
179676 0.0541051 -0.0283815 -45001.8 32.8372 
180642 0.0810292 -0.0357452 -45044.9 33.0131 
181608 0.0256175 -0.0144831 -44096.7 33.191 
182574 0.0587203 0.0337427 -44860.4 33.3692 
183540 0.0374518 0.0280783 -44538.2 33.5464 
184506 0.0911551 -0.0514899 -44188.7 33.7245 
185472 0.0154397 0.00755775 -44550.4 33.9009 
186438 0.0413881 0.0295135 -43974.3 34.077 
187404 0.0484297 0.0151676 -44539.3 34.2556 
188370 0.0240123 -0.00511366 -43806 34.4325 
189336 0.0271211 0.0124451 -43509.9 34.6067 
190302 0.0494694 0.0136059 -43552.3 34.7851 
191268 0.0551519 0.0308641 -45307.4 34.9629 
192234 0.0555566 0.0358262 -44956 35.1393 
193200 0.0301418 -0.0200085 -45877 35.3149 
194166 0.047077 -0.038308 -44905.5 35.4917 
195132 0.0538604 0.0155528 -45559.5 35.6704 
196098 0.0665164 0.0192395 -43924.8 35.8453 
197064 0.0683719 0.0154122 -44482.3 36.0241 
198030 0.0433598 0.0269445 -44563.1 36.1999 
198996 0.117722 -0.0438222 -45380.3 36.3782 
199962 0.0563198 -0.0161521 -44669.1 36.557 
200928 0.0714329 0.00789906 -45365.3 36.7349 
201894 0.0380312 0.00158707 -45899.1 36.9102 
202860 0.0312204 0.0208196 -45695.6 37.0877 
203826 0.05893 0.0201293 -45608.1 37.2668 
204792 0.0410284 0.0099499 -46384.8 37.4444 
205758 0.0679547 0.033562 -44586.5 37.62 
206724 0.0767093 0.016703 -44483 37.7909 
207690 0.0705021 -0.0263287 -45028.5 37.9692 
208656 0.0785136 -0.031294 -46268.5 38.1472 
209622 0.0510743 0.0135337 -46555.9 38.3249 
210588 0.0902661 0.0651293 -46346.3 38.5015 
211554 0.0370651 0.0349835 -47180.2 38.6792 
212520 0.0761647 0.0532842 -46245.5 38.854 
213486 0.0917269 0.0796528 -46011 39.0288 
214452 0.0432233 0.0419968 -45215.4 39.2072 
215418 0.0610967 0.0127796 -46299.5 39.3828 
216384 0.0917291 0.00366145 -46298.6 39.5621 
217350 0.0685822 -0.0240454 -46763.6 39.7399 
218316 0.0924166 -0.0641139 -47135.6 39.9163 
219282 0.0524602 -0.0272723 -46236.5 40.0945 
220248 0.0513327 -0.0137208 -46204.7 40.2719 
221214 0.051569 -0.00308582 -46311.5 40.4511 
222180 0.0589932 0.0376465 -46788.8 40.6285 
223146 0.0556208 -0.0289247 -45540.4 40.8065 
224112 0.0637022 -0.050708 -45778.4 40.9847 
225078 0.052303 -0.0405052 -45678.2 41.1611 
226044 0.0643535 -0.052355 -44848.5 41.3387 
227010 0.0687716 0.0293732 -44784.4 41.5162 
227976 0.0679398 0.0336443 -43879.4 41.6918 
228942 0.05259 -0.0144227 -44005.8 41.8705 
229908 0.0104011 -0.000678763 -44348.5 42.0494 
230874 0.0357168 -0.00112336 -46121.5 42.2285 
231840 0.0377047 0.0123203 -45987.5 42.4033 
232806 0.0218421 -0.0104858 -46312.9 42.5809 
233772 0.0408964 -0.00888897 -45583.8 42.7542 
234738 0.0876279 -0.0813229 -46303.8 42.9322 
235704 0.0659693 -0.058209 -45997.9 43.1062 
236670 0.0709963 0.0576979 -45563 43.2834 
237636 0.0403025 0.0206382 -44299.3 43.4597 
238602 0.0266008 0.0256461 -44351.7 43.6393 
239568 0.0527504 -0.0126681 -44076.5 43.8163 
240534 0.0414599 0.0213049 -44877.3 43.9924 
241500 0.0523731 0.00478544 -45148.1 44.1701 
242466 0.0648709 0.00166941 -46206.6 44.3471 
243432 0.0152792 0.00796507 -45072.8 44.5265 
244398 0.0532672 0.00629497 -45340.1 44.7045 
245364 0.0718837 0.0682638 -45237.3 44.8836 
246330 0.0317749 0.0171868 -44904.7 45.0621 
247296 0.0412486 -0.022912 -45967.1 45.2403 
248262 0.0270662 -0.0154531 -46280.3 45.4177 
249228 0.0769582 0.0245354 -46689.9 45.5933 
250194 0.0482952 -0.0337556 -45516.1 45.7713 
251160 0.0186216 0.0181934 -45759 45.947 
252126 0.0291786 0.0135831 -44952.7 46.1216 
253092 0.0856367 0.0414756 -45118.1 46.2965 
254058 0.0564828 0.0355658 -44642.4 46.4731 
255024 0.0143316 0.0115137 -44828.6 46.6503 
255990 0.0521211 0.0454282 -44948.7 46.8268 
256956 0.0364596 -0.0117567 -45563.7 47.0021 
257922 0.0390964 0.0163181 -46351.5 47.175 
258888 0.0524859 0.0469975 -47491.6 47.354 
259854 0.0463728 0.0226441 -45114.4 47.5266 
260820 0.044307 -0.0172915 -43940.4 47.7015 
261786 0.0716098 0.0325482 -45522.8 47.8794 
262752 0.0965407 0.0600043 -45520.4 48.0562 
263718 0.0695685 0.0106857 -45743.6 48.2346 
264684 0.091994 0.050852 -45645.8 48.4126 
265650 0.0511018 0.0277233 -42400.8 48.5895 
266616 0.0569117 0.0276901 -43402 48.766 
267582 0.0648378 0.046925 -44129.9 48.9441 
268548 0.0412761 0.00542587 -44776.2 49.1219 
269514 0.0528643 -0.0386572 -44119.7 49.2964 
270480 0.0319771 -0.011411 -44496.4 49.4714 
271446 0.0169707 -0.00954249 -43499.6 49.6465 
272412 0.0611591 0.053361 -44530.6 49.8217 
273378 0.0541233 0.0525527 -43759.7 49.9968 
274344 0.0256744 0.00783843 -44839.5 50.177 
275310 0.0372487 -0.0263566 -44579.7 50.3511 
276276 0.0635887 -0.0630894 -45087.2 50.5286 
277242 0.0131947 -0.0115461 -44585.2 50.7077 
278208 0.0464733 0.00570451 -44458.3 50.884 
279174 0.0248654 0.0196734 -44544.2 51.0601 
280140 0.0500617 -0.0432311 -43752.8 51.2377 
281106 0.0158966 0.015554 -44713.7 51.4132 
282072 0.0468036 0.0248639 -44251.9 51.5913 
283038 0.0538792 -0.0343039 -44417.4 51.768 
284004 0.0834057 0.033004 -45399.8 51.9443 
284970 0.0788479 0.0186398 -45850.3 52.1232 
285936 0.0492353 -0.000535605 -45809.3 52.2977 
286902 0.0926789 -0.00139152 -45035 52.4742 
287868 0.0773994 0.0252537 -44491.1 52.6519 
288834 0.0871723 0.0379555 -43825.6 52.83 
289800 0.0542247 -0.0054769 -43527.1 53.007 
290766 0.0193906 0.00672607 -43905.8 53.1865 
291732 0.0665113 0.0090816 -43220.3 53.3602 
292698 0.024926 0.00832982 -44000.1 53.5343 
293664 0.0613102 -0.0413702 -43872.3 53.7114 
294630 0.0493981 -0.0314596 -42879.9 53.888 
295596 0.0232058 0.000641213 -43344.2 54.0659 
296562 0.0504431 -0.0161556 -44999.3 54.2447 
297528 0.0432281 -0.0320556 -45964.3 54.4237 
298494 0.0597381 -0.048348 -47210.4 54.602 
299460 0.0371764 -0.0308434 -46274 54.7744 
300426 0.0796471 -0.0461718 -45323.9 54.9497 
301392 0.0750934 -0.0369105 -44462 55.1281 
302358 0.0721858 -0.0264436 -45008.6 55.3042 
303324 0.077549 -0.0378069 -45011.8 55.4805 
304290 0.0592771 0.00689507 -44717.6 55.6548 
305256 0.0226689 0.0117846 -45214.9 55.8318 
306222 0.0459772 -0.0313417 -44406.9 56.0105 
307188 0.0655264 -0.0604082 -44581.1 56.1881 
308154 0.0481096 -0.0424945 -44576.1 56.3676 
309120 0.0679261 -0.0677889 -43534.1 56.5433 
310086 0.0229892 0.0193375 -44362.7 56.7177 
311052 0.0332908 0.00345145 -44389.5 56.8952 
312018 0.0489209 -0.0374311 -44154.3 57.0698 
312984 0.0231793 -0.0119292 -43572.9 57.2476 
313950 0.0646828 -0.0156172 -45223.2 57.4198 
314916 0.0777342 -0.00577832 -45856.4 57.5937 
315882 0.0457228 0.0336227 -45207.4 57.7709 
316848 0.0309647 0.0216084 -46156.6 57.9481 
317814 0.0374859 -0.0312185 -46048.4 58.123 
318780 0.0723033 -0.0313733 -45682.6 58.3019 
319746 0.0536443 -0.00479308 -45910.7 58.4787 
320712 0.0567278 -0.0064385 -46648.2 58.6528 
321678 0.0513269 0.00764375 -45626.9 58.8284 
322644 0.0391556 0.00519999 -45736.8 59.0069 
323610 0.0475541 -0.0346977 -45137.5 59.1844 
324576 0.0569098 -0.0427402 -45257.2 59.3615 
325542 0.0709063 -0.0591449 -45129.2 59.5393 
326508 0.0352151 -0.0308369 -44700.8 59.7166 
327474 0.0619929 -0.0536987 -44182.3 59.8932 
328440 0.0811018 -0.0543943 -45232.8 60.0717 
329406 0.0608459 -0.021811 -45045.9 60.2487 
330372 0.0306371 -0.0206663 -44069.1 60.4274 
331338 0.0333579 -0.00256669 -43340.6 60.6018 
332304 0.0377295 0.025516 -43776.7 60.7792 
333270 0.0451864 0.00230345 -43755.1 60.9569 
334236 0.0319941 0.0107157 -44167.4 61.1366 
335202 0.0745786 0.00727596 -45142 61.3137 
336168 0.0657064 0.00505572 -45114.2 61.4938 
337134 0.0711584 -0.0128794 -45424.2 61.6697 
338100 0.0935131 -0.0529764 -45208 61.8441 
339066 0.0778649 -0.0143857 -44915.3 62.0209 
340032 0.0766064 -0.0251288 -44753.4 62.1993 
340998 0.108415 0.0615283 -43333.6 62.3763 
341964 0.0505192 0.0189539 -43601.6 62.555 
342930 0.00713872 -0.000317837 -44770.3 62.7348 
343896 0.0595741 -0.0392338 -44102.9 62.9097 
344862 0.0586422 -0.00983727 -46138.8 63.087 
345828 0.0700838 -0.0202969 -44533 63.2632 
346794 0.0738406 -0.0506644 -45435.9 63.4393 
347760 0.0209349 0.0196166 -45294.9 63.6165 
348726 0.0805515 0.0567947 -45090.7 63.7931 
349692 0.0440693 0.025198 -44814.4 63.9712 
350658 0.0410133 0.0244721 -44832 64.1443 
351624 0.0278081 0.0162864 -44290.2 64.3223 
352590 0.060485 0.030848 -44259.7 64.4982 
353556 0.083836 -0.0367279 -44582.6 64.6757 
354522 0.0678975 0.0379414 -44268.7 64.8505 
355488 0.0679396 0.0404234 -42875.4 65.029 
356454 0.0297809 0.0266732 -43896.3 65.2058 
357420 0.0231589 0.0138502 -45139.2 65.3838 
358386 0.0504174 0.0196726 -44816.8 65.5642 
359352 0.0412542 0.0232552 -43665.4 65.7408 
360318 0.0936097 0.055862 -44776 65.9195 
361284 0.0734184 0.0231674 -44250.6 66.097 
362250 0.0567639 0.0226866 -45449 66.2698 
363216 0.0567407 0.0428393 -46073.7 66.4454 
364182 0.0526822 0.0239469 -45894.5 66.6222 
365148 0.034569 0.00460519 -45615.2 66.8006 
366114 0.0304453 0.0155022 -44245.8 66.9754 
367080 0.026149 0.0102145 -45280.4 67.1553 
368046 0.0300594 0.00221825 -44872.6 67.3318 
369012 0.0392057 0.0358865 -44409.3 67.5071 
369978 0.0670319 0.00179736 -44208.2 67.6841 
370944 0.0513192 0.0110091 -44262 67.8615 
371910 0.0311047 -0.0136966 -45784.2 68.0393 
372876 0.0632105 -0.0367984 -46433.9 68.2138 
373842 0.0528233 0.00627241 -45981.4 68.3942 
374808 0.0439121 -0.03975 -45122.3 68.5739 
375774 0.0726914 0.0404462 -46250.3 68.7513 
376740 0.0907637 0.0813952 -45360.9 68.927 
377706 0.0454528 0.0321745 -45718 69.1067 
378672 0.0549554 -0.0221143 -46666.7 69.2835 
379638 0.0446762 -0.00886094 -47056 69.4613 
380604 0.055216 -0.00345293 -46809.3 69.6379 
381570 0.0617477 -0.0489666 -47478.7 69.8131 
382536 0.0336466 -0.0159276 -46350.1 69.9928 
383502 0.0408268 -0.0073923 -46401.8 70.166 
384468 0.0513233 -0.0145276 -45840.2 70.3443 
385434 0.043831 0.0202095 -45065.8 70.5235 
386400 0.0784226 -0.0703959 -45879.1 70.6968 
387366 0.0672662 -0.050397 -45128 70.8706 
388332 0.0481772 -0.0239483 -45347.5 71.0495 
389298 0.0481228 -0.0136581 -45582.7 71.2285 
390264 0.0440521 0.0344114 -45303 71.403 
391230 0.0388571 0.00778257 -45176.6 71.5791 
392196 0.034896 0.0230644 -45205.2 71.7568 
393162 0.0422877 0.023795 -44450.9 71.9362 
394128 0.0561656 -0.0278528 -45236.8 72.1133 
395094 0.0367027 -0.0314304 -44567.2 72.293 
396060 0.0823561 -0.0458013 -44939.9 72.4661 
397026 0.0422812 -0.0233409 -45072.1 72.6452 
397992 0.0585103 -0.0531347 -44829.6 72.8247 
398958 0.0442541 0.00164529 -43823.9 73.0025 
399924 0.0776067 0.0597564 -44775.9 73.1799 
400890 0.0674265 -0.0544832 -45323.5 73.3548 
401856 0.0267014 0.0206304 -43843.7 73.5341 
402822 0.0182705 -0.00136308 -44103.9 73.7085 
403788 0.10839 -0.0169647 -45063.7 73.8865 
404754 0.0229447 -0.00513867 -45849.3 74.0647 
405720 0.0494387 -0.031407 -46256.6 74.242 
406686 0.0462894 0.0459608 -45505.3 74.4213 
407652 0.0597388 0.0193605 -45630.5 74.5998 
408618 0.071586 0.0227191 -45546.6 74.7803 
409584 0.0138116 0.0137419 -45137.5 74.9586 
410550 0.0266506 0.0248802 -44657.4 75.1384 
411516 0.0523052 0.0153202 -44625.8 75.3114 
412482 0.0341833 0.00129611 -44054.8 75.489 
413448 0.00399173 -0.00256726 -43972.8 75.6672 
414414 0.0497749 0.0397513 -44459 75.8446 
415380 0.0703317 0.069005 -45235.9 76.0237 
416346 0.0491601 0.0467676 -44759.5 76.2013 
417312 0.015815 -0.00185683 -45368.6 76.3799 
418278 0.0392213 0.0136441 -46168.2 76.5562 
419244 0.0662248 0.00203627 -45886.3 76.7296 
420210 0.0425554 0.0105529 -46198.1 76.9059 
421176 0.018975 0.0144288 -46513.3 77.0855 
422142 0.0418001 -0.0111628 -45471.2 77.2633 
423108 0.00995039 -0.00300037 -45413.4 77.443 
424074 0.0745679 -0.0626986 -45141.1 77.6214 
425040 0.0375383 0.0122696 -45350.9 77.796 
426006 0.0744595 0.0501655 -44441.9 77.9725 
426972 0.0891474 -0.0160317 -44964.2 78.1502 
427938 0.0497049 0.00272173 -44105 78.325 
428904 0.0870304 0.0748353 -43857.6 78.4959 
429870 0.0338021 -0.0214809 -44096 78.6741 
430836 0.0568979 0.033068 -44146 78.8466 
431802 0.069326 -0.00174103 -43845.7 79.0228 
432768 0.075787 -0.0347758 -44262 79.2029 
433734 0.10257 -0.0606402 -44365.7 79.3813 
434700 0.0616917 -0.00890928 -44004.2 79.5577 
435666 0.0850574 0.0562041 -44370.8 79.7354 
436632 0.0390359 0.0269789 -43722.5 79.9141 
437598 0.0457912 0.0235236 -43778 80.0934 
438564 0.0789118 0.066147 -44768.6 80.2724 
439530 0.0666764 -0.0309317 -44118.3 80.4475 
440496 0.0784682 -0.0369363 -44304.2 80.6265 
441462 0.0590876 0.0504904 -44973.8 80.8051 
442428 0.031107 0.0161482 -44873.8 80.984 
443394 0.0470267 0.0236716 -44878.6 81.163 
444360 0.0500987 0.0385092 -44848.3 81.342 
445326 0.0100177 0.00197137 -45653.1 81.5204 
446292 0.0425876 0.00651943 -45649.5 81.6992 
447258 0.0582549 -0.0316549 -45853.4 81.8751 
448224 0.0808368 0.0161577 -44425.5 82.054 
449190 0.0428911 0.0167289 -44721 82.2274 
450156 0.0475052 0.0362561 -44210 82.4053 
451122 0.0337951 0.0288431 -42752.4 82.58 
452088 0.0435746 0.0136788 -44410.7 82.7536 
453054 0.0258867 -0.000508402 -44523.9 82.9311 
454020 0.0189431 0.0113629 -43869.6 83.1109 
454986 0.0318418 0.0160762 -45039.1 83.2904 
455952 0.0998593 -0.0716797 -44986.4 83.4653 
456918 0.0999232 -0.0440098 -45522.3 83.6452 
457884 0.0680713 0.0191752 -45752.8 83.8212 
458850 0.0118728 -0.0106854 -44175.3 83.9989 
459816 0.0470122 -0.0106299 -43202 84.176 
460782 0.0580521 0.0313583 -44282 84.3548 
461748 0.038303 -0.031314 -45019.1 84.5314 
462714 0.0325333 -0.00403321 -44564.3 84.7105 
463680 0.0800699 0.01865 -45023.7 84.8877 
464646 0.0653556 0.0242414 -46014.1 85.0642 
465612 0.0359815 0.00259353 -45541.7 85.2433 
466578 0.0314919 -0.0288764 -43799.9 85.4196 
467544 0.0338058 -0.00409122 -44575.5 85.5947 
468510 0.031521 -0.00372056 -44605.6 85.7749 
469476 0.0267426 0.0204516 -45146.8 85.9497 
470442 0.0323309 -0.00487083 -44125.2 86.13 
471408 0.015074 -0.000954317 -44679.7 86.31 
472374 0.0332977 -0.0252009 -44196.2 86.4891 
473340 0.0143927 -0.0137892 -44383.6 86.6656 
474306 0.0914521 -0.0478494 -43820.4 86.8445 
475272 0.0985349 -0.0539872 -44624.3 87.0224 
476238 0.0878247 -0.0643589 -43778.7 87.2002 
477204 0.0758867 -0.0364635 -44187.6 87.373 
478170 0.0405019 0.0039994 -44004.2 87.5522 
479136 0.0574806 -0.0110331 -44617.2 87.7321 
480102 0.0889956 -0.0302223 -45435.6 87.9086 
481068 0.0474733 0.0239149 -45119.2 88.0844 
482034 0.0601946 -0.000505613 -46462.5 88.2631 
483000 0.0537896 0.0265268 -45171.6 88.4379 
483966 0.0326154 -0.0273199 -45387.5 88.6154 
484932 0.0806226 -0.0523686 -45517.8 88.7949 
485898 0.0410063 0.0214203 -44299 88.9738 
486864 0.0321225 0.000715797 -44664.3 89.1524 
487830 0.0430681 0.0146373 -44210.1 89.3282 
488796 0.0241736 0.0225842 -44554.5 89.5024 
489762 0.0437911 -0.0175759 -45361.7 89.6757 
490728 0.0271551 -0.0176757 -43892.5 89.8546 
491694 0.0282149 0.0143719 -44621.6 90.0335 
492660 0.0439249 0.0354752 -44885 90.2115 
493626 0.0253609 -0.00625069 -44696.2 90.3896 
494592 0.0464112 -0.0219791 -44924.1 90.5681 
495558 0.0266808 -0.0095718 -45755.5 90.7413 
496524 0.0122607 -0.00686451 -44479 90.919 
497490 0.0255349 0.0130928 -44836.6 91.097 
498456 0.0301644 -0.0225089 -44708.5 91.2764 
499422 0.0290988 0.0258472 -45441.7 91.4548 
500388 0.043656 -0.031497 -45353.7 91.6342 
501354 0.0350072 0.00630885 -45297.4 91.8092 
502320 0.0360773 -0.000294424 -46254.8 91.987 
503286 0.0837664 0.0225394 -46724.8 92.1651 
504252 0.0532084 -0.0245643 -44980.1 92.3413 
505218 0.0758251 -0.0590853 -45058.7 92.5214 
506184 0.0595886 -0.0202448 -44337.2 92.6977 
507150 0.0649681 -0.0072817 -44522.9 92.877 
508116 0.0299945 0.000788175 -44760.2 93.0533 
509082 0.0287768 0.00991896 -45918.2 93.2303 
510048 0.045385 0.0450216 -45469.3 93.4099 
511014 0.0208549 0.0133797 -45948.7 93.5833 
511980 0.0563986 -0.0207683 -46712.3 93.7633 
512946 0.0675302 -0.0515504 -46609.5 93.9431 
513912 0.0586981 0.0197184 -46491.5 94.1221 
514878 0.00833846 0.00652211 -45280.2 94.3017 
515844 0.023265 -0.0033259 -45256.8 94.4804 
516810 0.0168681 -0.0156048 -44992.4 94.6579 
517776 0.0230022 -0.0227421 -45345.7 94.8375 
518742 0.0245494 0.0159961 -44660.4 95.0166 
519708 0.0139032 0.00386721 -44145.9 95.1924 
520674 0.047501 0.031555 -43086.2 95.3724 
521640 0.0374041 0.0220219 -43360.5 95.5493 
522606 0.072359 0.0219323 -43506.3 95.7279 
523572 0.0521747 -0.0175056 -43484.7 95.906 
524538 0.0216469 -0.00598351 -43388.1 96.0843 
525504 0.0496436 -0.000578264 -43788 96.2628 
526470 0.127889 -0.0384665 -45309.8 96.4389 
527436 0.0648723 -0.00431362 -45361.5 96.617 
528402 0.0995545 -0.0500179 -44544.9 96.7942 
529368 0.0790344 -0.0315208 -46753.5 96.9728 
530334 0.0508764 0.0385113 -44959.3 97.15 
531300 0.0332773 0.000567583 -44587.5 97.3268 
532266 0.0398327 0.0261196 -44754.8 97.5039 
533232 0.0744542 0.0264059 -44055 97.6781 
534198 0.0586725 0.0247743 -44308.1 97.853 
535164 0.0743602 -0.00582381 -42997.9 98.0319 
536130 0.0490424 0.0358291 -44564.7 98.2115 
537096 0.0599253 0.0460112 -44382.9 98.3875 
538062 0.0962473 -0.0477121 -44456.9 98.5655 
539028 0.0594013 -0.00545288 -43872 98.7446 
539994 0.0737657 -0.0275915 -43571.9 98.9239 
540960 0.0637474 -0.0190373 -44025.6 99.1029 
541926 0.034336 -0.00663038 -43958 99.2811 
542892 0.0581198 0.0123082 -43667 99.4551 
543858 0.0239276 0.00694364 -44429.3 99.6335 
544824 0.0332419 0.0245268 -43611.4 99.8121 
545790 0.0299127 0.0103285 -44355 99.9903 
546756 0.042562 -0.0266057 -44737.3 100.166 
547722 0.0510719 -0.0123209 -45071.5 100.344 
548688 0.058414 -0.015842 -44361.1 100.52 
549654 0.0503007 -0.0322367 -44333.7 100.699 
550620 0.0433302 0.0418101 -45684.5 100.877 
551586 0.0554516 -0.0444542 -45888.7 101.056 
552552 0.0725108 0.0454762 -46462.4 101.236 
553518 0.0434569 0.0256218 -45516.5 101.416 
554484 0.0829504 0.072453 -45217.5 101.594 
555450 0.0980777 -0.0408773 -45284.9 101.774 
556416 0.0784113 0.00290383 -44910.2 101.953 
557382 0.0711247 -0.0248605 -45707.4 102.132 
558348 0.0919501 -0.00110331 -45793.8 102.309 
559314 0.0474893 -0.00401146 -45022.8 102.488 
560280 0.0672905 0.0364073 -46779.3 102.665 
561246 0.0472088 -0.0263403 -45900.6 102.845 
562212 0.0252608 -0.0106083 -45091.3 103.021 
563178 0.0158619 0.00174613 -44602.6 103.198 
564144 0.0275023 0.00122789 -44473.8 103.377 
565110 0.0330086 0.022678 -44216.8 103.555 
566076 0.0231993 0.0199422 -43778.4 103.728 
567042 0.0332338 0.0169084 -44997.7 103.905 
568008 0.00624314 -0.000775838 -46697 104.083 
568974 0.0500542 -0.0308798 -46573.5 104.262 
569940 0.0474842 -0.00380896 -46335 104.438 
570906 0.0336771 -0.0101694 -45643.4 104.615 
571872 0.0467924 -0.0378935 -46047.9 104.789 
572838 0.0757732 0.0227355 -45893.4 104.964 
573804 0.0300014 0.008362 -45338.9 105.143 
574770 0.0501803 0.0235165 -44754.8 105.322 
575736 0.0547286 0.0111801 -45396.4 105.502 
576702 0.0271741 0.0206935 -45246.1 105.681 
577668 0.0409451 -0.00170152 -44525.4 105.859 
578634 0.0212891 0.0134193 -45554 106.036 
579600 0.0526514 0.00125766 -45609.2 106.215 
580566 0.0341425 0.0289621 -46195.8 106.392 
581532 0.0695009 0.0136081 -45654.2 106.569 
582498 0.0959769 0.0739026 -45636.5 106.747 
583464 0.103959 0.0928143 -44289.6 106.925 
584430 0.0983732 0.093694 -44365 107.104 
585396 0.0701148 0.0555145 -44812.8 107.279 
586362 0.0694034 0.0551486 -43527.4 107.455 
587328 0.0397838 0.0316984 -45839.6 107.63 
588294 0.107668 0.0721742 -45633.2 107.805 
589260 0.0752503 0.0444296 -44884 107.984 
590226 0.023394 -0.0130869 -45194.1 108.16 
591192 0.044042 -0.0374014 -45169.3 108.339 
592158 0.0201929 -0.0182017 -45788.7 108.517 
593124 0.0375989 0.0252799 -45496.5 108.693 
594090 0.0465156 -0.0111718 -46020.1 108.869 
595056 0.0177613 0.00462321 -45421 109.046 
596022 0.0488461 0.0293064 -45584.2 109.221 
596988 0.0722453 0.0610903 -46095.3 109.396 
597954 0.0561866 0.0431877 -45684 109.571 
598920 0.0942284 0.0092174 -46064.8 109.748 
599886 0.0608238 -0.00312874 -45922.4 109.929 
600852 0.0749128 0.0421435 -45492.6 110.107 
601818 0.0628723 0.0505325 -44488.7 110.283 
602784 0.103084 -0.0582047 -45818.1 110.462 
603750 0.039858 -0.0175753 -42858.6 110.641 
604716 0.0304364 0.0204461 -44042.7 110.82 
605682 0.0223851 0.0150033 -44667.7 111 
606648 0.0228764 -0.0182863 -43853.2 111.176 
607614 0.0828656 -0.0410552 -44216.1 111.354 
608580 0.01059 0.00206407 -44594.1 111.532 
609546 0.0383125 0.0306831 -45830.4 111.712 
610512 0.043359 0.0378313 -44740.9 111.893 
611478 0.0241492 0.0198089 -45448.2 112.071 
612444 0.0544928 -0.0178074 -43518.2 112.247 
613410 0.0655809 0.0156892 -45571.8 112.427 
614376 0.0742359 -0.0305991 -45150.6 112.604 
615342 0.0929529 0.0421884 -43658.5 112.782 
616308 0.0893718 0.0289068 -43799.1 112.96 
617274 0.0686907 -0.0135345 -44079.5 113.137 
618240 0.0651524 0.00828786 -43532.6 113.317 
619206 0.116742 -0.0395097 -44366.9 113.494 
620172 0.0494686 -0.00124406 -45013.6 113.674 
621138 0.0666271 0.00236014 -44599.8 113.851 
622104 0.0962456 0.0105604 -44822 114.029 
623070 0.0376982 0.0157293 -45090.5 114.209 
624036 0.0365033 0.0256687 -44286.9 114.389 
625002 0.0395643 0.0344682 -44498.8 114.564 
625968 0.0725912 0.0627216 -45979.7 114.742 
626934 0.0602741 -0.0322816 -45467.4 114.92 
627900 0.0530574 0.00860037 -45543 115.098 
628866 0.028061 -0.0174445 -44534.4 115.276 
629832 0.0262478 -0.00687486 -45869.2 115.456 
630798 0.0964727 -0.0837208 -44838.8 115.636 
631764 0.0668169 -0.0187797 -44449 115.811 
632730 0.0181194 0.0161678 -43828.7 115.985 
633696 0.055706 -0.0395744 -43059.9 116.163 
634662 0.0559377 -0.0403828 -43513.4 116.339 
635628 0.0540881 -0.0462603 -42838.9 116.517 
636594 0.0190445 -0.0158249 -44354.5 116.692 
637560 0.0210279 -0.00907012 -44492.2 116.871 
638526 0.0814091 0.0259523 -44456.7 117.048 
639492 0.0280005 -0.0210605 -43972.7 117.226 
640458 0.0748244 -0.0310103 -44057.5 117.405 
641424 0.0604024 0.0366727 -43602.2 117.58 
642390 0.0523109 0.025296 -45156.6 117.759 
643356 0.0432028 0.0137518 -44736 117.938 
644322 0.032065 -0.0098095 -45001.6 118.117 
645288 0.0408057 -0.0199718 -43697.2 118.293 
646254 0.0259626 0.0249036 -44376.1 118.471 
647220 0.0158828 -0.00522134 -45029.6 118.648 
648186 0.0182084 -0.00514375 -45971.8 118.827 
649152 0.0789488 0.0111974 -45094.6 119 
650118 0.0389888 -0.0178644 -45910.8 119.178 
651084 0.0558285 -0.0485537 -45189 119.355 
652050 0.0497753 -0.0365958 -44692.1 119.531 
653016 0.0372525 -0.008857 -45419.9 119.709 
653982 0.0515057 0.000682525 -45082.5 119.888 
654948 0.0742367 0.0392097 -45074.9 120.063 
655914 0.0588826 -0.0300372 -46200.6 120.24 
656880 0.0497847 -0.024273 -45894.6 120.421 
657846 0.0575668 -0.0237359 -44269.8 120.599 
658812 0.0293805 0.0291592 -43683.4 120.777 
659778 0.0606237 0.0355797 -44126.5 120.957 
660744 0.0166807 0.00178852 -44137.4 121.135 
661710 0.0699192 0.0414467 -44039.9 121.314 
662676 0.0545327 0.0109941 -43775.9 121.487 
663642 0.0517223 0.0220039 -44041.1 121.665 
664608 0.0397074 -0.0112882 -44403.4 121.844 
665574 0.0499706 0.0436326 -43993.1 122.021 
666540 0.0780839 0.0666151 -44270.4 122.193 
667506 0.0147891 0.00945436 -44167.8 122.37 
668472 0.0607962 -0.034783 -44022.5 122.543 
669438 0.0709884 0.00408191 -44728 122.722 
670404 0.113173 -0.0319199 -44697.6 122.9 
671370 0.0744856 -0.0261847 -43874.6 123.08 
672336 0.0396514 -0.0273783 -43672.5 123.258 
673302 0.0220104 -0.000690683 -43109.5 123.437 
674268 0.0134319 -0.00591237 -43287.5 123.61 
675234 0.0569899 0.0493607 -42856.4 123.786 
676200 0.0319311 0.0162386 -42388.6 123.965 
677166 0.0455607 0.0354694 -43374.7 124.143 
678132 0.0339966 -0.0249214 -43648.4 124.318 
679098 0.0243597 -0.0204711 -43892.9 124.496 
680064 0.0673168 0.0207681 -44458.9 124.675 
681030 0.0762736 0.065376 -45181.6 124.852 
681996 0.0679771 0.0355923 -44924.3 125.027 
682962 0.0361378 -0.00618294 -44985.8 125.205 
683928 0.0596013 -0.0380073 -44775.8 125.383 
684894 0.0403302 -0.0171034 -45168.2 125.561 
685860 0.029897 0.0119675 -45147.7 125.737 
686826 0.0490699 0.00749283 -44430.1 125.916 
687792 0.0620772 0.021743 -43997.9 126.094 
688758 0.097172 0.0890766 -45399.9 126.272 
689724 0.0566391 0.0242572 -44808.7 126.449 
690690 0.0624984 0.0148333 -45083.9 126.628 
691656 0.072208 0.0108561 -45413.6 126.807 
692622 0.0862733 -0.0069244 -43887.6 126.984 
693588 0.00998965 0.0052507 -45588.1 127.163 
694554 0.0420479 0.0275202 -46754.8 127.342 
695520 0.0480943 0.0281685 -47255.9 127.519 
696486 0.0211082 0.00789344 -46667.3 127.697 
697452 0.0423364 0.0251027 -46161.2 127.873 
698418 0.0518776 0.00934722 -46231 128.051 
699384 0.0439848 -0.0318921 -45983.9 128.227 
700350 0.0629178 0.0138161 -45477.5 128.403 
701316 0.0204939 0.0142811 -44915.7 128.578 
702282 0.0339631 0.0130518 -45305.7 128.756 
703248 0.0348756 0.0109769 -45578 128.934 
704214 0.0489615 -0.0337981 -45111.6 129.113 
705180 0.0358322 -0.0155817 -44192.7 129.291 
706146 0.0920871 -0.0354715 -44204.1 129.47 
707112 0.0727485 -0.0298061 -43944 129.647 
708078 0.0995295 0.0292841 -44569.2 129.824 
709044 0.0625265 0.0225861 -44242.3 130.004 
710010 0.0364673 -0.0133869 -43304.3 130.181 
710976 0.0701936 -0.0525678 -44898.6 130.358 
711942 0.0876713 0.0109121 -44741.2 130.535 
712908 0.0892499 -0.0804635 -44667.1 130.713 
713874 0.0809861 -0.0176471 -44555 130.889 
714840 0.0451793 -0.0323089 -46197.7 131.07 
715806 0.0757123 -0.0666102 -45240.6 131.246 
716772 0.0561189 -0.0514459 -45406.2 131.421 
717738 0.0290662 -0.00567369 -45798.3 131.6 
718704 0.070486 -0.0563116 -45861.4 131.78 
719670 0.0307807 -0.0126547 -45269.4 131.959 
720636 0.0148735 0.0136924 -44608.8 132.135 
721602 0.0568925 -0.00961433 -44350.8 132.312 
722568 0.0504988 0.0346141 -44716.6 132.487 
723534 0.0350929 0.0349532 -44259.2 132.664 
724500 0.0503295 -0.00383434 -44143 132.843 
725466 0.0523121 -0.00172456 -43603.3 133.021 
726432 0.0355776 0.00144876 -43849.3 133.196 
727398 0.0206138 0.000280294 -43966 133.375 
728364 0.0627711 0.0232544 -44364.9 133.553 
729330 0.0382506 0.0352458 -43295.8 133.732 
730296 0.0230891 -0.00954327 -44424.1 133.909 
731262 0.0348561 0.0339417 -44117.9 134.087 
732228 0.0769401 0.0743243 -45126.1 134.263 
733194 0.0443279 0.0174198 -44210.3 134.442 
734160 0.0459295 0.0231273 -44260.5 134.622 
735126 0.0570342 0.0198382 -44710.6 134.795 
736092 0.038041 0.00769773 -45240 134.973 
737058 0.064208 0.00514939 -44458 135.149 
738024 0.0781041 -0.0377719 -44891.3 135.328 
738990 0.0346259 0.00706572 -43839.6 135.506 
739956 0.0627128 0.0317398 -44764.7 135.683 
740922 0.0724126 -0.0146509 -45953.7 135.86 
741888 0.07739 -0.00645989 -45727.5 136.039 
742854 0.0445208 0.000994901 -44976.2 136.215 
743820 0.0811481 -4.17972e-05 -45218.9 136.395 
744786 0.0291736 0.0146073 -45082.4 136.572 
745752 0.0486651 0.0424097 -45119.9 136.751 
746718 0.0136345 -0.00456474 -45739.4 136.93 
747684 0.0742387 -0.0210388 -45332.1 137.106 
748650 0.0454585 -0.0453386 -44722 137.281 
749616 0.0595991 0.00776145 -44909.9 137.46 
750582 0.0549951 0.0394088 -44055.4 137.638 
751548 0.0255211 0.000558108 -43903.8 137.816 
752514 0.0610136 0.0126714 -43443.6 137.995 
753480 0.0338444 -0.00334382 -43636.2 138.173 
754446 0.0286232 -0.0155251 -44221.1 138.352 
755412 0.0744462 0.0117354 -46175.3 138.529 
756378 0.047688 -0.01757 -45379 138.702 
757344 0.0169599 -0.00747308 -44991.8 138.881 
758310 0.0535974 0.0454109 -45582 139.06 
759276 0.0356788 0.013513 -44570 139.239 
760242 0.0873545 -0.024117 -44878 139.418 
761208 0.0468505 0.0321087 -44343.3 139.597 
762174 0.0723379 0.0584298 -43961 139.774 
763140 0.0602605 0.021203 -44665.7 139.953 
764106 0.0630193 0.050247 -44629.4 140.13 
765072 0.0356264 0.0211986 -45293.3 140.309 
766038 0.058982 -0.0223791 -44143.7 140.488 
767004 0.0837837 -0.0232079 -44719.5 140.667 
767970 0.0659697 -0.0203096 -45724.2 140.845 
768936 0.0999689 -0.079346 -46025.8 141.024 
769902 0.0414201 -0.0155517 -44380.9 141.203 
770868 0.0415487 -0.00208029 -44490.2 141.381 
771834 0.0406732 -0.0359537 -44549.2 141.558 
772800 0.0345062 -0.0325504 -44373.5 141.733 
773766 0.0587671 -0.0424882 -42996.5 141.913 
774732 0.0788059 -0.0777189 -43506.5 142.09 
775698 0.0971204 -0.0941588 -44474.4 142.27 
776664 0.0567155 0.0198795 -43862.7 142.449 
777630 0.031689 -0.00386946 -42669.8 142.627 
778596 0.0444209 -0.0296721 -42052.2 142.806 
779562 0.0577062 -0.0482735 -43319.7 142.983 
780528 0.0519559 -0.0507696 -43989.2 143.157 
781494 0.0304695 -0.00838251 -44759.5 143.332 
782460 0.0215945 0.0146834 -44573.5 143.509 
783426 0.0181606 -0.0100372 -44990.1 143.687 
784392 0.0418611 0.0228014 -45652.2 143.866 
785358 0.0474481 0.0463673 -44872.4 144.045 
786324 0.0436371 -0.0362402 -43660.8 144.225 
787290 0.0504028 -0.0457449 -44651.3 144.404 
788256 0.0666021 0.0352804 -45226.8 144.58 
789222 0.0865125 0.0511768 -45803.6 144.756 
790188 0.0720818 0.0426011 -46030.1 144.935 
791154 0.0356361 0.0328078 -46456.5 145.113 
792120 0.0463161 0.043709 -47443 145.289 
793086 0.0638674 0.0213343 -46421.2 145.468 
794052 0.045398 -0.0257825 -46281.2 145.644 
795018 0.0767267 0.0182636 -46107.9 145.823 
795984 0.0493365 -0.0383774 -46483.3 146 
796950 0.0576616 0.0440782 -46517.2 146.177 
797916 0.0577965 0.00206893 -46391.4 146.353 
798882 0.0464978 0.00136885 -45129.9 146.531 
799848 0.0750931 0.00637127 -45117.7 146.71 
800814 0.0134789 -0.00980186 -45337.7 146.888 
801780 0.0583057 -0.0529332 -44615.4 147.067 
802746 0.0516998 0.0327719 -44577.7 147.244 
803712 0.0396423 0.0221251 -44540 147.424 
804678 0.0575732 0.0378098 -43957.9 147.6 
805644 0.0523675 0.0301098 -44638.6 147.78 
806610 0.0297017 0.00989551 -43750.5 147.959 
807576 0.0753022 -0.00863797 -44135.9 148.138 
808542 0.0546357 0.0137909 -43324.8 148.317 
809508 0.0508732 0.00730105 -44308.6 148.494 
810474 0.0379065 0.0255133 -44431.6 148.671 
811440 0.0395407 0.0348053 -44468.4 148.848 
812406 0.0455154 0.0151233 -43491.9 149.027 
813372 0.0525341 -0.00501148 -43938.5 149.203 
814338 0.0338497 -0.024875 -44320.1 149.381 
815304 0.0603978 -0.0452819 -44961.1 149.56 
816270 0.0331291 -0.0263929 -45735.9 149.736 
817236 0.0300465 -0.024082 -46978.4 149.912 
818202 0.0258429 0.00801451 -46162.3 150.091 
819168 0.0841911 -0.0821811 -45516.6 150.268 
820134 0.0489758 -0.0239192 -44635.9 150.446 
821100 0.047475 0.0405751 -44771.8 150.624 
822066 0.0450034 0.00789196 -44795.9 150.802 
823032 0.0894684 0.0552999 -44791.9 150.979 
823998 0.0647164 0.0161216 -44865.9 151.157 
824964 0.054083 0.0156669 -45700.6 151.335 
825930 0.0695547 0.0512719 -45251.2 151.513 
826896 0.024739 0.0177582 -44063.8 151.691 
827862 0.0396958 0.0050029 -44881.4 151.87 
828828 0.0397966 0.00523875 -44848.6 152.047 
829794 0.0343075 -0.0194735 -43857.1 152.224 
830760 0.0469042 -0.0386462 -43783.3 152.401 
831726 0.0443206 0.00919358 -43923.3 152.58 
832692 0.0357931 -0.00189493 -44853.6 152.756 
833658 0.046452 0.00119687 -44773.9 152.935 
834624 0.0476414 -0.0308274 -46797.3 153.109 
835590 0.0258519 -0.0188824 -46121.8 153.289 
836556 0.0415918 0.0242148 -46688.1 153.467 
837522 0.0210195 -0.00715877 -45683.3 153.644 
838488 0.0654856 -0.0616609 -46179.1 153.818 
839454 0.0726601 0.059667 -45321.2 153.995 
840420 0.0388319 0.0307451 -44736.9 154.171 
841386 0.0259609 0.00530011 -44606.3 154.351 
842352 0.0273999 0.0154674 -43415.7 154.528 
843318 0.0489922 -0.0308455 -44390.5 154.705 
844284 0.04053 -0.0372198 -43972.1 154.88 
845250 0.0576828 -0.0534984 -44263.9 155.057 
846216 0.0447085 0.0429172 -44669 155.235 
847182 0.0700398 -0.0499506 -43673.7 155.41 
848148 0.0541712 0.0295333 -44027 155.587 
849114 0.0301416 -0.020567 -43693.5 155.763 
850080 0.0305545 0.0041128 -44219.3 155.939 
851046 0.0235303 0.0144286 -44079.3 156.116 
852012 0.0607198 0.010101 -44587.1 156.291 
852978 0.0320615 0.00594369 -45046.5 156.468 
853944 0.0682639 0.0564083 -45272.4 156.648 
854910 0.0640873 0.0507119 -44572.9 156.821 
855876 0.0604579 0.0594017 -45575.6 156.999 
856842 0.0263037 0.0179401 -46965.5 157.174 
857808 0.0420831 0.0420402 -47105 157.351 
858774 0.0600087 -0.0271574 -46438.1 157.529 
859740 0.03035 -0.0232997 -45890.6 157.707 
860706 0.0524448 -0.010647 -44837.3 157.887 
861672 0.0378403 -0.0234889 -45402.2 158.065 
862638 0.0212648 0.0124503 -45373.9 158.242 
863604 0.0163586 -0.0160105 -44705.5 158.422 
864570 0.0436144 -0.00488324 -44506 158.598 
865536 0.0790947 0.0524837 -44458.1 158.774 
866502 0.0333995 0.0149287 -43816.4 158.951 
867468 0.0284173 -0.00124418 -43802.8 159.129 
868434 0.0426204 -0.0425232 -44391.8 159.308 
869400 0.016937 -0.0162433 -44471.7 159.483 
870366 0.0206126 -0.0166621 -44499.7 159.659 
871332 0.0426884 0.00125579 -44478.7 159.836 
872298 0.0372553 -0.0148268 -44315.7 160.014 
873264 0.0483239 0.0228324 -44453.9 160.19 
874230 0.0400915 -0.0184176 -45174.9 160.365 
875196 0.0458422 0.0278289 -45701.6 160.544 
876162 0.0244589 0.00459464 -44840.4 160.723 
877128 0.0247844 -0.00624635 -44306.1 160.901 
878094 0.0590087 -0.0520923 -44437.8 161.079 
879060 0.0542965 -0.0409009 -45244.4 161.261 
880026 0.0578501 -0.0161865 -45721.6 161.441 
880992 0.0617207 0.0183201 -45019.9 161.618 
881958 0.0323007 0.0178925 -44353.9 161.795 
882924 0.0275552 0.0139061 -44148 161.972 
883890 0.0549078 0.0155717 -44393.2 162.15 
884856 0.0740889 -0.0256794 -44224.1 162.328 
885822 0.0578529 0.0116092 -44177 162.506 
886788 0.0609291 0.0605212 -43342.6 162.681 
887754 0.0532661 0.047732 -45610.7 162.859 
888720 0.0750175 -0.012815 -44768.8 163.038 
889686 0.0246189 0.00800262 -44970.3 163.216 
890652 0.0442498 -0.0388018 -45048.8 163.395 
891618 0.0657417 0.0615749 -44734.1 163.574 
892584 0.0356028 0.0282216 -44907.1 163.748 
893550 0.076907 -0.00767291 -45051.2 163.926 
894516 0.0563792 -0.0130848 -46073.1 164.099 
895482 0.0872931 -0.00294467 -46137.7 164.275 
896448 0.0345014 -0.0261678 -44092.4 164.452 
897414 0.0231155 0.0175469 -44778.3 164.629 
898380 0.0884292 -0.000262895 -44854.3 164.809 
899346 0.0825897 -0.0261353 -45400.3 164.99 
900312 0.0232475 -0.0077835 -45771.9 165.17 
901278 0.0433499 -0.00772121 -44472.2 165.344 
902244 0.0725311 -0.0343514 -45261.1 165.521 
903210 0.0544325 0.0223112 -45735 165.701 
904176 0.064298 0.00328582 -44706.6 165.874 
905142 0.0433394 0.0172277 -44450.6 166.054 
906108 0.0361175 0.0349334 -43984 166.232 
907074 0.0162738 -0.0123646 -43837.9 166.412 
908040 0.047725 0.0131727 -44027 166.59 
909006 0.0281663 0.00526027 -44430 166.768 
909972 0.0227441 0.0100261 -44075.6 166.946 
910938 0.0431346 0.0148109 -43879.3 167.124 
911904 0.0599036 0.0176386 -44081.5 167.303 
912870 0.084394 0.0365843 -44281.3 167.482 
913836 0.0496038 0.014579 -44356.6 167.659 
914802 0.0733384 -0.0660496 -44906.8 167.837 
915768 0.0162377 -0.0151329 -45603.1 168.016 
916734 0.0539442 -0.0221769 -45962.8 168.194 
917700 0.0702148 -0.0128578 -45982.4 168.374 
918666 0.066273 0.0438372 -45941.4 168.547 
919632 0.042372 0.0104845 -45186.1 168.727 
920598 0.0772221 -0.0172822 -44859.8 168.906 
921564 0.0990405 0.0469579 -46086 169.085 
922530 0.0488904 0.0271269 -45635.6 169.262 
923496 0.0967574 0.0901266 -44895.8 169.437 
924462 0.0426408 0.00386577 -43894.7 169.614 
925428 0.0824792 0.022216 -43903 169.793 
926394 0.101507 0.00682554 -43725.2 169.972 
927360 0.0425017 -0.00711516 -44383.2 170.151 
928326 0.0696548 0.0253698 -43869 170.325 
929292 0.0762712 0.0579494 -42440.8 170.505 
930258 0.0408443 0.014114 -43279.9 170.681 
931224 0.0638488 0.036633 -43350.9 170.858 
932190 0.0496292 0.0300571 -43765.2 171.037 
933156 0.0580693 -0.0156626 -44224.2 171.215 
934122 0.0713895 0.0707231 -45579 171.395 
935088 0.0256963 -0.00811121 -44592.9 171.573 
936054 0.0777077 -0.0377464 -43946.4 171.75 
937020 0.0537321 0.0138035 -43396.4 171.93 
937986 0.037349 -0.0166086 -44547.6 172.108 
938952 0.017876 0.00578083 -44567.6 172.284 
939918 0.0333653 -0.0274188 -45406.8 172.461 
940884 0.0327089 -0.0111905 -44635.4 172.64 
941850 0.0300802 -0.0291168 -43850.5 172.82 
942816 0.0448754 0.0258179 -43605.1 172.998 
943782 0.0501171 -0.0201698 -44351.7 173.175 
944748 0.0416985 0.00119674 -43621.6 173.351 
945714 0.0902206 -0.0152031 -44747.2 173.527 
946680 0.0366604 0.0125502 -44827.9 173.705 
947646 0.0799503 0.0445285 -45219 173.885 
948612 0.107 -0.0332172 -44900 174.063 
949578 0.0521453 0.0444066 -44647.6 174.239 
950544 0.0542839 0.0168445 -44652.3 174.415 
951510 0.0749738 0.0414785 -45367 174.591 
952476 0.0521729 -0.0276863 -45496.3 174.765 
953442 0.032776 -0.0105498 -45341.3 174.942 
954408 0.0422336 0.0253204 -45134.8 175.122 
955374 0.0652525 -0.0469198 -45070.6 175.3 
956340 0.0645914 -0.0531061 -45083.1 175.478 
957306 0.0506714 -0.0319808 -45342.5 175.652 
958272 0.0561872 0.0218944 -45058.3 175.831 
959238 0.0287988 -0.0221966 -44767.7 176.009 
960204 0.0541002 -0.00954417 -44825.4 176.186 
961170 0.0308221 -0.0227164 -43756 176.366 
962136 0.0385479 0.0297064 -44291.5 176.545 
963102 0.0525549 -0.0293723 -44726.9 176.72 
964068 0.0212726 0.0120052 -44837 176.897 
965034 0.0622225 0.0143621 -45251.6 177.071 
966000 0.0464411 0.0251013 -44810.4 177.247 
