0 0.0398019 -0.0339061 -34131 0 
966 0.041358 -0.0260336 -35961.2 0.163034 
1932 0.0301293 0.0229138 -38457.3 0.327388 
2898 0.0496366 0.0467659 -40358.1 0.49392 
3864 0.0642519 -0.0341775 -42472.6 0.658924 
4830 0.0740238 -0.0524629 -42517.5 0.823044 
5796 0.0406388 0.0144639 -42503.3 0.987646 
6762 0.0611743 0.0563063 -43189.5 1.15226 
7728 0.0443467 0.00832509 -44336.1 1.31683 
8694 0.0146858 0.00271122 -44626 1.48087 
9660 0.0250449 -0.0249118 -44183.5 1.64533 
10626 0.0499682 -0.030914 -43436.1 1.80996 
11592 0.0655039 -0.0577519 -43394.3 1.9739 
12558 0.039654 -0.00489793 -44374.9 2.13887 
13524 0.0451022 -0.00565078 -44148 2.30324 
14490 0.0554574 0.0415714 -45370 2.46776 
15456 0.0428242 -0.0223785 -44732.9 2.63225 
16422 0.0289504 0.0171567 -44659 2.79487 
17388 0.077651 0.0529627 -45299.3 2.95919 
18354 0.0250753 -0.00236011 -45707.6 3.12344 
19320 0.0761372 -0.0499451 -45588.9 3.28927 
20286 0.0715755 0.0431719 -45445.7 3.45398 
21252 0.020238 -0.0163758 -45694 3.61879 
22218 0.0504389 -0.0304112 -44662.1 3.78298 
23184 0.043721 -0.0156762 -44265.9 3.94705 
24150 0.0504594 0.00759139 -42989.6 4.11154 
25116 0.0619242 -0.0295821 -43759.8 4.2759 
26082 0.0198203 -0.0140287 -43348.1 4.44002 
27048 0.0283084 0.00187839 -43427.5 4.60393 
28014 0.0640205 0.00173211 -44491.4 4.76843 
28980 0.033829 -0.0123984 -44742.8 4.93291 
29946 0.0247759 -0.0196749 -44273 5.09781 
30912 0.0491512 0.00371383 -44092.9 5.26258 
31878 0.044467 -0.0154021 -43589.3 5.42707 
32844 0.0247145 -0.0117845 -43674.2 5.59173 
33810 0.056263 -0.038715 -44817.5 5.75636 
34776 0.0176929 -0.00827681 -44726.7 5.92059 
35742 0.0544208 0.00484778 -45572.9 6.08474 
36708 0.0753176 0.0357356 -46259.7 6.24849 
37674 0.0915452 0.064282 -45327.7 6.41265 
38640 0.0606758 0.0372932 -45101.4 6.5772 
39606 0.0556876 0.0238651 -45738.5 6.74135 
40572 0.0426771 0.0405227 -45196.9 6.90529 
41538 0.0713575 0.0686595 -45169.8 7.06972 
42504 0.0662794 0.0450252 -45449.4 7.23303 
43470 0.0645571 0.0293817 -45957.1 7.39755 
44436 0.0436924 0.0020525 -44916.5 7.56192 
45402 0.0445433 -0.00667127 -44488.7 7.72664 
46368 0.0759494 -0.0628403 -44134.3 7.89083 
47334 0.108599 -0.0910624 -43751.5 8.05498 
48300 0.0869695 -0.074135 -44089.8 8.2192 
49266 0.0404346 -0.0157922 -44274.2 8.38401 
50232 0.0463498 -0.0347234 -44865.5 8.54771 
51198 0.0546953 -0.0132883 -44900.7 8.71155 
52164 0.0717347 -0.00520415 -44441.8 8.87582 
53130 0.0772846 0.0328465 -44599.7 9.04056 
54096 0.0487483 0.0265001 -45782.9 9.20501 
55062 0.038571 0.0113621 -44350.8 9.36965 
56028 0.0466055 -0.0377881 -44588.9 9.53385 
56994 0.0233705 0.013873 -44422.3 9.69744 
57960 0.0236174 0.0103904 -43987.8 9.86127 
58926 0.0240608 -0.00290009 -44739.8 10.0256 
59892 0.0689109 0.0421846 -46225.3 10.1901 
60858 0.0400482 0.0242009 -44467.2 10.3545 
61824 0.0497512 -0.0429893 -44152.6 10.5188 
62790 0.0291217 -0.0251885 -44262 10.683 
63756 0.00818488 0.00273764 -45601.5 10.8475 
64722 0.0745236 -0.071597 -45630.7 11.0117 
65688 0.0488567 -0.0120282 -44933.1 11.1759 
66654 0.0577666 0.0254913 -45399.7 11.3406 
67620 0.0447085 0.0373818 -44864.1 11.5049 
68586 0.0407351 0.0163333 -45066.8 11.669 
69552 0.012782 -0.00120793 -45541.1 11.8334 
70518 0.0409319 -0.0181981 -44988.3 11.9978 
71484 0.0573188 -0.035116 -45020.9 12.1621 
72450 0.0315199 -0.0295332 -44349.8 12.3263 
73416 0.0146536 -0.00162611 -45257 12.4909 
74382 0.0688578 0.0269049 -46144.9 12.6556 
75348 0.0552786 0.0315309 -44470.4 12.8203 
76314 0.0800297 0.0179731 -44279.8 12.9848 
77280 0.0869373 -0.0254173 -45294.2 13.1492 
78246 0.0522448 0.0165544 -44877.8 13.3139 
79212 0.0430946 0.0165842 -43018.5 13.4783 
80178 0.0505943 -0.00507281 -43766 13.6431 
81144 0.0391935 0.0349307 -44011.7 13.808 
82110 0.0490512 0.0323786 -43082.3 13.9723 
83076 0.073182 0.0465095 -44289.6 14.1373 
84042 0.0734906 0.0292176 -43690.3 14.3016 
85008 0.0956574 0.0457551 -43897.7 14.4664 
85974 0.0512494 0.0122791 -44519.6 14.6309 
86940 0.0304346 0.016102 -44320.9 14.7952 
87906 0.0593986 0.019454 -45908.7 14.96 
88872 0.0515297 0.0366239 -44932.8 15.1245 
89838 0.0574076 -0.0304761 -43633.6 15.2899 
90804 0.0650494 -0.0564841 -43605.9 15.455 
91770 0.0669302 -0.0507789 -44779.8 15.6198 
92736 0.0513722 0.0132249 -44346 15.7846 
93702 0.0568723 0.027245 -45848.3 15.9496 
94668 0.0182042 -0.0037055 -46644.8 16.1141 
95634 0.0412766 0.0337362 -46560.4 16.2792 
96600 0.045559 -0.034578 -45431.1 16.4434 
97566 0.0563569 -0.0220265 -45890.6 16.6072 
98532 0.0444107 -0.0236001 -45496.6 16.7718 
99498 0.0717273 -0.0474506 -44798.8 16.9363 
100464 0.0424795 -0.0231664 -44304 17.1004 
101430 0.0343211 -0.0193231 -45702.3 17.2649 
102396 0.0296132 -0.0140694 -45323.5 17.4291 
103362 0.0420758 -0.0223207 -46504 17.5941 
104328 0.0521905 -0.00761062 -44746.3 17.7606 
105294 0.048089 0.0389592 -45227.3 17.9251 
106260 0.0378478 0.0216198 -43784.2 18.0898 
107226 0.0320527 -0.023814 -43730.7 18.2536 
108192 0.0332353 0.00679388 -42611.2 18.418 
109158 0.0548371 0.0429635 -44154.3 18.5825 
110124 0.0463155 0.025454 -43827.5 18.7463 
111090 0.0586296 -0.00985809 -43537 18.9106 
112056 0.0472182 0.00367018 -43577.2 19.0748 
113022 0.0429872 0.0208977 -45226.9 19.2395 
113988 0.0917513 0.0153478 -44051.1 19.404 
114954 0.0641498 0.0199691 -44390 19.5686 
115920 0.041488 0.0206876 -43867.5 19.7326 
116886 0.0270563 -0.00354208 -43264.9 19.8967 
117852 0.0721606 0.0209747 -43871.8 20.061 
118818 0.0197943 0.00926902 -43070.6 20.2254 
119784 0.0692568 0.0118217 -42792.5 20.39 
120750 0.0678952 0.019502 -43563.1 20.554 
121716 0.0779447 0.0451862 -44276.9 20.7186 
122682 0.0583243 0.0276912 -42692.5 20.8831 
123648 0.0837507 -0.0423448 -42575.4 21.0482 
124614 0.0611491 -0.0499297 -43414.3 21.2124 
125580 0.0251769 0.00853065 -44197.8 21.3768 
126546 0.0644692 -0.0121038 -45545.8 21.5411 
127512 0.101976 -0.00937752 -44779.4 21.7055 
128478 0.00998707 0.0051214 -43542.6 21.8698 
129444 0.0289937 0.0104803 -43996 22.034 
130410 0.0442927 -0.00638933 -44418.1 22.1981 
131376 0.0549907 0.0305405 -44194.4 22.3625 
132342 0.0620031 0.0510809 -44641.6 22.5269 
133308 0.067765 0.0182989 -44561.5 22.6915 
134274 0.0612699 -0.0305116 -44461.7 22.8557 
135240 0.0386155 -0.0125607 -45038.6 23.0203 
136206 0.0693041 -0.0512837 -45627 23.1849 
137172 0.0518634 0.0209348 -45730.8 23.3495 
138138 0.0466416 0.0188738 -45515.9 23.5137 
139104 0.0649905 0.0397798 -45930 23.6779 
140070 0.048468 0.0186866 -45038.8 23.8421 
141036 0.0442633 -0.0215753 -46296.4 24.0067 
142002 0.0182238 6.66792e-05 -45932 24.1711 
142968 0.0368833 -0.00633126 -45787.9 24.3356 
143934 0.111372 0.0925829 -46622.6 24.5 
144900 0.107009 0.096728 -46252.9 24.6645 
145866 0.0729725 0.0582521 -46534.9 24.8288 
146832 0.0584362 0.00792566 -44926 24.993 
147798 0.0743506 -0.0246761 -44617.4 25.1575 
148764 0.0418536 -0.0003255 -44460.3 25.3217 
149730 0.0532881 -0.0148692 -44326.2 25.4861 
150696 0.00617562 -0.0054191 -43996.2 25.6502 
151662 0.0390809 -0.034058 -46137.4 25.8146 
152628 0.0333971 0.0187706 -46111.3 25.9788 
153594 0.0319147 0.0209046 -45111 26.1432 
154560 0.0596605 -0.00192502 -44954.8 26.3071 
155526 0.0328462 0.0261492 -43924.5 26.4716 
156492 0.0314904 0.0234399 -43920.5 26.636 
157458 0.0201574 0.0193492 -44195.8 26.7994 
158424 0.0625756 0.044435 -44875.2 26.964 
159390 0.0651055 0.0182126 -45424.8 27.1286 
160356 0.0429575 0.000217618 -44745.5 27.2933 
161322 0.0633828 0.0149275 -44983 27.4577 
162288 0.0687064 0.00931588 -45382.6 27.6222 
163254 0.0680858 0.0345333 -43961.4 27.7862 
164220 0.100734 0.00603138 -44779.5 27.9507 
165186 0.138767 0.0313319 -43478.1 28.1147 
166152 0.0661484 -0.00837918 -44746.2 28.279 
167118 0.0765975 -0.0459132 -45048 28.4429 
168084 0.059753 0.024225 -44437.7 28.6077 
169050 0.0652148 -0.0256438 -44349.4 28.7733 
170016 0.112008 0.0280849 -45325 28.9373 
170982 0.0855699 -0.0190741 -44902.3 29.1019 
171948 0.0551976 -0.00317645 -45708.5 29.2662 
172914 0.0990753 -0.0489674 -45382.9 29.4307 
173880 0.0753956 -0.0214508 -43436.5 29.5951 
174846 0.0627653 -0.0379664 -44168.6 29.7592 
175812 0.0494904 -0.0303145 -44634.8 29.9237 
176778 0.0231609 -0.00728614 -44403.8 30.0877 
177744 0.0552309 0.0430189 -44302.8 30.2525 
178710 0.0337036 0.011155 -44101 30.4178 
179676 0.0524867 0.035898 -44753.1 30.5832 
180642 0.0618343 0.0227488 -46329.1 30.7477 
181608 0.0453592 0.0312364 -45165.3 30.9124 
182574 0.0150235 0.00761618 -45536.5 31.0763 
183540 0.0623615 0.0323244 -44798.2 31.2406 
184506 0.0624199 -0.00716878 -44317.7 31.4048 
185472 0.0588455 -0.00148364 -44858.6 31.5688 
186438 0.0881903 0.0164593 -44858.8 31.7328 
187404 0.0456652 0.0262405 -45551.4 31.8977 
188370 0.0287144 -0.0130464 -44976.3 32.0616 
189336 0.0500791 -0.0441547 -44019.7 32.2262 
190302 0.0556905 -0.0389632 -43728.5 32.3901 
191268 0.0578372 -0.0569693 -43969.7 32.5545 
192234 0.0635084 -0.0623553 -44527.9 32.7184 
193200 0.0389868 -0.0234661 -44429.5 32.8832 
194166 0.0224699 -0.0102117 -45541.8 33.0477 
195132 0.0482853 -0.00112384 -45396.1 33.2115 
196098 0.0448645 -0.023916 -44740.9 33.3759 
197064 0.0178768 -0.0113197 -43966.2 33.5401 
198030 0.0398848 0.00320711 -43908.5 33.7046 
198996 0.0453092 0.0352852 -44312.1 33.8693 
199962 0.0452047 0.0130811 -44390.6 34.0334 
200928 0.0521172 -0.0139902 -44504.6 34.1974 
201894 0.0452047 -0.00952583 -44116.1 34.3623 
202860 0.0522525 -0.0242013 -42733.3 34.5269 
203826 0.0205154 0.000745472 -43431.5 34.6912 
204792 0.082881 -0.0753017 -43247.8 34.8559 
205758 0.0444488 -0.0351939 -43918.4 35.0203 
206724 0.0401358 -0.0367976 -43632.4 35.1846 
207690 0.0248057 0.00628366 -44001.9 35.3488 
208656 0.0210032 0.0179543 -44640.9 35.5128 
209622 0.0728177 -0.0461295 -44318.5 35.677 
210588 0.0465219 -0.00821934 -44819.7 35.8407 
211554 0.0414627 -0.0156765 -44847.6 36.0047 
212520 0.0670215 -0.0038655 -45210.9 36.169 
213486 0.0339437 -0.00466241 -44532.5 36.3333 
214452 0.0594696 -0.0017989 -43891.5 36.4973 
215418 0.0403324 -0.0214755 -44115.6 36.661 
216384 0.0825019 0.0411259 -44957.1 36.8251 
217350 0.0802411 -0.0428769 -44865.8 36.9895 
218316 0.0530925 0.0366044 -45273.2 37.1533 
219282 0.0380903 0.0159716 -44568.5 37.3172 
220248 0.0348095 -0.0309749 -45191.2 37.4818 
221214 0.0653528 0.0153786 -44524.5 37.6461 
222180 0.0668314 0.0433487 -44325.8 37.8104 
223146 0.0375424 -0.00286471 -45299.7 37.9753 
224112 0.0725298 -0.011462 -44365 38.1397 
225078 0.047519 -0.00821046 -44797.5 38.3037 
226044 0.033994 -0.0197101 -44503.1 38.4674 
227010 0.0679389 -0.024793 -43736.2 38.6312 
227976 0.0468882 -0.0141491 -43820.3 38.7953 
228942 0.0276928 -0.0251824 -44906.9 38.9594 
229908 0.0391088 0.0146915 -45050.4 39.1239 
230874 0.0601437 -0.0213501 -45284 39.288 
231840 0.0493398 -0.0333859 -44686.2 39.4521 
232806 0.045887 -0.0166523 -43789.4 39.6164 
233772 0.0478603 0.0375703 -45249 39.7806 
234738 0.0773635 0.0226069 -46155.4 39.9444 
235704 0.107422 0.0607622 -45597.9 40.1086 
236670 0.0786374 0.0566435 -44675.4 40.2728 
237636 0.0487765 0.0300211 -43842.2 40.4368 
238602 0.0473939 0.0319524 -44338.3 40.6013 
239568 0.0436792 0.00725198 -44534.5 40.7652 
240534 0.020676 0.0120741 -43936.2 40.9293 
241500 0.0399625 0.00911538 -44774.3 41.0928 
242466 0.0261969 0.00167149 -44531.7 41.2572 
243432 0.0816048 0.0480518 -44594.8 41.4212 
244398 0.047857 0.0430716 -44252.3 41.5849 
245364 0.0616066 0.0353604 -44916 41.7494 
246330 0.0535128 0.0475168 -43833.8 41.9132 
247296 0.0613334 0.0405985 -43395.3 42.0772 
248262 0.0676131 0.0569592 -42975.9 42.2417 
249228 0.0220978 0.0201969 -43695.5 42.4067 
250194 0.0246796 -0.020897 -44469 42.5713 
251160 0.0649379 0.0297832 -44651.2 42.7357 
252126 0.0299506 -0.0153328 -45664.2 42.9004 
253092 0.0158045 0.0101872 -45197.2 43.0646 
254058 0.0471079 0.0409179 -44809.9 43.2293 
255024 0.035484 0.00787535 -43835.1 43.3932 
255990 0.0557747 -0.0154597 -44333.7 43.5572 
256956 0.0170333 -0.0152833 -44854.6 43.7217 
257922 0.043937 0.0391581 -44054.6 43.8858 
258888 0.0709279 0.0510335 -44363.2 44.0498 
259854 0.059786 -0.00224987 -44760.7 44.215 
260820 0.069517 0.0664919 -44582.7 44.3794 
261786 0.035221 -0.00524962 -43984.5 44.5442 
262752 0.0458104 -0.0228977 -45026.4 44.7089 
263718 0.0429742 0.0304326 -44357.6 44.8734 
264684 0.0782227 0.0466052 -43954.2 45.0383 
265650 0.0106733 0.00661768 -43858.7 45.2029 
266616 0.0183043 0.0155334 -43321.1 45.3671 
267582 0.0258091 0.00788872 -43733.9 45.5317 
268548 0.0328326 -0.0319699 -43255.8 45.696 
269514 0.0746474 -0.0241197 -43780.1 45.8602 
270480 0.0508031 0.026771 -43483.8 46.0249 
271446 0.016868 0.00886553 -44302.1 46.1896 
272412 0.0623811 0.0557332 -45734.5 46.3537 
273378 0.0376267 0.0342824 -45715.7 46.5183 
274344 0.0757041 0.044436 -45670 46.683 
275310 0.0445968 -0.0241824 -46302.6 46.8479 
276276 0.00787165 0.00463832 -45761.2 47.0121 
277242 0.0271593 0.0270111 -45232.3 47.1767 
278208 0.0463815 0.012815 -44858.6 47.3414 
279174 0.0504695 0.00966215 -46023.4 47.5058 
280140 0.0354022 -0.0277797 -45895.9 47.6705 
281106 0.0152316 0.00904757 -45391.1 47.8354 
282072 0.0567042 0.0248442 -45424.9 48 
283038 0.033426 0.00664237 -46121.7 48.1643 
284004 0.0537385 0.0466624 -44297.8 48.3288 
284970 0.0497665 -0.0190017 -44810.7 48.4932 
285936 0.0205893 -0.00541247 -45309.6 48.6583 
286902 0.0329126 0.0248368 -45136.5 48.8227 
287868 0.0341333 -0.0128222 -45164.8 48.9873 
288834 0.0236618 0.0234506 -45821.5 49.1523 
289800 0.082183 -0.0666587 -45097 49.3169 
290766 0.0307738 -0.0203246 -45459.7 49.4811 
291732 0.0563479 0.0155565 -45313.4 49.6461 
292698 0.0704594 0.0561373 -44731.4 49.8108 
293664 0.0450251 0.0235831 -44199.8 49.9753 
294630 0.0865175 0.0808229 -43605.1 50.1397 
295596 0.0395118 0.00575472 -43789.6 50.3043 
296562 0.0593854 -0.00777901 -44604.8 50.469 
297528 0.0682901 0.00410111 -43946.6 50.6335 
298494 0.0453096 -0.0318636 -43239 50.7977 
299460 0.0566286 0.0445688 -43471.2 50.962 
300426 0.0539615 0.00633608 -42995.9 51.1267 
301392 0.0698488 -0.0609787 -42431.3 51.2916 
302358 0.0346015 -0.0329301 -42602.9 51.4561 
303324 0.0500046 -0.0368858 -43559.5 51.6213 
304290 0.0839011 -0.0704371 -44550.2 51.7863 
305256 0.0626519 -0.0530511 -44479 51.9504 
306222 0.0596201 -0.0517936 -43997.6 52.1146 
307188 0.0482959 -0.0462866 -43247.9 52.2788 
308154 0.0580237 0.0176968 -44915.1 52.4437 
309120 0.0396623 -0.0187113 -45036.5 52.6081 
310086 0.0449592 0.0292043 -45032.7 52.7728 
311052 0.0579554 0.0474195 -44251.9 52.9369 
312018 0.050917 0.0350252 -44388.1 53.1012 
312984 0.0498898 0.00499045 -45274.7 53.2666 
313950 0.0378154 -0.0313222 -44873.9 53.4312 
314916 0.0758918 -0.0561707 -44530.9 53.5954 
315882 0.0335039 -0.018945 -45254.2 53.7608 
316848 0.017873 -0.0166616 -44641.7 53.9256 
317814 0.054477 -0.0512954 -43808.4 54.0902 
318780 0.029743 -0.0201386 -42880.7 54.2547 
319746 0.059926 -0.0552851 -43230.4 54.4191 
320712 0.0301865 0.00628327 -44950.8 54.584 
321678 0.0554149 -0.0408165 -44645.3 54.7479 
322644 0.0442097 -0.010863 -44733.9 54.9126 
323610 0.0363231 -0.026657 -44583.8 55.0773 
324576 0.0608464 0.0439743 -44737.7 55.2414 
325542 0.0463798 0.0357265 -45778.3 55.4061 
326508 0.0423994 -0.00324106 -44516.2 55.5702 
327474 0.0353623 0.0345758 -45034.8 55.7349 
328440 0.067415 0.0472012 -45446 55.8995 
329406 0.0379685 0.0146857 -45070.6 56.064 
330372 0.0338577 -0.0256201 -44853.5 56.2281 
331338 0.0554123 -0.00541305 -43964.8 56.3927 
332304 0.0473301 -0.0457704 -45514.5 56.5572 
333270 0.0313735 -0.000763225 -45970.6 56.7221 
334236 0.0597233 -0.0525158 -46082.9 56.8871 
335202 0.0265263 -0.0149427 -43867.6 57.0526 
336168 0.0287335 -0.00119905 -44019.4 57.2175 
337134 0.0457991 0.0356386 -44190.8 57.3823 
338100 0.0226514 0.0189275 -43506.2 57.546 
339066 0.0327374 -0.00275215 -42797.2 57.7108 
340032 0.0521336 0.0473752 -43183.4 57.8749 
340998 0.0597381 0.0529527 -43108 58.0391 
341964 0.054018 0.0347731 -42747.9 58.2033 
342930 0.0326584 0.0167327 -42142.5 58.3688 
343896 0.0295871 -0.00953477 -43151.1 58.5339 
344862 0.0515894 -0.0295575 -43562.7 58.6977 
345828 0.0523243 -0.034262 -43442 58.8617 
346794 0.0276562 -0.0241012 -43999.5 59.0257 
347760 0.0483547 -0.0370697 -43955.2 59.1901 
348726 0.0307427 0.00501657 -45065 59.3548 
349692 0.0502073 -0.0238935 -45823.6 59.5194 
350658 0.0197031 0.0191064 -45339.7 59.6838 
351624 0.0505078 -0.00860541 -44032.5 59.8488 
352590 0.0348947 -0.0117661 -42750.4 60.0132 
353556 0.0813241 0.0315026 -43648 60.1775 
354522 0.0492542 0.0365448 -43418.2 60.3424 
355488 0.0888832 0.0880996 -44569.9 60.5079 
356454 0.0695063 0.0445761 -44345 60.6731 
357420 0.0998403 -0.0966307 -44407.2 60.8382 
358386 0.0629976 -0.0448507 -45316.7 61.0031 
359352 0.0472465 0.0201026 -45081.4 61.1679 
360318 0.0899174 -0.00902513 -46514 61.3326 
361284 0.054313 -0.0242829 -45899.4 61.4967 
362250 0.0651471 -0.0428753 -44926.1 61.6611 
363216 0.0613044 0.0278896 -45571.2 61.8254 
364182 0.0668423 0.044433 -46556.3 61.9902 
365148 0.0530722 0.0461657 -45443.9 62.1549 
366114 0.0177502 -0.00645077 -44290.6 62.3194 
367080 0.0196002 -0.00836369 -44175.8 62.4846 
368046 0.0468314 0.0301855 -44215.4 62.649 
369012 0.124964 0.112078 -45072.7 62.8135 
369978 0.0527392 -0.0326139 -44730.3 62.9784 
370944 0.00639126 -0.00309664 -44498.6 63.1439 
371910 0.0278098 -0.00257773 -44413.1 63.3087 
372876 0.0494451 -0.016308 -45209.7 63.4744 
373842 0.0435408 0.0263536 -44319.4 63.6397 
374808 0.0608579 0.0240944 -44475.7 63.8044 
375774 0.0453491 -0.0376439 -45761.2 63.9694 
376740 0.0558031 0.0285843 -44444.4 64.1346 
377706 0.0537844 -0.00773443 -44024.5 64.2996 
378672 0.0676832 0.0470488 -44116.3 64.4646 
379638 0.0382245 -0.0177986 -43924.5 64.6289 
380604 0.0216694 0.00541503 -44575.9 64.7929 
381570 0.0498727 0.00710708 -46606 64.9576 
382536 0.0316721 -0.00938654 -46363.7 65.1229 
383502 0.0572533 -0.0137594 -45618.3 65.287 
384468 0.0557202 0.0220832 -44388.8 65.4524 
385434 0.0346249 -0.0144121 -43395.7 65.6169 
386400 0.0407531 0.026474 -43935.7 65.7814 
387366 0.111659 -0.0703968 -43587.1 65.9465 
388332 0.0704376 -0.0600216 -44564.4 66.1113 
389298 0.0744725 -0.0736787 -45299.5 66.2758 
390264 0.0265578 0.0103899 -45552.4 66.4408 
391230 0.0594561 -0.0559102 -46132.4 66.6051 
392196 0.0633719 -0.0284577 -44966.4 66.7704 
393162 0.0256842 -0.00841293 -45828.8 66.9348 
394128 0.0454857 0.0181018 -46689.2 67.1003 
395094 0.0246749 -0.00934606 -46395.9 67.2646 
396060 0.0631729 -0.0622866 -46236.5 67.4288 
397026 0.0502299 -0.0241031 -45776.5 67.5936 
397992 0.0493451 0.010714 -45227.5 67.7584 
398958 0.0791465 -0.0147535 -45389.9 67.9228 
399924 0.0868165 -0.0687848 -45250.6 68.0875 
400890 0.0694124 -0.0351557 -45562.4 68.2526 
401856 0.0561472 -0.0147097 -45422.9 68.4167 
402822 0.0829245 0.0489013 -46509 68.5812 
403788 0.0836646 0.00107382 -46048.1 68.7462 
404754 0.0426977 0.0423792 -45406.4 68.9109 
405720 0.018676 0.000748086 -44370 69.0757 
406686 0.0341378 0.0304188 -43835.5 69.2403 
407652 0.0929042 0.0883243 -43577.1 69.4047 
408618 0.0500315 0.0489072 -43065.5 69.5695 
409584 0.0875991 0.0686876 -44245.7 69.7338 
410550 0.0712857 0.00128495 -42610.5 69.8985 
411516 0.0468046 -0.00669438 -42686.9 70.0633 
412482 0.0554304 0.0244602 -42655 70.228 
413448 0.0307038 -0.026079 -42858.4 70.3926 
414414 0.0145661 0.0111892 -42129.9 70.5572 
415380 0.0152554 0.0105092 -42067.4 70.7219 
416346 0.0207902 0.0045729 -43020.2 70.8866 
417312 0.0445207 -0.03659 -45167.6 71.0517 
418278 0.017355 -0.0156029 -45495.6 71.2154 
419244 0.0567939 -0.0440463 -44280.8 71.3802 
420210 0.0437092 -0.0216741 -43518.2 71.5449 
421176 0.0617477 -0.00387965 -42685.2 71.7095 
422142 0.0733287 -0.041405 -43087.1 71.8743 
423108 0.0801394 -0.00622032 -44105.6 72.0386 
424074 0.0853958 -0.03162 -45331.9 72.2037 
425040 0.0625768 0.00486989 -45431.2 72.368 
426006 0.0432291 0.031153 -45157.2 72.5326 
426972 0.0530825 0.0373441 -44701.4 72.6972 
427938 0.0342878 0.0202831 -44025.9 72.8619 
428904 0.0296421 0.0234015 -45487.8 73.0266 
429870 0.0905306 0.0207983 -45752.4 73.191 
430836 0.0459967 0.0167835 -45378.6 73.3555 
431802 0.059528 -0.0552342 -45534.6 73.5203 
432768 0.0704386 0.017766 -45336.7 73.6857 
433734 0.0732959 0.059578 -45776.3 73.8508 
434700 0.0459872 -0.0295148 -46216.5 74.016 
435666 0.039293 0.0234538 -45857.6 74.1802 
436632 0.0275129 -0.0168133 -45107.8 74.345 
437598 0.0481382 0.0362813 -45390 74.5094 
438564 0.0700939 -0.0390009 -45177.6 74.674 
439530 0.0726234 0.0417198 -44232.7 74.8389 
440496 0.0565332 -0.0350222 -45419 75.0035 
441462 0.0531042 0.0268611 -45189.8 75.1683 
442428 0.0596297 0.030365 -45071 75.3324 
443394 0.0548989 -0.0416291 -44600.3 75.497 
444360 0.0204567 0.00772901 -45473.2 75.6614 
445326 0.0504097 0.0501501 -45328.8 75.8252 
446292 0.0621099 -0.0465013 -45007 75.9902 
447258 0.0304937 0.00850556 -45967.8 76.1549 
448224 0.0134336 0.0129315 -45230.5 76.3197 
449190 0.0853869 -0.0649853 -45330.4 76.4839 
450156 0.0157091 -0.0153526 -47097.4 76.6481 
451122 0.0250822 -0.00116416 -45816.7 76.8124 
452088 0.0394901 -0.0150768 -45614.6 76.9779 
453054 0.0814855 0.0676435 -45117.9 77.1424 
454020 0.0803773 0.00235982 -44386.8 77.3072 
454986 0.0825249 -0.00425232 -43708 77.4714 
455952 0.0576815 0.00399085 -43109.6 77.6358 
456918 0.0383071 0.0275256 -43587.9 77.8003 
457884 0.0494711 0.0304006 -44286.5 77.9646 
458850 0.0659153 0.0439092 -43351.8 78.1288 
459816 0.0423952 -0.0105146 -44079.2 78.2935 
460782 0.0465988 0.00956311 -44198.9 78.4577 
461748 0.0341478 -0.0300044 -45737.5 78.6218 
462714 0.0606557 -0.0392572 -45284.9 78.7863 
463680 0.0915526 -0.0105441 -45028.9 78.9507 
464646 0.0553102 0.00732619 -45084.9 79.1152 
465612 0.0588541 -0.0222898 -45080.9 79.2794 
466578 0.0725607 -0.033808 -45510.9 79.4441 
467544 0.0832383 -0.00293607 -46164.3 79.6089 
468510 0.0933016 0.0332118 -45615 79.7735 
469476 0.0936941 -0.0567108 -43296.7 79.9378 
470442 0.0431002 -0.0004384 -43353.6 80.103 
471408 0.0508341 0.024439 -43389.4 80.2677 
472374 0.08258 -0.0588529 -43139.4 80.4321 
473340 0.0640189 -0.0582109 -43006.4 80.5968 
474306 0.0402073 0.0139483 -42811.5 80.7615 
475272 0.0469628 0.0240738 -43633.3 80.9257 
476238 0.0631747 0.0578484 -43919.6 81.0906 
477204 0.0530911 0.0281072 -44671.2 81.2572 
478170 0.0396972 -0.016294 -43321.6 81.4217 
479136 0.0173362 0.0143447 -42947.8 81.5857 
480102 0.0289035 0.0115158 -44828.8 81.7503 
481068 0.0264387 -0.024824 -44747.1 81.9147 
482034 0.0307673 0.0201768 -46138.8 82.0794 
483000 0.0624121 0.0547367 -45929.3 82.2442 
483966 0.0686584 0.0400897 -45594.1 82.4088 
484932 0.0499124 -0.0225086 -45804.9 82.5738 
485898 0.06927 0.0310858 -43997.1 82.7382 
486864 0.0623255 0.0481439 -44256.5 82.9028 
487830 0.0666168 0.0287193 -44993.5 83.067 
488796 0.0560558 0.00288689 -43069.3 83.2315 
489762 0.0687561 0.0394315 -43476.8 83.3957 
490728 0.053044 0.047588 -44794.3 83.5608 
491694 0.0657992 -0.00414985 -44433.2 83.7253 
492660 0.0733914 0.00667125 -44259.1 83.8898 
493626 0.0688982 -0.0469667 -45065.8 84.0546 
494592 0.0642031 0.0552854 -44547.1 84.2196 
495558 0.0165285 0.0163051 -44789 84.3842 
496524 0.0606357 0.0405103 -44575.7 84.5493 
497490 0.0638284 0.0294467 -44796.2 84.7141 
498456 0.0163665 0.0140334 -44802.9 84.8785 
499422 0.0239064 -0.0104299 -43655 85.0433 
500388 0.0149153 -0.00182903 -44856.5 85.2078 
501354 0.0425264 0.0348634 -45871.6 85.3724 
502320 0.0608192 0.0436138 -45912.7 85.5375 
503286 0.0695757 0.0570425 -46144.8 85.7023 
504252 0.0476263 0.0368138 -45932.7 85.8675 
505218 0.0517243 0.00892436 -45453.1 86.0328 
506184 0.0512349 -0.0153914 -45640.8 86.1979 
507150 0.0423726 0.0205697 -46548.4 86.3628 
508116 0.0622587 -0.048439 -45245.6 86.5276 
509082 0.0454792 -0.033665 -45853 86.6925 
510048 0.0517815 0.00785539 -44474.9 86.8575 
511014 0.0680303 -0.00137901 -45369.6 87.0218 
511980 0.0483615 -0.0395013 -45644.2 87.1862 
512946 0.0390987 0.0171278 -45202.7 87.3509 
513912 0.0341217 -0.00335737 -45141.7 87.5156 
514878 0.0505226 -0.0418382 -44795.4 87.6802 
515844 0.0253221 0.00950705 -44720.5 87.8446 
516810 0.0330928 -0.00289086 -45118.5 88.0091 
517776 0.0305514 0.0255241 -44127.3 88.1737 
518742 0.065974 0.00358556 -44484.6 88.338 
519708 0.0473242 -0.00630942 -43960.8 88.5021 
520674 0.0306997 -0.0168027 -43990.7 88.6664 
521640 0.0652431 -0.0231769 -44885.6 88.8309 
522606 0.0621801 0.0215002 -45061.1 88.9961 
523572 0.0332961 -0.014334 -45182.3 89.1616 
524538 0.0891433 0.0832059 -45078.5 89.3261 
525504 0.100957 0.0965574 -44099.5 89.491 
526470 0.0762893 0.0731389 -44184.6 89.6557 
527436 0.0833662 0.0255613 -45473 89.8211 
528402 0.00801216 0.00284389 -45520.6 89.9864 
529368 0.0216595 -0.0148909 -45171.1 90.1514 
530334 0.0155733 0.0120079 -45271.9 90.3167 
531300 0.0569453 0.0509674 -45136.1 90.4818 
532266 0.0359049 0.0318618 -44508.7 90.6466 
533232 0.05646 -0.0462858 -44899.2 90.8111 
534198 0.0353603 0.00236776 -45277.1 90.9762 
535164 0.0364878 -0.028021 -45139.9 91.1413 
536130 0.0360455 0.0232906 -45131.6 91.3059 
537096 0.0401733 0.0361639 -44137.3 91.4708 
538062 0.0813389 -0.0211574 -43846.9 91.6353 
539028 0.0172472 0.012013 -43975.6 91.7998 
539994 0.0727204 0.00977349 -43138.8 91.9647 
540960 0.0157036 -0.00826104 -43270 92.1291 
541926 0.0425092 -0.0383035 -44286.9 92.294 
542892 0.0316413 -0.00980944 -44808.4 92.4589 
543858 0.0383373 -0.0264592 -44255.2 92.6237 
544824 0.0266815 -0.00631366 -43735.2 92.788 
545790 0.0489435 -0.0259951 -44469.6 92.9526 
546756 0.0346551 0.0160425 -44082.6 93.1178 
547722 0.0352241 -0.0185134 -45010.3 93.2828 
548688 0.0219665 0.0149287 -45134.1 93.4475 
549654 0.0539264 0.00625344 -45074.9 93.6116 
550620 0.0256154 0.0112175 -44565.2 93.7763 
551586 0.0241254 0.0139347 -44976.8 93.9412 
552552 0.0449354 0.0229596 -44692 94.1062 
553518 0.0470404 0.00990023 -44280.9 94.2708 
554484 0.0796352 0.0114832 -44239.2 94.4357 
555450 0.0478553 0.00186363 -44191 94.6003 
556416 0.0937242 -0.0449914 -44856.7 94.7649 
557382 0.0975747 -0.00345069 -45699.3 94.9297 
558348 0.110588 -0.0478253 -45655 95.0945 
559314 0.0536303 -0.0294066 -45040 95.2597 
560280 0.0132644 -0.00970485 -45328.1 95.424 
561246 0.0403569 0.0292746 -45787.5 95.5889 
562212 0.0576324 0.0422287 -45714.7 95.7537 
563178 0.0669853 -0.00390768 -45010.2 95.9188 
564144 0.0970535 0.0649982 -43872.3 96.0837 
565110 0.0747143 0.00829169 -44278.5 96.2484 
566076 0.0357115 -0.0264586 -44446.8 96.4134 
567042 0.0566876 0.00797954 -44454.9 96.5781 
568008 0.0287065 -0.0105193 -45431.5 96.7422 
568974 0.0697599 -0.0470575 -45577.4 96.9068 
569940 0.0399036 -0.024282 -44443.8 97.0716 
570906 0.00608401 -0.00560794 -44379.9 97.2363 
571872 0.0663552 -0.00584791 -44185.6 97.4013 
572838 0.0302088 0.0301487 -46124.4 97.5657 
573804 0.0401456 0.0239719 -44039.6 97.7304 
574770 0.0437855 0.0229247 -44775.4 97.8954 
575736 0.021856 0.00464926 -43613.2 98.0602 
576702 0.0477833 0.020348 -45113.7 98.2251 
577668 0.0430993 0.0234713 -45183.8 98.3892 
578634 0.0467282 0.0299801 -45490.7 98.5536 
579600 0.0295554 0.0203192 -45237.2 98.7178 
580566 0.0569691 -0.0169755 -44371.1 98.8826 
581532 0.0281155 -0.0162489 -44189.4 99.0476 
582498 0.0417771 0.0277084 -44195.2 99.2125 
583464 0.0479452 0.00496373 -43934.8 99.3777 
584430 0.0868674 -0.0118436 -43787.6 99.5425 
585396 0.0662644 -0.0104577 -43570.9 99.7068 
586362 0.0363759 -0.0330268 -44390.3 99.8718 
587328 0.0292269 -0.00683901 -44568.7 100.037 
588294 0.0548727 0.0524246 -44732.6 100.2 
589260 0.0414745 0.0145394 -44774.4 100.365 
590226 0.0520924 0.0246583 -44185.2 100.53 
591192 0.0547719 0.0305447 -44856.8 100.695 
592158 0.0630391 0.0242233 -45068.1 100.86 
593124 0.0506576 -0.00407021 -46090.6 101.025 
594090 0.0242441 -0.00147141 -43964.2 101.189 
595056 0.0740401 -0.0591863 -44271.9 101.354 
596022 0.0798915 -0.0566269 -44983 101.518 
596988 0.0326822 -0.00765628 -44233.1 101.683 
597954 0.0967838 0.0966251 -44852.5 101.848 
598920 0.035518 -0.0336098 -44619.7 102.013 
599886 0.0357829 0.00250085 -43681.3 102.178 
600852 0.0331678 0.0162497 -44778.5 102.343 
601818 0.0533285 -0.0273798 -43641.1 102.508 
602784 0.0511144 0.0463934 -44237.3 102.674 
603750 0.033476 -0.031352 -44217.4 102.838 
604716 0.0199749 -0.00525884 -44401.1 103.003 
605682 0.0334553 0.0199763 -43541.1 103.167 
606648 0.0558055 0.0465329 -44373 103.332 
607614 0.0149477 -0.00626736 -44355.8 103.496 
608580 0.0301567 -0.00945438 -44021.3 103.661 
609546 0.0608252 0.0174462 -45319.2 103.826 
610512 0.0209261 -0.00236848 -45055.8 103.991 
611478 0.0516798 -0.029498 -44985.9 104.155 
612444 0.0422728 0.0010553 -44663.4 104.319 
613410 0.0655393 -0.0571199 -44962 104.483 
614376 0.0607105 0.0598872 -45048.1 104.648 
615342 0.0387052 0.0306022 -44717 104.813 
616308 0.0418283 0.0213904 -45410.9 104.977 
617274 0.0355287 -0.018823 -44771.5 105.142 
618240 0.0608604 0.001598 -45237.7 105.308 
619206 0.0390773 -0.0325753 -44457 105.473 
620172 0.0550446 -0.0268071 -44001 105.637 
621138 0.0858276 0.0626826 -45003.4 105.802 
622104 0.0381604 -0.00210562 -45298 105.967 
623070 0.0816392 0.0653066 -47026.6 106.132 
624036 0.0212823 0.00497253 -45758 106.297 
625002 0.0238786 -0.0186521 -45506.2 106.461 
625968 0.0629194 -0.00635162 -47021.9 106.626 
626934 0.0273495 -0.00642899 -45992.5 106.791 
627900 0.0450911 -0.0406981 -45232.8 106.956 
628866 0.0268596 -0.0265071 -46247.5 107.12 
629832 0.064285 0.0262826 -46098.5 107.285 
630798 0.045578 -0.0358314 -46446.2 107.45 
631764 0.0551015 0.0442981 -45377.4 107.615 
632730 0.041812 -0.011234 -46224.6 107.779 
633696 0.0737628 -0.00902969 -45394.5 107.944 
634662 0.0603528 -0.000933384 -46011.4 108.109 
635628 0.0573673 -0.00817602 -45895.9 108.274 
636594 0.0710481 -0.0253066 -45789.2 108.438 
637560 0.0363617 -0.000608048 -45389.8 108.603 
638526 0.0424861 0.0371766 -46019.4 108.768 
639492 0.0610097 0.0225895 -46494.3 108.933 
640458 0.0503923 0.0245571 -46194.2 109.097 
641424 0.0210273 -0.0183632 -45790.2 109.262 
642390 0.0396236 -0.0179358 -45716.2 109.427 
643356 0.0809192 0.0364761 -45812 109.592 
644322 0.0585041 0.0377593 -44679.1 109.757 
645288 0.0620421 0.0558206 -44115.8 109.922 
646254 0.0721355 0.0468131 -43983 110.087 
647220 0.0573792 0.0495129 -45218.9 110.251 
648186 0.029832 0.00432483 -43917.8 110.416 
649152 0.0520479 0.0332856 -43754.8 110.581 
650118 0.0543563 0.0427109 -43536.2 110.746 
651084 0.0358963 0.0252916 -43396.9 110.911 
652050 0.0531084 0.0417708 -43742.5 111.075 
653016 0.0630792 0.0454187 -43129.4 111.24 
653982 0.0734854 0.0663665 -43790.5 111.405 
654948 0.0595145 0.0496765 -43455 111.57 
655914 0.0714471 0.00545073 -43649.6 111.735 
656880 0.0871816 0.0741343 -44621.4 111.899 
657846 0.0396556 0.0172564 -44655.9 112.064 
658812 0.0544854 0.0452372 -45051.4 112.229 
659778 0.0590572 0.0299549 -44867.6 112.393 
660744 0.0452861 -0.0314457 -44825.3 112.558 
661710 0.0592532 0.0248848 -45834.2 112.723 
662676 0.0878674 -0.0640063 -46380.4 112.888 
663642 0.040287 0.0217314 -45645.7 113.053 
664608 0.0289444 -0.023482 -45416.1 113.218 
665574 0.0465694 -0.011267 -43303.1 113.382 
666540 0.0659041 0.0137908 -44045 113.547 
667506 0.0310513 -0.0102303 -43074.9 113.712 
668472 0.0116815 -0.00975948 -43074 113.877 
669438 0.0195362 0.00652701 -43186.9 114.042 
670404 0.0284009 -0.0141341 -42735.3 114.208 
671370 0.0703747 -0.0622729 -43658 114.372 
672336 0.0529519 0.0519368 -43340.2 114.536 
673302 0.0585705 0.0527331 -42379.1 114.701 
674268 0.072981 0.0695203 -44356.9 114.867 
675234 0.0113773 0.0113143 -44635.5 115.032 
676200 0.0567566 -0.0423444 -44213.7 115.196 
677166 0.0584397 -0.0408777 -43742.1 115.361 
678132 0.0469877 0.0106037 -44810.2 115.526 
679098 0.0280045 -0.0115881 -44002.4 115.691 
680064 0.0564161 -0.0164514 -44134.4 115.855 
681030 0.085659 -0.0654566 -43959.4 116.021 
681996 0.0674058 -0.0165143 -43782.1 116.185 
682962 0.0747611 -0.0518876 -44552.4 116.35 
683928 0.0475431 -0.0363122 -43858.8 116.514 
684894 0.0403483 -0.0108522 -44474.7 116.68 
685860 0.0433679 -0.0239807 -44148.8 116.844 
686826 0.0577707 -0.0158059 -43714.8 117.009 
687792 0.0292509 0.00814205 -42649.2 117.173 
688758 0.0910368 -0.0328672 -43031.3 117.337 
689724 0.0225578 0.0143953 -45642.8 117.502 
690690 0.0179331 -0.00530629 -47458.3 117.667 
691656 0.067721 -0.0246399 -46248.1 117.832 
692622 0.0387356 0.0248963 -47205 117.997 
693588 0.0680205 -0.0646785 -47292.3 118.162 
694554 0.0403861 -0.0145734 -46563.5 118.326 
695520 0.0342541 -0.0166596 -46261.1 118.491 
696486 0.0250687 -0.0091042 -45683.6 118.656 
697452 0.0604974 0.00209609 -45561 118.821 
698418 0.0626967 0.0623577 -43979.1 118.986 
699384 0.0545223 -0.000237529 -44063.7 119.151 
700350 0.0435364 0.0202158 -43925.5 119.315 
701316 0.0533079 -0.0336717 -44317 119.481 
702282 0.0499041 0.00745104 -43585.9 119.646 
703248 0.0688805 0.0543102 -43376.2 119.811 
704214 0.0147945 0.0080435 -43509.3 119.976 
705180 0.0199462 -0.0184775 -43147.5 120.141 
706146 0.02168 -0.0110062 -43687.7 120.306 
707112 0.0534924 -0.0182618 -44201.7 120.47 
708078 0.0667328 0.0505044 -43706.9 120.635 
709044 0.057793 -0.0494292 -45133.7 120.8 
710010 0.0309965 0.0132614 -45239.7 120.965 
710976 0.0456746 0.0404078 -44797.6 121.13 
711942 0.0487056 0.0230213 -44038.4 121.295 
712908 0.072556 0.0672918 -44988.4 121.459 
713874 0.053042 0.0518199 -43973.7 121.623 
714840 0.0816807 0.0769165 -44850 121.788 
715806 0.0641859 0.0600542 -44874.6 121.953 
716772 0.0467237 0.0161242 -44921.1 122.119 
717738 0.0579039 0.0195133 -44815.5 122.284 
718704 0.0596638 -0.0236574 -45904.4 122.449 
719670 0.062596 -0.00987701 -46508.3 122.614 
720636 0.0421674 -0.0339767 -46205.2 122.779 
721602 0.0747856 0.0356101 -45702.6 122.944 
722568 0.0400448 0.00840339 -45523.6 123.108 
723534 0.0935287 0.0788476 -45502 123.273 
724500 0.0742149 -0.00128192 -44428.5 123.438 
725466 0.0670795 -0.0329317 -44369.6 123.603 
726432 0.0438618 -0.00440971 -44964.7 123.767 
727398 0.0454051 -0.0441877 -45071.9 123.932 
728364 0.0366638 0.0348385 -44906.9 124.097 
729330 0.0167501 -0.00104737 -46230.4 124.261 
730296 0.0488786 0.0220901 -45957.1 124.426 
731262 0.0537607 -0.0343442 -46849 124.591 
732228 0.0326581 0.0207231 -46154.5 124.756 
733194 0.0313205 0.0279662 -44858.3 124.92 
734160 0.0477528 -0.0139829 -43766 125.085 
735126 0.079312 -0.0231821 -43935.2 125.25 
736092 0.0615412 -0.0322082 -42928.2 125.415 
737058 0.045708 -0.0150669 -44012.3 125.579 
738024 0.0822092 -0.000268117 -44647.2 125.744 
738990 0.0737352 0.0174523 -44492.7 125.91 
739956 0.0237141 -0.014977 -44607.9 126.075 
740922 0.0905653 -0.0683367 -44209.4 126.24 
741888 0.0476658 -0.0470708 -44587.1 126.405 
742854 0.0502951 -0.048754 -44767 126.57 
743820 0.0727509 -0.0650335 -44387.8 126.735 
744786 0.0503092 -0.0459603 -43954 126.9 
745752 0.0327099 -0.00199156 -44394.4 127.065 
746718 0.0174816 0.0151264 -44465 127.229 
747684 0.0163855 -0.00211279 -43535.2 127.394 
748650 0.0586207 -0.0339908 -43540.4 127.559 
749616 0.0396506 -0.0201419 -43156.8 127.724 
750582 0.0792979 -0.00194951 -45218.9 127.889 
751548 0.0387806 0.0213878 -43856.8 128.054 
752514 0.0607348 0.0292574 -43198.4 128.219 
753480 0.0519989 -0.00893438 -43785.9 128.384 
754446 0.0612184 -0.0305426 -43854.2 128.548 
755412 0.0298905 -0.0257977 -44316.3 128.713 
756378 0.0680745 -0.0645635 -44807.5 128.878 
757344 0.0747622 -0.0677085 -44620.4 129.043 
758310 0.0313728 -0.000673462 -44056.2 129.207 
759276 0.0486076 -0.0432798 -44749.2 129.372 
760242 0.0911123 -0.0576104 -44164 129.536 
761208 0.067076 -0.0438723 -44768.6 129.701 
762174 0.0968408 -0.0749463 -45249.3 129.866 
763140 0.0616517 -0.0515973 -45210.9 130.031 
764106 0.0587916 -0.000777332 -44204 130.195 
765072 0.0861734 -0.0392991 -44321.6 130.36 
766038 0.093216 0.00293658 -43670.8 130.525 
767004 0.0627242 0.0254862 -43977.9 130.69 
767970 0.0974928 0.0246456 -44320 130.854 
768936 0.0767271 0.05207 -44032.2 131.019 
769902 0.0372356 0.00496113 -43465.2 131.183 
770868 0.0748867 0.0697051 -42591.4 131.348 
771834 0.0210789 0.0105965 -43287.5 131.512 
772800 0.0277288 0.00074124 -44086.7 131.678 
773766 0.0368421 -0.0111578 -44730.1 131.842 
774732 0.0474743 -0.0131544 -45395.2 132.007 
775698 0.0236653 0.0128081 -45766.8 132.171 
776664 0.0668724 0.02736 -45213.2 132.336 
777630 0.0643456 0.0267473 -45407.6 132.501 
778596 0.0677084 0.0415412 -44721.8 132.665 
779562 0.0282601 -0.0066288 -45069.3 132.83 
780528 0.063717 0.0282004 -45992.9 132.994 
781494 0.0480814 -0.0184484 -45283.3 133.159 
782460 0.0418055 0.029782 -46581 133.324 
783426 0.0603265 0.0428857 -43769.8 133.489 
784392 0.0249727 0.0212799 -44098.8 133.653 
785358 0.0484059 0.00664756 -44232.8 133.818 
786324 0.0696339 -0.000581306 -43468.6 133.983 
787290 0.0539095 0.00964804 -44539 134.147 
788256 0.0388653 0.0205854 -44763.9 134.312 
789222 0.0291222 -0.00720463 -44772.8 134.477 
790188 0.0596758 -0.0294291 -45200.6 134.642 
791154 0.0354015 0.0179517 -44410.4 134.807 
792120 0.0303006 0.0255709 -44216.4 134.971 
793086 0.0643667 0.0391967 -44614.5 135.136 
794052 0.0491512 -0.00441311 -44867.9 135.301 
795018 0.0554821 0.0541996 -45269.8 135.466 
795984 0.0634052 0.00256248 -46353.6 135.631 
796950 0.0794105 -0.0184126 -46776.2 135.796 
797916 0.0372862 0.0072656 -45784.4 135.96 
798882 0.0766321 0.00183675 -45339 136.125 
799848 0.0436002 -0.0219122 -44981.7 136.29 
800814 0.0474133 0.0196282 -43090.3 136.455 
801780 0.051505 -0.0154302 -42520.5 136.619 
802746 0.0499014 0.00376948 -43651.8 136.784 
803712 0.0968213 -0.036528 -42991.1 136.949 
804678 0.0376358 0.00638366 -43654.3 137.114 
805644 0.0168914 0.00657771 -42788.1 137.278 
806610 0.0798098 -0.021394 -43061.8 137.444 
807576 0.0485507 -0.017581 -44213.2 137.608 
808542 0.0539943 -0.000190671 -44685 137.773 
809508 0.0607098 -0.0118107 -44458.4 137.938 
810474 0.035948 0.00293197 -43450.7 138.103 
811440 0.0543371 -0.0222909 -44938.6 138.268 
812406 0.0562833 -0.00184029 -44023.2 138.432 
813372 0.0863316 0.0721705 -44316.2 138.597 
814338 0.0448435 0.0145351 -44187.2 138.762 
815304 0.0727068 0.0144609 -43211.6 138.927 
816270 0.0314316 0.00473508 -43649.9 139.092 
817236 0.0570763 0.0404739 -43784.8 139.257 
818202 0.0551158 -0.0307284 -43638.8 139.422 
819168 0.0662261 -0.0554294 -43397.2 139.587 
820134 0.0646063 -0.0153708 -43824.8 139.751 
821100 0.0192755 0.00208163 -44920.9 139.917 
822066 0.0449602 0.0302346 -44788.2 140.082 
823032 0.0176495 0.0104549 -44391.7 140.247 
823998 0.049418 0.0493699 -44314.7 140.412 
824964 0.0511983 0.0275688 -44109.3 140.577 
825930 0.0660329 0.0529405 -43404.2 140.742 
826896 0.0575124 -0.0137851 -43982.4 140.907 
827862 0.0648544 -0.0486847 -42756.9 141.072 
828828 0.0399957 -0.0398067 -43614.2 141.236 
829794 0.0373049 0.0361498 -44877.8 141.401 
830760 0.0595365 0.0431964 -44752.7 141.565 
831726 0.0741661 0.0366155 -44888.4 141.729 
832692 0.0340461 0.0287183 -45165.9 141.895 
833658 0.0688552 0.0513419 -45362.7 142.059 
834624 0.0560268 -0.0509549 -45000.1 142.224 
835590 0.0826053 -0.00857811 -44993.5 142.389 
836556 0.0839035 0.0199522 -46847.3 142.554 
837522 0.0955543 0.0824625 -44375.2 142.718 
838488 0.0767303 0.0729376 -44097.7 142.883 
839454 0.0491049 0.0290894 -44358.4 143.048 
840420 0.0234093 0.0111291 -44936.8 143.212 
841386 0.0409499 -0.0126439 -44966.6 143.377 
842352 0.0869614 -0.0580299 -44052.9 143.541 
843318 0.0511678 -0.00371103 -43576.2 143.706 
844284 0.0600782 -0.00611775 -44007.4 143.87 
845250 0.0586837 0.0427063 -43418.8 144.035 
846216 0.0649302 0.0629387 -44647.2 144.2 
847182 0.0512957 0.0118871 -44827.7 144.365 
848148 0.0434824 0.0225705 -44694.6 144.53 
849114 0.0198817 -0.0197785 -44124.3 144.694 
850080 0.0489792 0.00952128 -44636.9 144.859 
851046 0.0937095 -0.0567369 -45449.1 145.024 
852012 0.027305 -0.0060446 -44874 145.188 
852978 0.035954 0.0319246 -45472.5 145.353 
853944 0.0722629 -0.0576232 -44922.5 145.517 
854910 0.0220787 0.0142804 -45352.8 145.682 
855876 0.0240208 0.00795671 -45185.7 145.847 
856842 0.0346366 0.00425735 -45396.3 146.011 
857808 0.0535448 -0.0386014 -45096.8 146.176 
858774 0.0278654 -0.0240936 -44749.2 146.341 
859740 0.0252498 -0.0192036 -44628 146.506 
860706 0.0372215 -0.0359897 -45183 146.67 
861672 0.0439138 -0.0387135 -44287 146.835 
862638 0.0340398 -0.0310831 -44656.2 147 
863604 0.0708538 -0.0254202 -43840.5 147.165 
864570 0.0899104 -0.036465 -44759.8 147.329 
865536 0.0868751 0.0296132 -44666.7 147.494 
866502 0.0724819 0.00524466 -45509.3 147.659 
867468 0.0751878 -0.0260106 -44360.5 147.823 
868434 0.0644865 -0.0423998 -45759.2 147.988 
869400 0.0275105 -0.0220622 -46588.5 148.153 
870366 0.0441475 -0.0279118 -45738.5 148.318 
871332 0.0597415 0.0203539 -44919.9 148.483 
872298 0.0720195 -0.036008 -45173.1 148.647 
873264 0.057204 -0.0353944 -45574.8 148.811 
874230 0.0547639 -0.0211027 -44743.5 148.976 
875196 0.0612423 -0.0158334 -44283.7 149.141 
876162 0.0310697 0.0246337 -44928.8 149.306 
877128 0.0215511 -0.0155953 -44622.8 149.471 
878094 0.0667682 -0.0510862 -44666.5 149.635 
879060 0.0555942 0.0084657 -44633.4 149.8 
880026 0.0586396 0.0108398 -45224.2 149.965 
880992 0.0873742 0.0661058 -44294.6 150.13 
881958 0.0958456 0.0699021 -46183.8 150.294 
882924 0.051196 0.00545723 -45774.9 150.459 
883890 0.0387542 0.0270454 -46358.2 150.623 
884856 0.0572852 0.0318576 -46886.7 150.789 
885822 0.0427609 -0.0178192 -46581.7 150.953 
886788 0.0772941 -0.0620801 -44833.5 151.119 
887754 0.067367 -0.0551413 -44775.2 151.284 
888720 0.0311069 -0.019994 -42752.1 151.449 
889686 0.0673441 -0.0584557 -44031.3 151.613 
890652 0.0351254 -0.0267785 -44842.4 151.778 
891618 0.0572744 -0.0540395 -44893.5 151.944 
892584 0.0395248 0.03911 -44119.2 152.108 
893550 0.0435614 -0.0155225 -44302.8 152.273 
894516 0.0931068 0.0606389 -44128.3 152.437 
895482 0.0687624 -0.0358719 -45504.8 152.602 
896448 0.0316142 -0.00418388 -45162.7 152.767 
897414 0.0366328 0.0226772 -45696.7 152.931 
898380 0.0456482 0.0250711 -46029.1 153.096 
899346 0.0717142 -0.0280913 -47068.9 153.261 
900312 0.0328131 -0.00849854 -46690.2 153.425 
901278 0.102949 0.0220863 -46870.3 153.589 
902244 0.075432 0.0453976 -46159.4 153.754 
903210 0.0356391 0.0122732 -45936.5 153.918 
904176 0.0151696 0.00245046 -45846.2 154.083 
905142 0.0269477 -0.0108521 -45436.7 154.248 
906108 0.026207 -1.40897e-05 -46067.2 154.413 
907074 0.0425073 -0.0217753 -45791.9 154.578 
908040 0.070058 0.0340659 -44994.9 154.742 
909006 0.0965523 -0.00696574 -45171.8 154.907 
909972 0.100388 -0.0640877 -45523.5 155.071 
910938 0.0379233 -0.00770066 -44753.8 155.236 
911904 0.0722857 -0.0397536 -46476.7 155.4 
912870 0.0493588 -0.0448493 -45155.1 155.565 
913836 0.026413 -0.022235 -45393.8 155.73 
914802 0.0592178 -0.0567164 -45550.8 155.895 
915768 0.0468589 -0.0362817 -45581.7 156.059 
916734 0.024147 -0.0189504 -43894 156.224 
917700 0.0252763 -0.0177921 -44272 156.389 
918666 0.0312164 0.0276984 -44004.3 156.554 
919632 0.0380634 0.0363351 -43498.1 156.718 
920598 0.0454509 0.018853 -45702 156.883 
921564 0.042335 0.0110131 -45582.5 157.047 
922530 0.0411052 0.0184869 -44078.4 157.211 
923496 0.0375981 0.00438126 -44741.4 157.376 
924462 0.055143 -0.00637197 -44107.6 157.54 
925428 0.00739268 0.000244061 -44634.3 157.705 
926394 0.0389049 -0.00371984 -42899.1 157.869 
927360 0.0396021 0.020594 -44596.5 158.033 
928326 0.0731807 0.00927084 -44962.9 158.198 
929292 0.0844809 -0.0203056 -43744.8 158.363 
930258 0.0613175 0.0429691 -44158.5 158.528 
931224 0.0332378 -0.00228784 -45348 158.693 
932190 0.0209984 -0.0188501 -44889.7 158.857 
933156 0.0253358 0.0148428 -45566.7 159.022 
934122 0.0544778 -0.0418334 -45648.9 159.186 
935088 0.0452886 0.0114936 -45818.9 159.351 
936054 0.021856 0.0122548 -45013.6 159.515 
937020 0.0255478 -0.0107866 -44692.5 159.679 
937986 0.0303257 0.000729457 -45838.3 159.844 
938952 0.0626676 0.0518977 -45998.2 160.008 
939918 0.0598137 0.018279 -45952.5 160.173 
940884 0.0630835 0.0386005 -46173.5 160.339 
941850 0.0351622 -0.0229877 -45522.5 160.505 
942816 0.0225261 -0.000841579 -45185 160.669 
943782 0.0272455 -0.0169967 -44919.8 160.833 
944748 0.0564981 -0.0492159 -45476.8 160.998 
945714 0.0647831 -0.0200953 -45492 161.162 
946680 0.0316053 0.0204638 -45090.5 161.328 
947646 0.0431469 0.0166927 -44600.6 161.492 
948612 0.0355691 -0.0142592 -44068.8 161.658 
949578 0.0426273 0.00866711 -45224.8 161.822 
950544 0.0297525 0.0187031 -44645 161.986 
951510 0.0082436 0.00656586 -44917.3 162.151 
952476 0.0863667 0.0186266 -44548.6 162.316 
953442 0.0277535 -0.00399501 -45419.8 162.48 
954408 0.0529142 0.0265188 -45612.3 162.645 
955374 0.0562679 -0.0146308 -45916.6 162.809 
956340 0.030766 -0.00557979 -45108.2 162.974 
957306 0.051729 -0.0432266 -44428.1 163.139 
958272 0.0860292 -0.0307723 -43984.7 163.304 
959238 0.091014 -0.0782079 -45330.7 163.469 
960204 0.0625725 -0.0389242 -44347.1 163.634 
961170 0.0646732 -0.00312181 -45059.7 163.799 
962136 0.0654715 0.00614432 -45025.4 163.964 
963102 0.0768382 0.0583811 -44292.6 164.129 
964068 0.0533835 -0.018516 -43793.8 164.294 
965034 0.0194792 -0.00181308 -45125.1 164.459 
966000 0.0261675 -0.0161061 -46039.7 164.624 
