0 0.0152162 -0.00593909 -33652 0 
966 0.0435506 -0.0252292 -38917.7 0.150133 
1932 0.0826985 0.046169 -42231.5 0.306262 
2898 0.0776154 0.0040625 -41772.9 0.458944 
3864 0.0699272 -0.0340621 -41965.8 0.612531 
4830 0.0195994 -0.0144254 -44094.4 0.763844 
5796 0.0673399 -0.0639116 -43823.7 0.914815 
6762 0.072719 0.0195856 -44254.4 1.0653 
7728 0.0262613 -0.0231124 -44646.9 1.21706 
8694 0.0324336 0.0286034 -46336.9 1.36882 
9660 0.0448625 0.0177269 -44781.9 1.52067 
10626 0.0444312 0.0143149 -45755.8 1.67213 
11592 0.0922903 0.0756299 -44636 1.82377 
12558 0.04922 0.0412046 -43966.3 1.97488 
13524 0.0336374 0.0119856 -44144.6 2.12593 
14490 0.0320828 -0.0276655 -45839.6 2.27817 
15456 0.0691369 0.0594342 -46417.1 2.4297 
16422 0.0943433 0.0118086 -46510.5 2.58138 
17388 0.0543649 -0.00718761 -45713.2 2.73354 
18354 0.0348299 -0.00924561 -43890.6 2.88496 
19320 0.0271369 -0.00500512 -43939.9 3.03696 
20286 0.036792 0.0268952 -43822.6 3.1891 
21252 0.0711718 0.065694 -44114.3 3.34144 
22218 0.0389903 0.0191633 -44127.8 3.493 
23184 0.0205329 -0.0162463 -43562.8 3.6444 
24150 0.0578087 0.0138743 -44150 3.80099 
25116 0.0442476 0.0421876 -44898.8 3.9527 
26082 0.0375449 -0.036395 -45457.6 4.10421 
27048 0.0326176 -0.00599467 -44714.2 4.25519 
28014 0.0684327 -0.0272402 -44334.7 4.40641 
28980 0.0551914 -0.0268988 -45566.4 4.55714 
29946 0.0429135 -0.0307358 -45514.5 4.70844 
30912 0.0354373 -0.0157743 -46099.7 4.86596 
31878 0.0362024 -0.0031215 -45430.4 5.01722 
32844 0.0791294 -0.0513715 -46823.9 5.1693 
33810 0.0433633 0.00426568 -44940.7 5.32111 
34776 0.0457813 -0.0334442 -44428.9 5.47254 
35742 0.0404556 -0.0266383 -43886.3 5.62459 
36708 0.0489713 -0.0457393 -44093.4 5.77678 
37674 0.052695 0.00872153 -45032.8 5.92908 
38640 0.0672126 -0.043952 -43712.6 6.0816 
39606 0.0346383 -0.0122375 -44251.7 6.23878 
40572 0.0479405 0.0377219 -44498.8 6.39102 
41538 0.0282539 -0.0135376 -44443.1 6.54282 
42504 0.0498677 -0.0439641 -44171 6.6949 
43470 0.0453539 -0.0322302 -44935.9 6.84713 
44436 0.0453943 -0.0303992 -43766.9 6.99889 
45402 0.0408893 -0.0184756 -43135.6 7.15089 
46368 0.0397839 -0.0136767 -43956.5 7.30332 
47334 0.0446992 0.0108229 -42449.8 7.45547 
48300 0.019828 0.00942738 -42532.3 7.60702 
49266 0.0374718 0.0171531 -42961.8 7.75848 
50232 0.0705619 0.0132147 -44237.5 7.91068 
51198 0.057184 0.0182016 -44717.9 8.06263 
52164 0.0623405 0.0148421 -44427.5 8.21452 
53130 0.0722126 -0.0322419 -44713.4 8.36675 
54096 0.0572262 -0.00448854 -45877.3 8.51862 
55062 0.0404192 0.0393903 -45017.3 8.67002 
56028 0.0597617 0.0486507 -45753.8 8.82068 
56994 0.0526971 0.0197004 -44724.6 8.97226 
57960 0.0320588 0.0300164 -45045.8 9.12345 
58926 0.0632655 0.0387935 -45081.1 9.27462 
59892 0.0523205 0.038382 -45966.7 9.42621 
60858 0.0319683 -0.00993437 -46202.5 9.57786 
61824 0.0122186 0.00267667 -46409.1 9.72951 
62790 0.0345434 0.0325007 -45314 9.88124 
63756 0.0532644 0.0447875 -44505.8 10.0328 
64722 0.039998 -0.027166 -44231.4 10.185 
65688 0.0580213 -0.0556899 -44990.9 10.3372 
66654 0.0726493 0.00163188 -44845.5 10.4888 
67620 0.0724106 -0.0618112 -44751.1 10.6402 
68586 0.0319561 -0.0113691 -45274.8 10.7917 
69552 0.0310063 -0.013732 -45563.6 10.9432 
70518 0.0308128 0.0255386 -45642.2 11.0938 
71484 0.0261399 0.0230311 -45173.8 11.2449 
72450 0.0274784 0.0102543 -45363.9 11.3955 
73416 0.0386029 0.00219936 -45571.5 11.547 
74382 0.0397629 0.0204738 -45047.3 11.6979 
75348 0.0440846 -0.019748 -45023.4 11.849 
76314 0.0898793 0.00467359 -45668.7 12.0003 
77280 0.03815 -0.00381097 -45371.2 12.1524 
78246 0.0323563 0.0251719 -44990.7 12.3041 
79212 0.0271163 0.0235951 -46029.5 12.4556 
80178 0.0883485 0.0310079 -45038.6 12.6073 
81144 0.0679608 0.0553827 -43954.9 12.7595 
82110 0.0575403 0.0435523 -43336.3 12.913 
83076 0.00652605 0.0039351 -44127.5 13.0655 
84042 0.0132588 0.00780385 -43559.9 13.2192 
85008 0.101023 0.0959102 -43724.5 13.3712 
85974 0.0156999 -0.00746619 -44298.1 13.5234 
86940 0.0731124 -0.0729312 -45527.1 13.6747 
87906 0.0430627 0.0409045 -44197.4 13.8258 
88872 0.0581178 0.0129755 -44964.1 13.9771 
89838 0.0349275 0.0268591 -46229.1 14.1275 
90804 0.0583823 -0.057645 -45849.9 14.2788 
91770 0.0477799 -0.0313466 -45312.3 14.43 
92736 0.0702421 -0.060271 -43471.7 14.5809 
93702 0.0560323 -0.0161083 -43618.4 14.732 
94668 0.0542702 0.00922188 -43494.8 14.8838 
95634 0.0405747 0.0124086 -43927.3 15.0347 
96600 0.0528639 0.0139765 -43352 15.1859 
97566 0.0320333 0.0299723 -44136.2 15.337 
98532 0.0304747 0.0196833 -43472.3 15.4887 
99498 0.0619021 0.00547568 -43564.7 15.6398 
100464 0.0515039 0.0329739 -44775.8 15.7902 
101430 0.0378195 -0.000904949 -44962.9 15.9411 
102396 0.0476888 -0.00689286 -44239.9 16.0928 
103362 0.0593722 -0.0584043 -45562.9 16.2434 
104328 0.085757 -0.0807038 -45309.2 16.3943 
105294 0.0672713 -0.0523164 -44515.2 16.5457 
106260 0.0338209 0.0154806 -45070.8 16.6966 
107226 0.0248397 -0.0199348 -44658.7 16.8474 
108192 0.0436701 -0.0267793 -44489.5 16.9985 
109158 0.0388471 0.00440772 -44432.7 17.1498 
110124 0.0189082 -0.0151245 -45039.1 17.3006 
111090 0.0538807 -0.000431772 -43653.3 17.4521 
112056 0.0414815 0.0346469 -44025.4 17.6039 
113022 0.0327246 -0.00814564 -45107.9 17.7544 
113988 0.0190662 0.0134451 -45545.1 17.9049 
114954 0.0701824 0.0268753 -44072.8 18.0561 
115920 0.0237462 0.00807504 -45394.5 18.2073 
116886 0.0366062 0.0192133 -43497 18.3585 
117852 0.0430531 0.0252241 -43704.6 18.51 
118818 0.0417994 -0.0122315 -44860.7 18.6619 
119784 0.0339094 -0.0203835 -44405.2 18.8143 
120750 0.0145823 0.00774297 -44294.2 18.9665 
121716 0.0556007 -0.0298752 -44933.1 19.118 
122682 0.0205231 0.0147579 -44489.2 19.2699 
123648 0.02436 -0.00728008 -44127.6 19.4212 
124614 0.023483 0.0169001 -45382.2 19.5727 
125580 0.0252727 -0.0169435 -44300.1 19.7242 
126546 0.0255987 -0.00226729 -45439.9 19.8755 
127512 0.0233026 -0.0225007 -45406.4 20.0267 
128478 0.0180156 0.01131 -46168 20.1778 
129444 0.031498 0.0295862 -44866.5 20.3295 
130410 0.0270589 -0.0140821 -44937.2 20.4804 
131376 0.0489393 0.0362603 -45770.6 20.6315 
132342 0.0701483 0.0215449 -44745.5 20.7824 
133308 0.0419288 -0.00287233 -44822.7 20.9331 
134274 0.0532176 -0.0420737 -44753.3 21.0838 
135240 0.0577631 -0.0546897 -45696.7 21.2357 
136206 0.0394243 -0.0378339 -44649 21.3867 
137172 0.0273561 -0.0254265 -44402 21.5384 
138138 0.0320657 0.0278523 -44563.7 21.691 
139104 0.0212841 -0.00736661 -45418.1 21.8428 
140070 0.0785217 -0.0454098 -47616.4 21.9954 
141036 0.0792161 -0.0623084 -45457.4 22.1483 
142002 0.0395621 0.0236356 -44407.1 22.3003 
142968 0.069875 -0.0380396 -43984 22.4522 
143934 0.0591799 -0.0401711 -45014.3 22.6046 
144900 0.0409909 -0.0367656 -43677.3 22.7569 
145866 0.0659318 -0.0481886 -43499.6 22.9092 
146832 0.0509686 -0.00670121 -44064.7 23.0607 
147798 0.0678149 -0.0246527 -44142.4 23.2118 
148764 0.0620042 -0.00502297 -44425.9 23.3632 
149730 0.0328365 -0.0208621 -45763.4 23.5145 
150696 0.0718945 -0.0322054 -44702.6 23.6654 
151662 0.0427347 0.0130538 -43401.1 23.8168 
152628 0.0534257 -0.00963975 -43625.3 23.9684 
153594 0.0305002 0.0157271 -43044.9 24.1204 
154560 0.0631756 0.0404905 -43543.3 24.272 
155526 0.0254976 0.00395522 -44363.3 24.4232 
156492 0.0354779 0.0147829 -45143.9 24.5747 
157458 0.0255873 0.0138924 -45211.5 24.7261 
158424 0.0532117 0.0248538 -44878.5 24.8768 
159390 0.0598136 -0.0105608 -44789.1 25.0276 
160356 0.0890705 -0.0401602 -45212.3 25.1797 
161322 0.0775591 -0.0382033 -45160.2 25.3314 
162288 0.0309051 -0.0266613 -44960.9 25.4835 
163254 0.0602067 -0.0109474 -45345.7 25.6351 
164220 0.083892 -0.00614554 -45435.9 25.7869 
165186 0.070871 -0.0360839 -45861.8 25.9386 
166152 0.0354943 -0.0072674 -45826.3 26.091 
167118 0.0335192 -0.0130251 -45532.3 26.2425 
168084 0.0516269 -0.000179369 -46324.9 26.3952 
169050 0.0288832 -0.0112136 -45204.7 26.5474 
170016 0.058381 0.00978178 -45091 26.6996 
170982 0.0399778 0.0324776 -45441.1 26.8514 
171948 0.0767499 -0.0522935 -45097.8 27.0029 
172914 0.0549703 0.0438976 -43951.7 27.1541 
173880 0.0781392 0.0623896 -43017.7 27.3055 
174846 0.0576561 0.0292966 -43709.6 27.4568 
175812 0.0368767 -0.023099 -43006.9 27.6075 
176778 0.0539203 -0.0107103 -44833.7 27.7586 
177744 0.0339799 0.0174523 -44462 27.9094 
178710 0.0432356 -0.03325 -45526.2 28.0607 
179676 0.046215 0.0149797 -44844.5 28.2118 
180642 0.034652 0.0325865 -44129.8 28.3626 
181608 0.0100803 0.00505871 -45312.6 28.5139 
182574 0.0306215 -0.0275692 -45534.8 28.665 
183540 0.0254107 0.0011398 -44082.5 28.816 
184506 0.0444435 0.0144071 -44369.5 28.9673 
185472 0.018992 -0.00512005 -43601.8 29.1183 
186438 0.0477085 -0.0308168 -43525 29.2691 
187404 0.0653357 -0.0268835 -42646.3 29.4201 
188370 0.0594062 0.0149831 -43438.5 29.5714 
189336 0.0315551 0.00803891 -42603.9 29.7227 
190302 0.039378 0.0215206 -43255.3 29.8738 
191268 0.0455625 0.00411286 -43998.4 30.0247 
192234 0.068142 -0.0352459 -43818.4 30.1756 
193200 0.0643925 -0.0352801 -44013 30.3269 
194166 0.0250214 0.0090074 -44965.8 30.4786 
195132 0.0898438 -0.0203822 -44962.9 30.6302 
196098 0.0724769 -0.00156213 -44579.4 30.7818 
197064 0.0904709 -0.0714329 -45662.9 30.9331 
198030 0.0373127 -0.032905 -46033.6 31.0854 
198996 0.0813416 0.0396935 -45484.9 31.24 
199962 0.0783379 -0.0113611 -44622.3 31.3969 
200928 0.0523785 -0.0310999 -44062.2 31.5547 
201894 0.0469912 0.0173844 -44225.3 31.7063 
202860 0.062408 0.0246278 -44935.7 31.8581 
203826 0.0650445 0.0206482 -45532.6 32.0097 
204792 0.0508978 -0.030118 -45210.2 32.1612 
205758 0.0648443 -0.0557648 -44284.3 32.3135 
206724 0.0803907 -0.0665631 -44696.3 32.466 
207690 0.0705155 -0.0188073 -44804.1 32.6177 
208656 0.0518694 -0.0470209 -43815.8 32.7697 
209622 0.03366 -0.0253898 -42974.7 32.9211 
210588 0.0620008 0.061648 -43766.4 33.0741 
211554 0.0468717 0.0307698 -44858.2 33.226 
212520 0.0847202 0.00630459 -44913.8 33.3773 
213486 0.0673832 -0.00278794 -45155.8 33.5288 
214452 0.0851483 -0.00654018 -45206.6 33.6811 
215418 0.0710612 -0.00308169 -47106.8 33.8331 
216384 0.0821707 -0.0281092 -46933.5 33.9838 
217350 0.0926772 -0.0486376 -46106.9 34.1363 
218316 0.0438672 0.0249081 -44337.7 34.2883 
219282 0.0418527 -0.0358213 -44278.3 34.4397 
220248 0.0688072 -0.024683 -44370.5 34.5908 
221214 0.0665975 -0.0396017 -44708.5 34.7418 
222180 0.0859253 -0.073502 -42965.8 34.8933 
223146 0.051397 -0.043314 -43732.9 35.0442 
224112 0.0846695 -0.0582937 -44317.8 35.1954 
225078 0.0754451 0.0273263 -44687.2 35.3464 
226044 0.0621785 -0.0355852 -43933.8 35.4983 
227010 0.0649814 -0.00293629 -43755.3 35.6515 
227976 0.0507888 0.0157273 -44248.9 35.8029 
228942 0.0605415 0.0114305 -45046.4 35.9541 
229908 0.0427202 0.0121042 -45208.8 36.1048 
230874 0.0595365 -0.0145654 -44950.3 36.2551 
231840 0.0560982 -0.00181382 -44353.6 36.4062 
232806 0.0418696 -0.0179103 -43412 36.5569 
233772 0.0616154 -0.0217947 -44099.7 36.7076 
234738 0.0551997 0.0441017 -43589.8 36.8585 
235704 0.0212536 -0.00658126 -43899.2 37.01 
236670 0.041202 -0.0329536 -44519.2 37.1614 
237636 0.0242293 -0.00105592 -45079.1 37.3148 
238602 0.0484693 0.034567 -45108.6 37.4662 
239568 0.0620715 -0.037428 -44040.5 37.6172 
240534 0.0781452 0.00401805 -44318.3 37.7681 
241500 0.0238345 -0.00264145 -43712.9 37.9194 
242466 0.0275741 -0.00928459 -43495 38.0701 
243432 0.032054 -0.00925029 -43463.3 38.2214 
244398 0.0622036 0.0387394 -43551.9 38.3724 
245364 0.0359825 0.00522194 -44123.8 38.523 
246330 0.0251656 -0.0129651 -43833.3 38.6741 
247296 0.0687356 -0.0556504 -43739.4 38.8253 
248262 0.0755663 0.0486077 -44694.1 38.9766 
249228 0.0831379 0.00859256 -46410.7 39.1272 
250194 0.0888125 0.00271807 -46046.7 39.2779 
251160 0.0622317 0.0210272 -46710.4 39.4294 
252126 0.0407826 0.0110694 -44861.2 39.5819 
253092 0.0753237 0.00434088 -44882.2 39.7341 
254058 0.0353896 -0.00135047 -44617.7 39.8864 
255024 0.0320989 0.023862 -44325.3 40.0385 
255990 0.0582297 0.0403406 -45106.3 40.1915 
256956 0.0378786 0.017082 -44941.7 40.3441 
257922 0.0271582 0.00699366 -44051.2 40.4955 
258888 0.0367063 0.036103 -43522.7 40.6469 
259854 0.0501395 0.0103053 -44765.4 40.7982 
260820 0.0963831 0.0712801 -44857 40.9489 
261786 0.0596272 0.0520725 -44726.7 41.1021 
262752 0.0358943 0.0300879 -44650.8 41.2542 
263718 0.0240986 -0.0121912 -44198.6 41.4053 
264684 0.0529584 -0.00373093 -44424.8 41.5566 
265650 0.0422921 0.00144842 -44768.5 41.7074 
266616 0.0778797 -0.0552565 -45303.8 41.8589 
267582 0.0614173 -0.0465349 -44493.3 42.0107 
268548 0.0294211 0.0223061 -44908.1 42.1621 
269514 0.0510694 0.0062037 -44647.2 42.3136 
270480 0.0964261 -0.00404932 -45063 42.465 
271446 0.0781992 -0.0140826 -45226 42.617 
272412 0.0563806 -0.0174515 -45118.8 42.7692 
273378 0.0535899 0.0235373 -44394.4 42.9216 
274344 0.0317474 0.0247944 -45626.5 43.0729 
275310 0.0450143 0.0231436 -44335.5 43.2249 
276276 0.0531265 0.0482366 -45331.4 43.377 
277242 0.0808909 0.0618559 -45033.4 43.5289 
278208 0.0486955 0.0100005 -45910 43.68 
279174 0.0639222 0.0301002 -46129.5 43.8324 
280140 0.0718175 0.00613138 -45818.3 43.9841 
281106 0.0929222 -0.00359059 -46282.3 44.1362 
282072 0.0609381 0.0507738 -45657.8 44.2887 
283038 0.042992 0.0347866 -45190.5 44.4406 
284004 0.0753669 0.0655236 -43779.2 44.5931 
284970 0.0297608 -0.0251805 -44406.7 44.7469 
285936 0.0288123 -0.0264255 -44931.3 44.8984 
286902 0.0484974 -0.0161683 -44906.9 45.0506 
287868 0.0184567 0.00566186 -45060.5 45.2015 
288834 0.035246 -0.0217074 -45259.4 45.3531 
289800 0.0541657 -0.0406681 -44226.4 45.5039 
290766 0.0613227 0.00838294 -44810.8 45.6561 
291732 0.0186184 -0.00452772 -46001.2 45.8154 
292698 0.0502951 -0.0250143 -46034.1 45.9741 
293664 0.0622811 0.0547027 -45740.8 46.1294 
294630 0.0360086 -0.0105177 -45799 46.2804 
295596 0.0114108 -0.0103075 -45551.4 46.4315 
296562 0.022642 0.0124782 -46242.3 46.5829 
297528 0.0615791 0.00210527 -44906 46.7346 
298494 0.0515316 -0.00729126 -45256.7 46.8864 
299460 0.0677169 0.00485738 -46909 47.0393 
300426 0.0260794 0.00113302 -45814.1 47.1924 
301392 0.0190613 0.00969765 -45589.4 47.3436 
302358 0.0333823 -0.005086 -45319.4 47.4948 
303324 0.0619038 -0.0102092 -45106.1 47.6461 
304290 0.0947368 -0.0810781 -45691.2 47.7975 
305256 0.0347632 -0.0317662 -45053.8 47.9491 
306222 0.0585956 -0.0416819 -45993.9 48.1011 
307188 0.0310437 -0.00989875 -45866.4 48.2521 
308154 0.0930526 -0.0645322 -45704.8 48.4032 
309120 0.0261806 -0.0249885 -43785 48.5546 
310086 0.030465 -0.0250908 -43907 48.7058 
311052 0.0532533 -0.0505776 -44908.4 48.8573 
312018 0.0349396 -0.0134848 -46056.9 49.0086 
312984 0.0222405 -0.0170742 -45316.2 49.1597 
313950 0.0598681 -0.0496894 -44641.9 49.3112 
314916 0.0388676 0.0188625 -46038.6 49.4621 
315882 0.0548078 0.0273771 -44860 49.6132 
316848 0.0580768 0.0154531 -44299.1 49.7648 
317814 0.0602647 0.0201068 -45363 49.9154 
318780 0.0414172 -0.014238 -45166.2 50.0668 
319746 0.100078 -0.0792822 -46750.7 50.2186 
320712 0.0867564 -0.025867 -47130.6 50.3703 
321678 0.0293765 -0.0168373 -46399.6 50.5215 
322644 0.024445 0.0161527 -45750.8 50.6727 
323610 0.0386172 -0.00539371 -43210.2 50.824 
324576 0.0418454 0.0258779 -44790.2 50.9753 
325542 0.0531762 -0.0430675 -45772.2 51.1277 
326508 0.0494491 -0.00578016 -45093.5 51.2805 
327474 0.050541 -0.0399707 -44214.8 51.433 
328440 0.027008 0.0116583 -44462.6 51.585 
329406 0.0391774 0.020275 -45069.1 51.7366 
330372 0.0408621 -0.00799309 -45115.6 51.8884 
331338 0.0182709 0.00383281 -46005.3 52.0405 
332304 0.0232178 0.0197302 -44850.9 52.1919 
333270 0.0433572 0.0380676 -44426.4 52.3437 
334236 0.0639428 -0.0333424 -46027.6 52.4955 
335202 0.0456872 -0.000797586 -46197.1 52.6473 
336168 0.0465032 -0.0350345 -45077.5 52.7988 
337134 0.0949073 -0.0911783 -45515.8 52.9501 
338100 0.0748068 0.0176715 -44632.3 53.1019 
339066 0.0575753 0.029744 -44680 53.254 
340032 0.0309211 -0.0303827 -44254.7 53.4052 
340998 0.0342841 -0.0187602 -44718.3 53.5568 
341964 0.034089 -0.031705 -45078.1 53.7088 
342930 0.0237251 0.0138444 -46086.2 53.8607 
343896 0.0905038 -0.0600934 -45904.9 54.0124 
344862 0.0263291 0.00198698 -45110.1 54.1644 
345828 0.0878865 -0.0810595 -46394.4 54.3162 
346794 0.0786587 -0.0767502 -45944.4 54.4676 
347760 0.0496634 0.0217155 -44217.5 54.6191 
348726 0.0469077 0.0027938 -44655.5 54.7706 
349692 0.0701536 -0.00800317 -44882.1 54.9226 
350658 0.0542032 -0.0253542 -43709 55.074 
351624 0.0167071 0.00210176 -43437.7 55.2251 
352590 0.0275461 0.0018927 -44111.6 55.3776 
353556 0.0644229 0.00792143 -44938.2 55.5299 
354522 0.0293636 -0.0110199 -45289.2 55.6823 
355488 0.0931084 0.0507946 -45877.9 55.8348 
356454 0.0429018 0.00714877 -45122.8 55.9871 
357420 0.0186752 0.0113731 -45374.6 56.1389 
358386 0.0274071 0.0265417 -45035.6 56.2912 
359352 0.0556286 -0.00832788 -44959.2 56.4432 
360318 0.0724359 -0.00366159 -45319.9 56.5957 
361284 0.0562126 0.0267326 -45089.9 56.7479 
362250 0.059547 -0.00790281 -45878 56.9 
363216 0.0673399 0.0583909 -45172.8 57.0524 
364182 0.0277375 -0.0148032 -44791.9 57.2049 
365148 0.0370084 0.0366739 -45471.2 57.3577 
366114 0.0463608 0.00531463 -46250.2 57.5099 
367080 0.0170549 0.00461117 -45427.5 57.6621 
368046 0.0554481 0.0224206 -44862.1 57.8143 
369012 0.0202079 0.0108127 -44137.5 57.9667 
369978 0.0414666 0.0206736 -43684.4 58.1178 
370944 0.0407732 0.0262691 -44523.3 58.2693 
371910 0.0438304 0.0329366 -43820.4 58.4207 
372876 0.0822806 0.0519859 -45033.9 58.5717 
373842 0.0603581 0.0178953 -45155.1 58.7229 
374808 0.0381182 0.0326201 -45052.7 58.8739 
375774 0.0485715 0.0458967 -45779.5 59.0252 
376740 0.049127 0.0345371 -45016.8 59.177 
377706 0.0620974 -0.0283954 -45754.1 59.329 
378672 0.048807 -0.0371299 -44887 59.4814 
379638 0.089336 -0.0819685 -45036.6 59.6332 
380604 0.0319619 0.00811253 -45998.5 59.7855 
381570 0.0298176 0.00861851 -45361.1 59.9376 
382536 0.0763347 -0.054578 -46289.1 60.0887 
383502 0.0844258 -0.0645206 -46145.9 60.2406 
384468 0.0409585 -0.0169617 -45891.3 60.3921 
385434 0.0402333 -0.00738565 -45345.3 60.5472 
386400 0.0597294 -0.0562446 -45181.4 60.6997 
387366 0.0613251 0.0154763 -45135.1 60.8541 
388332 0.018033 0.00383227 -45304.7 61.0061 
389298 0.0398876 0.00144378 -45059.6 61.1578 
390264 0.0155342 0.0109045 -44569.2 61.3095 
391230 0.0640226 0.00465636 -45294.2 61.4609 
392196 0.049366 0.0112806 -45513 61.6122 
393162 0.0721836 0.0295218 -43492.1 61.7641 
394128 0.0470813 0.00781136 -44452.3 61.9158 
395094 0.0830941 0.0396837 -44689.4 62.0671 
396060 0.0569183 -0.00823783 -45403.3 62.2186 
397026 0.0326247 -0.00262844 -44571.4 62.3704 
397992 0.0442179 0.00165846 -45363.7 62.5218 
398958 0.0239234 -0.019433 -44707.1 62.6734 
399924 0.0294822 -0.0127181 -44035.7 62.8255 
400890 0.0304158 0.0122909 -44625.7 62.9781 
401856 0.044454 -0.00922444 -45141.3 63.1305 
402822 0.0683249 0.0109664 -45073.8 63.283 
403788 0.0343161 -0.00753386 -45561.6 63.4394 
404754 0.0623758 -0.0125483 -45200 63.5997 
405720 0.0286838 -0.0259884 -44850.5 63.7513 
406686 0.0423375 0.0247197 -44657.3 63.9023 
407652 0.0510431 0.0318296 -45331.3 64.0538 
408618 0.0635224 -0.0413048 -45301.6 64.2057 
409584 0.0274268 -0.0251948 -45512.4 64.3571 
410550 0.059054 -0.0140884 -44646.8 64.5083 
411516 0.0680683 0.0370787 -45921.1 64.6598 
412482 0.0800399 0.0331948 -46049.1 64.8121 
413448 0.0966984 -0.042324 -46532.9 64.9635 
414414 0.0988696 0.00820879 -45928.6 65.1147 
415380 0.156456 -0.0461507 -45395.6 65.2661 
416346 0.0837577 -0.0109447 -44566.6 65.4181 
417312 0.0543315 -0.00883683 -45645.9 65.572 
418278 0.0399612 0.00749379 -45742 65.7237 
419244 0.0933172 -0.0329149 -45552.1 65.8753 
420210 0.0600685 -0.0250068 -46390.3 66.0276 
421176 0.0555995 -0.0211678 -46199.2 66.1794 
422142 0.0608053 -0.0542062 -45911 66.3311 
423108 0.0347696 -0.0296017 -45201.6 66.4832 
424074 0.0540896 -0.0306315 -44856.6 66.6347 
425040 0.0441508 0.0229998 -46335.6 66.7866 
426006 0.0594543 -0.0226304 -45905 66.9376 
426972 0.0526417 -0.0380487 -45882.4 67.089 
427938 0.0538835 -0.0471891 -46276.4 67.24 
428904 0.0452794 -0.0196555 -46444.2 67.3925 
429870 0.0357244 0.0107733 -46651.5 67.5443 
430836 0.0495756 -0.00152138 -45853 67.6959 
431802 0.0280772 0.0162404 -46171.3 67.8476 
432768 0.042727 0.0317334 -46583.3 67.9991 
433734 0.0663321 -0.00282692 -44650.5 68.1508 
434700 0.0422293 0.0367904 -44037.2 68.3025 
435666 0.0166553 0.0129572 -44132.4 68.4533 
436632 0.0213282 -0.00391267 -43745.7 68.6056 
437598 0.0535372 -0.0509835 -44768.4 68.7577 
438564 0.0473087 -0.00900333 -45973.7 68.9094 
439530 0.0300672 0.0169624 -46562.3 69.061 
440496 0.033539 -0.0107963 -45894.6 69.2128 
441462 0.0673895 0.0515024 -45853.2 69.3648 
442428 0.0299625 0.0078128 -45385 69.5163 
443394 0.0375583 -0.0253447 -44695.2 69.6682 
444360 0.0407615 -0.0158188 -44773.1 69.8201 
445326 0.0444958 -0.0414162 -45789.1 69.9717 
446292 0.019091 0.00509874 -46626.9 70.1241 
447258 0.0245525 -0.0205522 -44829.8 70.2763 
448224 0.0320797 -0.00422188 -44198.9 70.4279 
449190 0.0629664 -0.0454631 -45113 70.5798 
450156 0.0377456 0.000837058 -44697.4 70.7315 
451122 0.0296913 -0.00118712 -43698 70.8835 
452088 0.0526438 -0.0168651 -44582.1 71.0346 
453054 0.0112412 -0.00178338 -44304.8 71.1866 
454020 0.0577854 0.036535 -45093.1 71.3385 
454986 0.0741028 -0.0206171 -45228.6 71.49 
455952 0.065724 0.0146849 -45057.9 71.6411 
456918 0.0476913 -0.0200286 -44964.2 71.7923 
457884 0.0208199 -0.0129271 -44712.9 71.9434 
458850 0.0364037 -0.0133298 -45666.3 72.0947 
459816 0.0363337 0.0169866 -45554.3 72.2461 
460782 0.0292778 -0.00240077 -45828.1 72.3981 
461748 0.0952039 0.0764048 -46637.1 72.5493 
462714 0.0700185 0.0404124 -45886.4 72.7006 
463680 0.0368092 0.00185642 -45277.3 72.852 
464646 0.0218748 -0.0129569 -44537.8 73.0037 
465612 0.0344305 0.0324156 -44217 73.1552 
466578 0.030871 0.00273915 -43623 73.3068 
467544 0.0267741 -0.00589197 -44053.5 73.4579 
468510 0.0388678 -0.0301552 -44088.8 73.61 
469476 0.0400622 -0.012227 -43900.5 73.7619 
470442 0.0486603 -0.0323081 -45061.7 73.9139 
471408 0.0489008 -0.0222856 -45824.9 74.066 
472374 0.0824049 0.0377237 -45863.9 74.2178 
473340 0.0654006 0.0285132 -45297.2 74.3702 
474306 0.0444316 0.0293986 -44531.4 74.5218 
475272 0.0582701 0.00739953 -44119.2 74.6735 
476238 0.0202535 0.00943534 -44674.7 74.8246 
477204 0.0549731 0.0394679 -45062 74.9758 
478170 0.0836239 0.0542332 -44466.7 75.1272 
479136 0.0590358 0.0218758 -44759.6 75.2787 
480102 0.0359928 -0.00314689 -44863.5 75.4314 
481068 0.0447367 0.0419932 -43569.3 75.5838 
482034 0.0174981 -0.0152281 -44021.1 75.7358 
483000 0.0614424 -0.0118017 -42460.8 75.8878 
483966 0.0394121 0.031113 -42619.2 76.0397 
484932 0.0377954 0.0255569 -42434.6 76.1913 
485898 0.0592135 -0.0505803 -43619 76.343 
486864 0.0380647 0.0327827 -43172.2 76.4953 
487830 0.0951174 -0.0404135 -43940.9 76.6477 
488796 0.0180179 0.0132727 -43655.5 76.7993 
489762 0.0411058 -0.0392138 -42508.3 76.9512 
490728 0.0579763 -0.0568145 -42723.8 77.1032 
491694 0.0484348 -0.0239008 -43412.4 77.255 
492660 0.0109465 0.00581899 -43414 77.4072 
493626 0.0730197 -0.0619629 -44281.2 77.5592 
494592 0.0402467 0.00815635 -43424.5 77.7105 
495558 0.0450293 0.0435532 -45265.1 77.8628 
496524 0.0320771 0.0174676 -46349.5 78.0146 
497490 0.0426125 0.0180531 -44506.6 78.1662 
498456 0.0308107 -0.0228312 -44865.2 78.3184 
499422 0.0555083 -0.0218738 -44491 78.47 
500388 0.0851386 -0.060401 -44214.6 78.6214 
501354 0.0736758 -0.0309059 -45570.3 78.7735 
502320 0.0675403 -0.0391233 -47109.5 78.9249 
503286 0.0819346 0.07397 -46499.1 79.0762 
504252 0.0611351 0.0122996 -46287.1 79.2278 
505218 0.0492673 -0.036712 -43849.9 79.3793 
506184 0.0894442 -0.0542881 -44307.1 79.531 
507150 0.0629428 0.0357395 -45262.7 79.6825 
508116 0.0578948 -0.0525561 -45779.2 79.8345 
509082 0.0740546 -0.0158585 -44886 79.9868 
510048 0.0453664 -0.0296823 -44758.5 80.1384 
511014 0.0542972 -0.0253841 -45786.2 80.29 
511980 0.0725354 -0.0586597 -44994.6 80.4415 
512946 0.0698087 -0.00669066 -46309.8 80.5932 
513912 0.0631091 0.0296523 -46066.8 80.7445 
514878 0.0541892 0.0507627 -46472.4 80.8959 
515844 0.0768473 0.00701659 -45761.1 81.0472 
516810 0.0597301 0.0364415 -45401.5 81.1983 
517776 0.0496605 -0.0144198 -45083.5 81.3497 
518742 0.0652451 0.0291292 -44978.1 81.5016 
519708 0.0823623 0.0336831 -45688 81.6531 
520674 0.0723469 0.0166283 -45423.6 81.8055 
521640 0.0292839 -0.00654984 -45217.1 81.9574 
522606 0.0429664 0.0296271 -45047.6 82.1091 
523572 0.0379648 0.0326692 -44205.8 82.2613 
524538 0.0634846 0.0479709 -43728.7 82.4134 
525504 0.0530283 -0.0368584 -43589.4 82.565 
526470 0.0307507 -0.003396 -43495.5 82.7169 
527436 0.0307707 -0.0108907 -43659 82.8684 
528402 0.0417086 -0.0144656 -43381.5 83.0194 
529368 0.0216858 0.00642748 -43093.7 83.1706 
530334 0.0563722 0.0492223 -43885.8 83.3217 
531300 0.0711715 0.0471981 -43775 83.4735 
532266 0.0573502 0.0332049 -44409.3 83.6255 
533232 0.0163733 0.0142955 -43619.4 83.7776 
534198 0.0369507 0.00338524 -43714.8 83.9288 
535164 0.0441779 -0.00791857 -44256.7 84.0806 
536130 0.0610425 -0.0189728 -44956 84.2328 
537096 0.0700605 0.063693 -44627.4 84.3845 
538062 0.0871338 0.0801726 -44845.5 84.5358 
539028 0.0679412 0.0517168 -44730.1 84.6878 
539994 0.0346155 0.0222524 -44125.9 84.8401 
540960 0.0136848 -0.00917753 -45493.9 84.9919 
541926 0.0546544 0.0270874 -45560.6 85.1441 
542892 0.0640368 -0.0306139 -47620.5 85.2956 
543858 0.0448163 -0.0370654 -45063 85.4465 
544824 0.0396518 0.0208938 -45133.9 85.5993 
545790 0.0639174 -0.0466989 -44689.6 85.7509 
546756 0.0215739 -0.0162805 -44579.9 85.9026 
547722 0.100832 -0.0819526 -44224.5 86.0537 
548688 0.0344761 -0.0188264 -43390 86.2052 
549654 0.0813928 -0.071764 -46050.8 86.3569 
550620 0.0843104 -0.027356 -45494 86.5083 
551586 0.109599 -0.0241479 -45490.7 86.6599 
552552 0.0360217 -0.00897159 -45431.5 86.8115 
553518 0.0568296 -0.0176774 -45017.4 86.9629 
554484 0.050761 0.0379413 -45886 87.1143 
555450 0.0396736 -0.00844633 -44614.6 87.2661 
556416 0.038451 0.0121456 -45217.2 87.4176 
557382 0.0186954 0.00934224 -46065.9 87.569 
558348 0.0649327 -0.00770432 -45590.3 87.7207 
559314 0.0604952 -0.0046236 -45075 87.8722 
560280 0.0640832 0.016351 -45359.3 88.024 
561246 0.0518114 0.00418025 -44440.6 88.1764 
562212 0.0550546 0.0229946 -44806.2 88.3276 
563178 0.0514113 -0.00838559 -44440 88.4792 
564144 0.0495372 -0.0409845 -44950.5 88.6306 
565110 0.0648268 -0.0619092 -46251.8 88.7828 
566076 0.0477851 -0.0160322 -45264.9 88.935 
567042 0.0947736 -0.0366515 -45068.3 89.0876 
568008 0.0745098 -0.0172257 -45242.8 89.2396 
568974 0.0878187 0.00567215 -45277.3 89.3912 
569940 0.0653471 0.0153689 -45279.4 89.543 
570906 0.0852607 0.0117701 -45853.6 89.6946 
571872 0.0533493 0.017769 -44191.1 89.8466 
572838 0.0642659 0.00251193 -45276.2 89.999 
573804 0.0705782 0.0503099 -44745.9 90.151 
574770 0.0473283 -0.00151454 -44375.4 90.3028 
575736 0.0340644 0.0118726 -45664.2 90.4549 
576702 0.0586062 0.00274852 -45498 90.6071 
577668 0.0697596 0.022679 -45303.8 90.7588 
578634 0.0734733 0.0213998 -46596.9 90.9108 
579600 0.096961 0.0571389 -46352.5 91.0625 
580566 0.0468214 -0.0131655 -44432.2 91.2146 
581532 0.0435291 0.0403157 -44426.2 91.367 
582498 0.0629089 0.0569298 -44254 91.519 
583464 0.0473651 0.00201514 -45164.8 91.6703 
584430 0.064422 0.0474589 -44890.2 91.8218 
585396 0.0572922 -0.00849824 -44915.4 91.9726 
586362 0.0610348 0.0320251 -44658.9 92.124 
587328 0.0226031 0.0144849 -44986.9 92.2755 
588294 0.0749365 0.0470354 -45647.7 92.427 
589260 0.0215778 0.00197783 -43346.1 92.5788 
590226 0.0352829 0.000307019 -44161.1 92.7299 
591192 0.0304115 0.0123318 -44497.7 92.882 
592158 0.0791098 -0.00239202 -43708.8 93.0342 
593124 0.0322744 -0.0186025 -44461.9 93.1854 
594090 0.0511863 0.0227687 -44893.9 93.3361 
595056 0.0419426 0.0358329 -44583.1 93.4881 
596022 0.0390686 0.0352939 -44721.2 93.6394 
596988 0.029715 -0.0276819 -44877.5 93.7913 
597954 0.0300469 -0.0235801 -45148 93.9426 
598920 0.0727221 0.0115274 -45281.3 94.0941 
599886 0.0867709 0.0401752 -44766.4 94.2454 
600852 0.0785469 0.0317669 -44716.8 94.3968 
601818 0.0517759 0.0297133 -44536.8 94.5486 
602784 0.0257024 0.00433068 -45016 94.6997 
603750 0.0501156 -0.0189641 -44975.3 94.8513 
604716 0.0522449 -0.00917351 -45422 95.0037 
605682 0.0156172 -0.0120952 -44876.5 95.1554 
606648 0.0240668 -0.0175164 -44955.7 95.3076 
607614 0.0337312 -0.0219442 -45145.6 95.46 
608580 0.0333403 0.0157239 -45654.4 95.6118 
609546 0.0658017 0.0175097 -46250.9 95.7639 
610512 0.0607494 -0.0463153 -46421.5 95.9157 
611478 0.0468064 -0.0375872 -45720.9 96.0671 
612444 0.0836782 0.015365 -46089.8 96.2191 
613410 0.0225444 -0.000461899 -45055.5 96.3703 
614376 0.0665196 -0.0373496 -45251.1 96.5217 
615342 0.0620348 -0.017907 -45610.1 96.6727 
616308 0.0631249 0.0431253 -45388.2 96.8238 
617274 0.0551631 0.0185587 -45264.7 96.9755 
618240 0.114958 -0.0924326 -45129 97.1268 
619206 0.0307552 -0.0198407 -45567.4 97.2784 
620172 0.0547033 -0.0508181 -44448.1 97.4328 
621138 0.0776788 0.033871 -44786.9 97.5882 
622104 0.0707937 0.0224359 -45478.7 97.7444 
623070 0.0446861 -0.0179109 -44509.2 97.8981 
624036 0.0254875 -0.0211114 -45433.9 98.0534 
625002 0.0340429 0.000735913 -45365.6 98.2139 
625968 0.0469506 -0.00569403 -44442.6 98.3754 
626934 0.0143238 -0.0126744 -45257.2 98.527 
627900 0.0598223 -0.0248592 -45576.4 98.6786 
628866 0.0229213 -0.00484338 -45030.5 98.8303 
629832 0.0670027 0.0139225 -44325.6 98.9823 
630798 0.0640577 0.0396 -44167 99.1337 
631764 0.0296122 0.00448074 -44270.3 99.2855 
632730 0.0735923 -0.021398 -44422.7 99.4373 
633696 0.0776391 0.0211134 -43783.4 99.5923 
634662 0.0607336 0.016639 -44278.8 99.7446 
635628 0.0215859 0.0170342 -44872.7 99.8968 
636594 0.0327929 -0.0313514 -44295.9 100.049 
637560 0.0488144 0.00778473 -43367.7 100.201 
638526 0.0157095 -0.0143064 -44184.7 100.353 
639492 0.0290752 0.0239721 -44262.9 100.505 
640458 0.0789049 0.0688841 -44257.9 100.657 
641424 0.0752119 0.0438581 -44724.6 100.813 
642390 0.0695088 0.0276678 -44657.1 100.964 
643356 0.0414824 -0.00305883 -45425.8 101.116 
644322 0.026629 0.0202799 -45417.5 101.267 
645288 0.0299008 0.0114657 -43336.9 101.419 
646254 0.0615386 0.0524944 -43913 101.57 
647220 0.0618349 0.00714189 -43526.7 101.722 
648186 0.0444607 -0.0198488 -45224.2 101.873 
649152 0.0806635 -0.0580619 -45418.3 102.025 
650118 0.0342716 -0.0252204 -44248.8 102.176 
651084 0.0525459 -0.0355849 -44341.7 102.328 
652050 0.0624568 -0.0409351 -44682.8 102.481 
653016 0.0529381 -0.0228417 -45589.7 102.633 
653982 0.0622063 0.0404587 -44544.2 102.786 
654948 0.0783043 0.00287512 -45627.8 102.937 
655914 0.0780926 0.0119315 -44737.6 103.089 
656880 0.0486921 0.0388015 -44684.1 103.24 
657846 0.0229421 -0.00699909 -44447 103.391 
658812 0.0243833 -0.0045125 -43964.3 103.543 
659778 0.0209292 -0.00129923 -43840.9 103.694 
660744 0.0593531 -0.0124282 -44014.7 103.845 
661710 0.0768332 0.00595614 -43678.4 103.996 
662676 0.0701184 -0.0108682 -45446.9 104.149 
663642 0.0600436 0.00488458 -46256.7 104.3 
664608 0.0344888 0.0180637 -45862.6 104.452 
665574 0.0197463 0.00689005 -45670.7 104.604 
666540 0.0252189 0.0168029 -44597.9 104.755 
667506 0.0282025 -0.00725861 -44118.5 104.907 
668472 0.0248358 -0.00227434 -44076.7 105.059 
669438 0.0370699 0.0300698 -44075 105.211 
670404 0.0467559 0.0331176 -45352.3 105.364 
671370 0.0379548 0.0348637 -45534.2 105.516 
672336 0.0938361 -0.00840948 -44461.2 105.667 
673302 0.0166058 0.00141243 -44923 105.819 
674268 0.0668098 -0.0220599 -45777.5 105.971 
675234 0.0472772 0.0051131 -44912 106.123 
676200 0.0590996 0.0218992 -44950.7 106.275 
677166 0.0846026 0.0515828 -45016.5 106.427 
678132 0.054761 -0.0035392 -44304.8 106.579 
679098 0.053778 -0.034891 -44000.3 106.731 
680064 0.0453127 -0.0150443 -44766.2 106.883 
681030 0.0722793 0.0218208 -44527.1 107.035 
681996 0.0764588 0.0162784 -43840.2 107.186 
682962 0.0699005 0.0221205 -43020.2 107.339 
683928 0.0709106 0.0199244 -44610.1 107.491 
684894 0.0632052 -0.0272522 -44327.4 107.642 
685860 0.0522024 0.0219886 -44748.6 107.793 
686826 0.0440144 -0.0126492 -44231.3 107.945 
687792 0.0539817 0.0142994 -44216.2 108.095 
688758 0.0735256 -0.0191746 -45807 108.247 
689724 0.0857773 0.0552023 -44302.7 108.399 
690690 0.0428811 0.0188539 -44299.7 108.55 
691656 0.0590307 -0.0570421 -45461.6 108.701 
692622 0.0629689 0.0251344 -45426.8 108.853 
693588 0.10399 0.013737 -45300.2 109.004 
694554 0.0437252 -0.0254193 -44133.2 109.156 
695520 0.0460247 0.0222351 -43260.1 109.307 
696486 0.0706209 0.0236841 -43115.2 109.459 
697452 0.0405199 0.0338442 -43406 109.61 
698418 0.0376759 0.00781021 -43393.3 109.761 
699384 0.0412885 0.0204049 -43891.9 109.913 
700350 0.0357967 -0.00493685 -43655.7 110.064 
701316 0.0614606 0.0135959 -43514.7 110.215 
702282 0.0766828 0.0312071 -44233.7 110.367 
703248 0.12596 0.108152 -44929.7 110.518 
704214 0.0624947 -0.045158 -43868.4 110.669 
705180 0.0733835 -0.030573 -44445.6 110.821 
706146 0.0533115 0.0239663 -44725.3 110.973 
707112 0.0404483 0.00702665 -46130.2 111.125 
708078 0.0586919 -0.0123221 -45455 111.276 
709044 0.0572765 -0.0403293 -45249.2 111.428 
710010 0.110379 -0.0813564 -45814.8 111.58 
710976 0.102385 -0.0584474 -45939.2 111.731 
711942 0.0406359 0.0322967 -44773.7 111.883 
712908 0.0416642 -0.01693 -45687.7 112.036 
713874 0.0503682 -0.0130838 -44497.5 112.187 
714840 0.0979914 0.0313085 -44616 112.339 
715806 0.0606893 -0.00583208 -45010.8 112.491 
716772 0.046371 -0.0310417 -44335.8 112.643 
717738 0.0595034 -0.0428851 -44369.3 112.796 
718704 0.0283099 -0.00295269 -43878.6 112.947 
719670 0.0367651 -0.0271092 -42114.9 113.099 
720636 0.0333086 -0.0327981 -42239.9 113.251 
721602 0.0446282 -0.011965 -42592.2 113.403 
722568 0.0599669 -0.0366921 -42927.3 113.555 
723534 0.0430596 0.0147536 -43287.2 113.706 
724500 0.02407 -0.0131451 -43175.4 113.858 
725466 0.0277599 0.0236957 -44137.1 114.015 
726432 0.0322221 -0.011566 -46545.2 114.175 
727398 0.0509986 -0.0128815 -45628.7 114.334 
728364 0.0534324 -0.0264283 -45877.4 114.486 
729330 0.0472498 0.0270784 -46060 114.638 
730296 0.071936 0.045513 -46214.8 114.789 
731262 0.0617638 -0.0468249 -46317.3 114.941 
732228 0.033433 -0.0148598 -45224.8 115.092 
733194 0.0435689 -0.0071047 -44731.6 115.243 
734160 0.0787979 -0.0291489 -44665.4 115.395 
735126 0.00865376 0.000133463 -43641.7 115.546 
736092 0.0546707 -0.0543686 -44020.4 115.698 
737058 0.0280629 0.00718941 -43961.3 115.849 
738024 0.0688879 0.0200807 -44097.1 116 
738990 0.0334303 0.0256773 -44969.9 116.151 
739956 0.0122764 -0.00986101 -46551.8 116.303 
740922 0.0254047 0.0210183 -46381.6 116.454 
741888 0.0346511 0.00209486 -45593.7 116.606 
742854 0.0818313 -0.0720111 -44123 116.757 
743820 0.0557777 -0.0384407 -44942.4 116.908 
744786 0.0630512 -0.0228378 -45202.6 117.059 
745752 0.0497497 -0.0369771 -44967.3 117.211 
746718 0.0316671 -0.0168764 -44224.2 117.365 
747684 0.0332507 -0.0199592 -44350.3 117.517 
748650 0.0434836 -0.00836403 -44999.6 117.669 
749616 0.0571499 0.00529794 -44607.6 117.821 
750582 0.0472073 0.00394575 -43954.9 117.972 
751548 0.0548271 0.00865111 -44779.9 118.124 
752514 0.0714338 0.0137806 -45396.9 118.277 
753480 0.0961878 0.0930606 -44800.5 118.429 
754446 0.0525969 0.0257284 -44151.2 118.581 
755412 0.042874 0.024729 -43355.4 118.733 
756378 0.0237668 0.0101712 -44496.8 118.885 
757344 0.0657161 -0.0341408 -44990.2 119.038 
758310 0.0759609 -0.013277 -44051.1 119.19 
759276 0.0281539 -0.0223463 -44198.2 119.341 
760242 0.0404648 0.0112572 -43958.9 119.494 
761208 0.0530021 0.0020197 -43710.2 119.645 
762174 0.0283649 -0.00094647 -44031.1 119.798 
763140 0.0446094 -0.0179808 -43981.2 119.95 
764106 0.0296099 -0.0176761 -43300.8 120.102 
765072 0.0728278 0.0718277 -42401.9 120.255 
766038 0.0674053 -0.0126668 -43122.5 120.409 
767004 0.0346404 -0.00592656 -42940.3 120.56 
767970 0.0537757 0.00921982 -44019.5 120.711 
768936 0.0329679 0.0111403 -43478.2 120.863 
769902 0.0594127 0.00598478 -44358.2 121.015 
770868 0.0796616 0.00204782 -45222.4 121.167 
771834 0.0984941 -0.0338576 -45984 121.319 
772800 0.0246664 0.0140458 -45711 121.471 
773766 0.0526085 0.0468887 -45591.6 121.622 
774732 0.0554684 0.0301984 -46093.7 121.773 
775698 0.056693 -0.00738104 -44816.3 121.925 
776664 0.05864 0.0205498 -44762.2 122.076 
777630 0.0367066 0.031304 -45066.4 122.227 
778596 0.0248447 0.00858762 -45088.8 122.384 
779562 0.0817819 0.00612937 -44701.6 122.536 
780528 0.0603197 0.00522629 -44641.5 122.687 
781494 0.02851 -0.0112285 -44295.7 122.839 
782460 0.09738 0.0143312 -44725.6 122.991 
783426 0.0358656 -0.0167847 -44168.1 123.142 
784392 0.0185981 0.00100483 -43938.4 123.293 
785358 0.075626 0.0277223 -44284.9 123.445 
786324 0.0430201 0.0413707 -44839.1 123.596 
787290 0.0834339 0.0772222 -45364.3 123.748 
788256 0.0564263 0.0541577 -44603.6 123.899 
789222 0.0425333 0.0104962 -44798.4 124.051 
790188 0.043352 0.0357349 -44545.3 124.202 
791154 0.069356 -0.0674066 -44047.3 124.354 
792120 0.0347846 -0.00866202 -44818.9 124.506 
793086 0.0478794 0.0349009 -45475.2 124.658 
794052 0.0313921 -0.0193471 -44211.6 124.81 
795018 0.0657175 -0.00730028 -45472.1 124.962 
795984 0.0445573 -0.00779496 -44584.7 125.114 
796950 0.0264847 -0.026035 -44445.1 125.266 
797916 0.0497754 -0.0396987 -44223.1 125.418 
798882 0.0489588 -0.00221283 -45613.7 125.57 
799848 0.0470724 0.00138899 -45876 125.722 
800814 0.0643913 -0.0160961 -45744.7 125.873 
801780 0.0816623 0.034712 -44810.9 126.025 
802746 0.0884971 0.0623994 -43899 126.177 
803712 0.0262218 -0.0177769 -44617.6 126.329 
804678 0.0409672 0.022014 -43900.7 126.48 
805644 0.031298 0.00410428 -44950.3 126.632 
806610 0.0224521 -0.013156 -45489 126.784 
807576 0.0602976 -0.0557697 -45188.9 126.936 
808542 0.0364598 0.0143385 -44924.4 127.088 
809508 0.0516472 -0.0155847 -44598.6 127.24 
810474 0.0605154 0.0455986 -44368.9 127.392 
811440 0.0321578 0.0283495 -45155.2 127.545 
812406 0.0338844 -0.000903841 -45029.7 127.696 
813372 0.0201272 3.06167e-05 -44472.2 127.847 
814338 0.0542892 -0.0447843 -45258.1 127.999 
815304 0.075814 -0.0701021 -45232 128.151 
816270 0.0517004 0.0319571 -43709.6 128.302 
817236 0.0492575 0.00502372 -44290.5 128.453 
818202 0.0725503 -0.0448238 -45110.3 128.605 
819168 0.0134901 -0.00424343 -45328 128.756 
820134 0.0648531 0.00969463 -45582.2 128.908 
821100 0.0459119 0.011829 -44000.8 129.06 
822066 0.0629313 -0.0435109 -44940.2 129.212 
823032 0.0255035 -0.0158749 -44799.6 129.363 
823998 0.0591891 -0.0214878 -44959.1 129.515 
824964 0.0664539 -0.0108155 -44055.3 129.666 
825930 0.0499323 -0.031062 -44956 129.82 
826896 0.0502876 -0.0203536 -44600 129.972 
827862 0.07469 0.00108736 -44964.4 130.125 
828828 0.0166613 0.000701684 -45973.9 130.277 
829794 0.0255579 0.0174683 -45971 130.428 
830760 0.0822727 -0.0820955 -45967.6 130.579 
831726 0.047307 -0.00970189 -45956.9 130.732 
832692 0.0391647 0.0273772 -46577.8 130.888 
833658 0.06227 -0.0474776 -45951.6 131.047 
834624 0.0711257 -0.0327145 -45709.3 131.202 
835590 0.082641 -0.00712633 -45412.2 131.353 
836556 0.072742 -0.0689452 -45346.6 131.504 
837522 0.0397957 -0.0028634 -44673.7 131.656 
838488 0.0705545 -0.0562164 -44211.3 131.807 
839454 0.105861 -0.0995119 -43695.9 131.96 
840420 0.0700181 -0.0639745 -45392.4 132.112 
841386 0.10002 -0.0706554 -45513.4 132.264 
842352 0.0392186 -0.0207989 -44120.5 132.415 
843318 0.0254588 -0.0170104 -43964.9 132.567 
844284 0.0170714 -0.0108317 -44454.5 132.719 
845250 0.0414623 -0.0338589 -44052 132.87 
846216 0.0655144 -0.0528208 -43657.7 133.023 
847182 0.0180635 -0.00726132 -43740.6 133.175 
848148 0.0386387 -0.0234773 -43324.9 133.327 
849114 0.0918394 0.0523618 -44199.9 133.479 
850080 0.0310063 -0.0124919 -43348 133.631 
851046 0.0304796 -0.00485386 -44263.9 133.783 
852012 0.0592128 -0.0363485 -44580.5 133.935 
852978 0.0933003 -0.0312699 -44796.1 134.086 
853944 0.068351 0.0241981 -43490.1 134.237 
854910 0.0373371 0.00310512 -44313.3 134.389 
855876 0.0384682 0.0217522 -43880.3 134.54 
856842 0.0451076 0.0261423 -43799.3 134.692 
857808 0.071864 -0.0167025 -43145.3 134.843 
858774 0.0338103 -0.0296724 -43392.2 134.994 
859740 0.0803212 0.0446078 -43426.7 135.146 
860706 0.0863075 0.0499289 -45089.9 135.298 
861672 0.0936703 0.0426778 -44120.5 135.449 
862638 0.0886974 -0.0089736 -44348.2 135.602 
863604 0.119576 0.0401679 -43657.8 135.754 
864570 0.110797 0.0808221 -44953.9 135.906 
865536 0.0552015 0.0137394 -43705 136.058 
866502 0.0261166 0.00605275 -44643.1 136.211 
867468 0.0271316 0.0156488 -44647.6 136.363 
868434 0.0618377 0.0584069 -44532.7 136.516 
869400 0.0226476 -0.0172579 -43121.6 136.668 
870366 0.0294272 0.0164296 -42970.7 136.819 
871332 0.0679321 -0.0502887 -43087.8 136.972 
872298 0.0832052 -0.0484636 -43398.2 137.124 
873264 0.0589221 0.0185795 -43700.5 137.276 
874230 0.0870879 0.072685 -44653.2 137.429 
875196 0.0664888 -0.0334242 -44753.1 137.582 
876162 0.0833828 -0.0140082 -45534.2 137.734 
877128 0.0311687 -0.0104776 -45923.1 137.886 
878094 0.0262908 -0.012143 -45400.5 138.039 
879060 0.0466468 -0.0191154 -45157.9 138.19 
880026 0.0548993 0.0212254 -44716.8 138.345 
880992 0.0294427 -0.00899703 -44139.1 138.496 
881958 0.0782108 -0.0404877 -44335.5 138.648 
882924 0.0472165 0.0130248 -45023.8 138.8 
883890 0.0613136 0.000209061 -45333 138.952 
884856 0.00730317 0.00294455 -45771.2 139.104 
885822 0.0390767 0.0130336 -45046.2 139.255 
886788 0.022081 -0.00690588 -46691.2 139.407 
887754 0.0687794 0.0145723 -45462.6 139.558 
888720 0.0259811 -0.0100068 -44930.9 139.71 
889686 0.0708662 0.0199456 -45706 139.862 
890652 0.0857078 0.0262268 -45183 140.014 
891618 0.0683631 -0.0216113 -46206.3 140.165 
892584 0.0358176 -0.00693815 -46035.4 140.317 
893550 0.0326821 0.00602575 -45668.8 140.469 
894516 0.0870305 -0.052174 -45109.5 140.62 
895482 0.0338618 0.00831731 -44859.1 140.772 
896448 0.0169993 0.0070329 -44704 140.924 
897414 0.0541196 -0.0435787 -44832 141.076 
898380 0.0522689 0.0232417 -45077.9 141.228 
899346 0.0336505 -0.0140837 -44924 141.379 
900312 0.0293581 0.00372164 -45412.3 141.532 
901278 0.0406048 -0.00435196 -44227.7 141.683 
902244 0.0374085 -0.022563 -44282.8 141.835 
903210 0.0567881 0.000609808 -44199.1 141.987 
904176 0.0594427 -0.000266985 -43509.4 142.139 
905142 0.0360893 -0.0294454 -44655.4 142.29 
906108 0.0415495 -0.00206223 -43982.9 142.442 
907074 0.0726037 -0.0253878 -44352.6 142.593 
908040 0.0604229 -0.0244093 -44141.9 142.744 
909006 0.0116142 -0.00724662 -44427.6 142.897 
909972 0.0515458 -0.0176429 -44387.8 143.048 
910938 0.0471457 0.0437024 -43862.4 143.2 
911904 0.0760286 0.0444142 -43945.9 143.351 
912870 0.0681246 -0.00475815 -44459.5 143.503 
913836 0.0587715 -0.0578238 -44027.9 143.654 
914802 0.0341146 0.0225867 -44271.8 143.805 
915768 0.0586974 0.0439757 -43432.2 143.957 
916734 0.0729393 0.00807498 -44269 144.108 
917700 0.076663 -0.039448 -44220.4 144.259 
918666 0.0488355 -0.0216994 -44218.2 144.411 
919632 0.0565619 -0.0483948 -44894.4 144.563 
920598 0.049428 -0.0456793 -45055 144.714 
921564 0.0530186 -0.014731 -45257.9 144.866 
922530 0.0717464 0.0462007 -44737.2 145.018 
923496 0.0771755 0.000408685 -45548.9 145.17 
924462 0.0560053 0.0119335 -44606.2 145.323 
925428 0.0662432 0.044059 -45594.1 145.474 
926394 0.0584854 0.0242791 -44458.6 145.625 
927360 0.0296933 -0.0123113 -45703.1 145.777 
928326 0.0609171 0.0162474 -45887.5 145.932 
929292 0.0290584 0.00424721 -45328.7 146.088 
930258 0.0808271 -0.0643903 -45614.2 146.247 
931224 0.0535812 -0.0284327 -44036.1 146.4 
932190 0.0741018 -0.0486602 -44048.8 146.552 
933156 0.0656354 -0.0577905 -44450 146.704 
934122 0.0192588 -0.000996329 -44206.7 146.856 
935088 0.045605 -0.0313887 -45360.8 147.008 
936054 0.0175446 -0.0138113 -44021.3 147.16 
937020 0.0473664 0.0322683 -44990.6 147.312 
937986 0.0439125 -0.0260544 -45256.2 147.464 
938952 0.0798252 -0.0635428 -46089.8 147.616 
939918 0.0400983 -0.0126985 -45687.7 147.768 
940884 0.0269023 -0.000869188 -45875.4 147.92 
941850 0.0569863 0.0102021 -46046.5 148.073 
942816 0.0470385 -0.0349685 -45853.7 148.225 
943782 0.0863862 0.0834195 -45778.1 148.376 
944748 0.043441 -0.0218474 -43525.3 148.527 
945714 0.0277838 -0.0175945 -44165.4 148.68 
946680 0.0509515 0.0293064 -45043.7 148.833 
947646 0.0963371 -0.00934185 -44517.8 148.985 
948612 0.0923403 -0.0180416 -43867.1 149.138 
949578 0.105743 -0.0358615 -44769 149.291 
950544 0.0255714 -0.0071123 -44141.8 149.443 
951510 0.0557969 0.0151902 -44641 149.595 
952476 0.094634 -0.01082 -44939.2 149.748 
953442 0.056955 0.0197984 -44069.3 149.9 
954408 0.0773851 0.0742212 -43276.9 150.052 
955374 0.0777145 0.0725546 -43806.8 150.205 
956340 0.021527 -0.00979994 -44353.2 150.357 
957306 0.0319711 -0.0108149 -44363.1 150.509 
958272 0.047083 0.0353765 -45838 150.662 
959238 0.0500422 0.010229 -44626.3 150.815 
960204 0.038688 -0.00406269 -44941.9 150.968 
961170 0.0804995 -0.0203089 -45706.8 151.12 
962136 0.101604 -0.0624743 -46255.5 151.272 
963102 0.0631951 -0.0176443 -46170.6 151.425 
964068 0.0316663 -0.0249191 -44543.6 151.577 
965034 0.0641861 0.0216367 -44815.7 151.73 
966000 0.0508252 -0.0276784 -43744.3 151.882 
