0 0.00677849 0.00100596 -31770 0 
966 0.0628262 0.0607976 -36041 0.316166 
1932 0.0511544 -0.0014759 -38717.6 0.638277 
2898 0.0442375 0.0106055 -40784.1 0.956481 
3864 0.0752412 0.0182956 -41121.6 1.27404 
4830 0.0283691 0.0212506 -42340.7 1.59218 
5796 0.0599134 0.0135269 -43015.9 1.9096 
6762 0.061965 -0.0230191 -43231 2.2253 
7728 0.0427041 -0.0195869 -43352 2.54117 
8694 0.0101151 0.00170945 -44662.9 2.85296 
9660 0.039084 0.0196144 -44849.8 3.16893 
10626 0.0559676 0.0198558 -44708.5 3.48232 
11592 0.0283118 0.00894853 -45251.5 3.79714 
12558 0.048632 -0.0143058 -45206.7 4.10992 
13524 0.0286213 0.00243225 -45026.8 4.4268 
14490 0.0863594 -0.046126 -45698.1 4.7436 
15456 0.0311607 0.0264558 -45452.1 5.06153 
16422 0.0889264 0.0206817 -45734.4 5.37727 
17388 0.0745471 -0.0204132 -46265.3 5.6926 
18354 0.115249 0.0573736 -45780.4 6.00716 
19320 0.0640822 0.0446235 -46772.9 6.32248 
20286 0.0395235 -0.0191723 -46686.4 6.6397 
21252 0.0801576 -0.0213295 -46297.4 6.95318 
22218 0.124701 -0.0939954 -46716.5 7.26973 
23184 0.0903205 -0.0741692 -46882.8 7.58702 
24150 0.074982 -0.0411919 -46331 7.90109 
25116 0.0524712 -0.0210613 -46138.3 8.2203 
26082 0.061594 -0.0422787 -45660.9 8.5378 
27048 0.0451508 0.0183347 -46553.7 8.85609 
28014 0.0303309 -0.00666594 -45886.7 9.17533 
28980 0.0762251 0.021589 -46489 9.49364 
29946 0.0756368 -0.0168304 -46785.4 9.8124 
30912 0.0596892 -0.032155 -46740.6 10.1311 
31878 0.0382802 0.0106309 -45331.3 10.4499 
32844 0.0366182 -0.000120959 -46113.2 10.7705 
33810 0.0103969 0.009764 -45014.5 11.0887 
34776 0.0124317 -0.00757036 -44296.9 11.4056 
35742 0.0576021 0.0130102 -45203.1 11.7236 
36708 0.0337625 0.0322872 -44762 12.0407 
37674 0.048013 -0.0191839 -44432.2 12.3583 
38640 0.0477918 -0.00248505 -45292.3 12.6775 
39606 0.0493553 -0.0122756 -43934.6 12.9941 
40572 0.0476404 0.0243027 -43090.5 13.314 
41538 0.0497752 -0.00386554 -43603.6 13.6319 
42504 0.0454716 0.0381522 -43521.1 13.9484 
43470 0.061134 0.0547032 -44188.8 14.2638 
44436 0.0895651 0.0880199 -44547.6 14.5841 
45402 0.0432069 0.0235773 -46701.9 14.9034 
46368 0.0322565 -0.0137268 -46221.1 15.2208 
47334 0.0465616 0.0403658 -45855.8 15.5394 
48300 0.0942856 0.0879772 -44714.7 15.8585 
49266 0.0271784 0.02387 -43170.5 16.1768 
50232 0.022548 -0.014991 -44085 16.4942 
51198 0.0325916 -0.0179357 -43690.5 16.8129 
52164 0.0507307 0.00578157 -42374.3 17.1324 
53130 0.0484805 -0.0198159 -43195.3 17.4501 
54096 0.0570973 -0.0285244 -43349.6 17.7674 
55062 0.0351918 0.0297583 -44052.8 18.086 
56028 0.0713774 0.069062 -45083.9 18.4048 
56994 0.070591 0.0627571 -44782.5 18.7233 
57960 0.0462817 -0.0296459 -44900.9 19.0429 
58926 0.0336259 -0.00607805 -44272.1 19.3586 
59892 0.0173246 -0.0103574 -45578.2 19.6774 
60858 0.0872947 -0.0778288 -46133.4 19.9962 
61824 0.0603142 -0.0577942 -44874.2 20.3146 
62790 0.0488953 -0.0214392 -44829 20.6334 
63756 0.0614468 -0.0407674 -45740.7 20.9515 
64722 0.0361408 0.0213181 -44650.7 21.2703 
65688 0.0608217 0.00398542 -45005.7 21.5872 
66654 0.0524489 0.0353118 -44956.1 21.904 
67620 0.0577345 0.0225182 -44594.9 22.2212 
68586 0.0762795 -0.0415407 -45037.6 22.5396 
69552 0.0310718 0.0218332 -44410.4 22.8592 
70518 0.0525984 0.0279579 -44110 23.1725 
71484 0.0531835 0.0314122 -44331.8 23.4898 
72450 0.024427 0.00519992 -43570.8 23.7928 
73416 0.0476329 0.0170611 -43717.6 24.1074 
74382 0.0749552 0.0472993 -43507.6 24.4208 
75348 0.0504464 -0.0200923 -44733.8 24.732 
76314 0.0844388 0.0165931 -44408.6 25.0416 
77280 0.0838589 -0.011889 -43526.1 25.3505 
78246 0.0667436 -0.0293225 -44946.9 25.658 
79212 0.0615 0.00134528 -44805 25.9743 
80178 0.0536601 0.0355154 -43965.9 26.2917 
81144 0.0624967 0.0586658 -44483.2 26.6099 
82110 0.073838 0.0711845 -44975.4 26.928 
83076 0.0502261 0.0482036 -44878.1 27.2457 
84042 0.0393267 0.0344929 -46064.4 27.5629 
85008 0.022283 0.0149359 -46326.5 27.8796 
85974 0.0540176 0.0376526 -45930.5 28.1968 
86940 0.0404236 0.0321934 -44827.6 28.5127 
87906 0.0610523 0.0566393 -44726.9 28.8294 
88872 0.0509263 0.0308436 -43739.6 29.147 
89838 0.0717144 0.0380083 -44739.9 29.4636 
90804 0.0874602 0.016203 -44227.2 29.7814 
91770 0.0723562 -0.00132893 -43804.6 30.1004 
92736 0.0546107 0.0245265 -44286.3 30.4174 
93702 0.0811256 0.0703667 -43056.3 30.7344 
94668 0.0580747 0.0326825 -43957.8 31.0513 
95634 0.0582305 -0.0122686 -45682.4 31.3712 
96600 0.0666573 -0.00238437 -45247.4 31.6928 
97566 0.0623064 -0.0505598 -45593.1 32.0137 
98532 0.0754482 0.0268858 -44592.5 32.3328 
99498 0.0455549 -0.00691299 -43771.1 32.6518 
100464 0.0283514 0.0239703 -44426.4 32.9691 
101430 0.0631429 0.0569534 -43783.4 33.2871 
102396 0.0640603 0.018475 -44276.3 33.6048 
103362 0.0489347 0.00757049 -43347.8 33.9207 
104328 0.0348331 0.0026123 -43399.3 34.2382 
105294 0.0338663 -0.0166724 -44892.1 34.5556 
106260 0.024473 0.00519891 -43370 34.8742 
107226 0.0709688 0.0148547 -44588.6 35.1927 
108192 0.0533016 0.00622381 -46459.3 35.511 
109158 0.0373358 0.00455457 -46227.4 35.8281 
110124 0.0429772 0.0130644 -45914.1 36.1452 
111090 0.0394159 0.0203772 -46216.6 36.4635 
112056 0.0224007 0.0112498 -45734.3 36.7827 
113022 0.082227 -0.0298959 -44157.4 37.1007 
113988 0.0302145 -0.0149274 -44522.4 37.4188 
114954 0.0142856 -0.0118784 -44877.1 37.7358 
115920 0.036299 0.0150353 -44435.2 38.0533 
116886 0.0426767 -0.0328318 -44294.1 38.3743 
117852 0.052739 -0.0467922 -44209.2 38.697 
118818 0.0277389 -0.0271027 -44325.2 39.0191 
119784 0.0206136 -0.00931351 -44693.5 39.3425 
120750 0.033191 0.0303673 -44630.9 39.6652 
121716 0.0340065 0.0227528 -45634.8 39.9871 
122682 0.0393772 -0.0354423 -46542.4 40.3062 
123648 0.0571271 -0.00607989 -45840.4 40.6231 
124614 0.100422 0.0391857 -44751.2 40.9403 
125580 0.0671025 0.0117394 -44254.2 41.2605 
126546 0.0378006 0.0173357 -44280.3 41.5776 
127512 0.0756571 -0.0180424 -45001.7 41.896 
128478 0.109343 0.0083533 -46160.6 42.2147 
129444 0.0735703 -0.0386231 -46162.2 42.5324 
130410 0.0388543 -0.00336656 -45685.2 42.8508 
131376 0.0225967 0.00390833 -46224.7 43.1696 
132342 0.0537523 -0.0352457 -45744.3 43.4875 
133308 0.0239775 0.00379568 -43083 43.8071 
134274 0.0441452 0.025026 -43817.8 44.1237 
135240 0.0388458 -0.0175523 -44830.6 44.4412 
136206 0.0264985 -0.0240712 -45079.3 44.7581 
137172 0.0348004 0.0302891 -44612.8 45.0761 
138138 0.0356044 -0.0202418 -45114.7 45.3935 
139104 0.0536177 -0.00472063 -44883.9 45.7128 
140070 0.0837437 -0.0421184 -45655.7 46.0298 
141036 0.062883 -0.0280549 -44949.3 46.3488 
142002 0.0883648 -0.0394206 -45717.1 46.667 
142968 0.0679843 -0.0206068 -45618.6 46.9848 
143934 0.0608942 0.00275662 -45142.6 47.3026 
144900 0.0661685 -0.0421501 -45356.9 47.6214 
145866 0.0320842 -0.00453817 -45468.3 47.9386 
146832 0.0750348 0.0362708 -46401.9 48.2564 
147798 0.0250081 0.0069636 -46239.8 48.5725 
148764 0.0565914 -0.026789 -46479.2 48.8915 
149730 0.0315039 -0.0055566 -46720.5 49.2101 
150696 0.0304475 0.00929262 -46993.1 49.5282 
151662 0.0483098 -0.00629773 -45827.4 49.8475 
152628 0.062242 0.0587025 -46871.9 50.1645 
153594 0.0461203 0.0386701 -45816.7 50.4828 
154560 0.0368914 0.0260537 -44385.6 50.8005 
155526 0.0369541 0.00791864 -44644.5 51.118 
156492 0.0427258 -0.0202748 -45442.6 51.4356 
157458 0.0809483 0.00504968 -45622.9 51.754 
158424 0.0637594 0.00965865 -44833.4 52.0716 
159390 0.063959 -0.0506282 -45076.2 52.391 
160356 0.0339059 -0.00207907 -45017.4 52.7082 
161322 0.0569824 0.040481 -45055 53.0245 
162288 0.0551503 0.0050101 -45048 53.3422 
163254 0.033135 -0.00915203 -44967.3 53.6609 
164220 0.0536145 0.0299492 -45231.7 53.979 
165186 0.0338231 -0.00223995 -45829.8 54.2973 
166152 0.0277528 -0.0171847 -45443.5 54.615 
167118 0.0350741 0.01546 -44942.3 54.9316 
168084 0.0407832 0.012026 -45036.4 55.2476 
169050 0.0582518 -0.0466735 -44194.8 55.565 
170016 0.0199353 -0.0106909 -44940.5 55.8769 
170982 0.0654103 -0.0579516 -43582.7 56.195 
171948 0.0438902 0.000550152 -44383.5 56.5126 
172914 0.0276472 -0.0162037 -44916.8 56.8296 
173880 0.0362048 0.0355028 -43584.8 57.1476 
174846 0.0287973 0.0127574 -45255 57.4658 
175812 0.0728206 0.0350993 -45809.5 57.7823 
176778 0.0620103 0.0466328 -44620.2 58.1002 
177744 0.0943642 0.0689029 -45193.7 58.4179 
178710 0.0600698 0.000278931 -44446.6 58.7348 
179676 0.0629337 -0.0116609 -45849.8 59.0531 
180642 0.0354382 -0.00112491 -44654.1 59.3706 
181608 0.0543964 -0.0520674 -43068.1 59.6887 
182574 0.0786682 -0.00642655 -43345.9 60.0061 
183540 0.0209576 -0.00616289 -43755.2 60.3236 
184506 0.0390704 0.01373 -44647.3 60.6391 
185472 0.00735177 -0.00290474 -45745.9 60.9572 
186438 0.051184 -0.0501077 -45607.4 61.2743 
187404 0.0766211 -0.0353889 -45122.2 61.5912 
188370 0.0522643 0.00601691 -44986.3 61.9082 
189336 0.0185635 -0.00873389 -44199.9 62.2273 
190302 0.0492148 0.0420737 -45326 62.5442 
191268 0.0133104 -0.00562095 -44558.5 62.8615 
192234 0.065307 0.0380384 -43883.7 63.18 
193200 0.06295 0.0348712 -43694.2 63.4976 
194166 0.0823886 0.0377862 -44516.7 63.8159 
195132 0.0383152 -0.000463934 -44046.1 64.1334 
196098 0.0887005 0.0090739 -44488.9 64.4498 
197064 0.0680967 -0.0660423 -45183.3 64.7675 
198030 0.0672434 -0.0499122 -46355.5 65.0854 
198996 0.0538011 0.0227017 -45404.6 65.4039 
199962 0.0503616 0.0219775 -46612 65.7199 
200928 0.0338605 -0.0204643 -46513.4 66.0386 
201894 0.0871599 0.0748257 -46189.9 66.3571 
202860 0.0592018 0.0578956 -45715.4 66.6741 
203826 0.0510037 0.0452654 -44136.6 66.9934 
204792 0.0282974 0.0147302 -44649.4 67.3108 
205758 0.0613843 0.0399476 -44668.4 67.6261 
206724 0.0853002 0.0474661 -45209 67.9411 
207690 0.133276 -0.00337567 -44493.1 68.2543 
208656 0.0482566 -0.0427798 -43469.7 68.5722 
209622 0.0435537 -0.0353573 -44793.5 68.8891 
210588 0.0572112 -0.0350018 -44038.2 69.208 
211554 0.0467292 -0.0351516 -43899.9 69.5244 
212520 0.0446879 -0.0364221 -43239.1 69.832 
213486 0.0314778 0.0172844 -43549.9 70.1476 
214452 0.0757306 -0.0412709 -45350.8 70.4692 
215418 0.0900052 -0.0561694 -45745.7 70.7853 
216384 0.0629718 0.0255217 -45728 71.1066 
217350 0.0743755 -0.0508776 -45122.6 71.4283 
218316 0.087405 -0.0429178 -45703.9 71.7465 
219282 0.0504449 -0.0433753 -44591.9 72.0631 
220248 0.102232 -0.0529371 -45820.2 72.381 
221214 0.102791 0.00536067 -46056.2 72.6963 
222180 0.0522724 0.003752 -45983.4 72.9531 
223146 0.0421407 0.0148794 -45349.5 73.1799 
224112 0.0180447 -0.00966834 -44139.4 73.4574 
225078 0.0343563 0.0216443 -46173.4 73.7142 
226044 0.0336897 -0.000284277 -45813.6 73.9751 
227010 0.100564 -0.0971093 -46995.5 74.2397 
227976 0.0839931 -0.0762716 -46826.4 74.5151 
228942 0.0802886 0.0316223 -46899.4 74.793 
229908 0.0655509 0.0342715 -46857.3 75.0671 
230874 0.0521127 0.0353525 -45669.7 75.3546 
231840 0.09147 0.0378039 -45886.5 75.6433 
232806 0.0415163 -0.0125181 -44757.9 75.9295 
233772 0.0343484 -0.0292598 -43980.2 76.2196 
234738 0.0698146 0.0259117 -46049.3 76.5111 
235704 0.0218669 -0.00760405 -45931.8 76.8095 
236670 0.0447821 0.00692839 -45790.7 77.1157 
237636 0.0368743 -0.0310455 -44997.2 77.427 
238602 0.0648309 0.039798 -43745.4 77.7271 
239568 0.0298176 0.0232431 -44199.6 78.0429 
240534 0.0355064 -0.0152552 -45545.6 78.3608 
241500 0.103776 -0.0544825 -45477 78.6742 
242466 0.0948964 0.0328756 -44482.9 78.9889 
243432 0.0780905 -0.00312811 -45292 79.3037 
244398 0.0630916 -0.0170659 -44681.7 79.62 
245364 0.0638585 0.00713086 -44794.9 79.9372 
246330 0.0745209 -0.0169456 -44339.7 80.2525 
247296 0.0647892 -0.0177078 -45965.8 80.5706 
248262 0.0510339 0.0144684 -44912.4 80.8878 
249228 0.039892 0.00454248 -45121.1 81.2044 
250194 0.0371802 -0.0241464 -45425.3 81.5222 
251160 0.0574529 -0.0260471 -44716.7 81.839 
252126 0.0554055 -0.053247 -46320 82.1573 
253092 0.0844495 -0.051023 -44818.2 82.4756 
254058 0.0289808 0.00280736 -44228.6 82.7934 
255024 0.0325793 -0.0325551 -43391.5 83.1117 
255990 0.0373742 0.00702155 -43486.9 83.429 
256956 0.0669879 0.0637503 -44507.8 83.7477 
257922 0.0307964 -0.00670989 -45772.3 84.0647 
258888 0.0393288 0.00975483 -44623.3 84.3829 
259854 0.0762 -0.0113536 -43564.7 84.7013 
260820 0.0495076 0.0219278 -43520.6 85.0196 
261786 0.0786476 -0.0745107 -43618.6 85.3379 
262752 0.0620589 0.00258963 -43803.1 85.655 
263718 0.0447516 0.00273858 -45021.4 85.9716 
264684 0.0408667 0.0328241 -44961.8 86.2888 
265650 0.108388 0.0643947 -44753.6 86.6063 
266616 0.103759 -0.0874614 -45238.4 86.924 
267582 0.0739796 -0.0297841 -43307.7 87.2423 
268548 0.0787756 -0.0652191 -43297.7 87.5594 
269514 0.0196333 0.0114317 -43325.7 87.8767 
270480 0.0589297 0.0346561 -44340 88.1945 
271446 0.0527846 0.0137393 -44708.1 88.5124 
272412 0.0540076 0.0107364 -44664.5 88.8294 
273378 0.0939643 0.0259665 -44970.4 89.1467 
274344 0.0615324 -0.0332054 -45151.9 89.4642 
275310 0.0927525 -0.0580435 -45022.1 89.7813 
276276 0.060801 -0.0343519 -45135.6 90.0994 
277242 0.0556977 -0.00877884 -45675.7 90.4162 
278208 0.0558935 -0.0485752 -46032.5 90.7325 
279174 0.105151 -0.0849323 -45467.6 91.0499 
280140 0.0622803 -0.0579321 -44004.7 91.3681 
281106 0.0450034 -0.0191569 -44273.1 91.6859 
282072 0.0795019 -0.0390153 -45603.2 92.0026 
283038 0.0259468 -0.00384795 -45206 92.3198 
284004 0.0591924 0.0140477 -45171 92.638 
284970 0.0744213 0.00324119 -44612.9 92.9554 
285936 0.0757177 -0.00670889 -45580.8 93.2735 
286902 0.0848181 0.0237619 -44388.8 93.5921 
287868 0.0712648 0.0239902 -45370.2 93.9109 
288834 0.0602531 -0.0473672 -46378.7 94.229 
289800 0.0585812 0.0106566 -46682.2 94.5448 
290766 0.11095 -0.067584 -46095.7 94.8625 
291732 0.0857732 -0.0527353 -45274.3 95.1799 
292698 0.0195991 0.0139517 -45536 95.4978 
293664 0.088634 0.0256095 -45990.3 95.8164 
294630 0.0332335 -0.00826244 -46203.5 96.1348 
295596 0.0356267 0.0324943 -45354 96.4547 
296562 0.0158505 -0.00829369 -45038.5 96.7731 
297528 0.0386032 0.0113601 -44573.1 97.0902 
298494 0.0408413 -0.00917805 -44387 97.4087 
299460 0.0597861 -0.0114198 -44674.8 97.7268 
300426 0.0306123 -0.0175258 -44783 98.0442 
301392 0.0565856 -0.0414829 -44195.3 98.3628 
302358 0.0244557 0.00659705 -44293.7 98.68 
303324 0.0402552 -0.0174048 -44773.9 98.9972 
304290 0.0415426 -0.0318902 -44700.9 99.3158 
305256 0.0402843 -0.00413292 -44217.4 99.6339 
306222 0.0180367 0.0170958 -45080 99.9545 
307188 0.0446205 -0.00472866 -45225.1 100.272 
308154 0.0232454 -0.0166745 -44458.7 100.59 
309120 0.0831211 -0.036508 -44508.4 100.908 
310086 0.00937362 0.00186466 -45186.3 101.226 
311052 0.0723445 0.00514917 -46413 101.543 
312018 0.0570304 -0.0121237 -45043.3 101.861 
312984 0.0798208 -0.0365685 -45759.2 102.178 
313950 0.0716919 0.0132151 -45200.1 102.496 
314916 0.0449449 0.0137725 -44597.5 102.814 
315882 0.0124257 -0.00227398 -45241 103.132 
316848 0.0721492 0.0593563 -46864.7 103.45 
317814 0.0327179 0.0247417 -46672.4 103.768 
318780 0.0705865 0.0685847 -45598.8 104.088 
319746 0.0120203 -0.00309455 -44997.7 104.405 
320712 0.0205601 0.0180652 -45314.5 104.722 
321678 0.0704025 -0.0115422 -46964.8 105.041 
322644 0.0808794 -0.0162657 -46685.1 105.36 
323610 0.100803 0.0052828 -45424.7 105.677 
324576 0.0398117 -0.0375061 -44795.3 105.994 
325542 0.0505693 -0.00861101 -46287.3 106.313 
326508 0.026537 -0.000842588 -46326.9 106.63 
327474 0.0234373 -0.00875773 -46218.7 106.947 
328440 0.0493737 0.0137226 -45600.7 107.263 
329406 0.0452396 0.0164918 -45365.3 107.581 
330372 0.0762838 -0.0145616 -45192.2 107.901 
331338 0.0232493 0.0182058 -45338 108.218 
332304 0.0857139 0.0614452 -46308.3 108.536 
333270 0.0296995 -0.00931012 -45943.2 108.854 
334236 0.0656228 0.0406503 -45411.2 109.17 
335202 0.0544469 -0.0364244 -45156.8 109.488 
336168 0.0311394 -0.0229824 -44720.3 109.806 
337134 0.0163598 -0.00180628 -44502.9 110.123 
338100 0.0519849 -0.014397 -44936.7 110.44 
339066 0.0421575 -0.0348349 -45005.6 110.758 
340032 0.0527104 0.0151287 -45350 111.076 
340998 0.0179635 0.0131462 -44980.9 111.394 
341964 0.0658995 0.0311599 -45785.9 111.712 
342930 0.0413481 -0.00518224 -45911.8 112.03 
343896 0.042552 -0.0194975 -45849.3 112.348 
344862 0.0173731 0.0107752 -45477.8 112.666 
345828 0.044795 -0.0259791 -45631.2 112.985 
346794 0.0823983 -0.0143581 -44619.9 113.303 
347760 0.0820253 -0.0298186 -46519.1 113.622 
348726 0.0687463 -0.0534577 -46927.5 113.94 
349692 0.0468067 -0.0458535 -47211.4 114.259 
350658 0.0657651 -0.0426041 -46218.4 114.577 
351624 0.0303266 -0.00993795 -45137.9 114.894 
352590 0.0536955 0.0287207 -45394.8 115.211 
353556 0.065939 0.00969912 -45408.1 115.528 
354522 0.0311526 -0.0195505 -43707.8 115.847 
355488 0.0649576 0.058726 -43975.8 116.164 
356454 0.0475043 0.0419591 -44527.3 116.483 
357420 0.0410663 -0.00659696 -44070.8 116.801 
358386 0.0689572 0.0605235 -44507.1 117.119 
359352 0.0242289 -0.0103948 -44495.5 117.437 
360318 0.0574363 0.0476637 -44443.4 117.757 
361284 0.0223677 0.00676364 -43806.8 118.079 
362250 0.01719 -0.000132266 -43691.1 118.397 
363216 0.0414172 -0.0392563 -43509.5 118.715 
364182 0.0333432 -0.0158791 -43653.6 119.033 
365148 0.0602485 -0.0320479 -44094.8 119.351 
366114 0.0841316 -0.0134662 -45398.5 119.67 
367080 0.0532025 0.0151453 -46082.6 119.987 
368046 0.0580078 -0.00519716 -45893.5 120.305 
369012 0.0873389 -0.0442473 -45357.5 120.624 
369978 0.0333362 -0.017323 -45700.9 120.943 
370944 0.0543073 -0.0511706 -46045.4 121.26 
371910 0.0679584 -0.0344737 -44760 121.578 
372876 0.0890065 -0.0596346 -45003.4 121.895 
373842 0.0462471 -0.011013 -44426.9 122.213 
374808 0.0722234 0.0290812 -45465.4 122.53 
375774 0.0395844 0.0134147 -44446.2 122.847 
376740 0.0186136 0.0110615 -45125.3 123.164 
377706 0.0681906 -0.0431924 -43883.2 123.483 
378672 0.0550935 0.000122223 -43552.7 123.801 
379638 0.0447458 -0.0160863 -43526.1 124.118 
380604 0.0348519 -0.0170082 -43064.2 124.438 
381570 0.0483757 0.0308316 -43533.9 124.755 
382536 0.0571184 0.0508226 -44664.4 125.073 
383502 0.0400346 0.0335602 -43813.7 125.391 
384468 0.0429842 0.0318578 -43258.8 125.708 
385434 0.0520001 -0.0404304 -43936 126.028 
386400 0.0364043 -0.00601717 -44114.6 126.345 
387366 0.0437173 -0.0413165 -44099.6 126.663 
388332 0.04675 -0.0428169 -44950.1 126.981 
389298 0.0398875 0.0253311 -44979.8 127.298 
390264 0.031285 -0.0133144 -44460.1 127.615 
391230 0.0346704 0.00314593 -45101 127.933 
392196 0.043111 -0.0212383 -44478.2 128.251 
393162 0.0658891 -0.0329796 -44360.9 128.57 
394128 0.0731761 0.000220816 -44590 128.887 
395094 0.0772963 0.0375121 -44656.6 129.206 
396060 0.0760478 -0.00453616 -44849.1 129.524 
397026 0.0831881 -0.0359124 -44907.2 129.841 
397992 0.0813106 -0.0259869 -45101.5 130.158 
398958 0.024258 -0.0109459 -45339.7 130.476 
399924 0.0367583 0.00413019 -47244.1 130.793 
400890 0.0448509 0.0176636 -46099.3 131.112 
401856 0.0852662 -0.0369765 -46258.3 131.429 
402822 0.0488372 -0.00233133 -46091.1 131.748 
403788 0.0415265 0.0130976 -47066.8 132.065 
404754 0.0574514 -0.013492 -45720.4 132.383 
405720 0.0482483 0.00750451 -45276.9 132.701 
406686 0.0750129 -0.0168368 -44072.3 133.019 
407652 0.0889765 0.0128083 -44891 133.336 
408618 0.0557104 -0.0291388 -44518.7 133.654 
409584 0.0821558 -0.038743 -44555.2 133.971 
410550 0.0894858 -0.00337969 -44179.3 134.288 
411516 0.0550683 -0.0267776 -44867.8 134.606 
412482 0.0629536 0.0370625 -45530.1 134.926 
413448 0.0456849 -0.00933942 -45130.5 135.244 
414414 0.0486591 0.0386997 -44893.6 135.561 
415380 0.0498379 0.0242271 -44550.2 135.879 
416346 0.0395029 -0.00140711 -45790.8 136.197 
417312 0.0353688 -0.0349677 -45684.6 136.515 
418278 0.0505629 0.0334403 -45055.9 136.832 
419244 0.0697349 0.025399 -46102.9 137.152 
420210 0.0474462 0.0158276 -45180.5 137.47 
421176 0.0602831 0.0370378 -44851.1 137.787 
422142 0.0419356 0.0209891 -44424.1 138.105 
423108 0.0718473 0.00843608 -43366.1 138.423 
424074 0.0538313 0.0247546 -44323.6 138.741 
425040 0.0445413 0.0410152 -44827 139.059 
426006 0.0323898 0.0271663 -44028.4 139.375 
426972 0.0452223 0.0170168 -43106.8 139.693 
427938 0.00918625 -0.00224412 -43247 140.011 
428904 0.0401193 -0.0216758 -43766.4 140.329 
429870 0.0472905 0.00873288 -43971.1 140.647 
430836 0.0588773 -0.00121534 -44049.5 140.964 
431802 0.0503989 0.0237336 -44737.1 141.281 
432768 0.0999452 -0.0872237 -45266.9 141.599 
433734 0.0343079 -0.000712091 -44446.1 141.917 
434700 0.0381824 0.0154721 -44456.9 142.233 
435666 0.0476625 -0.0353467 -44334.4 142.551 
436632 0.0906877 -0.0605735 -44369.6 142.869 
437598 0.0589212 0.0100203 -44715.1 143.187 
438564 0.0592837 0.0544679 -45764.9 143.505 
439530 0.0869595 -0.0197321 -45822.4 143.822 
440496 0.115109 0.0339716 -45393.5 144.14 
441462 0.0737965 0.040011 -45347.6 144.457 
442428 0.0523943 0.0350144 -45178.2 144.774 
443394 0.0387388 -0.0142078 -45588.1 145.093 
444360 0.0663935 0.0508942 -46476.2 145.411 
445326 0.0436431 -0.00872742 -43850 145.729 
446292 0.0552129 -0.0112075 -44997.7 146.047 
447258 0.0729559 -0.00513912 -44319.1 146.365 
448224 0.0513621 -0.0363628 -44254.2 146.681 
449190 0.0799841 0.0647743 -44726.6 146.999 
450156 0.0220333 -0.0138699 -44733.6 147.316 
451122 0.0657324 0.00276438 -44525.6 147.634 
452088 0.0293529 -0.0157127 -43565.3 147.952 
453054 0.0274539 -0.0199611 -43978.6 148.269 
454020 0.0605018 -0.0582312 -43908.3 148.587 
454986 0.0227334 -0.0187304 -43381.2 148.904 
455952 0.0459798 -0.0275889 -42941.9 149.221 
456918 0.0386326 -0.0320823 -43206.6 149.539 
457884 0.0745758 -0.0685685 -44041.5 149.856 
458850 0.0491836 -0.0183736 -43029.8 150.173 
459816 0.0492826 0.0443262 -42766.7 150.49 
460782 0.0445176 0.00138937 -43025.7 150.807 
461748 0.0626787 0.0448709 -43223.6 151.124 
462714 0.0731834 -0.0349424 -43513.2 151.444 
463680 0.0988977 -0.058615 -43619.2 151.761 
464646 0.0563216 -0.0406817 -45126 152.08 
465612 0.0657053 -0.0627214 -44393.8 152.398 
466578 0.052306 -0.000286191 -45627.3 152.716 
467544 0.0819591 0.0163332 -45552.5 153.034 
468510 0.0384044 0.0153321 -45824 153.351 
469476 0.0366178 0.000130557 -45209.7 153.669 
470442 0.0208674 -0.00767644 -44421.6 153.987 
471408 0.0144958 -0.0121522 -45601.3 154.305 
472374 0.0742839 0.0236324 -45158.3 154.623 
473340 0.0866838 0.050238 -46811.4 154.943 
474306 0.125094 0.08516 -45613.5 155.261 
475272 0.0813133 0.00709605 -45755.3 155.578 
476238 0.0171954 -0.00932663 -45719.9 155.897 
477204 0.0323834 -0.0179628 -45944.7 156.216 
478170 0.0529309 -0.00855701 -46886.9 156.534 
479136 0.0518642 0.00717336 -46413.4 156.851 
480102 0.0621643 0.021495 -45807.5 157.171 
481068 0.0817821 0.0661251 -45150.1 157.489 
482034 0.0119662 0.00561924 -45339.7 157.808 
483000 0.0546184 0.0362955 -45588.1 158.126 
483966 0.0741936 -0.0154948 -45648.9 158.444 
484932 0.033795 -0.0185516 -44772.4 158.763 
485898 0.0599932 -0.0460776 -43127.7 159.081 
486864 0.098999 -0.0156876 -43794.7 159.399 
487830 0.081876 -0.0486091 -43753.7 159.717 
488796 0.0344713 -0.0206567 -42789.1 160.034 
489762 0.0134851 -0.00468339 -43596.5 160.353 
490728 0.0567266 -0.0434229 -43959.6 160.672 
491694 0.0305995 0.00726056 -43808.2 160.988 
492660 0.0465291 0.0128118 -44087.5 161.306 
493626 0.0537291 0.0128732 -43866.1 161.625 
494592 0.0701858 0.0530532 -44867.4 161.944 
495558 0.0554911 -0.0234479 -43984 162.262 
496524 0.044701 0.0109297 -43811.6 162.579 
497490 0.0427584 0.0235371 -43873.2 162.898 
498456 0.0109659 -0.00229878 -43404.3 163.217 
499422 0.0397964 0.0385127 -42201 163.534 
500388 0.0370381 0.00268194 -43070.5 163.853 
501354 0.0387143 -0.0375069 -43543.5 164.17 
502320 0.0496934 0.0254384 -44548.4 164.489 
503286 0.0418986 -0.0117684 -45452.9 164.807 
504252 0.0373567 0.0244995 -44842.1 165.125 
505218 0.06627 0.0634423 -45927.3 165.441 
506184 0.0251002 -0.00382659 -45801.9 165.76 
507150 0.0663893 0.0530536 -44738.6 166.08 
508116 0.0300549 0.027849 -44799.1 166.4 
509082 0.0704694 -0.0200659 -43819.1 166.717 
510048 0.0617667 -0.00675667 -42853.7 167.036 
511014 0.0226526 -0.0151411 -44559.6 167.354 
511980 0.0327411 0.01779 -45075.5 167.673 
512946 0.0600659 0.00682576 -43887.8 167.991 
513912 0.0783172 0.0518647 -44706.6 168.309 
514878 0.10181 0.0809729 -45212.8 168.628 
515844 0.0305613 -0.007606 -45155 168.945 
516810 0.0294159 0.0188612 -46325.7 169.262 
517776 0.0647098 -0.0560317 -46411.7 169.581 
518742 0.0624332 -0.0193693 -46090.6 169.899 
519708 0.0370543 -0.0359311 -45238.2 170.217 
520674 0.0288864 -0.0232062 -45193.5 170.535 
521640 0.0247581 -0.0112807 -43922.5 170.853 
522606 0.0546434 -0.050898 -44782.7 171.171 
523572 0.0683777 -0.00405894 -45009.6 171.489 
524538 0.0715601 0.0147617 -44501.5 171.807 
525504 0.0539527 0.0316232 -44102.5 172.126 
526470 0.0592252 0.0120567 -44067.6 172.443 
527436 0.0789024 0.00458937 -44980 172.761 
528402 0.0825739 0.0623096 -45218.5 173.08 
529368 0.0372135 0.0171952 -44948.9 173.399 
530334 0.0528362 0.00685455 -44424.6 173.717 
531300 0.0496778 0.0462484 -43948.9 174.036 
532266 0.0302888 -1.12875e-05 -44901.1 174.352 
533232 0.0224611 0.0149562 -44843.1 174.67 
534198 0.0441404 0.042797 -45018.6 174.988 
535164 0.0443206 -0.0439193 -45273.8 175.306 
536130 0.0245154 -0.00438986 -44329.9 175.624 
537096 0.0735711 0.0251298 -45010.1 175.942 
538062 0.0749441 0.020383 -44807.3 176.26 
539028 0.0580325 -0.0156717 -46011 176.543 
539994 0.0624482 -0.0507561 -44136.7 176.776 
540960 0.0772261 -0.0450248 -44427.2 177.047 
541926 0.0853823 -0.0291622 -43886.7 177.339 
542892 0.022888 -0.0141054 -45230 177.641 
543858 0.0190924 0.00373052 -45422.7 177.941 
544824 0.0487767 -0.0486109 -44580.5 178.243 
545790 0.0397518 -0.0219321 -44962.2 178.558 
546756 0.0281621 0.0212754 -45102.9 178.869 
547722 0.0790602 0.0639552 -45200.6 179.179 
548688 0.00869527 -0.00449044 -44577.8 179.489 
549654 0.0876087 -0.0656969 -45665 179.805 
550620 0.0207128 -0.0175425 -45677.8 180.122 
551586 0.0773311 -0.0322705 -45989.4 180.436 
552552 0.0568177 -0.0238342 -45374.7 180.754 
553518 0.0444591 -0.0229939 -44786 181.072 
554484 0.0217386 -0.0152725 -43914.4 181.389 
555450 0.0262959 0.0034309 -44384.2 181.709 
556416 0.0472292 -0.0374096 -44536.7 182.028 
557382 0.0737131 0.0566278 -43202.2 182.347 
558348 0.0330543 -0.00119037 -43152.8 182.666 
559314 0.0527755 -0.0267894 -44191.6 182.984 
560280 0.0341085 -0.0143084 -44076.1 183.303 
561246 0.0465282 -0.0426983 -44162.8 183.622 
562212 0.0174497 0.00732826 -44697.6 183.938 
563178 0.064554 0.00583145 -46347.2 184.256 
564144 0.0970732 -0.09582 -46295.3 184.576 
565110 0.0931639 -0.0326807 -45794.4 184.893 
566076 0.0995514 0.0726692 -46641.4 185.212 
567042 0.0660345 -0.0202826 -45676.8 185.531 
568008 0.0129273 0.00862805 -45832.5 185.85 
568974 0.0264809 -0.00244719 -44765.3 186.168 
569940 0.087585 0.0744179 -44503.4 186.487 
570906 0.0686372 -0.0237802 -45397.8 186.805 
571872 0.0675395 0.0320023 -45049.2 187.123 
572838 0.048718 -0.00390615 -45054.1 187.441 
573804 0.0563128 -0.034233 -44169.7 187.76 
574770 0.0566803 0.0328126 -44904.2 188.079 
575736 0.056587 0.0513645 -43650 188.397 
576702 0.0254687 0.0175683 -43881.9 188.715 
577668 0.0453492 0.0134968 -44999.3 189.034 
578634 0.0481354 0.0300062 -44179.9 189.353 
579600 0.0766095 -0.0765506 -45143.9 189.672 
580566 0.0453915 0.0138074 -44225 189.989 
581532 0.0448419 0.00279998 -44129.6 190.307 
582498 0.0806957 0.0378714 -45736.1 190.624 
583464 0.077376 0.0532102 -45216.1 190.944 
584430 0.0505191 -0.030238 -45133.6 191.262 
585396 0.0724478 -0.00528514 -44104.9 191.578 
586362 0.0406749 -0.0323925 -44185.7 191.897 
587328 0.0285422 -0.0271837 -44606.3 192.215 
588294 0.0700535 -0.0420162 -44004.6 192.533 
589260 0.070816 -0.034776 -44214.8 192.85 
590226 0.104446 -0.0416369 -45796.1 193.168 
591192 0.081117 -0.0352028 -45265.6 193.487 
592158 0.0343303 -0.027452 -44618.1 193.805 
593124 0.0311304 -0.012283 -44364.9 194.121 
594090 0.0408406 0.0224431 -44368.4 194.44 
595056 0.0308073 0.00664014 -44118.5 194.758 
596022 0.0448125 0.008884 -43603.8 195.076 
596988 0.0623086 0.0526064 -43736.5 195.395 
597954 0.0402427 0.0375159 -44033.8 195.713 
598920 0.0598642 -0.0348733 -42903.5 196.032 
599886 0.0579767 -0.0192289 -42616.2 196.35 
600852 0.0297248 0.0113707 -43632 196.668 
601818 0.0576195 0.0262554 -43157.9 196.986 
602784 0.062691 0.0547218 -44485.7 197.304 
603750 0.0868954 0.0769563 -46105.9 197.621 
604716 0.0451774 0.0156218 -45531.5 197.941 
605682 0.0508814 0.0262432 -45106.6 198.26 
606648 0.0427072 -0.0125764 -44572.6 198.577 
607614 0.0481445 0.0291418 -43808.2 198.893 
608580 0.0519791 0.0288838 -44101.5 199.212 
609546 0.0248707 0.00626369 -44898.7 199.53 
610512 0.0237237 0.0106027 -45014.2 199.848 
611478 0.0398493 0.0263351 -46333.9 200.168 
612444 0.116922 -0.116384 -45795.3 200.486 
613410 0.0895876 -0.087136 -44359.9 200.805 
614376 0.0636705 -0.0579785 -44490.3 201.122 
615342 0.0445924 0.00381818 -43735.5 201.442 
616308 0.0577348 -0.057474 -43865.1 201.76 
617274 0.0447399 -0.0367928 -44609.4 202.078 
618240 0.0415209 -0.0351318 -44282.2 202.396 
619206 0.0739494 -0.0109277 -44532.2 202.715 
620172 0.072202 0.0438574 -43714.4 203.032 
621138 0.0569286 -0.0172295 -43963.2 203.35 
622104 0.0414827 -0.0372338 -44256 203.669 
623070 0.021871 0.00547846 -45260.4 203.988 
624036 0.00769858 0.00113645 -46157.4 204.307 
625002 0.0514174 0.00611388 -45750.7 204.625 
625968 0.0191387 -0.00557398 -46123 204.945 
626934 0.0231464 0.0180769 -45337.5 205.264 
627900 0.0208606 0.0183824 -44850 205.581 
628866 0.0667846 -0.0540006 -45621.1 205.899 
629832 0.0426998 -0.0235617 -44676.8 206.219 
630798 0.0550117 -0.0058665 -44183 206.538 
631764 0.0414372 0.012166 -45622.7 206.856 
632730 0.0393569 0.0133394 -45147 207.173 
633696 0.0717824 0.0229725 -44740 207.49 
634662 0.0203363 0.0102796 -45788.2 207.809 
635628 0.0202575 -0.00843744 -45043.4 208.125 
636594 0.0571396 0.0559808 -45585.7 208.445 
637560 0.018902 0.0139413 -45203.6 208.762 
638526 0.0582037 -0.0254067 -44847.7 209.079 
639492 0.0383677 -0.0353527 -44373.9 209.398 
640458 0.0709917 -0.0472602 -44560.3 209.715 
641424 0.100771 -0.0399547 -43663.9 210.035 
642390 0.0204306 0.00243935 -43283.8 210.353 
643356 0.0486377 -0.0331096 -44812.8 210.672 
644322 0.0227348 -0.00162573 -45052.8 210.991 
645288 0.061255 -0.00023817 -44016.4 211.31 
646254 0.0394029 0.0348652 -44247 211.628 
647220 0.0736941 -0.0315948 -44774 211.947 
648186 0.104371 -0.0654353 -44833 212.265 
649152 0.0770619 -0.0590824 -44922.9 212.582 
650118 0.043523 -0.00681236 -43133.4 212.9 
651084 0.074162 0.0136288 -44278.5 213.218 
652050 0.0997043 0.0207443 -43851.6 213.535 
653016 0.0413782 0.0188618 -44235.1 213.853 
653982 0.0154953 -0.00500847 -44995.2 214.17 
654948 0.0645008 -0.0365406 -44358.6 214.489 
655914 0.0349829 -0.0303144 -42873.6 214.808 
656880 0.0534543 -0.0346069 -43034.6 215.125 
657846 0.0376683 0.0108071 -44016.8 215.444 
658812 0.0686731 0.052257 -43955.8 215.762 
659778 0.0704803 -0.0341076 -43675.9 216.079 
660744 0.04147 -0.0324282 -43156.1 216.397 
661710 0.0695924 -0.0512876 -44701.9 216.716 
662676 0.0887668 -0.0842048 -43665.7 217.034 
663642 0.0495643 -0.0378575 -44946.8 217.352 
664608 0.0466258 0.00789151 -46220.1 217.671 
665574 0.0945501 0.0677445 -45018 217.99 
666540 0.0345061 0.0123427 -44392.8 218.308 
667506 0.0613741 -0.0183176 -44913.6 218.626 
668472 0.0728686 -0.0377027 -44915.5 218.944 
669438 0.0632891 -0.0523396 -45352.3 219.262 
670404 0.0787937 -0.0318796 -45513.1 219.582 
671370 0.0420032 -0.0341569 -43981.4 219.9 
672336 0.0554354 -0.0485823 -43461.7 220.218 
673302 0.0307998 -0.0287115 -43293.9 220.535 
674268 0.0368076 0.0156399 -43522.1 220.853 
675234 0.0500235 -0.0453998 -44627.7 221.171 
676200 0.0917408 -0.0798948 -44510 221.489 
677166 0.0306767 -0.0181167 -44602.5 221.807 
678132 0.0432934 0.0342912 -44358.5 222.123 
679098 0.0772676 0.073763 -45307.5 222.439 
680064 0.0209762 -0.0151641 -45327.9 222.757 
681030 0.0328851 -0.0277642 -45620.4 223.075 
681996 0.0831208 0.0120329 -45843.3 223.394 
682962 0.0451629 -0.0138618 -45659.8 223.712 
683928 0.0481205 0.0117108 -45336.4 224.029 
684894 0.0692374 -0.0518862 -45724.1 224.348 
685860 0.0567859 -0.0492859 -44444.7 224.665 
686826 0.0535045 0.0114836 -45604.6 224.984 
687792 0.0909166 -0.0464686 -45581.3 225.302 
688758 0.033771 0.00160437 -43548.9 225.62 
689724 0.0579644 -0.00688422 -43440.9 225.938 
690690 0.0422211 0.0169253 -44256.3 226.256 
691656 0.011766 0.00169602 -43403.3 226.572 
692622 0.04524 0.0391499 -44996.1 226.89 
693588 0.0298679 0.0239521 -44159.1 227.21 
694554 0.032852 0.0128726 -44962.9 227.529 
695520 0.0429769 0.0170647 -46135.6 227.847 
696486 0.0328565 0.0307487 -44937.5 228.164 
697452 0.0319531 0.0149704 -44464.4 228.484 
698418 0.0568555 0.00457874 -44637.6 228.8 
699384 0.0593694 -0.0125971 -43637.9 229.118 
700350 0.0327282 -0.00963894 -42960.5 229.436 
701316 0.0432377 0.0106856 -43768.2 229.753 
702282 0.0170391 0.0133051 -43914.3 230.071 
703248 0.0221767 -0.00367375 -44370.5 230.389 
704214 0.0390836 0.000291193 -44262.8 230.707 
705180 0.0538819 0.029374 -44911.9 231.024 
706146 0.0383631 -0.017409 -45236.5 231.342 
707112 0.0642687 0.0160732 -45893.7 231.66 
708078 0.0313071 0.0243491 -44728.5 231.979 
709044 0.0742048 0.0425668 -45326.1 232.298 
710010 0.0400141 0.0141201 -44651.2 232.615 
710976 0.0569325 -0.0406912 -45095.1 232.933 
711942 0.072367 -0.0259866 -44425.4 233.251 
712908 0.0530601 -0.0237582 -45342.4 233.569 
713874 0.0614762 -0.0478252 -44835.6 233.888 
714840 0.0760317 0.0729394 -43822.7 234.206 
715806 0.0157825 0.00721662 -44970.2 234.523 
716772 0.0649348 0.00330657 -45075.1 234.841 
717738 0.0213505 -0.0158355 -44165 235.158 
718704 0.0121047 0.00787531 -44140.3 235.475 
719670 0.0487535 0.00939408 -44723.5 235.795 
720636 0.042287 0.0261506 -44496.5 236.112 
721602 0.0811174 0.0645256 -45195.4 236.429 
722568 0.0356104 0.0265069 -45908.8 236.748 
723534 0.0539799 0.00855609 -45426.4 237.065 
724500 0.0315765 0.0011285 -43572.1 237.384 
725466 0.0105142 -0.00545572 -44166 237.701 
726432 0.0479377 0.0416143 -44423.3 238.018 
727398 0.0538397 -0.0237769 -44324.7 238.336 
728364 0.020305 -0.0151024 -43970.5 238.654 
729330 0.0387846 -0.0294163 -44467 238.973 
730296 0.0755342 0.0122036 -45208.8 239.29 
731262 0.0665362 -0.0442692 -44234.3 239.606 
732228 0.0621284 0.0102216 -44354.8 239.924 
733194 0.0562181 -0.0498778 -45623.2 240.241 
734160 0.0506665 0.0381145 -45524 240.558 
735126 0.027549 -0.0149267 -46451.5 240.877 
736092 0.0299078 0.0274814 -45703 241.196 
737058 0.0204862 -0.00838486 -45082.2 241.517 
738024 0.0310254 -0.00795651 -44163.6 241.838 
738990 0.0510599 0.0295075 -43910.8 242.155 
739956 0.0607135 0.00989976 -44768.6 242.473 
740922 0.0800476 0.077812 -44693.7 242.79 
741888 0.092674 0.0419244 -44871.6 243.108 
742854 0.0466776 0.0303318 -44888.7 243.426 
743820 0.0224764 -0.01313 -45295.5 243.744 
744786 0.0636223 0.0556194 -44565.2 244.061 
745752 0.0449921 0.0420467 -45233.4 244.378 
746718 0.0240814 0.0219531 -44135.5 244.697 
747684 0.0367729 0.00426721 -44861.1 245.014 
748650 0.0754093 0.0545707 -44652.8 245.332 
749616 0.0208234 -0.0123901 -43339.2 245.649 
750582 0.0491276 -0.0386333 -44564.8 245.967 
751548 0.0311483 0.0162502 -44149.3 246.286 
752514 0.0221475 -0.000990755 -44792 246.603 
753480 0.0206971 -0.0137096 -44416.2 246.922 
754446 0.0738228 0.014173 -45193.8 247.241 
755412 0.0329019 -0.0106319 -44613.8 247.559 
756378 0.0211101 -0.0127372 -44839.9 247.877 
757344 0.0676653 -0.0258163 -44467.8 248.196 
758310 0.0463145 0.00867828 -46004.1 248.514 
759276 0.0276974 -0.00723227 -46070.1 248.832 
760242 0.0241927 0.0143211 -45403 249.15 
761208 0.0294871 -0.00622283 -45307.1 249.469 
762174 0.0292497 -0.00477791 -45202.6 249.786 
763140 0.0779776 -0.0650003 -45005.1 250.104 
764106 0.0317218 -0.0167711 -44186.7 250.423 
765072 0.0162061 -0.00881238 -43705.7 250.741 
766038 0.053666 0.0288135 -43915.3 251.058 
767004 0.0436704 -0.0321824 -44791.2 251.376 
767970 0.0431133 -0.0326115 -44956.1 251.693 
768936 0.0446094 -0.0415485 -45581.3 252.01 
769902 0.0402302 -0.0177197 -45149.4 252.329 
770868 0.0593389 -0.02292 -45482.3 252.647 
771834 0.0527269 -0.0134964 -45059.3 252.965 
772800 0.00715278 0.00180263 -44260.4 253.282 
773766 0.0360943 -0.00617271 -44937.9 253.6 
774732 0.0603036 -0.0231225 -44804.3 253.917 
775698 0.065188 0.0389886 -44845.7 254.236 
776664 0.0625852 0.0217257 -46077.6 254.555 
777630 0.0524308 0.0451701 -45723.1 254.874 
778596 0.0324649 0.015815 -44538.8 255.191 
779562 0.0442447 -0.0308225 -44217.3 255.508 
780528 0.0852332 0.0162434 -46311 255.825 
781494 0.05534 -0.00767028 -44906.1 256.142 
782460 0.0341743 -0.0239878 -43830.7 256.459 
783426 0.0136751 -0.00875514 -44866.3 256.776 
784392 0.0316456 -0.0206579 -44494.3 257.094 
785358 0.025774 -0.00709995 -44566.5 257.412 
786324 0.065358 -0.0633631 -44191.7 257.73 
787290 0.0284146 -0.0210239 -43658.1 258.048 
788256 0.0259316 0.0237826 -44728 258.366 
789222 0.0433117 0.0403339 -44949.1 258.686 
790188 0.0179254 0.00348128 -44372.8 259.003 
791154 0.0195042 0.00513119 -43897.3 259.321 
792120 0.0286332 0.00539668 -43403.1 259.639 
793086 0.0492013 0.0279273 -44577.5 259.958 
794052 0.0756332 0.074035 -44069.1 260.276 
795018 0.0647981 0.0510493 -43115.1 260.595 
795984 0.0723016 0.0302946 -42917.4 260.912 
796950 0.0796948 0.0287871 -43064.9 261.231 
797916 0.0400846 0.0285443 -44534.3 261.548 
798882 0.0407125 0.028644 -44236.7 261.867 
799848 0.0423599 0.00754329 -46057.1 262.185 
800814 0.0430835 -0.0116967 -47321.4 262.503 
801780 0.0647126 -0.0456025 -45646.8 262.82 
802746 0.0649245 0.0213794 -45333.8 263.138 
803712 0.0186485 0.0153941 -45944.4 263.455 
804678 0.0706751 0.061011 -46022.9 263.774 
805644 0.0715563 -0.0578711 -45849.1 264.091 
806610 0.0876257 0.0817138 -45950.8 264.408 
807576 0.0860784 0.080124 -45657.8 264.726 
808542 0.0269743 0.0239077 -45635.4 265.043 
809508 0.0336262 0.0175966 -45552.9 265.361 
810474 0.028572 -0.0232687 -46493.7 265.678 
811440 0.0614497 -0.0490136 -45955.2 265.996 
812406 0.0613581 -0.0561655 -46032.8 266.312 
813372 0.0518616 0.000280994 -45590.2 266.63 
814338 0.0128146 0.0122674 -45618.9 266.949 
815304 0.034307 0.0195734 -44578 267.268 
816270 0.0253633 -0.0077036 -44994.7 267.584 
817236 0.0256729 -0.00376038 -46021.7 267.902 
818202 0.039957 -0.0166602 -45466.9 268.221 
819168 0.0453791 -0.0328614 -45103 268.539 
820134 0.0419074 -0.0020779 -44400.8 268.857 
821100 0.0468099 -0.0167096 -44752.7 269.176 
822066 0.0447808 -0.0423513 -45324.6 269.494 
823032 0.0195616 0.0103615 -45410.8 269.812 
823998 0.0218757 -0.0149084 -45992.1 270.129 
824964 0.0329788 -0.0159774 -45961.1 270.447 
825930 0.0828325 -0.0214881 -46635.6 270.765 
826896 0.0540567 -0.0169279 -46711.3 271.082 
827862 0.0972417 -0.0239804 -46911.6 271.4 
828828 0.0528604 -0.00963162 -45424 271.717 
829794 0.0476988 0.0133883 -45729.6 272.034 
830760 0.0405543 0.0156654 -45234.4 272.354 
831726 0.068901 0.04623 -46318.8 272.677 
832692 0.0643795 0.000548939 -45771.8 272.997 
833658 0.0540215 -0.0136721 -46240.5 273.315 
834624 0.0328225 -0.000232517 -45230.9 273.633 
835590 0.083954 0.032606 -45548.4 273.952 
836556 0.0360292 0.0129069 -46001.2 274.272 
837522 0.0292417 -0.0074177 -44929.5 274.588 
838488 0.056812 0.0563878 -45374.7 274.906 
839454 0.073191 0.0401423 -45574.9 275.224 
840420 0.0560684 0.0349056 -45936.6 275.541 
841386 0.040035 -0.0296734 -45629.9 275.86 
842352 0.0317593 -0.0109045 -45108.1 276.18 
843318 0.0227946 -0.0209381 -44235.7 276.499 
844284 0.0743692 0.0743635 -45276.1 276.817 
845250 0.0610126 0.0418774 -46174 277.135 
846216 0.0421486 0.0331369 -45912.5 277.454 
847182 0.105298 0.0797385 -46622.7 277.771 
848148 0.0449657 0.0327494 -45803 278.091 
849114 0.0513385 -0.0502607 -44993.7 278.409 
850080 0.018265 0.00062101 -45240.6 278.726 
851046 0.04381 0.0325732 -44741.2 279.045 
852012 0.0486169 -0.0443168 -46009.4 279.363 
852978 0.0216182 0.0160555 -45240.3 279.68 
853944 0.0535262 -0.0175486 -45456 279.998 
854910 0.0487292 -0.0228914 -44961.8 280.317 
855876 0.0501888 0.022435 -44853.1 280.636 
856842 0.0664517 -0.0145432 -45798.4 280.924 
857808 0.0636294 -0.00934826 -45786.3 281.155 
858774 0.0580143 0.0275266 -45641.4 281.397 
859740 0.0502295 0.026249 -44485.4 281.665 
860706 0.0541918 -0.0399134 -43849.4 281.945 
861672 0.0574346 -0.0414628 -44331.9 282.235 
862638 0.0770463 0.0210977 -45079.1 282.544 
863604 0.0670531 0.00129827 -43932.4 282.859 
864570 0.068928 -0.0223801 -43535.4 283.177 
865536 0.0479908 0.0196769 -43947.3 283.494 
866502 0.0155533 -0.012622 -44181.6 283.813 
867468 0.0184431 0.00391437 -44445 284.131 
868434 0.0234234 -0.0161349 -44283.2 284.448 
869400 0.0131865 -0.00412447 -44340.5 284.766 
870366 0.0550257 0.00743867 -43970.2 285.082 
871332 0.0941082 0.0178147 -44536.7 285.399 
872298 0.06281 0.0394086 -45048.4 285.717 
873264 0.0686469 0.0375052 -45130.2 286.033 
874230 0.048581 0.00198435 -44561.9 286.351 
875196 0.04371 0.0385462 -43925.2 286.667 
876162 0.0116832 0.00819928 -44675.2 286.983 
877128 0.0457237 0.0206936 -43920.5 287.3 
878094 0.0267148 -0.0193915 -43796.2 287.618 
879060 0.0306023 -0.0225343 -44819.3 287.936 
880026 0.0262323 0.00322449 -45025.5 288.252 
880992 0.0653123 -0.0638567 -44141.9 288.568 
881958 0.0450669 -0.039255 -45429.8 288.885 
882924 0.0516369 -0.0288643 -45776.6 289.203 
883890 0.0470717 -0.0401417 -46359.6 289.52 
884856 0.0612314 -0.00838356 -45982.1 289.837 
885822 0.0384742 0.0199673 -46611.1 290.155 
886788 0.0855381 0.0803359 -47725.7 290.472 
887754 0.0231016 0.0210115 -46452.2 290.79 
888720 0.0610314 0.0234289 -45747.7 291.108 
889686 0.030226 0.00548965 -44484.3 291.426 
890652 0.0323441 -0.001552 -44853.1 291.744 
891618 0.0346986 -0.0247971 -45123.1 292.062 
892584 0.0430855 0.00456344 -45034.7 292.379 
893550 0.0261881 -0.0241569 -45505.7 292.697 
894516 0.0549376 0.0504666 -45168 293.013 
895482 0.0245572 -0.00286156 -44879.2 293.331 
896448 0.0491968 0.017591 -45656.6 293.648 
897414 0.0461295 0.0279016 -45373.8 293.965 
898380 0.046848 0.0230331 -44995.9 294.283 
899346 0.079535 0.0416518 -43942.6 294.602 
900312 0.0772263 -0.0052619 -43191 294.92 
901278 0.0674649 -0.031429 -44362.6 295.238 
902244 0.0466273 0.0445584 -44884 295.556 
903210 0.0492616 -0.020499 -44207.2 295.873 
904176 0.102549 0.0136983 -45792.1 296.191 
905142 0.0582535 0.0469969 -44918.4 296.509 
906108 0.0303464 0.00847213 -43240.6 296.827 
907074 0.0191076 -0.00453832 -44817.7 297.146 
908040 0.0134303 -0.00993776 -44920.3 297.463 
909006 0.0277341 -0.00486679 -44674.2 297.781 
909972 0.0680119 0.0314615 -45793.7 298.098 
910938 0.069931 0.0561268 -45680.9 298.415 
911904 0.0502382 0.0287894 -45341.2 298.733 
912870 0.0918622 0.0843549 -45707.9 299.051 
913836 0.105215 0.0897372 -46866.6 299.369 
914802 0.0473857 0.0428774 -45131 299.687 
915768 0.0511817 0.0282002 -45389.9 300.005 
916734 0.0377714 -0.0119213 -45999.3 300.322 
917700 0.0453043 -0.00666981 -45367 300.64 
918666 0.0377521 -0.0254605 -44652.3 300.957 
919632 0.0219864 0.00936915 -44585.4 301.276 
920598 0.0421652 0.0411236 -45265.8 301.593 
921564 0.0112851 -0.00767485 -45605.3 301.91 
922530 0.0672751 -0.0395453 -45213.9 302.228 
923496 0.0860267 -0.0567803 -46274.1 302.547 
924462 0.0232514 -0.000656401 -44698.6 302.864 
925428 0.0683877 0.0319878 -46256.5 303.182 
926394 0.0901663 0.0842022 -46423.7 303.499 
927360 0.102059 0.0355992 -45553.2 303.816 
928326 0.0964855 0.0698348 -44867.9 304.134 
929292 0.0596765 0.0296961 -45019 304.45 
930258 0.0562955 0.0383668 -43814.7 304.768 
931224 0.0461365 0.0268475 -43277.1 305.086 
932190 0.0362896 0.0323259 -43982.8 305.405 
933156 0.0235141 0.00198654 -45258.7 305.723 
934122 0.0310634 -0.0180669 -45647.9 306.041 
935088 0.0668172 0.0562459 -45424.8 306.359 
936054 0.0278225 -0.0166599 -45824.3 306.677 
937020 0.0424559 -0.042157 -45462.3 306.995 
937986 0.0614003 -0.0549047 -45150.1 307.312 
938952 0.0565364 0.034072 -44643 307.629 
939918 0.0352377 -0.0288046 -45441.5 307.947 
940884 0.0531741 -0.0420583 -45260.9 308.265 
941850 0.05806 -0.0548479 -45050.3 308.582 
942816 0.0313763 -0.0196802 -44455.6 308.899 
943782 0.0427692 -0.0060945 -43855.7 309.216 
944748 0.0542832 0.0105647 -43942.3 309.534 
945714 0.0298488 0.00793476 -42888 309.853 
946680 0.0591419 -0.0457688 -44744.7 310.171 
947646 0.0339776 0.0132029 -44637.9 310.49 
948612 0.0235927 -0.00509184 -44345.6 310.809 
949578 0.0728361 -0.0279067 -46313.6 311.126 
950544 0.0900372 -0.0580403 -45709.1 311.444 
951510 0.0558672 0.0200903 -44673.4 311.762 
952476 0.112147 -0.0888906 -44572 312.08 
953442 0.068329 -0.00519616 -44974 312.397 
954408 0.08544 0.02593 -46727 312.716 
955374 0.0437534 0.0138035 -44797.4 313.035 
956340 0.0695312 -0.0500909 -44827.6 313.354 
957306 0.0393762 -0.000457363 -44988 313.672 
958272 0.0814938 0.0165804 -44567.8 313.991 
959238 0.0629408 -0.0134619 -46347.9 314.309 
960204 0.0674287 -0.0673738 -47023.3 314.626 
961170 0.0266971 -0.0150217 -45432.8 314.944 
962136 0.0176575 -0.0143644 -44690.4 315.262 
963102 0.0174397 0.00064584 -44506.7 315.58 
964068 0.0455788 0.00418481 -45345.4 315.897 
965034 0.0371316 0.0334283 -45945 316.215 
966000 0.0660278 0.0140478 -46243.1 316.533 
