0 0.0108143 0.00630855 -32261.3 0 
966 0.0173943 0.00465784 -34690.1 0.158271 
1932 0.0438723 -0.0121519 -40798.8 0.317108 
2898 0.0426378 0.0158287 -41843.3 0.475689 
3864 0.0506464 0.0361072 -42494.7 0.629686 
4830 0.0366178 0.0286036 -42485.9 0.789435 
5796 0.0323362 0.00148164 -43165.2 0.94618 
6762 0.0589068 -0.0354513 -43340.3 1.09982 
7728 0.0108381 0.00292989 -42900.7 1.25544 
8694 0.0426336 -0.00206013 -42826.6 1.40695 
9660 0.0434684 -0.0255134 -43895.1 1.56136 
10626 0.0452121 -0.0317337 -45190 1.71693 
11592 0.0422135 0.00127354 -45634 1.87336 
12558 0.0446034 0.0308228 -44773.5 2.0271 
13524 0.0868421 0.0731796 -47420 2.1843 
14490 0.0223114 -0.0139764 -46383.1 2.33987 
15456 0.0558616 0.00430909 -46167.3 2.494 
16422 0.0582993 -0.0309546 -46223.9 2.6507 
17388 0.0854178 0.0827953 -46607.9 2.8087 
18354 0.034915 0.00807483 -45276.3 2.96453 
19320 0.0400308 0.0143867 -45212.3 3.11948 
20286 0.0437717 0.0424296 -46240.4 3.27591 
21252 0.0274671 0.00876459 -46038.9 3.43463 
22218 0.0728975 0.0706921 -45646.1 3.59298 
23184 0.0710814 0.0372144 -45317.3 3.7502 
24150 0.0557994 0.0408381 -44930 3.90789 
25116 0.0636508 0.0298921 -44334.9 4.06287 
26082 0.0602584 0.0109487 -44659.1 4.21936 
27048 0.106717 0.0833191 -44975.6 4.37623 
28014 0.0873124 0.0609496 -46691.2 4.53265 
28980 0.0545707 -0.0243466 -47566.6 4.68592 
29946 0.0317733 0.010928 -47924.3 4.83959 
30912 0.0445934 0.0265235 -46777.1 4.9932 
31878 0.0456256 -0.0375229 -47996.2 5.1473 
32844 0.0333375 0.0197375 -47411.8 5.30035 
33810 0.0455052 -0.0407827 -47629.1 5.45358 
34776 0.0237829 -0.0159419 -46779.6 5.60689 
35742 0.0260778 -0.0232018 -47176.7 5.75862 
36708 0.0498091 0.0194449 -46811 5.91085 
37674 0.0622354 0.00151973 -46518.4 6.06459 
38640 0.0773463 0.0574904 -45732.9 6.2193 
39606 0.0669256 0.00873172 -44566 6.37176 
40572 0.0675447 0.0095202 -43411.5 6.52512 
41538 0.0342225 -0.0303263 -43804 6.67722 
42504 0.0143267 -0.0132886 -44542.4 6.82953 
43470 0.0473297 -0.0189238 -45190.5 6.9822 
44436 0.0199969 -0.0179411 -44532.3 7.1367 
45402 0.0464472 -0.0309133 -44849.2 7.28835 
46368 0.0379381 0.00450204 -45585.6 7.44004 
47334 0.0459019 -0.0226963 -45247.7 7.59223 
48300 0.109164 -0.0105707 -44947.2 7.74433 
49266 0.0956323 0.016366 -46801.2 7.89692 
50232 0.0672916 -0.0332954 -44942.2 8.05466 
51198 0.029905 0.0285363 -45143.5 8.21912 
52164 0.0238428 0.0204638 -44570.7 8.38326 
53130 0.0442663 0.0249175 -44227.1 8.53519 
54096 0.0346308 0.0282757 -42968.5 8.68668 
55062 0.0565462 0.0193272 -44420.5 8.83812 
56028 0.032109 -0.0143817 -43606.1 8.99011 
56994 0.0190707 -0.0135044 -44851.6 9.14207 
57960 0.0256345 0.0252879 -45008.2 9.29366 
58926 0.100216 0.0976483 -45492.3 9.44518 
59892 0.0775434 0.0655015 -46324.9 9.59761 
60858 0.0516295 -0.000510613 -46364.2 9.74914 
61824 0.029966 0.0276391 -45960.7 9.90126 
62790 0.0660501 0.0643164 -46568.5 10.056 
63756 0.0288585 0.00502642 -44980.5 10.2095 
64722 0.052124 -0.00601297 -44128.2 10.3631 
65688 0.04016 0.0013774 -45125.5 10.5177 
66654 0.04919 -0.0486932 -45143.9 10.6703 
67620 0.0218555 -0.0133063 -45825.2 10.8221 
68586 0.0203088 0.0114282 -46081.8 10.9761 
69552 0.0530194 -0.0098666 -44712.2 11.1291 
70518 0.0694018 0.0403291 -44727.4 11.2814 
71484 0.0764731 -0.0386175 -45335.3 11.4341 
72450 0.0585616 0.0117987 -44018.2 11.5948 
73416 0.0872717 0.039814 -44148.3 11.759 
74382 0.0667107 -0.015625 -45189 11.9225 
75348 0.0609232 0.00469996 -44877.3 12.0872 
76314 0.0469391 0.0147565 -44096 12.2511 
77280 0.053779 -0.0140115 -44290.9 12.415 
78246 0.0350619 0.0186552 -45378.4 12.5796 
79212 0.0821039 0.0489727 -44723.1 12.7436 
80178 0.0669892 0.0465608 -44575.7 12.9077 
81144 0.0307757 0.00801484 -43622.7 13.0724 
82110 0.0695617 -0.0655763 -43021.1 13.236 
83076 0.0518573 -0.0498121 -43780.3 13.4 
84042 0.0268793 -0.0014741 -43396 13.564 
85008 0.0716699 -0.0325013 -42582.6 13.7279 
85974 0.0629435 -0.00665451 -42764.6 13.8921 
86940 0.0695764 0.0390998 -44869 14.0565 
87906 0.0716969 -0.0278431 -44880.2 14.2207 
88872 0.041178 0.00832086 -44464.2 14.3846 
89838 0.0807309 -0.0492601 -45396.7 14.5489 
90804 0.0505396 0.00275775 -45796 14.7132 
91770 0.0594466 0.0418735 -45561.4 14.8773 
92736 0.0245446 -0.0168875 -44928.7 15.0419 
93702 0.0364458 -0.0348558 -44276.6 15.206 
94668 0.0180648 0.0130942 -45903.5 15.3693 
95634 0.0720503 -0.0228851 -46150.5 15.5332 
96600 0.073377 -0.0683541 -44248.9 15.6977 
97566 0.039072 -0.0212931 -44896.9 15.8621 
98532 0.0923452 -0.0910992 -43015.7 16.0263 
99498 0.0109332 0.00768838 -43532 16.1907 
100464 0.0397865 0.0359896 -43592.8 16.3541 
101430 0.0577277 0.0263955 -43625.8 16.5186 
102396 0.0788923 0.0629632 -42740.7 16.6829 
103362 0.0149586 0.00470577 -43418.3 16.8467 
104328 0.0344623 -0.0165787 -43874.9 17.0105 
105294 0.0403178 0.0184793 -44428.5 17.1744 
106260 0.0361594 0.00265294 -44375.5 17.3386 
107226 0.0218458 -0.00388078 -43663.3 17.5021 
108192 0.104504 -0.0928971 -44109.2 17.666 
109158 0.0712393 -0.0103777 -44249.1 17.8303 
110124 0.0332119 -0.029037 -43286 17.9944 
111090 0.043558 -0.0182665 -45176.4 18.1584 
112056 0.0507002 -0.0262287 -43485.7 18.3226 
113022 0.038746 -0.0264729 -44945.8 18.4864 
113988 0.0940281 0.0863156 -45663.5 18.6504 
114954 0.017624 0.00299841 -46098.7 18.8146 
115920 0.0682526 0.0336745 -46811 18.9785 
116886 0.0947137 0.0317106 -46102.7 19.1428 
117852 0.0450476 0.0107595 -45382.7 19.3069 
118818 0.0685737 0.0115941 -45362.2 19.4703 
119784 0.0502697 -0.00901012 -44041.5 19.6345 
120750 0.0350267 0.0233447 -43934.9 19.7977 
121716 0.0507691 -0.015902 -44171.7 19.962 
122682 0.0290564 0.0241717 -44160.2 20.1257 
123648 0.0260665 0.021412 -44904.9 20.2893 
124614 0.0504929 0.0502576 -45059.2 20.4533 
125580 0.0333993 0.00761971 -45850.8 20.6175 
126546 0.0563745 0.0541891 -44263 20.7814 
127512 0.066764 0.0114489 -45009.4 20.9456 
128478 0.114128 -0.00855201 -45465.2 21.1102 
129444 0.036585 0.00129389 -45880.5 21.2744 
130410 0.0317523 0.0264062 -45565 21.4388 
131376 0.0495999 0.0211439 -45224.4 21.6028 
132342 0.0465611 0.0440011 -44595 21.767 
133308 0.0384066 0.0230153 -46885.4 21.9314 
134274 0.0823103 -0.016513 -47169.3 22.0961 
135240 0.0353628 0.0352139 -46654.1 22.2602 
136206 0.0109358 0.00910479 -46324.6 22.4239 
137172 0.0603154 0.026326 -45660.4 22.5875 
138138 0.0528705 -0.0253243 -46547.6 22.7516 
139104 0.0706971 0.034654 -46200.7 22.9157 
140070 0.0734634 0.0159975 -46479.2 23.0792 
141036 0.0568433 0.0305505 -45414.3 23.2425 
142002 0.0683135 0.00573217 -46225 23.406 
142968 0.0698647 -0.0299201 -46564.8 23.5699 
143934 0.0607274 0.0267334 -46378.4 23.734 
144900 0.0834876 0.0711939 -46464.1 23.8977 
145866 0.0716378 0.0138482 -46055.3 24.0625 
146832 0.0614472 0.0119107 -45770.7 24.2266 
147798 0.0345128 0.00728098 -46509.1 24.3907 
148764 0.0342291 -0.0152097 -45607.7 24.5547 
149730 0.0328294 0.0321274 -45284.6 24.7179 
150696 0.0337907 0.0333736 -45574.7 24.8817 
151662 0.00933006 0.0064013 -44834.7 25.0457 
152628 0.0900128 0.0810012 -45309.1 25.21 
153594 0.0793322 0.0755827 -44231.7 25.3745 
154560 0.0107212 -0.00560458 -44234 25.5389 
155526 0.0283275 0.0276074 -44160.2 25.7031 
156492 0.0914868 -0.0242872 -45332.5 25.8674 
157458 0.0984958 -0.00261611 -45582.1 26.0319 
158424 0.0424964 -0.0345569 -45836 26.196 
159390 0.0533621 -0.0473778 -46044.7 26.3598 
160356 0.0433795 -0.0383006 -45896.1 26.5238 
161322 0.0697808 -0.0593897 -46538.8 26.6886 
162288 0.0648864 -0.0221193 -45842.1 26.8528 
163254 0.0639474 0.0127399 -46416 27.017 
164220 0.0525983 -0.0426117 -44948.8 27.1807 
165186 0.0332516 0.0131797 -45070.4 27.3441 
166152 0.0552926 0.047245 -44976.9 27.5072 
167118 0.0800552 0.0495657 -44158.7 27.6711 
168084 0.0640668 0.0618591 -43345.2 27.8354 
169050 0.0468666 0.0137619 -43003.7 27.9989 
170016 0.0210503 0.0159991 -43711.8 28.1635 
170982 0.0965804 0.0686838 -46056 28.3279 
171948 0.0284948 -0.0240573 -45133.6 28.4921 
172914 0.0452414 0.0346946 -45238.9 28.6564 
173880 0.0707219 0.0301185 -44442.7 28.822 
174846 0.0393362 0.0213756 -43519.2 28.9861 
175812 0.0259675 -0.00477488 -44289.4 29.1501 
176778 0.0130539 -0.00781445 -43448.1 29.3148 
177744 0.0578865 0.032844 -44014.6 29.4783 
178710 0.0590599 -0.00529009 -43773.8 29.6422 
179676 0.0530804 -0.00733291 -43461.5 29.8061 
180642 0.0638371 -0.00614265 -43976.5 29.9698 
181608 0.0478729 -0.0219276 -43606.8 30.1336 
182574 0.0612502 -0.0546236 -43275.5 30.2956 
183540 0.0341721 0.0123844 -44110.7 30.4595 
184506 0.0485281 -0.029867 -43493.7 30.6236 
185472 0.0250528 0.02472 -43874.2 30.7877 
186438 0.064192 0.0539348 -42603.7 30.9515 
187404 0.0173466 0.0139954 -43196.2 31.115 
188370 0.0130071 0.00200506 -42945.6 31.2789 
189336 0.0202199 -0.000941331 -43165.6 31.4426 
190302 0.0453442 -0.0370189 -42496.2 31.6063 
191268 0.0318943 -0.0133422 -42580.9 31.7702 
192234 0.0291845 -0.0102442 -43991.5 31.9347 
193200 0.0445885 -0.00521549 -43817.7 32.0986 
194166 0.0625097 -0.00577072 -44392.9 32.2631 
195132 0.0249376 0.00193657 -43291.3 32.4272 
196098 0.021877 0.0105806 -42733.1 32.5911 
197064 0.0411566 -0.00647292 -43014.1 32.7551 
198030 0.0858572 0.0138024 -44550.5 32.9195 
198996 0.0394084 -0.0077407 -43530.8 33.0835 
199962 0.0854125 0.00891191 -43463.6 33.2475 
200928 0.0682592 0.0528403 -43951.5 33.4122 
201894 0.0326141 -0.00149921 -43668.4 33.5767 
202860 0.051016 -0.0171721 -44808.5 33.7405 
203826 0.0433025 0.0324698 -45227.5 33.9046 
204792 0.039745 0.0255926 -45370.3 34.0694 
205758 0.0648227 0.0442292 -45409.5 34.2332 
206724 0.0384669 -0.0288514 -45732 34.3973 
207690 0.0105925 -0.0083623 -44550.1 34.5617 
208656 0.0222259 0.0102081 -45735 34.7263 
209622 0.0492433 -0.0382192 -45371.3 34.8909 
210588 0.0369167 -0.0289203 -44587.6 35.0553 
211554 0.0609679 -0.0257463 -44846.7 35.2191 
212520 0.0591364 0.0383369 -45174.7 35.3831 
213486 0.0457734 0.0437908 -45869.4 35.547 
214452 0.0569926 0.00600848 -45203.2 35.7112 
215418 0.0915494 0.029146 -46709.6 35.8748 
216384 0.0846874 0.0200901 -46763.9 36.0392 
217350 0.0359066 0.00117216 -46037.6 36.203 
218316 0.0539407 0.0108286 -45831.2 36.367 
219282 0.0197197 -0.0050044 -44466.2 36.5318 
220248 0.0667054 0.0428883 -45064.4 36.6957 
221214 0.0667262 0.0641883 -44519.3 36.8602 
222180 0.0252735 0.0236536 -43642.1 37.0242 
223146 0.0518287 0.0221711 -42095.7 37.1883 
224112 0.03292 0.00710324 -42957.2 37.3524 
225078 0.0422609 0.0302661 -44241.4 37.5169 
226044 0.0430262 -0.0124751 -43702.1 37.6802 
227010 0.0604187 0.0440187 -44075.5 37.8443 
227976 0.091126 0.0794094 -44591.4 38.0083 
228942 0.0531693 0.0451428 -43806.5 38.1728 
229908 0.0393619 0.0371318 -44135.5 38.3369 
230874 0.0293236 0.00655079 -43572.4 38.5013 
231840 0.0257095 0.0161579 -43277.6 38.6651 
232806 0.0287772 -0.0215203 -44684.5 38.8294 
233772 0.0507768 -0.0493986 -44367.9 38.9938 
234738 0.00538886 0.00115687 -44228 39.1588 
235704 0.0330006 0.00836094 -44496.4 39.3239 
236670 0.0524021 -0.0247793 -43606.9 39.4887 
237636 0.0516484 0.0346474 -43615.8 39.6533 
238602 0.0743456 -0.0544376 -45108.7 39.8173 
239568 0.0811274 0.0281278 -45319.9 39.9819 
240534 0.0660429 -0.00151108 -45844.3 40.1462 
241500 0.0632295 -0.0571136 -44720.3 40.3101 
242466 0.0658033 -0.0614968 -44269.4 40.4738 
243432 0.040682 -0.0334152 -45609.3 40.6382 
244398 0.0245394 0.0150872 -46009.1 40.8023 
245364 0.0966111 0.0288753 -45961.4 40.9668 
246330 0.0601788 0.0373082 -45820.8 41.1304 
247296 0.0635193 -0.00782658 -45669.4 41.295 
248262 0.0298205 0.0058323 -45333.8 41.4594 
249228 0.0428844 -0.0182536 -45398 41.6234 
250194 0.0521265 0.0137955 -46441 41.7877 
251160 0.0417251 0.0247193 -45170.7 41.952 
252126 0.104115 -0.0291555 -45192.8 42.1163 
253092 0.0789779 -0.00843352 -45162.4 42.2808 
254058 0.12911 0.0215607 -45264.1 42.4449 
255024 0.0925508 -0.00148216 -45240.5 42.609 
255990 0.0376145 0.00772314 -45295.3 42.7729 
256956 0.0473878 0.0376492 -44027.4 42.9365 
257922 0.0627485 0.0489851 -44852.2 43.1006 
258888 0.0593882 0.033551 -44509 43.2648 
259854 0.0591674 0.0298264 -44832.2 43.4288 
260820 0.043825 -0.029902 -44612 43.5926 
261786 0.0880853 0.0711547 -45215.6 43.7564 
262752 0.0482149 0.044214 -44780 43.9197 
263718 0.0580585 -0.0182537 -45398.8 44.0838 
264684 0.0356482 0.0203283 -44274.5 44.2471 
265650 0.0399077 0.00109487 -44900.8 44.4108 
266616 0.063414 -0.0395639 -46038.4 44.5747 
267582 0.0636615 0.0220059 -44768.5 44.7391 
268548 0.0437184 0.00447855 -44587.4 44.9035 
269514 0.0594319 0.0204658 -45000.7 45.0673 
270480 0.0760057 0.028738 -45023.1 45.2314 
271446 0.0886736 0.0290371 -45602.5 45.396 
272412 0.0485214 0.02417 -43921.6 45.5605 
273378 0.0497993 -0.0320085 -44475.3 45.7253 
274344 0.0464421 -0.0306364 -44953.8 45.8893 
275310 0.0282433 -0.0249127 -44521.9 46.0537 
276276 0.0670712 -0.0436576 -45932.3 46.2182 
277242 0.0621311 0.0537875 -46277.8 46.3832 
278208 0.024631 -0.0240117 -45516.9 46.5479 
279174 0.0291039 -0.0201125 -44975.2 46.7122 
280140 0.0232925 0.00885598 -45690.8 46.8762 
281106 0.0630375 -0.0260722 -45414 47.0403 
282072 0.107143 0.0436423 -46215 47.2047 
283038 0.0958466 -0.00419849 -45476.4 47.3689 
284004 0.0451105 0.00428535 -45279.9 47.5333 
284970 0.0289732 -0.01354 -45505.9 47.6971 
285936 0.0545129 0.00422706 -45147.7 47.8613 
286902 0.0681499 -0.0567907 -44568.7 48.0252 
287868 0.0630909 -0.0626751 -44957.6 48.1869 
288834 0.00751926 0.00318948 -44576.8 48.3509 
289800 0.0497962 0.00943876 -46082 48.5157 
290766 0.0336635 -0.0286438 -45121.2 48.68 
291732 0.0869502 -0.0668081 -45905.1 48.844 
292698 0.0491026 -0.0200344 -44762.3 49.0084 
293664 0.0534259 -0.00476911 -44161.1 49.172 
294630 0.0893773 0.0446276 -43568.5 49.3358 
295596 0.106081 0.0466953 -43938.5 49.4997 
296562 0.0899869 0.00453261 -42957.7 49.6637 
297528 0.0149119 0.00940523 -42947.7 49.8277 
298494 0.0798528 0.0127372 -45229.2 49.9914 
299460 0.0591273 -0.0250442 -44797.9 50.156 
300426 0.0451253 0.00382799 -44399.6 50.3195 
301392 0.110279 -0.00876835 -44021.2 50.4838 
302358 0.0558052 0.0198761 -45380.4 50.6481 
303324 0.0353896 0.0179884 -44341.4 50.8118 
304290 0.098337 0.0411856 -43781.4 50.9758 
305256 0.0877598 0.0343296 -44820.2 51.1401 
306222 0.0618616 -0.0424189 -44751.5 51.3039 
307188 0.0402068 -0.00962509 -44855.6 51.4685 
308154 0.0397156 -0.0154787 -43697.6 51.6326 
309120 0.0243816 -0.0229128 -43420.1 51.7966 
310086 0.0360527 0.0133046 -44836.4 51.9607 
311052 0.0460523 0.00402569 -44926.2 52.1247 
312018 0.0457478 -0.0340513 -44671.8 52.2881 
312984 0.0294719 -0.0235911 -44946.9 52.452 
313950 0.0457163 -0.0400867 -45261.7 52.6158 
314916 0.0581334 -0.0191575 -46097.4 52.7798 
315882 0.0609907 -0.0211394 -45060.7 52.9436 
316848 0.0396068 0.0347532 -45253 53.1078 
317814 0.0707762 0.0693759 -44938.4 53.2717 
318780 0.0460547 0.0411588 -45035.5 53.4353 
319746 0.0491175 0.0248261 -44887.8 53.5997 
320712 0.0442128 0.0265499 -45462.5 53.7643 
321678 0.0312462 -0.000844752 -44717 53.9291 
322644 0.0692431 0.00926378 -45732.3 54.093 
323610 0.0242967 -0.00541571 -45730.4 54.2569 
324576 0.0186853 -0.0181726 -44637.2 54.4211 
325542 0.0463524 0.0202825 -43899.4 54.585 
326508 0.0600054 0.0525999 -44783.5 54.7491 
327474 0.0342455 0.00113532 -44436.5 54.9125 
328440 0.0340601 -0.0173416 -44776.6 55.077 
329406 0.0254701 0.00019885 -43515.6 55.2412 
330372 0.0368397 0.0236625 -43820.3 55.4057 
331338 0.0715567 0.0693562 -43357.6 55.5701 
332304 0.0384212 0.0356537 -43347.8 55.7337 
333270 0.0791773 0.0491737 -43284 55.8973 
334236 0.0742568 -0.00641057 -43057.7 56.0612 
335202 0.0464331 -0.016994 -42620.9 56.2246 
336168 0.0212697 0.00598173 -44333.2 56.3884 
337134 0.0432527 0.0119262 -45133.6 56.5523 
338100 0.0524731 0.0485649 -44571.4 56.7163 
339066 0.0642672 0.0627962 -44858.3 56.8805 
340032 0.0326168 0.00651432 -45047.2 57.0445 
340998 0.0382901 0.0229015 -44431.5 57.2087 
341964 0.0508972 0.0470633 -44697.7 57.3727 
342930 0.0321714 0.0127602 -43596.7 57.5368 
343896 0.0277187 0.0242435 -43976.8 57.7016 
344862 0.0284322 0.0272984 -44514.1 57.8654 
345828 0.051824 0.0397821 -44668.5 58.0296 
346794 0.0983786 0.0912061 -44415.3 58.1946 
347760 0.0477589 0.0323999 -45767.8 58.3588 
348726 0.0533758 0.0159174 -44973.9 58.5233 
349692 0.0445356 0.0191207 -44931.8 58.6879 
350658 0.0654366 0.00438503 -45046.5 58.8519 
351624 0.0162046 -0.00611781 -44181.6 59.0156 
352590 0.0485576 -0.045705 -43780.2 59.18 
353556 0.0680394 -0.0616757 -45257.1 59.3445 
354522 0.0531851 -0.027251 -44364.7 59.5085 
355488 0.0365015 -0.0213968 -44762.8 59.6734 
356454 0.0537268 0.0447689 -44251.9 59.8376 
357420 0.0590676 0.0199524 -44395.2 60.0019 
358386 0.0309662 0.0250331 -43678.4 60.1663 
359352 0.0632397 0.026 -44581.7 60.3302 
360318 0.057154 -0.0328355 -44869.9 60.4945 
361284 0.0865096 0.00963024 -45385.6 60.6587 
362250 0.0175632 0.001979 -46690.1 60.8228 
363216 0.0310757 -0.0130068 -46243.4 60.9872 
364182 0.0635181 -0.0213658 -45434.8 61.1518 
365148 0.0552168 -0.00932629 -44741.2 61.3164 
366114 0.0586035 -0.0509226 -43931.2 61.4802 
367080 0.0937917 -0.0734551 -44817.3 61.6441 
368046 0.0501853 -0.0385692 -45055.2 61.8086 
369012 0.0511094 -0.0482395 -44304.2 61.9728 
369978 0.0509959 -0.0164314 -43880.7 62.1366 
370944 0.0531971 0.0166517 -42589.3 62.3004 
371910 0.0553081 0.0318495 -43188.8 62.4653 
372876 0.00883155 -0.00791652 -43778.1 62.6251 
373842 0.0844721 0.0634102 -44408 62.7871 
374808 0.0397813 -0.0103947 -44286.3 62.952 
375774 0.0423002 0.0230105 -44251.8 63.1166 
376740 0.0918869 -0.00615637 -44372.1 63.2814 
377706 0.0740229 -0.0668232 -44831.7 63.4461 
378672 0.062934 -0.0508644 -44559.5 63.6102 
379638 0.0424555 -0.0185915 -43891.4 63.7749 
380604 0.0485372 0.00537121 -44318.1 63.9386 
381570 0.0578519 -0.0101918 -44674.8 64.0933 
382536 0.0408382 -0.0157615 -44650.4 64.2463 
383502 0.0296632 0.0121562 -44492.5 64.3992 
384468 0.0458413 -0.0452582 -43949.2 64.5521 
385434 0.0641572 -0.0463857 -42734.9 64.7059 
386400 0.0650622 -0.0419767 -43016.8 64.8596 
387366 0.0262816 -0.0121683 -42890.3 65.0115 
388332 0.0197952 0.00711534 -43686.7 65.1634 
389298 0.067298 -0.0642003 -45218.8 65.3164 
390264 0.044313 -0.040034 -44570.6 65.468 
391230 0.0652173 -0.0488492 -44724.2 65.6203 
392196 0.0434914 0.00808623 -45182.2 65.7738 
393162 0.0791412 0.0479357 -44877.7 65.9278 
394128 0.0418523 0.0158029 -45391.1 66.0806 
395094 0.0313156 -0.00131615 -45732.5 66.2325 
396060 0.0369275 0.016379 -45913.8 66.3846 
397026 0.0254972 -0.015556 -45762.9 66.5374 
397992 0.0663908 -0.0549705 -45690 66.6892 
398958 0.0603045 -0.0441915 -45137.8 66.8422 
399924 0.016152 -0.0080443 -44965.8 66.9954 
400890 0.054628 -0.0544838 -45379.5 67.1485 
401856 0.0512626 -0.0368315 -45316.9 67.302 
402822 0.0283863 -0.00184231 -45978.3 67.4546 
403788 0.0542062 -0.0459286 -45903.5 67.6066 
404754 0.0533009 -0.0100327 -44998.3 67.7582 
405720 0.055177 0.0432855 -45661.2 67.9091 
406686 0.0371969 0.0117969 -45218.6 68.0621 
407652 0.0634182 -0.0291607 -44786.1 68.2152 
408618 0.0727277 -0.0169749 -44670.9 68.3694 
409584 0.0710141 0.00682736 -45296.1 68.5228 
410550 0.0522334 -0.0236462 -45243.1 68.6756 
411516 0.0260213 0.0246926 -45733.3 68.829 
412482 0.0306116 0.027323 -45346.6 68.9808 
413448 0.0598199 0.0309464 -45186.4 69.1341 
414414 0.0426301 0.0242839 -45580.6 69.2871 
415380 0.0593703 0.0257256 -45025.6 69.4401 
416346 0.0660774 -0.0301873 -45572.9 69.5927 
417312 0.0522638 0.0285364 -45820 69.7468 
418278 0.0641399 0.0592566 -44371.2 69.8999 
419244 0.0430562 -0.00561572 -44645.1 70.0525 
420210 0.0621575 0.0326913 -44740.6 70.2055 
421176 0.0242552 -0.00708539 -43226.6 70.3587 
422142 0.0666668 -0.0210097 -43567.3 70.511 
423108 0.0664498 0.03345 -45235 70.6639 
424074 0.0608827 -0.0604618 -45228.4 70.8175 
425040 0.0625967 -0.0356772 -45406.4 70.9694 
426006 0.0519276 0.0306324 -46315.6 71.1219 
426972 0.0323137 0.00689935 -45849.5 71.274 
427938 0.0433638 0.0012402 -45513.9 71.4253 
428904 0.0789325 -0.0511262 -44500.1 71.5767 
429870 0.0421523 -0.0166835 -46159.2 71.7285 
430836 0.0630785 -0.0283639 -45605.4 71.8817 
431802 0.0585493 0.0179569 -45514.8 72.0348 
432768 0.0261568 0.0250141 -43855.5 72.1885 
433734 0.0259903 -0.00529813 -43837.5 72.3423 
434700 0.0306012 0.0165426 -43316.5 72.495 
435666 0.0806997 0.0625496 -43824.5 72.6479 
436632 0.0640234 0.0345609 -44024.4 72.8011 
437598 0.0354116 0.0179271 -43740.2 72.9542 
438564 0.0653092 0.0127098 -44415.7 73.1062 
439530 0.0523734 -0.0035838 -45371.1 73.2582 
440496 0.0392659 0.0191051 -44861.8 73.4107 
441462 0.0424473 0.0357976 -44758.3 73.563 
442428 0.0634969 0.0400933 -44290.7 73.715 
443394 0.018035 -0.0139132 -44086.9 73.8666 
444360 0.00560975 0.00148172 -43577.9 74.0189 
445326 0.0310354 0.0236408 -44046.1 74.1706 
446292 0.0309392 -0.00430238 -44834.8 74.3225 
447258 0.0495949 -0.0368468 -44917.2 74.474 
448224 0.0502463 -0.0395573 -44490.6 74.6264 
449190 0.0460357 0.00148963 -44794.9 74.7786 
450156 0.0560609 0.031969 -44054.5 74.9369 
451122 0.0568502 0.0188557 -44976.3 75.1012 
452088 0.0604862 0.012339 -44549.5 75.2656 
453054 0.0146501 -0.00112532 -44642 75.4213 
454020 0.0650318 0.01382 -45137.8 75.5741 
454986 0.0135379 0.0105165 -44749 75.7276 
455952 0.0440358 0.0431015 -45003.9 75.8812 
456918 0.0230268 0.00957374 -43536.7 76.0332 
457884 0.0303558 0.024069 -43884.3 76.1849 
458850 0.0640922 0.0548958 -44755.5 76.347 
459816 0.0563005 0.00137157 -44637.7 76.5112 
460782 0.0695513 0.0631816 -44463.4 76.6753 
461748 0.0309129 0.0134871 -44312.7 76.8389 
462714 0.0230227 0.00719424 -43975.8 77.0027 
463680 0.0394661 0.000457505 -45347.1 77.1668 
464646 0.0267904 0.00598126 -45081.8 77.331 
465612 0.0318974 0.0172287 -44217.2 77.4959 
466578 0.058234 -0.0522945 -43441.3 77.6605 
467544 0.0337729 -0.0277963 -43526.2 77.8243 
468510 0.041409 0.0262385 -43597 77.9878 
469476 0.0295361 0.0262137 -44167.4 78.1514 
470442 0.035415 -0.00798862 -45101.8 78.3157 
471408 0.0506426 -0.0435808 -44940.7 78.4804 
472374 0.100842 0.0177602 -44678 78.6445 
473340 0.0665702 0.0184791 -44650.5 78.8094 
474306 0.0398243 0.0158846 -45010.4 78.9731 
475272 0.0287095 -0.0251295 -45010.6 79.1373 
476238 0.041701 0.0277961 -45248.7 79.3021 
477204 0.0475419 0.0319109 -44779.7 79.4665 
478170 0.0293674 -0.0198021 -44405.8 79.6306 
479136 0.0381475 0.0242844 -44874.5 79.7952 
480102 0.0226313 -0.00588939 -45268.4 79.9596 
481068 0.0109468 -0.00974722 -43501.3 80.1242 
482034 0.0100341 -0.00870649 -44045.5 80.2885 
483000 0.0507106 0.00878839 -45656 80.4526 
483966 0.0597666 0.0585125 -44089.5 80.6173 
484932 0.0566344 0.0416634 -45157 80.7815 
485898 0.0555151 -0.00107833 -45593 80.9456 
486864 0.0561097 -0.0357099 -46112.5 81.1097 
487830 0.0495852 0.0425037 -45572.9 81.2733 
488796 0.0606204 0.0520376 -44873.9 81.4383 
489762 0.0615877 0.0533543 -42678.8 81.6029 
490728 0.0909929 0.0704508 -45187.1 81.7668 
491694 0.0663753 -0.0418276 -45700.7 81.9305 
492660 0.13128 -0.065767 -46133.8 82.0945 
493626 0.0791122 -0.0115267 -45347 82.2587 
494592 0.0497991 -0.0186812 -44670 82.4224 
495558 0.0457651 0.0056923 -45680.2 82.5875 
496524 0.0453958 0.0406468 -45761.8 82.7521 
497490 0.0283387 -0.0014025 -44732 82.9168 
498456 0.0579356 0.000687322 -45545.6 83.0808 
499422 0.0140569 0.00639955 -44927.2 83.2451 
500388 0.0368464 -0.0191492 -45019.5 83.4095 
501354 0.0280366 0.0031223 -45718.3 83.5745 
502320 0.0426593 -0.00375377 -45379.2 83.7389 
503286 0.0316625 0.0288784 -44763 83.9033 
504252 0.0566253 0.0242256 -46364.8 84.0681 
505218 0.040742 -0.0131241 -44422 84.2326 
506184 0.0443592 0.0163627 -46120.2 84.3969 
507150 0.0256363 2.69237e-06 -45328.6 84.5617 
508116 0.0406348 -0.0297234 -44770.1 84.7263 
509082 0.052512 0.0420629 -44269.1 84.8915 
510048 0.0413786 0.00993237 -44988.2 85.0561 
511014 0.0613839 -0.0140134 -45925.2 85.2207 
511980 0.0665852 0.0240521 -45720.9 85.3845 
512946 0.0653574 0.0121649 -45050.3 85.5489 
513912 0.0395098 -0.0179261 -44416.7 85.713 
514878 0.0391171 0.00984788 -43173.8 85.8776 
515844 0.0432319 -0.0126 -43999.6 86.042 
516810 0.0419467 0.0221623 -46064.1 86.2069 
517776 0.0603302 0.0295466 -45343 86.3708 
518742 0.0757685 -0.00151621 -45566.4 86.535 
519708 0.0382276 -0.00168483 -44884.6 86.6989 
520674 0.0487542 0.0226733 -44978.6 86.8628 
521640 0.00605409 0.0012675 -44992.2 87.0273 
522606 0.0775431 -0.021375 -45477.4 87.1916 
523572 0.0480248 -0.0171683 -46403.7 87.3559 
524538 0.0386852 0.00300363 -46450.9 87.5197 
525504 0.0624845 -0.0539967 -44417.4 87.6843 
526470 0.0402437 -0.0392509 -44090.2 87.8485 
527436 0.0664675 -0.0523722 -43546.2 88.0121 
528402 0.0138489 -0.0106599 -44076 88.1764 
529368 0.0195863 -0.0126926 -44143.9 88.3398 
530334 0.0351009 0.0239814 -44342.7 88.5045 
531300 0.0267652 -0.0240527 -45775 88.6686 
532266 0.0439949 -0.00217233 -44706.6 88.8325 
533232 0.0122385 -0.00829921 -44402 88.997 
534198 0.0452678 0.028097 -44205.8 89.1615 
535164 0.0631181 -0.0371408 -44356.1 89.3262 
536130 0.0650072 -0.051684 -43953.3 89.4908 
537096 0.0698167 -0.0191725 -45545.1 89.6551 
538062 0.0478587 0.0226348 -46330.3 89.8194 
539028 0.119617 0.0545874 -45759.7 89.9838 
539994 0.0687727 0.00857644 -44997.3 90.1487 
540960 0.100914 0.0316234 -45806 90.3124 
541926 0.0283769 0.0159058 -46507.2 90.4767 
542892 0.0533154 0.0445644 -45584.4 90.641 
543858 0.0498391 -0.0399006 -45055.7 90.8053 
544824 0.0455142 -0.0335908 -44671.2 90.969 
545790 0.0763752 -0.0555152 -44869.2 91.1333 
546756 0.034776 -0.0311182 -47016.1 91.2978 
547722 0.0562681 -0.0540233 -45894.5 91.4623 
548688 0.00997426 0.00294591 -44878.8 91.6268 
549654 0.0364503 -0.0335339 -44286.4 91.7907 
550620 0.0491137 -0.0481062 -44507.2 91.9545 
551586 0.0533935 -0.0257325 -45086.2 92.1185 
552552 0.0443809 -0.00106598 -44923.4 92.2829 
553518 0.051501 -0.0373515 -44748 92.4471 
554484 0.066358 -0.0312259 -44889.3 92.6113 
555450 0.0707487 -0.0231749 -45368 92.7752 
556416 0.0332036 0.0136426 -45043.4 92.9396 
557382 0.0725187 -0.0409938 -45888.3 93.1032 
558348 0.116697 -0.0470486 -44860.5 93.2677 
559314 0.0827065 -0.0287359 -45294.7 93.4314 
560280 0.121939 0.0676375 -44076.1 93.5953 
561246 0.0631881 -0.0471193 -45007.3 93.7597 
562212 0.0543369 -0.0459407 -43874.2 93.9249 
563178 0.0475593 -0.0329465 -44248.1 94.0894 
564144 0.0409504 -0.00914676 -43655.9 94.2539 
565110 0.0667738 -0.0362936 -43853.8 94.4181 
566076 0.0451672 -0.0212557 -44203.4 94.5823 
567042 0.052304 -0.0223003 -43845.5 94.7466 
568008 0.07456 0.0678334 -45497.5 94.9108 
568974 0.0555915 0.0090427 -44389.4 95.0749 
569940 0.0480291 -0.0170208 -44530.7 95.2396 
570906 0.0275199 0.00898954 -45208.6 95.4041 
571872 0.0337134 -0.00496684 -45858.8 95.5683 
572838 0.0406607 0.0118747 -45865.4 95.733 
573804 0.0596854 -0.0442085 -46624.6 95.8973 
574770 0.0595847 -0.0329585 -46816.1 96.0611 
575736 0.0659659 0.00694514 -46206.1 96.2259 
576702 0.0542822 0.0309213 -45704 96.3906 
577668 0.0455858 -0.00863864 -45607.6 96.5548 
578634 0.0533222 -0.051499 -46250.7 96.7191 
579600 0.0369273 0.0104042 -44726.2 96.8834 
580566 0.0469617 0.0200187 -44811.6 97.0475 
581532 0.0558675 -0.0286035 -44747.3 97.2119 
582498 0.0691602 0.0227669 -46053.4 97.376 
583464 0.0415877 -0.00393008 -46455.1 97.5406 
584430 0.050301 0.0253752 -45227.4 97.7054 
585396 0.0634797 -0.0510386 -45549.6 97.8699 
586362 0.0368755 0.0123253 -45195.5 98.0339 
587328 0.0442219 -0.00781564 -44145.5 98.1987 
588294 0.0486018 -0.0247863 -45066.6 98.3633 
589260 0.0709275 0.068021 -44155.5 98.5276 
590226 0.0492326 0.0121282 -43685.3 98.6929 
591192 0.0290726 -0.00709505 -44694.9 98.8566 
592158 0.0520946 -0.0336262 -44695 99.0208 
593124 0.0289872 -0.0211881 -44952.6 99.1858 
594090 0.0277504 -0.00447111 -44947.5 99.3501 
595056 0.0521572 -0.0217468 -44510.8 99.514 
596022 0.064245 0.0378752 -43507.3 99.6786 
596988 0.0874363 0.0663484 -44358 99.8427 
597954 0.0562064 -0.0283683 -45080.7 100.008 
598920 0.0621464 -0.00393928 -45190 100.172 
599886 0.0538716 -0.0311961 -44448.4 100.336 
600852 0.0579653 0.0283757 -43942.9 100.5 
601818 0.031002 0.00802643 -44036.6 100.664 
602784 0.0200888 0.00859373 -42968.4 100.828 
603750 0.0550135 0.00900174 -43009.8 100.992 
604716 0.0477574 -0.0412954 -43363 101.157 
605682 0.0367201 -0.010849 -42642.2 101.321 
606648 0.0392999 0.030747 -43406.5 101.485 
607614 0.058285 -0.0364798 -43860.7 101.649 
608580 0.0339118 0.0125444 -44589.4 101.813 
609546 0.0423946 -0.0240561 -43684 101.977 
610512 0.0374284 -0.0209116 -43436.9 102.141 
611478 0.0726763 0.0663797 -43857.7 102.305 
612444 0.0795044 0.0489521 -44677.6 102.47 
613410 0.0854498 -0.0259257 -44489 102.634 
614376 0.039939 0.0234638 -44403.8 102.799 
615342 0.0279848 -0.0154826 -44207.7 102.964 
616308 0.0350955 0.0108514 -43767.7 103.128 
617274 0.0339236 -0.0233383 -44235.7 103.292 
618240 0.0486898 0.0079017 -44867.8 103.457 
619206 0.0303392 0.00178731 -45217.3 103.622 
620172 0.0404291 0.0184648 -45925.6 103.786 
621138 0.0590256 -0.0164458 -46500.3 103.951 
622104 0.0558108 -0.0394639 -46785.3 104.117 
623070 0.0477846 -0.020245 -47661.3 104.28 
624036 0.0364691 0.0142532 -47802.5 104.444 
625002 0.0670378 -0.0381553 -46401.1 104.609 
625968 0.0581722 0.0493772 -44546.8 104.774 
626934 0.0284889 0.0247402 -44803.9 104.938 
627900 0.0224392 -0.0173832 -46258.7 105.102 
628866 0.0582845 0.00177775 -46166 105.266 
629832 0.0247099 0.00103612 -46363.9 105.43 
630798 0.0656607 0.010146 -46417.9 105.595 
631764 0.0522073 0.00966592 -45968.1 105.759 
632730 0.0731727 -0.0068192 -45875.9 105.924 
633696 0.0398676 0.0292267 -45981.9 106.089 
634662 0.0334874 0.0144733 -44382.4 106.253 
635628 0.02067 0.00972686 -44822.9 106.417 
636594 0.0169206 -0.00348132 -45517 106.582 
637560 0.0599388 -0.0533113 -44531 106.746 
638526 0.0314464 -0.0166388 -45182.2 106.911 
639492 0.063752 0.0399298 -44964.6 107.075 
640458 0.0732005 0.00204596 -45904.3 107.24 
641424 0.0686086 0.0103221 -44861.1 107.404 
642390 0.0645606 0.0125232 -45503.9 107.568 
643356 0.032948 -0.031185 -44576.6 107.733 
644322 0.0599505 -0.0192674 -43953.9 107.898 
645288 0.0703492 0.022316 -44599.1 108.062 
646254 0.0224012 0.019797 -45119.1 108.226 
647220 0.034089 -0.01069 -45099 108.39 
648186 0.018151 -0.00579507 -45766.4 108.554 
649152 0.0210285 -0.0139235 -45479 108.719 
650118 0.0618499 0.0538514 -44440.1 108.883 
651084 0.0579906 0.0142487 -44920.5 109.048 
652050 0.0547434 -0.00581377 -44674.9 109.212 
653016 0.0631807 0.0587401 -43977.2 109.377 
653982 0.0503628 0.023691 -44502.6 109.541 
654948 0.0340681 -0.00840073 -44337.4 109.705 
655914 0.0358937 -0.0162723 -44676.1 109.87 
656880 0.0541488 -0.0508879 -45751.1 110.034 
657846 0.0698402 -0.0411582 -46509.9 110.199 
658812 0.0537406 -0.0115186 -44992.2 110.363 
659778 0.0409553 0.00861134 -44758.3 110.528 
660744 0.0588753 0.0450589 -45497.1 110.692 
661710 0.0409116 0.0311087 -46224.5 110.856 
662676 0.0176248 0.0161516 -45678.8 111.021 
663642 0.0826357 0.0235192 -46224.4 111.185 
664608 0.0814831 0.0236724 -46526.7 111.349 
665574 0.0814244 -0.0600391 -45510.3 111.513 
666540 0.0667954 -0.0548605 -46325.1 111.678 
667506 0.0443267 -0.0290382 -45691.7 111.842 
668472 0.0210368 0.00568758 -46228.5 112.007 
669438 0.0560396 0.0267381 -46098.7 112.171 
670404 0.0695399 0.06457 -45518 112.335 
671370 0.0426833 0.0310839 -44931.1 112.499 
672336 0.0431471 0.00482678 -45566.4 112.664 
673302 0.0137795 -0.00855975 -46643.7 112.828 
674268 0.0780339 -0.0675646 -45613.2 112.992 
675234 0.0874814 0.0195345 -46175.8 113.157 
676200 0.033637 -0.0144474 -46191.6 113.321 
677166 0.0543665 0.00201857 -46236.2 113.486 
678132 0.0629795 -0.0548895 -46266.2 113.65 
679098 0.0197428 -0.00837894 -46771.4 113.815 
680064 0.096778 0.0729309 -46156.5 113.979 
681030 0.0586184 0.0578862 -46099 114.143 
681996 0.0585763 0.0508317 -46122.8 114.308 
682962 0.027867 0.0138304 -45573.9 114.472 
683928 0.0469098 0.033904 -44342.3 114.637 
684894 0.0321548 -0.0189606 -44741.5 114.801 
685860 0.066944 0.00109852 -44588.2 114.965 
686826 0.0480888 0.0442754 -44200.3 115.129 
687792 0.0364665 -0.0273865 -43334.7 115.293 
688758 0.0349961 0.0240352 -44977.1 115.458 
689724 0.0462683 0.00347542 -45229 115.622 
690690 0.0447502 0.0413132 -46073.7 115.786 
691656 0.0440963 -0.00218123 -44821.4 115.951 
692622 0.0594938 0.0327723 -44487.5 116.115 
693588 0.0787181 0.0323294 -44614.5 116.28 
694554 0.0702166 0.0379674 -45324 116.443 
695520 0.0357353 0.0294958 -45728.2 116.607 
696486 0.0523687 0.0411326 -45616.9 116.772 
697452 0.0449821 -0.00611613 -45486.3 116.936 
698418 0.0741449 -0.00509471 -45137.5 117.1 
699384 0.0338568 0.00950704 -45357.8 117.264 
700350 0.049348 -0.00970423 -45337.2 117.429 
701316 0.0719789 0.00165188 -45501.5 117.594 
702282 0.076067 -0.0281547 -45249.9 117.758 
703248 0.0493653 0.0220548 -44047 117.922 
704214 0.0587978 0.0399206 -44684.1 118.086 
705180 0.052592 -0.0113062 -44123.3 118.25 
706146 0.0420774 0.0359002 -44292.4 118.415 
707112 0.0515016 0.0343968 -43691.4 118.579 
708078 0.053674 0.0526159 -43924 118.743 
709044 0.038737 -0.0269442 -44251.2 118.908 
710010 0.0315218 0.0289473 -44135 119.072 
710976 0.034064 -0.0159031 -43127.8 119.237 
711942 0.0297275 0.0265282 -44453.7 119.401 
712908 0.0451691 -0.0405317 -43670 119.565 
713874 0.0577986 -0.0483738 -44819.8 119.724 
714840 0.053913 -0.0302398 -44125.1 119.888 
715806 0.0350835 0.0287323 -42978.3 120.048 
716772 0.0507752 0.0333142 -42864.3 120.213 
717738 0.0862124 -0.060414 -45503.2 120.377 
718704 0.0506404 -0.0023135 -44843.5 120.541 
719670 0.0643637 0.0223911 -43881.6 120.705 
720636 0.0493711 0.0334551 -43967.9 120.869 
721602 0.101913 0.0624151 -43886.5 121.032 
722568 0.0941662 0.0727558 -43920.1 121.185 
723534 0.0570055 -0.00882876 -44202.3 121.34 
724500 0.0862397 0.0509879 -44470.4 121.505 
725466 0.0615146 -0.0273561 -44377.1 121.669 
726432 0.058234 0.0358568 -43826.8 121.823 
727398 0.0347914 0.0155844 -44791.8 121.976 
728364 0.0595433 0.0440986 -44881.6 122.13 
729330 0.0502784 0.0433316 -43847.3 122.282 
730296 0.0718301 -0.048047 -43781.1 122.435 
731262 0.0168763 0.0143853 -44236.4 122.588 
732228 0.0483915 0.00701086 -43497.1 122.74 
733194 0.0138152 0.00726249 -45066.3 122.893 
734160 0.0485888 0.0113167 -43863.7 123.049 
735126 0.0190134 0.00548221 -44189.1 123.203 
736092 0.0275277 0.0106888 -45016 123.356 
737058 0.0580032 0.0473727 -45724.9 123.513 
738024 0.0614216 0.0271055 -44356.8 123.665 
738990 0.071172 0.0682192 -44830.2 123.818 
739956 0.0675051 0.0598179 -44831 123.972 
740922 0.0560772 0.0445931 -43759.6 124.125 
741888 0.0823624 0.0534763 -43479 124.279 
742854 0.0495564 0.0491961 -44059.6 124.432 
743820 0.0330706 0.027629 -44813.2 124.587 
744786 0.0207282 0.0198147 -42295.4 124.741 
745752 0.0395071 -0.0113727 -43525.5 124.895 
746718 0.0862529 0.0739091 -42943.3 125.048 
747684 0.0596758 0.0542886 -44152.9 125.2 
748650 0.0801185 0.0536892 -44264.6 125.354 
749616 0.0772802 0.0369501 -43837.6 125.507 
750582 0.0601497 0.0472885 -45264.3 125.66 
751548 0.0344208 0.0307548 -45244.4 125.814 
752514 0.0516156 -0.0127035 -45575.9 125.967 
753480 0.0427743 -0.00128947 -45718 126.12 
754446 0.102724 0.0709077 -45582.2 126.273 
755412 0.033459 0.0274021 -45744.9 126.426 
756378 0.079173 0.00260627 -45153.6 126.579 
757344 0.0409174 -0.00372687 -47063.2 126.734 
758310 0.0170349 -0.00475329 -45525.4 126.887 
759276 0.0519527 0.0117014 -45409.3 127.04 
760242 0.0395721 0.0380503 -45366 127.194 
761208 0.0239975 -0.0174123 -45281.9 127.347 
762174 0.0683987 -0.0385316 -45036.9 127.499 
763140 0.0971174 -0.048139 -45660.5 127.652 
764106 0.0915392 0.0589867 -43726.3 127.806 
765072 0.0991594 0.050611 -44499.7 127.959 
766038 0.0928326 0.00582706 -44823.1 128.111 
767004 0.0841462 0.00707229 -43975.6 128.263 
767970 0.0606826 0.018752 -45325.1 128.417 
768936 0.103858 -0.0337954 -46152.3 128.57 
769902 0.042913 -0.0245798 -44738.8 128.724 
770868 0.051078 -0.00640012 -44766.2 128.878 
771834 0.0820554 0.05696 -45748.8 129.031 
772800 0.0211689 0.00484448 -45657.3 129.185 
773766 0.0440804 0.0100737 -45269.7 129.338 
774732 0.0402858 -0.01012 -43898.5 129.49 
775698 0.043701 0.0414141 -42925.8 129.644 
776664 0.0426665 -0.0366551 -43149.9 129.798 
777630 0.0464761 0.0180518 -44451.6 129.952 
778596 0.0203274 -0.00934718 -44934.8 130.105 
779562 0.0333314 0.0309432 -45041.9 130.258 
780528 0.104031 -0.0732684 -44543.7 130.411 
781494 0.0203844 0.0167309 -44057.6 130.564 
782460 0.0341313 0.00561722 -43871 130.716 
783426 0.0439006 -0.0190335 -43881.9 130.87 
784392 0.0433598 -0.0236901 -44475 131.023 
785358 0.0831142 -0.0745013 -43495.7 131.175 
786324 0.0341487 -0.0143017 -43912.9 131.328 
787290 0.0680307 0.00125055 -43866.4 131.482 
788256 0.0787416 0.00788132 -43622 131.635 
789222 0.0746629 0.0593719 -43671 131.788 
790188 0.0280476 -0.0228382 -44898.9 131.941 
791154 0.0418905 -0.0294243 -45081.5 132.096 
792120 0.0549267 -0.0439359 -44217.7 132.253 
793086 0.0804494 -0.0149483 -44860.4 132.407 
794052 0.1232 -0.065188 -44706.9 132.56 
795018 0.0922207 -0.00686763 -45530 132.713 
795984 0.0748079 -0.0460771 -44164.5 132.867 
796950 0.0491974 -0.0310985 -44661.2 133.02 
797916 0.0479764 -0.0270228 -44201.8 133.178 
798882 0.103409 -0.0210901 -44082 133.342 
799848 0.0865454 -0.0472678 -44279.3 133.506 
800814 0.0982775 -0.023684 -45034.8 133.671 
801780 0.0149181 0.00743283 -44510.9 133.835 
802746 0.0671517 0.0480944 -44732.9 133.998 
803712 0.0824414 0.0443299 -44569.8 134.163 
804678 0.0624654 -0.00198685 -44370 134.328 
805644 0.0135429 0.0125937 -45270.8 134.492 
806610 0.0596559 0.0574951 -45105.2 134.657 
807576 0.0381903 0.023459 -45561.5 134.82 
808542 0.0334559 -0.0192208 -45327.9 134.984 
809508 0.0686384 -0.0114763 -46001.7 135.149 
810474 0.0563186 0.0271884 -45526.3 135.314 
811440 0.0176879 -0.00245961 -45197.1 135.479 
812406 0.0581045 0.0199855 -45707.6 135.644 
813372 0.0304582 -0.0246417 -44092.4 135.808 
814338 0.0404486 -0.0395341 -45684 135.973 
815304 0.0328856 0.00261623 -45766.4 136.137 
816270 0.0623775 0.0114423 -46259.2 136.301 
817236 0.0741891 0.0739939 -46254.1 136.465 
818202 0.0288425 0.0187767 -45666.3 136.628 
819168 0.0284762 -0.00140836 -45137.3 136.792 
820134 0.031011 -0.011316 -44899.9 136.957 
821100 0.0287013 -0.0081936 -44404.5 137.121 
822066 0.0503581 -0.0284285 -45021.4 137.285 
823032 0.0156328 0.0053627 -45129.6 137.45 
823998 0.0724077 0.000642996 -45025.3 137.614 
824964 0.0427743 0.0127647 -45481.9 137.778 
825930 0.0584112 0.0268551 -44622.2 137.942 
826896 0.0518159 -0.0404049 -43720.3 138.107 
827862 0.0304147 0.0123712 -43499.8 138.272 
828828 0.0626502 -0.0552816 -44246 138.436 
829794 0.0670002 -0.0480421 -44124.8 138.6 
830760 0.0401748 -0.0371833 -44503.9 138.765 
831726 0.0169721 -0.00415798 -45433.3 138.929 
832692 0.0112189 -0.000570978 -45629 139.094 
833658 0.0216516 -0.0172885 -45944.3 139.258 
834624 0.00550132 -0.00222855 -45171.1 139.422 
835590 0.0127563 -0.00399722 -45135.4 139.586 
836556 0.0385944 0.0384073 -44098.7 139.75 
837522 0.0760839 -0.0592266 -43204.9 139.915 
838488 0.0491942 0.024066 -43798.1 140.08 
839454 0.102995 -0.0399433 -44529.7 140.244 
840420 0.0673309 -0.0117277 -42978.7 140.407 
841386 0.0540294 -0.018282 -43855.2 140.572 
842352 0.0648492 -0.0564314 -43614.8 140.735 
843318 0.057217 -0.0182021 -43514.2 140.9 
844284 0.0298936 0.0224085 -44349.3 141.064 
845250 0.053856 0.0175435 -44708 141.229 
846216 0.0573912 0.0463616 -44758.8 141.393 
847182 0.0920696 0.0406854 -44244.8 141.557 
848148 0.0239517 -0.00623028 -44579.9 141.722 
849114 0.0438942 -0.00106507 -44403.2 141.886 
850080 0.0450634 0.0189644 -44971.1 142.05 
851046 0.0384142 0.00268103 -45188.3 142.214 
852012 0.0317466 0.0193535 -45314.5 142.378 
852978 0.0561983 -0.0208219 -46115.8 142.542 
853944 0.0528726 0.0234042 -46009.7 142.706 
854910 0.0194699 -0.00831035 -44540 142.871 
855876 0.0127129 0.0112338 -45105.5 143.035 
856842 0.0719056 -0.0680747 -45033.2 143.199 
857808 0.0679483 -0.0526548 -46008.2 143.363 
858774 0.0792294 0.00329604 -46023.4 143.528 
859740 0.0391702 0.029991 -45419.3 143.693 
860706 0.0181404 0.00231667 -44992.4 143.858 
861672 0.0452658 -0.0399745 -45715.7 144.022 
862638 0.0474285 -0.0227738 -44804.4 144.186 
863604 0.0468123 -0.0417006 -45534.6 144.351 
864570 0.0628175 0.0485212 -44147.5 144.515 
865536 0.0203774 0.00986814 -44115.5 144.68 
866502 0.068457 -0.0500679 -44153.1 144.845 
867468 0.0441677 -0.0237839 -43409.1 145.01 
868434 0.0663896 0.00687076 -44128.6 145.175 
869400 0.0544192 0.00641501 -44877.8 145.339 
870366 0.0460744 0.0253233 -45033.7 145.504 
871332 0.0134175 0.00975186 -45277.8 145.668 
872298 0.0484509 0.0193447 -45203.3 145.832 
873264 0.0569475 0.0287021 -45415 145.997 
874230 0.0657266 -0.00912614 -45319.5 146.161 
875196 0.0430377 -0.0229358 -45737.7 146.326 
876162 0.0318493 -0.0289468 -44414.8 146.49 
877128 0.0448899 0.0267857 -44648 146.655 
878094 0.0741505 -0.0248083 -45334.8 146.818 
879060 0.0898595 -0.0553178 -45231.3 146.982 
880026 0.0655589 -0.0536688 -45610.4 147.146 
880992 0.025978 0.0192515 -44120.1 147.31 
881958 0.0323868 0.0279875 -45200.7 147.474 
882924 0.0467238 0.0389735 -45407.4 147.638 
883890 0.0428514 0.0146655 -44259.5 147.802 
884856 0.0519309 0.0268665 -45301.8 147.967 
885822 0.0470317 -0.00976134 -45097.7 148.132 
886788 0.0562927 -0.0187935 -44504.4 148.296 
887754 0.0565751 0.0456304 -44950.2 148.461 
888720 0.0919714 0.058392 -46070.1 148.625 
889686 0.0296234 0.0064418 -45400.9 148.789 
890652 0.0360258 0.0123106 -45855.9 148.954 
891618 0.0532739 0.0350185 -46016.7 149.118 
892584 0.0358594 -0.0165582 -44159.1 149.282 
893550 0.0245875 -0.00953638 -44332 149.446 
894516 0.0731345 0.00597784 -44044.1 149.611 
895482 0.112956 0.0730207 -43632.8 149.776 
896448 0.0508919 0.00520801 -45233 149.94 
897414 0.0897672 0.0430396 -45147.4 150.104 
898380 0.10125 0.0610345 -45424.9 150.27 
899346 0.0635356 0.0273226 -44612.1 150.434 
900312 0.0636123 -0.00602518 -44713.7 150.599 
901278 0.0666113 0.0270002 -45321.1 150.763 
902244 0.0566722 0.0339263 -45477.4 150.927 
903210 0.0329873 -0.000458425 -43713.8 151.092 
904176 0.0498814 0.02025 -44789.4 151.257 
905142 0.0530263 0.0488819 -44675.9 151.422 
906108 0.0275594 0.0247954 -43462 151.586 
907074 0.0274994 -0.0154685 -43369.9 151.75 
908040 0.0551173 -0.0347101 -43788.2 151.914 
909006 0.0330437 0.0127159 -45167.5 152.079 
909972 0.00518611 0.00467467 -45602.5 152.243 
910938 0.0234109 0.0019947 -46823.8 152.407 
911904 0.0294204 -0.0193254 -45721.1 152.572 
912870 0.0426733 0.00725796 -45011.9 152.738 
913836 0.0653973 -0.0629323 -45020.8 152.902 
914802 0.0345964 -0.023393 -45071.9 153.066 
915768 0.0408033 -0.000626676 -44256.6 153.231 
916734 0.0351784 -0.0216229 -44626.8 153.395 
917700 0.0331336 0.0292535 -44587.6 153.56 
918666 0.0422415 0.038289 -44805.2 153.723 
919632 0.0361765 -0.0123397 -44022.3 153.887 
920598 0.0515147 -0.0380803 -43938.3 154.051 
921564 0.0443368 0.00248547 -43895.9 154.215 
922530 0.0227411 -0.00428404 -43130.9 154.379 
923496 0.0627014 0.00858453 -44843.7 154.543 
924462 0.0521066 -0.0136331 -44824 154.708 
925428 0.083022 0.0210482 -45386.9 154.872 
926394 0.0920588 0.0451097 -45565.6 155.037 
927360 0.0868575 0.0335538 -44677.6 155.201 
928326 0.0737259 0.0566807 -45469.4 155.365 
929292 0.073801 0.0581711 -45295.1 155.529 
930258 0.0396201 0.0342945 -44791.4 155.694 
931224 0.0509332 0.0396508 -45003.1 155.859 
932190 0.0573903 0.0421535 -45298.6 156.024 
933156 0.0211811 0.00631332 -44540.4 156.188 
934122 0.0653672 -0.0151721 -44484.3 156.353 
935088 0.0431618 0.00316918 -44716.8 156.518 
936054 0.093648 0.0807431 -45203.5 156.683 
937020 0.0313516 0.0145431 -44733.5 156.847 
937986 0.057956 -0.0405901 -45122.4 157.011 
938952 0.0611909 0.0531589 -44109.3 157.175 
939918 0.0184293 0.0140721 -44187.2 157.339 
940884 0.0212788 0.00227259 -44273.1 157.503 
941850 0.0556713 -0.00228664 -44969.3 157.667 
942816 0.103504 0.0476458 -44301.4 157.831 
943782 0.0435265 0.0411499 -44913.7 157.995 
944748 0.0479283 -0.0455928 -45038.2 158.159 
945714 0.0503543 -0.0386105 -45014.2 158.324 
946680 0.0913232 -0.088973 -43832.2 158.488 
947646 0.0377198 -0.0265736 -43766.8 158.651 
948612 0.0463639 0.0132672 -43599.4 158.816 
949578 0.0523965 0.0192673 -44614.1 158.98 
950544 0.0213227 -0.000273717 -46560.8 159.144 
951510 0.012264 -0.00599203 -45190.5 159.309 
952476 0.041809 0.0189305 -43376 159.474 
953442 0.0389376 -0.00559176 -43936.1 159.638 
954408 0.0385676 -0.0385254 -44977.8 159.802 
955374 0.0272406 -0.0151286 -45579.6 159.966 
956340 0.0268032 0.0202511 -45251.9 160.131 
957306 0.0601933 -0.0531708 -44518.3 160.294 
958272 0.0640064 -0.0489525 -44178.2 160.459 
959238 0.0430516 -0.0303879 -43443.8 160.623 
960204 0.0604187 -0.0338627 -43747.5 160.787 
961170 0.0390656 -0.0240016 -43990 160.952 
962136 0.0472322 -0.0442409 -44762.2 161.116 
963102 0.0520914 -0.0368571 -44448.3 161.28 
964068 0.0642745 0.0308251 -43797.7 161.445 
965034 0.0742077 0.023652 -44247 161.609 
966000 0.0451521 0.0109089 -43885.9 161.773 
