0 0.0130157 -0.00686964 -32636.4 0 
966 0.0196465 -0.0138744 -35253.8 0.165732 
1932 0.0202133 0.00200387 -37470.5 0.330463 
2898 0.0351451 -0.00963094 -40184.2 0.496191 
3864 0.0314428 -0.0247298 -39736.8 0.662917 
4830 0.0716743 -0.0535389 -41306.4 0.828444 
5796 0.0453437 -0.0223039 -42998.3 0.992771 
6762 0.0653464 -0.00604924 -42648.1 1.15749 
7728 0.0319763 -0.00935287 -43325.6 1.323 
8694 0.0740873 -0.01239 -42739.8 1.48732 
9660 0.0424436 0.0276149 -43449.3 1.65145 
10626 0.0590493 0.0172768 -43812.9 1.8154 
11592 0.0668244 -0.0194491 -43960.5 1.97961 
12558 0.0680017 0.0254075 -44352.6 2.14407 
13524 0.0379834 0.00916569 -44849.3 2.30825 
14490 0.071809 -0.0102013 -45265.4 2.47241 
15456 0.0284643 0.0197537 -45044.2 2.63689 
16422 0.0351193 0.00234938 -45100.1 2.80145 
17388 0.0687482 -0.0189791 -44783.6 2.96597 
18354 0.0754734 0.0289013 -44790.6 3.13056 
19320 0.0858613 0.0753618 -46044.5 3.29528 
20286 0.0284972 0.0154205 -45577 3.46006 
21252 0.0194478 -0.014634 -44924.8 3.62453 
22218 0.0539686 -0.0193577 -45468.8 3.78987 
23184 0.0663776 0.0259997 -44086 3.95448 
24150 0.0559204 0.0523816 -43914.5 4.1196 
25116 0.0452396 -0.0376413 -43606.8 4.28486 
26082 0.0312252 0.0287881 -42965.1 4.44936 
27048 0.0363563 0.0297828 -43375.3 4.61442 
28014 0.0244818 -0.00710299 -43412.8 4.78136 
28980 0.0454305 -0.0436678 -43895.1 4.94698 
29946 0.0314576 -2.99366e-05 -43794.9 5.11166 
30912 0.0424065 0.0308223 -44002.8 5.27679 
31878 0.0276423 0.00902761 -43928 5.44205 
32844 0.0690344 -0.0572557 -45356.6 5.60722 
33810 0.0403606 -0.028717 -44567.9 5.772 
34776 0.0539159 0.000492007 -44039.7 5.93703 
35742 0.0494704 -0.00955268 -43814.9 6.10184 
36708 0.021565 0.00707597 -44133.1 6.26653 
37674 0.0128046 0.00897239 -43282.7 6.43142 
38640 0.00761815 -0.000789965 -43555.3 6.59672 
39606 0.0452654 0.0102766 -44041.6 6.7614 
40572 0.0212741 -0.00665077 -43655.3 6.92592 
41538 0.0173639 -0.00506748 -44157.8 7.09164 
42504 0.0636884 -0.0495982 -45287.6 7.25735 
43470 0.0509447 0.0327603 -44361.4 7.42221 
44436 0.0355393 0.0026993 -44177 7.58724 
45402 0.0579657 0.0517266 -43660.2 7.75314 
46368 0.0469247 0.032873 -44198.3 7.91789 
47334 0.0637484 0.0465047 -44807.9 8.08321 
48300 0.0479064 0.0218576 -44742.5 8.24802 
49266 0.0644945 -0.0225073 -45137 8.41295 
50232 0.0306832 0.018729 -45230.2 8.57842 
51198 0.0571473 -0.0108579 -44504.8 8.74345 
52164 0.00800273 -0.00595577 -44462.3 8.90908 
53130 0.0206738 -0.0133891 -43833.8 9.07483 
54096 0.0414746 -0.0388816 -44709.6 9.24047 
55062 0.0331881 0.0092941 -43853.6 9.40505 
56028 0.0990609 -0.0667239 -44063 9.57057 
56994 0.0869216 -0.0322093 -45430.3 9.73573 
57960 0.0904976 -0.017958 -45833.3 9.90122 
58926 0.0439206 -0.0296689 -45919.5 10.0676 
59892 0.0885357 -0.0388866 -45039.5 10.2336 
60858 0.0182403 -0.0171065 -44967.5 10.4002 
61824 0.0611277 -0.0396591 -44311.3 10.5651 
62790 0.0484496 0.0113304 -44088.9 10.7302 
63756 0.0903301 -0.0195889 -44136.8 10.8965 
64722 0.0626173 0.0453469 -44082.8 11.0634 
65688 0.0914968 -0.0168554 -45115.7 11.2302 
66654 0.0592729 -0.00151431 -45127.4 11.3968 
67620 0.073631 0.0259186 -44418.9 11.5638 
68586 0.050971 -0.011607 -44119 11.7305 
69552 0.0551037 -0.0212165 -44004.9 11.8976 
70518 0.0420779 0.0180527 -44024.3 12.0648 
71484 0.031588 0.0212538 -43195.9 12.2321 
72450 0.0961425 0.0747327 -42132.7 12.3997 
73416 0.0648962 0.0519521 -43266.3 12.5667 
74382 0.0264719 0.0180454 -43752.7 12.7331 
75348 0.0506542 -0.0196302 -43114.8 12.9005 
76314 0.0857089 0.0643985 -43822.6 13.0681 
77280 0.0314677 0.0252115 -43798.8 13.2358 
78246 0.0419655 0.0339686 -43446.7 13.4029 
79212 0.0411535 0.0410317 -43680.5 13.569 
80178 0.0520267 0.0516421 -44979.7 13.7344 
81144 0.0495459 0.042944 -43587.2 13.8999 
82110 0.0322352 0.0248282 -43934.4 14.0654 
83076 0.0463369 0.02168 -46058.2 14.2309 
84042 0.0796491 0.0715769 -45234.9 14.3978 
85008 0.0806032 0.0522101 -45033.3 14.5664 
85974 0.0425142 -0.00697855 -44365.4 14.7345 
86940 0.0435189 0.0199584 -45148.2 14.9023 
87906 0.0409484 0.0387793 -46879.8 15.0688 
88872 0.0439979 0.0109912 -45655.6 15.2336 
89838 0.0119369 0.011545 -44603 15.3987 
90804 0.0396799 0.0278435 -44925.3 15.5633 
91770 0.0301734 0.00242631 -44193.2 15.728 
92736 0.0469282 0.032255 -44781.7 15.8926 
93702 0.046459 -0.00681277 -44646.3 16.0576 
94668 0.0851913 0.0208096 -44554.4 16.223 
95634 0.0768198 0.0473537 -45263.6 16.3897 
96600 0.0527404 -0.0412423 -44371.3 16.5558 
97566 0.0255561 0.0126353 -43255.6 16.7208 
98532 0.0410935 -0.0252125 -43723.6 16.8864 
99498 0.0610918 -0.0541007 -45034.8 17.0513 
100464 0.0258476 -0.0059448 -45958.1 17.2158 
101430 0.0435858 0.0286887 -45400.6 17.3801 
102396 0.0127138 0.00267555 -44941.4 17.5447 
103362 0.0417572 0.0372636 -46506.3 17.7101 
104328 0.0462636 0.0238878 -45499.8 17.8753 
105294 0.0335899 -0.0283724 -45740.3 18.0405 
106260 0.0328972 -0.000910394 -45900.3 18.2051 
107226 0.0388873 0.0214183 -44773.7 18.3696 
108192 0.0482026 0.0218567 -44773.3 18.5346 
109158 0.0508576 0.042478 -45417.3 18.6998 
110124 0.0805243 -0.0543447 -45366.5 18.8645 
111090 0.0590091 0.0254591 -43148.9 19.0298 
112056 0.0685388 0.0485889 -43524 19.1947 
113022 0.0284207 0.010844 -42521.9 19.3613 
113988 0.0128445 -0.000242885 -42844.3 19.5256 
114954 0.0581473 0.0241673 -42771.2 19.6901 
115920 0.0820209 0.0487649 -44097.9 19.8543 
116886 0.11627 0.00824005 -45147 20.0192 
117852 0.104222 0.0615939 -45898.8 20.1838 
118818 0.0792493 -0.0240771 -44965.5 20.3488 
119784 0.0511025 -0.0413618 -46077.5 20.5137 
120750 0.0461138 0.00241489 -44421.9 20.6783 
121716 0.0435473 -0.000461318 -45090.5 20.8435 
122682 0.0126219 -9.41165e-05 -44752.2 21.0086 
123648 0.0797641 0.0698676 -45071.4 21.1729 
124614 0.0574927 -0.0245142 -44425.6 21.3385 
125580 0.0874825 0.0737604 -44071.9 21.5047 
126546 0.0534089 0.0495175 -43865.8 21.6699 
127512 0.0507045 0.00495887 -44226.6 21.8353 
128478 0.07339 0.032052 -43815.4 22.0003 
129444 0.0848989 0.0185489 -43528.7 22.1664 
130410 0.0745011 0.00779434 -43818.5 22.3323 
131376 0.0824421 0.0110629 -43568 22.4976 
132342 0.0879325 0.0812106 -44858.6 22.6635 
133308 0.0412689 -0.0290801 -45687.5 22.8293 
134274 0.0374561 -0.0134772 -46242.4 22.9957 
135240 0.0308109 0.0214302 -45940.9 23.1625 
136206 0.0312805 0.0234393 -45297.6 23.3278 
137172 0.0766203 0.0745457 -45419.9 23.494 
138138 0.0356172 0.0258805 -45074.7 23.6595 
139104 0.023763 0.00528091 -44650.3 23.8256 
140070 0.0309566 0.00569603 -43778.4 23.9918 
141036 0.0566979 0.0472783 -44090.6 24.1577 
142002 0.0184959 0.0132567 -45544.9 24.3239 
142968 0.0471173 0.0159371 -44729.8 24.4889 
143934 0.0426632 -0.00284039 -45213.3 24.6544 
144900 0.0568237 -0.0112822 -44777.3 24.8195 
145866 0.0191137 0.0100428 -44478.6 24.9847 
146832 0.0379952 -0.031095 -44686.3 25.1511 
147798 0.0580068 -0.0233262 -44749.2 25.3171 
148764 0.0318591 -0.0205564 -43935.3 25.4835 
149730 0.032129 -0.0254346 -44137.1 25.6496 
150696 0.04133 -0.0296608 -44556.2 25.8162 
151662 0.0287147 -0.0190174 -43444.9 25.9842 
152628 0.0463977 0.0148703 -43724.9 26.1523 
153594 0.0413843 0.0391609 -44478.5 26.32 
154560 0.0156741 -0.0141019 -42968.1 26.4881 
155526 0.0280215 -0.019956 -43882.8 26.6555 
156492 0.0549198 0.0412362 -43125.4 26.822 
157458 0.0452736 0.0279857 -44496.1 26.9878 
158424 0.0577777 -0.0448058 -43801 27.1533 
159390 0.0335667 -0.00506 -41807.6 27.3187 
160356 0.0703617 -0.0203974 -43316 27.4839 
161322 0.0575786 -0.0176573 -44301.3 27.6486 
162288 0.0604887 -0.0306985 -45864.7 27.8146 
163254 0.0612393 -0.0117331 -44618 27.9797 
164220 0.0664203 -0.0533046 -45159.9 28.1451 
165186 0.0887778 -0.0641417 -44489.2 28.3103 
166152 0.0316504 -0.0154788 -43838.8 28.4757 
167118 0.0918703 -0.00833784 -44511.3 28.6415 
168084 0.0262886 0.0162522 -44470.6 28.8067 
169050 0.0460068 -0.0392342 -44771.6 28.9722 
170016 0.0475429 -0.0324347 -44983.6 29.1376 
170982 0.0445479 -0.0160273 -45750.7 29.3063 
171948 0.0395654 0.0238251 -44956.3 29.4732 
172914 0.0159557 -0.0150983 -44698.4 29.6394 
173880 0.0189388 -0.00360681 -44580.9 29.8056 
174846 0.0467778 0.0368842 -45400 29.9718 
175812 0.0293843 -0.000123193 -45880.2 30.1375 
176778 0.0620252 -0.00849765 -44090.7 30.3044 
177744 0.0500945 -0.0409158 -45748.6 30.4725 
178710 0.0991176 -0.091306 -44899.2 30.6385 
179676 0.042897 -0.0314567 -43113.4 30.8047 
180642 0.0773227 -0.0665632 -42657.4 30.9725 
181608 0.0666073 -0.0653214 -43376.6 31.1407 
182574 0.0540784 -0.0295973 -42855 31.3097 
183540 0.057172 -0.0295729 -43931.8 31.4773 
184506 0.0529294 -0.045867 -43513.2 31.645 
185472 0.0136786 0.0117113 -43571.8 31.8124 
186438 0.0192813 -0.0169067 -43039.4 31.9794 
187404 0.0482156 -0.0324296 -43618.6 32.1451 
188370 0.059148 -0.00372477 -43836.6 32.3105 
189336 0.0434632 -0.00763743 -44791.1 32.4753 
190302 0.0759212 0.0379515 -45605.7 32.6409 
191268 0.0817329 0.0147573 -45964.3 32.8065 
192234 0.0344986 0.0152799 -45017.3 32.9719 
193200 0.0679488 0.0568069 -44398.3 33.1378 
194166 0.0640994 0.0613196 -44946.1 33.3024 
195132 0.0526116 -0.0405119 -45331.6 33.4686 
196098 0.0482643 -0.0135964 -45422.3 33.6345 
197064 0.0559239 0.0298875 -43792.7 33.8002 
198030 0.0358568 -0.0059193 -44531.3 33.9658 
198996 0.00880195 -0.00174664 -44477.5 34.132 
199962 0.0995044 0.0781085 -45197.1 34.2977 
200928 0.0695997 0.0336349 -44882.6 34.4634 
201894 0.0248849 0.0050217 -44579.7 34.6292 
202860 0.0895374 0.0687823 -45604.9 34.7947 
203826 0.0105289 0.00637183 -44534.4 34.9598 
204792 0.035365 -0.00904818 -44450.7 35.1257 
205758 0.0265335 0.0108668 -44119.9 35.2914 
206724 0.0461741 -0.0437319 -43628.7 35.4568 
207690 0.0241876 -0.0236204 -43535.8 35.6227 
208656 0.0867366 -0.0324505 -43169.8 35.7885 
209622 0.0843931 -0.00940291 -43227.9 35.9537 
210588 0.0616935 -0.00170242 -42436.7 36.1194 
211554 0.0745946 -0.0532326 -43266.5 36.2848 
212520 0.0610608 -0.0546411 -45011.5 36.4507 
213486 0.0352376 0.00354311 -44962.5 36.6166 
214452 0.0746573 0.000728296 -46132.8 36.7825 
215418 0.0414072 -0.0192791 -45794.3 36.9483 
216384 0.0485362 -0.024182 -44734.2 37.115 
217350 0.0806026 -0.0290408 -45409.3 37.2808 
218316 0.0754389 0.0446181 -44916.3 37.4464 
219282 0.0686083 -0.0514159 -45239.2 37.6117 
220248 0.0471853 -0.00448628 -44384.1 37.7778 
221214 0.0715188 -0.055267 -44368.6 37.9428 
222180 0.0753874 -0.0165582 -44290.4 38.1082 
223146 0.0980453 -0.0229137 -44848.8 38.2738 
224112 0.106277 -0.037023 -44319.6 38.4392 
225078 0.073553 -0.0247251 -46194.9 38.6045 
226044 0.0303248 0.00534855 -45466.9 38.7701 
227010 0.0153609 0.00165524 -44965.7 38.9358 
227976 0.0581337 -0.0328418 -44387.1 39.1011 
228942 0.0393931 -0.000918141 -42697 39.2689 
229908 0.0458094 0.0163455 -43847.5 39.436 
230874 0.0938051 0.0256384 -43405.9 39.6045 
231840 0.0376064 0.000521095 -43385.1 39.7729 
232806 0.0552151 0.0529414 -45016.7 39.9409 
233772 0.0801531 0.0437998 -46607.8 40.1085 
234738 0.0850804 0.015244 -45797 40.2743 
235704 0.0697467 -0.000452382 -45835.3 40.4402 
236670 0.0851731 0.000977183 -45331.1 40.6072 
237636 0.0813762 -0.0517842 -45348.3 40.7751 
238602 0.0811119 -0.022578 -45406.8 40.9427 
239568 0.0767798 0.00501176 -46677.5 41.108 
240534 0.032005 -0.0130231 -45609.9 41.2741 
241500 0.0483183 -0.02011 -44175.4 41.4401 
242466 0.0382718 0.0136843 -45043.4 41.6058 
243432 0.0703945 -0.0251655 -45607.3 41.7719 
244398 0.0833849 0.00917919 -45102.7 41.9381 
245364 0.0998422 -0.0181649 -44053.3 42.1042 
246330 0.0535621 -0.0186328 -43598.1 42.2708 
247296 0.0674339 0.0512224 -43073.4 42.4371 
248262 0.0131387 -0.0104175 -42389.4 42.6026 
249228 0.0294734 0.0193369 -43241.1 42.7674 
250194 0.0435048 -0.0087704 -44571.7 42.9327 
251160 0.0842821 0.00301423 -44497.6 43.0978 
252126 0.0716225 0.0557747 -45337.7 43.2625 
253092 0.0373819 0.00440636 -44868.7 43.4274 
254058 0.0350846 0.0167317 -45491.4 43.5924 
255024 0.0386414 0.0368111 -45727.8 43.7566 
255990 0.0311054 -0.00945126 -46352.1 43.9212 
256956 0.0536843 -8.3362e-05 -45520.8 44.0855 
257922 0.0306002 -0.0172529 -45837.3 44.2506 
258888 0.0479966 0.0466055 -44958.8 44.4156 
259854 0.0630113 0.0348819 -45470.3 44.5816 
260820 0.0534384 -0.00533118 -44967.2 44.7465 
261786 0.0619391 -0.00295524 -44197.3 44.9108 
262752 0.0376548 -0.0189194 -44808.5 45.0753 
263718 0.0116363 0.000483168 -45118.7 45.2401 
264684 0.0172305 -0.0128882 -45845.8 45.4058 
265650 0.0240767 -0.0174242 -44741.2 45.5733 
266616 0.0169199 -0.0141662 -45050.3 45.7402 
267582 0.0291936 0.0291894 -44559.7 45.9067 
268548 0.027485 -0.0167357 -44148.4 46.0733 
269514 0.0376148 0.033718 -45745.2 46.2403 
270480 0.0430281 -0.036618 -44807.8 46.4053 
271446 0.0120779 -0.0116172 -44416.3 46.5705 
272412 0.0239287 -0.0219043 -44676.1 46.7357 
273378 0.0417599 -0.0126734 -43887.4 46.9012 
274344 0.0431542 0.00869556 -43804.7 47.0668 
275310 0.0474407 -0.02456 -44762.5 47.2323 
276276 0.0429869 -0.0197973 -44512.6 47.3982 
277242 0.0359837 -0.0319593 -44191 47.5636 
278208 0.0185947 -0.0134911 -44186.9 47.7289 
279174 0.046149 -0.00647802 -44894.1 47.8933 
280140 0.0229897 0.0103063 -44592.4 48.0587 
281106 0.0603877 0.0591295 -45293.5 48.2242 
282072 0.105104 0.10372 -45298.8 48.3916 
283038 0.0593838 0.030604 -45820.8 48.5562 
284004 0.0441173 -0.0171356 -44913.7 48.7224 
284970 0.0509198 0.0147749 -45160.3 48.8897 
285936 0.0743397 0.0563924 -46062.8 49.0565 
286902 0.0826067 0.057572 -46251.3 49.2231 
287868 0.0264066 0.00199249 -45639.9 49.3883 
288834 0.0144367 0.00248294 -46637 49.5533 
289800 0.0566501 0.0191081 -46488 49.7181 
290766 0.0289492 -0.00386514 -45847.1 49.8832 
291732 0.0249775 -0.0163925 -45773.2 50.0485 
292698 0.0385707 -0.00588864 -45593.1 50.2128 
293664 0.0359625 -0.00942351 -45869.4 50.3775 
294630 0.0330739 0.00108123 -46439 50.5427 
295596 0.0583498 -0.0436893 -46497 50.7077 
296562 0.0646808 -0.0529744 -46085.2 50.8724 
297528 0.0679885 -0.0639572 -45782 51.0373 
298494 0.0323317 -0.031014 -45728.5 51.2031 
299460 0.0534738 0.0137647 -45667.1 51.3709 
300426 0.0296143 0.00865962 -44069.5 51.5384 
301392 0.0254861 0.00977565 -43999.6 51.7061 
302358 0.0537188 0.0442939 -43831.6 51.8739 
303324 0.0643509 -0.0201237 -43606.9 52.0384 
304290 0.0547876 -0.0298381 -42059 52.2027 
305256 0.0543506 -0.00820959 -43132.3 52.3669 
306222 0.0412869 0.0219597 -44187.3 52.5314 
307188 0.0279306 -0.00404633 -43576.1 52.6971 
308154 0.033577 -0.0295089 -45458.1 52.8625 
309120 0.0524828 0.038252 -45931.9 53.0274 
310086 0.0710878 -0.0135171 -45410.6 53.1922 
311052 0.0489255 0.0275936 -44838 53.3576 
312018 0.0478936 0.0351954 -45432.9 53.522 
312984 0.0480241 -0.00655121 -46763 53.6867 
313950 0.0724073 -0.0184237 -45851.9 53.8516 
314916 0.0259583 0.00989059 -45363.3 54.0168 
315882 0.0199498 0.0141711 -45351.2 54.1817 
316848 0.0629321 0.0499654 -46122.3 54.3468 
317814 0.0435162 0.00839331 -44538.6 54.5121 
318780 0.0331555 -0.00704773 -44559.5 54.6788 
319746 0.0510354 0.0112982 -44586.8 54.8459 
320712 0.0270884 -0.0129519 -44710.4 55.0126 
321678 0.0684322 0.000650067 -44566 55.1788 
322644 0.0618593 -0.0301839 -44282.6 55.3434 
323610 0.0767486 -0.0533286 -44267 55.5086 
324576 0.0905114 -0.0887395 -44979.3 55.6738 
325542 0.0516116 -0.03049 -44408.2 55.8387 
326508 0.0531385 -0.0290337 -45157.3 56.0036 
327474 0.0267619 -0.00590987 -44526.5 56.1694 
328440 0.027943 0.0200897 -45603.6 56.3345 
329406 0.0365354 0.0155856 -46414.1 56.4998 
330372 0.0384843 -0.0331956 -45869.4 56.6651 
331338 0.0274397 0.0136114 -44279.7 56.8302 
332304 0.0461567 -0.00400873 -43947.1 56.9952 
333270 0.0114917 0.00715071 -43168.4 57.1617 
334236 0.0382531 -0.0212042 -43189.4 57.327 
335202 0.0365378 -0.0261978 -44071 57.4924 
336168 0.0308646 0.00356897 -43458.3 57.6575 
337134 0.10872 -0.0953332 -44500.8 57.8226 
338100 0.0315031 -0.00380318 -43950.9 57.9873 
339066 0.0548115 0.00242818 -43916.9 58.1521 
340032 0.0723051 -0.0352724 -44580.7 58.3167 
340998 0.072594 -0.04991 -45137.8 58.482 
341964 0.0449044 -0.0105189 -45766.3 58.6467 
342930 0.0553483 0.0285097 -45541.6 58.8113 
343896 0.0466997 0.0192539 -47130.6 58.9764 
344862 0.0349593 0.017656 -46141.6 59.1414 
345828 0.0374385 -0.0112902 -46093.6 59.3063 
346794 0.0872165 0.046261 -46849.1 59.4715 
347760 0.0755104 -0.0210651 -45072.4 59.636 
348726 0.0975958 -0.0135523 -45034.8 59.801 
349692 0.0379762 -0.0320832 -44949.4 59.9659 
350658 0.0612502 0.0437588 -44381.3 60.1312 
351624 0.0329539 0.00904129 -44849.5 60.2958 
352590 0.0696803 -0.0627956 -44849 60.4608 
353556 0.0244023 -0.00308275 -45745.7 60.6257 
354522 0.0374003 0.026708 -45297 60.7901 
355488 0.0482363 0.00936042 -43969.6 60.9559 
356454 0.0249393 0.0141627 -43129.2 61.123 
357420 0.0101744 -0.00215652 -43743.2 61.2896 
358386 0.0790854 0.00213825 -44437.4 61.4547 
359352 0.0912336 -0.00418357 -44761.9 61.6203 
360318 0.0678107 0.0379906 -44220.2 61.7862 
361284 0.0739869 0.0604743 -43393.1 61.9513 
362250 0.0503836 0.0174734 -43264.1 62.1159 
363216 0.0888449 -0.00238906 -43373.4 62.281 
364182 0.111141 0.0318692 -44467.8 62.4458 
365148 0.0156587 -0.0105657 -44992.7 62.611 
366114 0.0925157 0.0500484 -45532.4 62.7764 
367080 0.050592 -0.00117092 -44613.3 62.9413 
368046 0.0649385 0.0340324 -44412.8 63.1065 
369012 0.0602033 0.0119951 -43748.7 63.2713 
369978 0.0403045 -0.0319618 -44662 63.4361 
370944 0.0621845 0.0422528 -45713.3 63.6011 
371910 0.0521418 0.00917489 -45204 63.7664 
372876 0.0402327 -0.0345398 -46059.5 63.9319 
373842 0.0794307 -0.0195097 -45783.2 64.0972 
374808 0.0588128 -0.0290266 -44118 64.2626 
375774 0.0504184 0.0205369 -44769.2 64.4276 
376740 0.0716413 -0.0699355 -44340 64.5935 
377706 0.0727638 -0.0339856 -44469.1 64.7601 
378672 0.07656 0.0585631 -45124.7 64.9268 
379638 0.0342806 -0.0162836 -45987.6 65.0935 
380604 0.0523386 0.0342512 -45161.9 65.2598 
381570 0.0692904 0.060419 -44812.1 65.4255 
382536 0.0658492 0.065437 -44669.7 65.5911 
383502 0.0627347 0.0470633 -44805.9 65.7577 
384468 0.0754448 -0.0056968 -43243.5 65.9236 
385434 0.0687122 -0.011844 -43487.3 66.0892 
386400 0.0179709 -0.00558343 -43232.3 66.2555 
387366 0.0561801 0.030424 -43630.8 66.4218 
388332 0.074467 0.0288739 -43448.4 66.5875 
389298 0.0651581 0.0362544 -42900.5 66.754 
390264 0.0718754 -0.0430941 -43516.6 66.9208 
391230 0.0344708 -0.0173865 -43880.4 67.0868 
392196 0.0699171 -0.0144947 -42737.2 67.2529 
393162 0.0636014 0.0362322 -43905.3 67.4196 
394128 0.0605973 0.0473303 -44945.5 67.5861 
395094 0.0387364 0.0262239 -44848.7 67.7527 
396060 0.0618796 -0.0374331 -45727.2 67.9194 
397026 0.0491874 0.0119154 -45875.2 68.0856 
397992 0.0618052 0.0275593 -45179.4 68.2517 
398958 0.00536221 0.00458748 -45729.8 68.4174 
399924 0.0180853 0.00444296 -44829.7 68.583 
400890 0.0428987 0.00770508 -44894.2 68.7488 
401856 0.0490699 -0.0206637 -44970.6 68.9146 
402822 0.0598673 -0.0539519 -46603.8 69.0807 
403788 0.0491738 0.00929727 -46042.2 69.2474 
404754 0.0318814 -0.0218761 -46133.6 69.4145 
405720 0.0395844 0.00638832 -45097.1 69.5804 
406686 0.0421299 0.0393153 -44675.1 69.7462 
407652 0.0268105 -0.00199689 -44454.2 69.9121 
408618 0.0286404 0.0126975 -44207.3 70.0783 
409584 0.0226036 -0.011246 -43467.6 70.2442 
410550 0.0296395 0.0258392 -43951.1 70.4095 
411516 0.0306149 0.0212494 -45208.7 70.5748 
412482 0.0686855 0.039891 -45914.4 70.7401 
413448 0.0570044 0.00623638 -45616.5 70.905 
414414 0.0559455 -0.00736917 -44682.3 71.0701 
415380 0.0508062 -0.00305371 -44374.9 71.2348 
416346 0.0700082 0.0320169 -44764.5 71.3998 
417312 0.0369929 0.0255258 -44486.1 71.5661 
418278 0.0679527 -0.0521977 -43351.1 71.7336 
419244 0.0789112 -0.0691637 -43990.7 71.901 
420210 0.030635 0.000121446 -44666.5 72.0682 
421176 0.030642 -0.0111884 -45599.1 72.2347 
422142 0.0417535 0.0144644 -44223.5 72.4017 
423108 0.0729263 0.00942853 -44920.9 72.5693 
424074 0.0220754 -0.00978834 -43607.9 72.7359 
425040 0.052944 -0.00372178 -43089.4 72.9015 
426006 0.0553782 -0.0144018 -43137.3 73.0665 
426972 0.0589382 0.0385103 -44953.5 73.232 
427938 0.0333925 -0.0114242 -44185.6 73.397 
428904 0.043028 -0.0102131 -44745.7 73.5621 
429870 0.070034 -0.0552891 -44783.6 73.7271 
430836 0.0662578 -0.0528046 -44778.8 73.8921 
431802 0.0358707 -0.0348799 -44155.8 74.0568 
432768 0.0826326 -0.0772495 -44019 74.2224 
433734 0.0554935 -0.000800005 -43528.8 74.3876 
434700 0.0330059 0.0277919 -44229.6 74.5522 
435666 0.029178 0.0239123 -42975.9 74.7169 
436632 0.0244411 -0.00627368 -43237.8 74.8821 
437598 0.0461944 -0.0305092 -44453.6 75.0471 
438564 0.0373215 -0.0372619 -44571.7 75.212 
439530 0.0423275 -0.0329314 -44145.9 75.3764 
440496 0.0511407 0.0337809 -43495.9 75.5421 
441462 0.0322247 -0.00333038 -42188.7 75.7089 
442428 0.0586492 0.0380848 -42377.7 75.8758 
443394 0.0300391 -0.0297043 -42757.9 76.041 
444360 0.0383068 -0.00751753 -42351 76.2056 
445326 0.0349411 -0.0167218 -43015.6 76.3719 
446292 0.0441554 0.0110499 -43953.1 76.5386 
447258 0.0500337 0.0197829 -44618.8 76.7053 
448224 0.0840242 -0.0822004 -44193.8 76.8724 
449190 0.0737397 -0.0626862 -43641.9 77.0384 
450156 0.0529263 0.0363324 -43777.6 77.2054 
451122 0.0401269 0.0307302 -42736.4 77.3725 
452088 0.0262553 0.0252689 -43296.2 77.5396 
453054 0.0221783 -0.0149738 -43805.6 77.7039 
454020 0.0590716 0.0355916 -44149.4 77.8691 
454986 0.0303733 -0.0097958 -44932.6 78.0337 
455952 0.0255942 -0.000943446 -45339.7 78.1982 
456918 0.0523834 -0.0478146 -44698.6 78.3641 
457884 0.0532694 -0.050299 -45118.9 78.5294 
458850 0.0727811 -0.000613997 -45233.5 78.6952 
459816 0.0681909 0.00300183 -45532.8 78.8612 
460782 0.0999848 0.0361904 -45220.9 79.0272 
461748 0.0369933 0.0154172 -45480.3 79.1937 
462714 0.0650173 -0.0308417 -44917.2 79.3595 
463680 0.0575083 -0.0228464 -44993.6 79.5254 
464646 0.013587 0.00383786 -43880.8 79.6909 
465612 0.0839956 -0.0813823 -44133.8 79.8568 
466578 0.028432 -0.0161601 -45718.7 80.0216 
467544 0.0564553 -0.00847314 -45786.1 80.1871 
468510 0.023564 -0.0196108 -46161.4 80.3527 
469476 0.037465 0.0265643 -45643.5 80.5183 
470442 0.0507338 -0.0496546 -46972.5 80.6835 
471408 0.0691197 -0.0338812 -45964.7 80.8487 
472374 0.0173816 -0.00205258 -45768.8 81.0148 
473340 0.0408424 -0.0403257 -46949.9 81.1813 
474306 0.0345355 0.0119334 -44830.7 81.3479 
475272 0.0596207 0.00741614 -44793.6 81.5146 
476238 0.0839673 0.0463548 -45193.6 81.6795 
477204 0.0743285 0.033275 -44525.1 81.8452 
478170 0.0695507 0.0299685 -45505.9 82.0103 
479136 0.0272777 0.0199696 -46008.5 82.1751 
480102 0.0516829 -0.0431195 -45350.3 82.3408 
481068 0.0700488 0.0243222 -44873.5 82.5066 
482034 0.0573289 0.0282869 -44584.4 82.6716 
483000 0.0736811 0.0483403 -44311.9 82.8387 
483966 0.0431269 0.0290399 -46262.6 83.0058 
484932 0.0894723 0.0828815 -46426.1 83.171 
485898 0.0530754 0.0264721 -46576.5 83.3365 
486864 0.0624391 0.0223073 -46043.3 83.5012 
487830 0.0732587 0.0581007 -44826.9 83.6657 
488796 0.0633806 0.0249422 -45465.8 83.8307 
489762 0.0290173 -0.00223592 -45883.9 83.9952 
490728 0.0488041 -0.0405089 -45587.3 84.1598 
491694 0.0203565 0.00170563 -45852.9 84.3249 
492660 0.0360921 0.0251198 -45677.3 84.4899 
493626 0.0854942 0.0782821 -44457.2 84.6552 
494592 0.0075862 0.00228479 -45368 84.8199 
495558 0.0269055 0.0245346 -45678.4 84.985 
496524 0.0469534 0.0191162 -44127.3 85.1503 
497490 0.0708693 -0.00630543 -43744.2 85.3158 
498456 0.0200276 0.00148842 -43868.1 85.4809 
499422 0.0483549 -0.00429287 -44464.5 85.6463 
500388 0.0649828 -0.0557246 -44977.7 85.8113 
501354 0.0305851 -0.00934747 -45450.8 85.9766 
502320 0.0455428 0.0146506 -43594.3 86.1424 
503286 0.0735304 0.0488459 -45324.2 86.3078 
504252 0.0588005 0.0419782 -44785.1 86.4735 
505218 0.0339982 -0.0310875 -44485.5 86.639 
506184 0.0726527 -0.0608864 -44940.1 86.804 
507150 0.0311264 -0.0241431 -44241.1 86.9691 
508116 0.0655719 0.0280752 -45505.7 87.1344 
509082 0.0160595 -0.00755826 -45702.1 87.2997 
510048 0.0419853 -0.0179461 -44724.7 87.465 
511014 0.0856797 0.00364337 -44788.7 87.6303 
511980 0.0718466 0.0691671 -44860.8 87.7958 
512946 0.0487699 0.0122909 -44306.2 87.9605 
513912 0.0859022 0.0663017 -43284.6 88.126 
514878 0.0540605 0.0526964 -44339.8 88.2908 
515844 0.10902 0.0942455 -44299.3 88.4558 
516810 0.0466969 0.0442818 -43974.2 88.6209 
517776 0.0574049 0.0255622 -44110.6 88.7862 
518742 0.0880247 0.0594627 -44260.1 88.9515 
519708 0.109079 0.0367793 -44731.3 89.1168 
520674 0.07537 0.00714935 -44786.8 89.282 
521640 0.0459474 -0.0289557 -44834.8 89.4475 
522606 0.0582482 -0.0512452 -44714.9 89.6128 
523572 0.0735842 -0.0357511 -44839.5 89.7797 
524538 0.0494968 -0.0290721 -44901.6 89.947 
525504 0.0869888 0.0225926 -44615.7 90.1141 
526470 0.0548976 -0.0217589 -44528.4 90.2819 
527436 0.037297 -0.032222 -43188.5 90.4493 
528402 0.0432454 -0.0242451 -43307.5 90.6162 
529368 0.0684846 -0.0186217 -42863.7 90.7832 
530334 0.0438278 -0.015598 -43831 90.95 
531300 0.0204511 -0.00417177 -44924.1 91.1166 
532266 0.0684452 0.0527407 -45293.4 91.2816 
533232 0.0675795 -0.0436901 -44567.5 91.4466 
534198 0.0565327 0.0511381 -45155.4 91.6114 
535164 0.0141212 0.00840216 -44352.9 91.7772 
536130 0.0326647 0.0315414 -44404.1 91.9421 
537096 0.0585298 0.0454365 -44967.1 92.1073 
538062 0.0625485 -0.059229 -44809 92.2724 
539028 0.0954436 -0.0136047 -44179.8 92.4369 
539994 0.0589729 0.026966 -44613.1 92.6021 
540960 0.0838008 0.00626032 -44981.9 92.7671 
541926 0.0733068 -0.0272598 -44408.8 92.9325 
542892 0.0387207 -0.0280272 -44154.1 93.0979 
543858 0.0379869 0.0283373 -43953.6 93.2637 
544824 0.0475302 0.0267713 -44753.5 93.4313 
545790 0.091016 0.0718388 -44315.6 93.5988 
546756 0.0594375 0.050635 -42931.3 93.7654 
547722 0.0406888 -0.00521096 -43221.9 93.9326 
548688 0.0831507 0.06189 -44003.7 94.0991 
549654 0.0376336 0.0364566 -44403.4 94.2664 
550620 0.0631796 0.0616107 -44177.7 94.4333 
551586 0.0378004 0.0222133 -42890.2 94.5989 
552552 0.0750225 0.0652325 -42792.1 94.7652 
553518 0.0389013 0.00935992 -42897.2 94.9323 
554484 0.0597364 0.0571103 -43831.2 95.0993 
555450 0.0493962 0.0288638 -43612 95.2663 
556416 0.0377184 0.0280481 -44085.8 95.4334 
557382 0.017135 0.00852486 -43866.1 95.601 
558348 0.0115986 -0.0100928 -44417.7 95.7682 
559314 0.0651722 -0.0200953 -43731.5 95.9358 
560280 0.0475159 0.0196162 -43778.5 96.1035 
561246 0.0193409 0.00333726 -43735.7 96.2717 
562212 0.0412901 0.0302583 -44102.2 96.4393 
563178 0.0272253 0.0211668 -45257.7 96.6067 
564144 0.0113451 -0.00911861 -45464.4 96.7741 
565110 0.0609353 -0.052736 -45975.4 96.9405 
566076 0.0419561 -0.0156726 -45863.3 97.1055 
567042 0.0322763 -0.00124368 -45948.2 97.2713 
568008 0.0440663 0.015547 -45204.9 97.4367 
568974 0.0703107 0.0175104 -43361 97.6016 
569940 0.0389388 0.0104122 -42775.1 97.7662 
570906 0.0676981 0.0656102 -42330.4 97.9325 
571872 0.0497559 -0.00319863 -42287.2 98.0977 
572838 0.0379266 -0.0149171 -43947.4 98.2629 
573804 0.0615034 -0.00953505 -43710.2 98.4278 
574770 0.100568 -0.0240438 -43949.9 98.5928 
575736 0.0379045 -0.00335727 -43979.3 98.7572 
576702 0.0175154 0.0150644 -44909.2 98.9223 
577668 0.0349346 -0.00715953 -45464.6 99.0884 
578634 0.0806904 -0.0278125 -46160.9 99.2531 
579600 0.0317374 0.00520892 -46962.7 99.4187 
580566 0.0299231 0.0200624 -45563 99.5839 
581532 0.056915 0.0532786 -45731.9 99.7504 
582498 0.0219869 0.0158508 -45433 99.9166 
583464 0.0474916 0.0177106 -45733.7 100.083 
584430 0.0480353 -0.010349 -45472.6 100.248 
585396 0.0619348 -0.0532938 -44346.7 100.414 
586362 0.0478517 -0.00207759 -44917.7 100.581 
587328 0.0634174 -0.0619418 -44884.1 100.746 
588294 0.0498907 -0.024091 -44106.9 100.913 
589260 0.0422112 -0.0111073 -44216.7 101.079 
590226 0.0462636 -0.00572729 -45432.4 101.243 
591192 0.0880542 -0.0106665 -45257.4 101.408 
592158 0.0514252 0.0165985 -45042.4 101.572 
593124 0.0436014 -0.00403834 -44611.8 101.738 
594090 0.0413644 0.0275612 -45108.2 101.903 
595056 0.0583998 0.0327431 -44362.2 102.07 
596022 0.0837283 -0.0823814 -45047.1 102.236 
596988 0.0521298 0.0132039 -44481.6 102.401 
597954 0.0545383 0.0531162 -45695.8 102.566 
598920 0.0445367 -0.0223145 -46308.1 102.731 
599886 0.0447614 0.0250534 -45838.8 102.897 
600852 0.0721231 0.00767658 -46420.4 103.062 
601818 0.0739714 -0.00380846 -44984.1 103.227 
602784 0.0636148 -0.0297058 -44748.8 103.393 
603750 0.0700937 0.0340747 -45358.7 103.558 
604716 0.0477537 -0.0321586 -44443.8 103.723 
605682 0.0554606 -0.052888 -44743.8 103.89 
606648 0.0733881 -0.0653864 -45323.9 104.056 
607614 0.0384207 -0.0157343 -43886.8 104.221 
608580 0.0812119 -0.0446327 -44095.8 104.387 
609546 0.0553619 -0.0183807 -44589.7 104.552 
610512 0.0497794 0.0341468 -45137.1 104.718 
611478 0.0727332 0.0106515 -45162.8 104.884 
612444 0.0436047 0.021172 -45392.3 105.05 
613410 0.0390777 -0.00271713 -46473.5 105.215 
614376 0.0674715 0.0473977 -44677.7 105.38 
615342 0.0455781 0.0279497 -44452.4 105.546 
616308 0.0514957 0.0390409 -44515.4 105.712 
617274 0.0737152 0.044144 -45078 105.877 
618240 0.0350335 0.00640166 -45159.8 106.043 
619206 0.040059 -0.0174352 -45344.4 106.208 
620172 0.0637356 -0.0387449 -45514.4 106.373 
621138 0.0214726 0.0109533 -45230.9 106.539 
622104 0.047929 0.0119193 -44666.6 106.704 
623070 0.0478685 0.0118168 -44331.5 106.869 
624036 0.0537011 -0.0421547 -45062.7 107.034 
625002 0.0791904 0.0657815 -45031.6 107.199 
625968 0.0684874 0.0136509 -43429.7 107.363 
626934 0.0437848 9.66508e-05 -42960.8 107.53 
627900 0.0237394 -0.0046023 -44669.7 107.696 
628866 0.0245584 -0.0196807 -44740.4 107.863 
629832 0.0168844 -0.00317981 -44011.4 108.031 
630798 0.0560014 -0.0504449 -44067.3 108.196 
631764 0.031616 -0.0111196 -44083.5 108.364 
632730 0.103402 -0.0990033 -43770.2 108.531 
633696 0.0230912 -0.0209924 -42525.9 108.699 
634662 0.0417893 -0.0394664 -43750.1 108.866 
635628 0.0488342 0.0076361 -43572.6 109.034 
636594 0.04815 -0.0351308 -44170.1 109.201 
637560 0.0922925 -0.056606 -43337.1 109.368 
638526 0.0686046 -0.0252243 -45045.4 109.533 
639492 0.0977055 -0.0789569 -45581.4 109.701 
640458 0.0612602 -0.0527024 -45310.2 109.869 
641424 0.0428977 0.0361357 -44191.8 110.036 
642390 0.0580502 0.0343955 -43130.7 110.204 
643356 0.0450489 0.0152216 -43820.2 110.372 
644322 0.0247209 -0.00812814 -43962.8 110.541 
645288 0.029206 -0.00506953 -44556.7 110.71 
646254 0.0313691 0.0281158 -43654.5 110.875 
647220 0.0401391 0.00397028 -44152.5 111.04 
648186 0.0787822 0.0621921 -43684.4 111.206 
649152 0.0412494 0.00408381 -44838 111.372 
650118 0.0497134 0.0292319 -45139 111.537 
651084 0.0425877 -0.0269517 -44671.4 111.704 
652050 0.0744684 -0.0651625 -43554.3 111.871 
653016 0.0278227 -0.0138724 -44062.4 112.037 
653982 0.0414056 -0.0273091 -43671.5 112.202 
654948 0.0644105 0.00800661 -43738.1 112.367 
655914 0.0564268 0.0403229 -45026.2 112.532 
656880 0.0362912 0.0177137 -44037.6 112.698 
657846 0.0491864 0.00987643 -44860.6 112.863 
658812 0.0336533 0.00684208 -44269.2 113.027 
659778 0.0467413 0.02327 -43752.3 113.192 
660744 0.0250261 0.0144527 -44650.8 113.357 
661710 0.0494949 0.0280799 -44198.2 113.523 
662676 0.0106356 0.00360806 -43385.8 113.688 
663642 0.0401218 -0.0261226 -44127.5 113.853 
664608 0.0547478 -0.00335807 -43835.7 114.019 
665574 0.0123408 0.00592253 -45979.3 114.184 
666540 0.0564644 0.00727917 -44815 114.35 
667506 0.10129 -0.00690104 -46028.1 114.517 
668472 0.0678886 -0.00842803 -45990.7 114.684 
669438 0.0606404 0.026204 -45839.9 114.851 
670404 0.0331299 0.00607358 -45237.2 115.019 
671370 0.0226164 -0.0116706 -44885.4 115.185 
672336 0.0262583 0.0186708 -45037.1 115.352 
673302 0.06044 -0.00803827 -46116.7 115.519 
674268 0.0563149 0.0308788 -44279.9 115.687 
675234 0.0170453 0.0159396 -44884.2 115.854 
676200 0.057641 0.0420648 -43984.7 116.019 
677166 0.0674661 -0.0499436 -43929.4 116.183 
678132 0.0552179 -0.0292823 -45118.7 116.348 
679098 0.0682321 -0.0288539 -43495 116.513 
680064 0.0708872 -0.0563291 -44183.1 116.678 
681030 0.0638425 -0.0582693 -44845.4 116.843 
681996 0.101177 -0.0747129 -44336.7 117.008 
682962 0.0649183 -0.0308115 -44362.9 117.175 
683928 0.0636961 -0.0213757 -44116.3 117.339 
684894 0.11065 0.0666659 -44790.9 117.505 
685860 0.0417167 -0.0207564 -44588.9 117.67 
686826 0.048462 -0.0294483 -43824.5 117.835 
687792 0.0542621 0.00643223 -44630.8 118 
688758 0.0480328 -0.0130653 -44858.2 118.166 
689724 0.0628853 -0.0358637 -44037.6 118.331 
690690 0.0381602 -0.0281677 -44695.2 118.497 
691656 0.0811963 -0.0214052 -44730.4 118.662 
692622 0.0761961 0.0304345 -44374.3 118.826 
693588 0.0668515 -0.0457357 -45293.2 118.993 
694554 0.017306 -0.000693682 -45868 119.159 
695520 0.0640229 0.0156377 -45087.9 119.323 
696486 0.0254781 0.0197426 -46086.3 119.489 
697452 0.0384476 -0.0254586 -45864.7 119.655 
698418 0.0585793 0.00247828 -44980.5 119.82 
699384 0.0651698 -0.017293 -45530.6 119.985 
700350 0.0974523 -0.0574412 -44645.5 120.15 
701316 0.05344 0.0280978 -43038.6 120.315 
702282 0.0449462 0.0315933 -42793.4 120.481 
703248 0.0545672 -0.0308582 -45226.2 120.646 
704214 0.0228734 0.0173357 -45828.6 120.812 
705180 0.0265549 -0.00922976 -45422.9 120.977 
706146 0.0331063 -0.0220907 -44786.3 121.142 
707112 0.0248156 0.00172262 -44297 121.307 
708078 0.0810227 -0.00202387 -44117.6 121.473 
709044 0.0182354 -0.0026394 -43893.7 121.64 
710010 0.0691249 -0.0273513 -44371.3 121.807 
710976 0.0623318 -0.0218388 -43917.1 121.973 
711942 0.0440635 0.00238045 -44598.4 122.138 
712908 0.0661244 -0.0379399 -43953.9 122.303 
713874 0.0286984 0.0105854 -44427.6 122.468 
714840 0.0506551 0.0245522 -44354.6 122.634 
715806 0.0331709 -0.0286731 -44040 122.799 
716772 0.043745 0.0416099 -45306.6 122.964 
717738 0.0210065 0.0170666 -45346.8 123.129 
718704 0.0296262 -0.00899501 -45016.2 123.294 
719670 0.0579085 0.0270827 -45606.2 123.459 
720636 0.0423865 0.021695 -46030.3 123.626 
721602 0.057169 -0.0160928 -46296.6 123.793 
722568 0.0283525 0.00600073 -45712.7 123.96 
723534 0.0548261 -0.0325358 -46756.5 124.125 
724500 0.0968481 -0.0696258 -46897.5 124.291 
725466 0.051941 -0.0117987 -45489.1 124.455 
726432 0.0925192 -0.0367922 -45505.2 124.621 
727398 0.0509695 -0.0211713 -45202.9 124.786 
728364 0.0529793 -0.0358294 -44060.8 124.951 
729330 0.0690298 0.0103828 -44165.3 125.116 
730296 0.0533436 0.0280103 -43922 125.281 
731262 0.0464429 0.0239144 -44030.2 125.446 
732228 0.0789399 0.0598491 -44192 125.611 
733194 0.0260165 -0.0201764 -45505.1 125.776 
734160 0.0765599 -0.00535694 -45222.9 125.941 
735126 0.0694724 -0.00673446 -45553.8 126.108 
736092 0.0610412 0.0410923 -44649.3 126.275 
737058 0.0215723 0.0124113 -45180.6 126.441 
738024 0.0665667 -0.0192218 -46159.5 126.607 
738990 0.0905294 0.00179761 -45711.9 126.775 
739956 0.0596933 0.0274433 -44695.3 126.942 
740922 0.0132553 -0.0108806 -44922 127.108 
741888 0.0397162 -0.0189306 -44568.9 127.275 
742854 0.0670583 -0.0486447 -45349.5 127.443 
743820 0.0614836 0.0415066 -45498.6 127.611 
744786 0.0742169 0.00735789 -46290.4 127.778 
745752 0.0839313 -0.0115358 -45924.4 127.943 
746718 0.0447866 0.0426142 -46418.1 128.108 
747684 0.0489932 0.0113513 -45689.7 128.273 
748650 0.0311444 0.0274566 -44807.3 128.439 
749616 0.0216227 0.00482645 -45427.1 128.604 
750582 0.0401375 -0.039298 -44295.2 128.769 
751548 0.0709795 -0.0513369 -45154 128.935 
752514 0.058597 0.00176068 -44959.3 129.103 
753480 0.043272 -0.042533 -45378.8 129.27 
754446 0.0182233 -0.0117096 -45654.3 129.437 
755412 0.071674 -0.0644499 -45097.9 129.602 
756378 0.0316814 -0.0110362 -45724.6 129.767 
757344 0.0351605 -0.0249238 -45241.2 129.931 
758310 0.0784252 -0.022813 -46210.8 130.096 
759276 0.0638603 -0.043988 -45065.1 130.262 
760242 0.0903507 -0.070019 -44519.8 130.427 
761208 0.0746037 0.0367298 -45445.8 130.592 
762174 0.069433 -0.0406495 -45653.4 130.757 
763140 0.0469857 -0.0220449 -45785.5 130.922 
764106 0.0276096 0.0221525 -45883.6 131.087 
765072 0.0133301 -0.00840542 -46757.1 131.253 
766038 0.0597261 -0.0536285 -45309.6 131.418 
767004 0.0589013 -0.0565925 -45112.6 131.583 
767970 0.0415734 0.0209292 -45184.2 131.748 
768936 0.0774519 -0.0257707 -45237.5 131.913 
769902 0.0434318 -0.0098873 -44907.2 132.079 
770868 0.0455009 -0.0110652 -44855.8 132.248 
771834 0.0356689 -0.0123775 -44387.9 132.415 
772800 0.0330217 0.0257812 -44496.8 132.582 
773766 0.0237301 -0.0134017 -44602.2 132.747 
774732 0.047099 -0.0367717 -44214.3 132.912 
775698 0.0288602 -0.0229039 -44012.4 133.077 
776664 0.0774023 0.0328373 -44589.7 133.243 
777630 0.0569232 -0.0106709 -43512.6 133.41 
778596 0.0358613 -0.00603754 -44302.4 133.575 
779562 0.0265765 -0.0242481 -44190.6 133.741 
780528 0.0351537 0.0178568 -44583.7 133.908 
781494 0.060648 0.0090771 -43181.6 134.074 
782460 0.0376087 0.0204728 -43037.3 134.24 
783426 0.0286216 0.0284154 -42798.6 134.406 
784392 0.0434529 0.0212703 -43581.1 134.571 
785358 0.0315965 -0.0224161 -43995 134.735 
786324 0.10185 -0.0632357 -45503.8 134.9 
787290 0.0824483 -0.00895557 -45523.6 135.066 
788256 0.0657334 0.0272969 -45314 135.231 
789222 0.0939231 0.0456888 -44329.5 135.396 
790188 0.0496594 0.0349679 -44033.4 135.561 
791154 0.0647196 0.0639547 -43837.4 135.726 
792120 0.0341716 -0.0283931 -43213.8 135.891 
793086 0.0463931 0.0440941 -43578.9 136.056 
794052 0.0542267 0.0206112 -43386.2 136.221 
795018 0.0684777 -0.0408305 -43612.4 136.386 
795984 0.0205794 0.00264073 -45762.4 136.551 
796950 0.0199151 0.000614056 -45621.8 136.715 
797916 0.0401324 0.0155105 -45891.3 136.88 
798882 0.0534943 0.0488073 -45290.2 137.045 
799848 0.0227013 -0.0163299 -44595.6 137.21 
800814 0.073698 -0.0489776 -43963 137.374 
801780 0.00650713 -0.0061183 -43493.4 137.539 
802746 0.0456976 0.0387192 -43836.1 137.704 
803712 0.0218274 0.0122828 -44546.6 137.87 
804678 0.0444225 0.0141248 -43869.5 138.035 
805644 0.049787 -0.0376012 -45251.4 138.2 
806610 0.0785445 -0.0492067 -44623.4 138.365 
807576 0.0757448 -0.0495798 -45011.2 138.532 
808542 0.0494669 -0.0427055 -44848.2 138.699 
809508 0.0450931 -0.0280799 -46487.4 138.867 
810474 0.051686 -0.0425371 -46107.1 139.034 
811440 0.0943506 -0.0783334 -45891.3 139.2 
812406 0.0278489 -0.012884 -44193.6 139.366 
813372 0.0379316 0.0336526 -44229 139.531 
814338 0.0296949 -0.0187748 -43814.4 139.696 
815304 0.0678437 -0.0417133 -43602.9 139.861 
816270 0.054406 -0.0380107 -43045.4 140.026 
817236 0.0748665 -0.0186285 -42965 140.191 
818202 0.0458144 0.0121195 -42913 140.357 
819168 0.106167 -0.0164313 -43050.3 140.522 
820134 0.087537 -0.0168507 -44076.2 140.688 
821100 0.0768598 -0.0260031 -44916.4 140.853 
822066 0.089603 -0.0524669 -44479.4 141.017 
823032 0.0740981 -0.0614938 -44967.8 141.182 
823998 0.0773706 -0.0252724 -43991.6 141.348 
824964 0.0833337 0.00269896 -44232.9 141.513 
825930 0.075699 0.0235635 -44330.1 141.681 
826896 0.084453 -0.0430046 -44921 141.846 
827862 0.00883432 -0.00573677 -45397.7 142.011 
828828 0.0192054 -0.0191377 -45004.2 142.176 
829794 0.0413101 -0.0321498 -45218.2 142.341 
830760 0.0622111 0.0166599 -45101.9 142.506 
831726 0.0518099 0.0115769 -44446.5 142.671 
832692 0.0558682 -0.0487628 -43875.3 142.835 
833658 0.088138 -0.0870833 -44064.8 143.002 
834624 0.127071 -0.126148 -44693.2 143.169 
835590 0.0710582 -0.0436884 -43894.7 143.336 
836556 0.0361007 -0.0352941 -43466.5 143.503 
837522 0.02877 -0.0266529 -43945.5 143.67 
838488 0.0640647 -0.043008 -43947.3 143.838 
839454 0.0742931 -0.0700057 -44965.9 144.007 
840420 0.035846 0.0084119 -44812.2 144.176 
841386 0.0168467 0.00537799 -44779.4 144.344 
842352 0.0416343 0.0191327 -43774.8 144.511 
843318 0.0552099 0.0501557 -43796.8 144.677 
844284 0.041396 0.00709481 -43870.3 144.843 
845250 0.0572714 -0.0277723 -44085.3 145.01 
846216 0.0482122 -0.0383053 -43890.6 145.177 
847182 0.021332 -0.00984989 -44349.2 145.345 
848148 0.0394494 -0.0284893 -44435.1 145.513 
849114 0.0901555 -0.0861396 -44757 145.68 
850080 0.0371157 -0.0304657 -45115.9 145.848 
851046 0.0283473 -0.00082769 -43705.7 146.016 
852012 0.0292839 -0.00979332 -43723.6 146.183 
852978 0.0306084 -0.020987 -43009 146.35 
853944 0.0296132 0.0184514 -43398.1 146.517 
854910 0.0443839 0.0203502 -43678.5 146.685 
855876 0.0363226 -0.0289162 -44456.4 146.852 
856842 0.0136094 -0.00651225 -43835.1 147.019 
857808 0.0525243 -0.0038816 -44392.4 147.184 
858774 0.0426517 0.0310864 -44256.5 147.349 
859740 0.0537209 -0.00277066 -44478.6 147.514 
860706 0.0375662 -0.0231822 -44045.5 147.68 
861672 0.029764 -0.0166519 -45734.4 147.844 
862638 0.0393094 -0.0040812 -45483.7 148.01 
863604 0.0673547 -0.059368 -46430.5 148.175 
864570 0.0605482 -0.0472944 -45546.1 148.34 
865536 0.020775 0.00180892 -44817.9 148.505 
866502 0.04886 -0.0260567 -45842.2 148.67 
867468 0.0600544 -0.0169052 -45038.1 148.835 
868434 0.0234945 -0.0153175 -43715.3 149.001 
869400 0.0381698 -0.0150715 -44382.6 149.167 
870366 0.0522873 -0.0377945 -45830.5 149.332 
871332 0.0443156 0.00677121 -46757.5 149.497 
872298 0.0629973 0.0493272 -45325.6 149.663 
873264 0.0788939 -0.0511613 -45141.4 149.828 
874230 0.0717665 -0.060249 -45185.1 149.995 
875196 0.0491038 0.0431956 -45410.7 150.16 
876162 0.0636058 -0.0247218 -46582 150.325 
877128 0.0227897 0.0190928 -45526.7 150.49 
878094 0.0266737 0.000292271 -46042 150.655 
879060 0.0606012 -0.0501732 -45648.2 150.82 
880026 0.0753512 -0.0540815 -45286.3 150.985 
880992 0.11594 0.0455242 -44835.4 151.151 
881958 0.0622972 -0.00145164 -44087.8 151.316 
882924 0.0289674 -0.0116551 -43835.2 151.482 
883890 0.0528859 -0.0174955 -44040.6 151.648 
884856 0.072087 0.0557814 -44974.8 151.813 
885822 0.0254975 0.0247471 -44795.6 151.978 
886788 0.0715326 -0.00247376 -45970 152.143 
887754 0.0377349 -0.0269164 -45242 152.308 
888720 0.0321614 -0.00141323 -46521.4 152.473 
889686 0.0462972 -0.0403819 -46209.8 152.639 
890652 0.0595201 -0.041361 -46120 152.805 
891618 0.0705083 0.000196083 -45300.1 152.97 
892584 0.0733022 0.0261812 -45744.6 153.135 
893550 0.018041 0.0126229 -45475.4 153.302 
894516 0.0536507 -0.0229564 -44534.1 153.468 
895482 0.0687858 -0.01473 -45053.3 153.632 
896448 0.032816 -0.00967521 -45224.3 153.797 
897414 0.0429204 0.032167 -44749.4 153.961 
898380 0.0852769 -0.0688905 -45367.5 154.127 
899346 0.0237385 -0.00899012 -45495.5 154.291 
900312 0.0476755 -0.0366971 -44728.1 154.456 
901278 0.050576 -0.0141783 -44699.6 154.622 
902244 0.0643176 -0.0579277 -45420.9 154.788 
903210 0.0622496 -0.0608834 -46440.5 154.955 
904176 0.0679224 -0.0658915 -46340.4 155.121 
905142 0.0911884 -0.0699065 -46162.7 155.289 
906108 0.0669383 0.0201232 -45418.5 155.456 
907074 0.0379898 0.0107342 -44613.1 155.62 
908040 0.0336038 0.00970988 -45650.4 155.785 
909006 0.0585916 0.00554998 -45676.6 155.95 
909972 0.0189024 -0.000356241 -46124.1 156.117 
910938 0.0597356 -0.0377777 -45603.9 156.284 
911904 0.00751792 -0.00353571 -44403.3 156.451 
912870 0.0481528 0.0319658 -44168.3 156.617 
913836 0.0370166 0.0265096 -43254.9 156.783 
914802 0.054169 0.0185628 -43454.7 156.948 
915768 0.0923488 -0.0127815 -45115.9 157.113 
916734 0.0769612 0.0119757 -44247.7 157.278 
917700 0.0429188 0.00838417 -45562.3 157.444 
918666 0.0363659 0.0233261 -45192.3 157.61 
919632 0.0600624 -0.0156387 -45549.2 157.775 
920598 0.0726455 -0.0209131 -45853.4 157.941 
921564 0.0192432 0.00557437 -44700 158.106 
922530 0.02665 0.00415965 -44162.8 158.271 
923496 0.038069 0.000975146 -43209 158.436 
924462 0.0409831 -0.0356159 -44172.4 158.601 
925428 0.0225214 -0.0163194 -43519.1 158.766 
926394 0.0202341 0.00426211 -43606 158.932 
927360 0.033349 0.0154418 -43422.1 159.097 
928326 0.0289246 0.0285076 -44104.1 159.262 
929292 0.0455805 0.0251439 -43773.4 159.427 
930258 0.0440129 0.0144927 -43493.1 159.594 
931224 0.0491956 -0.0302949 -44486.3 159.761 
932190 0.0668455 0.0648259 -43521.4 159.928 
933156 0.0808769 0.0275239 -43649.6 160.096 
934122 0.0418309 -0.0132254 -43017.1 160.263 
935088 0.0665215 -0.0093933 -44564.6 160.431 
936054 0.0154012 -0.0126731 -44947 160.598 
937020 0.0624067 -0.0296686 -44792.1 160.766 
937986 0.0246993 -0.0128808 -43397.4 160.933 
938952 0.0751499 0.0483284 -45389.9 161.1 
939918 0.048273 -0.0354137 -45402.7 161.268 
940884 0.0399187 -0.0200979 -45683.5 161.436 
941850 0.0458779 0.0192399 -44542.8 161.604 
942816 0.062987 -0.0365694 -45586.1 161.771 
943782 0.0419809 -0.0295188 -45990.5 161.937 
944748 0.0279911 0.0173217 -44921.6 162.102 
945714 0.0260893 -0.0024313 -44763.8 162.268 
946680 0.0571369 0.025791 -44912.9 162.435 
947646 0.0474186 0.0374569 -44634.3 162.602 
948612 0.0611594 0.0292299 -43847.6 162.767 
949578 0.0508941 -0.0107419 -45268 162.932 
950544 0.0548107 0.0195136 -45004.7 163.097 
951510 0.0602953 0.00853047 -44298 163.262 
952476 0.0690772 -0.0256772 -43882.2 163.428 
953442 0.0561634 -0.0164389 -44572.7 163.596 
954408 0.053738 0.0441892 -44790.7 163.763 
955374 0.0604406 -0.0236009 -44123 163.93 
956340 0.077858 0.0127141 -44324.9 164.097 
957306 0.0536454 -0.0333849 -44786.7 164.262 
958272 0.0406138 0.0103127 -44237.2 164.427 
959238 0.0780467 -0.0755115 -44673.8 164.593 
960204 0.0423296 -0.0217538 -44175.5 164.757 
961170 0.0160032 -0.010442 -44218.3 164.923 
962136 0.0269413 0.00776549 -44071.1 165.088 
963102 0.036384 -0.0362747 -44693.7 165.253 
964068 0.0485445 -0.00728214 -44622.8 165.419 
965034 0.0229629 0.00749795 -45059 165.583 
966000 0.0493798 -0.0256895 -44402.9 165.748 
