0 0.0341143 0.013891 -32900.1 0 
966 0.0480835 -0.0274406 -40193.7 0.168449 
1932 0.0439943 -0.0318548 -42159.8 0.333429 
2898 0.0478696 -0.00637575 -43068.8 0.498023 
3864 0.0623715 0.0608404 -43436.4 0.662568 
4830 0.097124 0.0858382 -43771 0.826835 
5796 0.0372209 0.0108028 -44138 0.990933 
6762 0.0284271 0.0189799 -44807.9 1.15554 
7728 0.0200395 0.00860425 -43952.9 1.32025 
8694 0.0769625 -0.0531627 -43925.4 1.4844 
9660 0.0737238 -0.0331737 -44510.4 1.64862 
10626 0.0783514 0.0100032 -44854.5 1.8126 
11592 0.0563689 -0.0032221 -45108.8 1.97716 
12558 0.0575521 0.038403 -46019.9 2.14145 
13524 0.061003 -0.0128314 -45430.2 2.30621 
14490 0.0406644 -0.000179734 -44318.9 2.47037 
15456 0.0479718 0.0113977 -45342.8 2.63486 
16422 0.112506 0.0559147 -45236.8 2.79927 
17388 0.0821175 0.0337617 -45582.6 2.96336 
18354 0.0525267 0.0273716 -45472 3.12745 
19320 0.0460961 0.00532423 -45691.3 3.29171 
20286 0.0518473 0.0484326 -45790.4 3.45628 
21252 0.0358404 0.00773391 -44910 3.62114 
22218 0.0495445 0.0424137 -45284.8 3.78618 
23184 0.0375478 -0.0272241 -44180.7 3.95032 
24150 0.0236304 0.0226318 -45037.4 4.11491 
25116 0.0391602 -0.00754177 -45492.2 4.27909 
26082 0.0399259 0.0032563 -47132.5 4.44395 
27048 0.0566865 -0.00994612 -45803.9 4.60844 
28014 0.107548 6.02065e-05 -45594.9 4.77255 
28980 0.0953345 0.0160581 -45110.3 4.93654 
29946 0.0762545 0.0515379 -45616 5.10089 
30912 0.0808206 0.0504107 -44764.2 5.26526 
31878 0.101557 0.0229847 -45076.9 5.42955 
32844 0.0216887 0.00145811 -44707.4 5.59463 
33810 0.0505292 0.0431965 -44694.5 5.75868 
34776 0.111339 -0.0518251 -44761.4 5.92341 
35742 0.0380781 -0.0233532 -45587.9 6.08795 
36708 0.046855 0.00674254 -45150.8 6.25244 
37674 0.0221538 0.0193659 -45023.4 6.4168 
38640 0.0367915 0.0264778 -45469.6 6.58122 
39606 0.024978 0.0128302 -44424.6 6.74489 
40572 0.0356497 -0.0117805 -45456.9 6.90977 
41538 0.0419818 -0.0192465 -45459.4 7.07496 
42504 0.0143843 0.00598823 -44166.7 7.23974 
43470 0.018638 0.00194629 -43541.7 7.40487 
44436 0.0530987 -0.05201 -43475.6 7.56969 
45402 0.0776471 -0.0563812 -43567.5 7.73442 
46368 0.0694992 -0.0254529 -43423.7 7.8992 
47334 0.0301889 -0.00504677 -43319.5 8.06363 
48300 0.101026 -0.0745449 -43970.3 8.22846 
49266 0.0692399 -0.0164102 -43250.9 8.39303 
50232 0.0649584 0.0186872 -44433 8.55739 
51198 0.0361325 -0.0282781 -45111.2 8.72219 
52164 0.031419 -0.0216912 -45235.3 8.88688 
53130 0.0430322 -0.0192556 -44629.4 9.05158 
54096 0.064885 0.0224498 -45201.9 9.21617 
55062 0.0308867 -0.00841226 -44197.7 9.38041 
56028 0.0512818 -0.041741 -44558.2 9.54458 
56994 0.0704287 0.0149539 -44076 9.70899 
57960 0.0408102 0.0149225 -44780.5 9.87425 
58926 0.0960926 -0.0334468 -45194.6 10.039 
59892 0.0820648 -0.0255041 -45964.1 10.2036 
60858 0.0325239 -0.0211077 -45965.4 10.3683 
61824 0.0474718 -0.0333123 -45437.7 10.5329 
62790 0.0237409 0.0211136 -44645.7 10.6979 
63756 0.0516772 0.0409516 -45535.9 10.8619 
64722 0.0592679 0.0364352 -46400.3 11.0264 
65688 0.0761764 0.0715414 -46176.2 11.1907 
66654 0.0538488 0.0427664 -45322.6 11.3548 
67620 0.0547759 0.035483 -43789.8 11.5194 
68586 0.0207482 -0.0074123 -44585.4 11.6838 
69552 0.0808911 0.0311712 -44006.6 11.8481 
70518 0.0174496 0.00125139 -43073.4 12.0124 
71484 0.0513703 0.0503765 -43310.6 12.1772 
72450 0.0186845 0.0124488 -43998.2 12.341 
73416 0.011438 0.00790935 -43836.3 12.5056 
74382 0.0369215 0.0101001 -45407 12.6694 
75348 0.0391433 0.00572566 -45703.3 12.8329 
76314 0.0398283 -0.0095856 -44260.7 12.9972 
77280 0.0956267 0.0535932 -43727.6 13.1614 
78246 0.0249669 0.02494 -42187.6 13.3261 
79212 0.0963848 0.0510417 -42697.1 13.4904 
80178 0.0503221 0.0211966 -43023.8 13.6547 
81144 0.0675212 -0.0619876 -43941.6 13.8198 
82110 0.0373013 0.0140851 -43995.7 13.9849 
83076 0.0124099 0.00238498 -43407.1 14.1493 
84042 0.0672948 0.0485479 -43114 14.3139 
85008 0.0285539 -0.00164535 -43824.5 14.4779 
85974 0.0258285 -0.00269718 -43350.8 14.6424 
86940 0.0438453 -0.0207602 -44381.2 14.8071 
87906 0.0770495 0.0100923 -45190.5 14.9716 
88872 0.048136 -0.0141401 -44657.6 15.136 
89838 0.0402762 -0.0193097 -43168.4 15.3003 
90804 0.0768246 0.038249 -43832.4 15.4648 
91770 0.0905045 0.0632155 -43629.1 15.6296 
92736 0.032485 0.0233165 -44508 15.7942 
93702 0.0504756 0.0255156 -44634.7 15.9585 
94668 0.00796109 -0.00431338 -44735.3 16.1229 
95634 0.0404604 0.0386668 -44910.9 16.2875 
96600 0.0403634 0.0156175 -45939.6 16.4517 
97566 0.0337116 -0.0156163 -46458.5 16.6164 
98532 0.068721 -0.0253414 -46952.2 16.7806 
99498 0.0506645 0.000719459 -48204.6 16.945 
100464 0.0732661 0.0457686 -47982.5 17.1095 
101430 0.0598113 0.036927 -47726.5 17.274 
102396 0.0445683 0.0347999 -46796.1 17.4384 
103362 0.0453986 0.0143313 -46542.4 17.6033 
104328 0.0558731 -0.0538058 -45141.5 17.7676 
105294 0.041491 0.0407028 -45791.3 17.9326 
106260 0.0246752 0.00108725 -44470.1 18.098 
107226 0.0222555 -0.0177694 -43981.4 18.2621 
108192 0.0295554 -0.01698 -43293 18.427 
109158 0.0182002 0.00797594 -43660.8 18.5912 
110124 0.086995 -0.0795544 -44998 18.7555 
111090 0.047516 0.0145033 -45085 18.9201 
112056 0.0315709 -0.0301677 -43612 19.0848 
113022 0.0625634 0.0617008 -45285.7 19.2497 
113988 0.0246386 0.0161076 -46417.5 19.4137 
114954 0.0119047 -0.00516676 -46019.7 19.5783 
115920 0.0784688 0.0686884 -44413.1 19.7427 
116886 0.0401385 0.0362111 -45753.6 19.9068 
117852 0.0558681 8.36653e-05 -45816.5 20.0709 
118818 0.0709398 -0.0281946 -45294.9 20.2351 
119784 0.0518297 0.0254235 -46089.6 20.4003 
120750 0.0347718 0.0125304 -44712.4 20.5648 
121716 0.0258289 -0.0046719 -44505.4 20.7299 
122682 0.0345374 -0.0215179 -44590.8 20.8947 
123648 0.0542712 0.0437276 -44773.6 21.0599 
124614 0.0698176 -0.0450858 -45636.7 21.2247 
125580 0.060281 0.047648 -45685.1 21.3893 
126546 0.02765 0.0136526 -44316.6 21.554 
127512 0.0112286 -0.0110888 -44232.4 21.7186 
128478 0.0385571 -0.0268953 -44191.2 21.8836 
129444 0.0337177 -0.0118519 -43950.3 22.0482 
130410 0.0274552 -0.0248547 -44146.6 22.2129 
131376 0.0360871 0.0104687 -44247.6 22.3773 
132342 0.0398665 0.0156785 -44763.3 22.5421 
133308 0.0704523 0.00335868 -44521.9 22.7063 
134274 0.0701512 -0.0295511 -45029.9 22.8701 
135240 0.0530283 0.0359225 -45554.8 23.0344 
136206 0.0602876 -0.0577012 -43960.6 23.1988 
137172 0.0405806 0.0396528 -44791.2 23.3631 
138138 0.0851126 0.0493265 -45229 23.5274 
139104 0.11505 0.0101877 -45532.4 23.6923 
140070 0.0597312 0.0556349 -45112.5 23.8563 
141036 0.0670561 0.0627714 -44426.9 24.0213 
142002 0.0394404 -0.00415458 -43850.7 24.186 
142968 0.0464412 -0.0432489 -43718.8 24.3499 
143934 0.0205834 -0.00849165 -43727.7 24.5145 
144900 0.0328335 -0.0291359 -43830.1 24.6786 
145866 0.0396014 0.00327068 -44562.3 24.8427 
146832 0.0628246 0.00917634 -44992.2 25.0072 
147798 0.0583683 -0.047009 -45112 25.172 
148764 0.0530591 -0.014388 -45151.6 25.336 
149730 0.0481437 -0.0338424 -44858.1 25.5003 
150696 0.0663242 0.00730916 -45542.4 25.665 
151662 0.0587463 -0.0139823 -46287.6 25.8294 
152628 0.0406586 -0.0314162 -45811.8 25.9939 
153594 0.0442401 -0.00943791 -45298.3 26.158 
154560 0.0563169 -0.00445631 -45630.2 26.3221 
155526 0.0448241 0.0340493 -45117.6 26.4859 
156492 0.0367517 0.00461054 -45685.2 26.6498 
157458 0.0836239 -0.0817037 -46192.4 26.815 
158424 0.0474393 -0.0136828 -45708.7 26.9796 
159390 0.0463098 0.02686 -44793.3 27.1439 
160356 0.0304909 0.027837 -44403.4 27.3081 
161322 0.036305 0.0235579 -43763.3 27.4724 
162288 0.0482632 -0.0340948 -43274.5 27.6371 
163254 0.0411141 -0.0315026 -44401.9 27.8016 
164220 0.0303465 -0.0235187 -44285.5 27.9659 
165186 0.0389613 -0.0203719 -44783.5 28.1309 
166152 0.0590202 0.00440287 -44133.9 28.2953 
167118 0.0472231 -0.0209892 -44731.2 28.4605 
168084 0.0591787 0.00876319 -43902.5 28.625 
169050 0.0658659 0.0173435 -44102.4 28.7892 
170016 0.0561828 -0.00855501 -45748.6 28.9537 
170982 0.0289978 -0.0247772 -45408.2 29.1178 
171948 0.031785 -0.0302045 -44563 29.2823 
172914 0.0487471 -0.0467663 -44603.8 29.447 
173880 0.0441593 -0.0283011 -46007 29.6119 
174846 0.0416139 -0.0215012 -46554.6 29.7761 
175812 0.107115 -0.0924069 -45459.3 29.9411 
176778 0.0936561 -0.0636799 -46238.5 30.1053 
177744 0.0802924 -0.0789696 -44820.1 30.27 
178710 0.0627785 -0.0205177 -45652.4 30.4345 
179676 0.0541232 -0.0524541 -46226.3 30.5991 
180642 0.0173846 -0.0154508 -46138.7 30.765 
181608 0.0586207 -0.0444405 -46453.8 30.9295 
182574 0.0613129 -0.00940363 -45329.2 31.0941 
183540 0.0516657 0.0267132 -44926.3 31.2584 
184506 0.0549388 -0.00547911 -46253 31.4231 
185472 0.0472688 -0.0117825 -46879.1 31.5871 
186438 0.051131 0.0194711 -45280.1 31.7509 
187404 0.0265245 0.0243377 -44370.7 31.915 
188370 0.041746 0.0246949 -45142.7 32.0793 
189336 0.0465308 -0.0025979 -44377.5 32.244 
190302 0.0196528 0.0067181 -43946.1 32.4086 
191268 0.0232523 0.00462953 -43581.1 32.5724 
192234 0.059495 0.0530993 -43342.6 32.7365 
193200 0.111653 0.0656105 -44669.6 32.9016 
194166 0.0648532 -0.0218462 -44923.2 33.066 
195132 0.0472144 -0.0229208 -46207.8 33.2301 
196098 0.0154591 -0.0126618 -45612.9 33.3941 
197064 0.0211737 -0.00140719 -43947.5 33.5585 
198030 0.0678377 0.058629 -44108.9 33.7228 
198996 0.10547 0.0510993 -45776.3 33.8869 
199962 0.0556471 0.0200611 -45324.5 34.0509 
200928 0.0895722 -0.0304412 -45038.1 34.2153 
201894 0.073928 -0.0501578 -43566.4 34.3793 
202860 0.0744986 -0.0559236 -44280.4 34.5441 
203826 0.08791 -0.0521882 -43791.6 34.7082 
204792 0.0680658 -0.0129804 -44252.1 34.8727 
205758 0.100783 0.0176875 -44730.6 35.0369 
206724 0.0265419 0.00261599 -44241.6 35.2017 
207690 0.0553789 0.0261442 -44993.4 35.3666 
208656 0.0275325 0.0181998 -44899.7 35.5303 
209622 0.0420631 0.0344888 -44775.8 35.6941 
210588 0.0508489 0.0148208 -45932 35.8586 
211554 0.0403705 0.014611 -44881.8 36.0232 
212520 0.0605039 0.00189246 -45520.6 36.1873 
213486 0.0593113 -0.0232373 -44919.3 36.3517 
214452 0.0552361 -0.0434511 -45401.3 36.5158 
215418 0.0434691 0.00476661 -45708.7 36.68 
216384 0.0641057 -0.0256262 -47045.5 36.844 
217350 0.0216654 -0.009384 -46503.6 37.0089 
218316 0.0974985 0.0926892 -46404.5 37.1732 
219282 0.0422376 -0.0237639 -46111.6 37.3375 
220248 0.013786 -0.00186346 -45637.3 37.5022 
221214 0.039552 -0.00161104 -45974.3 37.6668 
222180 0.0273504 0.00600214 -45325.7 37.8315 
223146 0.0375126 -0.0230185 -45199.3 37.9959 
224112 0.0924785 0.0372417 -45468.5 38.1599 
225078 0.0289334 0.0136142 -45775.3 38.3241 
226044 0.0488301 -0.00256799 -44876.9 38.4885 
227010 0.0611337 0.0391738 -45522.9 38.6531 
227976 0.075549 -0.0234025 -44750.2 38.8169 
228942 0.0543495 -0.0452596 -44590.7 38.9812 
229908 0.0715013 -0.0329602 -44525.7 39.1462 
230874 0.0640326 -0.0284751 -44040.1 39.3104 
231840 0.021452 -0.0204582 -43972.5 39.4752 
232806 0.0618527 -0.0372599 -44668.1 39.6397 
233772 0.0400266 -0.0229655 -44765.8 39.804 
234738 0.0635359 -0.0121605 -44869.2 39.9686 
235704 0.0855831 0.0169485 -45535.7 40.1331 
236670 0.0820961 0.00829544 -45861.7 40.2968 
237636 0.0280937 -0.00571439 -46273.9 40.461 
238602 0.0338149 0.0263711 -45736 40.6251 
239568 0.0537372 0.0437665 -45187.6 40.7895 
240534 0.0458605 0.0295999 -45136.6 40.954 
241500 0.0197616 0.00946575 -46104.1 41.1186 
242466 0.0367761 -0.016672 -45657.9 41.2832 
243432 0.0618649 -0.017404 -46182.3 41.4475 
244398 0.0741889 -0.0546494 -46815.7 41.6116 
245364 0.0375186 0.0151667 -46331.6 41.7764 
246330 0.0148928 -0.0042617 -44649.2 41.9402 
247296 0.0218661 -0.00810848 -45456.5 42.1043 
248262 0.0460579 0.0218368 -45329.5 42.2686 
249228 0.0525472 0.00669338 -45306.6 42.4329 
250194 0.0862597 0.00152984 -46101.2 42.5978 
251160 0.0868281 -0.0118441 -45486.5 42.7626 
252126 0.0306562 0.0134745 -44971.5 42.927 
253092 0.0654703 0.0118786 -45023.7 43.0912 
254058 0.0172198 0.00100386 -45244.3 43.256 
255024 0.0366192 -0.0264671 -44256.2 43.4205 
255990 0.0217228 0.00404867 -44795.8 43.5856 
256956 0.0588835 0.0528851 -45089.8 43.7501 
257922 0.0669256 -0.0435125 -45532.3 43.9144 
258888 0.0411906 0.023127 -45844.9 44.0784 
259854 0.0651809 0.0525373 -44067.9 44.2434 
260820 0.028126 -0.0140805 -44564.8 44.4077 
261786 0.0389594 -0.00691313 -45157.1 44.5714 
262752 0.102347 0.0959174 -45007.6 44.7359 
263718 0.0116754 0.00295797 -45615.6 44.8999 
264684 0.0708204 0.0155577 -45841.8 45.0642 
265650 0.0451983 -0.0236547 -44963.8 45.2274 
266616 0.0265908 -0.00853272 -45461.8 45.3913 
267582 0.0455002 0.044183 -45754.7 45.5558 
268548 0.0170369 -0.0143248 -44737.3 45.7203 
269514 0.0274631 -0.00158489 -44345.9 45.885 
270480 0.0503524 -0.0307957 -44190.8 46.0494 
271446 0.0871536 -0.0782645 -44375 46.2136 
272412 0.0354743 0.0304277 -43424.1 46.3779 
273378 0.0512321 0.0337018 -44077.3 46.5418 
274344 0.0583066 -0.0345267 -44035.5 46.706 
275310 0.0355509 -0.00279832 -44886.6 46.8701 
276276 0.0204689 0.0123764 -43932.6 47.0345 
277242 0.030506 0.0272865 -44559.3 47.1989 
278208 0.028804 0.0142693 -44181 47.3632 
279174 0.0524301 0.034669 -45130.1 47.5278 
280140 0.031096 -0.0168005 -44321 47.6919 
281106 0.0613679 0.0354332 -44780.5 47.8566 
282072 0.0761329 0.00492065 -45367.1 48.0208 
283038 0.0392199 0.00818648 -45900.3 48.1848 
284004 0.101972 -0.000193346 -45195.4 48.3491 
284970 0.0667269 0.0435603 -46133.7 48.5138 
285936 0.0701064 -0.0700995 -43755.1 48.6784 
286902 0.0312846 -0.00492221 -43895.5 48.8427 
287868 0.0633545 -0.0579492 -44089.6 49.0068 
288834 0.0424064 0.00499627 -44776.6 49.1708 
289800 0.0490175 -0.0149408 -44422 49.3353 
290766 0.0783975 -0.0647378 -45360 49.4995 
291732 0.0688646 -0.0111213 -44598.8 49.6642 
292698 0.0551944 -0.0199254 -43422.3 49.8271 
293664 0.0466902 0.0146837 -43442.2 49.9914 
294630 0.0295993 -0.0083853 -43513.7 50.1556 
295596 0.0636456 0.0541306 -43775.5 50.3196 
296562 0.0289607 0.0226889 -43391.9 50.4847 
297528 0.0577768 0.0319503 -44536.2 50.6484 
298494 0.0377099 -0.00598988 -44732 50.8129 
299460 0.0466025 0.0354666 -45953.8 50.977 
300426 0.0627761 -0.0055597 -46044.5 51.141 
301392 0.0601215 -0.0460262 -45545.3 51.3052 
302358 0.0596819 -0.0286403 -44806.9 51.47 
303324 0.0573487 -0.0548898 -45805.5 51.6342 
304290 0.0470744 -0.0322441 -44601.1 51.7975 
305256 0.0697137 -0.0256964 -44025.5 51.9616 
306222 0.0325121 -0.00384684 -44745.3 52.1263 
307188 0.02218 -0.0161117 -44738 52.2905 
308154 0.0311462 -0.0212495 -44321.2 52.4551 
309120 0.0531057 -0.0168984 -45031 52.6203 
310086 0.0156091 -0.00129304 -45610.9 52.785 
311052 0.0227702 0.0142846 -44844.7 52.9492 
312018 0.0849956 -0.0108555 -45105.8 53.1131 
312984 0.113898 -0.0172141 -44167.8 53.2771 
313950 0.0412187 -0.00693407 -44177.7 53.4413 
314916 0.0613116 -0.055386 -44744.4 53.6057 
315882 0.0412592 -0.0340106 -45076.9 53.7699 
316848 0.0811508 -0.0626391 -46318.6 53.9344 
317814 0.0618286 0.0134882 -45888 54.0991 
318780 0.031942 -0.0171023 -46411.3 54.2636 
319746 0.0549411 0.0462843 -44783.4 54.4278 
320712 0.0196889 0.00623948 -44392.7 54.5922 
321678 0.0701365 -0.0285074 -44245 54.7561 
322644 0.0393176 -0.0103216 -44094.5 54.9206 
323610 0.0244965 -0.0093751 -43549.1 55.0852 
324576 0.0393168 0.0132877 -43213.8 55.2493 
325542 0.0268013 -0.00202444 -43585.7 55.4138 
326508 0.0410765 0.00148144 -44394.7 55.5778 
327474 0.0610694 -0.0340244 -45391.4 55.7428 
328440 0.0511671 0.0263385 -44604.3 55.9071 
329406 0.0574865 -0.00993668 -44221.6 56.0723 
330372 0.0593237 0.0492154 -43627.3 56.2376 
331338 0.0668498 0.0327947 -43844.5 56.4023 
332304 0.0723062 0.0200199 -43836 56.5666 
333270 0.0299219 0.0171773 -43779 56.7317 
334236 0.0452789 -0.0326807 -44458.5 56.8964 
335202 0.0369765 -0.0307947 -45160.5 57.0613 
336168 0.0445651 -0.000615631 -44744.1 57.2259 
337134 0.0618865 0.0281542 -44682.5 57.3909 
338100 0.0519219 -0.0445875 -43825.1 57.5558 
339066 0.0608396 -0.00859199 -43997.2 57.7207 
340032 0.0659424 -0.0539198 -44527.2 57.8849 
340998 0.0812715 0.0400893 -44874.6 58.0497 
341964 0.114259 -0.0319037 -44240.5 58.2139 
342930 0.0674508 -0.0237566 -45340.5 58.3783 
343896 0.052865 0.0291129 -45943.5 58.5429 
344862 0.0316416 0.00436961 -45408.1 58.7077 
345828 0.0297186 0.0228976 -45266.3 58.8719 
346794 0.104918 0.0578127 -45338.4 59.0357 
347760 0.0602491 0.0430535 -44954.2 59.2008 
348726 0.0325963 0.0220567 -46471.7 59.3651 
349692 0.0770645 0.0369348 -46235.1 59.5293 
350658 0.0182863 -0.0152932 -45560.2 59.694 
351624 0.0444432 -0.0304045 -45054.2 59.8586 
352590 0.0658818 -0.0402724 -45257.8 60.0228 
353556 0.0452173 0.0239692 -45464.4 60.1872 
354522 0.0721937 0.033601 -45616.1 60.3518 
355488 0.0304719 -0.0141876 -46505.8 60.5162 
356454 0.0884128 0.0601342 -46074.1 60.6803 
357420 0.0671691 -0.00554793 -45523.6 60.8445 
358386 0.0504652 0.0423984 -45868.4 61.009 
359352 0.0602036 0.0194398 -45168.6 61.1735 
360318 0.0446226 -0.0309393 -44464.1 61.3382 
361284 0.0353298 0.00300402 -45377.2 61.5031 
362250 0.0215366 -0.0123181 -45399 61.6673 
363216 0.0357404 -0.0129892 -45450.5 61.8321 
364182 0.0647955 -0.00890126 -45337.1 61.9974 
365148 0.057493 0.00508473 -44976.4 62.162 
366114 0.0692676 0.025003 -44928.9 62.3264 
367080 0.0593114 -0.0369709 -45348.3 62.4916 
368046 0.0403225 -0.026332 -44978.8 62.6563 
369012 0.0396025 -0.0319401 -44082.9 62.8207 
369978 0.0762935 0.0292805 -43815.9 62.9851 
370944 0.0350649 -0.0150491 -43414.5 63.1498 
371910 0.0615655 -0.0440758 -44691.1 63.3145 
372876 0.0539407 -0.0154088 -45242.8 63.4789 
373842 0.0529371 -0.0340168 -45922.5 63.6431 
374808 0.0557346 -0.0465259 -45110.2 63.808 
375774 0.0678029 -0.040055 -46092.6 63.9725 
376740 0.0136767 -0.0048595 -44819.1 64.137 
377706 0.0291968 0.0274118 -45564.1 64.3014 
378672 0.0721002 -0.0390932 -45687 64.4653 
379638 0.0234387 0.0104456 -44682.8 64.6297 
380604 0.0546763 0.0541274 -44491.6 64.7939 
381570 0.0389152 -0.0174846 -44699.9 64.9584 
382536 0.0367755 0.0247298 -44052.7 65.1228 
383502 0.0237399 0.0229392 -44907.5 65.2869 
384468 0.0401515 0.00411108 -45499.3 65.4512 
385434 0.0558733 0.0497027 -46305.9 65.6163 
386400 0.0574909 0.0281273 -46442.6 65.7808 
387366 0.0572718 0.043114 -45544.7 65.9454 
388332 0.0146984 -0.0031602 -45011.3 66.1096 
389298 0.039925 -0.036346 -45340.7 66.2741 
390264 0.0250621 -0.0116484 -46128.3 66.4388 
391230 0.0848823 0.0541531 -46522.3 66.6035 
392196 0.0591097 -0.00783859 -46308 66.7689 
393162 0.060761 0.00122072 -45001.6 66.9332 
394128 0.0270754 0.0155531 -44875.6 67.0975 
395094 0.0427722 0.0202192 -45659.6 67.2622 
396060 0.0441361 0.0223632 -44227.1 67.4266 
397026 0.043078 -0.00363223 -42788 67.5917 
397992 0.0437073 -0.0278214 -45415.3 67.7562 
398958 0.0634215 -0.0502933 -45630.1 67.9213 
399924 0.0992542 0.0270787 -44772.9 68.0856 
400890 0.0656742 -0.049055 -44226.8 68.2503 
401856 0.0639443 -0.0635598 -44580.9 68.4147 
402822 0.0470177 -0.0301161 -45147.3 68.5792 
403788 0.0338608 -0.00116282 -45927.9 68.7441 
404754 0.0657541 -0.0230316 -44824 68.9086 
405720 0.0684915 -0.0572143 -45145.6 69.0728 
406686 0.12025 0.118269 -44473.1 69.2378 
407652 0.0628839 0.0563247 -44346.5 69.4024 
408618 0.0234336 0.0199086 -43859.3 69.5674 
409584 0.0367225 0.0183287 -43960.8 69.7311 
410550 0.0437796 0.0114532 -44564.8 69.8954 
411516 0.0780126 -0.0355351 -44651.5 70.0598 
412482 0.0369357 -0.025461 -44779.5 70.2242 
413448 0.0698944 -0.0514184 -45135.1 70.3884 
414414 0.108738 -0.101238 -44937.7 70.5527 
415380 0.0321576 -0.00634346 -45135.2 70.7174 
416346 0.0506117 0.0100463 -44868.6 70.8827 
417312 0.027169 0.00623717 -43314.6 71.0473 
418278 0.0378695 0.0324934 -43607.5 71.2115 
419244 0.0373482 0.0151428 -43481.2 71.3763 
420210 0.0713648 -0.0108732 -44003.1 71.5405 
421176 0.0282402 0.0141883 -44412.5 71.7055 
422142 0.0418921 -0.00730461 -43643.1 71.8703 
423108 0.0551382 -0.0249064 -45049.7 72.0348 
424074 0.0449512 -0.0387784 -45985.8 72.1995 
425040 0.038364 0.00759837 -45622.5 72.3646 
426006 0.055785 0.0246069 -46188.2 72.5284 
426972 0.0285541 -0.00776719 -45394.5 72.6934 
427938 0.0248737 0.0194352 -45181.3 72.8575 
428904 0.056548 0.0371218 -45362.2 73.0218 
429870 0.0493995 0.031602 -44742.4 73.1858 
430836 0.0300942 -0.00209218 -43933.6 73.3503 
431802 0.0931822 -0.0624744 -43209.2 73.5145 
432768 0.0687147 -0.0417594 -43401.2 73.6787 
433734 0.042171 -0.0235975 -43412.3 73.8429 
434700 0.0658798 -0.048458 -43050.3 74.0074 
435666 0.0639806 -0.0222621 -43625.1 74.1715 
436632 0.0127585 0.00659264 -45065.7 74.3365 
437598 0.0284416 -0.0230234 -44299.8 74.5007 
438564 0.0493604 0.0200989 -44320.3 74.6646 
439530 0.0509813 0.048508 -43512.8 74.8286 
440496 0.0261475 0.0188727 -43195.5 74.9929 
441462 0.0369215 0.0290684 -43611.5 75.1574 
442428 0.0538938 0.0268376 -44344.9 75.3222 
443394 0.0534656 0.0374218 -43921.1 75.4865 
444360 0.0514952 0.00611739 -43075.5 75.6509 
445326 0.0476874 -0.0143841 -43212.5 75.8151 
446292 0.0755384 -0.0515164 -43852.3 75.9794 
447258 0.0526821 0.0444064 -43431.1 76.1439 
448224 0.0418364 -0.0217477 -43460.7 76.3081 
449190 0.0494627 -0.00981662 -43540.6 76.4725 
450156 0.0510056 0.0238917 -43942.8 76.6367 
451122 0.0413718 0.0163035 -43247.8 76.8015 
452088 0.0561926 0.0110353 -43725.1 76.9663 
453054 0.0367263 -0.0190242 -44629.1 77.1311 
454020 0.0329458 -0.0318406 -44674.3 77.2958 
454986 0.0105254 0.00229309 -44446.9 77.4599 
455952 0.0604614 -0.041156 -45996.3 77.6241 
456918 0.0418752 -0.0406171 -45913.4 77.7884 
457884 0.0797654 -0.0456276 -45676.4 77.9527 
458850 0.051378 0.0294462 -45371.4 78.1177 
459816 0.0368588 0.00163017 -46169.1 78.2823 
460782 0.0490297 0.0475705 -45535.6 78.4463 
461748 0.0206552 0.0128015 -46304.9 78.6105 
462714 0.0568658 0.0341436 -46949.5 78.7755 
463680 0.0342176 -0.0223673 -46967.5 78.9399 
464646 0.0589906 -0.00189191 -45897.5 79.1043 
465612 0.046909 0.0205724 -45041.9 79.2687 
466578 0.0593826 -0.00332507 -45348.7 79.4331 
467544 0.0684309 -0.0582643 -45330.7 79.5975 
468510 0.0290187 -0.00856826 -44974.4 79.7625 
469476 0.0784748 0.0188881 -45428.8 79.9271 
470442 0.057105 -0.0246302 -45013.1 80.0918 
471408 0.0434598 -0.00867761 -44418.2 80.2566 
472374 0.0639099 -0.0411436 -44613.8 80.4209 
473340 0.0540728 -0.0396719 -44637.6 80.5853 
474306 0.0562348 -0.0201963 -43514 80.7504 
475272 0.077351 0.0122749 -44770.7 80.9151 
476238 0.0492816 0.0133354 -44523.9 81.0794 
477204 0.0446277 0.0183352 -45421.4 81.2442 
478170 0.0723181 -0.0436784 -45537.8 81.4085 
479136 0.0542876 0.00811292 -44907.6 81.5732 
480102 0.0663587 0.0338523 -44810.7 81.7379 
481068 0.0451696 0.0358996 -44587.7 81.9023 
482034 0.046267 0.0420606 -44818.7 82.0678 
483000 0.0189539 0.00736314 -44016.8 82.2324 
483966 0.037825 0.0273406 -45445.3 82.3968 
484932 0.0226433 0.0180108 -44539.1 82.5612 
485898 0.06509 0.0443655 -44402.2 82.726 
486864 0.029156 -0.00680197 -44953.1 82.8905 
487830 0.0327885 0.0293084 -44637.1 83.0545 
488796 0.0516777 0.0282087 -44536 83.2205 
489762 0.0220989 -0.00599992 -44233.2 83.3849 
490728 0.0304215 0.0290867 -45363.7 83.5494 
491694 0.0205641 0.00448305 -45410.6 83.7143 
492660 0.041855 0.0180458 -44891.5 83.8786 
493626 0.0692444 0.0543842 -45455.4 84.0425 
494592 0.059698 -0.0235126 -45869.6 84.2069 
495558 0.0488904 -0.00853885 -45619.7 84.3716 
496524 0.0461705 0.00711448 -46161.5 84.5362 
497490 0.0319788 0.018762 -45711.1 84.7011 
498456 0.0432354 -0.033891 -46249.3 84.866 
499422 0.0428469 -0.0404659 -45642 85.0305 
500388 0.0849412 -0.0266129 -45379.4 85.195 
501354 0.0711343 -0.021137 -44798.6 85.3599 
502320 0.0549673 -0.0391746 -44100.5 85.5246 
503286 0.0488621 -0.0304786 -44765.7 85.6902 
504252 0.0292972 -0.0278399 -45816.9 85.8542 
505218 0.0549579 -0.0103282 -43984.7 86.0198 
506184 0.0495065 -0.0261403 -42893.6 86.1847 
507150 0.0161418 0.0046098 -44497.8 86.3501 
508116 0.0470791 -0.00446992 -45013 86.5155 
509082 0.046536 0.0161686 -44600.9 86.6813 
510048 0.0513333 0.032511 -44007.7 86.8464 
511014 0.0872936 0.00471222 -43509.1 87.0114 
511980 0.0678445 -0.0206418 -43179.2 87.1764 
512946 0.0579155 -0.00491386 -43511.2 87.341 
513912 0.0381569 0.035193 -43519.5 87.5058 
514878 0.0329337 -0.0265204 -42583.2 87.6706 
515844 0.0368649 0.00870046 -42322 87.8352 
516810 0.0322649 -0.0237416 -44397.8 88.0001 
517776 0.0397227 0.0104588 -44982.7 88.1649 
518742 0.0605925 0.0343745 -44639.7 88.3292 
519708 0.00826414 0.000801222 -45083.5 88.4935 
520674 0.0853533 -0.00120229 -45665.5 88.658 
521640 0.0473962 0.0302712 -44739.2 88.8232 
522606 0.00858285 0.00646853 -44131 88.9884 
523572 0.0297017 0.00901998 -45691.6 89.1536 
524538 0.038709 0.0379502 -46758.7 89.3183 
525504 0.0643903 0.0605477 -46016.2 89.4826 
526470 0.0534181 -0.0502412 -44985.7 89.6473 
527436 0.0403212 -0.0285697 -44905.1 89.8121 
528402 0.0271734 -0.0150031 -45147.4 89.9762 
529368 0.0353114 -0.0293236 -45240.7 90.1411 
530334 0.0638483 -0.0296931 -44840.8 90.3057 
531300 0.0515752 -0.0448856 -44416 90.4705 
532266 0.0491794 -0.0471899 -43694.2 90.6355 
533232 0.0510661 -0.0431583 -43779.2 90.8001 
534198 0.0466658 0.0160273 -44292.1 90.9643 
535164 0.0369551 -0.000399861 -45052.5 91.129 
536130 0.0370629 -0.0255006 -44608.8 91.2943 
537096 0.033279 0.0143857 -45658 91.4586 
538062 0.0646606 -0.00825964 -45640.4 91.6234 
539028 0.0610674 0.0046242 -44324.9 91.7885 
539994 0.0503299 0.0188305 -44986.7 91.9527 
540960 0.0887866 0.043402 -44345.8 92.1172 
541926 0.0946173 0.0371026 -43338.5 92.2823 
542892 0.0838345 0.0471658 -43979.1 92.4467 
543858 0.0832711 -0.0353272 -44487.7 92.6119 
544824 0.0383627 -0.0211258 -44364.6 92.7772 
545790 0.0652338 0.0451974 -43908.6 92.9422 
546756 0.0445464 -0.0389346 -45600 93.1068 
547722 0.0757485 -0.0516657 -44374.9 93.2713 
548688 0.0391226 -0.00156698 -43153.5 93.4357 
549654 0.0112252 -0.0013183 -43099.5 93.6 
550620 0.0804308 -0.0587253 -43876.2 93.7647 
551586 0.040841 -0.0250428 -44381.6 93.9296 
552552 0.0463083 -0.0411453 -44271.7 94.0941 
553518 0.0785221 -0.0537474 -44506.8 94.2588 
554484 0.0463344 -0.0415344 -45466.6 94.4233 
555450 0.0856211 -0.0743514 -44995.5 94.5885 
556416 0.0545487 -0.0451087 -45006.2 94.7527 
557382 0.0809353 -0.0808335 -46243.4 94.9176 
558348 0.104998 -0.101324 -46317.5 95.0827 
559314 0.0510106 -0.047603 -45478.2 95.2473 
560280 0.0578868 -0.0168108 -45590.4 95.4121 
561246 0.0279854 -0.0253462 -44698.1 95.5772 
562212 0.0588722 -0.057721 -45522.9 95.7422 
563178 0.0399653 -0.0338217 -45728.3 95.9073 
564144 0.0279091 -0.0174311 -45120.5 96.0716 
565110 0.0844532 -0.0450906 -44921.1 96.2361 
566076 0.0382322 0.0242039 -45744 96.401 
567042 0.031003 -0.00722568 -45184.3 96.5654 
568008 0.0305917 -0.0130069 -45526.1 96.7299 
568974 0.0441464 0.0097732 -44865.2 96.8949 
569940 0.044836 0.00909421 -43674.1 97.0597 
570906 0.0327906 0.0257485 -43727 97.2241 
571872 0.0437195 0.0405998 -43389 97.3886 
572838 0.0522632 0.0452559 -43083.4 97.5532 
573804 0.0796997 0.0795163 -43618.9 97.7184 
574770 0.0334235 0.0225106 -45210.4 97.883 
575736 0.0852014 0.0689395 -44804.5 98.0479 
576702 0.0736695 0.0201305 -45169 98.2129 
577668 0.0434418 0.0236794 -44401.4 98.3774 
578634 0.061815 0.00351111 -44086.7 98.5419 
579600 0.101442 0.078733 -44406.9 98.7077 
580566 0.0504669 0.0256319 -43353.8 98.8731 
581532 0.0774023 0.012977 -44759.9 99.0383 
582498 0.0795216 -0.00932469 -44663.8 99.2037 
583464 0.0661029 -0.000352379 -44315.3 99.3684 
584430 0.0224588 0.00246302 -43668.3 99.5332 
585396 0.047211 -0.0214773 -44697.6 99.6977 
586362 0.035723 -0.0122349 -44978.5 99.8628 
587328 0.040286 -0.020332 -45223.4 100.028 
588294 0.0598527 -0.0102325 -44312.1 100.193 
589260 0.0264241 -0.0174185 -44778.9 100.358 
590226 0.0636351 -0.0563268 -45174 100.523 
591192 0.0488673 -0.0125792 -44810.1 100.688 
592158 0.0456624 0.0192608 -44233.6 100.852 
593124 0.0899718 0.0327188 -45418.8 101.016 
594090 0.0755242 -0.0635334 -45368.2 101.181 
595056 0.073287 -0.030825 -45492.1 101.347 
596022 0.0530665 0.0325747 -44912.6 101.512 
596988 0.0507586 -0.00661951 -45833.5 101.677 
597954 0.123336 -0.0741753 -44386.2 101.842 
598920 0.058691 -0.00109559 -44082.7 102.007 
599886 0.0597652 0.0380642 -45107 102.172 
600852 0.0321595 0.0222992 -45267.5 102.336 
601818 0.089281 0.026567 -45633 102.501 
602784 0.0504734 -0.0143869 -44760.3 102.666 
603750 0.057687 0.0277011 -45811.2 102.831 
604716 0.0349712 0.0324494 -44675.9 102.995 
605682 0.0605972 0.0360297 -44592.2 103.16 
606648 0.0703458 0.05623 -44791 103.325 
607614 0.0697463 0.0602447 -45055.8 103.49 
608580 0.045594 0.0436127 -43498.4 103.655 
609546 0.0184537 0.016318 -43452.1 103.82 
610512 0.0336177 0.0206362 -43562.1 103.984 
611478 0.0571407 0.0484995 -44873.2 104.149 
612444 0.0476715 -0.00490903 -44379.6 104.313 
613410 0.0619453 -0.0131109 -44099.3 104.478 
614376 0.0367039 -0.0195289 -44300.1 104.643 
615342 0.0612229 0.0175175 -46155.8 104.808 
616308 0.0535128 -0.0234087 -45124.6 104.973 
617274 0.0671684 -0.0446281 -44388 105.138 
618240 0.065224 -0.00425431 -43966.3 105.302 
619206 0.0956082 0.0265497 -43503.3 105.467 
620172 0.0432895 0.00312146 -43903.7 105.632 
621138 0.0459666 0.0456266 -44163.8 105.797 
622104 0.0228073 0.0103442 -43450.5 105.962 
623070 0.0416243 0.0194074 -43626.6 106.126 
624036 0.0464758 0.0393585 -43596.3 106.291 
625002 0.039324 0.0224407 -43720.8 106.455 
625968 0.0397608 -0.0320226 -44023.5 106.62 
626934 0.0466967 -0.00327798 -44274 106.785 
627900 0.0532754 0.0172231 -44555.5 106.949 
628866 0.0186813 0.00453593 -45636.4 107.114 
629832 0.0367604 0.0220132 -44041.4 107.278 
630798 0.0254003 -0.000117296 -43777.4 107.443 
631764 0.0397947 -0.0341524 -44184.3 107.607 
632730 0.0264131 0.011478 -44019.9 107.772 
633696 0.0462837 -0.0295441 -44135.6 107.936 
634662 0.0522664 0.0294197 -45108.6 108.101 
635628 0.0381656 -0.0351169 -45198.2 108.266 
636594 0.0575778 -0.0467305 -45372.1 108.431 
637560 0.0279953 0.0228341 -44583.6 108.596 
638526 0.0475416 -0.0158149 -44782.2 108.762 
639492 0.0780174 -0.0705018 -44314.2 108.927 
640458 0.0588484 -0.0351743 -44503 109.093 
641424 0.072128 -0.026921 -45168 109.257 
642390 0.0804273 0.00646896 -44398.1 109.422 
643356 0.0207615 -0.0103261 -45534.8 109.587 
644322 0.0661844 -0.0521572 -45225 109.752 
645288 0.0285384 -0.0117993 -44151.4 109.917 
646254 0.0539686 -0.00517498 -44033 110.082 
647220 0.0217956 -0.0191063 -45491.4 110.247 
648186 0.0677736 0.000640744 -45334.6 110.411 
649152 0.0527912 0.0112495 -44899.5 110.575 
650118 0.0893875 0.0748908 -43658.2 110.74 
651084 0.041644 0.037534 -43614.1 110.905 
652050 0.0645145 0.0118638 -44806.4 111.069 
653016 0.0758478 0.0351448 -43423.9 111.234 
653982 0.0532625 0.0520402 -45399.3 111.399 
654948 0.0320803 0.00819843 -44488.7 111.565 
655914 0.03686 -0.0345689 -44982.4 111.729 
656880 0.0595694 0.0203229 -44781.3 111.894 
657846 0.0566356 -0.0131757 -44736.1 112.06 
658812 0.0526655 0.0390237 -45692.5 112.224 
659778 0.0658274 0.0214404 -45414.8 112.389 
660744 0.0392583 -0.00307893 -44845.3 112.553 
661710 0.0482799 0.0288744 -44308.2 112.718 
662676 0.0556552 0.0123704 -44921 112.883 
663642 0.0394877 -0.0278105 -45694.1 113.048 
664608 0.0409897 0.0176257 -45068.5 113.212 
665574 0.0442049 -0.0167781 -44123.7 113.378 
666540 0.0646626 -0.00367503 -43855 113.542 
667506 0.0397992 0.0293626 -43757.4 113.707 
668472 0.00678617 -0.000831127 -44138.3 113.872 
669438 0.0182338 0.0027258 -45933.8 114.036 
670404 0.0528164 -0.0297494 -45319.4 114.201 
671370 0.0442565 -0.0385391 -46402.7 114.366 
672336 0.0595696 -0.0232888 -45439.9 114.531 
673302 0.0457564 -0.0241184 -46120.8 114.696 
674268 0.062971 -0.00147369 -45876.8 114.861 
675234 0.0912972 -0.0799464 -46312.1 115.026 
676200 0.0337812 -0.00829522 -45452.3 115.191 
677166 0.0975366 -0.0458307 -46016.8 115.355 
678132 0.0559331 -0.00111598 -46104.5 115.52 
679098 0.0547535 -0.00901803 -45464.9 115.685 
680064 0.0647081 -0.0351564 -45589.2 115.849 
681030 0.0482115 0.0146002 -46215.7 116.014 
681996 0.0463618 0.0423038 -45879.2 116.179 
682962 0.0451175 0.038999 -45539 116.344 
683928 0.0226752 0.00849796 -46411.9 116.509 
684894 0.0257065 -0.00135243 -45214.2 116.674 
685860 0.054527 -0.0180247 -44128.2 116.839 
686826 0.0351145 0.026197 -45040.8 117.003 
687792 0.0389162 0.0283171 -43643.3 117.168 
688758 0.0324642 -0.00168285 -44822 117.333 
689724 0.0445215 0.026056 -44528.5 117.497 
690690 0.0721504 0.0197562 -43821 117.662 
691656 0.0398089 -0.00579069 -43598.5 117.826 
692622 0.011613 -0.0113649 -43163.2 117.99 
693588 0.0408291 -0.0264774 -42775 118.154 
694554 0.0468397 2.57847e-05 -43330.5 118.319 
695520 0.0534436 -0.00534629 -42455.4 118.484 
696486 0.0283714 0.0122145 -43822.5 118.648 
697452 0.0181433 0.00644626 -43345.8 118.813 
698418 0.0489976 0.0117706 -43728.6 118.978 
699384 0.062053 0.00861013 -44031.3 119.143 
700350 0.0571041 -0.0413296 -43374.3 119.308 
701316 0.0608661 0.031566 -43740 119.472 
702282 0.055412 0.0532953 -43329.4 119.637 
703248 0.0402235 0.0333818 -43710.5 119.802 
704214 0.0927237 -0.00224041 -44123.5 119.967 
705180 0.0830779 0.0740483 -44255 120.132 
706146 0.06193 0.0534882 -44260.6 120.297 
707112 0.0663723 0.0163162 -44337.9 120.461 
708078 0.0609702 0.060432 -44275.5 120.626 
709044 0.0349341 0.0234515 -43709.3 120.791 
710010 0.0494826 -0.0219571 -44191.6 120.955 
710976 0.0589861 -0.00623337 -43787.1 121.12 
711942 0.0136806 0.00430097 -43272.4 121.285 
712908 0.0236221 0.0134176 -43937.2 121.45 
713874 0.0481312 0.0427878 -44633.5 121.615 
714840 0.0402105 0.0170127 -44870.5 121.781 
715806 0.0597614 -0.0504147 -44647.4 121.945 
716772 0.0706169 -0.0689438 -44244.5 122.11 
717738 0.0797732 -0.0708585 -44033 122.275 
718704 0.0514239 0.0346487 -45573.9 122.44 
719670 0.0999876 0.000889087 -44763.3 122.605 
720636 0.03158 0.0115304 -44589.4 122.769 
721602 0.0814749 0.0645187 -46137.9 122.934 
722568 0.0332459 0.0109023 -45272.8 123.099 
723534 0.0460392 0.0361113 -45302.5 123.264 
724500 0.0754634 0.0221684 -45791.9 123.429 
725466 0.0475418 -0.028102 -45797.1 123.593 
726432 0.036238 -0.0292158 -44581.2 123.758 
727398 0.0608593 -0.0465663 -45582.4 123.924 
728364 0.0305684 -0.00550656 -44617.2 124.089 
729330 0.0417523 -0.0294644 -44832.6 124.254 
730296 0.0305207 -0.00387698 -44811.5 124.419 
731262 0.0651914 0.0296068 -44839.6 124.583 
732228 0.0845453 -0.00531985 -44587.6 124.748 
733194 0.0554969 -0.038459 -44872.7 124.912 
734160 0.0760853 -0.0672837 -44605.3 125.077 
735126 0.0796274 0.0229371 -43525.4 125.242 
736092 0.0627905 -0.0458569 -42729.9 125.407 
737058 0.0244138 0.0134054 -43957.3 125.572 
738024 0.0523984 0.00896344 -44158 125.736 
738990 0.0814416 -0.00895375 -44537.3 125.901 
739956 0.0481766 -0.0218348 -44577.4 126.066 
740922 0.0359314 -0.0201894 -43185.4 126.23 
741888 0.0602942 -0.0158398 -42949.7 126.395 
742854 0.0347986 0.0134326 -44631.9 126.561 
743820 0.0432514 -0.0202548 -46475.7 126.726 
744786 0.041636 -0.000112295 -46013.4 126.891 
745752 0.0466491 0.00369344 -45727.1 127.056 
746718 0.030561 -0.000198101 -46684.9 127.22 
747684 0.0359843 0.0165366 -46737.3 127.384 
748650 0.0362518 0.00466317 -45702 127.549 
749616 0.0396946 0.0062259 -45705.4 127.714 
750582 0.0480867 -0.00272015 -45334.9 127.879 
751548 0.0620175 -0.0502749 -43837.7 128.043 
752514 0.0504493 -0.0399309 -43488.5 128.208 
753480 0.0822136 -0.0810324 -44027.8 128.372 
754446 0.0447814 0.010886 -44246.6 128.537 
755412 0.0694508 0.0112928 -44159.1 128.702 
756378 0.0195899 -0.00922053 -43831.8 128.867 
757344 0.0516464 0.0100547 -45033.3 129.033 
758310 0.0619333 0.0399705 -45354.5 129.198 
759276 0.0409453 0.00937861 -44380 129.362 
760242 0.0201536 0.0163956 -45336.4 129.528 
761208 0.0306648 -0.0208921 -44612.3 129.693 
762174 0.0221933 -0.0176447 -44086.2 129.858 
763140 0.0537588 -0.0244874 -44831.9 130.023 
764106 0.0428433 0.00205445 -44919.9 130.188 
765072 0.0204632 0.0109433 -44154.2 130.352 
766038 0.0457619 -0.0306802 -42868.5 130.517 
767004 0.0582036 -0.0158012 -43496.6 130.681 
767970 0.0599387 0.0417193 -43202.3 130.846 
768936 0.0674019 -0.0225158 -43725.4 131.01 
769902 0.0482824 -0.0405492 -42910.3 131.175 
770868 0.0628913 0.0247573 -44951.8 131.339 
771834 0.0546628 0.0303788 -45266.6 131.504 
772800 0.0260986 -0.00356532 -43840.9 131.67 
773766 0.0332104 0.00743071 -44095.6 131.834 
774732 0.0271579 0.00715618 -44736 131.999 
775698 0.0417033 -0.0253052 -44496 132.163 
776664 0.0535721 -0.0500809 -44730.7 132.328 
777630 0.0700835 0.0184663 -44180 132.493 
778596 0.0678915 0.0124045 -43828.4 132.658 
779562 0.0618402 0.027869 -44839 132.823 
780528 0.0684157 -0.0063179 -45391.5 132.988 
781494 0.0125294 0.0105298 -44421.9 133.153 
782460 0.0237228 -0.0143012 -44843.5 133.318 
783426 0.0286796 -0.0063701 -45709.4 133.482 
784392 0.0262745 0.0145474 -45310.7 133.647 
785358 0.0261647 -0.00493319 -45237.5 133.812 
786324 0.058256 -0.043242 -44634.1 133.977 
787290 0.0467088 0.0320498 -45821.3 134.141 
788256 0.0546599 -0.00933864 -45610.8 134.306 
789222 0.0457189 0.00169333 -45764 134.471 
790188 0.0635886 0.0425405 -44857.5 134.636 
791154 0.0728923 0.0249587 -45015.9 134.801 
792120 0.0685332 0.0415687 -44376.8 134.965 
793086 0.0510452 -0.00712834 -44226.8 135.13 
794052 0.00144336 0.000593053 -44722.2 135.295 
795018 0.0307583 -0.023204 -44954 135.46 
795984 0.0423764 0.0219896 -45015.3 135.625 
796950 0.0295934 0.00709069 -44269.8 135.79 
797916 0.0223169 0.00851435 -43770.5 135.954 
798882 0.0397777 0.000393438 -43987.7 136.119 
799848 0.0687688 -0.0206516 -42877.6 136.283 
800814 0.0272333 -0.00873418 -42502.1 136.448 
801780 0.0379483 0.0295313 -42247.6 136.612 
802746 0.0516396 -0.0265173 -44117.8 136.777 
803712 0.0259999 0.0251428 -45141.3 136.942 
804678 0.0609429 -0.00949216 -45382.2 137.106 
805644 0.0210301 -0.00147902 -43571.1 137.271 
806610 0.0160086 -0.00574576 -44527.8 137.436 
807576 0.0737078 -0.00937039 -45421.4 137.6 
808542 0.102289 -0.0568779 -45492.6 137.765 
809508 0.0612715 0.00204844 -45106.5 137.929 
810474 0.105937 0.0927694 -45380.1 138.094 
811440 0.0930105 0.0264539 -45023.8 138.258 
812406 0.0739479 0.0415843 -44842.7 138.423 
813372 0.0533709 0.0171014 -45247.1 138.588 
814338 0.0469908 0.0233385 -45333.8 138.752 
815304 0.0611772 -0.0401122 -44780 138.917 
816270 0.0245422 0.0158557 -44462.3 139.082 
817236 0.0433993 0.0290786 -44767.5 139.247 
818202 0.0460041 0.0387299 -45349.6 139.411 
819168 0.0555462 -0.042616 -44922.9 139.576 
820134 0.0118053 0.00248122 -45153.6 139.741 
821100 0.0395916 0.0331018 -44904 139.906 
822066 0.0714274 0.0329905 -45163 140.07 
823032 0.0563476 0.0100226 -43842.6 140.235 
823998 0.0561299 -0.00969443 -44243.3 140.4 
824964 0.0226483 0.014535 -43353.1 140.564 
825930 0.0536813 0.0417492 -43918.7 140.729 
826896 0.0639919 -0.0514276 -45368.6 140.894 
827862 0.0339585 -0.0140878 -45901 141.059 
828828 0.0974209 -0.0848111 -46007.4 141.224 
829794 0.0517125 -0.025949 -45673 141.389 
830760 0.0293595 0.0075653 -45730.1 141.553 
831726 0.0418576 0.0311922 -46851.5 141.718 
832692 0.0874376 0.00551553 -45352.2 141.885 
833658 0.0568984 0.0236527 -46192.2 142.049 
834624 0.0245424 0.00387978 -45611.6 142.215 
835590 0.044306 0.0402856 -46307.7 142.379 
836556 0.0497445 -0.0486724 -45472.1 142.544 
837522 0.0413456 0.00835164 -44639.4 142.709 
838488 0.0495173 0.0230926 -44954.1 142.874 
839454 0.0594118 0.0406749 -45549.4 143.038 
840420 0.0450383 -0.000422893 -45717.8 143.203 
841386 0.0353368 -0.00304192 -45130.4 143.367 
842352 0.0398917 0.0321028 -44923.5 143.532 
843318 0.0604284 -0.052489 -45124.4 143.696 
844284 0.0683372 -0.0292582 -45323.1 143.861 
845250 0.0617738 -0.0124985 -46195.6 144.027 
846216 0.0520012 -0.0264279 -44564.1 144.191 
847182 0.0742744 -0.0378582 -45165.1 144.357 
848148 0.0751028 -0.0272072 -44774.5 144.521 
849114 0.109213 -0.100421 -44671.8 144.685 
850080 0.102874 0.0592641 -45728 144.85 
851046 0.0592614 0.0183294 -44721.8 145.015 
852012 0.00864646 0.0031362 -44275.8 145.179 
852978 0.0523244 -0.0174534 -44212.6 145.344 
853944 0.0497918 0.0278749 -44625.4 145.509 
854910 0.0355342 0.0302943 -42937.6 145.673 
855876 0.0642497 0.0292707 -44128.4 145.838 
856842 0.0488297 0.0152493 -44860.5 146.002 
857808 0.0791608 0.0236053 -44933 146.167 
858774 0.0482903 -0.00413718 -45388.6 146.332 
859740 0.0301918 -0.0260493 -46623.1 146.496 
860706 0.0154084 0.0077218 -47231.7 146.661 
861672 0.0346167 -0.00750092 -46638.1 146.826 
862638 0.0280943 -0.0227264 -47257.8 146.991 
863604 0.10125 -0.0636597 -46269.4 147.155 
864570 0.0281791 -0.00699471 -46222.5 147.32 
865536 0.0357658 0.0219488 -47015 147.485 
866502 0.0725355 0.0363669 -46231.6 147.65 
867468 0.0555366 0.0472583 -46749.3 147.814 
868434 0.0691153 0.0476411 -45022.3 147.979 
869400 0.0229566 0.0228904 -44670.5 148.143 
870366 0.0177772 -0.00513387 -44018.8 148.308 
871332 0.0516147 -0.0396064 -44214.1 148.472 
872298 0.00618591 -0.00535872 -45018.1 148.637 
873264 0.0568025 0.0336181 -44483.4 148.802 
874230 0.0287217 0.00830006 -45616.7 148.966 
875196 0.048995 0.0102914 -44344.2 149.13 
876162 0.0283587 0.0271434 -45014.6 149.295 
877128 0.0819529 -0.0116221 -45905 149.46 
878094 0.0726559 -0.0115144 -46251 149.625 
879060 0.034033 0.0115575 -45523.2 149.79 
880026 0.0432684 -0.0108389 -44308.9 149.955 
880992 0.0746724 0.0434389 -44670.6 150.12 
881958 0.0544196 0.0414692 -44079.2 150.285 
882924 0.058247 -0.0555045 -45811 150.45 
883890 0.0596743 -0.0317497 -44492.4 150.614 
884856 0.0681868 -0.0347864 -44755.7 150.778 
885822 0.0381056 -0.0228919 -45268.4 150.944 
886788 0.0500143 -0.0498003 -45476.2 151.107 
887754 0.0404513 -0.0357555 -44297.9 151.272 
888720 0.0367079 0.0264008 -43597.3 151.437 
889686 0.0564605 0.0170642 -44022.8 151.601 
890652 0.06851 -0.00229771 -45135.1 151.766 
891618 0.0660432 0.0411132 -44167.9 151.931 
892584 0.0174678 0.0173862 -43840.5 152.095 
893550 0.0666757 0.0315765 -43627.7 152.259 
894516 0.076707 0.0212045 -43786 152.424 
895482 0.0664212 -0.0299589 -45679.1 152.59 
896448 0.0658793 -0.0427418 -44289.2 152.755 
897414 0.0478114 0.0273102 -45246.6 152.92 
898380 0.0655772 0.0366988 -44734.2 153.084 
899346 0.0225506 -0.0220703 -43159.1 153.249 
900312 0.0467228 -0.0141043 -43940.6 153.413 
901278 0.0245497 7.36307e-05 -45388.1 153.578 
902244 0.0233306 -0.0167835 -45898.7 153.743 
903210 0.0714228 0.0183181 -44905.4 153.907 
904176 0.0544268 0.0421639 -44520 154.071 
905142 0.0504787 0.0310922 -43971.6 154.236 
906108 0.0561519 -0.0003868 -45081.4 154.402 
907074 0.0406423 0.0169045 -45417.9 154.566 
908040 0.0743046 0.052065 -44596.6 154.73 
909006 0.0685933 -0.0154022 -45082.6 154.895 
909972 0.0566109 -0.0524114 -43878.8 155.06 
910938 0.0334937 -0.0189695 -44186 155.224 
911904 0.0779799 -0.0593528 -43830.4 155.389 
912870 0.0660538 -0.0373671 -44208.3 155.554 
913836 0.0461111 -0.0430072 -43227.8 155.718 
914802 0.0339642 -0.00784152 -43588.9 155.883 
915768 0.0730074 0.0510991 -44241.3 156.048 
916734 0.0837899 0.0728767 -44586.5 156.214 
917700 0.0542911 0.0536683 -43361.5 156.378 
918666 0.0651532 0.030623 -43575.2 156.543 
919632 0.0718362 0.0551168 -44141.4 156.708 
920598 0.0504197 0.0123395 -44419.1 156.872 
921564 0.0149535 0.00972329 -44604.9 157.037 
922530 0.0577287 0.0217984 -43922.5 157.202 
923496 0.0509467 0.0400474 -42927.7 157.368 
924462 0.0146523 -0.0142722 -42537.8 157.533 
925428 0.0572903 0.0322839 -44130.3 157.698 
926394 0.053915 0.0244578 -44216.1 157.863 
927360 0.0269678 -0.0171363 -43736.2 158.029 
928326 0.054501 0.0103814 -44710 158.194 
929292 0.113958 0.0814107 -45642 158.358 
930258 0.0651415 0.0303783 -45983.3 158.522 
931224 0.108754 0.0562389 -44591.2 158.688 
932190 0.035639 0.0288057 -44307.5 158.852 
933156 0.0289597 -0.0228756 -45399.3 159.018 
934122 0.05819 -0.0536369 -44649.4 159.182 
935088 0.0741778 -0.0514041 -46064.1 159.347 
936054 0.0635267 -0.00926426 -46880.5 159.512 
937020 0.0350606 0.0239692 -46515 159.676 
937986 0.0725825 0.0037351 -45709.5 159.84 
938952 0.0384222 0.0227427 -46136.4 160.005 
939918 0.0532785 -0.00663575 -45365.2 160.17 
940884 0.0291738 -0.0164826 -45938.7 160.334 
941850 0.0729652 0.0559973 -45225.9 160.499 
942816 0.0585964 -0.0334087 -44379.9 160.663 
943782 0.0918785 0.000539322 -44557.3 160.828 
944748 0.035192 0.034912 -43665.3 160.993 
945714 0.0685641 0.0305739 -44958.5 161.158 
946680 0.0838266 0.064072 -45701.1 161.323 
947646 0.00701014 0.00537139 -45377 161.488 
948612 0.0521103 0.0358933 -44882.9 161.654 
949578 0.0496224 0.0231974 -45374.4 161.819 
950544 0.0561858 -0.00125685 -45841.9 161.984 
951510 0.054252 -0.0332066 -45764.4 162.149 
952476 0.0434611 0.0182462 -46410.3 162.313 
953442 0.06653 0.0313501 -47318.8 162.478 
954408 0.035107 0.0144849 -46897.2 162.643 
955374 0.0232347 0.000571899 -46028.4 162.808 
956340 0.0708237 -0.0652263 -45822.1 162.972 
957306 0.0522042 0.00664861 -45834 163.137 
958272 0.0561397 -0.0283796 -46091.5 163.301 
959238 0.0734626 -0.0592779 -45618.3 163.466 
960204 0.0647221 -0.0189946 -45421.3 163.631 
961170 0.0641955 -0.0130383 -43714.2 163.795 
962136 0.0537085 0.050814 -42442.1 163.96 
963102 0.039048 0.00539377 -43109.6 164.125 
964068 0.0335956 0.00228045 -44031.7 164.29 
965034 0.0626835 0.0182746 -43744.1 164.454 
966000 0.0845656 -0.00413506 -44720.2 164.619 
