0 0.0210882 -0.0186923 -32305.4 0 
966 0.0437113 -0.0128349 -36579.6 0.160767 
1932 0.0845097 0.0716454 -39469.7 0.33025 
2898 0.0529607 -0.0239745 -42258.2 0.497426 
3864 0.0264213 -0.000764467 -41911.5 0.662354 
4830 0.0579806 0.00969144 -44097 0.827659 
5796 0.058089 -0.053528 -43737.6 0.993225 
6762 0.0438207 -0.0160945 -43938.1 1.15854 
7728 0.0633113 -0.0381157 -44361.9 1.32331 
8694 0.0497514 -0.0415628 -44538.4 1.48794 
9660 0.0171627 -0.0121567 -44234.8 1.65277 
10626 0.0324622 0.0160555 -44338.5 1.8178 
11592 0.0745248 0.0713025 -44526.2 1.98307 
12558 0.070281 0.0683349 -44415.8 2.14823 
13524 0.0771209 0.0695353 -44875.4 2.31332 
14490 0.0211013 -0.00414424 -42947.6 2.47868 
15456 0.0819038 0.00573902 -43217.2 2.64434 
16422 0.0656863 0.0649046 -44726.3 2.81027 
17388 0.0360269 -0.0158252 -44802.3 2.97658 
18354 0.0617551 0.058956 -44174.8 3.14252 
19320 0.0198117 0.0176504 -44649.2 3.3084 
20286 0.0789321 -0.0253718 -45289.5 3.47442 
21252 0.0569115 0.0236043 -46090.8 3.64095 
22218 0.0240123 -0.00677167 -45341.4 3.80702 
23184 0.0440166 0.0122394 -45019.8 3.97205 
24150 0.0368914 0.0129898 -44966.8 4.13758 
25116 0.0789546 -0.0322774 -46625.1 4.30314 
26082 0.0675627 -0.0472875 -45666.4 4.46853 
27048 0.0438026 -0.0421685 -44997 4.63421 
28014 0.0644816 0.0371902 -46335.5 4.80058 
28980 0.0498623 -0.0144748 -44668.7 4.96884 
29946 0.0421576 -0.0183462 -44934.7 5.13632 
30912 0.0535174 -0.05102 -44666.3 5.3037 
31878 0.0621191 0.00128674 -44428.1 5.47159 
32844 0.0716781 0.027371 -46177.2 5.63892 
33810 0.0727378 -0.0174236 -46212.5 5.80669 
34776 0.0772447 -0.0483181 -45647.7 5.97445 
35742 0.105108 -0.0279398 -46964 6.14161 
36708 0.0418471 -0.0226937 -46123.4 6.30842 
37674 0.0925759 -0.0327409 -45766.4 6.47531 
38640 0.0964485 -0.0541598 -45811.2 6.64229 
39606 0.0394783 -0.0176501 -44719.4 6.81018 
40572 0.0279509 -0.0223381 -44605.6 6.97839 
41538 0.0284915 -0.0208156 -44509.3 7.14573 
42504 0.0532224 -0.042493 -44755.8 7.31326 
43470 0.020281 -0.0108859 -45111.5 7.48022 
44436 0.0481383 -0.00375248 -45248.7 7.64764 
45402 0.0261762 -0.0208726 -44814.9 7.81561 
46368 0.0516415 0.00105891 -44515.5 7.9836 
47334 0.0581843 -0.00531224 -44677.1 8.15236 
48300 0.0461967 0.0273351 -45167.4 8.32135 
49266 0.056379 0.00609176 -45081.3 8.48979 
50232 0.095975 -0.00426598 -45374.6 8.6583 
51198 0.049605 0.016947 -45148.1 8.82525 
52164 0.0791053 0.0646065 -45626.2 8.99274 
53130 0.0169902 0.0131841 -44471.3 9.15993 
54096 0.0683106 0.0492963 -44774.2 9.3271 
55062 0.0457893 0.0349353 -45897.5 9.49429 
56028 0.0500344 0.0487935 -47131.6 9.66166 
56994 0.0370724 -0.0215886 -46129.3 9.82848 
57960 0.0386743 -0.0177912 -46216 9.99622 
58926 0.0573987 -0.0241929 -45886.8 10.1641 
59892 0.0485305 0.0238898 -44957.7 10.333 
60858 0.0121998 -0.00982591 -43313.8 10.5029 
61824 0.0334414 0.00520176 -43348.3 10.671 
62790 0.0250002 0.00627285 -43636.9 10.8398 
63756 0.0233344 -0.00971486 -43757.4 11.0072 
64722 0.0989538 0.0216961 -43948.5 11.1749 
65688 0.0623036 0.0350385 -45113.6 11.3424 
66654 0.0485436 0.0285586 -44931.1 11.5099 
67620 0.0399968 0.00333487 -44878 11.6777 
68586 0.0955886 -0.0227439 -44360.5 11.8448 
69552 0.0741371 -0.0485951 -44848.2 12.0124 
70518 0.0399485 -0.0210596 -43955.3 12.1791 
71484 0.103191 -0.00157252 -43929 12.3462 
72450 0.0375629 0.0223446 -43537.7 12.5138 
73416 0.0502789 0.0460924 -43304.5 12.6816 
74382 0.016796 0.0140742 -44147.6 12.8503 
75348 0.0558882 -0.0286329 -44277.3 13.0174 
76314 0.0117239 -0.00786919 -44818.2 13.186 
77280 0.0561296 0.0192136 -44899.7 13.3545 
78246 0.0350666 0.00830023 -43687.5 13.5225 
79212 0.0255451 -0.00795653 -43180.1 13.6898 
80178 0.0414474 0.0366045 -43079.6 13.8573 
81144 0.0193447 -0.0173825 -43843.7 14.0247 
82110 0.0631186 -0.0625543 -44614.2 14.192 
83076 0.0257746 0.00521159 -45097.8 14.3596 
84042 0.0773398 0.00914127 -45774.8 14.5269 
85008 0.0533421 0.0288885 -45162.6 14.6943 
85974 0.0805429 0.00533101 -44910.6 14.8623 
86940 0.0682162 -0.00883914 -45562.7 15.0308 
87906 0.0577441 -0.0321891 -44322.4 15.1994 
88872 0.0728749 0.0136139 -44514.6 15.3681 
89838 0.0395136 0.0257055 -46540.9 15.5372 
90804 0.0492357 0.0104069 -45341.6 15.7041 
91770 0.0478937 -0.0193271 -45504.1 15.8717 
92736 0.0520696 -0.0283737 -45367.5 16.0382 
93702 0.0421032 -0.0379862 -45475.4 16.205 
94668 0.0182578 -0.00808025 -45239.2 16.3729 
95634 0.0562904 0.0271787 -45802 16.5415 
96600 0.0622523 0.0550842 -45867.5 16.7099 
97566 0.0400381 0.000177604 -44939.3 16.8778 
98532 0.0308593 -0.0266551 -44166.5 17.0455 
99498 0.0503466 0.0365931 -45126.7 17.2134 
100464 0.106239 -0.0374725 -46052.8 17.3806 
101430 0.0922998 0.0452903 -46501.8 17.5487 
102396 0.0853308 -0.0518351 -45601.2 17.7177 
103362 0.0438545 0.0158742 -44779.8 17.887 
104328 0.0565165 -0.0335676 -44210.9 18.056 
105294 0.107597 0.0253887 -44247 18.2227 
106260 0.0318394 -0.0129185 -44685.5 18.3888 
107226 0.0963735 0.00623995 -44059.9 18.5561 
108192 0.0679559 0.051934 -44298.5 18.7242 
109158 0.0477645 0.0383955 -44052.3 18.8937 
110124 0.0737072 0.05288 -44537.1 19.0636 
111090 0.0492196 -0.00975969 -44419.5 19.2334 
112056 0.0234094 -0.0162186 -44859.2 19.4019 
113022 0.0320246 0.0177292 -43605.2 19.5708 
113988 0.0446384 0.0236778 -43685.6 19.7394 
114954 0.0481072 -0.0155339 -44762.1 19.9085 
115920 0.124603 -0.0199354 -45056.8 20.0777 
116886 0.0881313 -0.00204269 -45592.8 20.2475 
117852 0.0517386 -0.00462444 -46172.2 20.4165 
118818 0.0352549 -0.0290128 -46279.6 20.5858 
119784 0.0520352 -0.00622982 -46137.2 20.7554 
120750 0.044595 0.0135477 -45974.6 20.9246 
121716 0.0639428 -0.0612773 -45977.1 21.0928 
122682 0.0598628 -0.0596803 -44782.3 21.2621 
123648 0.0750167 -0.0664334 -43252.1 21.4308 
124614 0.0768563 -0.00855858 -44574.1 21.5995 
125580 0.0707201 -0.0361776 -44226.4 21.7684 
126546 0.0399563 -0.00496058 -45826.4 21.9378 
127512 0.0973568 -0.0245976 -45439.6 22.1065 
128478 0.112529 -0.0330607 -45931 22.2742 
129444 0.064663 0.048033 -44807.6 22.4421 
130410 0.0224588 0.0118685 -45038.3 22.6097 
131376 0.0344214 0.00143149 -46022.1 22.7769 
132342 0.0513853 -0.0498891 -44610.6 22.9444 
133308 0.0397506 -0.0369303 -45625.7 23.113 
134274 0.0814993 -0.041608 -45703.1 23.282 
135240 0.0572216 0.0115321 -45579.7 23.4518 
136206 0.0750019 -0.0731944 -46478.4 23.6219 
137172 0.0858553 -0.0697523 -45823.3 23.7909 
138138 0.0568638 -0.0250029 -45544.8 23.9605 
139104 0.0854481 -0.0257506 -45352 24.129 
140070 0.0607377 0.0254231 -44978.1 24.2979 
141036 0.0505743 0.00795789 -44530.8 24.467 
142002 0.0209788 0.00619219 -43803 24.6363 
142968 0.0383536 0.0137915 -44598.7 24.8044 
143934 0.0393369 0.0286776 -44688.4 24.9725 
144900 0.0306512 0.0119348 -44854.4 25.1406 
145866 0.0360399 0.0262118 -44801.1 25.309 
146832 0.0611468 0.0580388 -45157.5 25.4767 
147798 0.0262743 0.00859783 -45074.4 25.6445 
148764 0.0570292 0.0236181 -45469.5 25.8122 
149730 0.0494492 0.00177881 -45035.3 25.9799 
150696 0.0381427 -0.010243 -44726.5 26.1475 
151662 0.0554396 0.0150024 -44652.3 26.315 
152628 0.0799369 0.0257969 -45757.4 26.4811 
153594 0.0517714 0.0117516 -46029.5 26.6465 
154560 0.0309925 0.0243075 -44960.5 26.8121 
155526 0.042741 -0.00102693 -45246 26.977 
156492 0.0969343 -0.0593966 -44787.8 27.1425 
157458 0.0617061 -0.0572428 -43815 27.308 
158424 0.049843 -0.0295282 -43985.6 27.4732 
159390 0.0225178 0.0222623 -43411.8 27.6386 
160356 0.102238 0.022196 -43966 27.8035 
161322 0.0643956 -0.0190799 -43689.7 27.9685 
162288 0.0547747 0.0271135 -45341.1 28.1339 
163254 0.0389774 0.028233 -44889.1 28.2995 
164220 0.0350374 0.0211868 -45427.7 28.4661 
165186 0.0400248 0.0219968 -44327.5 28.6311 
166152 0.0426815 -0.0163126 -43388 28.7958 
167118 0.0494448 0.0181107 -44459.8 28.9609 
168084 0.056138 0.0381091 -45199.5 29.1263 
169050 0.068463 0.0219175 -45328.4 29.2915 
170016 0.0411352 0.0355925 -45304.3 29.4571 
170982 0.0555911 0.00875467 -45381.9 29.622 
171948 0.0711773 0.0181401 -43913.8 29.7867 
172914 0.0558859 0.012949 -44284.2 29.9521 
173880 0.0483353 0.00342811 -43288.2 30.117 
174846 0.0822081 -0.0544434 -45791.8 30.2816 
175812 0.0852082 -0.0256427 -46564.9 30.4467 
176778 0.0503556 0.00545849 -45012.9 30.612 
177744 0.0354811 0.00533913 -44432.9 30.7772 
178710 0.0388852 -0.0178538 -44380.8 30.9419 
179676 0.0620387 0.0147888 -43357.6 31.1071 
180642 0.0552156 -0.020102 -44618.1 31.2727 
181608 0.0534743 0.0278582 -44916 31.4389 
182574 0.0598972 0.0436478 -45447 31.6042 
183540 0.0317784 0.00262301 -46130.2 31.7701 
184506 0.061915 -0.0475294 -46084.2 31.9357 
185472 0.0729185 -0.029918 -47076.7 32.1012 
186438 0.0553896 -0.0295501 -46552.6 32.2663 
187404 0.0712119 -0.0175585 -44954.5 32.4323 
188370 0.0594807 0.0364945 -45301.5 32.598 
189336 0.0695286 -0.0630826 -45693.1 32.7637 
190302 0.0222418 -0.00788396 -44441.8 32.9298 
191268 0.0524234 0.0229228 -46013.8 33.0963 
192234 0.0673128 0.00471011 -46533.4 33.2622 
193200 0.0636942 0.036284 -46235.4 33.428 
194166 0.0438185 -0.0151074 -45640.6 33.5929 
195132 0.0388442 -0.0155601 -45374.7 33.7581 
196098 0.0538537 -0.0238234 -45719.2 33.9233 
197064 0.0488384 -0.0272797 -44767 34.0891 
198030 0.0997906 -0.0513336 -45285 34.2535 
198996 0.0659699 0.0165523 -44288.2 34.4186 
199962 0.102821 0.0189421 -44213.6 34.5837 
200928 0.0948505 -0.00856426 -44394.5 34.7492 
201894 0.0605281 0.0285032 -43669.8 34.9144 
202860 0.0488295 -0.019158 -43780.4 35.0795 
203826 0.0519206 0.0128364 -44510.8 35.245 
204792 0.0877378 0.0392573 -44598.6 35.4097 
205758 0.0649628 0.0555187 -45141.2 35.5748 
206724 0.0227144 -0.00570995 -46440.3 35.7403 
207690 0.0290271 0.0136472 -46602.9 35.9052 
208656 0.0500467 0.0025155 -45898.3 36.0705 
209622 0.0165454 -0.012025 -44846 36.2359 
210588 0.0267251 0.00402315 -45216.1 36.4015 
211554 0.0327173 0.0269861 -44636.2 36.5679 
212520 0.0424606 -0.0155306 -44869.1 36.7334 
213486 0.0735706 -0.0387689 -45561.1 36.8988 
214452 0.0540732 -0.0431192 -46549.6 37.0645 
215418 0.0346019 0.0334837 -45160.6 37.2304 
216384 0.038539 0.0113704 -46354.9 37.3957 
217350 0.0521417 -0.0466884 -46514.2 37.5603 
218316 0.0312014 0.00993805 -46044.9 37.7262 
219282 0.0551059 0.00397683 -46257.7 37.8915 
220248 0.0301884 -0.0280575 -46656.4 38.0568 
221214 0.0730699 -0.0417191 -46292.9 38.222 
222180 0.034093 -0.020831 -46430.9 38.3882 
223146 0.0635304 -0.0418926 -47200.3 38.5546 
224112 0.0881561 -0.0379012 -47327.2 38.7218 
225078 0.0267656 -0.011401 -45983.1 38.8893 
226044 0.0512861 -0.00763696 -45854.2 39.0564 
227010 0.0485994 0.0132748 -44989.6 39.2241 
227976 0.0717171 0.0632769 -44777.1 39.3924 
228942 0.0572079 0.0389451 -44492.4 39.5603 
229908 0.104669 0.063089 -45187.5 39.728 
230874 0.049555 0.0100757 -45146.7 39.8954 
231840 0.0565775 0.0421163 -45623.6 40.0628 
232806 0.0590172 -0.0263233 -45946.5 40.2296 
233772 0.0177123 -0.000869634 -46009.8 40.3968 
234738 0.0350192 -0.0177504 -46653.1 40.5642 
235704 0.0425576 0.0369669 -45733.9 40.7315 
236670 0.0663837 0.0574836 -45750.5 40.8991 
237636 0.038981 0.0106465 -45937.2 41.0667 
238602 0.0580302 -0.0083335 -45987 41.2346 
239568 0.0243981 0.0157368 -45139.1 41.4024 
240534 0.0293186 0.0278318 -45721 41.5701 
241500 0.064053 -0.0128738 -45411.2 41.7371 
242466 0.0407789 -0.0134948 -45816 41.9044 
243432 0.0529238 0.0241195 -46356 42.0722 
244398 0.0703126 0.0102572 -45943 42.2388 
245364 0.0529812 0.00711737 -45107.2 42.4061 
246330 0.0409636 0.0275683 -44978.3 42.5742 
247296 0.0666811 0.00497835 -45465.7 42.7427 
248262 0.0364052 0.00776153 -45612.6 42.9101 
249228 0.0404419 -0.00343062 -45745.9 43.0779 
250194 0.0572493 -0.0399231 -46299.2 43.2455 
251160 0.0440412 -0.0396857 -45436.5 43.4126 
252126 0.0444937 -0.0278642 -45120.5 43.5817 
253092 0.0296364 -0.014949 -45216.7 43.7484 
254058 0.0330625 -0.0233516 -44408.4 43.917 
255024 0.0750297 -0.0593894 -44564.5 44.0851 
255990 0.0386807 -0.0318255 -44566.3 44.2533 
256956 0.0650841 0.0258811 -43543.5 44.421 
257922 0.0620148 0.0549318 -43437.6 44.588 
258888 0.0490925 -0.00699533 -43791 44.7557 
259854 0.0467443 0.0433882 -43432.3 44.9238 
260820 0.0195633 0.00454588 -43464.2 45.0908 
261786 0.0637351 0.0180362 -43205.3 45.2579 
262752 0.0277206 -0.00469372 -42633.6 45.4252 
263718 0.0299911 0.000573574 -43839.3 45.5924 
264684 0.0556525 0.053618 -44739.3 45.7594 
265650 0.0778867 0.0605963 -45303.8 45.9267 
266616 0.0138438 -0.00195878 -44598 46.0952 
267582 0.044979 0.0388579 -45855.5 46.2628 
268548 0.0514007 0.0031154 -44945.9 46.4303 
269514 0.0462432 0.0315705 -44396.7 46.5978 
270480 0.0422506 0.0347775 -45344.2 46.7654 
271446 0.0615551 0.0573267 -44507 46.9324 
272412 0.0121092 -0.0021881 -43526.5 47.0999 
273378 0.0209803 0.0152123 -44229.1 47.2668 
274344 0.0352862 0.0214038 -43798 47.4342 
275310 0.0295266 0.0164632 -44621.9 47.6016 
276276 0.0690013 0.0667668 -43167.2 47.769 
277242 0.0254392 0.00842208 -44291.6 47.9369 
278208 0.0564575 -0.043036 -44016.3 48.1046 
279174 0.0414287 0.00550702 -43817.8 48.2721 
280140 0.0231011 0.00734915 -43613.9 48.44 
281106 0.0308521 -0.00388882 -43713.8 48.6075 
282072 0.0596674 -0.00969167 -43974.4 48.7753 
283038 0.032256 -0.0153903 -43871.3 48.9432 
284004 0.0414897 -0.0141348 -45041.8 49.1109 
284970 0.0787054 -0.0164444 -44492.8 49.2778 
285936 0.0895365 -0.057991 -45181.7 49.4449 
286902 0.0596716 -0.0360849 -44584.9 49.6127 
287868 0.0448058 -0.000179661 -44992.7 49.7799 
288834 0.0286565 -0.00460076 -45216.2 49.9474 
289800 0.0686275 -0.0267493 -43716.7 50.1148 
290766 0.0508077 -0.00931156 -43193.7 50.2823 
291732 0.0536189 -0.00308339 -43845.1 50.4484 
292698 0.0958706 -0.0480834 -44553.6 50.6154 
293664 0.0957182 0.0132072 -44680.1 50.7822 
294630 0.0943534 -0.0605782 -44340.6 50.9488 
295596 0.0613961 -0.0191824 -43927.8 51.1168 
296562 0.0625498 -0.0355613 -44665 51.2823 
297528 0.0342461 -0.00484056 -43517.2 51.4496 
298494 0.0396388 0.0387649 -44364.1 51.6173 
299460 0.0199295 0.00421184 -45199.2 51.7856 
300426 0.0282619 0.00294881 -44851.8 51.9527 
301392 0.0174853 -0.0070363 -43910.8 52.121 
302358 0.0287187 0.0253391 -45769.3 52.2895 
303324 0.0661723 -0.0342748 -45407.4 52.4586 
304290 0.0160848 0.00345437 -46202.3 52.6266 
305256 0.0695138 -0.0108038 -45753.7 52.795 
306222 0.0445255 0.000416298 -45859.8 52.9623 
307188 0.0385895 -0.00426718 -46860.2 53.1294 
308154 0.0507604 0.0391656 -46667.3 53.2968 
309120 0.0277578 -0.00776907 -46304.5 53.4643 
310086 0.0554163 -0.0516757 -46839 53.6317 
311052 0.0332616 -0.0134619 -47175.2 53.7995 
312018 0.0680603 -0.0578934 -45088.6 53.9675 
312984 0.0438578 -0.0327273 -46381.6 54.1356 
313950 0.090205 0.0284991 -45817.5 54.303 
314916 0.105015 0.00226051 -45553.4 54.4712 
315882 0.0347819 -0.0154377 -43901.5 54.6396 
316848 0.0796539 -0.00293668 -44111.2 54.8075 
317814 0.0633447 0.0292828 -43215.6 54.9756 
318780 0.0300934 0.0138813 -43522 55.1435 
319746 0.0460457 -0.00343544 -45780.8 55.3121 
320712 0.0366001 0.0345384 -46253.8 55.4804 
321678 0.0231467 -0.0210835 -45338.6 55.6492 
322644 0.0467349 0.0195572 -44661.8 55.818 
323610 0.0524689 -0.0283155 -45239.5 55.9858 
324576 0.0665172 -0.00626774 -44304.5 56.1543 
325542 0.0517669 -0.0350683 -44558.3 56.3223 
326508 0.080927 -0.0653868 -44643.1 56.4905 
327474 0.0681179 -0.0370625 -44557.5 56.6585 
328440 0.0865043 -0.012259 -44795.4 56.8268 
329406 0.0514078 -0.00550178 -43809.7 56.9955 
330372 0.0984904 -0.0159496 -43679.5 57.1636 
331338 0.0684279 -0.0249995 -44496 57.333 
332304 0.0919771 -0.0486464 -45688.1 57.5019 
333270 0.0204729 0.00297243 -45792.7 57.6707 
334236 0.045031 -0.00732205 -45032.9 57.8395 
335202 0.0492627 -0.00881483 -45378.8 58.0086 
336168 0.0132761 -0.0128038 -44522.7 58.1756 
337134 0.0392202 -0.015438 -44416 58.3434 
338100 0.0521888 -0.0408786 -44583.9 58.5118 
339066 0.0603655 -0.056937 -45466.3 58.6808 
340032 0.0197774 -0.0143958 -44708.2 58.8502 
340998 0.0764958 -0.0759787 -44848.4 59.0189 
341964 0.0586288 -0.0238912 -44100.1 59.188 
342930 0.0399539 -0.0207272 -43912.1 59.3554 
343896 0.0800167 -0.0574572 -44345.4 59.5215 
344862 0.0346377 0.00288004 -45147.7 59.6875 
345828 0.0592473 -0.0176695 -46238.4 59.8532 
346794 0.0533864 -0.0307451 -45356.9 60.0184 
347760 0.0231156 -0.0219853 -45157.5 60.1846 
348726 0.0653552 -0.05284 -44879.2 60.3496 
349692 0.0193637 -0.0161152 -44799.3 60.5152 
350658 0.0476671 0.0300139 -43887.5 60.6806 
351624 0.0637139 -0.0226244 -43967.4 60.846 
352590 0.0770351 -0.0202229 -45249.3 61.0115 
353556 0.0703685 0.0651565 -44307.5 61.1774 
354522 0.0614454 0.0377625 -43983 61.3426 
355488 0.0649837 0.0538628 -43309 61.5077 
356454 0.0532353 -0.00268805 -44009 61.6729 
357420 0.0580922 -0.0366892 -45152.3 61.838 
358386 0.0270589 -0.0193931 -45439.9 62.003 
359352 0.0736904 -0.0653009 -44942.5 62.1681 
360318 0.092098 -0.0835279 -45439.8 62.3331 
361284 0.0661632 0.0472807 -45432.6 62.4985 
362250 0.029053 0.0222189 -45585.6 62.6631 
363216 0.0417767 -0.0019533 -46074.4 62.8287 
364182 0.083288 0.0532632 -45642.3 62.9945 
365148 0.0386455 0.00603296 -45057.8 63.1594 
366114 0.0411845 -0.0204193 -43354.7 63.3243 
367080 0.0345629 0.0179647 -42959.1 63.489 
368046 0.0345961 -0.0158874 -43578.7 63.6536 
369012 0.0820506 -0.0360282 -43508.5 63.8186 
369978 0.0894062 0.0196596 -43481.8 63.9831 
370944 0.0445501 0.00604432 -46273.6 64.148 
371910 0.0548417 -0.0363426 -46680.4 64.3131 
372876 0.0350351 -0.0181964 -45646.4 64.4784 
373842 0.0537461 -0.0120595 -45874.7 64.6433 
374808 0.0663816 0.030832 -45881.9 64.8085 
375774 0.0903127 -0.0326762 -45943.7 64.9739 
376740 0.056737 -0.0112152 -45612.2 65.1388 
377706 0.0789457 -0.0133243 -45040.5 65.3035 
378672 0.0473663 -0.0237428 -43715.5 65.4682 
379638 0.0690488 0.050622 -44491.8 65.6337 
380604 0.0262911 0.0113745 -44591 65.799 
381570 0.0602496 0.0559432 -44635.1 65.964 
382536 0.0536379 0.0517606 -44691.2 66.1288 
383502 0.034713 0.0321622 -43622.9 66.2935 
384468 0.0410838 0.0248494 -44364.6 66.4585 
385434 0.090125 0.0318019 -44731.2 66.6241 
386400 0.0372128 0.015197 -44068.9 66.7889 
387366 0.0300547 -0.0242951 -43726.1 66.9538 
388332 0.0319072 0.0262901 -44843 67.1186 
389298 0.0462758 -0.021072 -46662.1 67.2832 
390264 0.0442385 0.0316757 -45627.1 67.4488 
391230 0.0597121 0.016245 -45863 67.6137 
392196 0.0385849 -0.00516878 -45362.8 67.7785 
393162 0.0314201 -0.0262111 -45263.5 67.9436 
394128 0.0611949 0.00109233 -46049 68.1094 
395094 0.056692 0.0128354 -45275.6 68.2745 
396060 0.0297588 0.00754056 -46292.8 68.4398 
397026 0.0584117 0.0434455 -44738.8 68.6044 
397992 0.0240178 -0.00323805 -45257.9 68.7699 
398958 0.0278396 0.0147648 -45344.7 68.9346 
399924 0.00556492 -0.00291322 -46474.8 69.0996 
400890 0.0498424 0.0449244 -46725.9 69.2651 
401856 0.0515416 0.038109 -46741.7 69.4303 
402822 0.0178049 -0.017071 -45743.6 69.5958 
403788 0.0499987 0.040332 -44345.7 69.7612 
404754 0.0125307 -9.67276e-05 -42859.7 69.926 
405720 0.0458193 -0.0457358 -43481.3 70.0908 
406686 0.010514 -0.00318478 -45014.8 70.2558 
407652 0.0868504 -0.0570514 -45421.8 70.4208 
408618 0.0868307 0.00982737 -44376.4 70.5856 
409584 0.0309922 -0.00876602 -44150.7 70.7512 
410550 0.0436459 0.00964675 -44911.3 70.9157 
411516 0.0211116 -0.00504077 -44147.6 71.0808 
412482 0.0791057 -0.0456888 -45422.9 71.2463 
413448 0.0149037 -0.0120017 -44483.5 71.4118 
414414 0.0596903 0.0324374 -43371 71.5774 
415380 0.0549966 0.00166053 -44044.9 71.7429 
416346 0.020058 -0.0163655 -44250.6 71.9084 
417312 0.0611302 -0.0196137 -45097.7 72.0741 
418278 0.0502146 -0.0103688 -44822 72.2407 
419244 0.0651191 0.0317866 -45550.8 72.4065 
420210 0.0368271 0.0067784 -44157.7 72.5721 
421176 0.031626 0.00233782 -44080.7 72.7373 
422142 0.0775807 -0.0636581 -44161 72.9028 
423108 0.0479542 -0.0411972 -43620.9 73.0688 
424074 0.024923 0.00422155 -44084 73.2341 
425040 0.065901 0.0422677 -43111.1 73.3995 
426006 0.0273987 -0.0153134 -44366.9 73.5652 
426972 0.0495964 -0.0291032 -45135.6 73.7309 
427938 0.0557765 0.0431052 -44681.1 73.8978 
428904 0.0567133 0.044709 -44395.7 74.0657 
429870 0.0233486 -0.00878 -44316.4 74.233 
430836 0.0515818 0.0332826 -45347.7 74.4009 
431802 0.050443 -0.04921 -46243 74.5677 
432768 0.0423064 -0.0238197 -44641.9 74.7356 
433734 0.0658552 0.0471536 -44476.8 74.9045 
434700 0.100862 0.0701532 -44806.2 75.0734 
435666 0.0469222 0.0170162 -44086.2 75.2424 
436632 0.0511546 0.0295529 -43490.3 75.4098 
437598 0.0691851 0.0443483 -44094.2 75.5769 
438564 0.0711662 -0.0380753 -45390.8 75.7435 
439530 0.0931653 0.00581737 -44952.7 75.9105 
440496 0.0414958 0.00602366 -46255.3 76.0776 
441462 0.0419611 0.0300819 -45947.3 76.2453 
442428 0.0388357 0.0329329 -46653.8 76.4131 
443394 0.0116188 0.010053 -45683 76.58 
444360 0.0235914 -0.0100043 -46234.8 76.7475 
445326 0.080227 0.0205861 -45214.2 76.9168 
446292 0.0609495 0.00901315 -44650.3 77.0864 
447258 0.0830822 0.0591238 -46332.9 77.2549 
448224 0.05358 0.0309138 -44837.7 77.4232 
449190 0.00947973 0.00399598 -46520.3 77.5917 
450156 0.0290077 -0.00393007 -45689.6 77.759 
451122 0.0687117 -0.0397625 -44955.2 77.9264 
452088 0.0445679 -0.0138419 -45467.8 78.0934 
453054 0.0531431 0.0288422 -45501.5 78.2606 
454020 0.0623674 -0.0225873 -45471.1 78.4274 
454986 0.0547259 -0.0175319 -44324.7 78.5951 
455952 0.0179404 -0.00827544 -44952 78.7627 
456918 0.0243193 0.00900347 -45122.9 78.9302 
457884 0.0557174 0.0200896 -45117.2 79.0983 
458850 0.0443191 0.0325396 -44233.7 79.2657 
459816 0.0262863 -0.0116479 -44070.8 79.4333 
460782 0.0479162 0.0160543 -43944.2 79.601 
461748 0.0806829 0.0572225 -44513.2 79.7677 
462714 0.0686858 0.0330689 -44551.5 79.9352 
463680 0.0916447 -0.0366664 -44644.1 80.103 
464646 0.0400893 0.00635331 -43896.4 80.2705 
465612 0.0410259 0.018311 -44555 80.4378 
466578 0.0651918 0.00941648 -44244 80.6049 
467544 0.0500224 0.00787753 -44853.1 80.7722 
468510 0.0641752 -0.0463868 -45367.4 80.9399 
469476 0.0514417 -0.0334861 -44773.3 81.1073 
470442 0.0453287 -0.0377196 -45603.1 81.2754 
471408 0.0433434 -0.0070462 -44391.8 81.4444 
472374 0.0970614 0.0545805 -44982.6 81.6143 
473340 0.0690084 0.0368806 -43075 81.7829 
474306 0.0677696 0.0029427 -43650.9 81.9504 
475272 0.0741465 -0.0553845 -43838.3 82.1183 
476238 0.0203702 -0.0164562 -44329.7 82.2853 
477204 0.0526183 0.0143058 -44856.4 82.4528 
478170 0.0783749 -0.0605207 -45774.9 82.6205 
479136 0.046328 -0.0415065 -45227.6 82.7878 
480102 0.0586228 -0.0451069 -44721.8 82.955 
481068 0.0521252 0.0520103 -44011.3 83.1221 
482034 0.012591 0.00202378 -45007.9 83.2889 
483000 0.0342115 0.00473732 -44947.1 83.4571 
483966 0.0459353 -0.0381985 -45258.1 83.6254 
484932 0.0421768 0.00578765 -45550.8 83.7944 
485898 0.0630594 0.0452714 -43961.5 83.9627 
486864 0.0585725 0.00786117 -43637.4 84.1298 
487830 0.0735617 0.00839608 -43819.7 84.2971 
488796 0.0530474 0.0132228 -44495.9 84.4648 
489762 0.0469254 0.0291546 -44821.6 84.6322 
490728 0.0533874 -0.0105705 -44953.8 84.7999 
491694 0.0446848 -0.0209281 -44786.5 84.967 
492660 0.0784552 -0.0336019 -44327 85.1343 
493626 0.0497392 0.0163501 -45372.3 85.3014 
494592 0.0545179 0.00148746 -46135.5 85.4689 
495558 0.0404573 -0.0302073 -45887.1 85.6355 
496524 0.0568253 0.0129307 -46301.6 85.8026 
497490 0.058711 0.0473834 -45512.8 85.971 
498456 0.0597901 0.0026057 -45504.9 86.1406 
499422 0.0553631 0.0103934 -45452 86.31 
500388 0.0551389 0.0337722 -45025.9 86.4775 
501354 0.0803239 0.0287141 -44655.2 86.6428 
502320 0.0584517 -0.00706132 -44622.1 86.8077 
503286 0.101133 -0.0580546 -44935.4 86.9731 
504252 0.0617037 -0.0594441 -43479.8 87.1385 
505218 0.0476695 -0.0217217 -43186.7 87.305 
506184 0.0397372 -0.029766 -42974.5 87.4719 
507150 0.0238115 0.00298012 -43521.8 87.6391 
508116 0.042425 -0.0422973 -45060 87.8072 
509082 0.0652476 0.0406987 -45276.8 87.9751 
510048 0.0358113 0.0238537 -45833.5 88.1418 
511014 0.0508013 0.0264117 -45609 88.31 
511980 0.0303871 0.0130566 -45456.8 88.4777 
512946 0.0464248 0.00835934 -46244.8 88.6467 
513912 0.0607298 0.0380545 -45475 88.8142 
514878 0.0589592 -0.0295905 -46268.9 88.9819 
515844 0.0225736 -0.0134517 -46167.7 89.15 
516810 0.0124106 -0.00862434 -47054.8 89.3161 
517776 0.0724376 0.0416881 -46358.2 89.4831 
518742 0.0373424 -0.023188 -45830.7 89.6515 
519708 0.025385 -0.00849766 -44160.9 89.8198 
520674 0.0838534 -0.0166156 -43811.8 89.9891 
521640 0.0957949 0.0180667 -43644.7 90.1585 
522606 0.0730977 -0.00574228 -44017.8 90.3277 
523572 0.0230489 -0.0123766 -42784.9 90.4963 
524538 0.0538476 0.0244387 -42954 90.6648 
525504 0.0369814 0.0115281 -42857.5 90.8335 
526470 0.0570182 -0.00222779 -44016.6 91.0012 
527436 0.0677849 -0.0593352 -44699.4 91.1692 
528402 0.0151089 0.00851071 -43922.6 91.3378 
529368 0.0197841 -0.010356 -43359.9 91.5054 
530334 0.0491752 0.0485325 -43753.7 91.6743 
531300 0.0247005 -0.0116904 -43893.4 91.8429 
532266 0.0381603 0.0307391 -43330.7 92.0121 
533232 0.0113698 -0.00789166 -44514.4 92.1813 
534198 0.0495828 0.0381314 -44634.6 92.35 
535164 0.0414284 0.0222299 -45753.6 92.5177 
536130 0.065161 0.0316752 -45360.9 92.6856 
537096 0.0502396 0.030663 -45696.3 92.8542 
538062 0.0434019 0.0387078 -44980 93.0231 
539028 0.0335609 -0.00593488 -45116.9 93.1921 
539994 0.0357322 0.0294853 -45899.3 93.3607 
540960 0.0676634 -0.0486117 -45427.7 93.5285 
541926 0.0601713 0.02539 -45108.4 93.6971 
542892 0.0853876 -0.0464869 -44817.3 93.8659 
543858 0.0390526 0.00299417 -45181.8 94.0357 
544824 0.0461014 0.00183332 -45685.3 94.2048 
545790 0.0400999 -0.0346108 -44640.2 94.3739 
546756 0.0381962 0.0122608 -44741.4 94.5425 
547722 0.0152512 -0.0025768 -43944.7 94.7113 
548688 0.0309184 0.0250161 -43037.6 94.8805 
549654 0.0577603 0.0448887 -42873.2 95.0497 
550620 0.0474683 0.0260131 -44388.5 95.2177 
551586 0.0465853 0.0376002 -45880.5 95.3835 
552552 0.0467511 0.0455024 -44721.9 95.5499 
553518 0.0968927 0.0911989 -43764.6 95.7157 
554484 0.0452433 0.0130974 -43007.5 95.8811 
555450 0.0371527 0.0230536 -44288.4 96.0466 
556416 0.0222437 -9.94616e-05 -43785.2 96.2119 
557382 0.0482555 0.0458496 -44273.2 96.3773 
558348 0.049504 0.021507 -46461.1 96.5429 
559314 0.0598844 0.0436666 -46116.1 96.7086 
560280 0.0473141 0.0331227 -44418.5 96.8737 
561246 0.0337254 0.00625568 -44874.8 97.039 
562212 0.0602132 0.0018905 -44915.9 97.204 
563178 0.0477636 0.023507 -45164.8 97.3692 
564144 0.0112945 0.00739738 -44818.9 97.5347 
565110 0.0519625 0.0101232 -45327.7 97.7 
566076 0.0517875 0.0151529 -45570.7 97.8648 
567042 0.0766344 -0.0130101 -45128.5 98.03 
568008 0.0639935 0.0230016 -44431.9 98.1953 
568974 0.0825476 0.0382994 -45343.8 98.3602 
569940 0.0549545 0.0374762 -43860.5 98.5254 
570906 0.0313697 0.0243597 -44553 98.6904 
571872 0.121207 0.114445 -45091.3 98.8552 
572838 0.0544683 0.04015 -44101.3 99.0202 
573804 0.0306014 0.0258409 -44811.7 99.1853 
574770 0.0201559 -0.00562621 -46043.2 99.3503 
575736 0.0485697 0.0259495 -44954.2 99.5153 
576702 0.0386489 0.0125376 -45525.9 99.6803 
577668 0.0302574 0.0153193 -45435.7 99.8451 
578634 0.0099373 -0.000612133 -43613.4 100.01 
579600 0.0329395 0.0317579 -44467.2 100.176 
580566 0.0289097 0.014816 -45646.5 100.341 
581532 0.0441426 -0.0123401 -44998.3 100.507 
582498 0.0507764 0.0507279 -44910 100.672 
583464 0.0650865 0.0207801 -43970.4 100.837 
584430 0.0306868 0.0130711 -43649.9 101.002 
585396 0.0322879 0.0224691 -42684.7 101.167 
586362 0.0337314 -0.0203527 -43427.2 101.332 
587328 0.0197745 0.0144094 -44400.6 101.497 
588294 0.0409066 0.0284883 -44383.5 101.662 
589260 0.0447637 -0.0191674 -44585.4 101.828 
590226 0.0799693 -0.0785839 -45485.8 101.994 
591192 0.0311251 0.00919942 -46728.9 102.158 
592158 0.0972515 0.058445 -45879.3 102.323 
593124 0.0741076 0.065482 -45682.1 102.489 
594090 0.0772298 0.0331673 -46542.7 102.653 
595056 0.0533842 0.0138225 -45639.4 102.819 
596022 0.0508495 -0.0204237 -46042 102.983 
596988 0.0977522 -0.0294674 -46144.8 103.148 
597954 0.0362964 -0.0347615 -46031.1 103.313 
598920 0.0193536 -0.0113208 -45552.3 103.479 
599886 0.0518686 0.0167682 -44228.7 103.644 
600852 0.0483299 -0.0298259 -44419.9 103.808 
601818 0.0452139 -0.0377614 -44269.6 103.973 
602784 0.0562803 0.0170737 -45656.5 104.138 
603750 0.0325591 0.0113803 -45805.7 104.302 
604716 0.0441207 0.0126006 -45874.5 104.467 
605682 0.0460282 0.0323192 -46124.2 104.632 
606648 0.0436919 -0.0222662 -45234.8 104.796 
607614 0.0578992 -0.0129515 -45738.2 104.961 
608580 0.0617458 -0.0322401 -46040.6 105.126 
609546 0.06409 -0.0322246 -44070.8 105.29 
610512 0.0588185 -0.018412 -44336.1 105.456 
611478 0.0209307 0.0160235 -45020.4 105.621 
612444 0.0324641 -0.0261385 -45158.4 105.786 
613410 0.0295327 -0.0255371 -45479.2 105.951 
614376 0.0641473 -0.0439908 -44680.2 106.116 
615342 0.050028 -0.00545785 -43730.7 106.282 
616308 0.0778262 -0.045691 -44804.5 106.447 
617274 0.0345875 -0.0147961 -46522.1 106.613 
618240 0.0269672 0.00278475 -45889.7 106.778 
619206 0.0313016 -0.0256135 -45805.1 106.944 
620172 0.0595352 0.000263793 -45081 107.11 
621138 0.0557328 -0.0299536 -44108.9 107.277 
622104 0.0827995 0.0519795 -44069.9 107.443 
623070 0.0584108 0.0197496 -44820.3 107.609 
624036 0.0625057 0.0209959 -44152.5 107.775 
625002 0.0274 -0.00686913 -44625.2 107.94 
625968 0.0344961 -0.00472811 -44364.6 108.106 
626934 0.0545292 0.046967 -43914.3 108.272 
627900 0.0463534 -0.00515314 -45027.5 108.438 
628866 0.0192743 -0.00756315 -44175 108.605 
629832 0.0390631 0.0205568 -44077.4 108.771 
630798 0.0404158 -0.0160497 -44218.1 108.938 
631764 0.0438652 -0.0274393 -44919.6 109.105 
632730 0.0908004 0.0308502 -44016.7 109.272 
633696 0.0668192 -0.0520432 -43487.7 109.438 
634662 0.0638469 -0.0546281 -43658.4 109.606 
635628 0.0456103 -0.0120593 -45245.6 109.774 
636594 0.0290396 -0.0135009 -44670.5 109.942 
637560 0.0436463 -0.0246748 -44343.5 110.111 
638526 0.034722 0.00756189 -43578 110.278 
639492 0.040931 -0.0278341 -44844.6 110.445 
640458 0.0568087 0.00980782 -43640.4 110.613 
641424 0.0512612 -0.0143329 -43593.6 110.78 
642390 0.0443488 0.0315356 -43271.3 110.948 
643356 0.0366698 -0.0021391 -42936.8 111.115 
644322 0.0474657 -0.030896 -44990.4 111.282 
645288 0.103395 -0.033304 -45747.8 111.449 
646254 0.0957521 -0.00961897 -44842.3 111.617 
647220 0.117162 -0.029052 -44239.9 111.784 
648186 0.0532589 -0.00141922 -44588.5 111.953 
649152 0.0464396 -0.0120677 -45493 112.122 
650118 0.0327304 -0.0132555 -46236.6 112.291 
651084 0.00686387 -0.00386622 -46562.6 112.459 
652050 0.0321411 0.000165553 -45036.6 112.627 
653016 0.0218374 -0.000114104 -45496.7 112.794 
653982 0.0256857 0.0160561 -45538.2 112.961 
654948 0.0483885 -0.0191634 -44417.3 113.129 
655914 0.0558482 -0.00138099 -45733.4 113.296 
656880 0.0441812 -0.0237894 -44959.6 113.463 
657846 0.0235941 -0.0193848 -44112.2 113.63 
658812 0.0315255 -0.000855346 -43980.6 113.797 
659778 0.0487215 -0.0102447 -44545 113.964 
660744 0.0872768 0.0425037 -44324.3 114.132 
661710 0.0446642 0.0405231 -43918.4 114.299 
662676 0.0159181 -0.0147052 -44108.3 114.468 
663642 0.0297729 0.0205874 -43604.6 114.638 
664608 0.0221517 0.0145952 -44721.6 114.807 
665574 0.0735817 0.0265278 -43650.3 114.975 
666540 0.022968 0.0153147 -43979 115.143 
667506 0.0281872 0.00958017 -44911.1 115.311 
668472 0.0602287 -0.00419834 -44284.8 115.478 
669438 0.101222 0.0158544 -44681.9 115.645 
670404 0.0695679 0.0335986 -44544.9 115.811 
671370 0.0401697 -0.000838791 -45183.9 115.979 
672336 0.0505995 0.0279913 -45098.1 116.146 
673302 0.0328041 0.00268857 -44555.1 116.312 
674268 0.0406506 0.0059784 -44952 116.48 
675234 0.0721801 -0.00563004 -44801.7 116.647 
676200 0.0618943 -0.00373125 -43683 116.814 
677166 0.0344853 0.0182984 -44941 116.98 
678132 0.056502 0.0209116 -44849.7 117.146 
679098 0.0799702 0.0187332 -45884.7 117.313 
680064 0.0482129 -0.0194207 -45515.8 117.48 
681030 0.0308068 0.0169479 -45560 117.647 
681996 0.0567387 -0.00574424 -44943.3 117.815 
682962 0.0414985 -0.00296595 -45232.8 117.983 
683928 0.0551046 -0.0512438 -45007.1 118.15 
684894 0.0958147 -0.0151786 -44501.1 118.318 
685860 0.0311569 -0.0267847 -43279.5 118.485 
686826 0.0302215 0.0177217 -42687.5 118.653 
687792 0.0159559 0.0142639 -42911.3 118.82 
688758 0.0643907 0.057517 -42483.8 118.987 
689724 0.0305151 0.000972797 -43268 119.156 
690690 0.0552109 -0.0064316 -44223.7 119.326 
691656 0.0517093 -0.0301807 -44149.1 119.495 
692622 0.0602697 0.00750394 -44211.9 119.664 
693588 0.0623706 -0.0206508 -44253.9 119.831 
694554 0.0388659 0.0297562 -43632.4 119.998 
695520 0.0774253 -0.0556831 -44432 120.166 
696486 0.0552193 -0.0188365 -44164.1 120.333 
697452 0.064684 0.0444099 -44396.6 120.501 
698418 0.0661241 0.0143419 -45870.4 120.669 
699384 0.0231718 0.0149594 -45800.7 120.837 
700350 0.0467102 0.0180981 -45500 121.004 
701316 0.0148409 0.000705315 -45169.4 121.171 
702282 0.0257463 0.0216168 -44715.9 121.338 
703248 0.0243926 -0.0151037 -46380 121.506 
704214 0.0238564 0.0214327 -46234.8 121.675 
705180 0.0202822 0.0188641 -46146.3 121.844 
706146 0.100266 -0.0570776 -46060.4 122.013 
707112 0.105255 -0.0227131 -44476.2 122.18 
708078 0.0730292 -0.0387338 -43546.7 122.346 
709044 0.0447473 -0.0312794 -44326.6 122.511 
710010 0.0400962 -0.0170355 -43653.1 122.676 
710976 0.0681881 -0.0399758 -45007.3 122.842 
711942 0.0437367 -0.0186304 -45543.6 123.008 
712908 0.0535748 -0.0110454 -45155.2 123.174 
713874 0.0229714 0.0155868 -44987.5 123.341 
714840 0.0235277 0.017504 -45118 123.508 
715806 0.0448887 -0.027466 -44506.5 123.674 
716772 0.0862457 -0.0833761 -44981.1 123.842 
717738 0.0681028 -0.0572117 -45008.9 124.012 
718704 0.0870773 -0.0432346 -45394 124.181 
719670 0.0488362 0.00838331 -45527.3 124.35 
720636 0.0834379 -0.0208377 -45711.7 124.518 
721602 0.0997435 -0.0829424 -45978.2 124.687 
722568 0.0428329 0.00235252 -44064.5 124.855 
723534 0.0566091 -0.00471385 -43885.9 125.024 
724500 0.081654 -0.0702285 -44682 125.193 
725466 0.0408937 -0.021066 -44149.6 125.361 
726432 0.0600409 -0.00631965 -44637.7 125.529 
727398 0.0788144 -0.0190396 -45639 125.697 
728364 0.032734 0.00248857 -44860.8 125.866 
729330 0.0825773 0.00476362 -45925.2 126.035 
730296 0.0380868 -0.00433634 -46428.5 126.204 
731262 0.0679086 0.000914143 -46837.7 126.372 
732228 0.0698573 0.058127 -47706.7 126.541 
733194 0.0638179 -0.00424148 -46540.2 126.71 
734160 0.0436396 -0.0283199 -46541.3 126.878 
735126 0.0520291 -0.0291518 -45891.7 127.046 
736092 0.0273929 -0.0133651 -44447.5 127.214 
737058 0.036505 -0.0246959 -45428.4 127.383 
738024 0.0636124 -0.000131093 -44477.6 127.552 
738990 0.0282008 -0.003796 -45282.2 127.72 
739956 0.083106 0.0342687 -45421.4 127.889 
740922 0.0892735 0.0185886 -45631.4 128.057 
741888 0.0720106 0.0168615 -45023.3 128.225 
742854 0.0281901 -0.0251355 -43742.2 128.393 
743820 0.0468249 0.0304197 -43569.3 128.563 
744786 0.0740113 0.042553 -44499.7 128.731 
745752 0.0463878 0.0173565 -44965 128.899 
746718 0.0756115 -0.00945151 -45410.6 129.068 
747684 0.0604128 -0.0537759 -44976.8 129.236 
748650 0.0251369 -0.0108752 -45023 129.405 
749616 0.0709964 0.0357558 -44806 129.572 
750582 0.0758211 0.0310134 -45794 129.74 
751548 0.0503704 -0.013878 -45661.1 129.909 
752514 0.0315694 0.0177291 -46980.1 130.078 
753480 0.0900307 -0.0438184 -46235.6 130.246 
754446 0.031394 -0.0242954 -46212.3 130.415 
755412 0.0714383 0.0508706 -45429.5 130.584 
756378 0.0547234 -0.0112811 -44881.6 130.754 
757344 0.0293017 -0.0131067 -45931.8 130.923 
758310 0.0521084 -0.0154097 -44912.5 131.092 
759276 0.0385426 -0.0324199 -44373.8 131.259 
760242 0.0598458 -0.0552681 -44743.3 131.424 
761208 0.0505159 0.028048 -44295.2 131.59 
762174 0.0407133 -0.00831356 -44515.7 131.755 
763140 0.0370583 -0.00475294 -44396.7 131.922 
764106 0.0432191 -0.0180573 -44838.2 132.088 
765072 0.0353722 0.00922346 -44705 132.254 
766038 0.0179444 0.00201917 -44925.8 132.419 
767004 0.0475259 -0.043007 -44627.3 132.584 
767970 0.0103216 0.00720265 -45852.1 132.749 
768936 0.0552365 0.0506982 -46348.5 132.914 
769902 0.0639208 0.0436606 -45453.6 133.08 
770868 0.081757 0.00261702 -45230.7 133.245 
771834 0.0523437 0.0205599 -44200.4 133.412 
772800 0.0483253 -0.00331212 -44021.7 133.578 
773766 0.088487 -0.0472328 -45001.8 133.744 
774732 0.0480256 -0.0421554 -44119.7 133.91 
775698 0.0380573 -0.026301 -43762.1 134.075 
776664 0.0330124 -0.00553064 -42708.3 134.24 
777630 0.035302 0.0118422 -43293.3 134.405 
778596 0.0677017 -0.0476731 -44328.1 134.57 
779562 0.0484508 0.0204421 -44230.3 134.735 
780528 0.0446155 -0.0266298 -44555.2 134.901 
781494 0.0612566 -0.0216476 -43955 135.066 
782460 0.0909881 -0.0182324 -45084.5 135.231 
783426 0.0375904 0.0197403 -44695 135.397 
784392 0.0268223 0.0190454 -44431.8 135.562 
785358 0.0516434 -0.038918 -44474.1 135.727 
786324 0.0557271 -0.0531878 -44227.6 135.893 
787290 0.0437578 0.0212528 -44550.1 136.058 
788256 0.0214337 -0.0123713 -44297.2 136.224 
789222 0.0230565 0.0223545 -44489.1 136.389 
790188 0.0517153 0.0507918 -44410.5 136.554 
791154 0.00836913 0.00681394 -45979 136.719 
792120 0.0537264 -0.0288986 -45563.8 136.885 
793086 0.0332367 0.0281415 -46767.2 137.05 
794052 0.0658182 0.0253879 -45857.4 137.216 
795018 0.0220742 -0.00219901 -45823.1 137.381 
795984 0.069614 0.0219799 -45338.2 137.546 
796950 0.063537 0.0270988 -45507.9 137.712 
797916 0.0767253 0.0522678 -45984.9 137.877 
798882 0.0754266 -0.0487358 -44042.9 138.043 
799848 0.0178302 0.0121907 -44132 138.207 
800814 0.0483199 0.0120558 -44774.3 138.373 
801780 0.0442823 0.00367147 -43253.8 138.538 
802746 0.0472841 -0.0139445 -45004.6 138.704 
803712 0.0291337 -0.0278514 -45928.4 138.869 
804678 0.0497796 0.00658445 -45358.6 139.035 
805644 0.0250836 -0.00470302 -44597.2 139.2 
806610 0.0382015 -0.0101754 -44380.1 139.366 
807576 0.0518962 -0.00762071 -43979.7 139.531 
808542 0.0369172 0.017202 -43743 139.698 
809508 0.0448517 0.0181795 -43465.8 139.863 
810474 0.0343357 -0.0134447 -43345.2 140.028 
811440 0.112364 -0.104534 -43402.4 140.193 
812406 0.0561804 0.00680774 -43941.7 140.359 
813372 0.0182191 0.00445194 -44296 140.525 
814338 0.0330602 -0.0136609 -44543.7 140.69 
815304 0.0136175 0.00484826 -43128.5 140.856 
816270 0.0577738 0.00503914 -43270 141.021 
817236 0.0377634 -0.0278092 -44760.5 141.184 
818202 0.0298979 -0.0294003 -43820.3 141.35 
819168 0.0641871 -0.0442469 -43552.1 141.516 
820134 0.0353413 0.0237377 -44972.9 141.681 
821100 0.0420838 0.00389407 -44274.7 141.847 
822066 0.0580981 -0.0385695 -44198.1 142.013 
823032 0.045833 -0.0323787 -43788.9 142.178 
823998 0.0214527 -0.0209175 -44035.6 142.343 
824964 0.0465723 0.00978097 -44202.8 142.509 
825930 0.0281337 -0.0198555 -44320.3 142.674 
826896 0.0290373 0.00758265 -45408.2 142.841 
827862 0.0663951 -0.0361425 -45518.6 143.007 
828828 0.0842635 -0.0421057 -45093.8 143.174 
829794 0.0602893 -0.0440426 -44413.4 143.34 
830760 0.0110542 -0.00904872 -44104.8 143.506 
831726 0.0919082 -0.0358142 -45191.9 143.672 
832692 0.0364377 -0.0330963 -45233.3 143.838 
833658 0.0826712 0.0712925 -45339.9 144.004 
834624 0.03809 0.02093 -45135 144.17 
835590 0.063252 -0.0258394 -44342.2 144.337 
836556 0.0414341 -0.00581041 -44860.3 144.502 
837522 0.0771613 -0.00157907 -44443 144.668 
838488 0.078391 -0.0128765 -44713.4 144.833 
839454 0.0469607 -0.0284818 -43960.8 144.998 
840420 0.0821059 0.0697558 -44540.5 145.164 
841386 0.0449135 0.0308004 -45071.9 145.331 
842352 0.0307495 -0.022098 -45927.1 145.499 
843318 0.0362007 0.0107946 -45911.7 145.667 
844284 0.0249304 -0.00908128 -45468.2 145.833 
845250 0.02394 0.0163365 -45115.4 146 
846216 0.0931464 0.0503484 -46158.2 146.167 
847182 0.0546663 -0.0483809 -47169.1 146.335 
848148 0.0574102 0.00086222 -47051.7 146.504 
849114 0.0896004 -0.0282492 -47329.2 146.673 
850080 0.0687584 0.0494717 -45086.5 146.842 
851046 0.0683482 0.0375301 -45438.5 147.011 
852012 0.0789979 -0.0368388 -45334.2 147.178 
852978 0.0343006 0.00388199 -45892.7 147.346 
853944 0.0527382 -0.0102762 -44789.9 147.513 
854910 0.0223699 0.0189086 -44045 147.679 
855876 0.0145888 0.0112132 -44101.5 147.846 
856842 0.0338177 -0.0051322 -44491 148.013 
857808 0.0371888 0.0168679 -44007.1 148.179 
858774 0.0615088 0.0212849 -45139.8 148.345 
859740 0.0435759 0.0143334 -44536.8 148.513 
860706 0.0639045 -0.0404568 -45335.3 148.68 
861672 0.0149647 -0.0037532 -45320.5 148.846 
862638 0.0829718 -0.077084 -44489.6 149.014 
863604 0.0370729 -0.0337883 -44041.2 149.181 
864570 0.0695018 -0.0433277 -45005.1 149.347 
865536 0.0426826 -0.0373353 -45398.9 149.514 
866502 0.0666441 -0.0316826 -44455.9 149.681 
867468 0.0801014 0.0223214 -44439.8 149.849 
868434 0.0556726 -0.0179309 -44236 150.018 
869400 0.0414366 -0.0295748 -44429.4 150.185 
870366 0.0448999 0.0177516 -45173.1 150.353 
871332 0.0339755 -0.0220528 -43799.5 150.52 
872298 0.0580504 -0.0299445 -43525.3 150.687 
873264 0.0429196 0.0293319 -44427.2 150.854 
874230 0.0566321 0.00963065 -44779.1 151.021 
875196 0.0266948 -0.00543298 -44723.9 151.19 
876162 0.0736631 -0.0615038 -44721 151.36 
877128 0.063229 -0.0105621 -44687.4 151.531 
878094 0.074853 -0.0394688 -43783.4 151.7 
879060 0.0534651 -0.0145627 -43911.6 151.868 
880026 0.0312765 0.0270055 -43483.2 152.036 
880992 0.0300332 0.0274472 -44466.1 152.203 
881958 0.0367042 -0.00961234 -44310.4 152.371 
882924 0.0675654 -0.0534442 -43516.7 152.539 
883890 0.0314431 -0.0181459 -44801.6 152.707 
884856 0.069281 0.00867448 -45187.2 152.874 
885822 0.0750284 0.0418171 -44679.5 153.042 
886788 0.0690495 0.0578872 -43252.2 153.21 
887754 0.072767 0.0574354 -43923.6 153.379 
888720 0.0247459 -0.0109056 -43881.4 153.549 
889686 0.0595051 0.0265763 -44703 153.718 
890652 0.0505996 -0.0458935 -44657.2 153.886 
891618 0.02215 -0.015939 -43787.7 154.053 
892584 0.0905508 0.0346986 -44828.5 154.221 
893550 0.0537871 -0.0451679 -44521.6 154.388 
894516 0.0314884 0.0207685 -45049.6 154.555 
895482 0.0777731 0.0745593 -45512.1 154.722 
896448 0.0180683 0.011445 -44398.6 154.89 
897414 0.0642833 0.0641763 -44369 155.057 
898380 0.022643 0.0209763 -43614.7 155.224 
899346 0.0420679 0.0186615 -44835.7 155.393 
900312 0.0272612 -0.0228812 -45116.3 155.562 
901278 0.0262974 -0.0254486 -44090 155.731 
902244 0.0356653 0.0283633 -44384.2 155.899 
903210 0.0234538 -0.0088921 -42990 156.067 
904176 0.0597486 -0.03607 -43262.6 156.234 
905142 0.0469563 0.0256943 -44174.5 156.401 
906108 0.0273934 0.00958244 -43380.2 156.569 
907074 0.0378205 -0.030844 -42875.4 156.736 
908040 0.0255808 0.024323 -43722.9 156.905 
909006 0.0623031 0.0194745 -44560.9 157.072 
909972 0.0609896 0.00551966 -45318 157.24 
910938 0.099037 -0.0275012 -43827.7 157.407 
911904 0.0675099 -0.00387855 -44164.7 157.575 
912870 0.0605263 0.0117932 -44530.2 157.743 
913836 0.0398414 0.0173311 -43657.7 157.911 
914802 0.0604216 -0.0479453 -44860.4 158.077 
915768 0.0719408 0.00461416 -45367.4 158.244 
916734 0.0417231 0.0236875 -44892.2 158.412 
917700 0.0590283 0.0504433 -45171.6 158.578 
918666 0.0494692 0.0452273 -44946.5 158.744 
919632 0.0561172 0.0527946 -44732.4 158.909 
920598 0.0455926 -0.0380283 -46277.2 159.076 
921564 0.0479646 0.0150321 -46664.1 159.244 
922530 0.028889 0.0079047 -45576.3 159.411 
923496 0.0310235 -0.0133643 -45709.9 159.58 
924462 0.0327162 -0.0137643 -45636.3 159.748 
925428 0.0571867 -0.0194719 -45365.8 159.916 
926394 0.0901893 -0.0468307 -46168.9 160.085 
927360 0.0809943 -0.0487538 -45546.3 160.253 
928326 0.0536314 -0.00375372 -45651.8 160.422 
929292 0.0324142 -0.0258355 -43937.3 160.591 
930258 0.0200286 0.00797136 -46065.3 160.758 
931224 0.0636411 -0.0383378 -45475.6 160.927 
932190 0.0641642 0.0484595 -45143.6 161.096 
933156 0.013359 -0.0131665 -43873 161.265 
934122 0.0417605 0.010316 -44275.6 161.434 
935088 0.032508 -0.00952381 -44291.7 161.603 
936054 0.12597 -0.104452 -44625.5 161.771 
937020 0.0610473 0.0414131 -45350.8 161.939 
937986 0.0254593 0.00425396 -44741 162.107 
938952 0.0964963 -0.0706646 -45304.2 162.276 
939918 0.0480534 -0.0180944 -45150.6 162.444 
940884 0.0390819 0.0201363 -45092.3 162.613 
941850 0.0928981 0.0250921 -44447.3 162.781 
942816 0.0371164 0.0269607 -44465.1 162.95 
943782 0.0262995 -0.0168553 -44603.1 163.119 
944748 0.0583444 -0.00151974 -45134.5 163.287 
945714 0.0727151 -0.0409295 -45499.1 163.456 
946680 0.0487087 -0.0113624 -45000.5 163.625 
947646 0.0519939 -0.00332244 -44955.8 163.793 
948612 0.0745418 -0.0643437 -44093.9 163.961 
949578 0.0423899 -0.0326701 -44338.6 164.13 
950544 0.0561236 -0.0266048 -45644.4 164.299 
951510 0.0499844 -0.0192376 -45212.3 164.468 
952476 0.0589709 0.0482932 -44782.3 164.636 
953442 0.0451199 -0.00153732 -44800.1 164.804 
954408 0.068435 -0.0148089 -45574.5 164.973 
955374 0.0726532 -0.020643 -44985.4 165.143 
956340 0.0434886 -0.000699309 -45064.3 165.312 
957306 0.0739298 -0.00323493 -44784.3 165.481 
958272 0.11941 0.00255021 -44739.2 165.65 
959238 0.065518 -0.0145977 -45067.2 165.819 
960204 0.125941 -0.0789968 -44955.1 165.987 
961170 0.0374479 -0.0208673 -44497.7 166.156 
962136 0.0431879 -0.0277611 -44021.7 166.326 
963102 0.0294208 0.0285054 -43860.8 166.495 
964068 0.0631988 0.0615469 -44455 166.664 
965034 0.0765152 0.0526662 -43594.2 166.832 
966000 0.060435 0.0223607 -44514.5 167.002 
