0 0.043706 -0.000838074 -32947.1 0 
966 0.0505 -0.0245128 -35567.3 0.16346 
1932 0.0693256 0.0306235 -40061.4 0.330252 
2898 0.104611 -0.00118338 -42082.6 0.496073 
3864 0.0884258 -0.0208623 -43248.3 0.662339 
4830 0.0463703 0.0160691 -42753.4 0.828238 
5796 0.0863435 0.0277148 -42120.9 0.993468 
6762 0.0582134 0.0227769 -42392.4 1.15914 
7728 0.0280765 -0.0207715 -43868.7 1.32596 
8694 0.0398112 0.0280011 -44681.5 1.49191 
9660 0.0337673 0.0327307 -44918.2 1.65804 
10626 0.0353715 -0.0281813 -44640.6 1.8238 
11592 0.060353 -0.0538767 -45313.7 1.98857 
12558 0.0265985 -0.0254431 -45334.9 2.15325 
13524 0.0818647 0.0477184 -45346.3 2.31816 
14490 0.0691379 0.0534255 -46199 2.48295 
15456 0.0428265 -0.0220701 -47033.1 2.64753 
16422 0.0205846 -0.00134696 -45925.2 2.81178 
17388 0.0394832 -0.0182104 -44720.5 2.97697 
18354 0.0776922 -0.0605687 -45539.4 3.14188 
19320 0.071098 -0.0643338 -45146.9 3.30756 
20286 0.0513623 -0.0466759 -46372.8 3.47205 
21252 0.055331 -0.0550935 -46205.6 3.63759 
22218 0.0387924 -0.0102015 -45588.7 3.80281 
23184 0.117161 -0.055286 -45743.3 3.96789 
24150 0.0631841 -0.0579398 -44263.4 4.13252 
25116 0.0557774 -0.0419014 -44266.3 4.29805 
26082 0.0607532 -0.0447081 -44915.6 4.46405 
27048 0.0185677 -0.0155638 -46010.9 4.62954 
28014 0.0669539 0.0565035 -45413.1 4.79613 
28980 0.045777 0.0340059 -44425.6 4.96135 
29946 0.0227331 0.0155258 -43620.1 5.12686 
30912 0.0551287 -0.00115761 -43525.6 5.29233 
31878 0.0515067 0.030053 -43794.3 5.45853 
32844 0.0375749 0.0342811 -43895.3 5.62457 
33810 0.0524818 0.0312214 -44385.2 5.79009 
34776 0.0422406 -0.00745323 -45130.6 5.95662 
35742 0.055036 0.0358426 -44673.7 6.12293 
36708 0.061611 -0.0227863 -44014.1 6.28954 
37674 0.0575567 -0.0468202 -43183.5 6.45572 
38640 0.0621828 0.00688899 -43160.8 6.62247 
39606 0.0254168 0.00587441 -43858.3 6.78817 
40572 0.0245205 0.0134869 -44060.6 6.95398 
41538 0.0414427 0.0266397 -44528.2 7.11981 
42504 0.0366269 -0.0125797 -44553.5 7.28384 
43470 0.0917391 -0.0278791 -45905.8 7.44839 
44436 0.0628509 0.0485442 -46407.5 7.6122 
45402 0.0566458 0.019602 -45436.3 7.77667 
46368 0.0175322 -0.0119811 -45000.3 7.94067 
47334 0.0552372 -0.0441195 -43004.2 8.10544 
48300 0.0313812 0.0296596 -43069.2 8.26927 
49266 0.0658783 0.059878 -44264.8 8.4341 
50232 0.0348037 -0.0237666 -45259.9 8.59869 
51198 0.0529671 0.0124562 -44368.8 8.76194 
52164 0.036217 -0.021795 -43457.2 8.92683 
53130 0.0138272 0.0111863 -44003.2 9.0913 
54096 0.0580733 0.0185394 -44591.4 9.2561 
55062 0.0248175 -0.0089 -44127 9.42137 
56028 0.0326729 0.0301168 -44161.7 9.58435 
56994 0.0388172 -0.0280872 -43771.1 9.74956 
57960 0.0350153 -0.0174166 -44770.5 9.9142 
58926 0.0442364 -0.0057346 -43196 10.0788 
59892 0.0552711 0.0496475 -45203.8 10.2428 
60858 0.0588175 0.0296917 -43644.4 10.408 
61824 0.0398743 0.0362002 -44283.6 10.5726 
62790 0.055127 0.041447 -44437 10.7373 
63756 0.0601079 0.0186711 -45497.5 10.9011 
64722 0.0842934 0.0226596 -46056.1 11.0655 
65688 0.116186 0.0460939 -46513.2 11.2299 
66654 0.0492986 0.00582761 -45303.8 11.395 
67620 0.0379659 0.0073537 -45415.2 11.5604 
68586 0.0481937 0.045384 -45338 11.7252 
69552 0.0332103 0.0304553 -45601.7 11.8902 
70518 0.0146629 -0.00672673 -45451.7 12.0559 
71484 0.0800375 -0.0361018 -46762.6 12.2214 
72450 0.0403479 0.0112011 -46670.5 12.3861 
73416 0.0160284 -0.00172995 -46054.7 12.5513 
74382 0.0380959 -0.0145551 -45773.3 12.7162 
75348 0.0448647 -0.019 -45165.6 12.8816 
76314 0.0269601 0.02692 -45011.3 13.0476 
77280 0.0314339 -0.0314099 -45372.9 13.2128 
78246 0.104583 -0.0500415 -45175.1 13.3775 
79212 0.0296328 -0.000186356 -45075.7 13.543 
80178 0.0656964 -0.0467301 -44850 13.7073 
81144 0.037407 0.0366914 -44811.6 13.8715 
82110 0.0522416 -0.0350779 -44655.7 14.0362 
83076 0.0908983 -0.0739699 -44638 14.2006 
84042 0.0716664 0.0528806 -44070.4 14.365 
85008 0.0539736 -0.0296409 -44611.8 14.5293 
85974 0.0571724 0.054859 -45326 14.6942 
86940 0.082039 0.070127 -45640.7 14.8586 
87906 0.0578768 0.0543457 -45476.6 15.0234 
88872 0.041942 0.0132172 -45340.5 15.1875 
89838 0.0453391 -0.0265772 -45527.2 15.352 
90804 0.0441794 -0.0331185 -44669.7 15.5168 
91770 0.0263727 0.0161573 -43899.9 15.6812 
92736 0.0365719 -0.00522857 -44183.8 15.846 
93702 0.0200157 -0.0124452 -45283.1 16.0113 
94668 0.0473272 0.0336695 -43955.7 16.1764 
95634 0.0371159 0.0344097 -43711 16.3422 
96600 0.0141237 0.00212472 -44241.7 16.5055 
97566 0.0566403 -0.0279654 -45122.8 16.6707 
98532 0.0801404 -0.0560392 -44981.7 16.836 
99498 0.0434808 0.00547398 -45085.2 17.0018 
100464 0.0445804 0.04 -45408.3 17.1669 
101430 0.0834294 -0.03195 -44132.4 17.3326 
102396 0.0665762 -0.0100986 -44688.4 17.4991 
103362 0.077896 0.0479812 -44797.7 17.6648 
104328 0.0293815 -0.0067976 -44680.5 17.8306 
105294 0.0240516 0.00539629 -44352.3 17.9952 
106260 0.0186938 -0.0180218 -44945.1 18.1594 
107226 0.0502089 0.00356558 -45310.4 18.3236 
108192 0.0223309 -0.00970352 -44982.1 18.4879 
109158 0.0208942 0.00479046 -44550.6 18.6522 
110124 0.0234534 -0.00648276 -43780.9 18.8166 
111090 0.0292517 -0.0186489 -45499.8 18.9816 
112056 0.0553765 -0.0532877 -44427.4 19.1462 
113022 0.0438624 0.0338055 -45493.8 19.3111 
113988 0.0482318 0.0431055 -45509.8 19.4758 
114954 0.0464735 0.00655015 -45477.9 19.6406 
115920 0.0727947 -0.0134816 -45871.5 19.8056 
116886 0.0237249 -0.00910026 -45351.5 19.9694 
117852 0.0284607 -0.0196787 -46305.4 20.1329 
118818 0.0432244 -0.0111171 -46298.2 20.2978 
119784 0.0369614 -0.0334298 -45580.9 20.4622 
120750 0.0404604 -0.0232085 -45872.7 20.6284 
121716 0.0472068 0.0055771 -45884.8 20.7934 
122682 0.073644 -0.0204494 -45316 20.9584 
123648 0.0536794 0.000429002 -44734.8 21.1237 
124614 0.0394162 -0.000551628 -44588.1 21.2883 
125580 0.0333132 0.026481 -44005.8 21.4535 
126546 0.0422344 -0.0182541 -44074.9 21.619 
127512 0.0373989 -0.033984 -44903.2 21.7846 
128478 0.0915931 -0.0851641 -45813.4 21.9499 
129444 0.0858293 0.0557485 -44924.6 22.1157 
130410 0.0424777 -0.0265654 -45110.6 22.2806 
131376 0.0471861 -0.0048544 -44222.5 22.4465 
132342 0.0497596 -0.034156 -44389.4 22.6118 
133308 0.0577292 -0.0449507 -44296.8 22.7765 
134274 0.0153301 0.00271627 -45158.4 22.9407 
135240 0.0578606 -0.0509604 -44001.1 23.1048 
136206 0.0182387 0.00596493 -43349.8 23.269 
137172 0.0335807 -0.00289206 -44539.9 23.4332 
138138 0.0283059 -0.0192768 -43886.7 23.5978 
139104 0.0447784 -0.00517468 -44531.8 23.7623 
140070 0.0974993 -0.0790514 -44425.2 23.9261 
141036 0.070076 -0.0342309 -44763.1 24.0912 
142002 0.0304852 0.0202315 -44861.5 24.256 
142968 0.0418405 0.0400468 -45984.7 24.4211 
143934 0.0327028 0.0167233 -45356.2 24.586 
144900 0.0348662 -0.0142825 -44261.4 24.7513 
145866 0.0566535 0.0190825 -43693.3 24.9166 
146832 0.0405433 0.0234927 -44520.8 25.0824 
147798 0.017774 -0.00652937 -45256.3 25.247 
148764 0.0596001 -0.0321863 -45299.3 25.4126 
149730 0.0579317 -0.0562796 -43983.2 25.578 
150696 0.0717046 -0.0322029 -43331.8 25.743 
151662 0.0380856 0.00288397 -43036.2 25.908 
152628 0.0437732 -0.0309995 -43669.3 26.073 
153594 0.037004 0.00407286 -44593.9 26.2382 
154560 0.057503 0.0420647 -44648.6 26.4036 
155526 0.0396371 -0.0117979 -43616.6 26.5704 
156492 0.0371835 0.00524807 -45060.8 26.7356 
157458 0.032851 -0.028272 -44822.9 26.9026 
158424 0.0284544 -0.0225923 -43875.9 27.0684 
159390 0.0703136 -0.0172507 -44026.6 27.2348 
160356 0.043384 -0.00234076 -45524.6 27.4008 
161322 0.0333785 0.0123096 -45192.7 27.5657 
162288 0.0197845 -7.80994e-05 -44441.1 27.7303 
163254 0.0343053 -0.0120429 -46264.3 27.8949 
164220 0.0625463 -0.0290421 -45927.9 28.0591 
165186 0.0561573 -0.0541092 -45166.7 28.2238 
166152 0.0586407 -0.0204683 -45139.8 28.3887 
167118 0.0608742 -0.0324554 -45164.8 28.5532 
168084 0.0438452 -0.0013953 -45803.1 28.7198 
169050 0.0861211 0.0363116 -44883.7 28.8851 
170016 0.0774357 0.00287495 -44793.1 29.0499 
170982 0.0622718 0.0184836 -45117.5 29.2153 
171948 0.0356965 0.0211051 -45067.4 29.3805 
172914 0.0414715 0.00501716 -44748.5 29.5458 
173880 0.0392571 -0.0388034 -44530 29.7114 
174846 0.0703255 0.0178481 -43924.8 29.8769 
175812 0.0737168 0.0132568 -44672.6 30.0424 
176778 0.0941281 -0.0627309 -45298.3 30.207 
177744 0.0508029 0.039479 -45828.3 30.3731 
178710 0.0339302 -0.000369213 -44339.2 30.5391 
179676 0.0342919 0.000804622 -44853.7 30.7046 
180642 0.0249439 -0.0206307 -45677.8 30.8711 
181608 0.0194438 0.0116839 -45271.4 31.037 
182574 0.0449904 -0.0355067 -46188.1 31.2033 
183540 0.0502382 -0.0128439 -46791.6 31.3692 
184506 0.0332303 -0.0171976 -46283.2 31.5348 
185472 0.0291634 0.0249068 -45546 31.6998 
186438 0.0294563 0.017878 -46489.1 31.8643 
187404 0.0730786 -0.0630954 -45799.4 32.0287 
188370 0.0663615 -0.061915 -44645.1 32.1933 
189336 0.0177976 -0.00626154 -44271.6 32.3573 
190302 0.059356 -0.0376105 -44768.7 32.5217 
191268 0.0708767 -0.0655114 -44450.8 32.6858 
192234 0.0589678 -0.0527444 -44328.5 32.8511 
193200 0.0625102 0.00548789 -46221 33.0156 
194166 0.0302298 0.0113082 -44896.4 33.1796 
195132 0.0185188 0.0165213 -45075.6 33.3439 
196098 0.0429158 -0.0313728 -45089.5 33.5085 
197064 0.0662469 0.0125829 -46030 33.6736 
198030 0.0535632 -0.00864029 -45392.5 33.8396 
198996 0.0416673 0.0398489 -44920.2 34.0052 
199962 0.0517281 -0.00967765 -44790.1 34.1706 
200928 0.0536889 -0.00293324 -44038.8 34.3359 
201894 0.0475663 0.00604928 -43965.6 34.5003 
202860 0.0317719 -0.0172395 -42865.2 34.664 
203826 0.0391754 -0.00397632 -44149.9 34.8305 
204792 0.0291664 0.0163505 -44526.4 34.9953 
205758 0.0367448 0.00566258 -45165.4 35.1605 
206724 0.0355645 -0.0226739 -44590.1 35.325 
207690 0.0511889 0.0377719 -44664.6 35.4906 
208656 0.0492561 0.0419115 -45874.5 35.6564 
209622 0.0859487 0.0578951 -46488.9 35.8216 
210588 0.0338477 0.0302046 -45842.1 35.9867 
211554 0.0387214 -0.0200151 -45758.9 36.1502 
212520 0.0671586 0.00849231 -44531.8 36.3145 
213486 0.0642927 0.062683 -45396.2 36.4787 
214452 0.0699011 0.0679228 -45012.9 36.6428 
215418 0.0670397 -0.0461102 -46004.6 36.8074 
216384 0.0389315 -0.025103 -46590.2 36.9731 
217350 0.0209319 0.00844434 -46305.6 37.1386 
218316 0.05451 0.0172877 -45655.8 37.3033 
219282 0.0631665 -0.0255409 -44590.7 37.4682 
220248 0.0781869 -0.0246983 -44993.4 37.6328 
221214 0.0586144 -0.0122099 -44507.8 37.7973 
222180 0.0715919 0.0475518 -45340.8 37.9626 
223146 0.0836225 0.0629507 -45211.2 38.127 
224112 0.0448722 -0.0306858 -45767 38.2918 
225078 0.0967591 -0.0480662 -45496.4 38.4569 
226044 0.0527393 -0.0436467 -46296.7 38.6224 
227010 0.0547591 0.0335998 -44715.9 38.7876 
227976 0.097286 -0.0347257 -45184 38.9533 
228942 0.0558723 0.00043649 -45871.2 39.1194 
229908 0.0739284 0.038968 -45197.3 39.2847 
230874 0.0793513 0.0449443 -45311.4 39.4502 
231840 0.0374001 0.0218526 -44528.8 39.6152 
232806 0.025644 0.0248844 -43711.9 39.7811 
233772 0.0458943 0.044541 -44728.4 39.9476 
234738 0.0648554 -0.0329656 -45557.1 40.1133 
235704 0.0163832 0.00243685 -44676.1 40.2786 
236670 0.0637898 0.0495789 -45050.3 40.4447 
237636 0.035246 -0.0134501 -44151.9 40.6101 
238602 0.0209509 -0.00723883 -44804.4 40.775 
239568 0.0313789 -0.00683164 -43630.5 40.9398 
240534 0.0185942 -0.0100767 -43727 41.1045 
241500 0.0608419 0.0458037 -44568.1 41.2702 
242466 0.0471505 0.00157812 -43755.4 41.435 
243432 0.0373052 0.000808609 -46293.1 41.599 
244398 0.0273586 -0.00834178 -46219.6 41.7635 
245364 0.0500828 -0.0344748 -45486.8 41.9273 
246330 0.0298899 -0.0210104 -46186.4 42.0914 
247296 0.044976 -0.0375544 -45721.2 42.256 
248262 0.0767491 0.0474266 -45143.2 42.4202 
249228 0.0319531 -0.0017257 -44925.4 42.584 
250194 0.0239284 -0.013554 -44865.4 42.7482 
251160 0.0599652 -0.048594 -43840.2 42.9127 
252126 0.067865 0.0571871 -43349.1 43.0769 
253092 0.0439363 0.0145037 -44239 43.2421 
254058 0.0172408 0.01183 -44200 43.407 
255024 0.0505507 -0.00960193 -44813 43.5711 
255990 0.043563 0.0121644 -43402.6 43.7355 
256956 0.0354311 0.0121448 -44119.7 43.9005 
257922 0.0383455 0.0175664 -44200.8 44.065 
258888 0.0256212 0.00830419 -44409 44.2303 
259854 0.0128142 0.00106228 -45309.5 44.3955 
260820 0.0241653 0.0205907 -45063.4 44.5605 
261786 0.0436399 0.0422582 -44835.7 44.7263 
262752 0.0312618 0.022886 -43839.6 44.8931 
263718 0.0436585 0.0116706 -45645.7 45.0583 
264684 0.103363 0.0725681 -45465.3 45.2235 
265650 0.0702699 0.0103554 -45447.3 45.3893 
266616 0.0457588 0.0221572 -45099.6 45.5542 
267582 0.0342901 0.0293215 -45103 45.7191 
268548 0.0417825 0.039408 -45639.7 45.884 
269514 0.0676488 0.0446115 -44924.4 46.0488 
270480 0.0552967 0.0551873 -45749 46.2139 
271446 0.00864037 0.00103603 -44705.7 46.3786 
272412 0.0749591 -0.0704669 -45154.4 46.5441 
273378 0.0116497 0.00991814 -45587 46.709 
274344 0.0454415 -0.0171223 -44229.1 46.8738 
275310 0.0581085 0.00098197 -44233.9 47.0389 
276276 0.0450775 0.0244851 -45545.5 47.204 
277242 0.0491258 0.0307036 -46066.6 47.3701 
278208 0.0571809 0.0387252 -45405.5 47.5354 
279174 0.0222914 -0.0206231 -44709.3 47.7011 
280140 0.0162724 -0.00957215 -44705.8 47.8669 
281106 0.038845 0.0025939 -45490.5 48.0331 
282072 0.0707373 0.040221 -44838.4 48.1989 
283038 0.0763778 0.0383709 -44228.7 48.3645 
284004 0.0324582 0.00712827 -44065.1 48.5311 
284970 0.0647308 0.00737357 -43334.4 48.6968 
285936 0.0878371 0.0336392 -43619 48.8623 
286902 0.0646428 -0.00229648 -44232.4 49.0283 
287868 0.0644497 -0.00765554 -44463.1 49.1943 
288834 0.0190931 0.00988056 -44968.1 49.36 
289800 0.0880675 -0.0847227 -44402.6 49.5256 
290766 0.0561919 -0.0412831 -45178 49.6918 
291732 0.0433431 -0.0230694 -45391.2 49.8572 
292698 0.046325 -0.0421999 -45183.2 50.0226 
293664 0.03721 -0.00145187 -44516.3 50.188 
294630 0.0388642 0.0195463 -44685.4 50.3534 
295596 0.0850525 0.0818084 -43765.2 50.5194 
296562 0.0571264 0.0408996 -42446.6 50.6847 
297528 0.032878 -0.00458374 -43544.2 50.8497 
298494 0.0166287 0.0127288 -44780.9 51.0152 
299460 0.0499372 0.0141989 -45297.1 51.1805 
300426 0.0245633 0.000465642 -43906.9 51.3461 
301392 0.0308548 -0.011931 -44424.5 51.5113 
302358 0.0483007 0.0101721 -45406.4 51.6782 
303324 0.0495932 -0.0081138 -43590 51.843 
304290 0.0760866 0.0610947 -44493.3 52.0072 
305256 0.051111 0.0288198 -46701.4 52.1724 
306222 0.0597389 0.0133497 -46128 52.3373 
307188 0.069406 0.0517871 -46673.5 52.502 
308154 0.0696471 0.0486161 -44958.7 52.6671 
309120 0.0186081 0.0178131 -43936.5 52.8324 
310086 0.0455422 0.0342024 -44505.5 52.9984 
311052 0.0446108 0.0400843 -44009.7 53.1641 
312018 0.0376828 0.0179862 -43995.1 53.3294 
312984 0.0451162 -0.0384138 -43967.4 53.494 
313950 0.0323186 -0.00398448 -44571 53.6591 
314916 0.0504296 -0.00674496 -44705.6 53.8232 
315882 0.0374742 -0.0142846 -44056.8 53.9888 
316848 0.0131 0.00390538 -44754.7 54.1544 
317814 0.0303537 -0.0285572 -43950.4 54.3199 
318780 0.0523624 -0.0500106 -45417.6 54.4861 
319746 0.0346698 0.0226343 -45384.8 54.6512 
320712 0.0562159 0.0386621 -45831.8 54.8158 
321678 0.0569944 0.0482305 -46043.6 54.9809 
322644 0.0608468 0.0405809 -45567.8 55.1459 
323610 0.0269073 -0.000356591 -45700.1 55.3103 
324576 0.0209478 -0.00344602 -45016.4 55.4753 
325542 0.0332182 -0.0290122 -44949.1 55.6405 
326508 0.0531367 0.0306983 -44462.5 55.8058 
327474 0.0821128 -0.0347504 -44991.7 55.9706 
328440 0.0526992 -0.010406 -45218.9 56.1355 
329406 0.0560545 -0.0104387 -43861.3 56.3011 
330372 0.0240367 0.0147929 -44710.7 56.4665 
331338 0.0817264 -0.0341021 -45671.2 56.6324 
332304 0.0973821 -0.0919128 -45897.3 56.7985 
333270 0.0261366 -0.024287 -45611.4 56.9661 
334236 0.0346583 -0.0278882 -45174.3 57.1313 
335202 0.0133054 -0.0051822 -45463.1 57.296 
336168 0.0186625 -0.016434 -45091.2 57.4624 
337134 0.0500772 0.0468155 -45122.5 57.6277 
338100 0.0705492 0.0304275 -44210.5 57.7931 
339066 0.0532049 -0.0363112 -43923.5 57.9583 
340032 0.0586948 0.0111628 -43903.5 58.1237 
340998 0.0570256 -0.029094 -44317.2 58.2892 
341964 0.0533408 -0.04822 -45363.6 58.4546 
342930 0.0617843 0.00668234 -45237.9 58.6199 
343896 0.0639471 -0.0191135 -44953.5 58.7863 
344862 0.025346 0.0211992 -43963.2 58.9518 
345828 0.0237856 0.0059701 -44940.7 59.1172 
346794 0.0561688 0.0186943 -44830 59.2832 
347760 0.0606716 0.0426092 -45256.9 59.4489 
348726 0.0677187 0.0218906 -45807.3 59.6157 
349692 0.103335 -0.00871474 -45190.5 59.7829 
350658 0.0437344 -0.0125327 -44424.2 59.9486 
351624 0.0413909 -0.0401166 -45415 60.114 
352590 0.0870371 -0.073636 -46308.2 60.2797 
353556 0.0376881 -0.0299273 -46058.9 60.4462 
354522 0.0447182 -0.0407441 -45125.2 60.6114 
355488 0.0543579 -0.0242199 -44516 60.7772 
356454 0.0561513 -0.0510355 -45656.1 60.943 
357420 0.0452897 -0.0210617 -44595.7 61.1093 
358386 0.0502968 0.036106 -44322.1 61.2756 
359352 0.0213867 -0.00708942 -44583 61.4412 
360318 0.0445631 -0.0167749 -44593.5 61.6071 
361284 0.0308252 -0.0146459 -44515.1 61.773 
362250 0.0517273 -0.00841268 -44700.4 61.9388 
363216 0.112483 -0.0472848 -45267.8 62.1055 
364182 0.0594191 -0.00652583 -45690.2 62.2714 
365148 0.0286808 0.00471061 -45911.9 62.4374 
366114 0.0184852 -0.00135243 -46997.1 62.6031 
367080 0.065417 0.0468639 -46692.6 62.7685 
368046 0.045064 0.028155 -45286.2 62.9334 
369012 0.0869679 0.0865867 -45303.7 63.1003 
369978 0.0543371 0.0517906 -45806.6 63.2668 
370944 0.0469369 0.00742162 -46091.9 63.4325 
371910 0.0736446 0.0660679 -45101.5 63.5986 
372876 0.0778204 0.0684381 -45366.6 63.765 
373842 0.072045 0.0104393 -45277.7 63.9308 
374808 0.0630053 0.016879 -45201.2 64.0966 
375774 0.0168887 -0.00758692 -44843.4 64.2625 
376740 0.0506141 -0.0454747 -45492.3 64.4278 
377706 0.0506869 -0.00417423 -46236.7 64.5935 
378672 0.0813922 -0.0795341 -46519.1 64.759 
379638 0.0788924 -0.0395762 -46022.4 64.9247 
380604 0.0555537 -0.0263635 -46783.6 65.0901 
381570 0.0108616 -0.00725642 -46355 65.2558 
382536 0.0123459 -0.000577479 -46145.1 65.4213 
383502 0.0403977 -0.03513 -44378.5 65.5875 
384468 0.048605 -0.0126844 -44974.1 65.7529 
385434 0.088486 -0.0637891 -45389.5 65.9187 
386400 0.0574511 -0.0528292 -44779.7 66.0846 
387366 0.054684 -0.0189995 -45139.3 66.2513 
388332 0.015509 -0.00433233 -44993.1 66.4165 
389298 0.0547296 -0.0240553 -44389.3 66.5818 
390264 0.0371045 -0.027736 -44271.7 66.7474 
391230 0.0479853 0.0125658 -45215.6 66.9135 
392196 0.029026 0.0093295 -44381.8 67.0801 
393162 0.0490188 -0.0483788 -45842.4 67.2456 
394128 0.0493618 0.024092 -45725.6 67.4119 
395094 0.0330315 -0.0234779 -45012.6 67.5787 
396060 0.0610409 -0.0568826 -44974.9 67.7452 
397026 0.0627548 -0.0041012 -44912.3 67.9122 
397992 0.0808441 -0.0263117 -44300 68.0798 
398958 0.0735676 -0.014364 -45027.4 68.2471 
399924 0.06499 0.0629976 -44801.9 68.4138 
400890 0.0645711 0.0532544 -44757.5 68.5798 
401856 0.0600277 -0.0227199 -43851.3 68.7453 
402822 0.0363344 -0.0217771 -43715.8 68.9109 
403788 0.0290758 0.0253486 -44208.2 69.0766 
404754 0.0149273 -0.00951222 -43860.4 69.2422 
405720 0.0224492 -0.00542379 -43523 69.4078 
406686 0.0508404 -0.0439859 -43823.1 69.5733 
407652 0.0391533 0.0272273 -43068.2 69.7397 
408618 0.0300171 0.0134665 -43805.8 69.9052 
409584 0.0616928 -0.00248185 -42786.5 70.071 
410550 0.0457446 -0.0432058 -42739.4 70.2371 
411516 0.0846854 -0.0818048 -43284.2 70.4036 
412482 0.0667151 -0.063495 -43939.6 70.5699 
413448 0.0804209 -0.0762881 -44318.3 70.7358 
414414 0.0895595 -0.0761872 -45287.6 70.9015 
415380 0.0811672 -0.0483895 -44410.4 71.068 
416346 0.0322657 -0.00709768 -43453.8 71.2346 
417312 0.0113189 0.0025825 -43350.9 71.3998 
418278 0.0432262 0.0385357 -43447.8 71.5655 
419244 0.03989 0.0105429 -42926.7 71.7319 
420210 0.0367338 0.0352853 -44071.5 71.8974 
421176 0.031712 -0.0191235 -44555.2 72.0632 
422142 0.0607318 -0.0513548 -44326 72.2297 
423108 0.0550686 -0.0463758 -44815.7 72.3951 
424074 0.0418553 -0.0258088 -44162.2 72.5609 
425040 0.0939892 0.0465277 -45049.6 72.7268 
426006 0.0791954 0.0667231 -45861 72.8932 
426972 0.0803357 0.059648 -46330.3 73.0584 
427938 0.0667644 0.00668425 -45426.8 73.2236 
428904 0.0609812 0.0460798 -45201.5 73.389 
429870 0.0598207 0.0562965 -45562.4 73.5546 
430836 0.054258 -0.000364667 -45601.5 73.7196 
431802 0.0369256 -0.00475854 -44957.6 73.8851 
432768 0.0940559 -0.0771352 -45008.5 74.0513 
433734 0.0489052 -0.0239745 -45753.9 74.2168 
434700 0.0402825 0.0139175 -45029.5 74.3824 
435666 0.0763391 0.0345229 -45327.9 74.5482 
436632 0.0515222 0.0506321 -45927.4 74.7137 
437598 0.0577912 0.0465459 -44949.3 74.8786 
438564 0.0710908 0.0536539 -45366.9 75.0446 
439530 0.0154744 0.000808322 -44392.7 75.2104 
440496 0.0568212 0.043222 -45091.1 75.3763 
441462 0.0529465 0.0342025 -45214.3 75.5429 
442428 0.0695753 -0.0558442 -44583 75.7086 
443394 0.0425911 -0.0293585 -44876.4 75.8745 
444360 0.0576773 -0.051533 -44063.7 76.0411 
445326 0.046958 -0.0379346 -45131.5 76.2071 
446292 0.03859 -0.0294073 -45545 76.3733 
447258 0.0222662 0.0055243 -45483.8 76.5408 
448224 0.0739792 0.00128926 -46266.2 76.7067 
449190 0.122332 0.0582653 -45201.1 76.8728 
450156 0.0498 0.00949304 -44984.3 77.0398 
451122 0.0536032 0.0289673 -44582.2 77.2057 
452088 0.07547 0.04122 -45083.9 77.3713 
453054 0.0605124 -0.058725 -45201.3 77.5373 
454020 0.0896132 -0.0461136 -45080.8 77.705 
454986 0.0354969 0.00496846 -44556.6 77.8723 
455952 0.0568917 0.00497021 -43134.6 78.0401 
456918 0.07632 -0.0204919 -43940.4 78.2071 
457884 0.0468552 -0.0401983 -44214.9 78.3746 
458850 0.0322477 -0.0317618 -44278.8 78.5426 
459816 0.034957 -0.023127 -43429.8 78.7103 
460782 0.0723215 0.055879 -45080.5 78.8757 
461748 0.0336248 -0.00674738 -45283.3 79.0415 
462714 0.00882665 -0.00421738 -44369.6 79.2078 
463680 0.0540733 0.0343864 -44780.1 79.3732 
464646 0.0641746 0.0165724 -44413.5 79.5399 
465612 0.0660167 0.0625201 -44118.1 79.7068 
466578 0.0778205 0.0380453 -43556.9 79.873 
467544 0.0450102 -0.0352619 -42745 80.0392 
468510 0.0372628 -0.00600955 -44199.1 80.2055 
469476 0.0733362 0.013783 -44042.5 80.3717 
470442 0.0495758 0.0228177 -44035.1 80.5375 
471408 0.0187933 -0.0132205 -44089.2 80.7047 
472374 0.0502745 0.0360149 -44181.1 80.8707 
473340 0.032805 0.0238961 -43986.4 81.0362 
474306 0.0437172 -0.00824234 -45648.1 81.204 
475272 0.0285132 0.0279431 -45240.4 81.3703 
476238 0.0819162 -0.0163022 -44748.3 81.5371 
477204 0.0761903 -0.0116186 -46604.3 81.704 
478170 0.0607129 -0.0087436 -46885 81.8702 
479136 0.0330614 -0.00249039 -44935.9 82.0362 
480102 0.0483639 0.0395057 -45614.2 82.2018 
481068 0.0564772 -0.0303067 -44914 82.3682 
482034 0.0381303 0.00649194 -44523.1 82.5337 
483000 0.0596747 0.0128899 -44416.5 82.6998 
483966 0.0342619 0.0229295 -44213.5 82.8651 
484932 0.0268176 0.00512537 -45656.6 83.0314 
485898 0.05446 0.0356261 -46277.8 83.1967 
486864 0.0672167 0.0486138 -46220.5 83.3632 
487830 0.0419356 -0.025344 -45884.7 83.5288 
488796 0.0117752 0.00224386 -45689.2 83.6947 
489762 0.0426204 -0.0385925 -44266.2 83.8615 
490728 0.0255336 0.011664 -44933.9 84.0273 
491694 0.0463433 0.0284275 -42975.2 84.193 
492660 0.0139252 0.000322348 -43014 84.3591 
493626 0.0556456 -0.0361677 -43165.1 84.5254 
494592 0.0222944 -0.0152149 -43647.9 84.6909 
495558 0.0307478 0.0235628 -43884 84.8576 
496524 0.0734267 0.0478551 -43759.2 85.0242 
497490 0.0995902 0.0905215 -42785.8 85.1903 
498456 0.07975 0.0763034 -43129.6 85.3563 
499422 0.031094 0.0291899 -43080.2 85.5224 
500388 0.0432618 0.0421843 -44119.4 85.6891 
501354 0.0167404 0.00580342 -45021.4 85.857 
502320 0.0614546 0.0347236 -44138.7 86.0248 
503286 0.0450626 0.0332949 -44589.3 86.1913 
504252 0.054363 0.00456933 -45679.1 86.3574 
505218 0.0561721 0.0126388 -44830.1 86.523 
506184 0.0598516 -0.0407534 -45039.4 86.6889 
507150 0.0286019 -0.0221418 -44111.8 86.8551 
508116 0.0332614 0.02734 -43719.2 87.021 
509082 0.0432004 0.00549866 -44168.8 87.1866 
510048 0.0348099 0.00602373 -44941.8 87.3529 
511014 0.0337413 0.0199277 -44414.6 87.5192 
511980 0.0190343 0.00132839 -44323.5 87.6852 
512946 0.0502207 -0.0259956 -44830.7 87.8511 
513912 0.0155573 -0.00163955 -44126 88.0174 
514878 0.0280786 -0.0168651 -44617.9 88.1853 
515844 0.037366 -0.0325926 -44947.1 88.3524 
516810 0.0497303 0.00199284 -45234.9 88.5184 
517776 0.0777387 0.0456969 -44882.4 88.6848 
518742 0.0357804 -0.016689 -44291.9 88.8511 
519708 0.0692254 -0.0611596 -44065.7 89.0183 
520674 0.0440742 0.00953327 -44834.1 89.1852 
521640 0.0386148 0.0351628 -44636 89.3509 
522606 0.0396755 0.0104115 -44300 89.5181 
523572 0.0558225 -0.00172581 -43764.7 89.6844 
524538 0.0132624 -0.00600051 -44044.5 89.8504 
525504 0.0302131 -0.00249902 -44089.9 90.0159 
526470 0.0317179 -0.0119552 -43757.6 90.1822 
527436 0.0584555 -0.00221245 -44415.8 90.3477 
528402 0.0454348 0.00242015 -43749.7 90.5142 
529368 0.0313431 -0.0084288 -43946.5 90.6802 
530334 0.0448009 -0.0039884 -44098.2 90.8459 
531300 0.0628676 -0.0191614 -44601 91.0115 
532266 0.0662716 -0.0187824 -45110.6 91.1791 
533232 0.065343 0.0259581 -44966.8 91.3461 
534198 0.0771313 0.0290339 -46172.2 91.5135 
535164 0.0590653 -0.0355778 -45835.9 91.6815 
536130 0.127295 -0.0961806 -44990.2 91.8488 
537096 0.0581819 -0.0106116 -43744.9 92.0151 
538062 0.0541819 0.030511 -43866.9 92.1805 
539028 0.0889555 0.0269113 -43157.7 92.3452 
539994 0.0333546 0.00226555 -43695.6 92.5119 
540960 0.0729663 0.0485005 -44036.1 92.6779 
541926 0.0780191 0.0097527 -44849 92.8437 
542892 0.0870442 0.0336868 -45883.3 93.0086 
543858 0.0896799 0.0355307 -44989.3 93.1741 
544824 0.0345149 0.00522059 -42854.6 93.3404 
545790 0.0447555 0.00723028 -42822.4 93.5071 
546756 0.081292 -0.0261437 -43242.6 93.6735 
547722 0.0575289 -0.0295228 -43714.7 93.8399 
548688 0.0411117 0.0116568 -44086.9 94.0071 
549654 0.0980351 -0.0638036 -44272.5 94.1739 
550620 0.0791599 -0.0272304 -43889.2 94.3406 
551586 0.0595656 0.0387514 -44812.1 94.5067 
552552 0.0555592 -0.0297554 -45656.4 94.6734 
553518 0.0550497 0.0266443 -44408.7 94.8392 
554484 0.050879 0.0369954 -44498.6 95.0054 
555450 0.0197784 0.0109143 -44520.6 95.1722 
556416 0.0259586 0.0188477 -41889.4 95.3393 
557382 0.0891767 0.0667998 -42728.6 95.5058 
558348 0.072374 0.0336334 -42897.4 95.6724 
559314 0.0969014 0.0297496 -43656.5 95.8383 
560280 0.0793459 0.0422509 -43717.2 96.004 
561246 0.0647285 0.00611783 -42788.5 96.1698 
562212 0.0269841 -0.0158146 -43722.2 96.3357 
563178 0.0525161 -0.00913761 -45800.9 96.5017 
564144 0.0793322 -0.00129778 -46312.9 96.6689 
565110 0.0481988 -0.00923372 -47559.9 96.8359 
566076 0.0555526 -0.0467168 -47809.2 97.0033 
567042 0.0436927 0.0138271 -45933.5 97.1691 
568008 0.0414633 -0.0112769 -44844.2 97.3352 
568974 0.0354232 -0.00264565 -45360.3 97.5017 
569940 0.0666154 -0.00830932 -45140.3 97.6699 
570906 0.0579516 0.0361523 -45193.5 97.8386 
571872 0.0339894 0.0014694 -45996.7 98.0043 
572838 0.0177437 -0.0150944 -44908.7 98.1705 
573804 0.0901586 -0.0699094 -44344 98.3364 
574770 0.0234689 0.00643522 -44661.8 98.5025 
575736 0.0259142 0.011527 -43772.6 98.6677 
576702 0.0739743 0.0620661 -44875.3 98.834 
577668 0.0484616 0.0026617 -45374.7 99.0005 
578634 0.0264126 -0.00829168 -45581.1 99.1669 
579600 0.0632393 0.00475383 -44913.5 99.3326 
580566 0.0672274 -0.0502456 -45562.8 99.4989 
581532 0.0157526 0.00982167 -45517 99.6653 
582498 0.0524918 -0.009476 -44010.9 99.8319 
583464 0.0425496 0.0416339 -44004.8 99.9982 
584430 0.0230981 0.00728496 -44644.7 100.165 
585396 0.062727 0.0382908 -45306.3 100.332 
586362 0.0315203 -0.0170737 -44533.8 100.499 
587328 0.0488765 0.0107406 -44939.2 100.665 
588294 0.0646475 0.0123277 -44664.1 100.832 
589260 0.0843649 -0.0362667 -43510.6 100.997 
590226 0.0527246 0.00207126 -43975.5 101.162 
591192 0.0424982 0.0417251 -43915.3 101.327 
592158 0.0133526 0.00514187 -44535.5 101.493 
593124 0.0434131 0.0332078 -45378.6 101.658 
594090 0.0475819 -0.00414137 -44087 101.824 
595056 0.0634373 0.0426978 -43728.5 101.99 
596022 0.0371782 0.0199207 -44516.4 102.156 
596988 0.0425191 -0.00955116 -45680.4 102.322 
597954 0.0603009 -0.00580645 -45192.7 102.489 
598920 0.0561009 -0.0160108 -44219 102.655 
599886 0.0496867 -0.0256343 -44215 102.821 
600852 0.054394 0.0160027 -44869 102.988 
601818 0.0594265 0.0249885 -45113.8 103.153 
602784 0.0563708 -0.010459 -46067.7 103.319 
603750 0.0622371 0.0273694 -45063 103.486 
604716 0.057842 -0.0426319 -44285 103.653 
605682 0.0435038 -0.0402886 -45143 103.821 
606648 0.0404256 -0.0380472 -45213.6 103.987 
607614 0.0364312 -0.0295281 -45421 104.154 
608580 0.0386472 -0.0287337 -46198.3 104.32 
609546 0.102657 -0.0343874 -47292.2 104.486 
610512 0.0793846 -0.0289063 -47767.5 104.652 
611478 0.0828348 0.0219958 -47165.6 104.818 
612444 0.0652905 0.0305075 -45881.4 104.984 
613410 0.0759511 0.0282538 -45558.9 105.149 
614376 0.0362685 -0.0324562 -44533 105.315 
615342 0.0406398 -0.0335219 -44439.8 105.481 
616308 0.0646761 -0.0394486 -45311.5 105.647 
617274 0.0321853 -0.0173363 -45876.2 105.812 
618240 0.0563339 -0.0412996 -43853.2 105.977 
619206 0.0626659 -0.0489281 -45478.1 106.142 
620172 0.0594758 0.0401714 -45683.8 106.306 
621138 0.0935385 0.0611987 -45728.7 106.471 
622104 0.0633256 0.0324371 -46157.4 106.636 
623070 0.0904002 0.0030686 -45143.3 106.802 
624036 0.0352774 0.00764994 -45114.7 106.967 
625002 0.0295359 -0.0231744 -45203.3 107.133 
625968 0.105279 -0.0430478 -45065.7 107.298 
626934 0.0663866 -0.0308729 -46200.3 107.462 
627900 0.0547843 -0.0299369 -45008.3 107.628 
628866 0.0896555 -0.0781495 -46369.8 107.793 
629832 0.0573385 -0.0562537 -45534.4 107.959 
630798 0.084433 -0.0719493 -46143 108.125 
631764 0.0273969 0.000125483 -45875.3 108.291 
632730 0.0519927 -0.0487901 -45081.6 108.456 
633696 0.0435296 -0.0300273 -44688.6 108.622 
634662 0.0480979 0.0100908 -44744.1 108.79 
635628 0.0755947 -0.0655718 -44806 108.956 
636594 0.0498336 -0.0248765 -44516.6 109.122 
637560 0.0842207 -0.0574915 -44971.4 109.288 
638526 0.0722297 -0.0316105 -46219.9 109.454 
639492 0.0752334 -0.0247438 -45495.2 109.62 
640458 0.0797275 -0.024053 -44834.2 109.786 
641424 0.0558362 -0.0100549 -43385.9 109.952 
642390 0.0502375 -0.0210376 -44605.9 110.117 
643356 0.0582511 -0.00589153 -44664.1 110.282 
644322 0.0268058 0.0124359 -43575.8 110.447 
645288 0.0500313 0.0450336 -44235 110.612 
646254 0.0453728 -0.0117419 -45275.2 110.779 
647220 0.0394749 -0.000919437 -44168.7 110.945 
648186 0.0845398 -0.0529703 -45053.4 111.111 
649152 0.103506 0.000659456 -45201.7 111.276 
650118 0.0659403 0.0367654 -44914.2 111.442 
651084 0.0240939 -0.0104047 -43878.6 111.606 
652050 0.0491186 0.0355091 -44538.5 111.772 
653016 0.0852998 0.0633588 -44665.4 111.939 
653982 0.0779683 -0.0239019 -44316.3 112.104 
654948 0.0770411 0.031659 -43222.8 112.271 
655914 0.0429446 0.00785439 -42777 112.438 
656880 0.0626213 0.0311644 -43532 112.603 
657846 0.0180603 0.00258608 -43000.7 112.769 
658812 0.0586266 0.0409504 -42111.2 112.936 
659778 0.0945389 0.0892274 -43701.1 113.101 
660744 0.016974 0.0071117 -43298.9 113.267 
661710 0.0542932 -0.0232378 -44388.2 113.433 
662676 0.0588574 0.0225787 -43675.8 113.599 
663642 0.0575363 0.0149255 -44498.3 113.765 
664608 0.0659283 0.0499155 -45283.9 113.931 
665574 0.0548502 0.037676 -44153 114.097 
666540 0.0358529 -0.0287202 -44688.6 114.263 
667506 0.0330239 -0.017023 -43621.9 114.429 
668472 0.0927733 -0.040457 -44792.6 114.595 
669438 0.041222 -0.0226252 -43988 114.76 
670404 0.0776426 -0.0431727 -44573.7 114.925 
671370 0.0307019 0.0241285 -45045.6 115.09 
672336 0.0318999 -0.00113996 -44855 115.255 
673302 0.0201544 0.0187205 -45004 115.421 
674268 0.0360955 -0.0112804 -44844.3 115.586 
675234 0.0530135 -0.0319769 -44219.4 115.751 
676200 0.0600669 -0.014175 -44945.4 115.916 
677166 0.0361407 -0.00503304 -44365.3 116.082 
678132 0.0541679 0.0185607 -43572.4 116.247 
679098 0.0300743 -0.0242561 -43393.6 116.413 
680064 0.0274859 0.00083548 -44080.5 116.579 
681030 0.0276691 -0.0223063 -44789.8 116.745 
681996 0.022689 -0.0177079 -43790.6 116.911 
682962 0.0420338 0.0133725 -43428.4 117.078 
683928 0.0301898 0.0171127 -44146.4 117.244 
684894 0.0441102 -0.0365157 -44352 117.411 
685860 0.0566194 0.0445937 -44947.2 117.576 
686826 0.0913462 0.00692052 -44343 117.742 
687792 0.0557769 -0.0196732 -44343.5 117.908 
688758 0.0971427 -0.0770069 -43329.7 118.076 
689724 0.0554303 -0.0221032 -43681.1 118.241 
690690 0.0374788 -0.00422262 -44889.1 118.408 
691656 0.0385843 0.0271234 -45012.7 118.575 
692622 0.0524513 0.0307355 -45336 118.741 
693588 0.0391437 -0.00564944 -43855.9 118.908 
694554 0.0399449 -0.0162796 -44916.4 119.074 
695520 0.0192985 -0.0117962 -45082.4 119.24 
696486 0.0408745 -0.0181189 -44312.6 119.407 
697452 0.0901564 0.0107107 -44880.7 119.573 
698418 0.0411155 0.0368118 -44050.5 119.74 
699384 0.0352105 -0.0264708 -44608.2 119.905 
700350 0.0399553 0.0358401 -44724.9 120.07 
701316 0.0429793 -0.0117482 -44890.4 120.234 
702282 0.0363134 -0.0192775 -45389.1 120.4 
703248 0.0310477 0.0142816 -45114.3 120.566 
704214 0.0449615 -0.0326333 -44030.5 120.73 
705180 0.0147962 -0.0131028 -44338.9 120.895 
706146 0.0478824 -0.0290142 -43322.2 121.06 
707112 0.062559 -0.0184666 -43116.5 121.224 
708078 0.0589302 -0.0300323 -43282.8 121.39 
709044 0.0575061 -0.00640704 -45552.9 121.555 
710010 0.0200238 0.0172842 -44410.8 121.721 
710976 0.0309243 -0.0126916 -44194.7 121.887 
711942 0.0483886 0.0185825 -45436.6 122.053 
712908 0.0539357 0.0093072 -44908.4 122.219 
713874 0.0666451 -0.0326427 -43678.8 122.385 
714840 0.0532746 -0.0215422 -44067.3 122.551 
715806 0.0281901 0.0188018 -45624.3 122.717 
716772 0.0252033 -0.00200985 -44768.1 122.883 
717738 0.0329583 -0.0113366 -45887.3 123.048 
718704 0.0684668 -0.051584 -45480.7 123.214 
719670 0.0871422 -0.0542816 -46431.7 123.38 
720636 0.0795657 -0.0506298 -46274.2 123.547 
721602 0.0483126 0.0324799 -46410.5 123.713 
722568 0.0382849 0.037041 -47002.6 123.879 
723534 0.0602037 -0.0390538 -45507.8 124.045 
724500 0.0059212 0.00373885 -44993.1 124.211 
725466 0.0788886 0.076372 -46109.3 124.378 
726432 0.106803 -0.000869048 -46301.5 124.544 
727398 0.043703 -0.00242933 -46756.3 124.712 
728364 0.063315 0.0405554 -46879.6 124.879 
729330 0.0468644 0.0226572 -45768 125.044 
730296 0.0334672 -0.0226536 -45931.1 125.21 
731262 0.0588208 0.0178102 -45674.8 125.376 
732228 0.0478005 -0.0392839 -43997.5 125.541 
733194 0.0391278 -0.0383957 -44614.2 125.709 
734160 0.0515733 0.0332666 -44337.4 125.876 
735126 0.0918797 0.0103739 -44457.3 126.042 
736092 0.10042 0.0485704 -45168 126.208 
737058 0.0571615 0.0291846 -45662 126.374 
738024 0.135348 -0.0308886 -44371.1 126.541 
738990 0.0287709 0.0273167 -45179.8 126.707 
739956 0.0119937 0.0118324 -44792.1 126.874 
740922 0.0514789 0.00185572 -45157.7 127.04 
741888 0.0523733 -0.0144663 -43487.1 127.206 
742854 0.0422426 -0.0316392 -44758.4 127.373 
743820 0.0254567 -0.0230986 -45103 127.54 
744786 0.0409112 0.0208377 -44492.2 127.708 
745752 0.0419418 0.0162526 -45390.7 127.874 
746718 0.0679868 0.0194059 -45905.2 128.041 
747684 0.0652887 0.0415465 -46130 128.207 
748650 0.0511725 0.0113778 -45746.3 128.373 
749616 0.049541 -0.0225685 -44771.7 128.54 
750582 0.0442863 -0.0143905 -43904 128.707 
751548 0.0704341 0.0338217 -44367.4 128.874 
752514 0.0452429 -0.0280479 -45777.2 129.04 
753480 0.0850286 -0.0202152 -44635.2 129.205 
754446 0.0180359 -0.000870351 -43591.4 129.371 
755412 0.0404977 0.0111015 -43643 129.536 
756378 0.0517918 -0.0128597 -44950.7 129.702 
757344 0.0313758 0.00728952 -44367.4 129.867 
758310 0.0472988 0.00656749 -43682.5 130.033 
759276 0.0611355 0.0149197 -43911.1 130.198 
760242 0.027567 -0.0102354 -44623.2 130.363 
761208 0.0481747 -0.0243713 -44427.3 130.529 
762174 0.011504 -0.00341773 -44416.7 130.695 
763140 0.0160771 -0.0118311 -45805.8 130.86 
764106 0.0334474 -0.0118372 -44735.5 131.027 
765072 0.0520216 -0.0325841 -43835.3 131.192 
766038 0.017734 0.00777537 -44081.5 131.358 
767004 0.0281447 -0.0177821 -45102.6 131.524 
767970 0.0149146 0.00883288 -44961.5 131.691 
768936 0.0597993 -0.0251039 -44806.3 131.86 
769902 0.0472437 0.0225234 -45945.6 132.027 
770868 0.0450382 0.00682803 -44448 132.194 
771834 0.0676198 0.00171335 -45302.4 132.359 
772800 0.0536434 -0.0219967 -44213.5 132.526 
773766 0.0194043 -0.0142885 -45327.3 132.693 
774732 0.0713281 0.0472875 -44603.4 132.86 
775698 0.0761405 -0.0592461 -44962.2 133.026 
776664 0.058353 -0.00544832 -45457.8 133.192 
777630 0.095041 -0.0599131 -45810.4 133.358 
778596 0.049102 -0.0187949 -45783.9 133.524 
779562 0.0703177 0.0438404 -46126.3 133.69 
780528 0.0501602 0.047385 -45909.6 133.856 
781494 0.0831854 0.0447144 -45689.3 134.022 
782460 0.0416373 0.0212781 -44603.6 134.188 
783426 0.0158002 0.00796187 -43700.6 134.354 
784392 0.0628419 0.055116 -43937.7 134.519 
785358 0.0886146 0.0145484 -43481 134.686 
786324 0.0258279 -0.00437052 -43678.2 134.851 
787290 0.0610706 -0.012971 -44778.2 135.018 
788256 0.0523584 -0.0131262 -45199.6 135.184 
789222 0.0592228 -0.0320351 -45911.8 135.35 
790188 0.0360963 -0.0221736 -45410.1 135.516 
791154 0.0301818 -0.0138745 -45972.3 135.683 
792120 0.0305556 -0.0213874 -46699.1 135.849 
793086 0.0458823 0.00584122 -46373.5 136.015 
794052 0.0647604 -0.0594238 -45695.7 136.182 
795018 0.0336802 -0.0320937 -45212.5 136.348 
795984 0.0572155 -0.0252985 -45443.7 136.515 
796950 0.0406971 -0.0097137 -46227.4 136.682 
797916 0.0256189 0.00630578 -45100.9 136.848 
798882 0.0320716 0.00518979 -44226.5 137.015 
799848 0.0468477 -0.0407152 -44576.7 137.182 
800814 0.0373959 -0.0302169 -44039.5 137.349 
801780 0.0804987 0.0299863 -43894.2 137.515 
802746 0.0525454 0.023693 -44813.5 137.681 
803712 0.0234387 -0.00201407 -44462.2 137.846 
804678 0.0422241 0.015121 -43863 138.013 
805644 0.038368 -0.00823649 -43727.8 138.179 
806610 0.0166763 -0.00861845 -45598.6 138.344 
807576 0.0748809 -0.00708269 -46390.9 138.511 
808542 0.0835332 0.0417424 -44787.2 138.678 
809508 0.0356791 -0.00654969 -44986.3 138.844 
810474 0.081192 -0.0254716 -44420.6 139.01 
811440 0.0312714 0.00642855 -44140.4 139.175 
812406 0.0292668 0.0103647 -44875.8 139.342 
813372 0.0367739 0.000290708 -43433.2 139.508 
814338 0.0400804 -0.0220562 -42475.1 139.674 
815304 0.0163744 0.00294033 -43777.1 139.841 
816270 0.0210058 -0.0146861 -44637.2 140.006 
817236 0.0343252 0.00195365 -44750.5 140.173 
818202 0.0675569 0.0509972 -44107.9 140.339 
819168 0.0244555 0.00985117 -43623.1 140.505 
820134 0.0806691 -0.0159889 -44174.1 140.671 
821100 0.0688976 0.0467139 -44690.3 140.837 
822066 0.0207425 0.0133659 -43925.2 141.003 
823032 0.0234918 -0.0121247 -43387.6 141.169 
823998 0.0111558 0.00471507 -43936.7 141.336 
824964 0.0293602 0.00432014 -43909.6 141.502 
825930 0.0347273 -0.00867589 -43374.7 141.669 
826896 0.0251727 -0.0022712 -43929.7 141.834 
827862 0.0471498 -0.0356781 -43280 142 
828828 0.068724 -0.060061 -43851.1 142.166 
829794 0.037002 0.0132293 -44289.7 142.331 
830760 0.0500919 0.0491911 -44244.6 142.497 
831726 0.0648182 0.0512655 -44342.9 142.662 
832692 0.0159166 0.0094493 -44466.5 142.828 
833658 0.0333144 0.0171705 -44449.7 142.995 
834624 0.0703676 0.0490295 -44489.2 143.161 
835590 0.0497557 0.0316324 -44763 143.327 
836556 0.0848713 0.0376134 -44867.7 143.494 
837522 0.0681062 0.0298292 -44239.1 143.66 
838488 0.0592364 0.0230382 -43962.3 143.826 
839454 0.0321299 0.0144866 -45389.2 143.993 
840420 0.0929643 0.0153574 -44766.9 144.16 
841386 0.0624973 -0.0101027 -44596.8 144.326 
842352 0.0706231 -0.0230169 -45206.9 144.493 
843318 0.0416313 0.033373 -44479.1 144.658 
844284 0.0240531 0.0222213 -45856.5 144.824 
845250 0.0153797 -0.0150969 -46251.1 144.99 
846216 0.0239777 0.0124178 -46514.7 145.156 
847182 0.0560337 -0.0219576 -45618.1 145.322 
848148 0.0513835 0.00475783 -45148.1 145.488 
849114 0.0763861 -0.0571981 -45036 145.654 
850080 0.0548448 -0.00380992 -45319.4 145.82 
851046 0.0294796 0.027869 -44592.6 145.986 
852012 0.0826233 -0.00122204 -46351.2 146.152 
852978 0.1024 -0.0544001 -46087.8 146.318 
853944 0.0860673 0.0138894 -44603.2 146.484 
854910 0.103325 -0.0247254 -44668.6 146.651 
855876 0.0510189 -0.0203956 -44944 146.818 
856842 0.0377593 -0.0335217 -44021.8 146.984 
857808 0.0406448 -0.0120034 -45306.5 147.151 
858774 0.0522015 -0.00493487 -45764.4 147.318 
859740 0.0334942 0.0132677 -45507.1 147.483 
860706 0.0579289 -0.0452876 -46183.1 147.65 
861672 0.0269179 0.00728951 -44656.6 147.816 
862638 0.0440126 -0.0418829 -44332.7 147.983 
863604 0.0383966 0.0262472 -44019.9 148.149 
864570 0.0606597 -0.000463199 -44774.5 148.313 
865536 0.0755479 -0.0345058 -45445 148.478 
866502 0.0620045 -0.0444718 -43515.7 148.644 
867468 0.0600236 -0.0331811 -42572 148.808 
868434 0.0641786 -0.0362133 -43763.4 148.974 
869400 0.0759983 0.0284628 -44323.3 149.139 
870366 0.0464617 -0.0169358 -44338.9 149.306 
871332 0.0630531 -0.00806313 -45088.3 149.471 
872298 0.0468829 -0.0383013 -44457.5 149.638 
873264 0.0711316 -0.0685756 -44656.2 149.804 
874230 0.046024 -0.0404244 -44914.3 149.97 
875196 0.055797 -0.0446106 -45115.2 150.136 
876162 0.0499949 0.0252121 -45915.7 150.304 
877128 0.0538726 0.0283895 -45574.6 150.472 
878094 0.0295192 0.0283269 -46550.7 150.638 
879060 0.0297519 -0.0243742 -47301.2 150.805 
880026 0.057583 -0.00579995 -46834.9 150.973 
880992 0.0520137 -0.0114003 -45747 151.14 
881958 0.0392897 0.021747 -45254 151.307 
882924 0.0558519 0.0266987 -46006.2 151.473 
883890 0.107432 -0.0116573 -44793.8 151.638 
884856 0.0594978 0.0317891 -45806.8 151.803 
885822 0.0453256 -0.0266999 -45100.4 151.971 
886788 0.0563462 -0.0526426 -45344.3 152.138 
887754 0.0801722 -0.0612397 -43721 152.304 
888720 0.033414 -0.0162081 -45921.9 152.47 
889686 0.0499258 0.00908712 -45821.3 152.635 
890652 0.0585992 0.0338503 -46381.8 152.8 
891618 0.0619259 0.0605159 -46175.2 152.966 
892584 0.0707847 0.0585237 -45051.4 153.132 
893550 0.00780936 0.00477281 -44287 153.298 
894516 0.0381848 -0.0298344 -44330.7 153.465 
895482 0.0648744 0.0559985 -44631.7 153.63 
896448 0.0230026 0.0172694 -43671.7 153.795 
897414 0.0225118 0.0103121 -43059.5 153.96 
898380 0.0840118 -0.0496412 -43858.6 154.126 
899346 0.0510802 0.0488382 -43844.9 154.291 
900312 0.0525769 0.0300936 -43812.6 154.456 
901278 0.0286996 0.000210944 -44732.1 154.621 
902244 0.0135739 0.0097221 -44982.7 154.787 
903210 0.0124867 -0.00703924 -45962.1 154.953 
904176 0.0448698 -0.00452389 -44492.3 155.119 
905142 0.0595558 -0.0154433 -44895 155.286 
906108 0.063036 -0.0276415 -45006.3 155.452 
907074 0.0329712 -0.00770362 -44360.8 155.619 
908040 0.0657587 -0.0642248 -43966.3 155.785 
909006 0.0455065 -0.0203009 -44178.7 155.952 
909972 0.0385379 0.0256815 -44675.4 156.118 
910938 0.0302241 -0.0274225 -44195.1 156.284 
911904 0.108878 -0.0610894 -45326.3 156.45 
912870 0.0262941 -0.0184875 -45428.8 156.615 
913836 0.0416737 0.00854211 -46915.5 156.782 
914802 0.0457784 0.0407498 -46350.8 156.95 
915768 0.0287138 0.0230513 -44542.2 157.117 
916734 0.029567 -0.0268199 -44318.4 157.284 
917700 0.017696 0.00997097 -44699.3 157.451 
918666 0.0574815 0.0123304 -45703.8 157.618 
919632 0.0487198 0.040236 -45838.1 157.785 
920598 0.0532162 0.0459726 -46312.6 157.95 
921564 0.0345152 0.0323633 -45812.7 158.116 
922530 0.068316 0.00806099 -44813.7 158.283 
923496 0.0947787 0.0235955 -44862 158.449 
924462 0.0552243 0.0410258 -44366.3 158.614 
925428 0.0245567 0.011548 -44320.3 158.781 
926394 0.0234393 -0.00211491 -44645.4 158.947 
927360 0.0568836 -0.0179326 -45856.4 159.114 
928326 0.0315467 -0.0307634 -45323.3 159.28 
929292 0.047764 0.000745457 -46357.6 159.447 
930258 0.0424103 0.0182526 -46318.2 159.613 
931224 0.0539894 -0.00791427 -46190.4 159.78 
932190 0.0298486 0.00612087 -44651.9 159.946 
933156 0.0577992 -0.0338301 -43756.7 160.114 
934122 0.0363642 -0.0143192 -44701.6 160.28 
935088 0.0504765 0.0315114 -45625.8 160.446 
936054 0.0236329 0.0169104 -46011.1 160.613 
937020 0.0340776 -0.0257547 -46049.7 160.779 
937986 0.0556434 0.045695 -45134.6 160.946 
938952 0.0253428 -0.00195653 -44307.1 161.112 
939918 0.105624 -0.0501609 -44780.8 161.279 
940884 0.0946653 -0.0394637 -46181.2 161.446 
941850 0.0783975 0.0169343 -45696.1 161.613 
942816 0.0678333 0.00253795 -45023.3 161.779 
943782 0.0977864 0.0447722 -45458.4 161.945 
944748 0.0623493 0.0107299 -44567 162.11 
945714 0.0687222 0.0645549 -45694.4 162.275 
946680 0.0349151 0.0161575 -44227 162.439 
947646 0.0573518 0.0369223 -44622.3 162.604 
948612 0.0593089 0.0513321 -45419.2 162.769 
949578 0.0389764 0.0389143 -46347 162.934 
950544 0.0421963 0.0230916 -45797.5 163.099 
951510 0.0682535 0.0469536 -46277 163.264 
952476 0.0572633 0.0480543 -43924.6 163.428 
953442 0.0616585 0.047418 -45220 163.594 
954408 0.0363106 -0.0113558 -45486.7 163.76 
955374 0.0353218 -0.0326461 -44932.3 163.926 
956340 0.0262998 0.019992 -44844.6 164.091 
957306 0.0394844 0.0306824 -44633.1 164.256 
958272 0.0433476 0.0369297 -45224.6 164.421 
959238 0.0472629 -0.0173497 -45587.9 164.587 
960204 0.0582154 -0.00537585 -44810.6 164.752 
961170 0.0751854 0.0495191 -45283.9 164.918 
962136 0.0432943 0.0332756 -46020.4 165.084 
963102 0.0395245 0.033734 -45832.7 165.251 
964068 0.0552641 -0.0438761 -45302.6 165.418 
965034 0.0460533 0.0208705 -44644 165.584 
966000 0.0405419 0.018879 -44451.6 165.75 
