0 0.037129 -0.0132263 -32351.7 0 
966 0.0412465 0.0220293 -35779.2 0.163182 
1932 0.0675718 0.0652303 -39971 0.330268 
2898 0.0339767 -0.0321538 -41240.4 0.494984 
3864 0.0436867 0.0192614 -42210.3 0.659103 
4830 0.075824 0.0715733 -44428 0.822849 
5796 0.0372092 0.00933652 -43894.6 0.986689 
6762 0.0369009 -0.00136961 -43360.5 1.15031 
7728 0.0508702 0.0291026 -43098.3 1.31391 
8694 0.0364187 0.00621696 -42805.7 1.47722 
9660 0.0484552 0.0012172 -44165.4 1.64128 
10626 0.0485937 0.0413513 -44103.6 1.80497 
11592 0.0275811 0.0221443 -44144 1.9686 
12558 0.0606329 0.026528 -44000.2 2.13237 
13524 0.0599336 -0.00683884 -44107.8 2.29616 
14490 0.020491 -0.00311177 -44366.9 2.45925 
15456 0.0269991 0.00120191 -43885 2.6233 
16422 0.0333662 0.000478458 -43447.1 2.78679 
17388 0.0222399 0.0167844 -43417 2.95116 
18354 0.0358799 -0.0017289 -44629.3 3.11456 
19320 0.0265056 -0.0131002 -44198.4 3.27854 
20286 0.0189242 -0.00671706 -45502.4 3.44311 
21252 0.0296739 -0.00254768 -44772.5 3.60745 
22218 0.0417617 0.0135589 -45077 3.77213 
23184 0.0203857 -0.00633902 -44870.8 3.9368 
24150 0.0433747 0.0118529 -44787.6 4.10106 
25116 0.0378334 0.00307599 -44056.8 4.26441 
26082 0.0555883 0.040712 -44770.3 4.42983 
27048 0.0199278 0.0149904 -45597.5 4.59505 
28014 0.0409879 0.00047824 -45794 4.75902 
28980 0.0261001 0.0141122 -44346.2 4.923 
29946 0.046003 -0.0141178 -45315.3 5.08735 
30912 0.0434183 -0.0207895 -45906.6 5.25097 
31878 0.0616643 -0.0389423 -46679.2 5.41495 
32844 0.0635506 0.024458 -45201.2 5.57934 
33810 0.0351659 0.0166594 -43943.4 5.74403 
34776 0.0120376 -0.0106271 -44519.4 5.90849 
35742 0.048867 0.0169087 -45319.5 6.07284 
36708 0.0584874 -0.00259327 -44814.2 6.23741 
37674 0.0225706 0.0133233 -44148.8 6.40174 
38640 0.0281149 -0.0176195 -43124.3 6.56563 
39606 0.0464014 0.00399341 -43640.5 6.72934 
40572 0.033669 -0.00965842 -43818.8 6.89308 
41538 0.058975 -0.00659144 -44305 7.05703 
42504 0.0785863 -0.00429048 -44548.9 7.22087 
43470 0.0125783 -0.00637349 -44223.9 7.38488 
44436 0.0526074 -0.0335699 -44911.1 7.54866 
45402 0.0277786 0.0168867 -43770.3 7.71248 
46368 0.0319739 -0.0309125 -43963.8 7.8762 
47334 0.0281727 0.0275685 -43420.1 8.04017 
48300 0.0324008 0.0299365 -44056.6 8.20477 
49266 0.0474068 0.00981081 -44653.8 8.36959 
50232 0.0520199 -0.0332552 -44766.1 8.5332 
51198 0.0729623 0.0675119 -45166 8.69738 
52164 0.0341371 -0.0261676 -44793.3 8.8606 
53130 0.0273868 -0.0224628 -44400.6 9.02528 
54096 0.0429312 0.0422332 -44301.9 9.18887 
55062 0.0581885 0.0414865 -43991.7 9.35262 
56028 0.024775 0.0137375 -44573.3 9.51658 
56994 0.0242711 -0.024094 -44270.3 9.68153 
57960 0.0162123 -0.00205905 -45213.2 9.84591 
58926 0.0650847 -0.0621624 -45339.9 10.0103 
59892 0.0431423 -0.0262508 -45345.3 10.1741 
60858 0.0861696 -0.0782773 -44406.9 10.3383 
61824 0.0387628 0.0294024 -43427.2 10.5023 
62790 0.0369326 0.0292586 -43791.8 10.6657 
63756 0.00940875 0.00337685 -43320.9 10.8288 
64722 0.0694087 0.0636465 -43612.1 10.9924 
65688 0.0150287 -0.000444029 -44032.5 11.1563 
66654 0.037852 -0.011763 -43982.6 11.3206 
67620 0.105468 -0.100841 -44352.6 11.4847 
68586 0.032531 -0.00223208 -43274.7 11.6479 
69552 0.0536952 0.000159304 -44270.9 11.8119 
70518 0.0724791 -0.0215761 -45051.4 11.9758 
71484 0.110506 0.0906135 -45046.9 12.1392 
72450 0.0416762 -0.0150633 -45234.6 12.3032 
73416 0.0671555 0.022573 -45370.7 12.4666 
74382 0.063467 0.0238766 -45205.2 12.6308 
75348 0.0564542 0.0449416 -44445.6 12.7951 
76314 0.0911059 0.0633364 -45437.4 12.9589 
77280 0.00932376 -0.000766256 -46107.7 13.1224 
78246 0.0353883 -0.0326101 -45102.5 13.2865 
79212 0.0223047 -0.016289 -45910.9 13.4498 
80178 0.0507577 0.0420916 -45555.3 13.6135 
81144 0.0547927 -0.00599654 -44841.8 13.7772 
82110 0.039356 -0.0243356 -44223.6 13.9413 
83076 0.0759143 -0.0730478 -44360.5 14.1051 
84042 0.0291974 0.00638143 -44712.6 14.2688 
85008 0.0479358 -0.0233278 -44439 14.4326 
85974 0.0702454 -0.0575745 -45049.8 14.5956 
86940 0.0356541 -0.0129883 -44841.4 14.7593 
87906 0.0764915 -0.043827 -44294.1 14.9233 
88872 0.0894677 -0.0307373 -44304.1 15.0866 
89838 0.105866 0.00859728 -45822.9 15.2501 
90804 0.065569 0.0108887 -45035.1 15.4137 
91770 0.0532785 -0.0133165 -45094.6 15.577 
92736 0.0198893 -0.00122109 -44234.3 15.741 
93702 0.0517655 0.00383388 -44924.9 15.9051 
94668 0.0962137 -0.0808913 -45696.1 16.0691 
95634 0.0573318 -0.0182283 -46077.3 16.2329 
96600 0.0824846 -0.0723859 -45604.5 16.3971 
97566 0.0451693 0.00411737 -44706.3 16.561 
98532 0.0907172 -0.0548944 -44636.5 16.7251 
99498 0.0404384 0.0325876 -44205.7 16.8894 
100464 0.075202 0.0107178 -44749.6 17.0537 
101430 0.0820252 -0.0560213 -45899.2 17.218 
102396 0.0662996 0.0174251 -46951.9 17.3819 
103362 0.0361595 0.00954001 -46924.8 17.5458 
104328 0.0460396 0.00585074 -46095.4 17.7098 
105294 0.0885722 0.0429192 -45883.7 17.8734 
106260 0.0551159 0.00937161 -45457.6 18.0368 
107226 0.047086 -0.0365428 -45038.1 18.2007 
108192 0.0880423 -0.037025 -44928 18.3643 
109158 0.0761282 -0.0566116 -46106.2 18.528 
110124 0.0841922 -0.0326638 -44804.5 18.6923 
111090 0.0832095 -0.0280997 -45362.9 18.856 
112056 0.0724953 -0.0170069 -45464.9 19.0198 
113022 0.0306953 0.0289298 -43277.7 19.1837 
113988 0.0702456 -0.00684294 -42308.2 19.3475 
114954 0.111518 0.0506072 -44203 19.5113 
115920 0.0884947 0.0268574 -44256.9 19.6754 
116886 0.134965 0.0127607 -44903.5 19.8387 
117852 0.0415174 -0.0211993 -44534.4 20.002 
118818 0.0918951 0.0518741 -44843.4 20.1656 
119784 0.042559 0.0211368 -45033.9 20.3296 
120750 0.0605604 -0.00648553 -45187.7 20.4933 
121716 0.0588874 -0.00661556 -44242.2 20.6569 
122682 0.123674 -0.00598676 -44746.4 20.8214 
123648 0.0526832 0.0226212 -44315 20.9855 
124614 0.0197082 -0.0163247 -44120.4 21.1498 
125580 0.0850935 0.0578078 -43804.2 21.3138 
126546 0.0504339 -0.0103514 -43612.9 21.4783 
127512 0.0485858 -0.00289994 -44270.7 21.6426 
128478 0.0414517 0.0111897 -44202.2 21.8064 
129444 0.0643727 -0.0456317 -44009.9 21.9704 
130410 0.0373567 -0.0344004 -45380.6 22.1342 
131376 0.083583 0.0389071 -45451.5 22.2986 
132342 0.0618645 0.00863537 -44871.4 22.4628 
133308 0.0454008 -0.00856879 -44542.6 22.6262 
134274 0.0732251 0.0252933 -44205.2 22.7893 
135240 0.0329632 -0.0312784 -44914.8 22.9536 
136206 0.0319675 0.0305106 -45953.2 23.1173 
137172 0.0325132 -0.00580718 -45146.5 23.2812 
138138 0.0499045 0.047754 -45726.9 23.445 
139104 0.0527163 0.0204703 -46353.5 23.6087 
140070 0.0568777 0.0309792 -44187.4 23.7726 
141036 0.042824 0.00199096 -44424.8 23.9367 
142002 0.0633861 0.00690756 -45410.4 24.1005 
142968 0.120848 0.119966 -46593.3 24.2643 
143934 0.0365144 0.0342531 -45830.4 24.4279 
144900 0.0196304 0.0163036 -45661.7 24.5917 
145866 0.0573664 -0.0100735 -44626 24.7562 
146832 0.0134949 -0.00605988 -45554.5 24.9201 
147798 0.0639915 -0.00836403 -46078.4 25.0838 
148764 0.0598819 0.0220351 -45422.2 25.2474 
149730 0.0188034 0.0148493 -45289.3 25.4113 
150696 0.0357408 0.0239329 -44810.7 25.5752 
151662 0.0647016 -0.030193 -44057.8 25.7389 
152628 0.0443067 -0.0257633 -44476.5 25.9021 
153594 0.0627937 -0.00402815 -44452 26.066 
154560 0.0371529 -0.0353438 -43977.3 26.229 
155526 0.0678329 -0.0128925 -43684.8 26.393 
156492 0.0153933 0.00477842 -43999.7 26.557 
157458 0.0263249 0.01023 -43863.3 26.7206 
158424 0.0222029 -0.00775221 -43504.5 26.8838 
159390 0.0410215 0.0137651 -45313.2 27.0474 
160356 0.0280501 0.0222693 -44576.3 27.2116 
161322 0.0389766 -0.011379 -44350.7 27.3756 
162288 0.0612748 -0.0148083 -43628.4 27.5396 
163254 0.0372067 -0.0239106 -42990.7 27.7031 
164220 0.0514262 -0.0264718 -44181.7 27.8671 
165186 0.0660586 -0.0639534 -43852.6 28.0319 
166152 0.0322906 -0.0044438 -43121.2 28.1954 
167118 0.0303934 -0.0202614 -43261 28.3595 
168084 0.0475748 -0.0174953 -43411.8 28.5237 
169050 0.0273327 0.0163839 -43181.6 28.6873 
170016 0.0273565 -0.00467052 -44729.2 28.8513 
170982 0.0607669 -0.0307529 -44362.3 29.0153 
171948 0.071972 0.0116612 -44667.2 29.1786 
172914 0.0260134 0.0141698 -44397.9 29.343 
173880 0.0245746 0.0182859 -44657.5 29.5071 
174846 0.0417834 0.00616619 -44757.1 29.6709 
175812 0.050133 -0.00716759 -44666.5 29.8347 
176778 0.0761776 0.0104884 -43310.1 29.9985 
177744 0.0494439 -0.0166377 -44574.4 30.1624 
178710 0.0581745 0.0418364 -45113.6 30.3263 
179676 0.0313782 0.00965148 -44770.9 30.4902 
180642 0.0626549 0.00361398 -45725.4 30.6541 
181608 0.0897643 0.0844066 -45330.8 30.8186 
182574 0.0329829 0.027054 -44636.3 30.9823 
183540 0.0432571 0.0431731 -45590 31.1463 
184506 0.0112313 -0.00542328 -44653.5 31.3096 
185472 0.0645098 -0.0597194 -44276 31.4736 
186438 0.041978 0.0375835 -43890.6 31.6375 
187404 0.0325812 0.0239338 -46472.2 31.8017 
188370 0.0342578 -0.0083742 -46392.9 31.9652 
189336 0.0348875 0.0047114 -46731 32.1286 
190302 0.106454 -0.0780914 -46603.9 32.2927 
191268 0.0741635 0.00125278 -45636.8 32.4562 
192234 0.076984 -0.0131788 -45485.1 32.6199 
193200 0.0414193 -0.00220189 -46268.7 32.7842 
194166 0.0125465 0.00843286 -46528.4 32.9479 
195132 0.0240873 0.0211476 -46732.6 33.1119 
196098 0.0694277 0.0551991 -46407.9 33.2762 
197064 0.0547384 0.0206189 -46153.5 33.4399 
198030 0.0846346 0.0510209 -46388.1 33.6037 
198996 0.108018 0.0652547 -46381.2 33.7674 
199962 0.0748515 -0.0299444 -46314.6 33.9313 
200928 0.0910769 -0.0226312 -46120.2 34.0952 
201894 0.0461591 -0.0030969 -44375.7 34.2594 
202860 0.0293575 0.0228125 -44732.6 34.4235 
203826 0.0366308 0.0152073 -44886.1 34.5872 
204792 0.0762514 0.0422251 -45005 34.751 
205758 0.0688756 0.0109923 -43579.3 34.9149 
206724 0.0551377 -0.0176272 -43471.9 35.0785 
207690 0.0809696 -0.048216 -43267.7 35.242 
208656 0.0481294 -0.0198454 -42643.7 35.4056 
209622 0.0771142 -0.0626301 -43060.6 35.5699 
210588 0.0635398 0.01176 -42623.8 35.7341 
211554 0.0303059 -0.0261397 -42207.7 35.8976 
212520 0.0148044 -0.0140439 -42527.6 36.0617 
213486 0.0849757 0.0697572 -43055.5 36.2256 
214452 0.0457231 0.0443191 -42677.1 36.389 
215418 0.0795716 0.0599398 -42839.3 36.5531 
216384 0.0544439 0.0387775 -43371.7 36.7167 
217350 0.0976858 0.0037414 -44136.1 36.8806 
218316 0.0857734 0.0795286 -44178.1 37.0447 
219282 0.0464338 0.0324356 -44661.7 37.2085 
220248 0.0397449 -0.0111918 -44388.5 37.3721 
221214 0.0461026 0.0406135 -45047.5 37.5363 
222180 0.0860954 0.0310415 -44231.1 37.6999 
223146 0.0646427 -0.000152382 -44359.9 37.8642 
224112 0.0566755 0.00093236 -44492 38.0277 
225078 0.0379205 0.0289515 -45390.5 38.1915 
226044 0.036038 0.0259804 -44536 38.3555 
227010 0.0269322 -0.00531232 -45490.3 38.5195 
227976 0.0365509 -0.0162727 -44575.8 38.6838 
228942 0.0203313 0.010607 -44798.6 38.8478 
229908 0.0315101 -0.0220944 -44704.3 39.0117 
230874 0.0348825 0.0163267 -44311.5 39.1752 
231840 0.0489164 0.0143548 -45167.7 39.3389 
232806 0.0543719 -0.0436909 -44895.5 39.5032 
233772 0.0605175 0.0323535 -44547.8 39.6672 
234738 0.0455619 0.0334614 -45421.6 39.8304 
235704 0.0383377 0.0221154 -45630.3 39.9948 
236670 0.0386644 0.0140134 -44479 40.1591 
237636 0.0706602 0.0654226 -45091.4 40.3226 
238602 0.0187708 0.0113522 -44991.2 40.4863 
239568 0.0417384 -0.0228854 -46250.9 40.6498 
240534 0.067088 0.0491069 -45273.8 40.8138 
241500 0.0441768 0.0351295 -45548.7 40.9776 
242466 0.0292779 0.00118826 -45195.5 41.1411 
243432 0.095917 0.0728823 -44901.2 41.3053 
244398 0.0763789 0.0206714 -46376.8 41.4696 
245364 0.0399108 -0.0330084 -45652.2 41.6337 
246330 0.0666972 -0.0229019 -45318 41.7977 
247296 0.0485444 -0.0471127 -45530.3 41.9619 
248262 0.0559698 -0.0286038 -46172 42.1251 
249228 0.0731093 -0.0635747 -46654.5 42.2884 
250194 0.0644784 -0.00118989 -46608.4 42.4524 
251160 0.0905467 -0.0152879 -47150.5 42.6158 
252126 0.0880762 0.0057717 -46043.7 42.7787 
253092 0.0208647 0.0182897 -45151.2 42.9423 
254058 0.0788852 0.0698993 -44952.2 43.1062 
255024 0.0733096 0.0575102 -45257.2 43.2706 
255990 0.0572558 -0.0515157 -44932 43.435 
256956 0.0536998 -0.0216089 -44567.8 43.5989 
257922 0.0569986 -0.0105433 -45485.3 43.7635 
258888 0.0425568 0.0163473 -44307 43.9274 
259854 0.0482475 0.0276649 -43996.1 44.0921 
260820 0.0763517 0.0215055 -45668.3 44.2563 
261786 0.0847821 0.00661949 -46053.7 44.4208 
262752 0.122258 0.0378274 -45835.5 44.5852 
263718 0.107375 0.0278513 -44775.8 44.7496 
264684 0.0909041 -0.0806118 -45261.3 44.9129 
265650 0.00765114 -0.00215997 -44400.3 45.0769 
266616 0.0063465 0.00268623 -45153.9 45.2403 
267582 0.0776599 -0.0280463 -44150.8 45.4047 
268548 0.0243772 -0.0153676 -44649.9 45.5681 
269514 0.0680467 0.0461623 -46301.1 45.7315 
270480 0.0479501 0.0227732 -45478.5 45.8966 
271446 0.0760895 -0.0385344 -44453.5 46.0604 
272412 0.0475081 -0.0260734 -43957.2 46.2233 
273378 0.0663085 0.000964449 -44040 46.3869 
274344 0.107618 -0.0342374 -44869.4 46.551 
275310 0.0766763 -0.0306112 -44496.5 46.7149 
276276 0.0543478 -0.00877174 -43100.7 46.8783 
277242 0.0837459 0.0110698 -43202 47.042 
278208 0.0460271 -0.004714 -44549.6 47.2063 
279174 0.0410063 -0.0195968 -43851.8 47.3699 
280140 0.0336229 -0.0287191 -43053 47.5329 
281106 0.0466005 0.0231918 -42621.8 47.6969 
282072 0.0457703 0.0336291 -42690 47.8601 
283038 0.0288321 0.00666872 -43506.2 48.0238 
284004 0.0304666 -0.00850251 -43080.9 48.1875 
284970 0.021143 -0.0145618 -43166.8 48.3516 
285936 0.0569149 0.0440933 -43096.8 48.5156 
286902 0.0263786 0.00688066 -45141.9 48.6795 
287868 0.0235605 0.00912626 -45317.8 48.8429 
288834 0.065282 0.0488632 -45806.3 49.0064 
289800 0.033039 -0.00627129 -44908.4 49.1711 
290766 0.0425955 -0.0379063 -45414.7 49.334 
291732 0.00215834 -0.00166699 -44428.9 49.4976 
292698 0.0333158 -0.0140667 -45952.1 49.6609 
293664 0.0637649 0.0118782 -45803.4 49.8245 
294630 0.0367335 0.0188822 -44043.3 49.9881 
295596 0.0220311 0.00231074 -44696.8 50.1512 
296562 0.0460404 -0.0346893 -44161.2 50.3151 
297528 0.0252594 0.0185864 -43144 50.4796 
298494 0.0370559 0.000832529 -43822 50.6436 
299460 0.0381723 0.0229928 -43660 50.8074 
300426 0.098873 0.0458887 -43268 50.9715 
301392 0.043637 0.0207418 -43404.1 51.1357 
302358 0.0183709 -0.00921759 -44205.1 51.2992 
303324 0.0703496 -0.0544991 -42987.5 51.4628 
304290 0.0589015 -0.0157771 -43988 51.6259 
305256 0.0546969 0.0264136 -44955.5 51.7894 
306222 0.0406018 0.0139593 -44444.6 51.9536 
307188 0.0394008 0.0269855 -44417.1 52.1172 
308154 0.03582 0.0328087 -44744.2 52.2823 
309120 0.0216988 0.0128062 -45140.5 52.4458 
310086 0.0183567 0.000894285 -44672.5 52.6098 
311052 0.0565951 0.0128007 -44605.2 52.7732 
312018 0.109141 0.00797884 -43746.2 52.9369 
312984 0.0779004 -0.0228746 -43555.1 53.1003 
313950 0.0509693 -0.037021 -44128.7 53.2647 
314916 0.0782448 -0.0230381 -43894.8 53.429 
315882 0.055989 -0.0421152 -44111.1 53.5933 
316848 0.0577453 0.0391087 -43922.5 53.7574 
317814 0.0302115 0.000463959 -45052.1 53.9214 
318780 0.0594502 0.0175738 -45780.6 54.0853 
319746 0.0637322 -0.0327053 -45587.2 54.2492 
320712 0.0115725 -0.00182357 -44925.3 54.4133 
321678 0.106157 -0.0944049 -45594.3 54.5777 
322644 0.0699478 -0.0466341 -45646.4 54.7414 
323610 0.0366598 -0.028534 -44870.9 54.9047 
324576 0.06187 -0.0130448 -45790.2 55.0689 
325542 0.0525601 -0.0457034 -45751.2 55.2327 
326508 0.0168871 -0.0103089 -44338.2 55.396 
327474 0.0810067 -0.0739748 -44878.1 55.5599 
328440 0.0438529 0.0193011 -43823.8 55.7243 
329406 0.0664855 -0.0277603 -43957.6 55.888 
330372 0.0269005 -0.0183936 -45106.8 56.0516 
331338 0.0347868 -0.0262492 -45150.5 56.2152 
332304 0.029207 -0.0248822 -44808.6 56.3781 
333270 0.058338 0.0481244 -45437.5 56.542 
334236 0.0497282 0.0344815 -45117.5 56.7053 
335202 0.0228536 -0.00324083 -43944 56.8689 
336168 0.0720535 0.0671637 -44223.1 57.0325 
337134 0.0211556 -0.0160708 -44861.1 57.1963 
338100 0.0256604 0.00426702 -45092.5 57.3599 
339066 0.0431531 -0.000894791 -45350.5 57.5234 
340032 0.0398978 -0.00819653 -46143.6 57.6872 
340998 0.0249165 0.00861607 -44135.1 57.8513 
341964 0.0481382 -0.0271486 -45118.6 58.0155 
342930 0.0607205 -0.00294983 -45720.2 58.1792 
343896 0.0308516 0.0115539 -44561.6 58.3427 
344862 0.0626465 -0.05488 -44602.3 58.5064 
345828 0.0224147 -0.013482 -44838.7 58.6707 
346794 0.0466984 0.00939861 -45418.1 58.834 
347760 0.0297336 -0.0238649 -45493.1 58.9979 
348726 0.0534937 -0.0216805 -46573.3 59.162 
349692 0.0424666 -0.0282034 -45798.4 59.3258 
350658 0.0478265 -0.0338289 -46538.5 59.4897 
351624 0.0576747 -0.0275491 -44992.2 59.6536 
352590 0.0599131 -0.0560885 -44466.7 59.8176 
353556 0.0356377 -0.0160774 -42679.9 59.9825 
354522 0.0249987 -0.0239665 -43329.3 60.1462 
355488 0.0156077 -0.0147977 -44058.1 60.3104 
356454 0.0662759 -0.0457227 -44481 60.4745 
357420 0.0248147 -0.00122899 -45381.1 60.6392 
358386 0.0393457 0.0309498 -45133.1 60.803 
359352 0.0160377 0.0100751 -45650.4 60.9674 
360318 0.0390065 -0.014092 -45533 61.1315 
361284 0.0323571 0.0274719 -45976.9 61.2962 
362250 0.0301225 0.0246762 -45117.4 61.46 
363216 0.0281244 0.00558618 -45427.5 61.6237 
364182 0.0665073 0.00675776 -45650.7 61.7883 
365148 0.0516392 0.0398993 -45540.3 61.9524 
366114 0.00755347 -0.00634009 -46943.6 62.1165 
367080 0.0386546 -0.0306213 -45951 62.281 
368046 0.0484673 -0.0222444 -45789.8 62.4451 
369012 0.0553623 -0.0021717 -46409.8 62.6104 
369978 0.0513672 -0.0506279 -46794.9 62.775 
370944 0.0503954 0.044722 -46792 62.9391 
371910 0.0536188 0.0119152 -44618.8 63.1037 
372876 0.0430027 -0.0101127 -44907.2 63.2682 
373842 0.0425289 -0.0423959 -45166 63.4321 
374808 0.0540272 -0.0189021 -45098.2 63.5967 
375774 0.0708621 -0.0209096 -43850.9 63.761 
376740 0.0696501 0.0254852 -44016 63.9251 
377706 0.121079 0.0463178 -45169.6 64.0889 
378672 0.0739628 -0.00107001 -44657.8 64.2529 
379638 0.0727169 -0.0140274 -43792.3 64.4168 
380604 0.10573 -0.0101353 -44642.1 64.5807 
381570 0.0648971 -0.00790101 -43978.8 64.7453 
382536 0.0663036 0.0153525 -44175.2 64.909 
383502 0.0401292 0.0106287 -45120.1 65.0733 
384468 0.0547789 -0.00255548 -45199.8 65.2372 
385434 0.0561385 -0.0194817 -45868.2 65.4012 
386400 0.0372931 -0.0349485 -45263.9 65.5649 
387366 0.0248359 0.0135219 -44266.1 65.7283 
388332 0.0541346 0.0419368 -44143.6 65.8918 
389298 0.0630783 0.02533 -43186.8 66.0561 
390264 0.0579788 0.053455 -44074.7 66.22 
391230 0.023941 0.00439205 -45061.9 66.3841 
392196 0.0599245 -0.00450723 -45498 66.5485 
393162 0.0386706 0.0271101 -44564.6 66.7127 
394128 0.0487625 -0.0405025 -42706.7 66.8768 
395094 0.0173028 0.00919938 -43896.7 67.0408 
396060 0.0268038 -0.00927734 -43128 67.205 
397026 0.0582669 0.0459202 -43978.5 67.3688 
397992 0.0570462 0.0125832 -43602.6 67.5327 
398958 0.0477782 -0.0162665 -44917.3 67.697 
399924 0.106153 0.0402418 -45430.8 67.8608 
400890 0.0811701 0.0342508 -45546.2 68.0244 
401856 0.0744854 -0.00421779 -45159.8 68.1886 
402822 0.0672564 -0.0324022 -45315.3 68.3525 
403788 0.0525953 0.0457968 -45801.8 68.5169 
404754 0.0369992 0.015574 -45689.3 68.6812 
405720 0.0747611 -0.0590234 -45154.3 68.8452 
406686 0.0224447 -0.00087005 -44880.7 69.0091 
407652 0.0417493 -0.016728 -45133.2 69.1733 
408618 0.0530805 -0.0181063 -45000.6 69.3368 
409584 0.0375791 -0.0143852 -44788.3 69.5015 
410550 0.0517353 -0.0286918 -45460.1 69.666 
411516 0.0367766 -0.0186946 -45807.5 69.8302 
412482 0.0493258 -0.0245136 -45461 69.9941 
413448 0.0326201 -0.0279539 -44122.6 70.1585 
414414 0.027714 -0.00289602 -43751.1 70.3225 
415380 0.0338982 0.0020485 -43778.7 70.4863 
416346 0.0448211 -0.0150333 -44693.3 70.6502 
417312 0.0631802 -0.0453506 -44132.7 70.8144 
418278 0.0739087 -0.0458191 -44001.6 70.9787 
419244 0.0789599 -0.0543969 -45013.1 71.1427 
420210 0.0292676 -0.00770741 -44629.8 71.3067 
421176 0.0555965 -0.0195177 -42756.2 71.4703 
422142 0.10251 -0.0736727 -44356 71.6348 
423108 0.0788909 -0.0124615 -44280.8 71.7987 
424074 0.0651714 -0.00193129 -45181.8 71.9634 
425040 0.0489957 -0.0106028 -45422.9 72.1278 
426006 0.0474933 -0.0128371 -45681.5 72.2919 
426972 0.0678441 0.014915 -44830.2 72.4564 
427938 0.038545 0.0275402 -43521.6 72.6198 
428904 0.0441723 -0.0255884 -44731.9 72.7841 
429870 0.0167174 -0.0162096 -45633.6 72.948 
430836 0.0712987 -0.0051226 -45133 73.1124 
431802 0.0649286 0.0231582 -44545.4 73.2766 
432768 0.0699317 -0.0508732 -45282.4 73.4412 
433734 0.0819983 -0.035399 -44853.5 73.605 
434700 0.0903924 -0.00925652 -44007.5 73.7695 
435666 0.0800847 -0.0421532 -44921.7 73.9339 
436632 0.0598734 -0.0495597 -45475.8 74.0986 
437598 0.0478714 0.00618505 -45000.3 74.2627 
438564 0.0594893 -0.056819 -44489.8 74.4279 
439530 0.0302189 -0.0011382 -44140.8 74.592 
440496 0.0538988 0.0251651 -43845.4 74.7563 
441462 0.0370915 0.00609707 -44643.6 74.9205 
442428 0.0602173 -0.0584964 -44352.2 75.0853 
443394 0.0859201 0.0154399 -44033.4 75.2495 
444360 0.080853 -0.0576885 -44186.7 75.4131 
445326 0.0618585 -0.0611529 -45291.6 75.5779 
446292 0.0613608 -0.0363454 -45632.1 75.7424 
447258 0.066966 -0.0633958 -45353.7 75.9067 
448224 0.0639765 -0.019937 -46129.7 76.0709 
449190 0.0484764 0.00291596 -45250.7 76.2353 
450156 0.0670626 -0.00536295 -45739.2 76.3996 
451122 0.0420948 0.0240508 -45422.2 76.5646 
452088 0.00889084 -0.00467236 -46169.3 76.7294 
453054 0.0768055 0.0718824 -45481.7 76.8936 
454020 0.110965 -0.00466428 -45368.8 77.0571 
454986 0.0323542 0.0296253 -44963 77.2216 
455952 0.0448651 -0.0271816 -44235.5 77.3858 
456918 0.0786989 0.0537123 -44719.4 77.5495 
457884 0.0819691 0.0625352 -45297.8 77.714 
458850 0.0402371 -0.00362759 -45728 77.8781 
459816 0.0548421 0.000714335 -44909.1 78.0428 
460782 0.0216463 -0.00782622 -45480.2 78.2069 
461748 0.0232605 -0.00711918 -45247.1 78.371 
462714 0.0670406 0.0341503 -44296.4 78.5357 
463680 0.057076 -0.0145081 -43487.6 78.6999 
464646 0.0518617 0.00325703 -43876.7 78.8642 
465612 0.0729263 -0.0392037 -44424.5 79.0283 
466578 0.0696508 -0.0314318 -44959.3 79.1928 
467544 0.0976421 -0.035681 -43907.6 79.3564 
468510 0.101299 0.0275413 -43319.3 79.5205 
469476 0.0916485 -0.0126477 -43450 79.6848 
470442 0.0393022 -0.00696504 -43627.3 79.849 
471408 0.0499641 0.0343618 -42479 80.0133 
472374 0.061433 0.0590534 -42962.7 80.1778 
473340 0.0414624 -0.0313332 -43813.4 80.3412 
474306 0.0709765 -0.0440202 -44689.1 80.5051 
475272 0.0391062 0.0246197 -44000.4 80.6698 
476238 0.0559086 0.048389 -43545.7 80.8336 
477204 0.0275447 0.00424829 -45414.4 80.9979 
478170 0.0220764 0.0133506 -45122.9 81.1625 
479136 0.0522834 0.0324776 -43893.9 81.3272 
480102 0.069149 0.0510249 -43823.7 81.4923 
481068 0.0541945 -0.0101481 -44538.1 81.6567 
482034 0.08518 -0.00629288 -45846.4 81.8208 
483000 0.0736567 0.0544528 -45549.5 81.9846 
483966 0.0444624 -0.0188974 -44416.8 82.1491 
484932 0.0464643 -0.0207548 -44418.3 82.3132 
485898 0.0662672 0.0321964 -45147.9 82.4769 
486864 0.0485431 0.0149476 -45325.1 82.641 
487830 0.0769626 0.0586834 -45104.6 82.8047 
488796 0.0173761 -0.00954715 -45462 82.9685 
489762 0.0347812 0.0246743 -44742.8 83.132 
490728 0.030262 -0.00550297 -44469.8 83.2962 
491694 0.0448422 -0.0274296 -45924.6 83.461 
492660 0.0309979 -0.0165716 -44457.6 83.6257 
493626 0.0646406 0.0335947 -45269.6 83.789 
494592 0.0508942 -0.0141424 -44939.7 83.9531 
495558 0.046165 -0.0374715 -44409.3 84.1167 
496524 0.0559605 -0.0136185 -45525.6 84.2805 
497490 0.037365 -0.0209525 -44409.4 84.4443 
498456 0.046136 0.0407728 -43598.2 84.6083 
499422 0.0629155 -0.0227884 -44167 84.7721 
500388 0.0675667 0.00466092 -44277.8 84.936 
501354 0.0460463 0.0201897 -44031.9 85.1006 
502320 0.093277 0.00682136 -44686.5 85.2639 
503286 0.0660496 -0.0265796 -44308.5 85.4273 
504252 0.0352464 0.0177069 -44227.1 85.591 
505218 0.031676 0.00862386 -44876.2 85.7556 
506184 0.0470263 -0.000204478 -45600.8 85.9202 
507150 0.0398746 0.0317816 -45151.4 86.0841 
508116 0.0644472 0.0353612 -45075.4 86.2477 
509082 0.0923053 -0.00446637 -44552.4 86.4122 
510048 0.0869923 0.00411727 -44169 86.5762 
511014 0.0533212 0.0230566 -44274 86.7405 
511980 0.0667781 0.0507181 -44319.8 86.9047 
512946 0.0633039 0.0272563 -44207.5 87.0689 
513912 0.0517157 0.0388835 -44868 87.2331 
514878 0.0202412 -0.0111442 -45369.5 87.3967 
515844 0.0369846 0.0335883 -43473.9 87.5609 
516810 0.0577234 0.0028167 -44883.4 87.7254 
517776 0.0649488 -0.0261587 -44681 87.89 
518742 0.0436091 0.0248343 -44519.6 88.0539 
519708 0.0239252 -0.0143738 -43073.7 88.2173 
520674 0.0493713 0.0311425 -44849.8 88.3809 
521640 0.0684059 0.0521834 -45484.8 88.5446 
522606 0.0251514 -0.0101956 -45075.2 88.7097 
523572 0.0343192 -0.0235962 -44505.6 88.8733 
524538 0.0614907 -0.0556856 -44747.3 89.0377 
525504 0.0323164 -0.0149636 -45672.8 89.2022 
526470 0.0761999 -0.0708553 -44407.9 89.3671 
527436 0.0628556 -0.0486588 -43938.9 89.5315 
528402 0.0154235 -0.011918 -45090.7 89.6958 
529368 0.0498259 -0.00886553 -45991.3 89.8597 
530334 0.0354192 0.0168252 -47195.8 90.0232 
531300 0.0370467 -0.0120262 -45886.9 90.1881 
532266 0.0415745 -0.00900767 -45868.7 90.3521 
533232 0.0277249 0.0103301 -44256.8 90.5162 
534198 0.0548077 0.0404716 -42595 90.6806 
535164 0.0600755 -0.0131218 -43835.5 90.8457 
536130 0.0412185 0.000452421 -44022 91.0094 
537096 0.0406971 -0.0164065 -44873.8 91.1733 
538062 0.0547079 0.000752202 -46810.7 91.3382 
539028 0.0496571 0.0108341 -44773.7 91.5031 
539994 0.0520384 -0.0256176 -46164.6 91.6671 
540960 0.0262506 0.00480281 -45907.5 91.8316 
541926 0.0342945 0.00149949 -45351 91.9958 
542892 0.0215888 0.0159458 -45098.1 92.16 
543858 0.035119 0.0158192 -45570.5 92.3247 
544824 0.0221796 0.0168334 -46093.5 92.4891 
545790 0.0158798 -0.0109255 -46266.4 92.6536 
546756 0.0903005 -0.0699556 -47261.1 92.8184 
547722 0.0600424 -0.0470992 -46184.4 92.9816 
548688 0.0693265 0.0178128 -46017.2 93.1457 
549654 0.0359844 -0.0162415 -46514.4 93.3101 
550620 0.0166242 -0.0141177 -45914 93.4753 
551586 0.0456133 -0.0374089 -45840.3 93.6396 
552552 0.0500769 0.00195415 -45486.2 93.8039 
553518 0.0264036 -0.0191952 -44709.5 93.9673 
554484 0.0184349 -0.0166105 -44930.4 94.1307 
555450 0.0244353 0.0117579 -44466 94.2944 
556416 0.0700423 -0.0453041 -44884.7 94.4586 
557382 0.0373197 -0.0150957 -44223.3 94.6222 
558348 0.0642202 -0.0573964 -43545.5 94.7857 
559314 0.048173 0.0143917 -44576 94.9498 
560280 0.0465113 -0.0161955 -45741.8 95.1144 
561246 0.0530495 -0.0374436 -45250.7 95.2785 
562212 0.0418156 2.01838e-05 -45271.7 95.4424 
563178 0.0211891 0.000542565 -45329 95.6061 
564144 0.070893 0.0350815 -46772.8 95.77 
565110 0.0429225 -0.0276633 -46229 95.9342 
566076 0.0188468 -0.00478973 -46715.9 96.0989 
567042 0.0245572 -0.00234264 -46237.6 96.2629 
568008 0.0251957 0.00776723 -46033.8 96.4269 
568974 0.106906 0.0424316 -46082 96.5915 
569940 0.140757 0.0669866 -45466.6 96.755 
570906 0.101632 0.00929111 -45131 96.9189 
571872 0.0575534 -0.0358 -46319.9 97.0828 
572838 0.0523537 -0.0335957 -46328.5 97.2464 
573804 0.061787 -0.0312673 -47129.1 97.4105 
574770 0.0420029 -0.0238246 -46248 97.575 
575736 0.0495022 -0.0295642 -45832.9 97.7391 
576702 0.0417707 0.0394714 -46271.3 97.9032 
577668 0.0218367 0.0107685 -47040 98.0676 
578634 0.0678387 -0.0463061 -46761.3 98.2317 
579600 0.0556701 0.0374904 -46241.6 98.3957 
580566 0.0522261 0.0334185 -46502.6 98.5603 
581532 0.0293685 0.0254635 -46773.5 98.7246 
582498 0.0459212 0.0369645 -46127 98.8886 
583464 0.0472327 0.00332954 -45034.2 99.0533 
584430 0.0368777 -0.000374246 -45101.6 99.2178 
585396 0.0883386 0.00641057 -45468.8 99.3819 
586362 0.0230899 -0.0150122 -44312 99.5468 
587328 0.0401721 0.0186689 -44920.1 99.7114 
588294 0.0901649 0.0321887 -44980.3 99.8756 
589260 0.0726163 -0.0161795 -44332.6 100.04 
590226 0.0546483 0.0390191 -44887.3 100.204 
591192 0.0361664 0.0160766 -44833.4 100.368 
592158 0.0885849 0.000954377 -44306.1 100.532 
593124 0.0506086 0.00619139 -43718.2 100.696 
594090 0.0335834 -0.0081651 -43735.7 100.86 
595056 0.0288482 0.0199127 -43271.2 101.024 
596022 0.0141493 0.00604573 -45214.9 101.188 
596988 0.0687301 0.0273146 -45365.4 101.353 
597954 0.0729741 0.0263566 -44165.1 101.517 
598920 0.0749463 -0.00785459 -43857.1 101.681 
599886 0.0592684 -0.00219331 -43207.8 101.845 
600852 0.0954322 -0.0611537 -45013 102.008 
601818 0.0823993 -0.0785088 -43252 102.172 
602784 0.0853387 -0.040429 -42966.6 102.337 
603750 0.0819341 0.0383488 -43063.5 102.502 
604716 0.0744099 0.0691505 -42819.6 102.666 
605682 0.0330985 -0.0039448 -42958.6 102.83 
606648 0.0577681 0.0500269 -43736.8 102.994 
607614 0.0358166 0.0309412 -42832.4 103.158 
608580 0.0436989 0.0348271 -43492.3 103.322 
609546 0.0690082 -0.0121209 -43323.7 103.486 
610512 0.0322011 0.0187739 -44159 103.65 
611478 0.0602085 -0.0552385 -44320.2 103.815 
612444 0.0269722 -0.0229094 -44364.3 103.979 
613410 0.049212 0.0490137 -44796.9 104.143 
614376 0.0714589 0.041197 -45436.2 104.307 
615342 0.0425584 -0.0332237 -44251.8 104.471 
616308 0.0537732 -0.0186047 -43689.2 104.636 
617274 0.0475917 0.00825484 -43552.2 104.8 
618240 0.0314332 0.0298269 -42068.7 104.964 
619206 0.022935 0.022358 -43019.1 105.128 
620172 0.042829 0.0354872 -42935.7 105.292 
621138 0.04076 -0.0031835 -42386.5 105.456 
622104 0.0410879 0.00257926 -41980.2 105.62 
623070 0.0502777 -0.0355123 -42580.4 105.784 
624036 0.0221602 -0.00988421 -42077.6 105.947 
625002 0.0175865 0.0160843 -42739.5 106.111 
625968 0.0386273 0.0290607 -42796.4 106.275 
626934 0.05599 0.0240901 -44477.8 106.439 
627900 0.0318042 0.0242817 -44032 106.602 
628866 0.0422926 0.0100358 -43490.2 106.767 
629832 0.0523129 0.0389939 -44071.5 106.931 
630798 0.0652619 -0.024424 -43905.8 107.094 
631764 0.0691716 0.00693908 -43882.1 107.259 
632730 0.121115 0.0318829 -44101.1 107.423 
633696 0.110279 0.0498911 -44223.1 107.586 
634662 0.111777 0.00822491 -44376.6 107.75 
635628 0.1091 -0.0165169 -45994.6 107.914 
636594 0.119404 0.0411324 -45734 108.078 
637560 0.0582985 -0.0197132 -45774.2 108.242 
638526 0.0658461 -0.0166337 -45514.4 108.406 
639492 0.0651813 -0.00615179 -45370.5 108.569 
640458 0.0509964 0.0423428 -45847.9 108.733 
641424 0.0192357 0.0118303 -45924.6 108.898 
642390 0.0326732 0.000669763 -46295.9 109.062 
643356 0.0252902 0.0115213 -46655.1 109.226 
644322 0.0418846 -0.0150587 -46129.8 109.389 
645288 0.0553644 0.0315687 -45206.4 109.553 
646254 0.0986114 0.0782967 -45559.2 109.718 
647220 0.0349628 -0.0155345 -44532.4 109.882 
648186 0.0527759 -0.0521784 -44465.6 110.045 
649152 0.048975 -0.0334611 -44971.6 110.21 
650118 0.0560322 0.0335243 -45456.3 110.373 
651084 0.0399969 0.0269571 -45397.3 110.538 
652050 0.0675734 0.0302976 -45082.5 110.701 
653016 0.0162627 0.012759 -45177 110.866 
653982 0.0710348 -0.0108697 -46782.3 111.03 
654948 0.0619134 0.015024 -44432.1 111.195 
655914 0.0739668 0.0413406 -45263.7 111.359 
656880 0.0844543 0.0703595 -45261.2 111.523 
657846 0.0275435 0.00555762 -44326.4 111.687 
658812 0.053682 0.0208291 -44949.7 111.852 
659778 0.0815765 -0.0434927 -44605.6 112.016 
660744 0.0504994 -0.0460759 -45181.2 112.18 
661710 0.0532759 -0.0345827 -44453.2 112.344 
662676 0.0358099 -0.0328734 -44150 112.507 
663642 0.060139 -0.0384477 -44056.2 112.672 
664608 0.0508686 -0.00157484 -44429.1 112.837 
665574 0.0253112 0.0185329 -44288.6 113.001 
666540 0.0475687 0.0221483 -44031.5 113.166 
667506 0.0403995 0.0244043 -45177.2 113.33 
668472 0.0485518 0.0369091 -47102.9 113.494 
669438 0.0398347 0.020545 -45383.4 113.659 
670404 0.0413198 -0.0233035 -46428.9 113.823 
671370 0.0195746 -0.0066549 -45532.3 113.987 
672336 0.015509 -0.000372482 -44096.8 114.152 
673302 0.0303592 0.029367 -43269.4 114.316 
674268 0.0505386 0.024402 -42583.5 114.479 
675234 0.0619277 -0.0254676 -42846.6 114.643 
676200 0.0533344 -0.0422697 -43454.7 114.807 
677166 0.0410493 -0.0349183 -44058.3 114.971 
678132 0.0704567 0.0463063 -45164 115.135 
679098 0.0669062 -0.00920737 -44809 115.3 
680064 0.084492 0.0282338 -46195.7 115.463 
681030 0.0799564 0.00179004 -46070.9 115.627 
681996 0.102566 0.00856894 -45432.6 115.791 
682962 0.0524704 0.0253149 -45815.1 115.955 
683928 0.0639269 0.0197458 -45348.1 116.12 
684894 0.0900272 0.0351202 -45974.9 116.285 
685860 0.111023 0.043775 -45598.9 116.449 
686826 0.0813521 -0.032855 -44945.4 116.614 
687792 0.0504358 0.00351507 -43975.3 116.777 
688758 0.0323062 -0.00555814 -44343.1 116.941 
689724 0.0412785 -0.0340814 -44162.5 117.104 
690690 0.0567314 -0.0317482 -44606.2 117.269 
691656 0.0675014 -0.0214825 -44173.6 117.433 
692622 0.058543 -0.0234311 -44881.9 117.597 
693588 0.0707296 0.0466242 -45431.8 117.761 
694554 0.0211546 0.00187334 -45052.2 117.924 
695520 0.0287101 -0.0267102 -44693.4 118.088 
696486 0.0337796 -0.0332913 -44549.8 118.252 
697452 0.0635894 0.0431311 -44749.8 118.416 
698418 0.046677 -0.00369155 -45243.6 118.581 
699384 0.047122 0.0170487 -45176.3 118.745 
700350 0.0241142 0.0070399 -44626.1 118.908 
701316 0.100012 0.032287 -44084.4 119.073 
702282 0.0486909 0.00022385 -44092.5 119.238 
703248 0.0358624 -0.0198743 -43912.1 119.402 
704214 0.0353205 -0.00597274 -44457 119.566 
705180 0.106338 -0.0121746 -45179.1 119.729 
706146 0.0786812 -0.0117401 -45008.3 119.894 
707112 0.0886033 -0.00676731 -45427.4 120.058 
708078 0.0607774 -0.0261757 -46566.9 120.222 
709044 0.0827607 -0.0343516 -46369.9 120.386 
710010 0.0298531 -0.025795 -46985.1 120.55 
710976 0.0482007 0.00606866 -45143.2 120.714 
711942 0.046235 -0.000453842 -45455.8 120.878 
712908 0.0680655 0.00886822 -45708.6 121.042 
713874 0.0364477 0.000888982 -45895.9 121.206 
714840 0.015253 0.00670137 -46379.4 121.371 
715806 0.0353723 0.0316537 -46683.6 121.535 
716772 0.0623534 -0.00296546 -44657.8 121.699 
717738 0.0451478 -0.00686196 -44817.3 121.863 
718704 0.0512801 -0.0167842 -45555.7 122.027 
719670 0.00983823 0.00304107 -45418.9 122.192 
720636 0.0217413 -0.0175476 -45784.3 122.356 
721602 0.0300747 -0.00841801 -45599.1 122.52 
722568 0.0576579 0.0514634 -44523.8 122.684 
723534 0.0426248 0.027533 -44782.5 122.848 
724500 0.0838747 0.0295179 -46735.9 123.012 
725466 0.0172251 0.0136288 -46284.8 123.176 
726432 0.0280043 0.0117919 -45228.2 123.34 
727398 0.0190317 0.00919163 -45694.6 123.504 
728364 0.0539075 0.0222862 -44574.6 123.668 
729330 0.0605093 0.00346528 -44064.1 123.831 
730296 0.0611281 0.0353555 -43981.1 123.995 
731262 0.0319171 0.00578769 -43838.4 124.159 
732228 0.0454588 -0.0412728 -44262.3 124.323 
733194 0.0126294 0.00541353 -44650.1 124.487 
734160 0.0668323 -0.00181087 -44339.2 124.651 
735126 0.0293124 -0.00801358 -44543.3 124.815 
736092 0.0347227 -0.0100215 -45026 124.978 
737058 0.0421018 0.0125624 -44400.6 125.142 
738024 0.0658042 0.0121996 -45259.4 125.307 
738990 0.0593193 0.0535987 -44836.9 125.471 
739956 0.0315296 0.0261972 -44147 125.635 
740922 0.0479382 -0.0019794 -44256.5 125.8 
741888 0.0806772 -0.0511627 -45313.7 125.964 
742854 0.0277354 -0.00229712 -44687.5 126.128 
743820 0.0528314 0.0395284 -45514 126.293 
744786 0.0577109 -0.0110424 -45193.6 126.457 
745752 0.0513395 -0.0331362 -45304 126.621 
746718 0.0398951 -0.0390158 -46246.6 126.785 
747684 0.0164932 0.0144199 -44509.7 126.949 
748650 0.0610509 0.0509171 -45181.9 127.113 
749616 0.0316846 0.0126306 -44933.9 127.276 
750582 0.0517961 0.0516299 -44559.6 127.44 
751548 0.065492 0.0639874 -44695 127.604 
752514 0.0396275 0.0210545 -46352 127.769 
753480 0.0541984 0.0140506 -46996.2 127.932 
754446 0.0484049 0.0320579 -46733.3 128.096 
755412 0.117781 0.00741506 -45724.5 128.261 
756378 0.0419111 0.0276512 -45581.4 128.425 
757344 0.0369237 0.0243241 -46410.3 128.589 
758310 0.0499391 0.0171915 -44712.6 128.753 
759276 0.0950233 0.0403812 -44423.7 128.917 
760242 0.0683935 0.0588262 -44097.9 129.081 
761208 0.0353079 0.00390415 -44995.4 129.246 
762174 0.0533197 0.0173398 -45337.5 129.41 
763140 0.0584771 0.0518622 -45458 129.575 
764106 0.0452151 0.00253163 -45199.6 129.74 
765072 0.0164652 0.00823251 -44999.4 129.903 
766038 0.0347589 0.00174633 -44200.5 130.067 
767004 0.0619643 0.0383742 -44856.4 130.231 
767970 0.0588473 0.0147494 -46538.9 130.396 
768936 0.0920884 0.0288888 -45820.4 130.56 
769902 0.0670279 0.025979 -45717.7 130.724 
770868 0.0156891 0.00951569 -45193.6 130.888 
771834 0.0379263 -0.033936 -46303.9 131.053 
772800 0.0352424 -0.0127152 -45568.8 131.217 
773766 0.0794563 -0.00091762 -45052.4 131.382 
774732 0.019801 0.00493833 -44531.7 131.545 
775698 0.0483826 0.0181809 -45739.2 131.71 
776664 0.0150907 -0.0114145 -45158.8 131.874 
777630 0.0542508 0.0168309 -44531.9 132.038 
778596 0.0389204 -0.011399 -45534.6 132.202 
779562 0.0722723 -0.0231496 -45357.5 132.366 
780528 0.0257143 -0.0199797 -45025.6 132.531 
781494 0.0332944 -0.00659942 -45524 132.694 
782460 0.0439732 -0.0420929 -45215.1 132.858 
783426 0.0589149 -0.0235605 -45457.2 133.022 
784392 0.0593309 -0.051896 -44977.6 133.187 
785358 0.0235461 0.00229853 -45695.8 133.351 
786324 0.0407783 -0.0322314 -44644.1 133.515 
787290 0.0594463 0.0205154 -44341.7 133.679 
788256 0.0710817 0.0256307 -45169.7 133.844 
789222 0.0813712 0.0348329 -45575.6 134.008 
790188 0.0373997 -0.0171363 -45561.4 134.173 
791154 0.0235945 0.019237 -44869.1 134.336 
792120 0.0278902 -0.00199879 -45065.8 134.501 
793086 0.0363321 0.0110798 -45466.4 134.665 
794052 0.0226254 0.0142287 -46244.1 134.829 
795018 0.0617034 -0.02211 -45825.2 134.993 
795984 0.0153529 0.0032263 -45294.9 135.158 
796950 0.0563073 0.0334318 -45360 135.322 
797916 0.0361945 0.0235544 -46559.4 135.486 
798882 0.0439032 0.0104803 -46867.4 135.651 
799848 0.0808353 -0.074437 -46231.7 135.814 
800814 0.0297835 -0.0145924 -45275.8 135.978 
801780 0.0676447 -0.0606725 -45872.7 136.142 
802746 0.0360031 -0.0330341 -44907.5 136.306 
803712 0.04522 -0.0434746 -44109.7 136.47 
804678 0.0360465 0.019887 -44588.2 136.634 
805644 0.0273721 -0.0208832 -44872.7 136.799 
806610 0.0673114 0.0323449 -44580.9 136.962 
807576 0.0493594 -0.0358595 -44517.7 137.126 
808542 0.0304614 0.0133318 -45193.6 137.291 
809508 0.0404137 0.0391254 -44691 137.455 
810474 0.0534484 -0.0381727 -45199.8 137.619 
811440 0.0827268 0.00378042 -45452.5 137.784 
812406 0.087391 0.0120624 -44444.6 137.947 
813372 0.0678161 0.0346149 -44983.6 138.111 
814338 0.0510273 -0.0146841 -46189.3 138.276 
815304 0.0561444 -0.010156 -44413.7 138.44 
816270 0.0956234 -0.0461177 -44141.6 138.603 
817236 0.0962069 -0.0861516 -44307.9 138.767 
818202 0.0595229 -0.0245053 -43833 138.931 
819168 0.0759095 -0.0676287 -42417.1 139.095 
820134 0.0499169 -0.0248735 -43634.7 139.259 
821100 0.093553 0.0211858 -44672.7 139.423 
822066 0.0509123 0.000169631 -43996.2 139.587 
823032 0.0473865 -0.00403796 -43749.8 139.752 
823998 0.087752 0.0566783 -42502.9 139.917 
824964 0.0597424 0.0193853 -43569.7 140.08 
825930 0.0731095 0.0696063 -44253.8 140.245 
826896 0.0797879 0.0382181 -43712.5 140.409 
827862 0.0498426 -0.00252539 -43229.4 140.574 
828828 0.0264229 0.0165196 -43155.1 140.737 
829794 0.0569332 -0.0320151 -42718.7 140.901 
830760 0.0434773 -0.00771129 -43180.1 141.065 
831726 0.0185717 -0.0182565 -43233.6 141.229 
832692 0.0330054 -0.0321069 -43611.1 141.392 
833658 0.030315 0.00398737 -43896.3 141.556 
834624 0.0677592 -0.0331063 -44950 141.72 
835590 0.0525521 0.0330301 -45945.4 141.884 
836556 0.0468078 0.0431139 -45911.1 142.048 
837522 0.0588378 -0.0238128 -46654.2 142.212 
838488 0.0512225 -0.0217462 -46356.5 142.377 
839454 0.0463369 0.00988105 -46641.8 142.54 
840420 0.0492787 0.0219095 -45220.9 142.704 
841386 0.0457406 0.0428883 -44760 142.868 
842352 0.0644249 0.0043935 -45096 143.032 
843318 0.0298087 -0.0284445 -44387.2 143.197 
844284 0.0309956 -0.0243688 -44369.5 143.361 
845250 0.0799125 -0.0401823 -45130.9 143.525 
846216 0.0441594 0.00480049 -45309.5 143.689 
847182 0.0752572 -0.0647671 -44669.9 143.853 
848148 0.0416097 0.0152983 -44566.2 144.017 
849114 0.0500202 0.0495628 -44598 144.181 
850080 0.0501793 0.0160293 -45289.6 144.345 
851046 0.0620734 0.00309561 -44635.1 144.51 
852012 0.041055 0.0354705 -44550 144.674 
852978 0.044333 -0.0363048 -44518 144.839 
853944 0.0375532 0.0119342 -44374.9 145.004 
854910 0.0511242 -0.00602672 -43373.8 145.169 
855876 0.10225 0.0965536 -44245 145.333 
856842 0.0689498 0.0688504 -45051.6 145.498 
857808 0.0553374 0.0510357 -44426.9 145.662 
858774 0.0624345 0.0356878 -44532.3 145.826 
859740 0.0506974 -0.00275314 -44868.8 145.991 
860706 0.0499951 -0.0291 -44270 146.155 
861672 0.0654483 -0.0627796 -46032.6 146.319 
862638 0.0841091 -0.0639934 -45535 146.483 
863604 0.0361783 -0.00753619 -45902.4 146.647 
864570 0.054237 0.0404711 -45175.3 146.811 
865536 0.0883402 0.0746498 -45320.5 146.975 
866502 0.0551262 0.0262872 -45060.1 147.139 
867468 0.0681811 0.0473912 -44986.1 147.302 
868434 0.03437 0.0298075 -45451.8 147.467 
869400 0.0489708 0.0399424 -44653.4 147.631 
870366 0.0441843 -0.0042305 -43907.1 147.795 
871332 0.0347581 0.00275745 -44946.1 147.959 
872298 0.0701961 0.0546691 -43696.9 148.124 
873264 0.0967253 0.0472088 -45204.2 148.288 
874230 0.0375881 0.0189448 -44729.9 148.453 
875196 0.0617088 -0.0306061 -43893.1 148.617 
876162 0.0436011 -0.00136448 -44287.9 148.781 
877128 0.057194 -0.00205546 -45701.9 148.945 
878094 0.0564393 -0.0447792 -44365 149.11 
879060 0.0545834 -0.0203551 -44097.9 149.274 
880026 0.0706153 -0.0496663 -44674.6 149.438 
880992 0.0757429 -0.0565863 -44706.6 149.602 
881958 0.0470221 0.023123 -44603.4 149.767 
882924 0.0466972 0.00102512 -45896.6 149.931 
883890 0.045587 -0.0318531 -44402.6 150.096 
884856 0.02648 -0.0131183 -44239.1 150.26 
885822 0.0291265 0.00594989 -44750.6 150.424 
886788 0.0493189 0.0209236 -44079 150.588 
887754 0.0596303 0.0573384 -44474.5 150.752 
888720 0.0259083 -0.0185795 -44765.7 150.916 
889686 0.0795987 0.0326032 -44599.7 151.08 
890652 0.0700505 0.0518106 -44586.1 151.244 
891618 0.057827 -0.0469828 -45556.1 151.408 
892584 0.0313091 -0.00266445 -44935.2 151.571 
893550 0.0489633 -0.0254843 -45595.7 151.734 
894516 0.0548859 0.0418115 -45730.8 151.898 
895482 0.00780023 -0.00715393 -45308.3 152.061 
896448 0.0567016 0.039062 -45870.2 152.225 
897414 0.0484114 0.0215297 -44999.6 152.389 
898380 0.112068 0.052046 -44728.3 152.554 
899346 0.136075 0.0818336 -44730.6 152.718 
900312 0.0851311 0.0688051 -45080.2 152.882 
901278 0.0597295 0.03922 -46026.7 153.046 
902244 0.00821245 -0.000421159 -45998.8 153.21 
903210 0.0630213 -0.0334069 -45183.1 153.375 
904176 0.0626951 0.00563576 -47058.3 153.539 
905142 0.0580491 0.0297629 -46233 153.702 
906108 0.0975907 0.00297766 -46443.4 153.868 
907074 0.0558072 0.0221277 -46261.5 154.032 
908040 0.0516193 0.00136039 -45738.3 154.196 
909006 0.0416154 0.0119924 -45850.9 154.36 
909972 0.0416652 0.0346827 -44661 154.524 
910938 0.066075 -0.0275394 -45693.3 154.688 
911904 0.0907354 0.0646309 -45956.7 154.852 
912870 0.05617 -0.0534114 -44974.9 155.016 
913836 0.0158493 -0.0073044 -45239.3 155.18 
914802 0.0654572 -0.0483771 -45230.6 155.344 
915768 0.0243225 0.00406976 -46168.4 155.509 
916734 0.0449234 -0.0250419 -46444.8 155.673 
917700 0.0466668 0.0199939 -45299.6 155.837 
918666 0.103651 0.0224328 -45523.4 156.001 
919632 0.0713063 0.00212351 -45669.7 156.165 
920598 0.0203395 -0.00102389 -44657.2 156.329 
921564 0.0297355 0.0295145 -45999.2 156.494 
922530 0.0253795 -0.0106493 -46102.3 156.658 
923496 0.0555126 -0.0183091 -46618 156.822 
924462 0.0346761 0.0125164 -46247.4 156.986 
925428 0.0812618 0.0510575 -44819.6 157.15 
926394 0.0360294 -0.00632415 -45476 157.315 
927360 0.0579795 0.0304044 -45092.3 157.479 
928326 0.0391046 -0.00421865 -44783.4 157.642 
929292 0.0473155 0.00528341 -44876.5 157.807 
930258 0.0611981 -0.0413982 -45017.8 157.971 
931224 0.033529 -0.0229724 -44840.2 158.135 
932190 0.0236148 0.00364932 -44685.9 158.299 
933156 0.029945 -0.00675831 -43884.1 158.463 
934122 0.0573024 0.00449889 -43733.6 158.627 
935088 0.0208084 -0.01301 -43904.7 158.791 
936054 0.0422904 0.0194545 -42756.2 158.955 
937020 0.0291555 -0.0291209 -44449.3 159.119 
937986 0.0493834 0.0256795 -45214.5 159.284 
938952 0.04921 0.0226982 -45310.8 159.447 
939918 0.0476153 0.0392508 -44912.7 159.611 
940884 0.0326755 0.0189152 -45536.5 159.775 
941850 0.0347163 -0.000404307 -45689.2 159.939 
942816 0.025798 -0.00575359 -46190.6 160.103 
943782 0.0298036 -0.0255194 -45792 160.266 
944748 0.0674397 0.0667676 -45637.9 160.43 
945714 0.0405511 -0.0202813 -45337.4 160.593 
946680 0.0158834 0.000635963 -44866 160.757 
947646 0.0321198 -0.00340371 -45471.8 160.921 
948612 0.0414314 0.0352718 -46412.7 161.085 
949578 0.0113923 0.00845291 -45018.1 161.25 
950544 0.0247851 0.000483537 -45141.5 161.413 
951510 0.0824199 0.0815718 -45226.7 161.578 
952476 0.0669378 0.0532316 -44777.5 161.741 
953442 0.0680143 0.0656653 -44608.6 161.906 
954408 0.00694642 -0.0016598 -45265.9 162.07 
955374 0.0336104 0.0261574 -44620.1 162.234 
956340 0.0408741 0.0116835 -44995.8 162.398 
957306 0.0907168 -0.00784257 -44950.1 162.562 
958272 0.0906542 0.056529 -45727.8 162.726 
959238 0.0345009 0.0119929 -43628.3 162.89 
960204 0.0666835 -0.00084328 -46062 163.054 
961170 0.0600797 0.0085775 -45067.8 163.218 
962136 0.0617937 0.0364463 -45858.2 163.382 
963102 0.0932604 -0.0138542 -46143.6 163.546 
964068 0.0678838 -0.0559978 -44730.7 163.71 
965034 0.0767836 0.0277547 -44703.6 163.874 
966000 0.0358073 0.000609105 -44290.1 164.038 
