0 0.0216865 -0.0186168 -32518 0 
966 0.0268596 -0.0148438 -35964.6 0.168298 
1932 0.0356008 -0.0275247 -40600.7 0.339999 
2898 0.0514998 -0.0445222 -42542.7 0.510695 
3864 0.0228794 0.003071 -43019.8 0.679815 
4830 0.0277873 0.0161842 -43231.2 0.848858 
5796 0.0457883 0.0174759 -42633.6 1.02085 
6762 0.0662959 -0.022547 -42904 1.1896 
7728 0.0596764 -0.0281156 -42330.3 1.35816 
8694 0.050473 -0.0231591 -43348.6 1.52754 
9660 0.0316756 -0.00939667 -43507.9 1.69858 
10626 0.0683781 0.0142486 -43772.1 1.86766 
11592 0.0710356 0.00960464 -43563.5 2.03646 
12558 0.0400114 -0.0148829 -43253 2.20447 
13524 0.0219892 0.00215362 -44369.9 2.37343 
14490 0.0519488 -0.00854301 -44469.1 2.54049 
15456 0.0462494 -0.0280506 -45518.3 2.7092 
16422 0.0735579 0.021069 -45664.1 2.878 
17388 0.0722813 -0.00524966 -46123.1 3.04619 
18354 0.0381561 0.0110597 -46087 3.21626 
19320 0.0392087 0.0346166 -46209.6 3.38516 
20286 0.0220993 -0.0011565 -45742.8 3.55463 
21252 0.0664384 0.0562475 -46269.5 3.72337 
22218 0.0223762 0.0200612 -44919.2 3.8934 
23184 0.0287293 0.000377219 -44417.2 4.06517 
24150 0.0442612 -0.0420959 -44529.7 4.23465 
25116 0.0659175 -0.0553436 -44856.9 4.40392 
26082 0.0719819 -0.0421304 -45867.3 4.5714 
27048 0.078819 0.0126399 -45415.6 4.74065 
28014 0.0573944 -0.0364946 -45001.3 4.90774 
28980 0.0444794 -0.0239715 -44721.2 5.07737 
29946 0.0841456 -0.023867 -43903.3 5.24779 
30912 0.0965355 0.0229389 -43176.5 5.41731 
31878 0.0273309 0.00711937 -43084.9 5.58689 
32844 0.0539846 0.0362003 -44261.4 5.75523 
33810 0.0380227 0.0335036 -43589.1 5.92652 
34776 0.0654432 0.0163097 -44349.6 6.09501 
35742 0.0282125 -0.00146645 -45084.9 6.26429 
36708 0.0403682 -0.0380776 -44913.3 6.43163 
37674 0.0368261 -0.0159273 -44626.5 6.6007 
38640 0.0333207 0.0265876 -44870.5 6.76911 
39606 0.0494511 0.032708 -45658.2 6.93632 
40572 0.0831927 0.0595634 -45691.2 7.1056 
41538 0.0263415 -0.00138002 -45618 7.27232 
42504 0.0663024 0.033166 -45466.7 7.44052 
43470 0.0671624 -0.0176988 -44457.5 7.60979 
44436 0.0754294 -0.0420651 -45076.6 7.77918 
45402 0.0439895 -0.0304695 -44082.7 7.94764 
46368 0.0518259 -0.0341737 -45115.2 8.11439 
47334 0.0739717 -0.0655245 -45676.9 8.28403 
48300 0.0590582 -0.0140273 -45068 8.45108 
49266 0.0464378 -0.00447795 -44423.8 8.62019 
50232 0.049213 -0.00077797 -44760.2 8.7875 
51198 0.0904749 -0.0233956 -45470.8 8.95729 
52164 0.0522421 -0.0194663 -45046.1 9.12605 
53130 0.0489222 -0.0363501 -45683.5 9.29303 
54096 0.0344666 -0.0293397 -45973.6 9.4629 
55062 0.0699713 -0.0383575 -45541.1 9.63056 
56028 0.0628264 0.0204066 -45739 9.8007 
56994 0.0697281 -0.000485693 -45150.6 9.96777 
57960 0.0405395 0.0200275 -45256.7 10.1378 
58926 0.0389877 -0.0112139 -44570 10.3076 
59892 0.0539578 0.0268495 -44810.1 10.4755 
60858 0.103557 -0.090691 -44721.1 10.6447 
61824 0.0279372 0.0161525 -44757.9 10.8115 
62790 0.0268321 -0.0124124 -43938.1 10.9802 
63756 0.0193275 0.0181487 -43119 11.1484 
64722 0.0180316 -0.00934203 -44500.2 11.3184 
65688 0.0384197 -0.0372839 -43730.1 11.488 
66654 0.0562478 -0.0520744 -44294.6 11.6558 
67620 0.0327274 -0.00826232 -42759.4 11.8256 
68586 0.0657214 0.0123104 -43761 11.9923 
69552 0.0690208 -0.0508849 -42935.1 12.1614 
70518 0.0204846 -0.00232327 -43758.2 12.3325 
71484 0.0818645 0.054857 -43497 12.5029 
72450 0.0590176 0.040907 -44223.4 12.6714 
73416 0.084098 -0.0795528 -44684 12.8394 
74382 0.0374701 0.0300346 -45011.7 13.0095 
75348 0.0391456 -0.0341013 -45041.3 13.1772 
76314 0.0474381 -0.0443084 -45528.9 13.3461 
77280 0.0392672 0.0152155 -45790.2 13.5161 
78246 0.0391538 0.0323223 -45745.7 13.6868 
79212 0.0768728 0.0306482 -44819.1 13.8557 
80178 0.0741053 0.0545804 -44698 14.0224 
81144 0.0589081 -0.0037704 -44447.8 14.1914 
82110 0.0489206 0.0121737 -45664.9 14.3609 
83076 0.0539198 0.0287938 -45039.3 14.5292 
84042 0.0150446 -0.00900898 -44980.4 14.7218 
85008 0.0471778 -0.0357453 -44729.7 14.921 
85974 0.037629 -0.0111733 -45203.1 15.1007 
86940 0.0572756 -0.0378749 -45905.8 15.2677 
87906 0.060133 -0.0399484 -45315.2 15.4333 
88872 0.0862196 -0.0626497 -45123.5 15.6011 
89838 0.0726173 -0.049281 -44747.6 15.7714 
90804 0.0601296 -0.0545613 -44502.5 15.9397 
91770 0.0375976 0.0316445 -44698.3 16.1081 
92736 0.0221711 0.00779025 -44282.4 16.2767 
93702 0.0437736 -0.020641 -43023.8 16.4445 
94668 0.0609792 0.0348033 -43921 16.6121 
95634 0.0398321 -0.0348689 -44746.5 16.7821 
96600 0.0322824 0.0016293 -44041.6 16.9504 
97566 0.0365029 -0.0137174 -44209.4 17.1188 
98532 0.0647828 0.0618568 -43480.5 17.2876 
99498 0.0772592 0.0771465 -43371.4 17.4577 
100464 0.109872 0.0910849 -43754.8 17.6264 
101430 0.077417 0.0479231 -45094.9 17.7973 
102396 0.0409225 0.0170161 -45252.2 17.9671 
103362 0.06722 0.0532312 -45603.4 18.1369 
104328 0.0383754 0.011842 -45261.8 18.3052 
105294 0.0492656 0.000194437 -44023.4 18.474 
106260 0.0502071 0.0226158 -45141.6 18.6437 
107226 0.0460212 0.00983432 -45690.8 18.812 
108192 0.0567553 -0.0347703 -45831.8 18.9812 
109158 0.0157315 -0.0144803 -45780.3 19.1493 
110124 0.0315169 -0.00780751 -45648.8 19.3194 
111090 0.0268255 -0.00386991 -45982.2 19.4896 
112056 0.0259255 0.0184076 -45347 19.6572 
113022 0.0423071 0.0091063 -44998.7 19.826 
113988 0.0606449 0.0368263 -45362.2 19.9933 
114954 0.0587455 0.0356967 -45403.4 20.1622 
115920 0.0362147 -0.0344223 -44535.1 20.3295 
116886 0.0607449 -0.0538621 -44828.2 20.4978 
117852 0.0555748 -0.0439058 -45272.2 20.667 
118818 0.0207285 -0.0102197 -45473.7 20.8347 
119784 0.0764278 0.0456693 -45494.2 21.0041 
120750 0.0894028 0.0343225 -45425 21.1751 
121716 0.0692688 0.0513636 -45416.1 21.3441 
122682 0.0457771 0.00234114 -44930.1 21.5111 
123648 0.0684578 -0.0460093 -44705.7 21.6808 
124614 0.0302917 0.0172289 -45455.6 21.8496 
125580 0.0384304 -0.0249086 -45014.1 22.017 
126546 0.0638314 -0.0436866 -44391.2 22.186 
127512 0.0511116 -0.0332059 -44931.7 22.3561 
128478 0.0363849 -0.0276432 -45300.7 22.5256 
129444 0.038662 -0.0218512 -45215.5 22.6945 
130410 0.0403446 -0.0275571 -45307.9 22.8635 
131376 0.0683701 -0.0285125 -44697.4 23.0335 
132342 0.0506588 -0.0479934 -43729.1 23.2015 
133308 0.0549933 -0.0334759 -44573.5 23.3718 
134274 0.0579813 0.0434084 -44007.8 23.5401 
135240 0.0177248 0.0120841 -44893.7 23.7093 
136206 0.0329494 0.0198441 -43768.5 23.8789 
137172 0.0399112 -0.00504121 -42435.2 24.0465 
138138 0.0342429 -0.0136239 -41867.8 24.2159 
139104 0.0545591 -0.00538144 -44311.9 24.3863 
140070 0.0455386 0.0290335 -44929.9 24.555 
141036 0.0431842 -0.0243082 -44913.8 24.7263 
142002 0.0652283 -0.00562637 -44172.1 24.8963 
142968 0.0560322 0.00409292 -43375.6 25.0664 
143934 0.0419341 0.0311849 -44139.7 25.2328 
144900 0.0161628 0.011161 -44087.8 25.4015 
145866 0.0264521 0.0246058 -44604.2 25.5695 
146832 0.0670972 0.0113298 -45326.1 25.7391 
147798 0.0542248 0.0212464 -44904.8 25.9083 
148764 0.0602913 -0.017923 -44918.6 26.0764 
149730 0.0673526 0.0209197 -44599.8 26.2458 
150696 0.0290668 -0.00835792 -45651.6 26.4152 
151662 0.0447621 0.0146983 -45742 26.5855 
152628 0.0499236 -0.0253025 -46139.6 26.7541 
153594 0.0885807 -0.0763519 -46716.3 26.923 
154560 0.0595116 -0.00789806 -45301.3 27.0942 
155526 0.0952512 -0.039458 -44738.2 27.2612 
156492 0.109528 -0.0167855 -44321.2 27.431 
157458 0.0527531 -0.0338465 -46158.9 27.6002 
158424 0.0232904 0.0214173 -46441.9 27.7695 
159390 0.0528776 0.0354794 -45986.9 27.9381 
160356 0.0581341 -0.0405143 -45094.3 28.1075 
161322 0.084181 -0.0424443 -44730.7 28.279 
162288 0.0466406 -0.0231018 -45049 28.449 
163254 0.0777785 0.0161384 -46150.6 28.618 
164220 0.0156529 0.00698783 -47018.3 28.7869 
165186 0.0357382 0.0233847 -46553.7 28.9571 
166152 0.0724477 0.059879 -46829.1 29.1246 
167118 0.0500756 0.0323418 -44950.9 29.2925 
168084 0.0422071 -0.00677241 -45418 29.4615 
169050 0.0125115 0.00957264 -45024.7 29.6305 
170016 0.0720096 0.0139513 -44673.8 29.7987 
170982 0.0643177 0.0194856 -43727.2 29.9652 
171948 0.0629618 0.0569429 -43731.7 30.1342 
172914 0.0723952 -0.0156199 -44282.3 30.3041 
173880 0.0718115 0.0339079 -44190.4 30.4723 
174846 0.0425995 0.0188179 -45156.1 30.6417 
175812 0.0794588 -0.0191372 -44718.9 30.8102 
176778 0.0919521 -0.0316526 -45225.8 30.9794 
177744 0.0791303 0.0111138 -44633.9 31.1484 
178710 0.0349418 -0.0141356 -43363.9 31.3188 
179676 0.0815241 -0.0730782 -45846.5 31.4886 
180642 0.0556464 -0.0409219 -44676.3 31.6587 
181608 0.0190392 0.0158785 -44349.7 31.8266 
182574 0.0572804 0.0179911 -43755.6 31.9942 
183540 0.0515052 -0.0143204 -43717.3 32.1635 
184506 0.049652 -0.0320107 -44373.6 32.3299 
185472 0.0374944 -0.020617 -44910.9 32.5009 
186438 0.0350267 0.0194114 -45579.6 32.6684 
187404 0.0224146 -0.0133698 -45077.2 32.8377 
188370 0.0464642 0.034341 -46039.5 33.0078 
189336 0.0542752 0.0431373 -46090.7 33.1763 
190302 0.0410289 -0.0381256 -45902.3 33.3462 
191268 0.0520105 0.0136942 -45405.3 33.5178 
192234 0.0375557 0.00874588 -45874.8 33.6895 
193200 0.0360343 -0.0230682 -45071.7 33.8598 
194166 0.0730926 -0.0567614 -45248.8 34.0268 
195132 0.0197597 0.00715155 -43816.9 34.1955 
196098 0.0581201 0.0455868 -44921.9 34.3654 
197064 0.0589162 0.0171629 -44501.9 34.5325 
198030 0.0514003 0.0500799 -44830.7 34.7024 
198996 0.0385019 -0.0115642 -45449.2 34.8718 
199962 0.0311452 -0.00541322 -46395.2 35.0416 
200928 0.0803797 -0.075 -46272.3 35.2084 
201894 0.0420208 0.0394825 -47267.8 35.3785 
202860 0.0214768 0.0111811 -45855.2 35.5481 
203826 0.0562291 0.0498919 -45312.4 35.7164 
204792 0.0113432 -0.0055336 -44433.7 35.8849 
205758 0.0487194 -0.0151021 -45154 36.0512 
206724 0.03919 -0.00169743 -44367.6 36.2212 
207690 0.076959 0.0582835 -44181 36.3893 
208656 0.0752426 0.0604003 -43661.9 36.5592 
209622 0.0374539 0.0198204 -45116.5 36.7272 
210588 0.0191296 0.00374154 -44361.8 36.897 
211554 0.0505038 -0.0281989 -46450.5 37.0676 
212520 0.0515566 0.0432826 -45230.2 37.2367 
213486 0.0214363 0.0113165 -45332.6 37.4063 
214452 0.0418875 -0.0114468 -45180.1 37.5744 
215418 0.0435649 -0.0422599 -44007.6 37.7445 
216384 0.0376793 -0.00985598 -45452.1 37.9126 
217350 0.0478434 0.00717651 -44738.9 38.0809 
218316 0.0844078 -0.00560771 -46202.1 38.251 
219282 0.0998538 -0.0606158 -46944.2 38.4205 
220248 0.0542681 -0.00837356 -45438.1 38.5906 
221214 0.0946873 -0.00277188 -45857.4 38.7586 
222180 0.0282224 0.0101292 -45337.8 38.9277 
223146 0.0365813 0.00942184 -44120.8 39.0969 
224112 0.0577785 -0.0127181 -44401.8 39.2676 
225078 0.0182675 -0.00997944 -44065.5 39.4337 
226044 0.0474116 -0.0364182 -44807.4 39.6028 
227010 0.0129554 -0.00979958 -45544.5 39.7717 
227976 0.0208865 -0.00591382 -45692.6 39.9385 
228942 0.0473093 0.00155662 -44770.6 40.1079 
229908 0.0739227 0.00355602 -44029.4 40.2772 
230874 0.111752 0.00221181 -44390.6 40.447 
231840 0.0834684 0.00581029 -43812.8 40.6146 
232806 0.053557 0.0122618 -44511.6 40.7843 
233772 0.0723814 0.00214422 -45063.4 40.9547 
234738 0.0225373 0.00546142 -44619.7 41.1225 
235704 0.0317568 -0.027395 -46283.5 41.2915 
236670 0.0451639 0.0243657 -46269.6 41.4597 
237636 0.0834273 0.0395362 -45354.8 41.6281 
238602 0.038955 -0.0265733 -45590.5 41.796 
239568 0.0322983 -0.00329791 -45685.3 41.9651 
240534 0.0558934 0.0516377 -46510.5 42.1349 
241500 0.0619272 0.0370376 -46492.4 42.3045 
242466 0.0405611 0.0404914 -45278.7 42.4732 
243432 0.0590744 0.0410049 -45113.9 42.6416 
244398 0.0171508 -0.0153942 -44330 42.8124 
245364 0.0246848 0.0193416 -44774.3 42.9815 
246330 0.0402952 0.0076124 -44638.6 43.1518 
247296 0.0643641 0.00477039 -44472.7 43.3179 
248262 0.0776841 -0.0268565 -44319.9 43.4873 
249228 0.0501133 -0.0102164 -44493.8 43.6569 
250194 0.0974099 -0.0571321 -45073.4 43.825 
251160 0.025215 -0.00598491 -45702 43.9943 
252126 0.0228871 0.00373732 -45629.5 44.1625 
253092 0.0201399 -0.00535837 -46051.5 44.3321 
254058 0.0290949 -0.0289486 -45155.8 44.5011 
255024 0.0241417 0.0237365 -44312.5 44.6719 
255990 0.0717361 0.0355638 -45783 44.84 
256956 0.0511275 0.0415724 -43548.2 45.0095 
257922 0.0375299 0.0301027 -43617.6 45.1764 
258888 0.0211106 0.014586 -43826.8 45.3451 
259854 0.0333791 0.0219306 -44517.1 45.5154 
260820 0.0455932 0.0347235 -44298.3 45.6835 
261786 0.0368484 0.0262372 -44238.6 45.8532 
262752 0.0213335 0.0102627 -44439.7 46.0215 
263718 0.0324054 0.0180853 -43274.6 46.1913 
264684 0.0451962 -0.0259669 -43908 46.3592 
265650 0.0382294 0.00372102 -43773.6 46.5304 
266616 0.0905559 0.0520793 -45140.4 46.6995 
267582 0.0446396 -0.00575163 -44617.6 46.8692 
268548 0.0726687 0.0722144 -44891.5 47.0381 
269514 0.0481332 0.0192459 -44328.5 47.2059 
270480 0.0374197 -0.0234416 -43992.7 47.3754 
271446 0.065278 -0.0208576 -44445.7 47.5439 
272412 0.0624284 0.01948 -43778.5 47.7145 
273378 0.104452 -0.0229968 -43721.9 47.8827 
274344 0.0812253 0.0383697 -43431.4 48.0531 
275310 0.0944851 0.0506632 -44502.8 48.2237 
276276 0.0409196 0.020338 -45435.9 48.3928 
277242 0.0625042 0.00199335 -44771.3 48.563 
278208 0.0667052 0.010606 -44222.5 48.7311 
279174 0.0452229 -0.00574656 -45305.1 48.9008 
280140 0.0673816 -0.0604341 -44943.6 49.0686 
281106 0.0527186 -0.0185435 -45383.9 49.2382 
282072 0.077584 0.0361928 -45749.2 49.4077 
283038 0.0126597 0.00357727 -44748.4 49.5774 
284004 0.0478971 0.0420164 -45205 49.7465 
284970 0.0307137 0.0251084 -44512.5 49.9162 
285936 0.0594579 -0.0155472 -45127.8 50.088 
286902 0.0516722 0.0124958 -45387.5 50.257 
287868 0.0617937 -0.0244403 -43859.8 50.4264 
288834 0.0276565 -0.0194471 -43591.4 50.5949 
289800 0.0642351 -0.0565807 -44401.9 50.7636 
290766 0.0716745 -0.0593914 -44601.6 50.9305 
291732 0.0415721 -0.019322 -45018.9 51.0992 
292698 0.0810202 0.0086986 -45109 51.268 
293664 0.0738988 -0.0407946 -45928.6 51.4378 
294630 0.0514593 0.000675822 -44153.9 51.6066 
295596 0.0475207 0.0443515 -44403.5 51.7741 
296562 0.0506745 0.0328535 -44934.8 51.9446 
297528 0.0259369 -0.0122042 -45068.5 52.1129 
298494 0.0449174 -0.0158368 -45979.2 52.2824 
299460 0.0368598 -0.0297529 -46155 52.4515 
300426 0.0346267 -0.0249601 -44967.5 52.6202 
301392 0.0313585 -0.00974901 -45682.2 52.7889 
302358 0.041249 0.0301947 -46596.9 52.9564 
303324 0.0896577 0.0782828 -44969.2 53.1268 
304290 0.0109292 -0.000887929 -43477.7 53.2948 
305256 0.0361062 -0.015573 -43632.9 53.4637 
306222 0.0714053 0.0596939 -44235 53.6316 
307188 0.0418959 0.00177831 -44233.4 53.8009 
308154 0.0470913 -0.0348111 -44527.1 53.97 
309120 0.071874 0.0519334 -44724.9 54.1374 
310086 0.0888177 0.072899 -44687.1 54.307 
311052 0.076008 0.0539451 -44328.6 54.4763 
312018 0.0649325 0.000132505 -44983.5 54.6462 
312984 0.0736135 -0.0355259 -44536.7 54.8161 
313950 0.0339419 -0.023323 -44310.1 54.9867 
314916 0.0386713 0.0378398 -44658.2 55.1574 
315882 0.0374634 0.00568354 -44993 55.3251 
316848 0.0836125 -0.033302 -44307.2 55.4939 
317814 0.0729955 0.000953123 -44897.9 55.6625 
318780 0.0255075 -0.00813633 -44454.8 55.8325 
319746 0.0294972 0.00889222 -45893.5 56.0009 
320712 0.0336402 -0.020882 -44372.7 56.17 
321678 0.0714524 -0.032473 -43929.7 56.3392 
322644 0.0657981 0.0242914 -45819.4 56.5092 
323610 0.0458505 0.0341932 -45618.8 56.6769 
324576 0.0757528 -0.0143088 -44779 56.8482 
325542 0.101967 -0.0438079 -43987.2 57.0195 
326508 0.106138 -0.0502854 -44262 57.1874 
327474 0.062663 -0.046122 -45729.5 57.3583 
328440 0.0306897 -0.00410313 -45063.6 57.526 
329406 0.0423371 -0.0227003 -45595 57.6957 
330372 0.0527637 0.00179418 -45189.4 57.8631 
331338 0.0263158 0.0202066 -45920.5 58.0331 
332304 0.0282055 0.0234309 -45566.6 58.2016 
333270 0.0162724 -0.000505172 -44031 58.372 
334236 0.037585 0.0344997 -43685.1 58.5405 
335202 0.0386336 0.0111386 -44023.3 58.7084 
336168 0.0769215 -0.0495059 -44962.8 58.8776 
337134 0.0502984 -0.0374743 -44724.5 59.0453 
338100 0.0293096 -0.0283564 -45452.2 59.2137 
339066 0.0747086 -0.0728217 -45535.5 59.3812 
340032 0.0217111 0.0129659 -45879.3 59.5503 
340998 0.0413069 -0.0235302 -44392.6 59.7214 
341964 0.0477399 -0.0181884 -44594 59.8886 
342930 0.0711258 0.0434367 -45279.3 60.0578 
343896 0.0498208 0.0135969 -43745.3 60.2252 
344862 0.0519876 0.00760185 -43824.9 60.3943 
345828 0.0408929 -0.0337893 -44455.4 60.5607 
346794 0.0684087 -0.023927 -44913.3 60.7303 
347760 0.10113 0.048009 -45888.5 60.8991 
348726 0.0821402 0.0646453 -46797.4 61.0665 
349692 0.0591903 0.0508294 -45335.6 61.2351 
350658 0.0300456 0.0284832 -45016.2 61.4031 
351624 0.066421 -0.0530606 -44255.6 61.5726 
352590 0.0123896 0.00471485 -44690 61.7405 
353556 0.0609477 0.0217715 -44196 61.9104 
354522 0.0562765 0.0290469 -44530.5 62.08 
355488 0.0878901 -0.0316668 -43062 62.2484 
356454 0.0683505 -0.020861 -43675.5 62.4149 
357420 0.0842613 -0.0732652 -44227.1 62.5838 
358386 0.0474497 -0.0267105 -44893.8 62.7533 
359352 0.0269834 0.00481481 -43911.2 62.9211 
360318 0.0276962 -0.027142 -43858 63.0904 
361284 0.0474646 -0.0185 -44101.5 63.258 
362250 0.0480394 0.0405192 -44263.4 63.4267 
363216 0.0461042 0.00300288 -44116.3 63.5947 
364182 0.0927966 0.0273582 -46086.8 63.7638 
365148 0.0787133 -0.00653621 -45638.9 63.9337 
366114 0.075494 -0.0408384 -45858.3 64.1035 
367080 0.049581 -0.0373008 -46511.8 64.2736 
368046 0.0772798 -0.018472 -45727.3 64.4405 
369012 0.0440645 -0.0368326 -45762.9 64.6109 
369978 0.0609309 0.00742688 -45151.4 64.7809 
370944 0.0339087 -0.00997942 -46523.2 64.952 
371910 0.0238314 -0.0237326 -45695.7 65.119 
372876 0.0235041 -0.0102008 -44948.9 65.2876 
373842 0.0251537 -0.0136117 -44491.8 65.4565 
374808 0.0281331 -0.00445213 -44908.3 65.6244 
375774 0.0222622 0.00595116 -44402.9 65.7933 
376740 0.0345959 0.0158725 -44669.7 65.9614 
377706 0.0313269 -0.0232611 -45206.6 66.1309 
378672 0.0315663 -0.0240942 -45137.1 66.2981 
379638 0.0649745 -0.0553841 -44532.6 66.4678 
380604 0.0238985 0.0114356 -45929.7 66.6389 
381570 0.00596683 0.00394452 -45613 66.8091 
382536 0.0358503 0.0138456 -45680.5 66.9754 
383502 0.0495894 0.0423476 -45184.4 67.1452 
384468 0.0461931 0.00486764 -45073.9 67.3161 
385434 0.0294312 0.00958916 -44494 67.4845 
386400 0.00252476 0.000548759 -44541.4 67.6537 
387366 0.0538566 0.0313544 -44135.6 67.8206 
388332 0.07804 0.0476469 -44691.8 67.9906 
389298 0.0366199 0.0326418 -43686 68.1588 
390264 0.0615816 0.0280487 -44708.7 68.3291 
391230 0.0696578 0.0175177 -44629.3 68.4974 
392196 0.0619477 -0.0347603 -44913.5 68.6663 
393162 0.0480353 0.00863574 -44708.7 68.8354 
394128 0.0420809 -0.0146164 -43769.4 69.0031 
395094 0.0235962 0.000765496 -43448.9 69.1725 
396060 0.0145017 -0.0011552 -42946.2 69.3397 
397026 0.0516229 0.0456189 -43084.4 69.5096 
397992 0.0285834 -0.00947276 -43682.5 69.6767 
398958 0.010983 0.00713171 -43851 69.8449 
399924 0.0225722 -0.00349172 -44116.2 70.0143 
400890 0.0292478 0.0257532 -46239.1 70.1819 
401856 0.0524635 0.0106664 -45567.2 70.3508 
402822 0.0434227 0.0253171 -44592.4 70.5198 
403788 0.0600423 0.0231447 -45124.9 70.6881 
404754 0.0332651 0.00550241 -44586.1 70.855 
405720 0.027026 -0.0251002 -45026.5 71.0237 
406686 0.0602227 0.0464855 -44573 71.1939 
407652 0.0366758 -0.00456783 -44881 71.3628 
408618 0.0155099 0.00400062 -42491.6 71.5304 
409584 0.0581149 -0.0527898 -42936.5 71.698 
410550 0.0569696 -0.0145045 -44188.1 71.8665 
411516 0.0323007 -0.00693133 -44453.3 72.0341 
412482 0.0627531 -0.0323681 -44615 72.2024 
413448 0.0857125 -0.0280102 -44482.1 72.3716 
414414 0.0351799 0.0166405 -45016.9 72.5403 
415380 0.0227918 -0.0135975 -45648.6 72.7081 
416346 0.0425242 -0.000444382 -45747.5 72.8767 
417312 0.0954916 0.037276 -45088 73.0484 
418278 0.0704335 -0.0392644 -44845.9 73.2152 
419244 0.109706 -0.0868488 -45130.7 73.3847 
420210 0.0129962 -0.000755638 -44884.7 73.5537 
421176 0.0383098 0.0173625 -45626.3 73.7235 
422142 0.0567662 -0.0426484 -44910.7 73.8916 
423108 0.0357937 -0.0236286 -45084.5 74.0625 
424074 0.0306954 0.00124714 -45986.1 74.233 
425040 0.0313205 0.0247961 -45880.4 74.4016 
426006 0.0720313 0.0650905 -46125.3 74.5705 
426972 0.0624808 0.000764893 -46555.1 74.7383 
427938 0.0907975 -0.0429489 -46621.9 74.9078 
428904 0.0466808 -0.0191999 -46664.5 75.0752 
429870 0.0345018 -0.0173079 -47050.3 75.2433 
430836 0.0605422 0.00523097 -46941.1 75.4143 
431802 0.0540921 -0.0495883 -45889 75.5838 
432768 0.0173196 -0.0137863 -46555.3 75.753 
433734 0.0247612 0.0069215 -46049.1 75.9226 
434700 0.0488146 -0.0373875 -46299 76.0934 
435666 0.0723087 -0.00954814 -46355.8 76.2614 
436632 0.0941772 -0.0604507 -45536.1 76.4319 
437598 0.0754547 -0.0383204 -44969.7 76.5997 
438564 0.0538292 -0.00120356 -45661.1 76.769 
439530 0.0982266 -0.0838019 -45413.5 76.939 
440496 0.0366646 0.016934 -46340.8 77.1063 
441462 0.088717 0.070997 -44653.4 77.2751 
442428 0.067876 0.0279587 -44834.5 77.4425 
443394 0.0462405 0.0230315 -45693.6 77.6132 
444360 0.105667 0.019701 -44563.9 77.7809 
445326 0.0924724 -0.0215317 -44638 77.9501 
446292 0.0653232 0.00793902 -46022.3 78.1176 
447258 0.0803256 0.0312456 -45834 78.2848 
448224 0.0575773 0.00906568 -43839 78.4542 
449190 0.0641851 0.0020337 -43533.9 78.6218 
450156 0.0465847 0.0202783 -43419.2 78.7917 
451122 0.0424375 0.039017 -44483.7 78.959 
452088 0.0488391 0.0467733 -44657.9 79.129 
453054 0.0488043 0.0429116 -45423.1 79.298 
454020 0.0736264 -0.0148304 -45377.3 79.4649 
454986 0.0482811 -0.0236957 -44668.7 79.6336 
455952 0.0561478 -0.0133156 -44630.9 79.802 
456918 0.0154553 0.00895915 -45342.2 79.9709 
457884 0.0662816 -0.0658424 -45988.6 80.1379 
458850 0.0202082 -0.00328948 -46022.8 80.3072 
459816 0.0554217 -0.0444551 -44889.5 80.4769 
460782 0.0647831 -0.0478663 -44657 80.6443 
461748 0.0404637 0.00730379 -45695.4 80.8123 
462714 0.0507315 -0.0275795 -47171.1 80.9812 
463680 0.0332419 -0.00932338 -45485.2 81.151 
464646 0.0684473 -0.0439358 -45034.4 81.3189 
465612 0.0620869 -0.0405268 -45435 81.4887 
466578 0.0406266 -0.00382635 -45214.2 81.6583 
467544 0.0504417 -0.0400289 -46318.3 81.8275 
468510 0.0478884 -0.0127439 -44794.4 81.9934 
469476 0.0457318 -0.0302539 -45328.8 82.162 
470442 0.0360251 -0.0331248 -44712 82.3312 
471408 0.0552913 -0.024653 -43905.2 82.4999 
472374 0.0618536 -0.0605731 -45394.9 82.6683 
473340 0.0536314 -0.0483956 -44492 82.8358 
474306 0.0473396 -0.0466009 -45437.9 83.0058 
475272 0.0333553 -0.0188006 -45464.6 83.1741 
476238 0.0516881 -0.0279708 -45200.6 83.3448 
477204 0.111814 0.0092847 -45184.5 83.5122 
478170 0.081538 0.0447812 -45225.1 83.6817 
479136 0.0331111 0.00723077 -43741.3 83.8493 
480102 0.120576 4.39503e-05 -45456.2 84.0165 
481068 0.079449 -0.0616088 -45897.1 84.1858 
482034 0.0443655 0.0163966 -46429 84.3531 
483000 0.105202 0.0274171 -44957.8 84.523 
483966 0.0866203 0.0239167 -46057 84.6916 
484932 0.0663216 0.0603001 -44907.1 84.8612 
485898 0.0278057 -0.0121491 -46031.4 85.0313 
486864 0.0703311 -0.0134871 -46293.8 85.2006 
487830 0.0703915 0.0490226 -45418.5 85.3716 
488796 0.0585886 -0.00992087 -43713.7 85.5414 
489762 0.0392591 0.035331 -43673.6 85.7113 
490728 0.056557 0.0182563 -44451.6 85.8793 
491694 0.0444925 -0.0109112 -43480.5 86.0472 
492660 0.0414948 0.0302811 -44260 86.2176 
493626 0.0522692 0.0134922 -45161.8 86.3856 
494592 0.0473128 -0.0215757 -45763.6 86.5546 
495558 0.0524331 -0.00830959 -46249.8 86.7234 
496524 0.0755534 -0.0568646 -46325 86.8924 
497490 0.0338671 -0.0269953 -46163.6 87.0598 
498456 0.0657575 0.0544216 -45367.2 87.2284 
499422 0.0308337 0.030287 -45790.6 87.4002 
500388 0.0165761 0.0124836 -45006.6 87.5687 
501354 0.0445329 0.0238422 -44871.4 87.7382 
502320 0.049167 -0.0231683 -45676.3 87.9076 
503286 0.0190163 -0.0127422 -44375.2 88.0791 
504252 0.069145 -0.00425728 -44577 88.2506 
505218 0.0313369 -0.0156603 -44543.2 88.4222 
506184 0.0696637 -0.0509217 -44881.5 88.5903 
507150 0.0734755 -0.0555438 -44716.4 88.7605 
508116 0.0517124 -0.0309703 -44508.4 88.9292 
509082 0.0505718 0.0234327 -44244 89.098 
510048 0.0728758 -0.0398911 -45488.4 89.2669 
511014 0.0612095 0.0260324 -44379.2 89.4366 
511980 0.060134 -0.0442016 -43965.6 89.6063 
512946 0.0492136 0.00163593 -44408 89.7742 
513912 0.0210338 0.00357468 -43773.2 89.9444 
514878 0.0453685 -0.0307096 -43661.7 90.1144 
515844 0.0126769 -0.0111981 -43152 90.2835 
516810 0.0459493 0.0162962 -44568.4 90.4516 
517776 0.0367143 0.0180719 -45040 90.6218 
518742 0.0723084 -0.0514981 -44975.7 90.7909 
519708 0.0259066 0.0110833 -44057.9 90.9586 
520674 0.0459785 0.00638386 -44302.2 91.1284 
521640 0.0897582 0.0514261 -44007.8 91.2978 
522606 0.0334416 0.0183742 -43781.2 91.468 
523572 0.092945 0.0776295 -44836.2 91.6369 
524538 0.0315847 0.0133139 -45005.7 91.807 
525504 0.0325637 0.0161778 -44928 91.9771 
526470 0.0483146 0.0416012 -44346.7 92.1449 
527436 0.0523549 -0.0193217 -44398.2 92.3134 
528402 0.0572373 -0.0466001 -45507.3 92.4825 
529368 0.0443538 -0.0264451 -45463.6 92.6522 
530334 0.0458256 0.0104832 -44891.1 92.8214 
531300 0.0363052 -0.0285707 -45707.5 92.9913 
532266 0.0683751 -0.0303465 -45581.5 93.161 
533232 0.057765 0.0303221 -45632.3 93.3304 
534198 0.0793912 -0.0328918 -45660.6 93.4975 
535164 0.0777142 -0.0717327 -45699.6 93.6667 
536130 0.0392452 -0.0240522 -45012.4 93.8373 
537096 0.0345255 -0.0325142 -45728 94.0069 
538062 0.0511721 0.00375997 -44527.9 94.1769 
539028 0.0622038 -0.000701866 -44150.1 94.3449 
539994 0.0735688 -0.00835044 -43810.8 94.5155 
540960 0.0672432 -0.0490441 -43290.5 94.684 
541926 0.0898917 -0.0398717 -44671.9 94.8552 
542892 0.0479438 -0.00827639 -45923.7 95.0237 
543858 0.0544347 0.02223 -45136.9 95.1939 
544824 0.0374369 0.013203 -44756.3 95.3641 
545790 0.0267112 0.0152008 -44977.7 95.5332 
546756 0.0720695 -0.0142004 -44878.7 95.7035 
547722 0.0681854 -0.00969888 -43804.4 95.874 
548688 0.051076 -0.0429945 -44709.3 96.0443 
549654 0.0472879 0.0309185 -44838.7 96.2131 
550620 0.0218205 0.0101461 -45245.1 96.3825 
551586 0.0495255 -0.0294134 -45297.5 96.5522 
552552 0.0328217 0.00282178 -44086.5 96.7206 
553518 0.0285362 0.017047 -44221.1 96.8906 
554484 0.0351213 -0.0253048 -44698.1 97.0605 
555450 0.0373198 0.0284492 -44594.1 97.2301 
556416 0.0429354 0.0366968 -45242.7 97.3991 
557382 0.0222978 -0.0173776 -46660.5 97.5682 
558348 0.024528 0.0178851 -45837.1 97.739 
559314 0.0317042 0.00682067 -44669.2 97.9068 
560280 0.0575106 0.0112291 -44314.4 98.0742 
561246 0.0524641 0.0518875 -45089.2 98.2433 
562212 0.0249017 0.0101469 -43930.3 98.4133 
563178 0.0210728 -0.000939264 -44264.3 98.5802 
564144 0.047613 -0.00643071 -44811.9 98.7491 
565110 0.0261109 -0.0191086 -46062.4 98.9188 
566076 0.0446155 -0.0315433 -45548.1 99.0878 
567042 0.0418601 0.0244908 -45481.9 99.2553 
568008 0.0545128 -0.0155209 -46215.8 99.4241 
568974 0.0948991 0.0362726 -46008.6 99.5944 
569940 0.0683371 0.0466752 -46850.8 99.7637 
570906 0.0684309 0.0587744 -46511.8 99.9338 
571872 0.0314112 -0.00473611 -45482.8 100.103 
572838 0.061283 -0.057888 -44909.8 100.274 
573804 0.0217478 -0.015652 -44281.5 100.442 
574770 0.0634154 -0.0467768 -44654 100.612 
575736 0.0314734 0.0114928 -44465.2 100.78 
576702 0.0373801 -0.00916716 -44794.6 100.95 
577668 0.0738157 0.0266444 -44310.2 101.119 
578634 0.0715566 -0.0189521 -43025.3 101.287 
579600 0.0419413 0.00399738 -42891.1 101.456 
580566 0.0637191 -0.0150544 -43507.5 101.624 
581532 0.0482976 0.0413303 -44174.7 101.794 
582498 0.070791 -0.0354149 -44131.2 101.963 
583464 0.0486391 0.0206111 -44896.4 102.132 
584430 0.0470907 0.0157638 -45191.6 102.302 
585396 0.0844649 -0.0838 -46328 102.471 
586362 0.063476 -0.0346227 -45538 102.642 
587328 0.0779172 0.0261934 -46355.2 102.811 
588294 0.0464704 -0.0230812 -46086.4 102.981 
589260 0.0929911 0.0319735 -47252 103.148 
590226 0.0671102 0.0239181 -47512 103.318 
591192 0.0656805 -0.0128726 -47466.5 103.488 
592158 0.0447418 0.0336625 -48073.2 103.657 
593124 0.0576493 0.0269903 -47541.9 103.828 
594090 0.0771207 0.0453306 -46494.7 103.998 
595056 0.0388184 0.0237504 -47661.1 104.168 
596022 0.0509644 0.050915 -46771.9 104.335 
596988 0.0331189 -0.0122433 -45325.6 104.505 
597954 0.0395173 0.0303037 -45535.8 104.676 
598920 0.0423967 -0.0219334 -45160.4 104.844 
599886 0.0522593 0.00438516 -45543.4 105.012 
600852 0.0211564 -0.00816144 -45503.5 105.181 
601818 0.0317052 -0.0163149 -46182.8 105.351 
602784 0.0522325 -0.0335446 -46049.8 105.519 
603750 0.0744929 -0.0246481 -45525.9 105.688 
604716 0.07519 -0.0639223 -45065.4 105.857 
605682 0.0157299 -0.012645 -45580.2 106.026 
606648 0.0324734 0.0134924 -46067.6 106.193 
607614 0.0569496 0.00677314 -46586.4 106.361 
608580 0.0561834 -0.0333655 -45511.9 106.531 
609546 0.0195656 -0.0194506 -45941.2 106.7 
610512 0.0594476 -0.036227 -46396.7 106.871 
611478 0.0834789 -0.0164121 -45535.5 107.038 
612444 0.0714656 -0.0404208 -45869.8 107.209 
613410 0.0209313 -0.00168744 -47009.8 107.377 
614376 0.054452 -0.00969463 -46356.9 107.546 
615342 0.0263764 0.0135168 -45833.7 107.716 
616308 0.0444889 0.0336054 -46431.9 107.886 
617274 0.0195248 0.000609183 -45215.4 108.056 
618240 0.0825461 0.0771544 -45398.8 108.224 
619206 0.0801826 0.0739205 -45170.4 108.393 
620172 0.0298784 0.01074 -46019.7 108.561 
621138 0.0170474 0.00263388 -45468.5 108.731 
622104 0.0534621 0.0195211 -45642.9 108.899 
623070 0.0813963 0.0790471 -44260.5 109.068 
624036 0.035693 5.43755e-05 -44017.1 109.239 
625002 0.0443675 0.0415149 -42968.5 109.406 
625968 0.0334038 0.0317607 -44714.2 109.578 
626934 0.0409649 0.00800152 -44131.1 109.748 
627900 0.0709225 -0.0620871 -44889.7 109.918 
628866 0.0831086 -0.0653648 -44430.8 110.087 
629832 0.0714396 -0.0640835 -44721.9 110.257 
630798 0.0261149 -0.00114729 -44042.7 110.428 
631764 0.0660922 -0.00968054 -44118.6 110.597 
632730 0.0386039 0.0195305 -44215.8 110.765 
633696 0.0227586 0.00803628 -44890.7 110.934 
634662 0.0421612 -0.00840907 -45305 111.104 
635628 0.0409018 0.0158873 -46157.7 111.271 
636594 0.0332992 -0.00358795 -46136.7 111.442 
637560 0.0478415 0.0089129 -46420.5 111.61 
638526 0.0343941 0.0158179 -46209.5 111.781 
639492 0.0844989 -0.0158291 -46851.4 111.948 
640458 0.072358 -0.0256966 -46013.5 112.118 
641424 0.0189707 0.00947076 -45033.7 112.288 
642390 0.0467955 -0.0335778 -45403.8 112.459 
643356 0.0697847 0.032089 -45580.6 112.627 
644322 0.0402011 0.028822 -45395.1 112.797 
645288 0.0405207 0.0195044 -44207.8 112.968 
646254 0.0423561 0.0106071 -43175.9 113.136 
647220 0.0632168 0.0592972 -42613.4 113.307 
648186 0.0293428 0.00882448 -43530.4 113.475 
649152 0.0705232 0.0578541 -43386.1 113.645 
650118 0.0314901 0.0133808 -44359.7 113.815 
651084 0.0626878 0.0576366 -44173.4 113.984 
652050 0.0309927 0.0190715 -43663.6 114.155 
653016 0.0325562 0.0212842 -44094.5 114.324 
653982 0.0560568 0.0539074 -45182.3 114.494 
654948 0.0636485 0.0616182 -45272.7 114.663 
655914 0.0811152 0.0770766 -43600 114.834 
656880 0.0815726 0.0679368 -43904.5 115.004 
657846 0.0316352 0.0311941 -44881 115.172 
658812 0.0598781 0.0559658 -44187.6 115.341 
659778 0.0550383 0.0490407 -45064.4 115.51 
660744 0.0367253 0.0292578 -44792.4 115.679 
661710 0.0271791 -0.00615277 -45427.7 115.848 
662676 0.0171109 0.0109519 -44877.9 116.017 
663642 0.0278503 -0.0277239 -45432.8 116.187 
664608 0.0474742 -0.0406027 -44552.1 116.355 
665574 0.0165553 -0.0140267 -45003.4 116.526 
666540 0.0274184 -0.0132918 -45430.4 116.696 
667506 0.0444494 0.0116297 -44207.7 116.866 
668472 0.0657256 0.0303855 -44724.8 117.034 
669438 0.0335766 0.00297384 -44878 117.203 
670404 0.0394553 -0.00754031 -46053.7 117.373 
671370 0.0776103 -0.0289732 -46718.2 117.541 
672336 0.0832483 0.0427202 -45113.7 117.71 
673302 0.114285 0.101288 -44650.2 117.879 
674268 0.07024 0.0683697 -44608.7 118.05 
675234 0.034093 0.0311373 -44447.9 118.218 
676200 0.0343941 -0.00335685 -44410.6 118.388 
677166 0.0477206 0.0369187 -42685.7 118.558 
678132 0.0603046 0.0589289 -43205.3 118.726 
679098 0.0735243 0.0314201 -43048.4 118.894 
680064 0.0597434 0.0242656 -43288.5 119.061 
681030 0.0686696 0.046755 -45420.5 119.232 
681996 0.0774331 -0.00138306 -44969.3 119.4 
682962 0.0441036 -0.016071 -44794.7 119.57 
683928 0.0768822 -0.0610049 -43345.2 119.738 
684894 0.044255 0.0183039 -43467.7 119.908 
685860 0.0519779 -0.0129242 -44316.3 120.076 
686826 0.0181769 -0.013988 -44270.5 120.247 
687792 0.0478573 0.0309494 -44393.8 120.416 
688758 0.0218998 -0.000712774 -43444.9 120.588 
689724 0.039645 -0.02871 -43687 120.759 
690690 0.0489212 -0.0271869 -43322 120.929 
691656 0.0394025 -0.0323757 -43590.5 121.1 
692622 0.0693977 -0.0325748 -43344.4 121.271 
693588 0.0727756 -0.0685602 -44421 121.439 
694554 0.123896 -0.12292 -45185.1 121.607 
695520 0.0436561 -0.0374991 -44231.2 121.778 
696486 0.0578708 -0.0546878 -44528.6 121.948 
697452 0.0337832 0.00643917 -44171.4 122.117 
698418 0.0681957 -0.0311937 -45405.3 122.287 
699384 0.0846323 -0.0373996 -45866.7 122.457 
700350 0.076181 -0.000788918 -45723.4 122.628 
701316 0.0501183 0.0182724 -45718 122.798 
702282 0.0571584 0.0295202 -46613.7 122.968 
703248 0.0521436 -0.0217388 -45384.8 123.141 
704214 0.0318665 -0.018224 -44835.1 123.312 
705180 0.0236314 -0.00193597 -45105.7 123.48 
706146 0.0186793 -0.0177815 -44849.8 123.65 
707112 0.0485855 0.00128164 -44125.5 123.821 
708078 0.0531478 0.00635379 -44558.4 123.989 
709044 0.0670943 -0.0407289 -44410.2 124.16 
710010 0.0529018 -0.019697 -43362.9 124.329 
710976 0.0463821 -0.0283748 -43428.5 124.5 
711942 0.0284524 -0.015081 -42929.9 124.669 
712908 0.0520462 -0.00471017 -42616.3 124.839 
713874 0.0347216 -0.0208244 -42682.1 125.011 
714840 0.0489461 -0.0151774 -44842.9 125.18 
715806 0.031685 0.00236922 -45679.3 125.349 
716772 0.0391681 0.0279185 -46111 125.519 
717738 0.0458968 0.0400836 -46006.5 125.69 
718704 0.0591803 0.0263961 -45331.2 125.858 
719670 0.028673 0.0101604 -45789.5 126.027 
720636 0.0350304 -0.00732749 -45898 126.199 
721602 0.0238803 0.0233499 -46654.5 126.369 
722568 0.0422787 -0.00769608 -45332.2 126.54 
723534 0.0230768 0.0176804 -45947.8 126.709 
724500 0.0341512 0.00268954 -45624 126.88 
725466 0.0442513 0.00590316 -46483.6 127.049 
726432 0.132386 -0.019405 -45682.6 127.218 
727398 0.0540089 -0.0015751 -44101.9 127.39 
728364 0.0568653 0.0528165 -44161.1 127.559 
729330 0.0487639 -0.026662 -43813.5 127.729 
730296 0.0334488 -0.0320436 -44118.1 127.897 
731262 0.0418239 -0.0274552 -43324.2 128.068 
732228 0.0382763 0.0300862 -43192.3 128.235 
733194 0.0358517 0.000371422 -44399.7 128.404 
734160 0.0189186 0.00159292 -44090.4 128.574 
735126 0.0534564 -0.00695368 -43486.7 128.744 
736092 0.0691205 0.0189196 -43502.3 128.914 
737058 0.0471348 -0.0104695 -44193.5 129.082 
738024 0.0414336 0.0134262 -43763.7 129.252 
738990 0.0784855 -0.0170662 -44802.3 129.421 
739956 0.0501688 -0.0338263 -44156.4 129.592 
740922 0.0342146 0.00403896 -44668.9 129.759 
741888 0.0346151 -0.00461023 -44690.3 129.929 
742854 0.0276812 -0.0145212 -44010.3 130.098 
743820 0.0513924 -0.0451932 -44724.8 130.265 
744786 0.0437003 0.0119289 -43643.5 130.436 
745752 0.0125368 -0.00945223 -44724 130.605 
746718 0.033335 -0.02783 -43240 130.775 
747684 0.0620145 -0.0122513 -43806 130.944 
748650 0.0650416 0.00871969 -43167.4 131.115 
749616 0.0340717 -0.0118425 -44202.3 131.285 
750582 0.00630931 -0.00187499 -45026.6 131.452 
751548 0.0674818 -0.0571058 -45157 131.622 
752514 0.0635574 -0.0546722 -45574.9 131.792 
753480 0.0449284 -0.0276816 -45374 131.961 
754446 0.0317973 -0.00227852 -45381.2 132.129 
755412 0.0196306 0.00286308 -45479.5 132.298 
756378 0.0864277 -0.0851812 -45797.9 132.468 
757344 0.0196939 -0.0161292 -44233.5 132.636 
758310 0.0554672 0.0173429 -45319.1 132.806 
759276 0.0785998 -0.066205 -45101.8 132.976 
760242 0.0271853 0.0131048 -45751.6 133.146 
761208 0.0752145 0.043483 -46204.4 133.314 
762174 0.0602872 0.0230849 -45253.6 133.485 
763140 0.0792531 0.0555899 -45656 133.657 
764106 0.0459781 0.0253575 -44709.9 133.826 
765072 0.0720721 -0.0535451 -45416.2 133.996 
766038 0.0638044 -0.060114 -45696.7 134.165 
767004 0.0937359 -0.0820178 -44487.5 134.335 
767970 0.0894743 -0.0843293 -44842 134.503 
768936 0.0566325 -0.0191105 -44282.8 134.672 
769902 0.0668979 0.00248058 -45691.4 134.842 
770868 0.0432165 0.0249669 -45532.2 135.01 
771834 0.0203295 0.0153158 -44812.9 135.179 
772800 0.0667714 0.0604023 -44328.9 135.349 
773766 0.0375544 0.0322984 -46188.5 135.518 
774732 0.0708419 -0.0438957 -45623.9 135.686 
775698 0.0872034 -0.0296732 -45779.3 135.856 
776664 0.0852221 0.0247064 -45783.7 136.025 
777630 0.0255784 -0.000860287 -46422 136.194 
778596 0.0540507 0.0215265 -45593 136.362 
779562 0.0878925 0.00856984 -44992.7 136.531 
780528 0.0583469 -0.026906 -45765 136.7 
781494 0.0441782 0.0289463 -44773.8 136.868 
782460 0.0623304 0.0496233 -45188.5 137.037 
783426 0.0637982 0.045383 -44784.4 137.208 
784392 0.0483306 0.00277649 -44237.6 137.376 
785358 0.0685465 -0.0524933 -45001.1 137.547 
786324 0.0438504 -0.0069072 -45529.7 137.715 
787290 0.0457319 -0.00558511 -45043.2 137.885 
788256 0.0624748 -0.0269808 -45361.8 138.053 
789222 0.0103546 -0.00589654 -46049.5 138.222 
790188 0.056793 0.00687011 -45045 138.392 
791154 0.070443 0.0576632 -44906.9 138.56 
792120 0.0914814 -0.0300971 -45321.5 138.729 
793086 0.085434 0.0153835 -46194.6 138.898 
794052 0.0832049 0.047098 -46137.3 139.067 
795018 0.11301 0.0935179 -46953.3 139.236 
795984 0.0586563 0.0225487 -46253.8 139.406 
796950 0.062332 -0.00833333 -46491.3 139.576 
797916 0.0899711 -0.0434661 -45758.7 139.745 
798882 0.0212682 0.0203088 -44792.2 139.913 
799848 0.0490631 -0.00511764 -43924 140.082 
800814 0.0437667 0.0198493 -44770.2 140.252 
801780 0.0642762 0.00405913 -45190.8 140.421 
802746 0.0673645 -0.0635171 -45638.6 140.591 
803712 0.0632595 -0.0564994 -45079.2 140.762 
804678 0.0251549 -0.00344619 -45516 140.932 
805644 0.0424073 -0.0260818 -45461.3 141.101 
806610 0.0218638 -0.0156427 -45495 141.269 
807576 0.0870188 0.012712 -44824.3 141.439 
808542 0.0702566 0.0384926 -44511.4 141.608 
809508 0.0536847 -0.0329169 -44714.2 141.777 
810474 0.0701512 -0.0501505 -44873.2 141.944 
811440 0.0484564 -0.0480689 -43769.6 142.115 
812406 0.0588587 -0.0334414 -45715.3 142.284 
813372 0.0602438 -0.043648 -46677.1 142.455 
814338 0.0597469 -0.0527282 -45569 142.627 
815304 0.0417101 0.0127071 -44688.5 142.798 
816270 0.0681731 -0.0589876 -46262.8 142.969 
817236 0.0583618 0.0129553 -47001 143.138 
818202 0.0377971 0.019064 -45562.9 143.309 
819168 0.029573 0.00683414 -45167.3 143.476 
820134 0.0392395 0.0291196 -45651.5 143.646 
821100 0.109925 0.0894741 -45422.5 143.814 
822066 0.0166555 -0.012169 -45942 143.984 
823032 0.0390541 0.0123622 -46454.9 144.152 
823998 0.0501962 -0.0429288 -45660.8 144.32 
824964 0.074933 0.0452827 -44730.5 144.488 
825930 0.101101 -0.0500212 -44921.7 144.657 
826896 0.0186306 -0.014567 -44195.2 144.828 
827862 0.042827 -0.0329444 -44883.5 144.996 
828828 0.0538147 0.0111467 -45096.8 145.166 
829794 0.0350349 -0.0161761 -44554 145.336 
830760 0.0596368 0.0444674 -45367.4 145.503 
831726 0.0176833 0.000622069 -45288.5 145.674 
832692 0.0372133 0.01907 -46006.1 145.843 
833658 0.0307239 -0.00806582 -45927.5 146.015 
834624 0.0560592 -0.0472246 -46829.7 146.183 
835590 0.0356364 -0.0197337 -45987.3 146.353 
836556 0.0512104 0.051022 -46041.4 146.525 
837522 0.0240968 0.00170949 -45114.6 146.696 
838488 0.0826355 0.027394 -44354.3 146.866 
839454 0.104141 -0.03213 -44511.5 147.035 
840420 0.0749992 0.0316154 -43796.2 147.205 
841386 0.0768445 0.028502 -44752.7 147.373 
842352 0.0640788 0.0321135 -44005.1 147.543 
843318 0.0406328 0.0141625 -43419.5 147.714 
844284 0.047755 0.0407866 -43088.3 147.882 
845250 0.0627404 0.059996 -43811.6 148.05 
846216 0.0889825 0.0855168 -44356.5 148.219 
847182 0.0340347 0.0267271 -44253.8 148.389 
848148 0.0268258 -0.0079263 -45148.5 148.557 
849114 0.0133969 0.000707435 -45275.5 148.727 
850080 0.0671626 0.0284553 -43701 148.898 
851046 0.0755014 -0.00442174 -45200.3 149.067 
852012 0.044771 0.0163327 -44978.5 149.236 
852978 0.0326006 0.0249375 -45158.8 149.406 
853944 0.0481503 0.00411996 -44293.9 149.576 
854910 0.0692813 -0.0431645 -43171.8 149.744 
855876 0.0534918 -0.00383348 -43705.4 149.911 
856842 0.0656175 0.0359885 -43938.4 150.081 
857808 0.059735 -0.047637 -44032.6 150.25 
858774 0.0409037 -0.0345093 -43639.2 150.419 
859740 0.0635485 -0.0236096 -43125.8 150.588 
860706 0.044576 -0.0150064 -42778.1 150.757 
861672 0.0555949 0.0198288 -43736.3 150.925 
862638 0.0573497 0.0406272 -43759 151.094 
863604 0.0934751 0.0649042 -45192.9 151.265 
864570 0.063141 0.0442902 -45159.8 151.434 
865536 0.039825 0.038631 -44247.5 151.603 
866502 0.034913 0.0348499 -45159.6 151.774 
867468 0.0770042 0.0752052 -46009.5 151.956 
868434 0.0523141 0.0180503 -44883.2 152.156 
869400 0.0135367 -0.000671231 -45540.7 152.347 
870366 0.0713686 0.0250944 -44790.7 152.516 
871332 0.0861442 -0.000167205 -45118.2 152.684 
872298 0.0312771 0.0270577 -44988.3 152.851 
873264 0.0196122 0.0141424 -45425.7 153.022 
874230 0.074714 -0.00640688 -44978.7 153.191 
875196 0.047305 -0.0146136 -45494.4 153.36 
876162 0.0286475 0.014718 -45080.1 153.53 
877128 0.010332 0.00895358 -46024.7 153.698 
878094 0.0183151 -0.0113592 -45698.4 153.868 
879060 0.0205514 -0.0185224 -46773.1 154.038 
880026 0.0341253 -0.0058465 -46529.2 154.207 
880992 0.0557909 -0.0460653 -45886.1 154.374 
881958 0.0525218 -0.00910867 -44574.3 154.544 
882924 0.0670632 0.00696415 -44926.5 154.713 
883890 0.0219274 -0.0115421 -45056.9 154.881 
884856 0.0538617 0.0376849 -44060 155.05 
885822 0.0699329 -0.0307533 -44905.5 155.221 
886788 0.0413853 0.0160266 -44922 155.39 
887754 0.058729 -0.0467426 -43521.9 155.558 
888720 0.0849677 -0.0293932 -43029.7 155.728 
889686 0.0566376 -0.0119876 -43568.2 155.899 
890652 0.0653527 -0.0118414 -44221.9 156.068 
891618 0.0557566 -0.0309114 -44361.9 156.239 
892584 0.0849177 -0.0388853 -44106.8 156.409 
893550 0.0734833 -0.029725 -43780.5 156.58 
894516 0.0684365 -0.00771257 -44186.2 156.746 
895482 0.0555972 -0.00574051 -44070.5 156.915 
896448 0.0304134 0.0131543 -44981.8 157.084 
897414 0.0694113 -0.0526832 -43194.3 157.254 
898380 0.0331613 -0.00945209 -43471.2 157.423 
899346 0.0353866 -0.0118287 -42708.6 157.591 
900312 0.0660299 -0.0320504 -42383.1 157.761 
901278 0.0608514 -0.0151717 -43037.5 157.93 
902244 0.0488817 0.0341341 -44185.3 158.099 
903210 0.059099 -0.0123756 -44607.5 158.268 
904176 0.0569804 0.00809852 -44065.7 158.438 
905142 0.0821771 -0.0312767 -44080.4 158.608 
906108 0.104112 -0.0795977 -44252.9 158.775 
907074 0.0444367 -0.0392401 -44282.5 158.945 
908040 0.0330837 -0.0323178 -43541.8 159.115 
909006 0.0166864 0.0063916 -44200.1 159.284 
909972 0.0363967 0.01541 -44962.7 159.455 
910938 0.0389042 -0.0269769 -43813.4 159.625 
911904 0.0361573 0.00658199 -44607.4 159.796 
912870 0.0267662 0.0100761 -44412.5 159.965 
913836 0.0348993 0.0276318 -43933.8 160.133 
914802 0.0211074 0.00368291 -44001.4 160.303 
915768 0.0701137 -0.0488504 -43807.5 160.473 
916734 0.0267575 -0.00138189 -44204.7 160.643 
917700 0.0464389 0.0403472 -44652.1 160.812 
918666 0.0603244 -0.0174893 -44667.7 160.983 
919632 0.0670114 0.0522633 -44771.6 161.153 
920598 0.0390026 -0.00398197 -45988 161.323 
921564 0.013203 -0.00302027 -44095.8 161.492 
922530 0.0650906 -0.0424007 -44801.6 161.662 
923496 0.0418501 0.0197072 -44255 161.832 
924462 0.0748623 -0.0272158 -43962.8 161.999 
925428 0.0636574 -0.00872302 -44623.9 162.169 
926394 0.0692802 0.0461907 -44533.6 162.339 
927360 0.0595935 -0.00183758 -45864.8 162.51 
928326 0.0430446 0.0316298 -46534.6 162.679 
929292 0.0740724 -0.0205648 -44281.5 162.848 
930258 0.0676071 -0.0508409 -44577.8 163.017 
931224 0.0606698 -0.0500512 -44828.8 163.187 
932190 0.0201056 -0.0143795 -44689.6 163.355 
933156 0.0223098 0.0177094 -43878.3 163.525 
934122 0.0416503 0.0296939 -43390.8 163.694 
935088 0.0318355 -0.000622687 -44488.4 163.866 
936054 0.0586614 0.0130367 -43778.9 164.035 
937020 0.045007 -0.0318938 -43785.2 164.204 
937986 0.0567999 0.0477855 -44220.9 164.374 
938952 0.0663487 0.0306551 -43924.5 164.543 
939918 0.0421922 0.0374072 -44003.8 164.713 
940884 0.0573321 0.0434828 -44711.3 164.882 
941850 0.0812516 0.054881 -45800.9 165.051 
942816 0.111366 0.0898459 -46564.1 165.222 
943782 0.139773 0.0912134 -46613.5 165.392 
944748 0.104588 0.0680079 -46810.5 165.561 
945714 0.0453048 0.00970813 -44705.7 165.73 
946680 0.0315905 0.00201283 -43969.7 165.9 
947646 0.0847167 0.0360032 -44571.4 166.069 
948612 0.0735279 -0.0340735 -43824.1 166.238 
949578 0.10161 -0.0775496 -44617.2 166.408 
950544 0.0350328 0.0172417 -45091.2 166.579 
951510 0.0388728 -0.0285175 -45586.2 166.75 
952476 0.0346969 0.0146851 -45393.2 166.919 
953442 0.0417232 0.000568054 -46103.4 167.089 
954408 0.106982 -0.0769484 -45351.3 167.262 
955374 0.0233248 -0.0187741 -44189.8 167.429 
956340 0.0409984 0.000966532 -45689.7 167.6 
957306 0.051097 -0.0130876 -46026.2 167.769 
958272 0.0479855 -0.0396868 -45632.6 167.938 
959238 0.0427522 0.0028744 -45407 168.107 
960204 0.0241609 -0.00675525 -44577 168.276 
961170 0.0625713 0.00788523 -43541.2 168.446 
962136 0.0684038 -0.0232878 -43546.3 168.615 
963102 0.0625627 -0.024544 -43728.4 168.786 
964068 0.0698107 -0.0288399 -44286.6 168.955 
965034 0.0305921 -0.0287808 -45181.6 169.126 
966000 0.117381 -0.105698 -45241.2 169.295 
