0 0.0234645 0.0218907 -32643.2 0 
966 0.0248283 0.00905011 -36205.4 0.163747 
1932 0.0341104 0.0230158 -40671.8 0.330802 
2898 0.0478251 0.0234151 -41637.7 0.495489 
3864 0.05817 0.0402442 -41311.9 0.659918 
4830 0.0318734 -0.0279917 -43484.2 0.824174 
5796 0.0766409 -0.0175204 -44143.1 0.98857 
6762 0.0726008 -0.0187174 -44812 1.1524 
7728 0.0520536 0.0301884 -45407.5 1.31692 
8694 0.0202359 0.00514707 -44956.3 1.48212 
9660 0.0282546 0.00803674 -45654.6 1.64692 
10626 0.0810626 -0.0510102 -44724.8 1.81145 
11592 0.0971816 -0.0715198 -44219.2 1.97596 
12558 0.141971 -0.103989 -43879.9 2.14053 
13524 0.118439 -0.102508 -43574.5 2.30559 
14490 0.0893222 -0.0629329 -43599.5 2.47045 
15456 0.0420725 -0.0414195 -43700.9 2.63587 
16422 0.01501 -0.0107942 -44098.8 2.79961 
17388 0.0263962 0.0225563 -44553.9 2.96511 
18354 0.0226272 0.00898036 -44055.2 3.1288 
19320 0.0332224 -0.021252 -43880.5 3.29328 
20286 0.0381684 -0.0034706 -45277.5 3.45752 
21252 0.0592418 -0.0443006 -45234 3.62234 
22218 0.053309 -0.0355945 -45024.1 3.7867 
23184 0.0586498 0.0357817 -45054.8 3.95106 
24150 0.0291676 0.00864991 -45326.1 4.11616 
25116 0.0704775 0.00543174 -45289.2 4.28071 
26082 0.103281 -0.00652363 -45209.1 4.44484 
27048 0.0748652 0.0120736 -44688.7 4.60911 
28014 0.0437117 -0.0271682 -43565.9 4.77323 
28980 0.043966 -0.0208105 -44345.2 4.93769 
29946 0.0349346 0.00698089 -44527.3 5.10161 
30912 0.0571155 -0.025228 -45429.8 5.26649 
31878 0.0456656 0.0203305 -45811.9 5.43142 
32844 0.0914341 -0.0254465 -46403.1 5.59606 
33810 0.0669081 0.0230649 -45293.3 5.76032 
34776 0.0127584 0.00561403 -44767.8 5.92542 
35742 0.0537219 -0.000439621 -44487.8 6.09049 
36708 0.027699 -0.0255042 -45284.7 6.25582 
37674 0.0326318 -0.00237853 -45142.3 6.41901 
38640 0.0342668 0.0130648 -44455.7 6.58297 
39606 0.0429733 0.00282611 -44342.7 6.74746 
40572 0.0696955 -0.0123831 -43796 6.91201 
41538 0.0560766 -0.00818063 -43834.9 7.07753 
42504 0.0407227 0.0397507 -43762.5 7.24164 
43470 0.0533664 -0.0408868 -45160.7 7.40607 
44436 0.0581634 -0.0446827 -46232.9 7.57057 
45402 0.0711954 0.0401952 -45292 7.73586 
46368 0.059383 0.0310831 -45300 7.90102 
47334 0.0377261 0.0348982 -46765.8 8.065 
48300 0.0220209 -0.0114377 -47127.4 8.22977 
49266 0.0738429 0.0618805 -47494 8.39392 
50232 0.0407083 0.0278782 -46963.3 8.55777 
51198 0.0685481 -0.0482892 -45491.7 8.72227 
52164 0.0728644 0.0325061 -46290.4 8.88709 
53130 0.0478181 -0.000231916 -45163.4 9.05134 
54096 0.0595259 0.017074 -45357.8 9.21488 
55062 0.0667707 -0.0584753 -44376.2 9.37937 
56028 0.0148012 0.00345324 -43741.9 9.5443 
56994 0.059582 -0.0185698 -45480.7 9.70887 
57960 0.0644362 0.0300694 -45025.7 9.87352 
58926 0.0752489 0.0385322 -44901.5 10.038 
59892 0.0510461 0.0331528 -45373.4 10.2017 
60858 0.0566861 0.0135989 -46012 10.3659 
61824 0.0562271 -0.00668854 -45012 10.531 
62790 0.054037 0.00977548 -44919.3 10.6949 
63756 0.0400914 0.00573746 -43603.2 10.8592 
64722 0.016844 0.00290739 -44392.6 11.0239 
65688 0.0146423 0.0102802 -44661 11.188 
66654 0.0624273 0.0146848 -44464.1 11.3519 
67620 0.0434345 -0.0087534 -43859.8 11.5162 
68586 0.0638409 0.0594191 -44321.7 11.6806 
69552 0.0896168 0.0389977 -44353.7 11.8451 
70518 0.0697084 -0.0292749 -43849.1 12.0095 
71484 0.063942 -0.0184596 -43990.6 12.1736 
72450 0.0425562 -0.0194892 -43808.2 12.3376 
73416 0.052063 -0.0488849 -43909.5 12.5017 
74382 0.0434344 0.020772 -44165.9 12.6661 
75348 0.0417365 -0.00260299 -45156.8 12.8302 
76314 0.0540064 -0.0336945 -44643.8 12.9945 
77280 0.0831417 0.040173 -45332.5 13.1591 
78246 0.0589352 0.0285058 -45196.8 13.3239 
79212 0.0578845 0.00565561 -44025.9 13.4879 
80178 0.0780914 -0.0678578 -45249.8 13.6518 
81144 0.08054 -0.0686862 -45063.6 13.8157 
82110 0.0449167 -0.032806 -45684.1 13.9802 
83076 0.0357121 0.0321234 -44516.7 14.1449 
84042 0.0284967 -0.0196086 -44451.5 14.3095 
85008 0.0219157 0.0140177 -43146.9 14.4737 
85974 0.0446503 -0.02174 -43781.7 14.6378 
86940 0.0613827 -0.00239412 -43748.3 14.8026 
87906 0.103123 0.0567971 -43712.8 14.9673 
88872 0.0648974 0.0432747 -42646.1 15.1321 
89838 0.0579057 -0.0396665 -43848.2 15.2965 
90804 0.0562799 0.0305407 -43786.1 15.4609 
91770 0.051735 0.0464134 -43605.1 15.6257 
92736 0.0395821 0.00988936 -42866.5 15.7891 
93702 0.0469381 -0.00495637 -44248.1 15.9533 
94668 0.0596309 -0.0430611 -43955.6 16.1175 
95634 0.0502535 -0.0147491 -43941.5 16.2822 
96600 0.0380395 0.014195 -45249.4 16.4467 
97566 0.0416751 0.0381778 -44760.5 16.6113 
98532 0.0432915 -0.0164399 -45471.4 16.7755 
99498 0.0531872 0.0137689 -45230.5 16.9394 
100464 0.0169657 0.00479165 -44936.4 17.1037 
101430 0.0211609 -0.00634005 -45117.1 17.2673 
102396 0.0304562 -0.0142233 -45341.7 17.4312 
103362 0.0590755 -0.0107625 -46042.1 17.5959 
104328 0.0227327 0.00312928 -46150 17.7603 
105294 0.0283438 0.024725 -46378.7 17.9247 
106260 0.0392612 -0.0119138 -45862.8 18.0888 
107226 0.00937406 -0.00300474 -45073.3 18.2529 
108192 0.014568 0.0142195 -44608.4 18.4168 
109158 0.0559443 -0.0277131 -44178.9 18.5807 
110124 0.0493297 -0.0378114 -45129.2 18.7453 
111090 0.0484557 -0.00777845 -45421.9 18.9098 
112056 0.0610391 -0.0275588 -46354.6 19.0745 
113022 0.0821745 -0.0122661 -46165.9 19.2397 
113988 0.0864738 -0.0360128 -47468.2 19.4038 
114954 0.0554042 -0.0311153 -46535.8 19.5681 
115920 0.0285589 -0.00865322 -45936.1 19.7327 
116886 0.0336492 0.0329793 -44661.4 19.897 
117852 0.0264717 -0.0177569 -46101.9 20.0614 
118818 0.0294318 0.0170551 -46561 20.2262 
119784 0.0442828 0.0333007 -46646.2 20.3907 
120750 0.087696 -0.0679887 -45482.9 20.5553 
121716 0.0314508 -0.0207253 -45292.9 20.7201 
122682 0.0617152 -0.0560142 -45831.9 20.8855 
123648 0.0618737 -0.0120736 -44542.7 21.0508 
124614 0.0478919 0.00671225 -43783.9 21.2152 
125580 0.0810295 -0.0348907 -44782.5 21.3787 
126546 0.0654263 0.005723 -45015.1 21.5428 
127512 0.0762601 -0.0554658 -44582.4 21.7069 
128478 0.0491664 -0.0350501 -43306.9 21.8714 
129444 0.0573141 0.0333628 -43916 22.036 
130410 0.0332777 0.00648174 -44784.5 22.2007 
131376 0.03688 0.00278666 -44562.4 22.3653 
132342 0.0326062 0.0132399 -43985.2 22.5303 
133308 0.0524177 0.0511223 -44340 22.695 
134274 0.0170349 -0.000322042 -43993.7 22.8598 
135240 0.0413592 0.0138462 -44280.2 23.0239 
136206 0.018112 0.0162267 -44744.3 23.1879 
137172 0.0251136 0.0233674 -44663 23.3524 
138138 0.0303518 0.0277316 -46288.5 23.5171 
139104 0.0312403 0.00260863 -45909.4 23.6825 
140070 0.0451321 0.00735584 -46919.7 23.8471 
141036 0.0377465 -0.0298353 -45861.3 24.0118 
142002 0.0264928 -0.00559199 -45526.3 24.1763 
142968 0.0360262 -0.00804135 -46009.1 24.341 
143934 0.0518557 0.0218954 -45092.4 24.5053 
144900 0.0543018 0.00929748 -45371.4 24.6704 
145866 0.0599635 -0.0157302 -45124.4 24.8355 
146832 0.082019 0.0381464 -44326.2 24.9995 
147798 0.043127 -0.0134432 -44573.7 25.1643 
148764 0.0516972 0.0335019 -44295.5 25.3287 
149730 0.069707 -0.0506243 -43873 25.4933 
150696 0.0697882 0.0512764 -44234.1 25.6579 
151662 0.0766729 0.0763767 -43886.5 25.8222 
152628 0.0616948 0.0529855 -44801.2 25.987 
153594 0.0187688 -0.00825311 -45595.8 26.1513 
154560 0.0429526 0.0412293 -46063.5 26.3157 
155526 0.0458098 0.0137638 -44238.2 26.4808 
156492 0.0634275 -0.00602513 -44336.2 26.6453 
157458 0.0693132 -0.0151478 -44355.7 26.8096 
158424 0.0253668 -0.0121857 -44458 26.9735 
159390 0.0683145 -0.00881141 -45485.2 27.138 
160356 0.0155019 0.0104545 -44960.4 27.3022 
161322 0.0458502 0.0216223 -45403.6 27.4665 
162288 0.0698315 0.0384365 -45031.6 27.6317 
163254 0.0191596 -0.00734564 -44543.5 27.7962 
164220 0.0280082 -0.0122975 -44815 27.9605 
165186 0.0631984 0.00162863 -44837.2 28.1247 
166152 0.0508731 -0.026191 -44501.8 28.2891 
167118 0.0689043 0.0480715 -45676.6 28.4544 
168084 0.0513551 0.0184987 -44655.7 28.6183 
169050 0.0557448 0.0152888 -44647.7 28.7824 
170016 0.0303168 0.00518041 -44683.9 28.947 
170982 0.040437 -0.0125379 -45167.3 29.1115 
171948 0.0499141 0.0107565 -44073.3 29.2769 
172914 0.0749897 -0.0604057 -44998.6 29.4413 
173880 0.0383892 -0.01014 -44444.7 29.606 
174846 0.0733203 -0.0318113 -43734.7 29.7703 
175812 0.0666511 -0.0573884 -44098 29.9344 
176778 0.0375301 -0.0230382 -45666.7 30.0985 
177744 0.0309409 -0.00725715 -45218.2 30.2635 
178710 0.0285547 -0.0107233 -43689.4 30.4277 
179676 0.027133 -0.0149603 -43892 30.5914 
180642 0.0486667 0.0326478 -43582.1 30.7558 
181608 0.0479407 0.0251348 -43092.2 30.9206 
182574 0.044255 0.0123197 -41805.3 31.0849 
183540 0.0629062 0.0424503 -42262 31.2491 
184506 0.0608973 -0.00131259 -41732.6 31.4135 
185472 0.0661925 0.0308755 -42803.4 31.5772 
186438 0.0529682 0.0205163 -42871.7 31.741 
187404 0.0501135 0.0393095 -43500.9 31.9052 
188370 0.0576411 0.0567758 -43828.8 32.0692 
189336 0.0148715 0.000299109 -44972.3 32.2338 
190302 0.00965093 0.00257826 -44379.5 32.3975 
191268 0.0395512 0.0166239 -43822.3 32.5618 
192234 0.06527 0.0647469 -44900.7 32.7273 
193200 0.0330448 0.0115867 -43680.9 32.8922 
194166 0.0310707 0.00837704 -45058.9 33.0567 
195132 0.028584 -0.0134997 -43831.7 33.2203 
196098 0.0575869 -0.00919556 -43828.3 33.3837 
197064 0.0434555 0.0266024 -43540.4 33.5479 
198030 0.0390573 -0.00257973 -44273.4 33.7116 
198996 0.0725616 -0.01563 -44944.8 33.8765 
199962 0.0355837 -0.0194781 -44680.4 34.0406 
200928 0.00597373 -0.00216948 -44753.9 34.2053 
201894 0.0510521 1.02148e-05 -45379.8 34.3695 
202860 0.0219081 0.00777513 -44366.3 34.5338 
203826 0.0565069 -0.0237521 -45014.9 34.6987 
204792 0.0475609 -0.0211873 -43485.7 34.8628 
205758 0.0786925 -0.0392399 -44213.7 35.0267 
206724 0.0791521 -0.0345372 -44307.7 35.192 
207690 0.0501611 -0.00465693 -43834.7 35.3568 
208656 0.0489164 -0.00774182 -45410.1 35.5206 
209622 0.0378375 0.0290512 -45253.3 35.6852 
210588 0.0481394 -0.0117536 -44309.2 35.8498 
211554 0.037201 -0.0362332 -44649.5 36.014 
212520 0.0699802 0.0324469 -44895.7 36.178 
213486 0.0261888 -0.0240487 -43826.7 36.3424 
214452 0.0424383 -0.0177113 -43556 36.5068 
215418 0.0536311 -0.046534 -42277 36.6704 
216384 0.0922 0.0691581 -42010.2 36.8345 
217350 0.0908279 -0.000146909 -42472.3 36.9982 
218316 0.0518128 0.0029401 -44872.1 37.1633 
219282 0.0452571 0.0120861 -45962.7 37.3278 
220248 0.042143 -0.0168092 -45236.5 37.4926 
221214 0.0744888 0.0360046 -45621.9 37.6573 
222180 0.0188857 -0.00496456 -45446 37.8219 
223146 0.0460309 -0.0250587 -45529.3 37.9882 
224112 0.0425722 0.0347813 -43721.6 38.153 
225078 0.0457592 -0.00455325 -45141.8 38.3173 
226044 0.0838225 -0.00658532 -44511.9 38.4822 
227010 0.0872158 0.0226173 -44233.8 38.6471 
227976 0.0209842 -0.00640558 -44572.2 38.8116 
228942 0.0284807 -0.00220858 -44517.5 38.9761 
229908 0.0668714 -0.0473641 -44684.8 39.1408 
230874 0.0499967 -0.0475413 -43795.5 39.3051 
231840 0.0274837 -0.00908505 -44819.5 39.4699 
232806 0.0364138 0.0277076 -44055.7 39.6342 
233772 0.0192383 0.0190247 -46147.7 39.7987 
234738 0.0231249 0.0202465 -45463.5 39.9638 
235704 0.0223217 -0.00373526 -44310.5 40.1282 
236670 0.0584851 0.00974454 -43817.8 40.2926 
237636 0.0470862 0.0408053 -44250.7 40.4568 
238602 0.0796584 0.0782871 -44808 40.6212 
239568 0.0543458 0.0417011 -43815.5 40.7863 
240534 0.067955 -0.00894985 -44139.5 40.9509 
241500 0.0662207 0.0536435 -43237.9 41.1164 
242466 0.0668984 -0.0287262 -42666.6 41.2814 
243432 0.0646195 -0.00305142 -44547.8 41.4459 
244398 0.0322149 -0.00594737 -44570.5 41.6106 
245364 0.0446551 0.029232 -42796 41.7748 
246330 0.0193256 0.0173385 -43111.3 41.939 
247296 0.0265366 0.0187085 -44465.5 42.1035 
248262 0.0552232 0.0482167 -44493.2 42.2672 
249228 0.044955 0.00659133 -44566 42.4326 
250194 0.0132919 0.00072264 -43592.4 42.5969 
251160 0.0319085 0.0177469 -44222.8 42.7609 
252126 0.0348775 -0.0201646 -43631 42.9257 
253092 0.0386196 0.0255055 -44272.4 43.0904 
254058 0.0533386 0.0087749 -43757.5 43.2557 
255024 0.0437893 0.00201345 -44962.3 43.4209 
255990 0.0606616 -0.0265761 -44678.2 43.5858 
256956 0.0302069 -0.0216348 -44702.3 43.7501 
257922 0.0308137 0.0271605 -45327.8 43.9148 
258888 0.116893 -0.0866757 -45020.6 44.0792 
259854 0.0956702 -0.0405507 -44608.8 44.2434 
260820 0.0875311 -0.0736174 -45234.7 44.4088 
261786 0.0536893 -0.0160014 -45687.1 44.5731 
262752 0.0407486 0.020496 -46059 44.7376 
263718 0.0721418 0.0413893 -46097.7 44.9015 
264684 0.0148342 0.000973821 -45397.6 45.0671 
265650 0.029892 -0.000141055 -44921 45.2316 
266616 0.0439292 0.0152817 -45080.1 45.3966 
267582 0.0685829 0.00573755 -43748.3 45.5599 
268548 0.0819133 0.0330084 -45827.4 45.7244 
269514 0.0551524 0.0372701 -46295.8 45.8894 
270480 0.0339945 0.0313665 -46720 46.0542 
271446 0.0616242 0.039807 -46256 46.2193 
272412 0.0478856 0.0466281 -45926.4 46.3836 
273378 0.0418471 0.0283736 -46107.4 46.5484 
274344 0.0361864 0.0127563 -44455.1 46.7129 
275310 0.087655 -0.0105433 -44804.2 46.8773 
276276 0.0865095 -0.0346252 -44545.4 47.0417 
277242 0.0660999 0.0317626 -45456 47.2057 
278208 0.0643354 -0.0440416 -46018.9 47.3705 
279174 0.0791606 0.0711574 -46523.5 47.5348 
280140 0.0375418 0.0343563 -44626.3 47.6994 
281106 0.0250717 0.000355185 -45075.3 47.8646 
282072 0.0468874 -0.0413325 -45348.9 48.0289 
283038 0.0550718 -0.0259377 -45874.9 48.1928 
284004 0.0551084 0.00762176 -46224.1 48.3571 
284970 0.0554016 -0.0168666 -45932.6 48.5216 
285936 0.0551815 0.0471202 -45471.2 48.6868 
286902 0.0174324 -0.0129562 -45901.8 48.8522 
287868 0.0747114 0.0563063 -46498.1 49.0161 
288834 0.0464455 0.00899469 -45428.5 49.18 
289800 0.0517461 -0.0441335 -44707.6 49.3447 
290766 0.0472509 -0.00613964 -45183.1 49.509 
291732 0.0400393 0.0229505 -44703.6 49.6726 
292698 0.0399331 0.020857 -44708.5 49.8366 
293664 0.0458238 -0.0168179 -45805 50.0015 
294630 0.045074 -0.0350255 -46625.3 50.1657 
295596 0.0373877 0.0249354 -45602.6 50.3294 
296562 0.0582774 0.0520931 -46060.1 50.4936 
297528 0.034483 -0.00692693 -46293.8 50.6581 
298494 0.0412581 -0.00690707 -44782 50.8225 
299460 0.0744916 0.0247219 -45362.3 50.9867 
300426 0.044846 0.035861 -45292.6 51.1509 
301392 0.0732409 0.0167342 -45579.9 51.3147 
302358 0.0803031 0.0611514 -44749.6 51.4798 
303324 0.0416183 -0.000823952 -45602.7 51.6445 
304290 0.0290582 -0.0259918 -45936.6 51.8088 
305256 0.0239608 -0.00506999 -47038.6 51.9737 
306222 0.0384018 -0.0135719 -45281.3 52.1388 
307188 0.0389108 -0.013946 -43997.5 52.3044 
308154 0.0272721 0.0270465 -44240 52.4688 
309120 0.0118035 0.00397234 -43849.3 52.6327 
310086 0.0184457 0.010747 -45650.9 52.7983 
311052 0.0427428 -0.0401172 -44775.8 52.963 
312018 0.0281951 -0.00971367 -44127.1 53.1283 
312984 0.0520931 -0.0106995 -43492.9 53.2927 
313950 0.0839994 0.052978 -44507.5 53.4574 
314916 0.0339195 0.00261503 -45006.3 53.6218 
315882 0.0294723 0.0286241 -45521.7 53.7864 
316848 0.0981155 -0.0800572 -46594.5 53.9509 
317814 0.0566962 -0.0506429 -44628.7 54.1153 
318780 0.0727556 -0.0603078 -44478.1 54.2802 
319746 0.0535741 -0.0517804 -43807.9 54.4439 
320712 0.0530961 -0.0394277 -43509.6 54.6081 
321678 0.0348152 0.00394666 -43167.1 54.7724 
322644 0.0463813 0.0182499 -43457.1 54.9364 
323610 0.0492598 0.0160099 -43913.6 55.1008 
324576 0.0231411 0.0129161 -43373.3 55.2654 
325542 0.0157515 0.00411231 -43387.9 55.4295 
326508 0.0354932 -0.00695293 -43492.8 55.5947 
327474 0.0248969 -0.0142244 -44714.9 55.7591 
328440 0.0322256 -0.0200199 -44460.2 55.9223 
329406 0.0351553 0.00150759 -44076 56.0871 
330372 0.0180801 -0.0140948 -45409.8 56.2515 
331338 0.070119 0.0480784 -45345.2 56.4158 
332304 0.0509213 -0.033726 -45384.6 56.5796 
333270 0.0649552 0.0439768 -44650.2 56.7441 
334236 0.02776 -0.00120385 -44700 56.9081 
335202 0.0292831 0.0135714 -44705.6 57.073 
336168 0.0342519 -0.00112864 -44388.9 57.2376 
337134 0.0453801 0.0432568 -45606.6 57.4024 
338100 0.0741355 0.0215757 -44957.9 57.5664 
339066 0.0491175 -0.0173848 -45026.8 57.7312 
340032 0.0534358 0.0427319 -44282.7 57.8949 
340998 0.0330255 0.0259765 -44011.2 58.0593 
341964 0.057037 0.0308413 -44084.1 58.2237 
342930 0.0384557 0.0362016 -44743.9 58.3881 
343896 0.0387257 0.0234331 -45029.4 58.5525 
344862 0.0283964 0.00849663 -44013.6 58.7171 
345828 0.0235382 0.00339996 -44845.4 58.8814 
346794 0.0505381 0.0121917 -45126.9 59.0451 
347760 0.0797172 0.0696298 -45259.2 59.2099 
348726 0.0682791 -0.0159827 -45229.4 59.3745 
349692 0.063991 0.0202155 -45723.5 59.5393 
350658 0.0318521 -0.0188179 -45459.7 59.7037 
351624 0.0933906 0.0447692 -44588.8 59.8675 
352590 0.0654567 0.0282617 -43704.4 60.0316 
353556 0.0420136 0.0371056 -43516.4 60.1958 
354522 0.0526502 0.042802 -43732 60.3604 
355488 0.0283767 -0.0076889 -44810.1 60.5246 
356454 0.0571656 -0.0239482 -44941.9 60.6892 
357420 0.0395998 0.0240138 -45363.8 60.8541 
358386 0.0652274 0.0201281 -46197.8 61.018 
359352 0.0547189 -0.0325262 -45770.7 61.1824 
360318 0.0312823 -0.00554205 -44117 61.3466 
361284 0.0409838 -0.0123262 -43761.1 61.5106 
362250 0.0441316 -0.0133609 -44179.3 61.6749 
363216 0.0687409 0.0495646 -44057.3 61.8391 
364182 0.0276142 0.0223078 -44169.5 62.0037 
365148 0.0343091 0.0209105 -44371.3 62.1683 
366114 0.0415471 0.00347027 -42979.4 62.3329 
367080 0.0388202 0.023525 -43559.4 62.4974 
368046 0.0752966 -0.0179777 -44006.1 62.6622 
369012 0.0838243 -0.0476448 -44400 62.8262 
369978 0.0477625 -0.0227844 -43984.8 62.9902 
370944 0.0322888 -0.0209174 -44209.5 63.1555 
371910 0.0543693 0.018492 -45145.9 63.3205 
372876 0.100857 0.0724473 -45563.9 63.4854 
373842 0.0692834 0.0325822 -45807.1 63.6506 
374808 0.0636281 0.00221026 -46601.2 63.8164 
375774 0.0443504 -0.0198906 -46893.5 63.9821 
376740 0.0686491 -0.00837503 -46472.2 64.1471 
377706 0.0255769 0.0248372 -44788.3 64.3117 
378672 0.0343368 0.000233923 -46432.4 64.4759 
379638 0.068501 0.0456888 -46697 64.6414 
380604 0.0733472 0.0367886 -46109.4 64.8065 
381570 0.0419176 -0.0110844 -46492.2 64.9718 
382536 0.0632114 -0.0248289 -45084.2 65.1358 
383502 0.0483301 0.036791 -46321.2 65.3002 
384468 0.0342527 0.0107327 -44831.9 65.4643 
385434 0.04356 -0.00691087 -45729.3 65.6287 
386400 0.0412683 -0.00861015 -44356 65.7935 
387366 0.0680206 0.0518852 -45019 65.9572 
388332 0.036043 -0.00483527 -44898 66.1215 
389298 0.0684429 0.0646142 -45156.3 66.2863 
390264 0.025267 -0.0132508 -45433.9 66.4507 
391230 0.0140207 -0.0128205 -45342.2 66.6142 
392196 0.0520471 0.0240609 -44945.5 66.7786 
393162 0.00815421 -0.00637272 -44451.6 66.9425 
394128 0.0451724 -0.0421076 -44017.9 67.1067 
395094 0.0209403 0.0066431 -44283.4 67.2704 
396060 0.0474395 0.0214512 -44969.5 67.435 
397026 0.0373227 -0.03535 -44044.2 67.5989 
397992 0.0346349 -0.0319759 -44052.9 67.7632 
398958 0.0503894 -0.0111325 -44287.3 67.9278 
399924 0.0448798 0.0210073 -44572.6 68.0918 
400890 0.0712184 0.0227929 -44123.9 68.2558 
401856 0.0578628 0.0163788 -42894.4 68.4197 
402822 0.0587029 0.0549803 -42464.2 68.5843 
403788 0.0687263 0.00199458 -43420.5 68.7483 
404754 0.0508901 0.008411 -44559.3 68.9129 
405720 0.0290396 0.0207351 -45087.4 69.0767 
406686 0.0622915 0.00302304 -46255.6 69.2409 
407652 0.0357946 -0.0150817 -46290.2 69.4055 
408618 0.0291052 0.000720296 -44858.7 69.5706 
409584 0.0346548 -0.0296225 -44478.8 69.7353 
410550 0.048303 -0.0333585 -45482.6 69.9001 
411516 0.0345185 -0.0207682 -44800.1 70.0646 
412482 0.0158267 -0.00193513 -44452.2 70.2281 
413448 0.0762211 -0.0288337 -43867.8 70.393 
414414 0.0654235 -0.0462049 -43755 70.5574 
415380 0.0509973 -0.00946846 -44925.9 70.7215 
416346 0.0405769 -0.0142053 -45267.1 70.8852 
417312 0.0235304 -0.0147846 -44209.5 71.0491 
418278 0.0584891 -0.0269702 -44032.9 71.214 
419244 0.035214 -0.0294346 -43455.2 71.3789 
420210 0.0482772 -0.0301738 -44325.3 71.5432 
421176 0.0259786 0.00791443 -43550.7 71.7073 
422142 0.022206 -0.0199199 -43000.5 71.8722 
423108 0.0576701 0.0347208 -43486.2 72.0369 
424074 0.04928 0.0267907 -44728 72.201 
425040 0.0453389 0.0069 -45440.2 72.3654 
426006 0.0603719 0.0233146 -45213.9 72.5294 
426972 0.0725752 0.0379391 -45847 72.6942 
427938 0.0408488 0.00919482 -46508.2 72.8584 
428904 0.0329874 0.0309062 -46164.5 73.022 
429870 0.0560139 -0.00735557 -45442.3 73.1867 
430836 0.0235662 0.00509241 -45689.1 73.3506 
431802 0.0650874 -0.00402101 -46718.9 73.5146 
432768 0.0843311 0.019658 -46248.2 73.678 
433734 0.072523 -0.000966761 -45912.6 73.8421 
434700 0.0908775 -0.0418914 -45240 74.0059 
435666 0.0897589 0.0112972 -45191.7 74.1711 
436632 0.0183675 -0.00135043 -44891 74.336 
437598 0.0309142 0.010533 -44922.4 74.501 
438564 0.0374793 -0.00340557 -45620.8 74.6651 
439530 0.099968 0.0862982 -45940 74.8291 
440496 0.0486835 0.00976008 -44407.6 74.9933 
441462 0.0653879 -0.00798367 -45577.7 75.1576 
442428 0.0494517 0.0345625 -45172.3 75.3216 
443394 0.0634073 -0.0507862 -44320.6 75.4854 
444360 0.0105434 -0.00950284 -45638.5 75.6499 
445326 0.067583 -0.0563953 -45422.2 75.8149 
446292 0.0759743 -0.0184944 -45875.1 75.9784 
447258 0.0147301 0.00524483 -45842.3 76.143 
448224 0.0125168 0.00760751 -45415.7 76.3073 
449190 0.0368485 -0.028267 -45556.9 76.4711 
450156 0.0445512 -0.0419694 -45100.1 76.6349 
451122 0.0172232 -0.00214559 -43833.7 76.7989 
452088 0.019395 -0.000811471 -44556.2 76.9635 
453054 0.0626827 -0.0579584 -45861.2 77.1286 
454020 0.0409713 -0.0324099 -45089.6 77.2924 
454986 0.0405125 0.00511275 -45854.3 77.4562 
455952 0.0161162 -0.0051547 -44458.8 77.6204 
456918 0.037714 0.0254296 -45137.3 77.7847 
457884 0.0408504 -0.00932496 -45130.6 77.9495 
458850 0.0756697 0.0523904 -44196.1 78.1131 
459816 0.041524 0.0298427 -45427.4 78.2778 
460782 0.0414494 0.0244384 -45172.8 78.4421 
461748 0.0399673 0.0288006 -45089.3 78.6067 
462714 0.0109552 0.00657384 -45216.7 78.7706 
463680 0.0217072 0.0145158 -45126.2 78.9345 
464646 0.0471759 0.0215663 -45263 79.0986 
465612 0.0715417 -0.0441841 -44391.4 79.2627 
466578 0.0333677 0.0299591 -42414.3 79.4271 
467544 0.0207429 0.00439391 -43129.9 79.5915 
468510 0.0222003 -0.00304206 -42883.9 79.7568 
469476 0.0559769 0.00539181 -43118 79.9216 
470442 0.0685844 -0.068072 -44144.4 80.0867 
471408 0.0646365 -0.0601451 -45621.6 80.2511 
472374 0.0934603 -0.0900029 -45515.9 80.4151 
473340 0.0579079 -0.0452566 -46043.7 80.579 
474306 0.0265285 0.00423831 -45179.7 80.7434 
475272 0.061101 0.0531368 -45390.9 80.9076 
476238 0.0856467 -0.0387594 -44640.6 81.0721 
477204 0.0518942 -0.0425822 -45569.9 81.2365 
478170 0.0284518 -0.00561044 -46252.1 81.4006 
479136 0.0365072 -0.0243035 -46332.8 81.5647 
480102 0.0494312 -0.013045 -45945 81.7285 
481068 0.0328742 0.0171109 -45428.8 81.8923 
482034 0.0474922 -0.0336211 -43892.9 82.0559 
483000 0.0880053 -0.076182 -44728 82.2206 
483966 0.0304237 -0.0240057 -44331.5 82.3851 
484932 0.0353702 -0.00462699 -44624.2 82.5491 
485898 0.0689162 -0.00610813 -44698.4 82.7141 
486864 0.0913129 0.0675386 -44940.2 82.8789 
487830 0.0240601 -0.0232982 -44044.4 83.0444 
488796 0.0645956 0.0570837 -44210.6 83.2088 
489762 0.066015 0.029586 -44709.1 83.3744 
490728 0.0462173 0.0442433 -44379.7 83.5386 
491694 0.0866864 0.078997 -44676.2 83.7031 
492660 0.0486525 0.0291952 -44720 83.8682 
493626 0.07154 0.0512478 -44432.5 84.0329 
494592 0.0875642 0.068648 -43415.1 84.1968 
495558 0.00924864 0.00139371 -43621.9 84.3608 
496524 0.0266133 -0.00950403 -44260.3 84.5254 
497490 0.0117184 0.00875342 -44373.1 84.6895 
498456 0.0438018 0.0178223 -44114 84.8541 
499422 0.053028 -0.0423942 -44177.6 85.0191 
500388 0.0148536 0.000137341 -44564.2 85.1842 
501354 0.0488114 -0.0394554 -45495 85.3487 
502320 0.0657757 -0.0483104 -45232.7 85.5131 
503286 0.0487442 -0.0429466 -43862.6 85.6773 
504252 0.0185043 -0.00124922 -43773.5 85.8413 
505218 0.0507849 -0.030024 -44644.7 86.0052 
506184 0.0305515 -0.00795636 -44043.5 86.1698 
507150 0.0523669 0.0139326 -45239.6 86.3346 
508116 0.0566719 0.0207816 -43941 86.4984 
509082 0.0617208 -0.00586119 -44155.8 86.664 
510048 0.0973241 -0.052135 -44947 86.8288 
511014 0.0859198 -0.0405852 -45696.7 86.9942 
511980 0.0821794 0.00140919 -45332.3 87.16 
512946 0.0579565 -0.047424 -45683 87.3251 
513912 0.0615283 0.0146878 -45479.6 87.4898 
514878 0.0755245 -0.0366804 -45822.8 87.6541 
515844 0.0442762 -0.0235741 -45794.9 87.8194 
516810 0.0403871 0.0063342 -45784.1 87.9842 
517776 0.0335628 0.0259997 -45394.1 88.1491 
518742 0.0443084 -0.0442766 -44975.9 88.3135 
519708 0.0519767 0.0435251 -44808.2 88.4783 
520674 0.0398395 -0.00789317 -45542.4 88.6439 
521640 0.0724829 -0.0298019 -46375.3 88.8082 
522606 0.0403136 -0.0346437 -46218.6 88.9723 
523572 0.0361548 -0.0243932 -43485.1 89.1369 
524538 0.0324247 -0.00653941 -44069.7 89.3021 
525504 0.042004 -0.0112076 -44926 89.4674 
526470 0.0206695 -0.00261204 -44544.5 89.6319 
527436 0.0275478 -0.00656234 -44566.8 89.7974 
528402 0.0485907 0.0432487 -44264.5 89.9625 
529368 0.0452224 0.021748 -44559.6 90.1278 
530334 0.0946211 -0.00302363 -45531.2 90.292 
531300 0.0587 -0.019329 -45710.8 90.4558 
532266 0.0740866 -0.0128763 -44833.7 90.62 
533232 0.0589903 0.0314117 -44815.3 90.7842 
534198 0.0726953 0.0614126 -45028.4 90.9485 
535164 0.0759981 0.0650922 -44319.4 91.1122 
536130 0.0526787 0.0438991 -43958.1 91.2764 
537096 0.0709709 0.00379545 -44173.2 91.4405 
538062 0.0271777 -0.0118132 -42868.9 91.6045 
539028 0.0503641 -0.011448 -43916.3 91.7694 
539994 0.0776405 -0.0608843 -43546.3 91.9331 
540960 0.0316801 0.0240918 -43984.5 92.0976 
541926 0.0229064 -0.0182584 -44084.5 92.2612 
542892 0.0212275 0.0199658 -45025.8 92.4253 
543858 0.0424102 0.0422955 -44924.3 92.5894 
544824 0.0387717 0.000155814 -45552.3 92.7549 
545790 0.0568624 -0.00353033 -46541.1 92.9194 
546756 0.0367578 0.00759884 -45614.8 93.0837 
547722 0.0614577 0.0515687 -46617.7 93.248 
548688 0.0616563 -0.0415183 -45609.8 93.4127 
549654 0.0767475 -0.0192373 -45701.8 93.5778 
550620 0.0778227 0.0764133 -45311.7 93.7435 
551586 0.0332484 -0.0187742 -46090.9 93.9078 
552552 0.0433647 0.029599 -44040.4 94.0728 
553518 0.0354971 0.00320136 -43549 94.2373 
554484 0.0304194 0.0068169 -43747.9 94.402 
555450 0.0438158 -0.0245086 -43942 94.5666 
556416 0.0486212 -0.0240418 -45396 94.7313 
557382 0.0732951 0.0629029 -45214.6 94.8972 
558348 0.0560874 -0.0461032 -44758.4 95.0616 
559314 0.0230343 0.00306926 -44790 95.2265 
560280 0.0774809 0.0128021 -44903.9 95.392 
561246 0.0909726 -0.0212428 -44534.9 95.557 
562212 0.0336544 0.0166394 -43967.2 95.7217 
563178 0.0608119 0.0581518 -44459.5 95.8864 
564144 0.0307839 0.0224634 -44917.1 96.0504 
565110 0.0466959 0.0218165 -44912.6 96.215 
566076 0.027236 -0.0104885 -44432.3 96.3805 
567042 0.0630134 0.0180383 -44319.3 96.5454 
568008 0.0963464 0.0878718 -45123.7 96.7103 
568974 0.0314583 0.0128241 -44113.4 96.8758 
569940 0.0375662 0.0342485 -44737.1 97.0402 
570906 0.0597095 0.0119785 -44533.7 97.205 
571872 0.128417 -0.0171512 -45901.1 97.3698 
572838 0.0914028 0.0114475 -46566.6 97.5342 
573804 0.0463912 0.0381544 -45703.8 97.6987 
574770 0.0464262 0.0256901 -45872.5 97.8633 
575736 0.0330516 0.0105066 -46211.9 98.028 
576702 0.0663541 0.000452265 -45351 98.1921 
577668 0.104602 -0.0435883 -46327.5 98.3568 
578634 0.11102 -0.00563152 -46364.7 98.5211 
579600 0.0813594 0.000819123 -45647.7 98.6856 
580566 0.0605882 -0.0142611 -45576.9 98.8499 
581532 0.0497727 0.0112693 -45188.8 99.0161 
582498 0.0400375 -0.0114168 -44101.1 99.1805 
583464 0.044817 -0.0266283 -43859.5 99.3451 
584430 0.0216241 -0.019092 -44160.6 99.5102 
585396 0.034833 0.00470714 -44161.5 99.6752 
586362 0.0390836 0.0308253 -45277.3 99.8398 
587328 0.0343835 0.0321036 -46029.3 100.005 
588294 0.0713517 -0.00193089 -45798.9 100.169 
589260 0.0388679 -0.034681 -45125.8 100.334 
590226 0.054921 -0.0534286 -44579.4 100.498 
591192 0.0819345 -0.0560105 -45246.3 100.663 
592158 0.0559594 0.0441447 -44760.1 100.828 
593124 0.0329983 0.0115841 -44457.1 100.993 
594090 0.0318248 -0.0153782 -43953.7 101.158 
595056 0.0378899 -0.0214955 -45564.1 101.322 
596022 0.0315684 -0.00692084 -46009.1 101.487 
596988 0.0231296 0.0212677 -45290.9 101.652 
597954 0.0275131 0.00435615 -44692.7 101.816 
598920 0.0371547 0.031653 -45609.9 101.981 
599886 0.0228499 -0.0120509 -45352.9 102.144 
600852 0.0596439 -0.0383942 -44695.8 102.309 
601818 0.0859086 -0.0655915 -44776.1 102.474 
602784 0.0906708 -0.013057 -45044.2 102.638 
603750 0.0368976 -0.00503629 -44694.1 102.802 
604716 0.0215968 0.00768282 -45706 102.966 
605682 0.0440148 0.0321095 -46069.2 103.131 
606648 0.0272208 0.0261154 -45735.4 103.296 
607614 0.0515265 0.0281137 -44831.7 103.461 
608580 0.0692116 0.0581001 -45077.6 103.625 
609546 0.0531103 -0.0109277 -46193.2 103.79 
610512 0.0739197 -0.0629476 -45758.1 103.955 
611478 0.0177818 -0.01073 -45226 104.12 
612444 0.0718577 0.0465967 -46219.6 104.284 
613410 0.0871979 0.0156751 -46807.6 104.449 
614376 0.0864081 -0.00371962 -45983.7 104.613 
615342 0.0553576 0.00386756 -45678.8 104.778 
616308 0.0900085 -0.0595902 -46332.8 104.943 
617274 0.0546646 -0.0368593 -45480.3 105.108 
618240 0.0638517 0.0330349 -45513.1 105.272 
619206 0.0576177 -0.0285061 -45913.8 105.437 
620172 0.0362492 0.0277838 -45671.2 105.601 
621138 0.0888689 0.0779964 -45924.7 105.766 
622104 0.0363659 -0.0210784 -45057.7 105.93 
623070 0.0522295 -0.0440496 -45244.5 106.094 
624036 0.044337 -0.00602387 -44987.1 106.258 
625002 0.0379648 0.0166214 -44996.9 106.422 
625968 0.0536946 0.0218366 -43799.7 106.587 
626934 0.0136617 -0.00857633 -43744.1 106.752 
627900 0.110079 0.0109181 -45179.3 106.917 
628866 0.0332226 -0.00640641 -45307.6 107.082 
629832 0.056033 -0.00188755 -45720.4 107.247 
630798 0.0587396 -0.014473 -45081.3 107.411 
631764 0.0613333 -0.0170299 -46135.8 107.576 
632730 0.0519825 -0.0218439 -46053.6 107.74 
633696 0.0357631 -0.0313563 -45743.9 107.904 
634662 0.0244656 -0.0148382 -45715.8 108.068 
635628 0.0357859 0.0245049 -45669 108.232 
636594 0.0492629 -0.0334933 -45344.7 108.397 
637560 0.0643365 -0.0517094 -45016.6 108.562 
638526 0.0647249 -0.0396955 -44376.9 108.726 
639492 0.0773212 -0.0192981 -45163.5 108.89 
640458 0.0395357 -0.0390383 -45052.4 109.055 
641424 0.0658453 0.0405755 -45960.4 109.219 
642390 0.0680571 0.00965203 -45003 109.383 
643356 0.0562718 0.0295773 -47144.2 109.548 
644322 0.0687975 -0.0446848 -46123.1 109.713 
645288 0.0543351 0.0374273 -45990.7 109.878 
646254 0.0401811 0.0359358 -45736.3 110.042 
647220 0.0304077 -0.0229439 -44916 110.207 
648186 0.0285469 -0.00461593 -45607.2 110.372 
649152 0.0597017 -0.0572543 -45466.6 110.537 
650118 0.0607611 0.0213754 -45212.4 110.702 
651084 0.0599779 0.00797684 -44367.3 110.867 
652050 0.0973062 -0.0442532 -45017.2 111.031 
653016 0.015023 0.00600782 -44088.1 111.196 
653982 0.0333013 0.0140729 -44580 111.36 
654948 0.0354212 0.00870456 -44004.2 111.524 
655914 0.0348573 0.0066391 -43695.5 111.689 
656880 0.0425974 0.0390563 -43570 111.854 
657846 0.0633851 0.0261125 -44976.9 112.019 
658812 0.050982 0.0232166 -44063.2 112.184 
659778 0.09894 0.0833337 -45237.9 112.349 
660744 0.0693845 0.0465328 -45330.7 112.513 
661710 0.0511934 -0.0230461 -46095.2 112.678 
662676 0.0740989 -0.037447 -46738.7 112.842 
663642 0.0530434 -0.0067511 -46719.5 113.006 
664608 0.063995 -0.0416053 -44764.6 113.171 
665574 0.0911449 -0.00871789 -45385.7 113.335 
666540 0.0649037 -0.0294715 -44707.2 113.5 
667506 0.0243575 -0.010315 -44991.9 113.664 
668472 0.029862 -0.0265316 -45297.5 113.827 
669438 0.0604633 -0.031386 -46344.2 113.991 
670404 0.0290782 -0.0242564 -44374.6 114.156 
671370 0.047504 0.0196979 -44079.1 114.32 
672336 0.0852821 0.0755428 -43308.3 114.485 
673302 0.07977 0.0546198 -44406.3 114.649 
674268 0.0550031 0.0362992 -43666.5 114.814 
675234 0.0294649 -0.012535 -44966.3 114.978 
676200 0.048221 -0.0124995 -44665.5 115.143 
677166 0.0159604 -0.0108149 -44305 115.308 
678132 0.00784434 -0.00405364 -44755.3 115.472 
679098 0.043063 0.0231543 -45489 115.637 
680064 0.0647734 0.0575579 -45323.9 115.801 
681030 0.0859974 0.0540783 -45098.1 115.965 
681996 0.0986837 0.0706468 -44842.9 116.129 
682962 0.0929702 0.0838447 -45640.4 116.294 
683928 0.0296032 0.00275523 -45381.3 116.459 
684894 0.0596887 0.0112971 -43469.4 116.623 
685860 0.0660661 -0.00404749 -43601.6 116.787 
686826 0.0805829 0.0164313 -44611.6 116.952 
687792 0.0940375 -0.03534 -45014.6 117.116 
688758 0.0912513 0.0772841 -44133.8 117.281 
689724 0.0488332 -0.0140398 -45031.5 117.445 
690690 0.0665019 -0.0299947 -44097.6 117.61 
691656 0.0307253 0.0254843 -45262.8 117.774 
692622 0.0599286 0.0449408 -45601.2 117.94 
693588 0.0818018 -0.00100586 -45787.4 118.103 
694554 0.0532073 -0.0368689 -45391.8 118.268 
695520 0.0477091 -0.0177858 -44935 118.433 
696486 0.0897598 -0.0141084 -44538 118.598 
697452 0.077541 -0.0525031 -43435.9 118.762 
698418 0.0788878 0.00175937 -45619.4 118.927 
699384 0.0699777 0.00437204 -45593.5 119.091 
700350 0.0494307 0.0247643 -44036.4 119.256 
701316 0.0662329 -0.0084887 -44067.2 119.42 
702282 0.0273197 -0.0067858 -44278 119.584 
703248 0.0201473 -0.0186468 -44180 119.748 
704214 0.0246224 0.0174927 -43353.6 119.913 
705180 0.058249 0.0576269 -43720 120.077 
706146 0.058366 -0.017487 -43120.3 120.242 
707112 0.0198828 -0.00712795 -43837.8 120.407 
708078 0.0382961 -0.0286616 -44383.2 120.572 
709044 0.0452228 -0.0241171 -44322.2 120.736 
710010 0.0808776 -0.0188779 -44346.1 120.9 
710976 0.0920249 0.0188503 -43852.2 121.065 
711942 0.0677117 -0.0505851 -44512 121.23 
712908 0.0464683 -0.0171039 -42837.7 121.394 
713874 0.0397987 -0.0139866 -42994.5 121.559 
714840 0.0698934 0.0506453 -43107.5 121.723 
715806 0.040057 0.0284842 -43662.4 121.887 
716772 0.0838751 -0.0395194 -43990.6 122.052 
717738 0.0337155 0.0253445 -44918 122.218 
718704 0.0467472 0.0453345 -44716.9 122.382 
719670 0.082178 0.0248622 -44113.3 122.547 
720636 0.0675022 0.0149372 -43866.7 122.711 
721602 0.0559715 0.0309569 -44071.9 122.875 
722568 0.043372 0.0418982 -43937.8 123.039 
723534 0.067314 0.0502661 -44940.2 123.204 
724500 0.057606 0.0502455 -46093.8 123.369 
725466 0.0437429 -0.00708568 -45086.9 123.534 
726432 0.0397064 -0.0213796 -43968.2 123.698 
727398 0.0230726 -0.00660238 -44618.9 123.863 
728364 0.0349905 -0.00985573 -44505.5 124.028 
729330 0.0386177 0.0104845 -44051.1 124.193 
730296 0.0421844 0.00189425 -44240.4 124.358 
731262 0.033211 -0.0202306 -44847.9 124.523 
732228 0.0746106 0.040947 -45145.9 124.687 
733194 0.0514653 0.00372657 -43943.8 124.852 
734160 0.0391265 -0.0274386 -44671.6 125.017 
735126 0.0502253 0.00342845 -44675.3 125.181 
736092 0.0393593 -0.000370346 -44214.3 125.345 
737058 0.0495132 -0.0447033 -45069.8 125.51 
738024 0.0170936 -0.00303469 -45042 125.674 
738990 0.0157935 -0.00396085 -44037.1 125.839 
739956 0.0436561 0.0421837 -44428.7 126.004 
740922 0.0138828 -0.00582791 -44709.2 126.169 
741888 0.0636599 0.0613891 -44049 126.333 
742854 0.0584377 0.00683681 -45068.5 126.499 
743820 0.00487389 -0.00049389 -44375.8 126.663 
744786 0.0695831 0.00680565 -44827 126.827 
745752 0.0925027 -0.0144781 -45639 126.991 
746718 0.0522072 0.00484216 -45426.3 127.155 
747684 0.0998346 -0.0295509 -45636 127.32 
748650 0.0384753 0.00822464 -45769.9 127.484 
749616 0.0720687 -0.029865 -46506.4 127.648 
750582 0.039992 -0.0154138 -45673.9 127.813 
751548 0.0390963 -0.0277373 -45762.7 127.978 
752514 0.0432877 -0.0421111 -44951 128.142 
753480 0.10059 0.0611004 -45505.1 128.306 
754446 0.0667199 0.00779277 -45523 128.47 
755412 0.0319849 -0.0297602 -45342.5 128.635 
756378 0.0474156 -0.0414884 -45626.5 128.8 
757344 0.0320878 -0.00865763 -45623.8 128.965 
758310 0.0647184 -0.0578739 -45000.9 129.13 
759276 0.070429 0.0214583 -45210.9 129.294 
760242 0.0471977 0.0240543 -45419 129.459 
761208 0.043128 -0.0305848 -44634.5 129.623 
762174 0.0279381 0.0252126 -43714.7 129.788 
763140 0.030324 0.000892471 -43894.3 129.952 
764106 0.0334657 0.0166893 -44664.6 130.118 
765072 0.0730778 0.0348584 -46768 130.283 
766038 0.0490319 -0.0114861 -45658.8 130.448 
767004 0.0592588 -0.0231418 -45913.1 130.612 
767970 0.0546224 0.0126214 -44795.5 130.777 
768936 0.0523568 -0.0114952 -43386.5 130.942 
769902 0.0510679 0.0306966 -43723.8 131.107 
770868 0.0652211 0.0410136 -43648.6 131.271 
771834 0.0398146 -0.00169922 -43685.2 131.435 
772800 0.0461205 -0.0108567 -44224.8 131.6 
773766 0.0499538 0.0363823 -45358.1 131.764 
774732 0.087293 0.0696372 -45351.8 131.928 
775698 0.0959378 0.079038 -45742.1 132.092 
776664 0.0223555 -0.0127301 -45187.5 132.257 
777630 0.0398025 0.00104847 -45645.5 132.421 
778596 0.0715571 0.035862 -45504.1 132.585 
779562 0.0441094 -0.0332734 -44150.6 132.75 
780528 0.0227175 -0.00870856 -43469.1 132.915 
781494 0.00752323 -0.00438755 -43632.7 133.079 
782460 0.011958 -0.00782795 -43768.9 133.244 
783426 0.0422815 0.00181899 -44456.5 133.409 
784392 0.0747575 0.0685161 -44958.2 133.574 
785358 0.0405561 -0.0179001 -44255.8 133.738 
786324 0.0648372 -0.0492271 -45374.6 133.903 
787290 0.0797493 -0.0468499 -43603.9 134.067 
788256 0.0610943 0.0184161 -44058.8 134.232 
789222 0.0390124 0.0183574 -44321.3 134.397 
790188 0.0409367 0.0337801 -44068.4 134.561 
791154 0.0139033 -0.000353949 -44090 134.726 
792120 0.0454457 -0.0239249 -44107.8 134.89 
793086 0.063081 0.0219637 -42961 135.054 
794052 0.0406528 0.0225414 -43739.7 135.218 
795018 0.0783868 0.0262878 -45439.2 135.383 
795984 0.0259321 -0.0157622 -44332.2 135.548 
796950 0.0971385 -0.0239359 -44788.5 135.714 
797916 0.0639585 -0.0514151 -45412.5 135.878 
798882 0.0532439 0.00464169 -45170.3 136.042 
799848 0.0229949 -0.017903 -43938.7 136.207 
800814 0.0488759 0.0103317 -43734.6 136.373 
801780 0.0249049 0.00692153 -43811.7 136.537 
802746 0.0525316 0.0480465 -43068.4 136.701 
803712 0.0214922 0.000243747 -43213.5 136.867 
804678 0.0460188 0.0209909 -44865.9 137.031 
805644 0.0739432 0.0154566 -44279.4 137.196 
806610 0.048419 0.0288865 -45703 137.359 
807576 0.0492351 0.0207695 -46230.8 137.523 
808542 0.0285363 0.0178919 -44685.6 137.688 
809508 0.0225543 -0.0081528 -44327.1 137.852 
810474 0.0343814 -0.0304357 -44108.5 138.016 
811440 0.01966 0.000471882 -43984.1 138.181 
812406 0.0389646 -0.0136715 -43237 138.345 
813372 0.0440102 0.0046141 -44196.9 138.509 
814338 0.0489138 0.0147868 -44010.6 138.673 
815304 0.0428748 -0.0225205 -43936.4 138.838 
816270 0.0242462 -0.0176931 -44916.5 139.002 
817236 0.0320898 -0.0180607 -45745.8 139.167 
818202 0.0324588 0.00818789 -45515 139.331 
819168 0.0480804 0.00832247 -44728.1 139.495 
820134 0.0758698 0.0574146 -45208.5 139.66 
821100 0.0366114 0.0272981 -44991.4 139.825 
822066 0.0574482 0.0337628 -45130 139.989 
823032 0.0531513 0.0134969 -45225.8 140.153 
823998 0.0561052 -0.0262184 -45509.1 140.317 
824964 0.0533847 0.0191813 -46190.9 140.482 
825930 0.0215401 0.0187107 -44703 140.647 
826896 0.0623461 0.0460519 -44181 140.812 
827862 0.0299397 -0.0142936 -44109.8 140.976 
828828 0.0653617 -0.00528945 -44531.8 141.141 
829794 0.0404377 0.0296398 -44781.3 141.306 
830760 0.0389207 -0.0125436 -44801.9 141.47 
831726 0.0667726 0.0536157 -45026.8 141.635 
832692 0.0273452 0.0147727 -44260.7 141.799 
833658 0.0115428 -0.00713605 -44267.2 141.965 
834624 0.0622946 -0.0577462 -44093.1 142.13 
835590 0.0180404 -0.00339784 -43887.4 142.294 
836556 0.0649944 0.0297562 -44321.3 142.459 
837522 0.042906 0.032961 -43268 142.624 
838488 0.0622618 0.0615188 -43984.8 142.788 
839454 0.0565518 0.0418609 -44379.2 142.953 
840420 0.0473526 -0.0166323 -44768.2 143.118 
841386 0.0963188 -0.0419237 -45114.2 143.282 
842352 0.0938793 -0.0590893 -45235.1 143.446 
843318 0.0583824 -0.0352348 -45700.6 143.611 
844284 0.0347111 -0.0249581 -45613.9 143.775 
845250 0.0283831 -0.0171245 -44824.9 143.939 
846216 0.0360087 -0.0248561 -43702.3 144.103 
847182 0.0266805 -0.00504334 -43638 144.267 
848148 0.0669034 0.00566193 -43507.3 144.432 
849114 0.0446828 0.0126337 -43355.8 144.597 
850080 0.0516907 0.0442597 -43557.6 144.761 
851046 0.0637637 -0.0501539 -45079.7 144.926 
852012 0.0434856 0.0101422 -44879.7 145.091 
852978 0.0619415 0.0309332 -45409.8 145.255 
853944 0.0159737 -0.00331007 -43997.1 145.419 
854910 0.0351289 0.0192739 -46006.8 145.584 
855876 0.0291741 0.023098 -44977.5 145.749 
856842 0.0658936 0.00219453 -44523.4 145.914 
857808 0.0607846 0.0453376 -44407.2 146.079 
858774 0.0584273 0.00799178 -44285.5 146.243 
859740 0.0511142 -0.00388838 -44332.1 146.408 
860706 0.0482268 0.00724776 -43484.9 146.573 
861672 0.0233033 -0.00266293 -44040 146.737 
862638 0.0392884 0.0079722 -44518.7 146.902 
863604 0.0322524 0.00872495 -43516.1 147.066 
864570 0.0421488 0.0178785 -44385.7 147.23 
865536 0.0921366 -0.0362049 -45751 147.395 
866502 0.0700986 -0.0473618 -45862 147.56 
867468 0.0435592 -0.0132761 -46642.9 147.725 
868434 0.0613063 -0.0446787 -46072.9 147.89 
869400 0.0815449 -0.0733909 -46143.3 148.055 
870366 0.0671807 -0.0377395 -45241.7 148.219 
871332 0.0282799 0.0209542 -44341.1 148.384 
872298 0.0356349 0.0116507 -44829.3 148.548 
873264 0.0601238 0.037765 -44845 148.714 
874230 0.0200491 -0.0155713 -44677.8 148.878 
875196 0.033917 -0.0239374 -43914.1 149.042 
876162 0.0562634 -0.0223684 -44494.6 149.207 
877128 0.0521684 -0.0370154 -45067.9 149.371 
878094 0.103332 -0.02946 -46781.2 149.535 
879060 0.0703954 -0.0246025 -46116.3 149.699 
880026 0.0718397 0.0124596 -45086.7 149.864 
880992 0.0440159 0.00917582 -43814.7 150.029 
881958 0.0830251 0.0214667 -44779 150.194 
882924 0.129566 0.120444 -44420.9 150.36 
883890 0.0830709 0.023927 -44791.9 150.524 
884856 0.0897127 -0.00547826 -45471.1 150.689 
885822 0.0599947 0.044036 -43471.9 150.853 
886788 0.0538714 0.0200205 -42303.3 151.018 
887754 0.0407134 -0.00146447 -41835.2 151.183 
888720 0.0266583 -0.00578613 -42958.2 151.348 
889686 0.0707515 -0.0480187 -43204 151.513 
890652 0.0975508 0.00556768 -42682.4 151.678 
891618 0.0728077 -0.00651861 -44769.5 151.843 
892584 0.0925526 -0.0296459 -45288.5 152.007 
893550 0.0436335 0.0253511 -44735.6 152.173 
894516 0.0769784 0.0337252 -45692.4 152.337 
895482 0.0697634 -0.0178733 -44319.5 152.502 
896448 0.0597245 0.0245644 -45173.2 152.667 
897414 0.0564915 0.0242374 -45315.5 152.832 
898380 0.0850583 0.0405136 -44851 152.996 
899346 0.0716245 0.00093062 -46045 153.161 
900312 0.0538439 0.0118553 -46392.8 153.326 
901278 0.0436145 0.00185666 -45863.9 153.49 
902244 0.0402306 0.0382703 -45479.8 153.655 
903210 0.0413751 0.0326439 -45391.8 153.82 
904176 0.0387046 0.0356649 -45650.2 153.985 
905142 0.0585444 -0.0320454 -45484.5 154.15 
906108 0.04813 -0.0239966 -45289.4 154.314 
907074 0.0518748 -0.0399476 -45804.3 154.479 
908040 0.0277578 0.00464526 -44670.7 154.644 
909006 0.0575068 0.00246094 -45040.6 154.808 
909972 0.0261523 0.024399 -44917.6 154.972 
910938 0.0480714 0.0468996 -44987.1 155.137 
911904 0.0536993 0.0328017 -44354.2 155.301 
912870 0.0281783 -0.0274943 -45115.8 155.465 
913836 0.0837496 -0.0415606 -44173 155.629 
914802 0.0248328 -0.00388541 -44219.8 155.793 
915768 0.0357234 -0.0293812 -43930 155.956 
916734 0.0450191 -0.0286016 -45021.7 156.122 
917700 0.0477442 -0.0105507 -44622 156.287 
918666 0.0504229 0.0030987 -44581.1 156.451 
919632 0.0199527 0.0130693 -44385.7 156.616 
920598 0.0210973 -0.00251775 -44158.1 156.78 
921564 0.0315886 0.0110559 -43680.9 156.944 
922530 0.0326617 0.00952063 -44478 157.109 
923496 0.0406366 0.0193507 -45005.5 157.273 
924462 0.107841 0.028717 -44558.1 157.437 
925428 0.0506768 -0.0372916 -44613 157.601 
926394 0.0604224 -0.0511148 -43930.9 157.765 
927360 0.0308635 0.0182145 -44539.1 157.93 
928326 0.0601686 -0.037144 -44505.2 158.095 
929292 0.0543522 -0.0104813 -44950.4 158.26 
930258 0.0327138 -0.0218352 -45104.7 158.424 
931224 0.0359335 -0.0333096 -44489.1 158.589 
932190 0.0417789 -0.0187928 -44734 158.753 
933156 0.0474799 -0.0178124 -44876.1 158.919 
934122 0.0369555 -0.015555 -43194.7 159.084 
935088 0.089452 -0.0460371 -44211.5 159.248 
936054 0.0612781 -0.0147088 -44227.8 159.413 
937020 0.0564018 -0.0240844 -46181.7 159.578 
937986 0.0618291 -0.0403608 -45483.6 159.742 
938952 0.0938818 -0.0155311 -44948.8 159.906 
939918 0.0187657 -0.0180653 -44512.6 160.071 
940884 0.0361113 -0.0222596 -46073.1 160.237 
941850 0.0701951 -0.00349463 -46112.7 160.401 
942816 0.0359035 -0.0133848 -45605.2 160.566 
943782 0.031125 0.0197924 -44851.5 160.731 
944748 0.0331215 0.0133166 -44982.5 160.896 
945714 0.0665659 0.0311297 -43735.8 161.061 
946680 0.0584837 -5.24856e-05 -44576.1 161.225 
947646 0.0501682 -0.0405979 -44317.8 161.389 
948612 0.0192838 0.00330544 -45406.1 161.553 
949578 0.0421311 0.00928339 -45587.4 161.717 
950544 0.0305697 -0.0266706 -45573.9 161.881 
951510 0.0184043 0.0127843 -44388.1 162.045 
952476 0.064727 -0.0597111 -45298 162.209 
953442 0.0547087 0.0292433 -44865.6 162.375 
954408 0.0508679 0.0194444 -43425.5 162.539 
955374 0.0268504 0.00875842 -42445.2 162.703 
956340 0.0275611 -0.0103811 -43214.9 162.867 
957306 0.0476633 0.0428332 -43379 163.031 
958272 0.0844441 0.081107 -44575.3 163.195 
959238 0.0609687 0.0469567 -45985.7 163.359 
960204 0.0335679 0.0321502 -45209.6 163.523 
961170 0.0789232 0.0685432 -45507.6 163.687 
962136 0.0168547 0.0157138 -46271.7 163.851 
963102 0.0369287 -0.0105716 -45650.1 164.015 
964068 0.0539491 0.0221285 -45839.1 164.18 
965034 0.0237856 0.00195499 -44794.3 164.343 
966000 0.029877 0.00553544 -45168.6 164.506 
