0 0.0393197 -0.00881751 -31907.7 0 
966 0.0671089 -0.0605862 -36922.5 0.16256 
1932 0.0516448 0.0318796 -38195.5 0.327709 
2898 0.0438415 -0.0230444 -41195.1 0.49371 
3864 0.0697677 -0.0460483 -41908.6 0.658126 
4830 0.070474 -0.022262 -42957.1 0.821564 
5796 0.0690844 0.0391869 -43343.2 0.985362 
6762 0.0403548 0.0277046 -42637.5 1.14925 
7728 0.0148143 -0.00375993 -42281.2 1.31314 
8694 0.0314717 0.0278699 -42179.7 1.47646 
9660 0.0419488 -0.00813951 -42340.3 1.63961 
10626 0.0337053 0.0179742 -42439.2 1.80357 
11592 0.0415462 -0.0103359 -44247.8 1.96743 
12558 0.0535675 0.0457271 -44168.6 2.13126 
13524 0.0293859 0.0282376 -44200.7 2.29536 
14490 0.018509 0.0128755 -44137.2 2.45941 
15456 0.047594 0.0191236 -43928.8 2.62312 
16422 0.0314749 -0.012316 -44625.3 2.78604 
17388 0.0371112 -0.0200148 -44923.3 2.94989 
18354 0.0583754 0.01475 -44784.7 3.11381 
19320 0.0721045 -0.0129877 -44440.8 3.27829 
20286 0.0691023 -0.0484029 -45462.3 3.44144 
21252 0.0627113 0.0296108 -46174.7 3.60661 
22218 0.0597224 0.0251777 -44823.5 3.76742 
23184 0.0655532 -0.0521029 -46075.1 3.9291 
24150 0.0283242 0.0099061 -44559.4 4.09294 
25116 0.0907757 -0.0370438 -45489.2 4.25679 
26082 0.0265418 0.0030022 -45552.7 4.42116 
27048 0.030994 0.0299387 -46174.1 4.5843 
28014 0.0305176 -0.000560966 -45995.3 4.74706 
28980 0.0640132 0.0361485 -46250 4.91008 
29946 0.0161354 0.00848829 -44994.1 5.075 
30912 0.0834099 -0.0579372 -45957.5 5.23817 
31878 0.0285545 -0.0119384 -45188.4 5.40202 
32844 0.058892 -0.0346702 -44693 5.56583 
33810 0.0622169 -0.0218681 -45073.8 5.72922 
34776 0.0550974 -0.00908539 -45337.9 5.89266 
35742 0.0589463 0.0170319 -46035.2 6.05682 
36708 0.0501059 0.00292102 -44769.2 6.22133 
37674 0.0495107 0.0311603 -43747.2 6.38503 
38640 0.0381103 -0.0375079 -44746.5 6.54891 
39606 0.0408289 0.00453233 -44567.2 6.71301 
40572 0.0356408 0.0231471 -43802.3 6.87704 
41538 0.0783117 0.0701638 -43155.1 7.04224 
42504 0.0662821 0.0256267 -44329.8 7.20608 
43470 0.0473563 -0.0262856 -44186.5 7.36939 
44436 0.0223068 -0.010585 -44891.3 7.53361 
45402 0.0575446 0.000630125 -44796.9 7.69676 
46368 0.0408291 0.017142 -46302.7 7.86027 
47334 0.0150283 0.00132036 -44952.8 8.02428 
48300 0.0449897 0.0166691 -44473.2 8.18838 
49266 0.038629 -0.0184388 -45204.3 8.35277 
50232 0.0952267 0.0153156 -45603.5 8.51682 
51198 0.038058 -0.00407303 -46139.4 8.68084 
52164 0.0492562 0.0226575 -45259.6 8.84519 
53130 0.0463395 -0.0134217 -45263.5 9.00894 
54096 0.0481096 0.00881756 -46206 9.17292 
55062 0.0459225 0.0299807 -44910.2 9.33659 
56028 0.0690702 0.0442752 -46393 9.50063 
56994 0.079201 0.00531891 -45959.9 9.66422 
57960 0.0728286 -0.0210372 -45717.4 9.82791 
58926 0.0501681 -0.0349704 -46320.2 9.99167 
59892 0.0580981 -0.000799903 -46451.6 10.1559 
60858 0.0392871 0.011075 -45713.4 10.3194 
61824 0.0245731 0.00466418 -44518.6 10.4838 
62790 0.0478691 -0.0433119 -43971.5 10.6476 
63756 0.0153484 0.0118379 -43670.1 10.8114 
64722 0.0391043 0.0335222 -43368.5 10.9747 
65688 0.0203464 -0.007533 -42807.2 11.1386 
66654 0.0292397 0.00710038 -42777 11.3026 
67620 0.0589865 -0.0106695 -42633.9 11.4672 
68586 0.0331767 -0.00801449 -43937.7 11.6307 
69552 0.0386814 -0.00470312 -44082.4 11.7946 
70518 0.042595 -0.0255206 -44914.3 11.959 
71484 0.0111409 -0.00199123 -44183.6 12.1228 
72450 0.0583221 -0.0550845 -44324.7 12.2859 
73416 0.0501744 0.000444077 -44202.3 12.4498 
74382 0.0802589 0.0569585 -45555.9 12.613 
75348 0.0788477 0.0692224 -44924.9 12.7769 
76314 0.0244133 -0.00254366 -44328.2 12.9407 
77280 0.0837778 -0.0305511 -43593.9 13.1043 
78246 0.0822049 -0.0314968 -45170.8 13.2686 
79212 0.0687729 -0.0307452 -45137.9 13.4327 
80178 0.102056 -0.0721511 -45242.5 13.5963 
81144 0.100891 -0.0406513 -45111.6 13.7606 
82110 0.0363762 0.00400779 -45618.9 13.9244 
83076 0.036114 0.0273863 -45531.8 14.0884 
84042 0.0731594 0.0138323 -45861.7 14.2531 
85008 0.0618681 0.00165822 -44099.8 14.417 
85974 0.0489951 0.0435617 -42688 14.5814 
86940 0.0355503 0.0173915 -43379.2 14.745 
87906 0.0551052 0.0104868 -44459.7 14.9089 
88872 0.0451864 -0.00826448 -45906.1 15.0736 
89838 0.0624388 -0.0136288 -45950.6 15.2371 
90804 0.0451924 -0.0429894 -44172.1 15.4006 
91770 0.0472551 0.0375985 -44800.4 15.5645 
92736 0.0422345 -0.0258105 -44070.4 15.7293 
93702 0.0155618 -0.0122671 -45572.3 15.8931 
94668 0.0384555 -0.0252403 -44455.4 16.0573 
95634 0.0421845 -0.0419202 -45046.1 16.2223 
96600 0.031843 0.00635567 -44987.8 16.3863 
97566 0.0135254 0.0118688 -45418.8 16.5501 
98532 0.0289055 0.00112701 -43828 16.7142 
99498 0.0412613 0.0284492 -43907.5 16.8788 
100464 0.0234942 -0.0156455 -43257.3 17.0433 
101430 0.0705168 -0.0109919 -44594.3 17.2075 
102396 0.0932421 -0.0193523 -44922.3 17.3723 
103362 0.0675491 0.0470204 -44798 17.5364 
104328 0.0320644 -0.00465849 -45924.7 17.7 
105294 0.064152 0.00390446 -45254.8 17.8649 
106260 0.0412688 0.013437 -45462.7 18.0288 
107226 0.104938 0.0330262 -46272.3 18.193 
108192 0.0695176 -0.0143469 -45809.5 18.3577 
109158 0.0562062 -0.00630265 -45656.7 18.5222 
110124 0.0507043 -0.0139373 -44981.5 18.6867 
111090 0.0558861 -0.0440891 -44881.9 18.8509 
112056 0.0599891 0.0153272 -44707.3 19.0153 
113022 0.0608492 -0.0113513 -44322.7 19.1792 
113988 0.034596 0.00559423 -43701 19.3428 
114954 0.0860366 -0.0174563 -44319.6 19.5061 
115920 0.0575567 -0.00380646 -44412.1 19.6702 
116886 0.0301755 0.0108082 -44319.8 19.8338 
117852 0.0466394 -0.00648544 -43969 19.9981 
118818 0.0639671 0.00561373 -44354.8 20.1626 
119784 0.042747 0.00214429 -43410 20.326 
120750 0.0535892 -0.0353474 -44361.5 20.4898 
121716 0.0590107 -0.0478173 -44436.2 20.6537 
122682 0.0512809 -0.0454514 -44798.8 20.8177 
123648 0.0473377 -0.0380656 -44369.8 20.9813 
124614 0.026551 -0.0241763 -44819.5 21.1446 
125580 0.0969496 0.0504118 -45187.3 21.309 
126546 0.0742615 0.0458717 -45718.2 21.4728 
127512 0.042455 -0.00282574 -45032.9 21.6371 
128478 0.0709609 -0.0471143 -45771.4 21.8013 
129444 0.0681294 0.0134932 -44862.5 21.965 
130410 0.082391 -0.00982466 -43855.4 22.1283 
131376 0.064616 -0.041863 -43263.9 22.2919 
132342 0.0517258 -0.0285426 -43527.3 22.4553 
133308 0.0574464 0.00568048 -44044.7 22.6187 
134274 0.076245 -0.0302298 -44583.9 22.7829 
135240 0.0627327 0.00179715 -43912.9 22.9463 
136206 0.0685279 -0.0612008 -44008.7 23.1097 
137172 0.0676046 -0.0571756 -43161.9 23.2738 
138138 0.0173369 -0.0159002 -43548.8 23.4379 
139104 0.0512236 0.0243774 -43681.3 23.6012 
140070 0.00981996 0.00077809 -43335 23.7647 
141036 0.0660176 -0.0110332 -43222.8 23.9293 
142002 0.0665753 -0.0269427 -43463.6 24.0931 
142968 0.120021 0.0380037 -44435.3 24.2572 
143934 0.0188139 0.0159735 -43114.5 24.4216 
144900 0.0792578 0.065242 -44896.9 24.5858 
145866 0.0312103 -0.00914457 -44086.6 24.7496 
146832 0.0356791 0.0221466 -44510.4 24.9131 
147798 0.0275248 -0.0170772 -44896.1 25.077 
148764 0.052981 -0.0308045 -43944 25.2408 
149730 0.0232316 0.0225959 -44046.1 25.405 
150696 0.0192761 0.00656659 -44924.5 25.5692 
151662 0.0527704 0.0240063 -44273.5 25.7342 
152628 0.0115673 0.00788563 -43561.7 25.8987 
153594 0.0477563 0.0473431 -44309.5 26.0626 
154560 0.0648147 0.0276473 -44682.9 26.2265 
155526 0.0463218 -0.0110862 -44977 26.3908 
156492 0.043937 -0.0350228 -44408.4 26.5552 
157458 0.0561476 0.0493367 -45035.1 26.7195 
158424 0.0354985 -0.000860777 -44633.2 26.884 
159390 0.0360822 -0.00384723 -45708.4 27.0481 
160356 0.0388539 -0.0157757 -43463.3 27.2123 
161322 0.05577 -0.033502 -45243.9 27.3768 
162288 0.0461297 0.0227803 -43363.8 27.5416 
163254 0.0584621 0.0487265 -44103.2 27.7054 
164220 0.0357818 0.0183207 -43224.8 27.87 
165186 0.0150461 0.00420332 -43526.7 28.0342 
166152 0.0530897 -0.0358517 -42971.4 28.1975 
167118 0.0404543 -0.0386051 -43465.8 28.3602 
168084 0.0125025 0.00414748 -44527.2 28.5242 
169050 0.0384732 -0.0311605 -45868.8 28.6877 
170016 0.0537368 -0.0444295 -44887.6 28.8509 
170982 0.0287904 -0.00556681 -44779.2 29.015 
171948 0.0687651 -0.0629842 -45606.3 29.1785 
172914 0.0175739 -0.00544322 -44940.3 29.3424 
173880 0.0874172 0.0497295 -44802.6 29.5071 
174846 0.0724936 0.0293166 -43117.6 29.6706 
175812 0.0676997 0.0392875 -43393.7 29.8345 
176778 0.0189933 0.0150069 -42779.6 29.9986 
177744 0.0495653 0.0375384 -43531.3 30.1628 
178710 0.0578278 0.0114486 -44897 30.3262 
179676 0.0321685 0.00427024 -44333.2 30.4913 
180642 0.037027 -0.0156752 -43394.9 30.6548 
181608 0.0411842 0.0083885 -44586.3 30.8184 
182574 0.0194094 0.00381877 -43923 30.9821 
183540 0.0374063 -0.0343945 -43719.9 31.1467 
184506 0.0394894 0.00356743 -43401.6 31.311 
185472 0.0362103 0.00585298 -42756.3 31.475 
186438 0.0512719 -0.00586909 -43042.5 31.6384 
187404 0.0361832 -0.00466304 -42844.9 31.8022 
188370 0.0351686 -0.0318512 -42310.8 31.9659 
189336 0.0340379 -0.02222 -42559.5 32.1306 
190302 0.0298612 0.00879991 -42696.7 32.2948 
191268 0.0495405 0.0317819 -43270.1 32.4592 
192234 0.0545894 0.0446349 -43313.3 32.6228 
193200 0.0384914 0.015615 -43777.6 32.7866 
194166 0.0408718 0.0174666 -45129.9 32.9506 
195132 0.0798196 0.0396168 -45755.9 33.1149 
196098 0.0639153 0.021335 -45820 33.2793 
197064 0.052312 0.00416162 -45819.5 33.4436 
198030 0.0766619 -0.0406562 -45613 33.6074 
198996 0.0750755 -0.0479363 -44908.7 33.7709 
199962 0.0435284 -0.0107811 -44236.8 33.9354 
200928 0.0505095 -0.0378601 -43224.4 34.0997 
201894 0.0465889 -0.0313609 -43014.7 34.2641 
202860 0.0633406 -0.0520859 -43025.3 34.4291 
203826 0.04938 0.00446966 -42753.4 34.5931 
204792 0.0540415 0.0228408 -42218.3 34.7568 
205758 0.0754362 -0.0433889 -43277.5 34.9209 
206724 0.0400597 -0.0293759 -43666.6 35.0848 
207690 0.0744316 0.0304775 -44057.8 35.249 
208656 0.0651189 0.00245823 -44781.7 35.4132 
209622 0.102267 0.0812483 -45594.7 35.5761 
210588 0.0336314 0.0292167 -44290.3 35.74 
211554 0.0466549 -0.0417159 -43140.5 35.9041 
212520 0.0491872 0.0430306 -43610.4 36.0672 
213486 0.054889 0.0426188 -43629.5 36.231 
214452 0.0681964 0.0635097 -44296.1 36.3946 
215418 0.0344768 0.0227056 -44995.4 36.5586 
216384 0.0276756 0.00164557 -45816.8 36.7223 
217350 0.0363691 0.0316506 -45719.7 36.8861 
218316 0.0419756 0.0386714 -45569.7 37.0505 
219282 0.0767843 0.0158617 -45997.3 37.215 
220248 0.0703745 0.0142832 -46578.8 37.3796 
221214 0.0519074 0.0037766 -45989.1 37.5434 
222180 0.026759 -0.00182071 -44767.4 37.7071 
223146 0.0417253 0.0364374 -44405.5 37.8705 
224112 0.0262811 -0.00928171 -45303.7 38.0338 
225078 0.0503584 0.0224002 -43854.9 38.1982 
226044 0.0458571 0.0173185 -45471.1 38.362 
227010 0.0198191 -0.00260126 -45407.7 38.5257 
227976 0.0285908 0.0166903 -45276.2 38.6898 
228942 0.0374211 0.00329785 -44609.9 38.8536 
229908 0.0718332 0.00516464 -45542.5 39.0171 
230874 0.0783068 -0.0653674 -46827.2 39.1816 
231840 0.035278 -0.0257449 -44876.9 39.3463 
232806 0.0523108 0.0487602 -44344.9 39.5102 
233772 0.0448045 0.0155026 -44441.2 39.6743 
234738 0.038668 0.0194558 -44521.7 39.8387 
235704 0.0441143 -0.0341484 -45023.3 40.0032 
236670 0.0386038 -0.00730889 -45427.1 40.1678 
237636 0.0879846 -0.0413134 -45014.5 40.3319 
238602 0.0462274 -0.0204607 -45856.5 40.4971 
239568 0.0810629 0.0357568 -45732.6 40.6611 
240534 0.0580163 0.0392076 -45258.4 40.8251 
241500 0.0650952 0.035405 -45887.9 40.9894 
242466 0.0577107 0.02402 -45792.4 41.1531 
243432 0.0582041 0.0459327 -44361 41.317 
244398 0.0406199 0.0394378 -44370.1 41.4811 
245364 0.0646071 0.0109775 -45443.5 41.6456 
246330 0.0238448 0.00835976 -45415.6 41.809 
247296 0.0405075 -0.0296071 -43847.5 41.9726 
248262 0.0404569 -0.0300126 -44070.1 42.1367 
249228 0.0249129 -0.0248885 -43317.1 42.3009 
250194 0.0414454 -0.0333552 -42433.6 42.4641 
251160 0.0400715 0.0378998 -43614.4 42.6277 
252126 0.0979077 -0.010875 -45289.8 42.7915 
253092 0.0654269 -0.055156 -45019.1 42.9553 
254058 0.0297049 -0.0267031 -43100.8 43.1199 
255024 0.0799977 -0.0550714 -44221.3 43.2838 
255990 0.0559147 -0.0415255 -44350.9 43.4484 
256956 0.0197472 0.0184477 -44661 43.612 
257922 0.0585832 -0.0112029 -45234.2 43.7757 
258888 0.0618185 -0.00778071 -44825.7 43.9394 
259854 0.0313926 -0.017394 -45516.2 44.103 
260820 0.0308911 -0.0283704 -44742.4 44.2664 
261786 0.0600139 -0.0529334 -43930.3 44.4301 
262752 0.0462803 -0.0181708 -43146.4 44.5939 
263718 0.0515467 -0.0249119 -43000.6 44.7573 
264684 0.0297585 0.00920159 -44095.3 44.9213 
265650 0.0116955 0.0058335 -45179.5 45.0852 
266616 0.0331571 0.0260216 -44292.5 45.2495 
267582 0.0467957 0.0219985 -45337 45.4133 
268548 0.0717376 0.0501426 -45294.9 45.5775 
269514 0.0625099 0.0619154 -45755.5 45.7418 
270480 0.0396872 0.00777778 -46193.1 45.9058 
271446 0.0512786 -0.0427224 -44923.2 46.0695 
272412 0.0471902 -0.00326273 -44528.4 46.2328 
273378 0.0191048 0.00958099 -45066.2 46.3965 
274344 0.0532623 0.0321419 -45909.8 46.5603 
275310 0.0667241 0.038439 -44342.7 46.7245 
276276 0.0507286 0.0166766 -44194.6 46.8884 
277242 0.0369538 -0.0166332 -43662.2 47.0526 
278208 0.0645851 0.00991961 -44763.5 47.2173 
279174 0.0658273 0.0366382 -44972.6 47.3814 
280140 0.0287521 0.0103429 -45053.3 47.545 
281106 0.0124132 0.00597091 -45045.2 47.7088 
282072 0.0447506 0.00819195 -45062.2 47.8727 
283038 0.0283211 -0.00518908 -44731.8 48.0369 
284004 0.0760339 -0.069167 -45307.4 48.2013 
284970 0.0166866 0.00789379 -45384.6 48.3655 
285936 0.0847701 -0.0105142 -45154.1 48.5288 
286902 0.038119 0.00352033 -45794 48.6928 
287868 0.0214246 0.00529403 -44534.1 48.8564 
288834 0.0485274 -0.0189094 -43019.8 49.0208 
289800 0.0692621 0.0599628 -42712.9 49.1846 
290766 0.0264836 0.0143828 -43424.9 49.3483 
291732 0.0470775 0.000987582 -43275.2 49.5118 
292698 0.0592244 0.0192243 -44886.3 49.6747 
293664 0.0182551 0.0033361 -45333.1 49.8383 
294630 0.030843 0.00742859 -45325.3 50.0027 
295596 0.0387704 0.0385997 -44495.4 50.1667 
296562 0.0465385 0.0276539 -44589.6 50.3307 
297528 0.0341089 0.00220407 -43689.3 50.4937 
298494 0.0316521 0.00781711 -43929.5 50.6573 
299460 0.0446856 0.00386147 -43679.8 50.8207 
300426 0.0587338 -0.00807254 -43623.3 50.9846 
301392 0.0765395 -0.0431027 -44485.1 51.1481 
302358 0.0302432 0.00153968 -44047.1 51.3116 
303324 0.0576248 -0.0208904 -43455.6 51.4756 
304290 0.0404838 0.0191414 -42951.5 51.6398 
305256 0.0256612 0.0108863 -43703.9 51.8037 
306222 0.0884618 0.0292162 -45084 51.9683 
307188 0.0435286 -0.00791 -43734.1 52.132 
308154 0.0332425 -0.00817487 -44319.3 52.2956 
309120 0.0628698 0.013387 -44536.9 52.4597 
310086 0.0528536 -0.00573472 -43895.8 52.6235 
311052 0.0500723 0.0156591 -44777.4 52.7872 
312018 0.0666015 0.0523592 -45568.7 52.9509 
312984 0.0611939 0.0433043 -46313.8 53.1148 
313950 0.0392258 0.0346536 -46628.6 53.279 
314916 0.0687605 0.0167013 -45611 53.4436 
315882 0.0462973 0.000729126 -44991.8 53.6075 
316848 0.0400014 -0.0111045 -44891.4 53.7713 
317814 0.0207828 0.00449858 -46276.7 53.9349 
318780 0.0602637 -0.0133096 -46014.1 54.0992 
319746 0.01731 -0.00624745 -44752 54.2634 
320712 0.031776 -0.0168761 -46285.7 54.4278 
321678 0.0613292 0.0396504 -46348.3 54.5919 
322644 0.0876733 0.0501367 -46818.8 54.7557 
323610 0.0725737 0.0662528 -47754 54.92 
324576 0.0340908 0.000378309 -47177.4 55.0835 
325542 0.0391639 -8.59366e-06 -46529.2 55.2467 
326508 0.0322779 0.0293469 -46235.9 55.4112 
327474 0.0483657 0.041258 -45957.6 55.5762 
328440 0.037073 0.008054 -45508.2 55.7399 
329406 0.0323632 0.0173601 -45644.3 55.904 
330372 0.048249 0.0382199 -45282.1 56.068 
331338 0.0324338 0.00487513 -43841.2 56.2314 
332304 0.0484965 -0.00934782 -43822.3 56.3946 
333270 0.0585144 -0.00475524 -45663.4 56.5587 
334236 0.0175566 0.00388486 -45343.6 56.7228 
335202 0.0514389 -0.0181183 -45770.7 56.8874 
336168 0.0513235 0.0143811 -45460.9 57.0509 
337134 0.0931629 0.0519817 -45661.8 57.2142 
338100 0.0647189 0.0368799 -44341.1 57.3778 
339066 0.0460824 -0.0109689 -44030.2 57.5416 
340032 0.0632142 -0.0286502 -43669.6 57.7058 
340998 0.0306198 0.0179802 -44760.6 57.87 
341964 0.0278959 -0.006074 -45120.2 58.0338 
342930 0.0388356 0.0236162 -44039.1 58.1977 
343896 0.0490449 0.0463046 -45440.5 58.3618 
344862 0.0319916 -0.0228186 -46461 58.5265 
345828 0.0437055 0.00242088 -47706.1 58.6904 
346794 0.0540267 0.0530799 -46969.8 58.8539 
347760 0.040851 0.00191639 -45346.1 59.018 
348726 0.0508725 0.00531781 -45179.4 59.1814 
349692 0.0744825 -0.0010308 -44808.6 59.3451 
350658 0.030938 0.0163964 -44465.9 59.5087 
351624 0.0162454 0.0104744 -45329.8 59.6725 
352590 0.0699329 0.0164781 -46167.7 59.8367 
353556 0.0354857 0.0277761 -45358.3 60.0003 
354522 0.0326857 -0.0185204 -46117.2 60.1638 
355488 0.0480896 0.0346701 -45299.8 60.3282 
356454 0.049706 0.0161043 -46157 60.4935 
357420 0.033163 -0.0153254 -44787.3 60.6578 
358386 0.0699755 0.0479219 -44550.2 60.8222 
359352 0.0511386 0.0337673 -44874.3 60.9857 
360318 0.0446698 0.0378448 -44301.2 61.1492 
361284 0.0462924 0.020323 -43712.7 61.3126 
362250 0.0665204 0.057764 -43430.6 61.4768 
363216 0.0327498 0.0244548 -44729.7 61.6409 
364182 0.0593342 -0.0261812 -45222.6 61.8048 
365148 0.0863668 0.00226425 -45619 61.9687 
366114 0.0927386 -0.00295425 -45852.7 62.1321 
367080 0.0560893 -0.0227747 -45440.9 62.2961 
368046 0.05387 -0.0105149 -45691.8 62.4601 
369012 0.032524 0.0280579 -45536.9 62.6254 
369978 0.0328485 -0.00595739 -45564.1 62.7892 
370944 0.0254284 0.0172449 -45477.2 62.9531 
371910 0.0477026 -0.0332982 -44312 63.1175 
372876 0.0301218 -0.0143109 -44961.9 63.2811 
373842 0.0421557 -0.0309733 -45124.2 63.4452 
374808 0.0933269 -0.0681382 -45505.4 63.6097 
375774 0.0755452 -0.0547876 -45895.8 63.7738 
376740 0.0665542 0.00119102 -44719.7 63.9384 
377706 0.0543521 -0.0479798 -44270 64.1028 
378672 0.0834512 0.024561 -44317.6 64.2676 
379638 0.0618421 0.028601 -44073.1 64.4316 
380604 0.0256292 0.0222029 -44229 64.5955 
381570 0.0400148 -0.0274699 -45254.8 64.7592 
382536 0.0581911 -0.0347001 -43751.6 64.9234 
383502 0.0372934 0.020214 -43777.1 65.0874 
384468 0.0242511 0.0171352 -44723.7 65.2507 
385434 0.048124 -0.0247027 -45178.9 65.4144 
386400 0.0380749 0.0278421 -44554.9 65.5786 
387366 0.0495493 -0.0182834 -44070.1 65.7425 
388332 0.0836467 0.0253291 -43859.6 65.9067 
389298 0.0529906 0.0378181 -45388.8 66.071 
390264 0.0411603 0.00544965 -45665.3 66.2346 
391230 0.0703844 -0.0162204 -45641.3 66.3985 
392196 0.0739966 -0.0366814 -44900.7 66.5625 
393162 0.0439491 -0.00298412 -44418 66.7261 
394128 0.0120553 -0.000472287 -45003.5 66.8906 
395094 0.0834823 0.0761317 -46412.2 67.0547 
396060 0.0725517 0.0107531 -45905.3 67.2187 
397026 0.0272305 0.016695 -47049.1 67.3831 
397992 0.072151 0.00230471 -47363.7 67.5467 
398958 0.0648293 -0.0215482 -46483.9 67.7105 
399924 0.0492179 0.0276344 -44765.3 67.8742 
400890 0.0463215 -0.0349346 -45417 68.0379 
401856 0.0319351 0.0141568 -45473.2 68.2015 
402822 0.0375145 -0.007754 -44504 68.3649 
403788 0.0561902 -0.0232691 -45097.6 68.5283 
404754 0.0832961 -0.00877516 -45244.5 68.692 
405720 0.0153257 -0.00714203 -44678.2 68.856 
406686 0.0276174 -0.010044 -43751.2 69.02 
407652 0.0227135 -0.0155029 -43031.4 69.184 
408618 0.03919 -0.0129109 -44173.7 69.3483 
409584 0.0487819 -0.0386274 -42988.2 69.5125 
410550 0.0230157 -0.021664 -44240.4 69.6761 
411516 0.0481443 0.0279019 -44996.7 69.8398 
412482 0.0540163 0.0529558 -43973 70.0038 
413448 0.035126 0.0195267 -43365.6 70.1676 
414414 0.0416327 0.00268265 -44284.5 70.3319 
415380 0.0130694 0.00746928 -45057.8 70.4956 
416346 0.0529554 -0.000255157 -45079.6 70.6597 
417312 0.0203425 -0.00528801 -45339.5 70.8235 
418278 0.0362541 -0.0299708 -44668.6 70.988 
419244 0.0143811 -0.014295 -44785.8 71.1521 
420210 0.0693288 -0.068702 -44265.7 71.3159 
421176 0.0634428 -0.0607025 -43998 71.48 
422142 0.0472629 -0.0266508 -44290.9 71.6437 
423108 0.015392 -0.0115026 -43707.5 71.8073 
424074 0.0241098 0.0157989 -44802.1 71.9711 
425040 0.0351632 0.00791258 -44203.4 72.1345 
426006 0.0601147 -0.00404859 -44197.5 72.2979 
426972 0.0799477 0.0549399 -44265.9 72.4622 
427938 0.044048 0.000912923 -45122.8 72.6262 
428904 0.0711353 0.0164901 -44669.9 72.7907 
429870 0.0310711 -0.0171556 -44123.9 72.955 
430836 0.0358704 0.0138555 -45624.7 73.1196 
431802 0.0662155 -0.0309848 -45333.1 73.2832 
432768 0.0538045 -0.0465559 -45354.2 73.447 
433734 0.0434067 -0.0175928 -45709.2 73.6112 
434700 0.0659956 0.031069 -45541.2 73.7748 
435666 0.047249 0.0115013 -45403.6 73.9386 
436632 0.00822116 0.000164563 -46175.8 74.1021 
437598 0.0594024 0.0194419 -45002.2 74.266 
438564 0.0518745 -0.0220022 -45147.9 74.4302 
439530 0.0897931 -0.00782615 -45027.6 74.5948 
440496 0.0364315 -0.0069005 -46228.4 74.7596 
441462 0.10489 -0.064441 -46963.8 74.9243 
442428 0.127073 -0.0408135 -46727.3 75.0881 
443394 0.103602 -0.0119612 -47315.7 75.2522 
444360 0.11423 0.0289309 -46783.7 75.4163 
445326 0.0779174 -0.0110869 -45622 75.5804 
446292 0.0530145 -0.0115099 -46030.7 75.7437 
447258 0.0405469 0.0044748 -45913.4 75.9076 
448224 0.0391634 -0.014753 -45804.8 76.0709 
449190 0.031892 -0.000830671 -46165.2 76.235 
450156 0.045656 -0.0178107 -45574.3 76.399 
451122 0.0582408 -0.0285953 -44723.9 76.5627 
452088 0.0473748 -0.00321269 -45546.5 76.7264 
453054 0.11233 0.0962671 -45650.6 76.8904 
454020 0.0543607 0.0487285 -46405.5 77.0542 
454986 0.0496266 -0.0126373 -45645.2 77.2185 
455952 0.0306188 -0.00822194 -46000.5 77.3821 
456918 0.0307066 -0.0204033 -46635.9 77.5461 
457884 0.0179605 -0.00498739 -46249.3 77.7105 
458850 0.057507 0.0282682 -45660 77.8747 
459816 0.0299187 0.0174673 -45125.8 78.0387 
460782 0.0331722 -0.0103556 -45879.8 78.2025 
461748 0.0631711 -0.0308839 -45684.5 78.3665 
462714 0.0585024 0.018864 -45782.5 78.5301 
463680 0.0244299 -0.0120139 -43738 78.6941 
464646 0.00725467 -0.0011692 -45298.2 78.8579 
465612 0.0882683 -0.0663862 -45529.7 79.0224 
466578 0.0641537 -0.0489526 -45528 79.1861 
467544 0.0117579 -0.00616799 -45045.1 79.3504 
468510 0.0817998 -0.0414217 -44816.8 79.5147 
469476 0.0462371 -0.0384763 -44680.2 79.6791 
470442 0.0457542 -0.0387312 -43501.7 79.8429 
471408 0.0378917 -0.0334865 -43457.2 80.0066 
472374 0.0198017 -0.0177978 -43139.7 80.1703 
473340 0.0380311 -0.0373025 -42581.5 80.3345 
474306 0.0544645 -0.024797 -43011.8 80.4979 
475272 0.0531916 -0.0125593 -43249.1 80.6621 
476238 0.0362296 0.0204036 -43547.1 80.8267 
477204 0.00882764 -0.00347413 -43868.8 80.9911 
478170 0.0420781 -0.0331423 -43743.5 81.1559 
479136 0.0708699 0.0422103 -44001.7 81.3199 
480102 0.0700076 0.0598013 -44876 81.4835 
481068 0.0581802 0.0448848 -44575.2 81.648 
482034 0.0705547 0.0455262 -44901.3 81.8118 
483000 0.0352921 0.022788 -46135.9 81.9769 
483966 0.0539932 0.00102883 -46569.1 82.1411 
484932 0.0397097 0.014829 -45475.2 82.3057 
485898 0.0475741 0.0414324 -46741.4 82.4699 
486864 0.0353319 -0.0343149 -46686.4 82.6337 
487830 0.040216 -0.0165999 -45796.1 82.7977 
488796 0.103242 -0.00565819 -47004 82.9615 
489762 0.0423419 -0.0288304 -45778.1 83.1255 
490728 0.0546165 0.0191271 -44846.4 83.2894 
491694 0.0657016 -0.0255673 -45360.8 83.4536 
492660 0.0811591 -0.00309134 -45539.6 83.6179 
493626 0.0538574 -0.00169012 -45968.5 83.7825 
494592 0.0545799 -0.0527691 -44476.8 83.9465 
495558 0.0346522 0.0106121 -45543.5 84.1104 
496524 0.0683216 0.0465099 -44529.5 84.2743 
497490 0.0445382 0.0269532 -44052.8 84.4387 
498456 0.0970973 0.093817 -43352.8 84.6027 
499422 0.0824212 0.0717982 -43915.7 84.7671 
500388 0.0447899 0.0419718 -43773.4 84.9314 
501354 0.044835 0.0427621 -41520.2 85.0958 
502320 0.0153942 -0.0125835 -42634.5 85.2593 
503286 0.0407472 -0.0279832 -43119 85.4233 
504252 0.063768 0.026983 -42371.3 85.5873 
505218 0.0718262 0.00719351 -43276.2 85.752 
506184 0.0852694 0.0497581 -43701.4 85.9158 
507150 0.025986 -0.007206 -43878.3 86.0793 
508116 0.0429791 -0.031929 -43623.6 86.2434 
509082 0.0673371 0.0117027 -43050.3 86.4068 
510048 0.091032 -0.00122827 -43280.7 86.57 
511014 0.0647402 0.00572577 -43872.4 86.7339 
511980 0.0597839 0.00857787 -44211.8 86.8981 
512946 0.060354 -0.043912 -44810.5 87.0623 
513912 0.0484545 -0.0263586 -44699.7 87.2263 
514878 0.0598336 0.00684179 -44406.5 87.3901 
515844 0.0241022 -0.0166188 -46232.1 87.5543 
516810 0.064098 0.0256409 -45722.5 87.7184 
517776 0.0417441 0.0398691 -45654.7 87.8823 
518742 0.0414021 0.0359232 -45094.3 88.0463 
519708 0.0289337 0.00580202 -45579 88.2107 
520674 0.0239551 -0.00131823 -46269.9 88.3748 
521640 0.0393085 0.0250986 -46148.7 88.5387 
522606 0.0215004 0.0026082 -45106.5 88.703 
523572 0.0243268 0.0085879 -44754.5 88.8672 
524538 0.0549129 0.0329613 -43808.9 89.0308 
525504 0.0304212 -0.0198275 -44203.7 89.1943 
526470 0.0902386 -0.0221828 -44648 89.3585 
527436 0.0835137 -0.0593566 -45315.5 89.5228 
528402 0.0618062 0.0505036 -45175.7 89.6869 
529368 0.0481731 -0.00742881 -44968.8 89.8506 
530334 0.0147328 0.00733559 -45663.6 90.0146 
531300 0.0410343 0.0164572 -44541.3 90.1783 
532266 0.0248181 -0.0144647 -45171.3 90.3421 
533232 0.0747152 -0.0584472 -45632 90.5059 
534198 0.0493359 -0.000443412 -45194.9 90.6694 
535164 0.0456687 -0.0129061 -44711 90.8335 
536130 0.059698 -0.0363511 -43922 90.9974 
537096 0.0211376 0.00899478 -44887.5 91.1607 
538062 0.0184574 -0.00726378 -44503.1 91.3246 
539028 0.0356136 0.0220861 -45543.5 91.4891 
539994 0.0415518 0.0407215 -45104.4 91.6538 
540960 0.0485115 0.0395451 -44690.9 91.8178 
541926 0.0576775 0.0494114 -44144.5 91.9812 
542892 0.0275064 0.00962588 -44133.2 92.145 
543858 0.0742933 0.052387 -43771 92.309 
544824 0.0529372 0.0324834 -43138.4 92.4747 
545790 0.0537932 -0.0490049 -41057.2 92.6394 
546756 0.0454837 0.0166201 -42135.7 92.804 
547722 0.0870181 -0.0520453 -42596.3 92.9683 
548688 0.0747266 -0.0444139 -43724.2 93.1334 
549654 0.0488671 0.00305251 -43847.7 93.2975 
550620 0.0539322 -0.0156442 -43528.9 93.4615 
551586 0.0284596 -0.0161488 -44178 93.6264 
552552 0.0551897 -0.0131451 -43789.7 93.7904 
553518 0.0353697 -0.0162223 -44403.4 93.9549 
554484 0.0162796 -0.0143902 -43937.5 94.1189 
555450 0.0062343 0.00150738 -45234.3 94.2827 
556416 0.0170345 -0.0030855 -45154.1 94.447 
557382 0.0284325 0.0106014 -43964.7 94.6114 
558348 0.0184803 -0.0178829 -43081.7 94.7753 
559314 0.0676701 -0.0566848 -44014.5 94.9393 
560280 0.0334894 0.0258671 -44015.2 95.1033 
561246 0.0627224 0.00637622 -43925.4 95.2674 
562212 0.0588631 0.0334984 -44139.8 95.4316 
563178 0.0367809 0.00762429 -44861.5 95.5962 
564144 0.0484505 -0.00253562 -44668.1 95.7602 
565110 0.0408222 -0.0141212 -44007.8 95.924 
566076 0.0786423 -0.0382483 -44183.9 96.0885 
567042 0.0433204 -6.35315e-05 -43744.2 96.2531 
568008 0.0807786 0.00938519 -43096.5 96.4168 
568974 0.0445805 -0.00753501 -43779.4 96.5807 
569940 0.0303219 0.0165327 -43706.3 96.7448 
570906 0.00547919 0.000488366 -43646.3 96.9092 
571872 0.0304925 0.0271493 -44300.5 97.0731 
572838 0.0624433 -0.0197228 -44738.6 97.2378 
573804 0.040596 -0.0208064 -44367.6 97.4016 
574770 0.0455174 -0.00729337 -43743.4 97.5657 
575736 0.0427662 -0.0405467 -43901.1 97.7296 
576702 0.0431809 -0.0379793 -44386.3 97.8942 
577668 0.0918522 0.02463 -45023.6 98.0584 
578634 0.0694912 0.0346102 -44741.6 98.2233 
579600 0.041292 -0.00798728 -44804.7 98.3876 
580566 0.0513338 0.025355 -44385.4 98.5521 
581532 0.0858088 0.0362694 -44390.6 98.7163 
582498 0.0496841 0.0484148 -44082.6 98.8795 
583464 0.0351433 0.00414815 -44012.3 99.0436 
584430 0.0725179 -0.00521971 -43830.8 99.2077 
585396 0.0438546 -0.0175227 -45208.9 99.3717 
586362 0.0185625 0.0134627 -44424.3 99.5363 
587328 0.0150242 0.00085863 -45028.9 99.7006 
588294 0.0645527 -0.0620353 -46622.8 99.8641 
589260 0.0510062 -0.0339121 -46490.2 100.028 
590226 0.0147879 0.00306035 -46490.5 100.192 
591192 0.0671525 0.0495807 -46246.9 100.357 
592158 0.048631 0.044687 -47071.7 100.521 
593124 0.0188158 -0.00116538 -44865.8 100.685 
594090 0.0721078 -0.0623364 -45050.7 100.849 
595056 0.0812405 -0.0553137 -45498.5 101.014 
596022 0.0355187 0.0232319 -44495.7 101.178 
596988 0.066543 -0.0362366 -45120.9 101.342 
597954 0.0529098 0.0163583 -46086.1 101.507 
598920 0.0388766 0.00749811 -46513.5 101.67 
599886 0.0237324 -0.00570184 -47758.2 101.833 
600852 0.0825536 0.072364 -47822.1 101.997 
601818 0.0684261 0.0553793 -45546.9 102.162 
602784 0.0569135 0.0397968 -45810.9 102.326 
603750 0.0752382 0.0442246 -44723 102.49 
604716 0.085401 0.0411598 -45200.1 102.655 
605682 0.0594216 0.0248225 -44989.4 102.818 
606648 0.0460617 0.025974 -44950.7 102.983 
607614 0.0150123 0.00601943 -45593.4 103.147 
608580 0.0343332 0.0326031 -45009.7 103.311 
609546 0.0272188 0.0197515 -44170.5 103.474 
610512 0.0133137 -0.0130967 -44899.7 103.638 
611478 0.0619686 0.0428174 -44649.5 103.802 
612444 0.0178273 -0.00355397 -44402 103.967 
613410 0.0351396 -0.0299727 -44199 104.131 
614376 0.0385413 -0.0146011 -45519.7 104.295 
615342 0.0407833 0.00612568 -45193.9 104.458 
616308 0.0745279 -0.0343799 -44894 104.622 
617274 0.0537718 0.00768081 -45761 104.786 
618240 0.0696213 -0.0134415 -44564.9 104.95 
619206 0.0759284 0.00929446 -45279 105.114 
620172 0.0578653 -0.0249469 -44513.4 105.278 
621138 0.0507144 0.0422086 -45621.4 105.442 
622104 0.0627837 0.0137524 -44923.1 105.607 
623070 0.0219964 -0.00270606 -45088.1 105.772 
624036 0.0463175 -0.0329643 -44414.9 105.936 
625002 0.0516005 -0.0376423 -44364.2 106.101 
625968 0.0254601 -0.025341 -43988.2 106.265 
626934 0.064658 0.0355037 -45139.8 106.429 
627900 0.0795089 0.0785096 -44824.5 106.594 
628866 0.0369543 0.00916318 -45299.4 106.758 
629832 0.0231541 0.00575045 -44773 106.923 
630798 0.0629416 0.0214603 -44501.6 107.087 
631764 0.0665095 0.0508738 -44360.1 107.251 
632730 0.0666042 0.0378071 -43831.7 107.416 
633696 0.0936218 0.0833155 -45108.2 107.58 
634662 0.0878034 0.0858866 -43758.3 107.744 
635628 0.0435096 0.0253709 -43820.9 107.907 
636594 0.0976721 0.0741628 -44925.1 108.071 
637560 0.0501668 0.0407926 -44433.3 108.235 
638526 0.0953849 0.0633419 -44233.5 108.399 
639492 0.0659572 0.00245137 -42487.6 108.563 
640458 0.0846604 0.0598591 -44560 108.728 
641424 0.0306818 0.000187125 -44332.2 108.891 
642390 0.0500902 -0.0328276 -45507 109.055 
643356 0.0276034 0.00808832 -45609 109.219 
644322 0.0271117 0.0243014 -45721.7 109.383 
645288 0.0434605 -0.00553408 -44590.3 109.547 
646254 0.0542928 0.0363226 -44825.3 109.71 
647220 0.0414953 -0.0133887 -46253.1 109.875 
648186 0.0546853 0.0138591 -45611.9 110.038 
649152 0.0830727 0.0781022 -46780.1 110.203 
650118 0.0523376 0.0207195 -45933.2 110.366 
651084 0.0519164 0.0313605 -45651.5 110.531 
652050 0.0575859 0.0314377 -45557.6 110.694 
653016 0.0644323 -0.00609559 -45067.3 110.859 
653982 0.083665 -0.0389422 -44449.3 111.022 
654948 0.0534228 0.0311848 -44417.3 111.186 
655914 0.0565834 -0.0443502 -45533.2 111.351 
656880 0.021534 -0.00358938 -44636.5 111.515 
657846 0.0711072 0.00212243 -44699.5 111.679 
658812 0.0958991 -0.0458262 -44523.9 111.843 
659778 0.0803491 -0.011401 -43379.4 112.006 
660744 0.0659532 0.0398459 -44182.4 112.17 
661710 0.0600922 0.0255203 -44890.4 112.334 
662676 0.0891052 0.046196 -45883 112.497 
663642 0.0588477 -0.0299957 -46672.9 112.661 
664608 0.0403513 -0.0147333 -46447.5 112.825 
665574 0.0627734 0.0356404 -47195.4 112.989 
666540 0.0848148 0.0139085 -46905 113.153 
667506 0.0930071 -0.00930541 -46431.3 113.317 
668472 0.0700054 -0.02708 -45800.6 113.481 
669438 0.0482295 0.00625375 -46053.3 113.645 
670404 0.0623237 0.0401209 -44841.1 113.81 
671370 0.0860328 0.0496661 -46234.7 113.973 
672336 0.0523831 -0.0363868 -45765.7 114.137 
673302 0.0376891 -0.00802722 -44387.7 114.302 
674268 0.101742 0.0916618 -44940.6 114.465 
675234 0.0485852 -0.0456046 -45420.6 114.63 
676200 0.0467155 -0.00223208 -45221.7 114.794 
677166 0.0198015 0.0161171 -45629.3 114.958 
678132 0.0346295 -0.00331563 -43963.9 115.123 
679098 0.0628653 -0.00539182 -45293.1 115.288 
680064 0.0520112 0.022241 -45109.1 115.453 
681030 0.0117568 -0.00620244 -45084.2 115.617 
681996 0.0486216 -0.0375946 -43891.9 115.781 
682962 0.0589327 -0.0196396 -43748.3 115.945 
683928 0.0696858 0.0137447 -44536.8 116.109 
684894 0.0761388 0.0467316 -45633.8 116.273 
685860 0.0386541 0.0240769 -44940.3 116.436 
686826 0.0429193 0.0243619 -44796.2 116.6 
687792 0.045472 -0.0263018 -44036.8 116.764 
688758 0.05867 0.00725967 -44504.7 116.929 
689724 0.0453278 -0.00578387 -43227.8 117.094 
690690 0.0311246 0.0106961 -43417 117.257 
691656 0.0325298 -0.00590224 -43886.8 117.421 
692622 0.0436031 -0.0387729 -44669.4 117.585 
693588 0.0329166 0.00817946 -45484.1 117.748 
694554 0.067464 0.061455 -44507.4 117.912 
695520 0.0329366 0.0123132 -45537 118.076 
696486 0.0704924 -0.0221486 -44987.2 118.24 
697452 0.0575372 0.0539894 -44941.7 118.404 
698418 0.0978942 0.0619596 -44968.4 118.569 
699384 0.0293736 -0.00499919 -44494.3 118.732 
700350 0.0524591 -0.0102647 -44019 118.896 
701316 0.0850012 0.0156524 -43798.3 119.061 
702282 0.059109 0.00836361 -43621.1 119.225 
703248 0.0266739 0.0118135 -43564.6 119.389 
704214 0.0407591 -0.0359551 -44726.8 119.553 
705180 0.0763426 -0.0311632 -45641.5 119.717 
706146 0.0328638 -0.0206943 -44447 119.881 
707112 0.0298265 -0.0218648 -44014.1 120.045 
708078 0.066776 0.0459263 -45785.3 120.208 
709044 0.100813 0.0960867 -46091.1 120.373 
710010 0.0963202 0.0692361 -44258.6 120.538 
710976 0.103087 0.0903057 -46169.5 120.702 
711942 0.0599831 0.0283358 -44756 120.866 
712908 0.0320672 0.0147873 -44662.2 121.03 
713874 0.0310275 -0.0294539 -44146.7 121.194 
714840 0.00563561 0.00478431 -45057.1 121.357 
715806 0.0230619 0.00832641 -45811.4 121.521 
716772 0.0407069 0.00933597 -45155.3 121.685 
717738 0.0468591 0.0141902 -46390.5 121.849 
718704 0.0410121 0.0325985 -45783.8 122.013 
719670 0.0823618 -0.0285468 -45688 122.177 
720636 0.044944 -0.0345152 -45513.8 122.341 
721602 0.0517549 -0.0511036 -45439.6 122.505 
722568 0.0439008 -0.0282518 -44389.3 122.669 
723534 0.0127067 0.00103813 -44164.2 122.833 
724500 0.0401546 -0.0393679 -43666.4 122.997 
725466 0.0227498 0.0214644 -45699.1 123.162 
726432 0.0484373 -0.024014 -46580.8 123.326 
727398 0.0537337 0.00426935 -45322.9 123.491 
728364 0.0783862 -0.0113946 -45969 123.655 
729330 0.0516895 0.0111031 -45423.5 123.82 
730296 0.0324904 0.00432277 -45749.5 123.984 
731262 0.0753593 -0.0158697 -46342 124.149 
732228 0.0947503 0.0480235 -46967.4 124.313 
733194 0.120573 0.0406816 -47165.1 124.477 
734160 0.0663721 0.056183 -46248.3 124.641 
735126 0.0455718 0.00912667 -46054.6 124.805 
736092 0.0603287 0.0462804 -46531.3 124.97 
737058 0.0311573 0.00695935 -46359 125.134 
738024 0.0470417 0.0309165 -47148.2 125.298 
738990 0.0307243 0.0235875 -46173.9 125.461 
739956 0.0537213 0.0236159 -46506.8 125.626 
740922 0.0456154 -0.0320154 -44542.7 125.791 
741888 0.0732434 0.0728377 -44964.1 125.955 
742854 0.0642212 0.026597 -45594.2 126.119 
743820 0.0805926 0.0132194 -45528.2 126.283 
744786 0.0468793 0.0269136 -44926.9 126.448 
745752 0.0518641 -0.0177143 -45525.2 126.613 
746718 0.0191744 -0.0189851 -45431.5 126.777 
747684 0.0829812 0.0730156 -44324 126.942 
748650 0.056363 -0.0265543 -45244.4 127.106 
749616 0.0285799 0.0219307 -46229.8 127.271 
750582 0.0474389 0.0337127 -45389.7 127.435 
751548 0.0314117 0.0283363 -45302.5 127.599 
752514 0.0256574 0.0215904 -45809.8 127.763 
753480 0.025335 0.00418434 -46639.4 127.927 
754446 0.0273526 0.00324658 -46353.9 128.092 
755412 0.0253509 0.0234295 -45814 128.257 
756378 0.0408096 0.00465802 -44650.2 128.421 
757344 0.0749251 -0.0618519 -45095.1 128.585 
758310 0.100763 -0.0684063 -44879.8 128.75 
759276 0.0594889 -0.0137632 -45268.5 128.914 
760242 0.0543403 0.0321767 -44121.5 129.079 
761208 0.0288262 -0.00676612 -43431.1 129.243 
762174 0.0519518 0.0309036 -44195.5 129.407 
763140 0.0195981 0.00589 -43885.1 129.572 
764106 0.0466936 0.0369207 -43957 129.736 
765072 0.0724353 0.00109302 -45017.1 129.9 
766038 0.0465286 0.0178524 -46168.5 130.064 
767004 0.0777213 0.0294221 -45442.3 130.228 
767970 0.0458186 -0.00905611 -46182.3 130.392 
768936 0.0442088 0.00331813 -45940.1 130.556 
769902 0.0355101 0.0120772 -45214.4 130.72 
770868 0.0207893 -0.0191458 -44566.1 130.884 
771834 0.0423916 -0.0290309 -45473.3 131.048 
772800 0.0270631 -0.0257316 -46590.5 131.211 
773766 0.0492244 -0.011241 -44619.7 131.374 
774732 0.0381828 -0.0331603 -43029.1 131.538 
775698 0.0725678 -0.0177509 -44024 131.703 
776664 0.0579469 -0.0228225 -44898.4 131.867 
777630 0.0291339 -0.00390155 -44873.5 132.03 
778596 0.0469274 0.0333384 -44270.8 132.194 
779562 0.0501142 -0.0323109 -44373.7 132.358 
780528 0.0616997 -0.0245576 -45691.2 132.522 
781494 0.0537686 -0.016636 -45222.2 132.686 
782460 0.0354413 0.0277506 -45107.7 132.85 
783426 0.0303333 -0.0111726 -45087.9 133.014 
784392 0.0678715 -0.0249804 -45837.7 133.178 
785358 0.0492904 0.00436469 -45781.3 133.342 
786324 0.0648692 -0.00153165 -46112.6 133.506 
787290 0.0581316 -0.00854474 -45159.7 133.67 
788256 0.048197 0.0306649 -43644 133.834 
789222 0.0239954 0.0169467 -43746 133.999 
790188 0.0564548 0.0375027 -43679 134.162 
791154 0.061909 -0.0408167 -44194.8 134.326 
792120 0.0422858 -0.0346077 -45644.2 134.49 
793086 0.0692803 0.0182929 -45004.1 134.654 
794052 0.0513815 0.00468926 -44424.6 134.818 
795018 0.07918 0.0472797 -44715 134.982 
795984 0.0642875 0.0150604 -43239 135.146 
796950 0.056369 0.00265227 -44161.7 135.31 
797916 0.0684397 0.0411127 -44004.4 135.474 
798882 0.037288 0.0288076 -44137.5 135.638 
799848 0.0243256 0.0203252 -44370.9 135.801 
800814 0.0515275 0.010058 -45007.4 135.966 
801780 0.0568866 -0.050477 -44792 136.13 
802746 0.0750713 -0.0238826 -43476.8 136.293 
803712 0.0688265 -0.0396932 -44341.3 136.458 
804678 0.0648462 -0.0373143 -45859.2 136.622 
805644 0.0954017 -0.0226994 -47213.3 136.787 
806610 0.0673079 -0.0471747 -47307 136.951 
807576 0.0795574 0.0188642 -47228.1 137.115 
808542 0.045616 -0.0207294 -47873.9 137.279 
809508 0.0316629 0.0284578 -46427.8 137.444 
810474 0.0590273 -0.0576454 -46555 137.608 
811440 0.0458274 0.00367394 -45446.7 137.772 
812406 0.0498009 -0.0315508 -44826.5 137.936 
813372 0.0196591 -0.0060836 -45472.4 138.101 
814338 0.0596898 0.0481118 -45548.9 138.265 
815304 0.0153928 -0.00249082 -44896.2 138.43 
816270 0.083835 -0.0817895 -45871.2 138.594 
817236 0.0353654 -0.0171165 -45014.1 138.759 
818202 0.0304031 -0.016784 -45841.6 138.923 
819168 0.0634962 -0.0454572 -44835.4 139.087 
820134 0.0546123 -0.0214961 -43762.8 139.251 
821100 0.0559814 0.0152381 -43255.4 139.415 
822066 0.00799039 0.00314354 -42884.2 139.579 
823032 0.0447706 0.000482788 -43890.4 139.742 
823998 0.0824637 -0.0645976 -44765.9 139.906 
824964 0.0240281 0.0187248 -44048.6 140.07 
825930 0.0227278 0.0160448 -43400.9 140.235 
826896 0.0331878 -0.0188032 -43126.2 140.399 
827862 0.0232565 -0.0157607 -43614.5 140.564 
828828 0.0646473 0.0155935 -45000.4 140.728 
829794 0.0576195 0.0252944 -44185.1 140.892 
830760 0.0308123 0.0286498 -44466.6 141.056 
831726 0.0527093 -0.0222117 -44489.9 141.22 
832692 0.0744639 0.0240247 -43905.3 141.385 
833658 0.0717659 -0.00228974 -44697.8 141.549 
834624 0.0465068 -0.0262224 -44203.6 141.713 
835590 0.0207399 -0.0138975 -44532.9 141.877 
836556 0.051448 -0.0472081 -45564 142.041 
837522 0.0595695 -0.053552 -44690.5 142.204 
838488 0.0480961 0.0300128 -43849.7 142.368 
839454 0.0718287 0.0441883 -44972.6 142.533 
840420 0.0537363 0.00165616 -44802.8 142.697 
841386 0.0413992 0.00475374 -44858.3 142.861 
842352 0.0537889 -0.0184291 -43893.3 143.025 
843318 0.0625423 0.0123486 -44752.9 143.189 
844284 0.0814196 -0.0200261 -43697.9 143.353 
845250 0.0483756 -0.00396198 -43337.1 143.516 
846216 0.0351439 0.0268154 -44011 143.68 
847182 0.0254601 -0.00420438 -43654.1 143.845 
848148 0.0361103 -0.0202193 -44941.3 144.008 
849114 0.0405018 0.0349129 -45743.8 144.171 
850080 0.0604645 0.00821398 -45576.5 144.335 
851046 0.0341451 0.0322986 -45836 144.5 
852012 0.0555673 0.00863075 -45228.8 144.664 
852978 0.0769955 -0.029187 -44946.8 144.828 
853944 0.0295851 -0.0294263 -44013.5 144.992 
854910 0.0516543 -0.0405981 -43934.8 145.156 
855876 0.0182599 -0.00738764 -44712.2 145.32 
856842 0.0511285 -0.0316697 -45517.8 145.485 
857808 0.0680328 -0.0610733 -44727.5 145.648 
858774 0.0827555 -0.0736144 -44958.8 145.813 
859740 0.094528 -0.0842071 -44800.2 145.976 
860706 0.0595141 0.0112176 -44745.8 146.14 
861672 0.0566023 0.00781646 -44272.9 146.304 
862638 0.0262361 0.00516849 -43828.4 146.468 
863604 0.0492554 0.0414375 -44547 146.632 
864570 0.0517221 0.0410672 -44969.2 146.796 
865536 0.0443767 -0.00928673 -46312.7 146.96 
866502 0.0270952 -0.00815037 -45215 147.124 
867468 0.0389812 -0.0234482 -44793.6 147.288 
868434 0.0240786 0.0135889 -44727.9 147.452 
869400 0.0217678 -0.000549706 -44171.5 147.617 
870366 0.0628001 0.0576338 -43607.6 147.781 
871332 0.0453333 0.0272847 -44095.3 147.945 
872298 0.0416396 0.0264957 -44261.3 148.109 
873264 0.0511528 0.00514429 -44896.8 148.273 
874230 0.109026 0.0660816 -45521.2 148.437 
875196 0.0376089 0.0292417 -44606.8 148.602 
876162 0.0360248 -0.00902746 -44823.4 148.766 
877128 0.0639199 0.0257596 -44548.3 148.93 
878094 0.0453528 0.0367269 -44056.6 149.095 
879060 0.037548 -0.00128721 -43213.3 149.259 
880026 0.0726447 -0.0427235 -43754 149.423 
880992 0.0471599 -0.0317944 -45060.6 149.588 
881958 0.0207581 -0.00392292 -44675.8 149.752 
882924 0.0381527 0.00461044 -45632.3 149.916 
883890 0.050602 0.0448965 -44923.5 150.081 
884856 0.0283035 0.0207304 -44814.2 150.245 
885822 0.0396618 0.028419 -45353.2 150.409 
886788 0.058041 0.0260751 -44251.8 150.573 
887754 0.0463761 0.0125301 -44953.2 150.736 
888720 0.0488091 -0.00916307 -44980 150.9 
889686 0.0472566 0.00575394 -43780.9 151.064 
890652 0.0493239 0.0115423 -43003.3 151.228 
891618 0.0750444 0.0365068 -43675.6 151.392 
892584 0.0624196 0.0240612 -45559.7 151.556 
893550 0.0676827 0.0668504 -45295.3 151.722 
894516 0.0390037 -0.0258862 -45223.5 151.886 
895482 0.0479864 -0.0154222 -45320.9 152.051 
896448 0.0133278 -0.00783283 -44738.8 152.215 
897414 0.0734088 -0.0378558 -43556.3 152.379 
898380 0.0633434 0.0250311 -44578.2 152.543 
899346 0.0466119 0.0012075 -44305.6 152.707 
900312 0.0754083 -0.00518478 -44272.4 152.871 
901278 0.0376207 -0.0215103 -44682.4 153.035 
902244 0.0901793 -0.0329113 -45674.7 153.199 
903210 0.0919014 -0.0766275 -46230.7 153.364 
904176 0.0752971 -0.0242251 -45420.6 153.528 
905142 0.0540134 -0.0522798 -44324.4 153.693 
906108 0.0642641 -0.0638723 -44580.4 153.857 
907074 0.0609444 -0.0371127 -44866.6 154.021 
908040 0.0188275 0.0177278 -45976.4 154.186 
909006 0.0839562 0.0818119 -45978.8 154.349 
909972 0.0200007 -0.00544287 -44018.4 154.514 
910938 0.0347758 0.0193477 -43227.6 154.678 
911904 0.0377363 0.0177372 -43534.8 154.841 
912870 0.0327567 0.0110503 -42409.8 155.005 
913836 0.0430817 0.0230281 -43092.2 155.168 
914802 0.058394 0.0333656 -44133.6 155.332 
915768 0.0557512 0.0324423 -44569.8 155.496 
916734 0.0573284 0.0398412 -44535.7 155.66 
917700 0.0501894 0.0490174 -45553.6 155.825 
918666 0.0505631 0.0456951 -45105 155.989 
919632 0.0836003 0.0614003 -45402.7 156.153 
920598 0.0530299 0.0188943 -44275.7 156.317 
921564 0.0460989 -0.0420729 -44949.6 156.481 
922530 0.0359453 0.0144481 -44659.5 156.645 
923496 0.0518392 0.0125837 -45113 156.808 
924462 0.0573463 -0.0483837 -43901.3 156.973 
925428 0.054315 0.0360554 -44496.7 157.137 
926394 0.0436757 0.0316959 -45772 157.301 
927360 0.0101569 0.00752827 -45978.9 157.465 
928326 0.0323057 0.0123587 -45215.1 157.629 
929292 0.068145 0.0305979 -45547.1 157.793 
930258 0.0589856 -0.0241759 -45807.6 157.957 
931224 0.102905 -0.0505189 -46938.3 158.121 
932190 0.0629336 0.032177 -46332.5 158.285 
933156 0.0440146 0.0412737 -45928 158.449 
934122 0.0356987 -0.0123602 -46385.4 158.613 
935088 0.0573569 0.00771148 -47247.5 158.777 
936054 0.0797342 0.0686302 -46595.7 158.942 
937020 0.0723457 0.0402013 -45808.7 159.106 
937986 0.0645218 -0.0293506 -45350.9 159.271 
938952 0.0179326 -0.00184774 -44918.2 159.435 
939918 0.0367587 -0.0111032 -44644 159.599 
940884 0.0358671 -0.0325609 -44076.1 159.763 
941850 0.0944989 0.0214711 -46457.3 159.927 
942816 0.0543206 0.015386 -46449.3 160.091 
943782 0.045657 -0.0254389 -46179.7 160.255 
944748 0.0390268 0.0193356 -45364.5 160.42 
945714 0.052085 0.0491974 -45899.7 160.584 
946680 0.0254406 -0.0121191 -45211.9 160.748 
947646 0.0400974 -0.0215703 -44856.6 160.911 
948612 0.0351903 -0.00654086 -43516.4 161.076 
949578 0.0341323 -0.0159209 -43138.3 161.24 
950544 0.0393467 0.00818546 -44215.5 161.404 
951510 0.0460246 0.0259601 -44337.3 161.569 
952476 0.0338725 0.00759185 -43487.1 161.732 
953442 0.0500359 -0.0197259 -43395.4 161.897 
954408 0.0656162 -0.0414051 -43599.5 162.061 
955374 0.0661446 -0.0531052 -44579.9 162.225 
956340 0.0486949 -0.0414692 -43681.5 162.39 
957306 0.0436034 -0.042214 -43234.7 162.554 
958272 0.0212726 0.0166012 -43385.6 162.718 
959238 0.0359102 -0.0066197 -44896 162.882 
960204 0.0770657 -0.0218923 -46657.6 163.046 
961170 0.10046 -0.0441991 -45419.3 163.21 
962136 0.0827827 -0.0394643 -45119.6 163.375 
963102 0.0696607 -0.0222897 -45432.1 163.539 
964068 0.090295 -0.0382685 -46770.2 163.703 
965034 0.0605017 0.0225316 -46403.4 163.867 
966000 0.0345334 0.0314272 -45385.4 164.032 
