0 0.060068 0.0490318 -34151.8 0 
966 0.0431388 0.019649 -36859.5 0.16276 
1932 0.0355522 0.00284395 -39287.2 0.326435 
2898 0.0344532 -0.00164816 -41856.7 0.49124 
3864 0.0403 -0.0137156 -43224.1 0.657314 
4830 0.0217182 0.00151645 -43629.2 0.821866 
5796 0.0524817 0.0234625 -43785.7 0.986604 
6762 0.0575448 -0.0350147 -44382.3 1.15109 
7728 0.0741003 -0.058736 -44507 1.31561 
8694 0.064711 0.014787 -44177.8 1.48008 
9660 0.0268384 -0.0169403 -44193 1.64465 
10626 0.0337267 0.0184063 -45402.7 1.80902 
11592 0.0354097 -0.0256005 -45850.4 1.9738 
12558 0.0662049 -0.0378905 -45276.3 2.1374 
13524 0.0337767 -0.0291487 -45481.7 2.30115 
14490 0.0443111 -0.0322416 -44683.9 2.46579 
15456 0.0254124 -0.0124617 -44111 2.62986 
16422 0.072923 -0.0146289 -43819 2.79408 
17388 0.0803891 -0.00925124 -44794.2 2.95798 
18354 0.0307635 0.0140413 -45750.8 3.12224 
19320 0.0383893 -0.00614087 -44140.3 3.28571 
20286 0.0340938 -0.0231431 -44227.7 3.45007 
21252 0.0276913 -0.0243858 -44493.8 3.61458 
22218 0.0284747 -0.012088 -44597 3.77973 
23184 0.0426461 0.00136081 -45157.8 3.94404 
24150 0.0687341 -0.0348569 -44840.1 4.10826 
25116 0.024543 0.0198467 -45201.5 4.27298 
26082 0.058725 0.0212148 -45073.1 4.4374 
27048 0.0773748 0.019026 -45193.9 4.60167 
28014 0.0226307 -0.018343 -45087.2 4.76654 
28980 0.0620064 0.00856589 -44916.8 4.93054 
29946 0.0507933 -0.00778133 -43811.9 5.09414 
30912 0.0579126 0.0561099 -43699.3 5.25717 
31878 0.0333119 -0.0252959 -45188.7 5.42052 
32844 0.047322 -0.0224656 -44941.1 5.58521 
33810 0.0245174 -0.0185597 -46650.9 5.74933 
34776 0.0476192 -0.0354527 -46395.1 5.91381 
35742 0.0265759 0.00893357 -45890.1 6.07848 
36708 0.0456203 0.0311137 -46914.8 6.24312 
37674 0.0542555 0.0442196 -44532.1 6.40641 
38640 0.0454599 -0.0297208 -46192.7 6.57002 
39606 0.0273355 -0.00616777 -46080.6 6.73504 
40572 0.0582678 0.0189594 -45947.1 6.90087 
41538 0.0740093 0.0727961 -45677 7.066 
42504 0.0336538 -0.0118974 -45684.8 7.23075 
43470 0.0375865 -0.0289658 -45258.8 7.39528 
44436 0.0362337 0.0274699 -45816.8 7.55988 
45402 0.0704143 -0.0494181 -45876.1 7.72487 
46368 0.020407 -0.0192029 -45092.7 7.891 
47334 0.0375365 0.0156805 -44301.5 8.05634 
48300 0.022711 -0.00809567 -43400.6 8.22126 
49266 0.0437886 0.040123 -43997 8.3861 
50232 0.0799659 0.0602532 -44790.1 8.5502 
51198 0.0326906 0.0158859 -44481.3 8.71287 
52164 0.0162851 0.0156273 -44954.2 8.87767 
53130 0.0297017 0.0131776 -45340.3 9.04144 
54096 0.0728729 0.00745035 -45463 9.20627 
55062 0.0790727 0.0204503 -45309.7 9.37137 
56028 0.049617 0.0385341 -44980.8 9.5361 
56994 0.0407697 0.0295059 -45114.1 9.70045 
57960 0.0670936 0.0593615 -44087.5 9.86541 
58926 0.0775594 0.0560725 -44171.9 10.0298 
59892 0.0670452 0.0469809 -45393.1 10.1946 
60858 0.0649897 0.0384658 -46149.3 10.3592 
61824 0.0623598 0.0544671 -45626.3 10.5239 
62790 0.0658364 0.0628372 -43571.6 10.689 
63756 0.0652741 0.062138 -43602.1 10.8539 
64722 0.0525056 0.0351883 -43391.3 11.0193 
65688 0.0271371 -0.000573034 -44569.5 11.1844 
66654 0.0910053 0.061049 -44498.7 11.3492 
67620 0.0630999 0.0065426 -43902.8 11.5137 
68586 0.0645534 0.0311091 -43889.5 11.679 
69552 0.0476932 0.0317423 -44512.1 11.8436 
70518 0.0400244 0.0206129 -43985.1 12.0081 
71484 0.0455669 0.017819 -44765.4 12.1723 
72450 0.0635382 -0.0408662 -45449.7 12.3378 
73416 0.0426647 -0.00622827 -44995.1 12.5028 
74382 0.059033 -0.0423819 -44865 12.6677 
75348 0.0256838 0.0113235 -45100.2 12.8316 
76314 0.046145 -0.0290127 -44829.9 12.9961 
77280 0.0160445 0.0127116 -44111 13.1607 
78246 0.00961953 0.00721907 -44091.3 13.3254 
79212 0.0271708 -0.0191117 -44804 13.4903 
80178 0.0202072 0.00659131 -46137.4 13.655 
81144 0.0730952 0.0441924 -46045.7 13.8198 
82110 0.012648 -0.00310372 -45703.5 13.9851 
83076 0.0635307 -0.0380799 -46654.1 14.1499 
84042 0.0178022 -0.0172455 -44737.5 14.315 
85008 0.0555463 -0.00903366 -45689.3 14.4802 
85974 0.0780687 -0.0273616 -44962.2 14.6457 
86940 0.080845 0.0207774 -46107.1 14.8111 
87906 0.0771407 0.0722758 -45049.1 14.976 
88872 0.0481847 0.0436776 -45011 15.1409 
89838 0.0720577 -0.0241354 -45904.5 15.3059 
90804 0.0184121 -0.00945804 -45773.1 15.4706 
91770 0.0176899 0.0147482 -45648 15.6362 
92736 0.0460066 0.0419818 -44434.1 15.801 
93702 0.0454574 -0.00194784 -44150.6 15.9653 
94668 0.0635663 -0.0221538 -44084.9 16.1296 
95634 0.055228 -0.0413912 -43395.1 16.2939 
96600 0.0342012 -0.0130844 -44547.4 16.4586 
97566 0.0461044 0.0453445 -43622.7 16.6238 
98532 0.0106849 -0.00792962 -43319.9 16.7883 
99498 0.0406226 -0.00920788 -43791.8 16.9527 
100464 0.0427302 -0.0384278 -43751.6 17.1169 
101430 0.0203866 0.00437561 -43401.8 17.2819 
102396 0.0490306 -0.02057 -44995.6 17.4467 
103362 0.0610752 -0.0542819 -45090.5 17.6114 
104328 0.0386637 0.0155148 -44014.5 17.7765 
105294 0.0403135 0.00304505 -44547.8 17.941 
106260 0.0534084 -0.0316964 -44375.1 18.1054 
107226 0.0264922 0.0196309 -43392.5 18.2707 
108192 0.0383896 0.0254198 -43426 18.4361 
109158 0.0227651 0.0157404 -44228.7 18.601 
110124 0.0453592 0.0288435 -43854.4 18.7662 
111090 0.0442601 0.0290227 -42667.2 18.9307 
112056 0.0689721 -0.0114336 -43919.5 19.0962 
113022 0.0932826 -0.0180908 -45132.2 19.2611 
113988 0.0402396 -0.00863799 -44936.3 19.4259 
114954 0.0387668 -0.0189594 -44724.9 19.5908 
115920 0.0300114 -0.0173595 -44674.1 19.7554 
116886 0.0458124 -0.0397875 -45023.4 19.9197 
117852 0.0381061 -0.0143747 -45714.4 20.0841 
118818 0.0334932 0.0154235 -45725.1 20.2489 
119784 0.0298161 0.0170835 -45817.4 20.4135 
120750 0.0337255 0.0183408 -45751.3 20.5781 
121716 0.0758076 0.0627257 -46473.2 20.743 
122682 0.0289767 0.00306663 -45759.6 20.9076 
123648 0.0318426 -0.0222189 -46238.3 21.0721 
124614 0.0438788 0.0178595 -45598.1 21.2366 
125580 0.0462058 -0.000887881 -45490.2 21.4018 
126546 0.0401989 0.00421776 -44702.8 21.5662 
127512 0.0318693 0.0254067 -44416.7 21.7308 
128478 0.00792891 0.00489642 -44306.4 21.8954 
129444 0.0260131 0.0182587 -44823.9 22.0601 
130410 0.0432075 0.00622805 -45128.2 22.2248 
131376 0.0248539 0.0217882 -45521.8 22.3891 
132342 0.0367576 -0.0327318 -45546.4 22.5534 
133308 0.0668349 0.0123962 -46237.1 22.7184 
134274 0.0603958 -0.0206026 -45209.8 22.8829 
135240 0.0283445 -0.0262365 -45726.7 23.0478 
136206 0.0420251 0.0374582 -46230.9 23.2122 
137172 0.0941098 0.0644762 -46097.7 23.377 
138138 0.0755948 0.0604898 -45441.1 23.5413 
139104 0.0344237 0.00036739 -46283.5 23.7059 
140070 0.0699623 -0.0521588 -44868.3 23.8707 
141036 0.0731786 -0.0183283 -45246.3 24.0352 
142002 0.0584574 -0.0131152 -46493.5 24.1993 
142968 0.0309245 0.0163839 -45806.2 24.3637 
143934 0.0628946 -0.0520201 -45892.5 24.5279 
144900 0.0486028 -0.0176215 -45875.7 24.692 
145866 0.0427435 -0.00383299 -43855 24.8562 
146832 0.07037 0.0413712 -44009.5 25.0211 
147798 0.0916878 0.0725427 -43378.1 25.1852 
148764 0.112395 -0.0449869 -44184.2 25.3501 
149730 0.0532332 -0.0269698 -43789 25.5146 
150696 0.0435134 -0.0290754 -45533.1 25.6787 
151662 0.0587706 -0.0463813 -45163.1 25.8431 
152628 0.0745669 0.0404335 -44745.3 26.0076 
153594 0.0371982 -0.0116729 -44346.6 26.1725 
154560 0.0891031 -0.0436158 -46448.8 26.3368 
155526 0.0561917 0.0340676 -46228.1 26.5025 
156492 0.0677433 -0.0227822 -46258.2 26.6677 
157458 0.0521022 -0.0091414 -45398.4 26.8319 
158424 0.0315535 0.0152689 -45731 26.9961 
159390 0.00775735 0.00717008 -44842.1 27.1604 
160356 0.0536342 0.0416637 -45651.1 27.3257 
161322 0.0758799 0.0361472 -45303.3 27.4902 
162288 0.0540918 -0.00360604 -45634 27.6536 
163254 0.0411051 0.033265 -46196.4 27.8178 
164220 0.0449792 -0.00359763 -46921.5 27.9818 
165186 0.0461452 -0.00516557 -46951.1 28.1459 
166152 0.0447229 0.0434542 -46007.1 28.3096 
167118 0.049464 0.0293983 -45547.1 28.4734 
168084 0.0298304 0.0151571 -45136.1 28.6372 
169050 0.0425218 0.00399172 -45282.6 28.8027 
170016 0.0452929 0.0330001 -45071.6 28.9671 
170982 0.0101876 0.0100005 -42755.9 29.131 
171948 0.0602735 0.0443818 -43658.3 29.2954 
172914 0.0335658 -0.00558663 -45225.7 29.4598 
173880 0.0105066 0.00681585 -45413.6 29.6245 
174846 0.0410164 -0.00171444 -44334.6 29.79 
175812 0.042393 0.00411178 -43799 29.955 
176778 0.0725251 -0.0700194 -43455.5 30.1192 
177744 0.0480596 -0.0107356 -44703.2 30.2838 
178710 0.0460916 0.0033214 -43643.2 30.4493 
179676 0.0463968 0.00643886 -43724.5 30.6134 
180642 0.0523098 -0.00974227 -43760.3 30.7784 
181608 0.0375282 -0.033745 -44762.9 30.9427 
182574 0.0232769 -0.023264 -44064.4 31.1081 
183540 0.0493935 0.041726 -46031.9 31.2728 
184506 0.0228949 0.00243368 -45503.7 31.4377 
185472 0.0652536 0.0568981 -44644.2 31.6019 
186438 0.0665614 0.0616704 -43851.1 31.7673 
187404 0.0731583 0.0727423 -44718.7 31.9314 
188370 0.0262826 -0.0109544 -44156.5 32.0955 
189336 0.0461419 0.0323166 -43451.4 32.2605 
190302 0.0411582 0.0104148 -45078.9 32.4256 
191268 0.0564868 0.038098 -44841.4 32.5901 
192234 0.0354168 0.0207285 -44103.8 32.755 
193200 0.0686412 0.0531077 -43376.3 32.9193 
194166 0.0444047 -0.00417962 -43840.7 33.0844 
195132 0.0586407 0.0446819 -44185.1 33.2489 
196098 0.0658261 0.0294932 -42177.6 33.414 
197064 0.0575012 -0.0161473 -42833.8 33.5786 
198030 0.0503563 0.0307812 -42639.6 33.744 
198996 0.0622817 -0.00601643 -43295.2 33.9093 
199962 0.0542313 -0.0278049 -44630.1 34.0745 
200928 0.0629933 -0.0200305 -45776.9 34.2395 
201894 0.0343575 -0.0028726 -45712.4 34.4041 
202860 0.0317203 0.0307952 -44837.1 34.5684 
203826 0.0333535 -0.0186147 -44464 34.7329 
204792 0.0228745 0.0219636 -43773.6 34.8974 
205758 0.0212515 -0.00987421 -44705.5 35.0625 
206724 0.0536917 0.0182627 -45201.7 35.2274 
207690 0.0547757 -0.0109415 -45657.9 35.393 
208656 0.0365412 0.00132394 -43698.2 35.5578 
209622 0.0455227 -0.0419453 -44560.2 35.7232 
210588 0.0420867 -0.0155259 -44299.5 35.8871 
211554 0.0209161 -0.00826194 -42775.2 36.0517 
212520 0.0552826 -0.0438001 -43614.3 36.216 
213486 0.0768373 -0.0387595 -43568.6 36.3803 
214452 0.0681248 0.0178853 -44230 36.5447 
215418 0.057334 -0.0514099 -45792.9 36.7098 
216384 0.0664333 9.24699e-05 -44758.5 36.8744 
217350 0.0594041 0.0321273 -45391.3 37.0395 
218316 0.0412131 0.0313902 -46475.8 37.2036 
219282 0.0300947 0.023953 -45845.5 37.3679 
220248 0.0353736 0.0237682 -45515 37.5317 
221214 0.0465262 0.0244604 -45019.3 37.6968 
222180 0.0638932 -0.00550086 -44770.1 37.8614 
223146 0.0520636 -0.0217411 -44722.4 38.0256 
224112 0.0617592 -0.01419 -45323.2 38.1902 
225078 0.0295493 0.0267882 -46780.9 38.3552 
226044 0.0447989 -8.99492e-05 -46148.1 38.52 
227010 0.0842803 -0.0581809 -46125.7 38.685 
227976 0.0683366 0.0157336 -46430.6 38.8498 
228942 0.0882964 0.0854589 -46435.5 39.0148 
229908 0.0188586 -0.0151861 -45569.1 39.1802 
230874 0.0366218 -0.00402819 -46518.3 39.3451 
231840 0.0355264 0.0053045 -46189.1 39.51 
232806 0.0275149 0.0182976 -44450.5 39.6753 
233772 0.051904 0.0444007 -43986 39.8402 
234738 0.0446717 0.0228968 -44460.4 40.0052 
235704 0.0597552 -0.0407896 -43803.5 40.1703 
236670 0.131077 -0.110709 -44372.5 40.3349 
237636 0.029579 0.0212113 -43871.9 40.4998 
238602 0.0548143 0.00823227 -44807.4 40.6642 
239568 0.0456838 -0.0309701 -44196.3 40.8293 
240534 0.0888671 -0.0673756 -45318.5 40.9937 
241500 0.036769 -0.0224219 -44030.6 41.1592 
242466 0.0587081 -0.0103021 -43441.1 41.3239 
243432 0.077296 -0.0242021 -44276 41.4886 
244398 0.0671826 0.0140732 -44707.7 41.6535 
245364 0.0614961 0.0247782 -45963.2 41.8181 
246330 0.0557334 0.0162628 -44436.1 41.9825 
247296 0.0478237 0.0458305 -44501.4 42.1454 
248262 0.0323707 -0.0314284 -44103.4 42.3096 
249228 0.0152126 -0.0126594 -46056.9 42.4745 
250194 0.057679 -0.0337436 -45838.6 42.6391 
251160 0.0398815 -0.0209236 -45679.6 42.8033 
252126 0.0498184 -0.0458467 -46560.9 42.9679 
253092 0.0644257 -0.0597465 -46290 43.1331 
254058 0.030599 -0.0179348 -45495.2 43.2978 
255024 0.0423929 -0.0225131 -46210.3 43.4623 
255990 0.0130064 -0.0122617 -45845.1 43.6269 
256956 0.0506892 0.015318 -46826.1 43.7918 
257922 0.0714308 0.00622787 -45691.9 43.9565 
258888 0.052968 0.0380151 -45801.9 44.1209 
259854 0.0457769 0.0229258 -45591.7 44.2854 
260820 0.0470048 -0.015428 -44269.4 44.45 
261786 0.0598547 0.0148625 -44164.8 44.6151 
262752 0.0675475 0.0247281 -45146.3 44.7808 
263718 0.0562026 0.0469884 -44472.1 44.9456 
264684 0.0239927 0.0118702 -43769.6 45.1113 
265650 0.020248 0.0124207 -44359.5 45.276 
266616 0.0495187 0.0089045 -45108.8 45.4406 
267582 0.0602347 -0.00502073 -45335.3 45.6053 
268548 0.0617541 -0.000962095 -45330.5 45.7705 
269514 0.0866668 -0.0268743 -45482.3 45.9347 
270480 0.0921286 -0.0599859 -45814.6 46.0995 
271446 0.048979 0.00438288 -45022.7 46.2643 
272412 0.0293437 -0.0241349 -45608.3 46.4294 
273378 0.0639788 -0.0374788 -44422.1 46.5941 
274344 0.0438051 -0.0254096 -44125.3 46.7594 
275310 0.0707187 -0.0625397 -43894.5 46.9241 
276276 0.0311312 0.0059206 -44732.9 47.0887 
277242 0.0216364 0.0101935 -45449.1 47.2532 
278208 0.0809664 -0.0548661 -45810 47.4178 
279174 0.0828247 0.0712116 -45266.1 47.5822 
280140 0.0524658 -0.00548276 -44596.1 47.7472 
281106 0.0539861 -0.0134082 -44206.3 47.9123 
282072 0.0233105 -0.0221122 -44268.1 48.0767 
283038 0.0554698 0.034446 -44328.7 48.2411 
284004 0.0420337 -0.0287245 -43732.7 48.4061 
284970 0.0499543 -0.00243291 -44211.1 48.5709 
285936 0.0640377 -0.0336283 -44392.5 48.7351 
286902 0.0546915 -0.0136735 -44108.9 48.8997 
287868 0.0376739 -0.00834773 -45242.6 49.0636 
288834 0.0675481 -0.0130799 -44136.4 49.2284 
289800 0.082447 -0.0585388 -44527.9 49.3925 
290766 0.053988 -0.0351098 -43664.8 49.5572 
291732 0.0782264 -0.060256 -44993.2 49.7219 
292698 0.0599401 -0.00797679 -44737.6 49.8867 
293664 0.0964597 -0.0330499 -45976.6 50.0518 
294630 0.030305 -0.0218037 -45617.3 50.2168 
295596 0.0830051 -0.00728338 -45884.7 50.3821 
296562 0.0558605 -0.0221216 -46863.4 50.547 
297528 0.0503295 0.00349351 -46653.1 50.7121 
298494 0.0518393 0.0420211 -45275 50.8772 
299460 0.0372215 -0.00941891 -44672.2 51.0423 
300426 0.0462602 -0.0395086 -43621.8 51.2067 
301392 0.0196796 -0.0110803 -45282.3 51.372 
302358 0.0514312 0.0508644 -44817 51.5369 
303324 0.0756174 0.0463614 -45024.1 51.7016 
304290 0.0575641 0.0222501 -45966.8 51.8656 
305256 0.0273421 -0.000552756 -45293.2 52.0294 
306222 0.0198416 0.00439791 -45242.6 52.1945 
307188 0.0569318 -0.0203805 -44370.8 52.3592 
308154 0.0247467 -0.0138523 -45093 52.5234 
309120 0.0386802 -0.0271938 -44686.1 52.6887 
310086 0.0722746 -0.0376634 -43992.5 52.8534 
311052 0.044222 -0.0348831 -44196.9 53.0184 
312018 0.0844882 0.0608297 -43791.3 53.1832 
312984 0.0424937 -0.0257069 -43535.4 53.3482 
313950 0.0496718 0.012376 -43748.3 53.5144 
314916 0.0233496 0.0210583 -45225.5 53.68 
315882 0.0730967 0.0386005 -45688.6 53.8445 
316848 0.0121294 -0.00931976 -45782.5 54.01 
317814 0.0457434 -0.0346108 -45285.7 54.1756 
318780 0.0576099 0.0405325 -44789.6 54.3401 
319746 0.0386549 -0.000118601 -45165.8 54.5048 
320712 0.0199793 0.00164637 -45800.4 54.6692 
321678 0.0565981 0.00927557 -45517.7 54.8339 
322644 0.0325612 -0.00118609 -44029.8 54.9975 
323610 0.0274622 0.01576 -44742.6 55.162 
324576 0.0511709 0.0409008 -44010.9 55.3271 
325542 0.0194893 -0.0122203 -44136.3 55.4923 
326508 0.0131322 0.00836235 -45072.5 55.6574 
327474 0.0360641 -0.0273363 -45166.8 55.8221 
328440 0.0586924 -0.0571561 -45298.2 55.9862 
329406 0.0685399 -0.0623568 -44682.6 56.1505 
330372 0.0498642 0.0282027 -45531.7 56.3154 
331338 0.0632473 0.024242 -45682.6 56.4799 
332304 0.0263017 0.00874874 -45294.4 56.6444 
333270 0.0218197 0.00883982 -43938.1 56.8091 
334236 0.0557181 -0.00544559 -44732.6 56.9735 
335202 0.0969381 -0.0130621 -45536.8 57.1383 
336168 0.0689502 -0.00694128 -45383.4 57.3028 
337134 0.0227386 -0.00382848 -45760.2 57.4677 
338100 0.0662676 0.00225422 -44724.5 57.6328 
339066 0.0443204 0.00256533 -43961.8 57.7972 
340032 0.0276912 -0.0179647 -44472.3 57.9614 
340998 0.0457838 0.000618739 -44260.3 58.1259 
341964 0.0418615 -0.00717516 -43833.3 58.2904 
342930 0.0441858 -0.0188009 -43080.3 58.4555 
343896 0.0622272 -0.0366732 -44089.8 58.6198 
344862 0.0535916 -0.000594413 -44847.8 58.7851 
345828 0.0540526 -0.0234204 -43718 58.9499 
346794 0.0325762 -0.0311494 -44374.9 59.1158 
347760 0.0567028 0.00344901 -43730.6 59.2807 
348726 0.0697706 0.0421082 -44109 59.4451 
349692 0.0780958 0.0753682 -45493 59.6097 
350658 0.0270653 -0.0119421 -44825.4 59.7739 
351624 0.0303664 0.021879 -43904.2 59.9382 
352590 0.0181004 -0.00769638 -44092.2 60.1023 
353556 0.0656989 0.0556664 -44290.5 60.2671 
354522 0.0345959 0.00249101 -44421 60.4315 
355488 0.0790947 -0.0136769 -45598.8 60.5962 
356454 0.0440729 0.00509085 -45266.8 60.761 
357420 0.0702565 -0.0603249 -44124.6 60.9254 
358386 0.033083 -1.45031e-05 -44418.8 61.0902 
359352 0.0290119 0.0176102 -44362.4 61.2553 
360318 0.0340042 0.00798762 -44211.1 61.42 
361284 0.0262435 0.0147083 -43081.9 61.5851 
362250 0.0832157 0.0551095 -43634 61.7502 
363216 0.0607255 0.0598627 -44630.5 61.9148 
364182 0.0460591 -0.0362901 -44602.8 62.0794 
365148 0.051923 -0.0432254 -44608.2 62.2443 
366114 0.0347 -0.0241432 -45013.9 62.4088 
367080 0.0567592 -0.0567038 -44230.3 62.5741 
368046 0.0333441 0.00120451 -44196.4 62.7379 
369012 0.0214335 -0.0187197 -43994 62.9025 
369978 0.0504906 -0.0031155 -44489.2 63.0673 
370944 0.0703992 -0.000884824 -44397 63.2319 
371910 0.0489903 0.0111562 -44499.4 63.3965 
372876 0.0390853 -0.0176068 -44054.3 63.561 
373842 0.0612121 -0.00797157 -43803.1 63.7257 
374808 0.0414334 -0.0166454 -44776.7 63.8908 
375774 0.0816462 -0.0289271 -45807.4 64.0559 
376740 0.0759997 -0.0507904 -45249.7 64.2207 
377706 0.0531268 -0.0169743 -45361.5 64.385 
378672 0.0513259 0.0122675 -43805.3 64.5497 
379638 0.0786724 -0.0219927 -44433 64.7143 
380604 0.0764739 -0.0157442 -43711.4 64.8786 
381570 0.0798797 -0.010809 -43983.8 65.0428 
382536 0.0522438 -0.0278538 -44288.9 65.2077 
383502 0.0846746 -0.0291311 -43091.3 65.3719 
384468 0.0852358 0.000363029 -43130.2 65.5372 
385434 0.0616448 -0.0142232 -42672.2 65.7017 
386400 0.0420205 -0.0208629 -44514.2 65.8664 
387366 0.06653 -0.061946 -44038 66.0319 
388332 0.101219 -0.0711274 -44757.2 66.1971 
389298 0.0516769 -0.0433646 -45082.8 66.3621 
390264 0.0396192 -0.0185196 -44788.1 66.5272 
391230 0.0830661 -0.0742401 -45447.2 66.6923 
392196 0.0595748 -0.0460581 -45088.2 66.8576 
393162 0.0165617 -0.00599526 -45055.1 67.023 
394128 0.083841 -0.0830664 -44235.8 67.1885 
395094 0.0788999 -0.0719479 -43987.3 67.3536 
396060 0.0308375 0.00304293 -45248.6 67.5189 
397026 0.0605334 -0.0368625 -45175.7 67.6836 
397992 0.0568361 0.00847606 -45163.5 67.8484 
398958 0.0943418 -0.0393337 -44948.6 68.013 
399924 0.0966371 -0.0917098 -44614.1 68.1791 
400890 0.0516425 -0.017557 -44309.6 68.3444 
401856 0.132771 -0.124761 -44996.1 68.5098 
402822 0.0840113 -0.0211302 -43963.1 68.6748 
403788 0.0533114 -0.03187 -44231.4 68.8396 
404754 0.0538087 -0.0072483 -44275.5 69.0044 
405720 0.0506731 0.0182304 -44152 69.1691 
406686 0.0324525 0.0282626 -43597.9 69.334 
407652 0.0546065 -0.0246155 -43292.7 69.4989 
408618 0.045964 0.0339919 -44084.3 69.6633 
409584 0.0357193 0.025838 -45122.3 69.8287 
410550 0.0342975 0.0300911 -44622.8 69.9941 
411516 0.0350341 -0.0242459 -45493.7 70.1591 
412482 0.0391981 -0.0318033 -45561.4 70.3242 
413448 0.047942 0.00584348 -45110.1 70.4894 
414414 0.0170405 0.00866378 -45920.4 70.654 
415380 0.0453065 0.0107161 -47511.3 70.819 
416346 0.076624 -0.0320259 -47176.8 70.9835 
417312 0.0564482 0.00573323 -47262.2 71.148 
418278 0.0744493 0.00227378 -47422 71.3126 
419244 0.11127 -0.0308621 -46519.8 71.4772 
420210 0.0381672 0.0131095 -46063.6 71.6423 
421176 0.0809826 0.0173887 -45716.9 71.8076 
422142 0.0378556 -0.0377033 -45531 71.9728 
423108 0.0270847 -0.0218058 -45472.1 72.1383 
424074 0.0424657 0.00608974 -45637.9 72.3033 
425040 0.0468948 0.0136662 -46280.4 72.469 
426006 0.0827531 0.0514319 -45654.3 72.634 
426972 0.0566601 -0.00487275 -44809 72.7995 
427938 0.0134525 0.00730946 -45651.2 72.9647 
428904 0.0368663 0.00703706 -45620.7 73.1296 
429870 0.088552 0.0682995 -45429.9 73.2946 
430836 0.0417508 -0.0305745 -45861.2 73.4596 
431802 0.0713302 -0.0311113 -45794.5 73.6243 
432768 0.0934086 0.00784409 -46300.1 73.7889 
433734 0.0569386 0.0436637 -46854.3 73.9535 
434700 0.0859575 0.0151835 -46553.6 74.1191 
435666 0.0519501 -0.0333573 -46743.4 74.2834 
436632 0.0662406 0.037771 -45975.7 74.448 
437598 0.0482368 0.0350072 -45860.3 74.6126 
438564 0.0397827 -0.00185627 -44399.9 74.7784 
439530 0.0822615 0.0332322 -44941.1 74.9431 
440496 0.0453245 -0.0120329 -44230.1 75.1085 
441462 0.0471941 -0.0334802 -44725.5 75.2741 
442428 0.0369029 -0.00896106 -44508.7 75.4388 
443394 0.0699401 -0.0637319 -45188.5 75.6032 
444360 0.0345064 0.000619584 -45656.7 75.7682 
445326 0.0459639 0.00624337 -44680.3 75.9325 
446292 0.0718331 0.0527913 -45564.8 76.0978 
447258 0.0815418 -0.00373125 -44373.6 76.2625 
448224 0.0661506 -0.0156878 -44283.5 76.4276 
449190 0.0463206 0.0255173 -45211.8 76.5925 
450156 0.0558001 -0.0294644 -44858.9 76.7572 
451122 0.0776395 -0.0624065 -44185.4 76.9218 
452088 0.0424441 -0.03091 -43971 77.0869 
453054 0.0220044 -0.00614036 -43996.6 77.2519 
454020 0.0605462 0.0570504 -43945.7 77.4159 
454986 0.030844 0.00752312 -43434.1 77.5806 
455952 0.049049 -0.0173751 -42494.9 77.7446 
456918 0.0357736 0.0198182 -42495.1 77.9089 
457884 0.0346745 0.00753707 -41254.2 78.0733 
458850 0.0622232 0.0293436 -42618.8 78.2376 
459816 0.0804554 0.00906047 -43466.6 78.4021 
460782 0.0580821 0.0250706 -44179.7 78.5667 
461748 0.036357 0.0244302 -44071.5 78.732 
462714 0.0353589 -0.019496 -43197.1 78.8959 
463680 0.0210437 0.00925126 -44009.3 79.0605 
464646 0.0193509 -0.00615009 -44824.1 79.2262 
465612 0.0506021 0.0432038 -45096.5 79.3909 
466578 0.0231534 0.00325604 -45547.3 79.556 
467544 0.0391801 0.033498 -45606.9 79.7209 
468510 0.0305811 0.0257558 -44523.7 79.8854 
469476 0.0637636 0.0510629 -44967.1 80.0499 
470442 0.0672169 0.0501733 -44154.5 80.2146 
471408 0.0909342 -0.0630648 -45672 80.3793 
472374 0.0609191 0.0181824 -46228.5 80.5439 
473340 0.0441772 -0.0177206 -45923.1 80.7088 
474306 0.0429638 0.0107433 -44820.1 80.8738 
475272 0.0378332 -0.017687 -45517.1 81.0384 
476238 0.0162828 0.0157208 -44870.4 81.2042 
477204 0.0521003 0.00330158 -44141.2 81.3691 
478170 0.0563323 -0.049312 -44295.7 81.5339 
479136 0.0471485 -0.0454919 -45868 81.6989 
480102 0.0167823 -0.00262742 -45279.4 81.8639 
481068 0.0673969 -0.0246719 -44948.8 82.029 
482034 0.0456382 -0.00941149 -45567.9 82.1941 
483000 0.0500172 0.0440811 -45766.9 82.3592 
483966 0.0512382 0.00925389 -44534.9 82.5242 
484932 0.080335 -0.0803303 -44320.9 82.6891 
485898 0.069333 -0.00453977 -44809 82.8543 
486864 0.0903609 -0.0830055 -44588.1 83.0197 
487830 0.052029 -0.00360307 -45020.1 83.1843 
488796 0.0317368 0.0292556 -44625.9 83.3487 
489762 0.0684593 0.0415101 -44530.9 83.5137 
490728 0.0415641 -0.00044709 -45025.8 83.6781 
491694 0.0427058 -0.00328447 -46149.6 83.8425 
492660 0.0637048 -0.0409219 -46369.9 84.0075 
493626 0.0229371 0.0163022 -45764.1 84.1722 
494592 0.0608012 0.0536886 -46172.1 84.337 
495558 0.0596829 -0.0101008 -45946.3 84.502 
496524 0.104228 0.0366969 -45230.7 84.6667 
497490 0.0966046 -0.0636821 -45801.3 84.832 
498456 0.0130236 -0.00344352 -44874.1 84.9968 
499422 0.0378388 0.00502285 -43702 85.1615 
500388 0.0421014 -0.0217923 -43616.3 85.3262 
501354 0.0424382 0.0289803 -43873.2 85.491 
502320 0.0909294 0.0780917 -44230.3 85.6564 
503286 0.0619132 0.0514413 -45619.7 85.8207 
504252 0.0370822 0.0291241 -46268.9 85.9852 
505218 0.0517637 0.00547225 -45754.4 86.1501 
506184 0.0838817 -0.0531749 -46637.6 86.3145 
507150 0.0641922 0.0145409 -45843.8 86.479 
508116 0.0519178 0.00177612 -45301.9 86.643 
509082 0.0295674 -0.00727464 -44782.8 86.8068 
510048 0.0502815 -0.0031673 -44270.2 86.971 
511014 0.0625519 -0.0283299 -44093.7 87.1355 
511980 0.0229558 0.0171879 -44988.7 87.3002 
512946 0.04061 0.0213148 -44893.8 87.4651 
513912 0.067534 0.0416736 -44744 87.6297 
514878 0.102755 0.0888376 -44970.2 87.7947 
515844 0.0269303 0.0172408 -44485.3 87.9597 
516810 0.0788302 0.0563804 -43621.4 88.1254 
517776 0.0661215 -0.00388749 -43924.6 88.29 
518742 0.0569886 -0.038063 -45022.6 88.4552 
519708 0.060314 0.0360789 -45154.7 88.6192 
520674 0.0534669 0.0195803 -44281.9 88.7839 
521640 0.0842783 -0.0585325 -43345 88.9485 
522606 0.0864267 0.00713064 -44380.4 89.1137 
523572 0.0453619 -0.00967091 -45889.3 89.2785 
524538 0.0345651 0.00600955 -45079.8 89.4431 
525504 0.0359603 -0.000643346 -45148.2 89.6073 
526470 0.0606812 -0.0549261 -44707.3 89.7725 
527436 0.0200903 -0.0169244 -45394.5 89.9367 
528402 0.0276539 -0.0237005 -45844.2 90.1014 
529368 0.0264021 -0.0201786 -45835 90.2659 
530334 0.0865344 -0.0843168 -46806.5 90.4305 
531300 0.0682607 -0.05158 -45862.9 90.5955 
532266 0.0475563 0.0430233 -45347.8 90.7596 
533232 0.0468575 0.0157384 -44999.2 90.9244 
534198 0.0469959 0.0232323 -44406.6 91.0903 
535164 0.057897 -0.00786168 -45438.3 91.2551 
536130 0.0221695 -0.00662562 -44889.7 91.4209 
537096 0.0715394 -0.0331404 -44415 91.5862 
538062 0.0483134 -0.0306664 -44816.1 91.7513 
539028 0.0289956 -0.00887751 -45801.9 91.9164 
539994 0.0310461 -0.00309067 -45355.8 92.0803 
540960 0.0546422 0.0511926 -44461.5 92.2451 
541926 0.0693042 0.0419283 -44890.5 92.4101 
542892 0.0506638 0.0495041 -44888.4 92.575 
543858 0.0739353 0.0516472 -46165.4 92.7397 
544824 0.0837139 0.017051 -46186.1 92.9045 
545790 0.0555799 0.0482802 -47235.1 93.069 
546756 0.0211097 -0.0188927 -46428.6 93.2336 
547722 0.0325736 -0.0252268 -45824.5 93.3989 
548688 0.0224618 0.00264286 -44028.2 93.5639 
549654 0.0692767 0.0592477 -45754.2 93.7288 
550620 0.0696906 0.0471176 -45663.9 93.893 
551586 0.0745759 0.0396009 -44171.3 94.057 
552552 0.0349815 -0.00463737 -43937.5 94.2216 
553518 0.0127283 -0.0108693 -44592.2 94.3861 
554484 0.0198194 0.00630681 -44303.4 94.5506 
555450 0.0516788 -0.0321313 -43726.6 94.7153 
556416 0.0424939 0.00129869 -43765.3 94.8797 
557382 0.0698924 0.0148966 -45295.6 95.0442 
558348 0.0512743 -0.0194293 -44728.4 95.2085 
559314 0.0300671 0.0129974 -44796.9 95.3727 
560280 0.0294086 -0.0190655 -44816.8 95.5376 
561246 0.0385477 -0.0272624 -44365.6 95.7023 
562212 0.0523648 0.0247697 -44033.7 95.8661 
563178 0.0909105 -0.07964 -44098.1 96.0312 
564144 0.0753097 -0.0572877 -44693.3 96.1955 
565110 0.0534816 -0.018916 -45455.8 96.3597 
566076 0.0956454 -0.00497395 -45994 96.5247 
567042 0.106941 -0.00681148 -45163.3 96.69 
568008 0.0768621 0.0388968 -45504.1 96.8549 
568974 0.0521499 -0.0319078 -47016.9 97.0201 
569940 0.0497544 -0.040071 -45416.6 97.1848 
570906 0.0462669 0.00839538 -44543.5 97.3496 
571872 0.0639846 -0.0445979 -45093.9 97.5142 
572838 0.0577659 -0.00603153 -43961.2 97.6796 
573804 0.0392851 -0.0376997 -44994.5 97.8449 
574770 0.043764 -0.0182462 -45422.4 98.0097 
575736 0.0623823 -0.00751835 -45055.2 98.1744 
576702 0.042499 0.0236371 -46184.1 98.3392 
577668 0.02435 0.021647 -45329.2 98.5042 
578634 0.0471671 -0.0339073 -46030.1 98.6689 
579600 0.075232 -0.0341553 -46622.5 98.8331 
580566 0.0326123 -0.0167363 -44791 98.9971 
581532 0.0576059 -0.00974606 -45430.6 99.1618 
582498 0.0449767 0.00642746 -44934.2 99.3261 
583464 0.0622127 -0.0549148 -45796.1 99.4904 
584430 0.0300158 0.0271988 -46642.8 99.6553 
585396 0.0351571 -0.0259501 -44952.7 99.8202 
586362 0.043926 0.0367739 -45837.7 99.9843 
587328 0.0653529 0.00214719 -44723.7 100.149 
588294 0.0268254 -0.0140409 -44014.1 100.313 
589260 0.059417 0.0442238 -43777.8 100.479 
590226 0.0752622 -0.0587578 -44309.7 100.643 
591192 0.0378742 -0.0094502 -43367.9 100.809 
592158 0.0306411 -0.016758 -43865.9 100.973 
593124 0.0423843 -0.0204869 -44381.8 101.138 
594090 0.041244 -0.0333087 -44700.2 101.303 
595056 0.019533 -0.0153739 -43972.6 101.467 
596022 0.0266544 0.00703397 -43736.6 101.632 
596988 0.0379654 0.0116966 -43440.1 101.797 
597954 0.00858699 0.00281088 -43469.9 101.963 
598920 0.051497 -0.00483262 -43833.1 102.127 
599886 0.0443535 0.0332363 -43318.1 102.292 
600852 0.0427715 0.0273845 -44133.1 102.457 
601818 0.0715909 0.00972933 -44835.4 102.622 
602784 0.0699098 -0.00650333 -44813 102.786 
603750 0.0460881 -0.0154615 -45888.7 102.951 
604716 0.0490149 0.024504 -45639 103.117 
605682 0.0638638 0.000929211 -44365.6 103.281 
606648 0.076601 0.045166 -43233.8 103.446 
607614 0.0569856 0.0352173 -44592.3 103.611 
608580 0.0748137 0.0185615 -44975.4 103.775 
609546 0.0579714 -0.00247639 -44545 103.94 
610512 0.0454391 0.0149984 -44673.9 104.105 
611478 0.0747134 0.0535972 -44772.6 104.27 
612444 0.0590089 0.00118357 -45635.6 104.434 
613410 0.0400125 0.0183631 -46886.1 104.599 
614376 0.0146069 -0.00206064 -44794.5 104.763 
615342 0.0212875 0.00357226 -45013.2 104.928 
616308 0.0488401 0.00441458 -44940.3 105.092 
617274 0.0818172 0.0620918 -45662.1 105.257 
618240 0.043259 0.0333511 -45564 105.422 
619206 0.0292189 0.0229104 -44663.1 105.587 
620172 0.0411476 0.0251627 -45407.9 105.752 
621138 0.0389098 0.00215704 -45675.2 105.917 
622104 0.0135946 -0.0113951 -45571.9 106.082 
623070 0.0311704 0.0301481 -45051 106.248 
624036 0.0443495 0.0427004 -43777.5 106.412 
625002 0.0455505 -0.0385191 -44217.7 106.578 
625968 0.0438871 -0.00791172 -45369.4 106.743 
626934 0.0478785 0.00366074 -46089.1 106.907 
627900 0.04966 0.0138225 -45828.8 107.072 
628866 0.079328 -0.0499346 -44803.1 107.237 
629832 0.0462644 -0.0148897 -44712.3 107.402 
630798 0.0703308 -0.0308885 -45530.2 107.567 
631764 0.0767829 0.0254123 -45032.1 107.731 
632730 0.0752536 -0.0457221 -45173.2 107.896 
633696 0.081016 -0.063129 -44779 108.061 
634662 0.03494 -0.00460856 -45522.6 108.225 
635628 0.0263346 0.00448132 -45270.2 108.389 
636594 0.0540002 -0.044272 -45107.6 108.554 
637560 0.0510244 -0.00932532 -45449.3 108.719 
638526 0.0812374 0.0250874 -44642.9 108.884 
639492 0.0182438 -0.0109644 -43584.3 109.049 
640458 0.0326929 0.0268122 -43866.3 109.214 
641424 0.0212407 0.0180574 -44428 109.379 
642390 0.0343059 0.00166688 -44176.5 109.543 
643356 0.0320077 0.0114379 -43726.5 109.708 
644322 0.0684202 -0.0531564 -43251.8 109.873 
645288 0.0523041 -0.0203866 -42422.3 110.039 
646254 0.0515829 -0.0275391 -43000.3 110.203 
647220 0.061588 -0.0166181 -44220.5 110.368 
648186 0.0701855 -0.0608447 -45104 110.533 
649152 0.060197 0.0355695 -44185.6 110.698 
650118 0.0281775 -0.00166837 -43482.6 110.861 
651084 0.0357535 0.0125881 -44079 111.026 
652050 0.0486765 0.0148729 -43900.6 111.191 
653016 0.0864385 0.00440577 -44956.4 111.355 
653982 0.0895426 -0.0393169 -44948.1 111.519 
654948 0.0815807 -0.0417738 -45813.5 111.683 
655914 0.0752837 -0.0714298 -44597 111.848 
656880 0.0525123 -0.0478906 -45233.8 112.012 
657846 0.0857535 -0.0351046 -46208.2 112.176 
658812 0.0451225 -0.0141364 -47314.7 112.34 
659778 0.0484911 -0.0283869 -45129.8 112.505 
660744 0.0721874 -0.0273164 -45004.5 112.669 
661710 0.0625771 0.0466588 -44869.8 112.834 
662676 0.0482698 0.0273308 -44660.1 112.999 
663642 0.044801 -0.0376068 -45099.7 113.165 
664608 0.0359895 -0.0337525 -44890.9 113.33 
665574 0.0573788 0.054275 -45337.1 113.495 
666540 0.0475032 0.0122192 -45116.3 113.659 
667506 0.0219649 0.018709 -45137.8 113.824 
668472 0.0339346 0.030748 -45274.2 113.989 
669438 0.0517359 0.0488986 -45669.8 114.154 
670404 0.0477443 0.0351279 -44829.3 114.319 
671370 0.0266569 0.0101261 -43958.5 114.484 
672336 0.0312705 -0.0250282 -44258.8 114.649 
673302 0.0090705 0.00176165 -45485.4 114.815 
674268 0.0346295 0.020349 -45988.7 114.98 
675234 0.0369767 0.00956871 -44726.8 115.145 
676200 0.0489979 0.00241017 -45524.8 115.31 
677166 0.0563139 -0.0471657 -44242.7 115.475 
678132 0.0545399 0.0421605 -43774.2 115.64 
679098 0.0337588 0.00813173 -45577.1 115.805 
680064 0.0209241 -0.0160448 -44502.1 115.97 
681030 0.0280745 -0.00540778 -45674 116.136 
681996 0.0940492 -0.0806897 -46104.3 116.301 
682962 0.0114097 0.0017028 -44486.2 116.466 
683928 0.0579768 -0.00814995 -44550.5 116.63 
684894 0.0856967 0.0573556 -43759.2 116.796 
685860 0.0166422 0.0162857 -43997.6 116.961 
686826 0.0591452 0.00466281 -42197.9 117.125 
687792 0.0627919 -0.0221594 -43590.9 117.291 
688758 0.0628672 -0.0251972 -44712.6 117.457 
689724 0.122203 -0.0608638 -44312.8 117.621 
690690 0.0909126 -0.0250329 -44540.3 117.786 
691656 0.0562318 0.0254043 -45567.8 117.95 
692622 0.0368965 -0.00493268 -44918.5 118.115 
693588 0.0497625 -0.0372475 -45236.6 118.281 
694554 0.0363308 0.0102307 -44538.6 118.445 
695520 0.0111517 0.00431176 -44669.7 118.611 
696486 0.055316 -0.00862551 -44493.4 118.776 
697452 0.022232 -0.0191795 -44214.4 118.94 
698418 0.0590659 -0.0520633 -44259.2 119.105 
699384 0.0693879 0.0243872 -44023.3 119.27 
700350 0.0698677 0.0138675 -44294.3 119.434 
701316 0.0668355 0.0170696 -43743.2 119.599 
702282 0.0381757 0.00300485 -44422.9 119.764 
703248 0.0684844 -0.0315634 -44763.8 119.93 
704214 0.0794749 -0.0238998 -44307.8 120.094 
705180 0.0650347 -0.0206585 -44240.5 120.259 
706146 0.0169145 -0.00582339 -44059.9 120.424 
707112 0.0476501 -0.0214422 -45652.7 120.589 
708078 0.0741048 0.0364451 -44192.1 120.754 
709044 0.0609928 -0.0403702 -44562.9 120.919 
710010 0.0461195 -0.0203922 -44704.1 121.084 
710976 0.0566188 -0.0238109 -45415.8 121.249 
711942 0.0441893 -0.0323206 -45531.5 121.414 
712908 0.0456835 -0.0332767 -45321.5 121.579 
713874 0.0698223 0.00125327 -45837.9 121.744 
714840 0.0647019 0.00656792 -45445.5 121.909 
715806 0.0619266 0.0319702 -45783 122.074 
716772 0.0913636 0.0612297 -45227.1 122.239 
717738 0.0561566 -0.0199915 -45638.2 122.404 
718704 0.0448016 0.0395667 -45874.7 122.569 
719670 0.0457531 0.0169195 -45115.9 122.733 
720636 0.0631838 0.0253411 -46334 122.898 
721602 0.0776779 0.0678493 -44489.7 123.063 
722568 0.0503158 0.0308572 -45205.9 123.228 
723534 0.0292709 0.0220718 -44784.1 123.393 
724500 0.0675183 0.00748861 -44060.7 123.559 
725466 0.0338086 0.00897437 -45306.8 123.724 
726432 0.0481523 0.00666271 -45020.5 123.889 
727398 0.04954 -0.028382 -44655 124.054 
728364 0.0445093 -0.0436992 -44470.1 124.219 
729330 0.0214897 0.0184924 -43902.7 124.384 
730296 0.0438923 0.0275238 -43928 124.549 
731262 0.0409578 0.012928 -42850.5 124.715 
732228 0.0567658 0.0108742 -44513.2 124.88 
733194 0.0902763 -0.0224919 -45408.7 125.045 
734160 0.0979006 -0.0726227 -44406.1 125.211 
735126 0.062284 -0.0382689 -43908.9 125.375 
736092 0.0548954 -0.0341568 -44719.7 125.541 
737058 0.00747693 0.0072867 -45447.4 125.707 
738024 0.0294073 0.0227186 -46087.8 125.873 
738990 0.0622697 0.032323 -45128.9 126.038 
739956 0.0389008 -0.0206354 -44192.2 126.203 
740922 0.0605919 0.014614 -43973.9 126.367 
741888 0.0833822 -0.0369048 -43971.7 126.532 
742854 0.0344185 -0.0186155 -44002.7 126.697 
743820 0.0245314 0.00204464 -45248.5 126.863 
744786 0.0550182 0.0501894 -45450.1 127.028 
745752 0.0865411 -0.0486018 -45669.1 127.192 
746718 0.069266 -0.0574044 -46516.8 127.358 
747684 0.0604645 -0.057397 -45627.9 127.523 
748650 0.062743 -0.0584797 -46288.3 127.688 
749616 0.0415862 -0.0268959 -46591.1 127.853 
750582 0.00685139 0.00522052 -44994.4 128.019 
751548 0.037305 0.0168555 -45140.3 128.185 
752514 0.0504674 -0.0293749 -44655.7 128.349 
753480 0.0156508 0.0114261 -45300.1 128.515 
754446 0.0381981 -0.0256063 -43944.9 128.679 
755412 0.0336129 -0.0169568 -43766.7 128.844 
756378 0.0400548 0.0220504 -42298.8 129.009 
757344 0.0571186 0.0308673 -42730.3 129.174 
758310 0.0576293 0.00673521 -43799.4 129.339 
759276 0.0448897 0.0183459 -44144.7 129.504 
760242 0.0549006 0.00825762 -44113.5 129.67 
761208 0.0403897 -0.0360215 -43604.2 129.835 
762174 0.0290687 -0.0230215 -45106.3 130 
763140 0.0289091 0.0206835 -46285.6 130.165 
764106 0.0746973 0.0249077 -44927.5 130.33 
765072 0.0450903 0.0128026 -44050.4 130.494 
766038 0.0429404 0.0217343 -44054.4 130.661 
767004 0.0351987 -0.00098377 -44427.8 130.826 
767970 0.0372887 -0.0218349 -44280.3 130.991 
768936 0.0505819 0.0340232 -45196.7 131.155 
769902 0.0695988 -0.0101895 -45116.2 131.32 
770868 0.0430237 -0.0209766 -44329.6 131.485 
771834 0.0359925 -0.0224029 -45064.3 131.651 
772800 0.0417343 -0.0270941 -45951.6 131.817 
773766 0.0693456 -0.0289933 -46025.8 131.982 
774732 0.0242611 -0.0164581 -45589.4 132.147 
775698 0.0395709 0.030468 -43761.6 132.312 
776664 0.0860691 0.0153046 -44110.1 132.477 
777630 0.0978893 0.0299397 -43317.9 132.642 
778596 0.0511065 -0.00801146 -43894.5 132.806 
779562 0.0409674 -0.0238497 -43591.7 132.972 
780528 0.0467988 -0.0162752 -44544.9 133.137 
781494 0.0750601 0.068142 -45298 133.303 
782460 0.0614734 -0.0382503 -45100.5 133.468 
783426 0.0358277 0.00245258 -45398.6 133.633 
784392 0.0940062 0.0142895 -46310.1 133.798 
785358 0.0584543 0.00024559 -45809.4 133.964 
786324 0.0257735 0.0209285 -45770.2 134.128 
787290 0.0319715 -0.031452 -46537.7 134.293 
788256 0.0821789 -0.0813211 -46358.6 134.458 
789222 0.0432784 -0.0359352 -43931.1 134.623 
790188 0.049116 -0.041676 -43849.6 134.789 
791154 0.0312863 -0.0114134 -44410.2 134.954 
792120 0.024115 -0.00214842 -43425.3 135.119 
793086 0.0345335 0.00503447 -44599.1 135.285 
794052 0.0373349 0.0329449 -44202.7 135.45 
795018 0.0865125 0.0387459 -44921.5 135.615 
795984 0.0586364 0.0319463 -45120.6 135.78 
796950 0.0598308 0.0297816 -44773.8 135.945 
797916 0.0576256 0.0443338 -45245 136.11 
798882 0.0638097 0.0349783 -45129.7 136.275 
799848 0.0332686 0.026752 -45107.2 136.439 
800814 0.0908874 0.0104476 -44845.7 136.604 
801780 0.0411738 -0.0202251 -44594.8 136.768 
802746 0.0519303 -0.0498808 -44730.4 136.933 
803712 0.074414 -0.0554473 -45147.2 137.098 
804678 0.045267 -0.0315449 -45913.7 137.264 
805644 0.0755939 -0.0163613 -44813.6 137.429 
806610 0.0383746 -0.00348425 -45192.2 137.594 
807576 0.0560641 0.0264772 -44883.3 137.759 
808542 0.0869021 0.0481351 -43647.1 137.925 
809508 0.0919536 0.05543 -44189.1 138.089 
810474 0.0921919 0.0629366 -45076.8 138.254 
811440 0.0733455 0.00196718 -44338.6 138.419 
812406 0.0192211 0.013701 -44620.2 138.584 
813372 0.0419696 0.0252982 -44609.9 138.749 
814338 0.0187243 0.0171517 -43635.7 138.915 
815304 0.0311058 0.00997428 -43959.3 139.08 
816270 0.00707469 -0.00448412 -44363 139.245 
817236 0.0620302 0.0232666 -44492.1 139.41 
818202 0.061485 0.0502814 -44545.4 139.575 
819168 0.0467811 0.0116857 -46376.5 139.74 
820134 0.0577901 0.039928 -45624.6 139.906 
821100 0.0384423 0.0321416 -45442.9 140.071 
822066 0.046787 0.026469 -44256.4 140.237 
823032 0.0295207 0.000681126 -43501.8 140.402 
823998 0.0429025 0.0072946 -43141.2 140.566 
824964 0.0534371 0.0282462 -43352.6 140.731 
825930 0.0745695 -0.0195221 -43496 140.895 
826896 0.0645656 -0.0269439 -43570 141.06 
827862 0.0455424 -0.0163199 -43560.9 141.226 
828828 0.0370726 0.00778003 -43351.9 141.391 
829794 0.0712382 -0.0406582 -44523.5 141.556 
830760 0.025452 0.0101278 -44308.1 141.721 
831726 0.0372492 0.006661 -43851.5 141.886 
832692 0.022644 -0.00132214 -45257.9 142.051 
833658 0.0519094 0.0181456 -44580.4 142.216 
834624 0.0326937 -0.00324321 -43946 142.381 
835590 0.0199807 -0.0110201 -45345.4 142.546 
836556 0.0340236 -0.0160516 -44484.3 142.712 
837522 0.0563831 -0.00134708 -45239.9 142.876 
838488 0.0432976 -0.0276574 -44561.1 143.041 
839454 0.0694346 0.0592347 -45517.9 143.205 
840420 0.0423439 0.0300104 -45878.2 143.37 
841386 0.049263 0.0161564 -45848.4 143.535 
842352 0.0396641 -0.00496177 -46142.9 143.7 
843318 0.0232019 0.0123591 -46177.5 143.864 
844284 0.0784186 0.0177361 -46226.2 144.03 
845250 0.092223 -0.0062355 -44886.5 144.195 
846216 0.0683744 0.00992837 -45129.9 144.36 
847182 0.0296222 -0.0240086 -45345.6 144.526 
848148 0.0509547 -0.0122808 -45626.5 144.691 
849114 0.0220149 -0.0171595 -45155.2 144.856 
850080 0.0341652 -0.0241087 -45012.8 145.021 
851046 0.0525438 -0.00665186 -44652.4 145.186 
852012 0.0717221 -0.0207053 -44436.6 145.352 
852978 0.0485166 -0.0354349 -44290.5 145.517 
853944 0.0225058 0.00127166 -43895.5 145.683 
854910 0.035116 0.000556811 -44006 145.847 
855876 0.0551824 -0.0105054 -43611.7 146.012 
856842 0.065137 -0.0543924 -45117.8 146.177 
857808 0.0203201 0.0185596 -44344.4 146.341 
858774 0.0433763 -0.0121893 -43404 146.506 
859740 0.0330644 -0.020321 -43199.3 146.672 
860706 0.0407745 -0.0256907 -43517.3 146.838 
861672 0.0671567 -0.0416615 -43750.5 147.003 
862638 0.0462792 -0.0206209 -44806.2 147.168 
863604 0.0476362 -0.0142646 -45607.5 147.334 
864570 0.0127775 0.011438 -44984.8 147.499 
865536 0.0178479 -0.010907 -44704.9 147.664 
866502 0.0417144 -0.0226129 -45002.3 147.828 
867468 0.026026 -0.0056044 -44914.4 147.994 
868434 0.0551221 -0.0530235 -46094.2 148.158 
869400 0.0828978 -0.0609759 -46249.9 148.323 
870366 0.0469208 -0.0207169 -46071 148.487 
871332 0.0824323 0.0362287 -45425.1 148.653 
872298 0.0306295 -0.00974632 -45690.2 148.818 
873264 0.0447077 0.0150828 -45396 148.984 
874230 0.0374137 0.036006 -45155.7 149.149 
875196 0.106017 0.0777097 -44605.1 149.314 
876162 0.0447953 -0.00258563 -45142.2 149.48 
877128 0.0593844 -0.00921389 -44504.9 149.646 
878094 0.0295421 -0.0103466 -45884.9 149.811 
879060 0.027372 0.0261275 -44958.5 149.977 
880026 0.0272527 -0.0205867 -45925.7 150.142 
880992 0.0314331 -0.0131619 -45095.3 150.306 
881958 0.049693 0.00803533 -45460.6 150.471 
882924 0.00508191 0.00378794 -46700.6 150.637 
883890 0.038422 0.0142636 -45676.8 150.802 
884856 0.0441654 0.0118552 -44779.1 150.967 
885822 0.0601554 -0.0423429 -43878.9 151.132 
886788 0.0626227 -0.048727 -44951.2 151.297 
887754 0.0607622 -0.0419566 -44425.2 151.462 
888720 0.0648176 0.0188266 -44735.2 151.627 
889686 0.0380872 0.0112592 -46012.9 151.792 
890652 0.106924 0.0920931 -45868.1 151.957 
891618 0.0489 -0.00633099 -44512.2 152.122 
892584 0.0599822 0.0216442 -44239.9 152.288 
893550 0.0680729 0.0428523 -43294.9 152.453 
894516 0.0467415 0.00139817 -43194.6 152.618 
895482 0.0715452 0.0497096 -43200.3 152.783 
896448 0.0609435 0.0241672 -41482.3 152.948 
897414 0.0319555 0.0133867 -42442.3 153.113 
898380 0.066039 0.028987 -41982.5 153.278 
899346 0.048665 -0.0331314 -43538.2 153.442 
900312 0.0416281 0.0358372 -43439.7 153.607 
901278 0.0207895 -0.0199614 -44492.6 153.771 
902244 0.108382 -0.0358547 -44712.2 153.935 
903210 0.0965887 0.0367725 -45708.1 154.099 
904176 0.0645295 0.0592847 -46054.3 154.264 
905142 0.0458897 -0.0103753 -44066.2 154.428 
906108 0.0258207 -0.00202829 -44171.1 154.594 
907074 0.049586 -0.025537 -44062.1 154.759 
908040 0.0314644 0.016809 -43940.4 154.924 
909006 0.0527197 0.0247852 -44429.3 155.089 
909972 0.049772 0.0367041 -45392.4 155.254 
910938 0.0599961 0.0150147 -43864.4 155.42 
911904 0.0816621 0.0511671 -44063.1 155.585 
912870 0.060975 0.0591982 -44835.7 155.75 
913836 0.0416745 0.0179907 -45312.4 155.915 
914802 0.0312956 0.000726033 -45777.9 156.08 
915768 0.0617463 0.0315698 -45090.1 156.247 
916734 0.027078 -0.0254864 -43827.5 156.412 
917700 0.0184078 0.00971956 -42987.2 156.577 
918666 0.074348 0.0624533 -43731.1 156.742 
919632 0.0206649 -0.000468687 -44117.7 156.907 
920598 0.0279318 -0.0175212 -44979.5 157.071 
921564 0.0440729 -0.00770547 -45841.6 157.236 
922530 0.0651952 -0.03624 -46519.5 157.402 
923496 0.0835331 -0.0730895 -45304.6 157.568 
924462 0.0334204 0.030109 -45508.9 157.733 
925428 0.039584 0.0288055 -45880.2 157.898 
926394 0.119944 0.0975713 -45770.8 158.063 
927360 0.0848606 0.0286166 -45193 158.228 
928326 0.0360866 -0.0310825 -44779.8 158.393 
929292 0.0234079 0.0108911 -43779.6 158.558 
930258 0.0548401 0.0237127 -43390.6 158.723 
931224 0.0449849 0.0322538 -44020.4 158.888 
932190 0.0545565 0.0190997 -43598.9 159.053 
933156 0.0531353 0.0106788 -44484 159.218 
934122 0.0830275 -0.00430394 -44822.6 159.383 
935088 0.0960741 0.0221086 -45452 159.547 
936054 0.0630562 -0.0345484 -45069.8 159.712 
937020 0.055966 0.0279813 -45109.2 159.877 
937986 0.0969588 0.0809354 -45853 160.042 
938952 0.0783876 -0.0228311 -44863.9 160.207 
939918 0.0677121 -0.0151401 -44238 160.372 
940884 0.0570257 0.00817246 -43455.6 160.537 
941850 0.0385063 0.0235039 -43890.5 160.702 
942816 0.027527 -0.0117125 -43099.8 160.867 
943782 0.0311738 0.0241947 -44598.6 161.032 
944748 0.057327 0.024537 -44931.2 161.196 
945714 0.0150755 0.00372097 -44991.3 161.361 
946680 0.0600575 -0.0333148 -44519.8 161.525 
947646 0.0401943 -0.00642144 -44541.3 161.69 
948612 0.0682946 -0.0617928 -44256.3 161.855 
949578 0.0745917 -0.0502155 -44181.3 162.02 
950544 0.0718909 0.0537689 -45065.2 162.185 
951510 0.0626244 -0.0189554 -44764.2 162.351 
952476 0.0702191 -0.0328373 -45164.6 162.516 
953442 0.0638457 -0.0444033 -45898.8 162.68 
954408 0.0241256 -0.0233716 -43467.4 162.845 
955374 0.031424 0.00678311 -44202.7 163.01 
956340 0.0430325 0.0262406 -43303.4 163.176 
957306 0.0298722 -0.027882 -43021.5 163.341 
958272 0.075363 -0.0386891 -43088.7 163.506 
959238 0.0584794 -0.0365313 -43707.3 163.671 
960204 0.0269509 -0.0253531 -44429.1 163.835 
961170 0.0585811 0.0259832 -43140.2 164.001 
962136 0.0375903 -0.0274369 -43568.4 164.166 
963102 0.0446085 -0.0376365 -44867.7 164.332 
964068 0.0751262 0.0423827 -44406.6 164.496 
965034 0.0436653 0.039751 -45212.7 164.661 
966000 0.104526 0.0667065 -44571.1 164.826 
