0 0.0267662 -0.0194027 -33163.8 0 
966 0.0528157 -0.0507805 -36042.1 0.163441 
1932 0.0471373 -0.0431913 -38961.4 0.3297 
2898 0.0426229 0.0198834 -42073.9 0.501638 
3864 0.0300894 -0.0260035 -41671.8 0.668281 
4830 0.0327675 -0.000545376 -42376.5 0.83656 
5796 0.0423052 -0.0382112 -42865.5 1.00465 
6762 0.0983013 0.0375226 -42798.4 1.17347 
7728 0.0648867 -0.0136226 -42368.5 1.33809 
8694 0.0787249 -0.0510058 -43955.9 1.50465 
9660 0.0498284 0.00690117 -44217.9 1.67119 
10626 0.0402374 -0.0143559 -44537.2 1.83755 
11592 0.0462559 0.0439988 -44568.3 2.00298 
12558 0.0479749 -0.0196368 -44373.4 2.16977 
13524 0.0671998 -0.0468565 -44251.6 2.33592 
14490 0.0607433 -0.0383934 -43873.3 2.50118 
15456 0.0333929 0.0207865 -44154 2.66902 
16422 0.0484551 0.0354875 -44652.2 2.83388 
17388 0.0748709 0.060701 -44311.6 3.00096 
18354 0.0449301 0.00878877 -45157.1 3.1654 
19320 0.0430044 0.0133503 -44895.8 3.33242 
20286 0.0298497 0.0155723 -44289.7 3.50052 
21252 0.0701136 -0.0397702 -45017.9 3.66629 
22218 0.0403926 0.0126675 -45763.1 3.83326 
23184 0.0416668 0.0184249 -46143.4 3.99863 
24150 0.03695 0.024705 -45151.8 4.16655 
25116 0.0603201 0.0413615 -44998.4 4.33206 
26082 0.0990442 -0.00807566 -44767.3 4.50049 
27048 0.0670957 0.00123859 -45265.2 4.66551 
28014 0.0498834 0.0289164 -45484.4 4.83296 
28980 0.0553886 0.0534682 -44917.6 5.0001 
29946 0.0281677 0.0155089 -45961.3 5.16507 
30912 0.0175568 -0.00426185 -44646.1 5.33296 
31878 0.0186357 -0.00480463 -45577.2 5.49994 
32844 0.0156939 -0.0101557 -43873.2 5.66679 
33810 0.0513996 -0.0405857 -43580.4 5.83159 
34776 0.0198295 -0.0180366 -43810 5.99842 
35742 0.0378598 -0.000575647 -43523.7 6.16545 
36708 0.0111468 0.00856301 -42218.5 6.33039 
37674 0.0122068 -0.0010363 -43306.6 6.49628 
38640 0.0617012 -0.0277169 -43274.6 6.66324 
39606 0.0340352 -0.0137506 -43756.1 6.82975 
40572 0.0501331 -0.0334215 -44262.1 6.99465 
41538 0.0973673 -0.0367966 -43828.7 7.1617 
42504 0.06383 -0.0474406 -43709.1 7.32836 
43470 0.0564324 -0.0125161 -44447.2 7.4956 
44436 0.0323168 -0.0134315 -44460.3 7.66015 
45402 0.0406676 -0.0146657 -43889.1 7.82851 
46368 0.0114559 0.0100602 -43460 7.99393 
47334 0.0374402 0.0210491 -44450.8 8.16048 
48300 0.0769717 -0.0700074 -44786.8 8.32629 
49266 0.0443925 -0.0236616 -44974.6 8.49139 
50232 0.0348719 0.017938 -45005.2 8.65883 
51198 0.0836993 0.0635624 -45089.7 8.82539 
52164 0.085559 0.0385447 -46120.6 8.99282 
53130 0.119305 0.0568334 -45806.2 9.15723 
54096 0.0664712 -0.00379042 -45504.5 9.32343 
55062 0.0444646 0.000544471 -45821.4 9.48996 
56028 0.0676109 -0.0131925 -44457.9 9.65473 
56994 0.0526509 0.0465378 -44940.4 9.82162 
57960 0.0631505 -0.00782756 -44419.4 9.98814 
58926 0.0531306 0.0290969 -45530.6 10.1548 
59892 0.10617 0.0682376 -46042.1 10.3196 
60858 0.0642036 0.00916557 -46118.8 10.4871 
61824 0.0601615 -0.0310272 -46179.7 10.6525 
62790 0.0840729 -0.0186388 -47204.1 10.8194 
63756 0.0722859 -0.0458015 -46383 10.9844 
64722 0.0509842 0.0176043 -45454.2 11.1514 
65688 0.0424397 -0.0393722 -45510.7 11.3189 
66654 0.0259135 -0.0146273 -44988.3 11.485 
67620 0.0962513 -0.0642237 -44684 11.6516 
68586 0.0371272 0.0274743 -45173.1 11.8157 
69552 0.029875 0.00768992 -45947.4 11.9834 
70518 0.0429348 -0.0273448 -46206.9 12.1497 
71484 0.0464754 0.0306551 -46070.1 12.3164 
72450 0.0657778 0.0269009 -46932.5 12.4808 
73416 0.0767789 0.0729888 -46594.5 12.6478 
74382 0.0623031 0.0579241 -46024.2 12.8148 
75348 0.0746238 -0.0558609 -46171.8 12.9805 
76314 0.0704786 -0.05174 -45922.9 13.1462 
77280 0.0526924 -0.0130946 -45675.6 13.3131 
78246 0.0522433 0.023738 -45489.2 13.4807 
79212 0.0301961 -0.0165925 -45733.3 13.6459 
80178 0.0380755 -0.0294267 -44853 13.8139 
81144 0.0310605 -0.00926977 -45043.5 13.9793 
82110 0.065827 -0.0130616 -45043.3 14.1459 
83076 0.0631268 0.0265355 -44090 14.3105 
84042 0.0449834 -0.0335137 -44425 14.4768 
85008 0.0332294 -0.0077048 -44158.5 14.6444 
85974 0.0284641 0.0238385 -43447.6 14.8118 
86940 0.0785527 -0.0536659 -44488.7 14.9778 
87906 0.0850611 0.039354 -45566.3 15.1423 
88872 0.048187 -0.0278995 -44565.5 15.3095 
89838 0.0429873 -0.0427321 -44035.1 15.4765 
90804 0.0388554 0.0337003 -43911.9 15.6439 
91770 0.0338109 -0.0296591 -43339.9 15.8086 
92736 0.0439787 0.0341548 -44746.7 15.9753 
93702 0.0516421 -0.0324174 -43788.6 16.1424 
94668 0.0495164 0.000187802 -44688.8 16.3082 
95634 0.0664255 -0.0488943 -45812.7 16.4739 
96600 0.0452855 0.0115877 -44634.4 16.6407 
97566 0.0259406 0.00363403 -44799.3 16.8078 
98532 0.0403876 0.029643 -44554.9 16.9729 
99498 0.0959366 0.0864247 -44135.3 17.1409 
100464 0.076843 0.0295721 -45001.7 17.3069 
101430 0.0507021 0.00321079 -45335.2 17.4752 
102396 0.0916327 0.0193295 -46139.5 17.6402 
103362 0.0458956 0.0369468 -45836.8 17.8073 
104328 0.0556272 0.0418445 -45564.8 17.9738 
105294 0.0732952 0.0674743 -46354.8 18.1414 
106260 0.0460843 0.030103 -45506.9 18.3081 
107226 0.0401402 -0.000284758 -45796.8 18.4717 
108192 0.0201815 0.0152128 -45486.7 18.6391 
109158 0.0505097 0.0281167 -44897.3 18.8055 
110124 0.0213306 0.0167444 -44192.5 18.9734 
111090 0.0526231 0.0237774 -44223.6 19.1378 
112056 0.0499778 0.00764832 -44498.9 19.304 
113022 0.0138221 -0.0018178 -43857.3 19.4713 
113988 0.0435889 -0.0391288 -44207.3 19.6367 
114954 0.0781618 0.0705218 -43561 19.8029 
115920 0.0212226 -0.0130565 -44681.1 19.9701 
116886 0.088273 -0.0234328 -45956.5 20.137 
117852 0.0411227 -0.0178956 -45576.2 20.3026 
118818 0.0315365 -0.0224989 -45886.4 20.4691 
119784 0.0537909 -0.0196054 -46217.8 20.6365 
120750 0.038313 0.00457965 -44506.8 20.8031 
121716 0.0210312 0.00704762 -46222 20.9686 
122682 0.0440286 -0.0159124 -45646.9 21.1363 
123648 0.0125607 0.00455534 -44913.1 21.3036 
124614 0.0285823 -0.0268549 -45189.6 21.468 
125580 0.0243942 -0.0228775 -45397.1 21.6371 
126546 0.0397986 -0.0232252 -45295.3 21.8019 
127512 0.0430579 0.0154983 -45527.3 21.9693 
128478 0.0352715 0.0303138 -46148.4 22.1338 
129444 0.0504864 -0.0299629 -45520.1 22.3019 
130410 0.0434762 0.003524 -46124.2 22.4691 
131376 0.0586234 0.0382977 -46765 22.6359 
132342 0.0313533 -0.0188502 -45993.5 22.8018 
133308 0.0487021 0.0181323 -45987.1 22.9665 
134274 0.0329751 -0.0297105 -46362.4 23.134 
135240 0.0309482 -0.00668503 -46234.9 23.3 
136206 0.0948116 0.0387794 -46366.9 23.4662 
137172 0.101686 -0.0450552 -45273.2 23.6306 
138138 0.0352725 0.00991914 -44529.6 23.7971 
139104 0.0313103 0.0131309 -45282.7 23.9641 
140070 0.0462613 -0.0145449 -45076.6 24.1284 
141036 0.0300319 -0.00868127 -43938.2 24.2949 
142002 0.0671787 -0.0389455 -44657.2 24.4615 
142968 0.0176722 -0.0135046 -42783.4 24.6279 
143934 0.0257959 -0.0234334 -43137.3 24.7929 
144900 0.0519469 -0.0203766 -43565.4 24.9587 
145866 0.0525446 -0.0312187 -44725.5 25.1245 
146832 0.06212 -0.000998899 -44225.1 25.2905 
147798 0.0316553 0.016568 -44243.5 25.4554 
148764 0.0217878 -0.0150268 -45379.7 25.622 
149730 0.0415777 -0.00306505 -45344.2 25.7895 
150696 0.0135541 0.0133714 -45269.3 25.9551 
151662 0.0318491 0.029628 -45771.8 26.1213 
152628 0.0179568 -0.00708554 -46068.2 26.2856 
153594 0.0383637 -0.03141 -46044 26.453 
154560 0.0669709 -0.0373873 -44925.9 26.6182 
155526 0.0997096 0.0225171 -44735.8 26.7858 
156492 0.0322116 -0.0028325 -45256.9 26.9496 
157458 0.0462834 -0.00809249 -45468 27.1171 
158424 0.0505349 -0.00841399 -45129.7 27.2832 
159390 0.0427293 -0.0141837 -44919.5 27.4462 
160356 0.00774019 0.00472293 -45309.3 27.6141 
161322 0.0553474 0.0143604 -45173.1 27.7805 
162288 0.0653926 0.0138897 -44563.6 27.9469 
163254 0.0714319 0.0367168 -43254.6 28.1123 
164220 0.0661598 0.00592067 -43523.9 28.2791 
165186 0.0527576 0.0323911 -43540.1 28.4456 
166152 0.039856 0.0193773 -43840.4 28.6109 
167118 0.0470539 0.020931 -44166.8 28.7775 
168084 0.0690087 -0.0399369 -43694.8 28.9443 
169050 0.0616093 -0.047361 -43191.4 29.1111 
170016 0.0773156 -0.0347421 -44592.4 29.2757 
170982 0.0481888 -0.0220309 -44095.3 29.4432 
171948 0.0289849 -0.0216992 -44448.1 29.6097 
172914 0.014737 -0.0101635 -44075.3 29.7771 
173880 0.0338903 -0.00405119 -44041.7 29.9422 
174846 0.051213 0.0126155 -44110.3 30.1093 
175812 0.0262103 0.00559318 -44170.6 30.2745 
176778 0.0417851 -0.036184 -44511.8 30.4405 
177744 0.0476593 0.00590786 -45631.9 30.6076 
178710 0.0772535 0.0293322 -44912.4 30.772 
179676 0.0655383 -0.022179 -45345.2 30.9386 
180642 0.0443526 0.0294381 -44692.1 31.105 
181608 0.0459918 -0.0385604 -44712.1 31.2723 
182574 0.0440006 -0.0289536 -44747.5 31.4373 
183540 0.029564 -0.00820643 -44889.7 31.6031 
184506 0.0486986 0.0319175 -45479.6 31.7703 
185472 0.0373901 0.0368048 -44538.4 31.9347 
186438 0.042381 0.0423415 -44848.8 32.1025 
187404 0.0142815 0.0112427 -45254.8 32.2685 
188370 0.0171577 0.00612108 -45144.2 32.4349 
189336 0.0230654 0.0188426 -43562.4 32.5987 
190302 0.0460875 0.0159635 -44039.9 32.7655 
191268 0.0408635 0.0305718 -43989.2 32.9323 
192234 0.0228983 -0.00289372 -43374.7 33.0978 
193200 0.0266166 0.00439211 -43445.2 33.2639 
194166 0.0679896 0.0142004 -44540.9 33.4305 
195132 0.0320468 0.00814321 -45129 33.5953 
196098 0.0657936 0.0287422 -43654.5 33.7601 
197064 0.0304436 0.0242112 -44422.5 33.9276 
198030 0.0161255 -0.00427873 -44325.2 34.0924 
198996 0.0615625 -0.00738402 -43422.3 34.2591 
199962 0.0178362 -0.00862452 -44556.3 34.4232 
200928 0.0274157 -0.0213142 -43311.1 34.5899 
201894 0.0153705 -0.0124296 -44731.4 34.7571 
202860 0.0634526 0.0447003 -43995.9 34.9219 
203826 0.0961926 0.0528974 -45573.9 35.0903 
204792 0.0257124 0.0164838 -45057.3 35.2552 
205758 0.0415959 0.0142611 -44932.7 35.4225 
206724 0.0547877 -0.0443782 -45416.6 35.5863 
207690 0.0417826 -0.00769321 -45295 35.7533 
208656 0.074645 -0.0723473 -45729.6 35.9203 
209622 0.0531856 -0.0374579 -46028.3 36.0848 
210588 0.0633546 -0.062504 -45677.8 36.2536 
211554 0.00733342 0.0061107 -44570.3 36.4178 
212520 0.0301339 -0.0294094 -45333.3 36.5843 
213486 0.0864561 -0.0669049 -45242.8 36.7488 
214452 0.0615992 0.041488 -45175.5 36.9167 
215418 0.0626027 -0.0139734 -45280 37.0837 
216384 0.0301443 -0.017366 -45596.8 37.2509 
217350 0.0334432 0.0277837 -44885.4 37.4167 
218316 0.0605361 -0.0328533 -44625 37.5811 
219282 0.0496135 -0.0396216 -44250.9 37.7486 
220248 0.025009 -0.00923919 -44574.7 37.9157 
221214 0.0308718 0.028081 -44159.8 38.0818 
222180 0.0344415 0.0195237 -43558 38.2466 
223146 0.0414832 -0.020391 -43566.3 38.4137 
224112 0.0726454 -0.0678608 -44525 38.5801 
225078 0.054931 -0.0526667 -44186 38.7451 
226044 0.0503154 -0.0383523 -44510.8 38.9126 
227010 0.0456422 -0.020433 -45409.6 39.0793 
227976 0.0262768 0.00514503 -45039.6 39.2462 
228942 0.0347053 -0.0174537 -44522.2 39.4114 
229908 0.0280053 0.012252 -44523.9 39.5791 
230874 0.0893146 -0.0719375 -45218.1 39.7448 
231840 0.056949 0.0562594 -44579.1 39.9121 
232806 0.0443573 -0.00994509 -44031 40.0766 
233772 0.0328141 -0.0279582 -45007.7 40.2434 
234738 0.0236824 -0.0189757 -45498.8 40.4106 
235704 0.0257738 -0.0177117 -46570.7 40.5779 
236670 0.0615628 -0.00385777 -45192.8 40.7437 
237636 0.0509515 -0.016963 -44845.3 40.9092 
238602 0.0793901 0.0414446 -45356 41.0766 
239568 0.0749056 0.0522339 -45100 41.2425 
240534 0.0602661 0.0517158 -44178.1 41.4097 
241500 0.0497687 0.0296719 -44593.2 41.5765 
242466 0.0782587 -0.012649 -45363 41.7745 
243432 0.0620118 0.0548778 -44428.9 41.9702 
244398 0.0322143 0.0213034 -44169.8 42.1434 
245364 0.0573388 0.0253221 -43907.4 42.3091 
246330 0.0349136 0.0295366 -44206.9 42.4747 
247296 0.0372273 -0.0251603 -43886.9 42.6415 
248262 0.0335648 -0.000405431 -43481.8 42.8094 
249228 0.038609 -0.00969989 -44040.4 42.973 
250194 0.0490388 -0.0136563 -44854 43.1398 
251160 0.0929155 -0.044621 -44551.5 43.3069 
252126 0.0929891 -0.0184144 -46171 43.4735 
253092 0.0873751 -0.0337123 -45393.8 43.6381 
254058 0.10749 -0.0499187 -46097.2 43.8054 
255024 0.0705126 -0.0246345 -46515.2 43.9737 
255990 0.0267923 -0.0162717 -46533.2 44.1394 
256956 0.0324078 -0.00965433 -45502.3 44.3081 
257922 0.0537724 0.0050336 -46220.5 44.4743 
258888 0.0331234 0.0123992 -46353.4 44.6412 
259854 0.0246323 0.0112385 -45142.7 44.8075 
260820 0.0646891 0.0640367 -44421.1 44.9758 
261786 0.0470045 0.0403124 -43652.1 45.1412 
262752 0.0328418 0.0224969 -45274.6 45.3084 
263718 0.0550647 0.0503231 -44083.4 45.4751 
264684 0.0160204 0.00734676 -44005.4 45.6404 
265650 0.0362473 8.17339e-05 -43748 45.8082 
266616 0.0345898 0.0113193 -44514.6 45.9756 
267582 0.0280556 -0.0198857 -45022.8 46.1426 
268548 0.0300504 -0.000239274 -43873.6 46.3079 
269514 0.0359885 0.000512371 -44059.6 46.4756 
270480 0.0384359 -0.029227 -43783.5 46.6437 
271446 0.0472841 0.0095832 -44671.9 46.8102 
272412 0.0453541 0.0103552 -45341.1 46.9779 
273378 0.0504418 -0.0271564 -44707.4 47.1442 
274344 0.0752226 -0.053556 -45327.6 47.3099 
275310 0.0853117 -0.0404432 -45283.7 47.4759 
276276 0.0429599 -0.0404115 -45300.9 47.6406 
277242 0.0141628 0.00123994 -44984.9 47.8078 
278208 0.0185242 -0.0171479 -43477.9 47.9753 
279174 0.0607407 -0.047323 -44207.9 48.1404 
280140 0.0541503 -0.00415865 -44223.4 48.3063 
281106 0.0572298 0.0341706 -44250.3 48.4738 
282072 0.0858896 0.0286551 -44948.5 48.6413 
283038 0.102444 0.0252569 -44676.1 48.8065 
284004 0.0856977 0.0287369 -46534.2 48.9739 
284970 0.0712981 0.0547319 -46187.7 49.1418 
285936 0.113615 0.0542774 -45050.9 49.3079 
286902 0.0353292 0.0302761 -45074.7 49.4776 
287868 0.0381463 -0.00808799 -44834.8 49.6435 
288834 0.0419991 -0.0146177 -44583.2 49.8104 
289800 0.0407261 -0.00375934 -45841.4 49.9751 
290766 0.0333958 0.0216689 -45187.5 50.1423 
291732 0.0560999 -0.0251461 -44500.5 50.3095 
292698 0.0621092 -0.0513802 -44833.4 50.4765 
293664 0.0988766 -0.0512585 -45661.2 50.6429 
294630 0.040928 0.00705296 -46823.3 50.8079 
295596 0.0240206 0.0066551 -45858.7 50.9752 
296562 0.0422342 -0.0411983 -45505.9 51.1422 
297528 0.0345356 -0.00729872 -46147.1 51.3099 
298494 0.0567701 0.0445591 -47068.6 51.4748 
299460 0.0631892 0.0617447 -46983 51.6426 
300426 0.0283678 0.00605932 -45453.5 51.8091 
301392 0.0478026 -0.00207608 -43589.4 51.974 
302358 0.0707859 -0.0606029 -44181.5 52.1422 
303324 0.0657763 -0.0162532 -43607 52.3093 
304290 0.0360494 0.00548161 -43742 52.4726 
305256 0.0259898 0.00139153 -45375.1 52.6409 
306222 0.075936 -0.0506981 -46098.3 52.8064 
307188 0.0780272 -0.0649254 -47058.9 52.9749 
308154 0.0685437 0.0185136 -47736.2 53.141 
309120 0.118598 -0.0161125 -45939.4 53.3109 
310086 0.0747128 0.0238886 -45350.5 53.4765 
311052 0.0174407 -0.012137 -45608.1 53.6449 
312018 0.0596051 0.0194658 -46452.6 53.8119 
312984 0.0995212 -0.00968369 -45641.5 53.9769 
313950 0.0608396 0.0279542 -45137.9 54.1438 
314916 0.0242359 -0.00296479 -44817.4 54.3101 
315882 0.0160156 -0.00469055 -44640.2 54.478 
316848 0.0415475 0.00648391 -44750.2 54.6431 
317814 0.0363507 0.021323 -44715.6 54.8102 
318780 0.0203894 -0.0199326 -46027.2 54.9777 
319746 0.0202649 0.0116533 -45008 55.1424 
320712 0.0611771 0.0236288 -45968.9 55.3098 
321678 0.0737325 -0.00447126 -45537.7 55.4775 
322644 0.0594449 0.0203164 -45478.2 55.6455 
323610 0.0811427 -0.0576288 -46265 55.8114 
324576 0.0181944 -0.00679603 -45461.1 55.9785 
325542 0.0365877 -0.0322806 -44651 56.1459 
326508 0.0553178 -0.0386288 -45412.4 56.3129 
327474 0.0330029 0.00468772 -45580.6 56.4781 
328440 0.0475197 0.0131705 -44659.7 56.6462 
329406 0.0804857 -0.0519363 -45529.8 56.8145 
330372 0.065662 -0.0518324 -45459.2 56.9816 
331338 0.066797 -0.0405434 -44598.3 57.1505 
332304 0.0254314 0.00579881 -43950.7 57.316 
333270 0.0782067 -0.0758543 -44117.7 57.4837 
334236 0.058496 -0.0107486 -44240.5 57.6521 
335202 0.0430181 0.00960676 -45196.6 57.8179 
336168 0.0790826 0.0109886 -44884.3 57.9866 
337134 0.0622747 0.0567819 -43915.3 58.1526 
338100 0.0500418 0.0381486 -44649.4 58.3212 
339066 0.0511129 0.0148568 -44375.7 58.4867 
340032 0.0499621 -0.00953474 -45367.5 58.6565 
340998 0.0173976 0.000703804 -44636.9 58.8212 
341964 0.0650209 0.00154866 -44714.2 58.9885 
342930 0.0949328 -0.0106598 -43909.9 59.1554 
343896 0.0621399 0.00594293 -42983 59.3202 
344862 0.066254 0.00286882 -43596.3 59.488 
345828 0.0698625 0.0140487 -43055.9 59.6551 
346794 0.0964528 0.0253546 -43961.8 59.8225 
347760 0.0465916 0.0113236 -42637.5 59.9898 
348726 0.0702304 0.0440567 -43468.4 60.1548 
349692 0.0444528 0.0247089 -42231.6 60.3216 
350658 0.0799386 -0.04374 -42926.1 60.4881 
351624 0.0474881 -0.022776 -42414.3 60.6557 
352590 0.0482462 -0.0113223 -42646.5 60.8205 
353556 0.0330453 -0.0148738 -44199.7 60.988 
354522 0.0223155 -0.0080708 -44662 61.1557 
355488 0.0301147 -0.0177951 -44678.1 61.3217 
356454 0.0476101 0.0229442 -45036.5 61.49 
357420 0.0221785 0.0164618 -43454.8 61.6575 
358386 0.0462726 0.021347 -43206.2 61.8258 
359352 0.0527972 0.0195165 -42475 61.9929 
360318 0.0601443 -0.0436267 -43366.1 62.1609 
361284 0.0571893 0.0102318 -43772.7 62.3272 
362250 0.0715661 -0.0292834 -43975.5 62.4959 
363216 0.0323727 -0.0195166 -43764 62.6644 
364182 0.0112063 -0.00843368 -43349.5 62.8294 
365148 0.039193 0.0337991 -43591.5 62.9973 
366114 0.0176519 0.00616559 -43304.8 63.1648 
367080 0.078006 -0.00351068 -43011.4 63.3336 
368046 0.0813473 -0.0658357 -43553.2 63.499 
369012 0.0638387 -0.0280168 -44942.7 63.6673 
369978 0.0643148 0.0185976 -44284.2 63.8363 
370944 0.0642001 0.00275111 -44940 64.0029 
371910 0.0623221 0.01482 -44856.9 64.1687 
372876 0.0626247 0.0408469 -44662.1 64.3364 
373842 0.0412808 0.0391692 -44234.4 64.5045 
374808 0.0251094 2.08068e-05 -44624.3 64.6712 
375774 0.0425845 0.0295279 -45915.2 64.8396 
376740 0.0238343 0.00213403 -45068.8 65.0055 
377706 0.0764531 -0.0202602 -45088.7 65.1735 
378672 0.0455429 -0.0107737 -45572.3 65.34 
379638 0.055407 0.00806323 -45055.6 65.5091 
380604 0.0119984 0.00619582 -45120.2 65.6741 
381570 0.0335083 0.0113317 -44394.5 65.8426 
382536 0.0399734 -0.0307912 -44519.1 66.0105 
383502 0.0344377 -0.0276209 -44749.7 66.1762 
384468 0.0549382 -0.039287 -45149.4 66.3438 
385434 0.0456509 0.0124425 -44734.4 66.5109 
386400 0.0137769 0.0114609 -44794.2 66.6798 
387366 0.0331242 0.0209255 -45014.3 66.8453 
388332 0.0375539 -0.0253042 -45309.6 67.0127 
389298 0.0466781 -0.0188594 -45554.5 67.1817 
390264 0.0352427 -0.0201486 -45942.6 67.3474 
391230 0.0316 0.0249983 -44702.6 67.5139 
392196 0.0232848 -0.0176296 -44176 67.6816 
393162 0.0366414 0.0247816 -45069 67.8511 
394128 0.0297592 -0.0048106 -44265.9 68.0178 
395094 0.0477261 -0.0468769 -44583.5 68.1873 
396060 0.0600979 -0.0199863 -45131.4 68.3541 
397026 0.069354 0.00696835 -44140.2 68.5225 
397992 0.0227046 0.00456672 -45558.8 68.6879 
398958 0.041535 -8.14358e-05 -46281.1 68.8565 
399924 0.0858481 -0.0152259 -46016.2 69.0237 
400890 0.0324696 -0.0109013 -45703.7 69.1922 
401856 0.0312444 0.0163743 -44629.2 69.3595 
402822 0.0277818 -0.0236636 -44125.8 69.5265 
403788 0.0130019 -0.0110611 -43902.4 69.6946 
404754 0.0222491 -0.00385089 -44256.9 69.862 
405720 0.0484363 0.0228131 -44471.4 70.0307 
406686 0.0158065 0.00735245 -43491.8 70.1972 
407652 0.0275489 0.0236371 -43817.4 70.3659 
408618 0.0154535 0.0133886 -43319.6 70.534 
409584 0.0313027 -0.029321 -44324.9 70.7003 
410550 0.0351897 -0.0254043 -43517 70.8686 
411516 0.036672 0.0159799 -43855 71.0354 
412482 0.0361595 0.0300438 -43670.7 71.2036 
413448 0.079614 0.0487879 -43207.9 71.3709 
414414 0.0827785 0.0382331 -44343.9 71.5413 
415380 0.071256 0.00549326 -44699.1 71.7068 
416346 0.0863904 0.00151547 -45383.5 71.8764 
417312 0.070022 0.0194459 -45369.1 72.0438 
418278 0.0674994 0.00125782 -45414.6 72.2139 
419244 0.0431212 0.0292961 -45919.6 72.3798 
420210 0.0585786 0.021262 -45090.1 72.5481 
421176 0.0658489 -0.0223068 -45524.2 72.717 
422142 0.093858 0.0339382 -45800.3 72.883 
423108 0.0713685 -0.00773788 -45257.4 73.0517 
424074 0.087642 -0.0149691 -45708.3 73.2199 
425040 0.023697 -0.0186377 -45384.1 73.3886 
426006 0.0735239 -0.0701388 -44798.7 73.5564 
426972 0.0553563 -0.0468237 -44424.3 73.727 
427938 0.0775168 -0.0768017 -43951.1 73.8939 
428904 0.035882 -0.0288299 -45027.7 74.0628 
429870 0.0375719 -0.014291 -45655.1 74.2302 
430836 0.0500595 -0.0393799 -45333.5 74.3974 
431802 0.01199 0.00342892 -45012.2 74.563 
432768 0.048957 0.0468858 -44581.7 74.7303 
433734 0.0448029 0.043215 -43468.4 74.8985 
434700 0.0604784 0.0224104 -45331 75.0643 
435666 0.0468482 0.0303169 -45374.8 75.2317 
436632 0.072256 0.0657376 -45067.7 75.3992 
437598 0.0389526 -0.0338171 -44716.1 75.5656 
438564 0.0445919 -0.0111173 -44806.6 75.732 
439530 0.0184302 -0.0116382 -44543.3 75.9006 
440496 0.0895899 0.0199667 -45338.3 76.0666 
441462 0.0189346 0.00452303 -45706.5 76.2346 
442428 0.0533012 0.0246627 -46140 76.3998 
443394 0.0385564 -0.0369377 -45913.4 76.5687 
444360 0.0715207 0.00986112 -45760.4 76.7345 
445326 0.091686 -0.0659375 -44846.9 76.9025 
446292 0.0331805 -0.0246021 -44440.5 77.0698 
447258 0.039316 -0.0223747 -43861 77.2362 
448224 0.0351423 -0.0214785 -44134.6 77.4032 
449190 0.0342646 5.53888e-05 -43432.9 77.5706 
450156 0.0860572 0.0462669 -43250.4 77.7387 
451122 0.0928879 0.0107034 -43884.2 77.9049 
452088 0.0570604 -0.0281347 -44214.3 78.0721 
453054 0.0434426 -0.0241415 -45595.7 78.241 
454020 0.0172461 -0.00387702 -45524.8 78.4068 
454986 0.055668 0.0257937 -47321.2 78.5721 
455952 0.0221767 0.0107496 -46429.5 78.7391 
456918 0.0610037 0.0525144 -46325.9 78.9069 
457884 0.0406868 0.031472 -45703.5 79.074 
458850 0.0762082 0.00852012 -44897.2 79.2419 
459816 0.075704 -0.00997545 -45287.7 79.4068 
460782 0.0890634 -0.0542157 -44604.3 79.575 
461748 0.0408057 -0.0214528 -44773.2 79.7408 
462714 0.0283224 0.0232144 -43965.9 79.9089 
463680 0.0586655 0.0354632 -45496.5 80.0747 
464646 0.0564675 -0.024476 -45904.2 80.2437 
465612 0.0936726 0.0546447 -47141.3 80.4121 
466578 0.10207 0.0844587 -45601.2 80.5774 
467544 0.0432069 0.0384637 -46067 80.7457 
468510 0.0475805 0.036155 -45376.9 80.9123 
469476 0.0369352 0.0335794 -45028 81.0795 
470442 0.0231548 -0.000104954 -45885.7 81.2447 
471408 0.0454941 0.0181729 -45157.9 81.4114 
472374 0.0504369 0.0393569 -44759.5 81.5786 
473340 0.0182416 -0.0160267 -44426.7 81.7435 
474306 0.0847874 0.0342011 -45011 81.9118 
475272 0.0429801 0.0184244 -45362.6 82.0783 
476238 0.0401607 -0.0293347 -45322.1 82.2457 
477204 0.0726642 0.0605419 -45692.8 82.4118 
478170 0.0145287 0.00985201 -44005.5 82.5799 
479136 0.0279454 0.0179893 -44215.3 82.7485 
480102 0.0571449 0.0379003 -45702 82.9146 
481068 0.0330786 0.00422806 -45353.2 83.0828 
482034 0.0372576 0.0181032 -45784.8 83.2501 
483000 0.0314047 0.0103132 -45659.3 83.4187 
483966 0.0345081 -0.000504372 -46345.7 83.5847 
484932 0.0404682 1.87571e-05 -45553.5 83.7543 
485898 0.0376337 0.0248287 -45552 83.9206 
486864 0.038248 0.0212906 -45399.9 84.0896 
487830 0.021746 0.0070422 -43966.2 84.2559 
488796 0.0319102 0.0163907 -44633.5 84.4258 
489762 0.0192788 -0.000762699 -45391.4 84.5917 
490728 0.0227205 0.00135323 -44586.2 84.7588 
491694 0.050725 -0.0265309 -44990.9 84.9253 
492660 0.0128915 -0.00422878 -44280.2 85.0909 
493626 0.029994 0.0147951 -43773.3 85.2589 
494592 0.0646225 0.0223095 -43373.8 85.4258 
495558 0.0364444 0.0214696 -43535.3 85.593 
496524 0.0752053 0.0685084 -45299 85.7585 
497490 0.0485089 -0.00103654 -45815.7 85.9256 
498456 0.0352909 0.00152276 -46556.1 86.0923 
499422 0.0410363 0.0132551 -46015.7 86.2576 
500388 0.0504496 0.0208781 -47065.1 86.4243 
501354 0.0411073 0.00139956 -46129.5 86.5915 
502320 0.0897007 0.0466856 -45835.7 86.7601 
503286 0.0703252 0.0296183 -46192.1 86.926 
504252 0.0533413 -0.00126484 -44912.9 87.095 
505218 0.0590995 0.0147601 -44391.9 87.26 
506184 0.0163087 -0.00115376 -44895.1 87.4272 
507150 0.078453 -0.00420362 -46139.8 87.5935 
508116 0.0378495 -0.0174741 -46110.7 87.7614 
509082 0.0265682 -0.0180327 -45070.6 87.9269 
510048 0.0283928 0.018916 -45177.7 88.0944 
511014 0.0793177 0.0499345 -46752.3 88.2622 
511980 0.0509995 0.0467043 -45319.6 88.4276 
512946 0.0406085 0.013085 -45152.4 88.5953 
513912 0.0211463 0.0137792 -43970.2 88.7626 
514878 0.0384877 0.0263192 -45134.9 88.9304 
515844 0.02462 0.0130154 -44823.1 89.0976 
516810 0.0446555 0.0373827 -44098.6 89.265 
517776 0.0494942 -0.0180172 -45152.4 89.4327 
518742 0.0528183 -0.00907639 -45322.2 89.6001 
519708 0.0531381 -0.032974 -45323.3 89.7662 
520674 0.0479365 -0.00641007 -44401.2 89.9344 
521640 0.0224257 -0.00760502 -44087.3 90.1019 
522606 0.0874898 -0.081487 -43876 90.2695 
523572 0.0555974 0.00708402 -42337 90.4374 
524538 0.0522443 -0.0203188 -43181 90.6032 
525504 0.0416374 0.0189827 -43857 90.7705 
526470 0.0402369 0.0364527 -45237.3 90.9377 
527436 0.0409107 0.0335244 -43265.4 91.1049 
528402 0.031457 0.0244026 -43983.2 91.2706 
529368 0.0383587 0.030188 -43316.1 91.4384 
530334 0.0640669 0.0559759 -43255.4 91.6067 
531300 0.0471795 0.0397466 -43976.7 91.773 
532266 0.0213302 -0.00508401 -43537.2 91.9391 
533232 0.0355662 0.00989552 -44671.7 92.1069 
534198 0.0418145 -0.0168543 -44519.3 92.2755 
535164 0.0401851 -0.0137647 -44134 92.4417 
536130 0.0334324 0.0319495 -44167.1 92.609 
537096 0.0227133 -0.02172 -44114.8 92.777 
538062 0.0653086 -0.0257808 -43219.2 92.9439 
539028 0.0585901 -0.0247544 -43621.8 93.1095 
539994 0.0671729 0.0439625 -43181.9 93.2774 
540960 0.0695794 0.0309826 -43253.9 93.4466 
541926 0.0626669 0.00312495 -43261.5 93.6129 
542892 0.0531291 0.0381189 -42366.2 93.7821 
543858 0.0548313 -0.0082568 -42271.3 93.948 
544824 0.0352187 -0.000489369 -43628 94.1168 
545790 0.0325336 0.0129204 -44961.6 94.2822 
546756 0.0574756 -0.0130374 -45512.9 94.4519 
547722 0.00826463 -0.0067323 -45490 94.6185 
548688 0.0542508 -0.047733 -45871.4 94.7869 
549654 0.0278552 -0.00550468 -44800 94.955 
550620 0.0589867 0.0337644 -45133.9 95.1214 
551586 0.0486899 -0.0145958 -45467.8 95.2897 
552552 0.107941 -0.0447922 -46648.7 95.4571 
553518 0.0780636 -0.0119156 -46193.6 95.6249 
554484 0.0320437 0.0316579 -45624.7 95.7916 
555450 0.054567 0.0125257 -45448.8 95.9601 
556416 0.0711323 -0.0592616 -44554 96.1289 
557382 0.0793506 -0.0727587 -44945 96.2974 
558348 0.0377987 -0.0270817 -45096.3 96.4638 
559314 0.0720376 -0.0301383 -45920.1 96.6316 
560280 0.0811555 -0.0378327 -45368.8 96.8003 
561246 0.0587331 -0.00734775 -44248.9 96.9695 
562212 0.0411932 0.0163093 -45269.9 97.1366 
563178 0.0476749 0.0403274 -45091.1 97.3024 
564144 0.0797961 -0.017296 -46498.2 97.4719 
565110 0.102445 -0.00494021 -45045.4 97.6382 
566076 0.0436066 -0.00883762 -45607 97.8056 
567042 0.0248821 -0.0149905 -46498.4 97.9705 
568008 0.0564717 0.0422216 -47166.7 98.1386 
568974 0.057868 -0.0361773 -46005.6 98.3058 
569940 0.0736265 -0.0296709 -44855.9 98.4712 
570906 0.0477064 0.0236161 -45205 98.6387 
571872 0.0322114 -0.00149938 -44259.4 98.8054 
572838 0.0571853 -0.023907 -44885.6 98.9735 
573804 0.0477227 -0.0196878 -45147.4 99.1387 
574770 0.0492405 0.0428022 -45653 99.3062 
575736 0.0587169 0.0180636 -45659.8 99.474 
576702 0.0924534 -0.0172233 -45396 99.6403 
577668 0.0212163 -0.00811112 -45693.6 99.8071 
578634 0.0521123 0.0273239 -46131.1 99.9748 
579600 0.024322 -0.0220826 -46755.1 100.143 
580566 0.0370163 0.0144828 -45047.7 100.308 
581532 0.052687 -0.0408444 -44754.8 100.478 
582498 0.0609169 -0.0534111 -44437.8 100.645 
583464 0.0701998 -0.062206 -44567.4 100.812 
584430 0.0771272 -0.0294989 -45365.2 100.979 
585396 0.0757883 -0.0583546 -45206.3 101.147 
586362 0.0405949 0.0265868 -46049.1 101.314 
587328 0.0631756 0.0551844 -45887.7 101.482 
588294 0.0254511 0.0118014 -45948.9 101.65 
589260 0.034221 -0.0142629 -45252.4 101.815 
590226 0.047987 0.020905 -44920.8 101.984 
591192 0.0338421 -0.026685 -45482.7 102.15 
592158 0.0360738 -0.00130783 -45518.6 102.317 
593124 0.00689427 0.00501895 -45538.5 102.482 
594090 0.0919373 -0.0610676 -45607.5 102.65 
595056 0.0511138 -0.0197896 -45965.3 102.817 
596022 0.0904405 -0.0137478 -46061.2 102.983 
596988 0.0603331 0.0572601 -45453.6 103.15 
597954 0.0373861 0.00955073 -44744.7 103.317 
598920 0.0495781 0.00902255 -42943.2 103.485 
599886 0.0486769 0.0206637 -44290.9 103.649 
600852 0.0221422 0.0179475 -44154.5 103.819 
601818 0.0500365 0.00934128 -43176.5 103.984 
602784 0.124323 0.0606283 -44555.8 104.151 
603750 0.0493055 -0.039457 -44350 104.316 
604716 0.0643619 0.00513626 -44687.4 104.485 
605682 0.0332071 -0.00296073 -44406.9 104.652 
606648 0.0182812 0.0150161 -43424.2 104.819 
607614 0.014602 0.0105585 -42903.1 104.986 
608580 0.0553188 -0.0158453 -43460.3 105.151 
609546 0.0498542 -0.0219434 -43189.5 105.32 
610512 0.0410914 0.00408146 -44143.2 105.486 
611478 0.043467 0.00215364 -44437.1 105.654 
612444 0.0383644 -0.00479657 -44834.3 105.82 
613410 0.0359064 -0.00222209 -44843.7 105.987 
614376 0.0846392 -0.00152304 -44900.1 106.155 
615342 0.036735 -0.029884 -44348.9 106.322 
616308 0.0882472 -0.0827441 -44827.1 106.488 
617274 0.0855832 -0.0580072 -45440.8 106.655 
618240 0.0749965 -0.0640906 -44429.2 106.823 
619206 0.0439774 -0.0309374 -44316 106.989 
620172 0.0544386 0.0343403 -43859.5 107.157 
621138 0.0670882 -0.0154135 -43278.9 107.324 
622104 0.072172 -0.0380565 -44347.5 107.492 
623070 0.0370874 -0.000861502 -44337.5 107.658 
624036 0.0500415 0.0188041 -44940 107.827 
625002 0.0443657 -0.0150417 -45846.6 107.993 
625968 0.0434941 -0.0385104 -46708.9 108.161 
626934 0.0461558 0.0021684 -47148.7 108.33 
627900 0.0325356 -0.0310839 -44460.9 108.496 
628866 0.058393 -0.0558751 -44889.1 108.665 
629832 0.0985251 -0.0229453 -45452.7 108.832 
630798 0.0349845 0.0079484 -45941.1 109.001 
631764 0.056545 -0.0134235 -44528.9 109.167 
632730 0.0464765 -0.0263396 -45548 109.334 
633696 0.058628 -0.00658852 -46563.4 109.502 
634662 0.0899908 0.0806126 -45858.6 109.668 
635628 0.0596217 0.0460291 -45352 109.836 
636594 0.0822734 0.0267976 -45163.2 110.004 
637560 0.0615008 -0.0292926 -45578.4 110.172 
638526 0.0569878 -0.0435628 -44549.6 110.338 
639492 0.0897841 -0.0821164 -44799.6 110.507 
640458 0.0804486 -0.0207279 -45233.7 110.674 
641424 0.0828403 -0.0609056 -45763.8 110.842 
642390 0.0874437 -0.0323854 -46164.5 111.008 
643356 0.0165894 -0.00966575 -46429.6 111.175 
644322 0.0466405 -0.0327978 -44900.6 111.344 
645288 0.0516682 -0.0326858 -45378.6 111.511 
646254 0.0370381 0.00655655 -45510 111.68 
647220 0.0296697 0.00615124 -46180.9 111.847 
648186 0.0233015 0.0103432 -45803.6 112.016 
649152 0.0738133 0.00289813 -46162 112.182 
650118 0.0832594 0.0303928 -45632 112.351 
651084 0.0662453 0.0136817 -45224.2 112.518 
652050 0.0382594 0.00644792 -44932.9 112.685 
653016 0.0328215 -0.0220936 -46527 112.853 
653982 0.0603821 0.0599726 -45113.6 113.02 
654948 0.0473241 -0.00548771 -44296.1 113.187 
655914 0.047335 -0.008141 -45608.7 113.355 
656880 0.0660306 -0.0510328 -44731.6 113.523 
657846 0.0164745 -0.00622102 -42815.4 113.689 
658812 0.0350671 0.0278172 -42035.5 113.858 
659778 0.0119251 -0.00185507 -42652.8 114.026 
660744 0.0667617 -0.00850628 -43348.7 114.195 
661710 0.0712283 0.0266566 -44672.3 114.361 
662676 0.0762844 -0.0259553 -44408.3 114.531 
663642 0.0419046 0.00250026 -45504.4 114.698 
664608 0.092992 0.0442724 -45069.4 114.867 
665574 0.0116896 1.07319e-05 -45337 115.035 
666540 0.0319545 -0.0119762 -45481.9 115.2 
667506 0.0336711 0.028572 -47089 115.37 
668472 0.105335 0.0374872 -46546 115.538 
669438 0.0816844 0.0582294 -46078.2 115.707 
670404 0.0455175 0.00717973 -45909.9 115.874 
671370 0.0676422 0.00877063 -45429.8 116.042 
672336 0.0410947 0.0401606 -44077.6 116.213 
673302 0.0685433 -0.045144 -44877.3 116.38 
674268 0.0486686 -0.00942764 -44777.4 116.547 
675234 0.0481477 -0.0461781 -43869 116.715 
676200 0.00706019 -0.00355072 -44170.2 116.883 
677166 0.0461641 -0.0192922 -44987.1 117.05 
678132 0.0533937 0.0284676 -43956.4 117.219 
679098 0.0245278 -0.019464 -44127.7 117.387 
680064 0.0398161 -0.030826 -43165.2 117.556 
681030 0.031171 -0.0113998 -43627.5 117.724 
681996 0.0551 -0.0501327 -43949.8 117.893 
682962 0.0646495 0.0155572 -45378.4 118.06 
683928 0.044618 -0.0349026 -45263.9 118.227 
684894 0.0580016 -0.0155952 -45176.3 118.395 
685860 0.0239956 0.0142814 -45407.1 118.56 
686826 0.05675 -0.00044983 -44466.5 118.727 
687792 0.0371798 0.0253046 -45121.4 118.894 
688758 0.0658594 0.0228745 -44128.6 119.062 
689724 0.0773262 0.0305605 -45922.5 119.226 
690690 0.0753661 0.0528393 -44670.5 119.394 
691656 0.075252 0.0107993 -45310.7 119.562 
692622 0.0539417 -0.0472375 -45349.3 119.727 
693588 0.0509233 -0.0356373 -44835.2 119.894 
694554 0.0429173 0.0176635 -44734.2 120.063 
695520 0.0317264 -0.0194319 -44258 120.23 
696486 0.062089 -0.0295834 -44040.4 120.395 
697452 0.0331267 0.0326175 -43434.8 120.563 
698418 0.073148 0.0249435 -43948.1 120.73 
699384 0.0693717 0.0160806 -42625.8 120.897 
700350 0.0590141 -0.053154 -44591 121.064 
701316 0.02966 -0.0258901 -44688.1 121.232 
702282 0.0321853 0.000833006 -44959.4 121.401 
703248 0.066072 0.0235194 -44626.7 121.567 
704214 0.0354583 -0.0339744 -45090 121.735 
705180 0.0265714 -0.00184387 -44411.5 121.902 
706146 0.011224 -0.00464731 -43082.8 122.069 
707112 0.054494 -0.049024 -42935 122.235 
708078 0.0411523 -0.0196068 -43249.9 122.403 
709044 0.0276821 -0.000295633 -43341.4 122.57 
710010 0.0502597 -0.0161458 -42898.5 122.736 
710976 0.0720995 -0.0618249 -43030.4 122.904 
711942 0.0197692 -0.0045426 -41870.5 123.07 
712908 0.0661652 -0.0518262 -42810.4 123.237 
713874 0.0761375 -0.0113015 -43392.4 123.403 
714840 0.0690497 0.0141443 -43333.8 123.572 
715806 0.0642645 -0.00506878 -45123.8 123.739 
716772 0.070639 0.0395779 -45482.7 123.907 
717738 0.0541317 -0.019489 -44058.9 124.076 
718704 0.035134 -0.0263691 -44076.8 124.242 
719670 0.083603 0.0750028 -43242 124.409 
720636 0.0293969 -0.0113705 -44723.3 124.575 
721602 0.0457975 0.0114887 -44674.6 124.744 
722568 0.0255951 -0.024905 -44212.7 124.91 
723534 0.0131106 -0.00098503 -43655 125.078 
724500 0.0393264 -0.0258414 -43708.8 125.246 
725466 0.0431862 -0.0298147 -44543.7 125.412 
726432 0.0628408 -0.0482282 -45748.1 125.581 
727398 0.0662947 0.0302134 -45232.8 125.749 
728364 0.0948693 -0.00995914 -45601.9 125.918 
729330 0.116282 -0.0429479 -46411 126.084 
730296 0.083461 0.0200006 -45536.2 126.252 
731262 0.0617877 -0.0265254 -46337.5 126.421 
732228 0.0491059 0.00835916 -45629.3 126.589 
733194 0.0980439 0.0541512 -45258.7 126.756 
734160 0.0840404 0.0261632 -45840.7 126.925 
735126 0.093485 0.0408455 -45900.8 127.093 
736092 0.039129 0.00310318 -46473.4 127.26 
737058 0.0916852 -0.0314961 -44531.3 127.429 
738024 0.0231696 -0.0136569 -44640.8 127.596 
738990 0.0255707 -0.0125084 -44277.7 127.764 
739956 0.0619632 0.0264161 -43365.8 127.931 
740922 0.0506808 -0.034091 -44827.3 128.099 
741888 0.0194323 -0.0138921 -43917.9 128.268 
742854 0.034434 -0.00623652 -43591.4 128.437 
743820 0.0432053 -0.0347117 -43990.6 128.605 
744786 0.0475497 0.023277 -44247.6 128.771 
745752 0.0379361 -0.0260404 -44424.5 128.939 
746718 0.0551414 0.00335283 -45926.6 129.108 
747684 0.0630895 0.0297306 -46677.3 129.276 
748650 0.0461441 -0.00137819 -46086.9 129.442 
749616 0.0464027 0.00114871 -45268.8 129.611 
750582 0.0729934 -0.0055621 -44894.9 129.779 
751548 0.0810338 -0.00639342 -46497 129.947 
752514 0.04215 0.00738615 -45916.8 130.111 
753480 0.0414751 0.039755 -45504.9 130.28 
754446 0.0423236 0.0186528 -46143.6 130.447 
755412 0.0258831 -0.00518536 -45157.6 130.615 
756378 0.0754973 0.063666 -43722.1 130.783 
757344 0.0186929 0.00565937 -44889.3 130.948 
758310 0.0598985 0.0217732 -45600.8 131.116 
759276 0.0309529 -0.0184129 -45143.7 131.282 
760242 0.0295901 -0.0291587 -44749.7 131.45 
761208 0.0363987 0.00862958 -45363.5 131.616 
762174 0.0529728 -0.0496906 -45310.4 131.784 
763140 0.0851901 -0.0786361 -44654 131.952 
764106 0.0549961 -0.0357151 -44784.3 132.118 
765072 0.043524 -0.0381081 -44542.4 132.286 
766038 0.0528572 0.0181786 -45886.9 132.453 
767004 0.053585 -0.00784561 -44632.4 132.621 
767970 0.0357482 -0.0226058 -44068.5 132.786 
768936 0.0619631 0.00277958 -44014.5 132.954 
769902 0.0572022 0.0064253 -44008.2 133.121 
770868 0.0344921 -0.0256185 -43017.3 133.288 
771834 0.0319465 -0.0180529 -43176.2 133.454 
772800 0.0494052 -0.00273031 -44171.3 133.622 
773766 0.0127016 -0.000580838 -43945.7 133.789 
774732 0.0200531 -0.00695859 -45378.8 133.956 
775698 0.0405223 -0.0288465 -44832.9 134.124 
776664 0.0226089 -0.00660628 -44560.9 134.29 
777630 0.0315053 -0.0126267 -44066.2 134.458 
778596 0.0226481 -0.00787979 -44788.4 134.624 
779562 0.0592597 0.0507114 -44150 134.793 
780528 0.0279274 -0.00374348 -44437.7 134.959 
781494 0.0740368 -0.0196277 -43014.7 135.127 
782460 0.0596343 -0.0319723 -43405.5 135.296 
783426 0.0517081 -0.00554913 -42850.4 135.462 
784392 0.0560014 0.0383879 -44620.8 135.63 
785358 0.0511663 0.0167631 -45320.7 135.798 
786324 0.0731122 -0.0341667 -44798.8 135.965 
787290 0.0376279 -0.0225559 -45374.8 136.13 
788256 0.0262282 0.00719737 -45389.7 136.299 
789222 0.0863757 -0.0274381 -45393.2 136.466 
790188 0.0820651 0.00308147 -44152.9 136.631 
791154 0.0652808 0.0221753 -43577.6 136.8 
792120 0.0798686 0.0676679 -44124.3 136.964 
793086 0.0183969 -0.00818381 -44170.5 137.133 
794052 0.065992 0.0534641 -45281.5 137.299 
795018 0.0588108 0.0482507 -44862.8 137.466 
795984 0.0675367 0.0167816 -45137.3 137.634 
796950 0.0435596 -0.00298903 -45591.3 137.799 
797916 0.0432648 0.00154675 -44353.3 137.969 
798882 0.0452996 0.0320724 -44450.6 138.136 
799848 0.0555523 0.0533683 -43892.3 138.304 
800814 0.0515319 0.0456598 -44625.5 138.47 
801780 0.0875842 0.00549933 -44757.9 138.637 
802746 0.0346449 -0.0221854 -44755.3 138.804 
803712 0.0298252 -0.0256481 -44176.7 138.97 
804678 0.0153746 0.00721045 -43662.7 139.138 
805644 0.0727976 0.0229191 -43990.1 139.306 
806610 0.0404885 -0.0134731 -44074.4 139.474 
807576 0.030473 -0.00424082 -44582.2 139.639 
808542 0.0610065 -0.0269076 -44568.9 139.807 
809508 0.0380769 -0.0198901 -45435.3 139.975 
810474 0.0701602 -0.0652396 -45798.3 140.14 
811440 0.0486847 -0.0426062 -45010.7 140.307 
812406 0.0381783 0.00503479 -44446.7 140.475 
813372 0.0258398 -0.00968913 -45199 140.643 
814338 0.0186422 -0.0152427 -44813.1 140.808 
815304 0.0564333 0.00385467 -44368.4 140.976 
816270 0.0450377 -0.0255908 -44111.5 141.143 
817236 0.0302571 -0.0145927 -44948.7 141.312 
818202 0.0631022 -0.050985 -44348.7 141.477 
819168 0.0283909 0.0114297 -44957.7 141.646 
820134 0.0430625 0.000320228 -44012.7 141.814 
821100 0.075098 -0.0472898 -43399.9 141.982 
822066 0.0733811 -0.036014 -44395.8 142.15 
823032 0.0622911 0.051029 -44183 142.317 
823998 0.0505428 0.0337593 -44987.2 142.485 
824964 0.076639 -0.0254838 -45525.5 142.653 
825930 0.0441592 -0.0193206 -45031.1 142.822 
826896 0.0240309 0.0154679 -44909.6 142.988 
827862 0.0437347 0.0201541 -44503.2 143.155 
828828 0.0588347 -0.0322445 -44202.5 143.324 
829794 0.0386554 0.00204129 -44839.1 143.49 
830760 0.0547913 -0.045 -45278.9 143.658 
831726 0.0561846 -0.0364909 -45430.2 143.826 
832692 0.0655645 0.0636792 -45477.9 143.995 
833658 0.0442856 0.0145698 -44554 144.161 
834624 0.0310553 -0.00930524 -44551.6 144.329 
835590 0.0220127 -0.0085848 -45444.6 144.498 
836556 0.0734098 0.00177792 -46775.9 144.665 
837522 0.0410665 0.0198027 -44937 144.833 
838488 0.0473095 -0.0328818 -44510 145.001 
839454 0.0959118 -0.00831741 -45041 145.171 
840420 0.0580397 0.0295295 -45535.5 145.339 
841386 0.083442 0.062608 -45281.3 145.507 
842352 0.0357856 0.00436984 -45841.9 145.674 
843318 0.0418595 0.00420296 -46467.5 145.843 
844284 0.0719047 -0.0616847 -47637.7 146.01 
845250 0.051998 -0.0507501 -46113.9 146.178 
846216 0.0134878 -0.000906004 -45045.8 146.345 
847182 0.0305676 -0.0137575 -44312.9 146.512 
848148 0.00901535 0.00601623 -44330.5 146.679 
849114 0.0369982 0.0149954 -45366.7 146.844 
850080 0.0818804 0.0160243 -43931.5 147.012 
851046 0.0190938 -0.0100204 -43531.2 147.18 
852012 0.059602 0.0323293 -44791.3 147.347 
852978 0.10102 0.0636851 -44649.2 147.513 
853944 0.0623054 0.0607356 -44599.4 147.681 
854910 0.0524274 0.0417589 -44274.5 147.848 
855876 0.0820249 0.0698828 -44694.3 148.014 
856842 0.0502124 0.0145638 -44683.2 148.182 
857808 0.0385491 0.00465418 -44981 148.348 
858774 0.0424063 -0.00353832 -44635 148.516 
859740 0.0547379 -0.00625417 -43247.1 148.682 
860706 0.0757344 0.0482745 -43308 148.849 
861672 0.0140548 -0.0105437 -44925.6 149.017 
862638 0.0507977 0.0414756 -44594.6 149.183 
863604 0.0250644 0.00260861 -43747.8 149.351 
864570 0.0570605 -0.0405682 -44095.4 149.516 
865536 0.0643015 -0.039852 -43907 149.684 
866502 0.0625261 -0.0536202 -44683.7 149.851 
867468 0.0325624 0.00862863 -45268.7 150.02 
868434 0.084739 0.0680695 -45158.7 150.189 
869400 0.0614956 0.0540337 -43852.6 150.355 
870366 0.0474127 -0.0081188 -44073.8 150.524 
871332 0.0682501 0.0494851 -45242.7 150.689 
872298 0.0531913 0.0185819 -45996.6 150.857 
873264 0.083461 0.018691 -46446.4 151.024 
874230 0.076808 0.0142981 -46685.6 151.191 
875196 0.0850247 0.0295765 -45545.5 151.359 
876162 0.0631184 0.0102181 -45402.8 151.524 
877128 0.0513632 0.0377225 -46028.2 151.693 
878094 0.066964 0.0201528 -45141.6 151.86 
879060 0.041604 0.0135688 -44106.3 152.028 
880026 0.0496499 -0.0325819 -44631 152.195 
880992 0.0594669 0.0159544 -45652.6 152.361 
881958 0.0614344 -0.0118751 -45761.8 152.529 
882924 0.0441741 0.0426611 -45656.8 152.696 
883890 0.0367345 0.0314032 -44290.9 152.864 
884856 0.0399575 -0.0102906 -44104.8 153.032 
885822 0.0360653 0.0231891 -43586.3 153.2 
886788 0.0583047 0.00190642 -44748.8 153.366 
887754 0.035623 -0.0165128 -46067.1 153.535 
888720 0.103244 -0.0257573 -46449.7 153.702 
889686 0.0934705 -0.0088027 -46236.6 153.871 
890652 0.107085 -0.0746058 -45637 154.038 
891618 0.070176 0.0387628 -45721.2 154.206 
892584 0.0630529 0.0414084 -45330.6 154.374 
893550 0.0451756 -0.00480618 -45760.5 154.541 
894516 0.0561566 -0.048982 -44543.4 154.71 
895482 0.0591541 0.0167824 -45683.1 154.877 
896448 0.0228811 0.00693377 -45090.7 155.045 
897414 0.0842685 -0.00479484 -44430.6 155.211 
898380 0.0945345 -0.0186256 -45588.4 155.379 
899346 0.0585584 0.0176486 -45329.9 155.547 
900312 0.0373001 0.0368026 -44287.3 155.715 
901278 0.0240745 -0.0235708 -44405.4 155.883 
902244 0.0474516 0.0084044 -43935.3 156.049 
903210 0.063029 -0.0103205 -43900.3 156.218 
904176 0.0195962 -0.00335903 -45318.9 156.386 
905142 0.055682 -0.00657434 -45047.7 156.554 
906108 0.0332034 0.0166705 -44314.9 156.72 
907074 0.0622866 0.0261677 -44822.5 156.889 
908040 0.0918228 0.0450667 -44481.4 157.058 
909006 0.0450138 -0.00462798 -44714.3 157.226 
909972 0.0408098 -0.00621429 -43681.1 157.394 
910938 0.0331231 -0.00787631 -43675.4 157.562 
911904 0.00878139 -0.00847196 -44496.3 157.73 
912870 0.0547412 0.00505515 -45391 157.895 
913836 0.0305858 0.0182783 -44327.5 158.063 
914802 0.0120557 0.00570193 -44348 158.23 
915768 0.0465589 -0.0344114 -43176.8 158.397 
916734 0.0575621 -0.0564821 -43932.8 158.562 
917700 0.0330392 -0.0171003 -43552.4 158.729 
918666 0.0364998 0.0141003 -43530.8 158.896 
919632 0.0626885 0.0518127 -44929.3 159.061 
920598 0.0370577 0.00643467 -44372.1 159.231 
921564 0.0362991 -0.0197803 -43777.5 159.396 
922530 0.0156476 0.0124836 -44141.5 159.563 
923496 0.0599509 -0.000441285 -45079.4 159.728 
924462 0.0611404 -0.0335726 -45323.3 159.898 
925428 0.0328704 0.0215936 -44458 160.063 
926394 0.0447604 0.0075806 -45382.8 160.23 
927360 0.0475709 0.00427819 -45283.8 160.398 
928326 0.0736002 0.00218358 -45088.6 160.565 
929292 0.0507044 -0.00440444 -46393.7 160.733 
930258 0.0483449 -0.018438 -45785.9 160.9 
931224 0.0129622 0.00442704 -46139.2 161.068 
932190 0.072689 -0.00678054 -46006.6 161.233 
933156 0.127985 -0.062007 -46574.9 161.402 
934122 0.0651725 -0.00950865 -44865.5 161.57 
935088 0.0938833 0.0448764 -45458.4 161.736 
936054 0.0556213 0.00927144 -45874.4 161.904 
937020 0.10875 0.0497543 -45261 162.071 
937986 0.0499479 0.0220402 -45189.4 162.239 
938952 0.0879049 -0.00546223 -46995.5 162.405 
939918 0.0768205 0.0360422 -45892.3 162.573 
940884 0.0494522 -0.0392956 -46714.7 162.741 
941850 0.0356259 -0.0327797 -45809 162.907 
942816 0.0469967 0.0160012 -47055.3 163.075 
943782 0.0634814 -0.0114232 -45927.7 163.243 
944748 0.0356388 0.0105352 -45136.9 163.411 
945714 0.0664749 -0.00108155 -45613.2 163.577 
946680 0.0348497 0.0243724 -46881.6 163.746 
947646 0.0313197 -0.0269954 -45778.5 163.914 
948612 0.0747349 -0.0618434 -45476 164.08 
949578 0.10968 -0.102252 -45073 164.248 
950544 0.0605028 -0.0461032 -45827.2 164.416 
951510 0.0238212 -0.0195233 -45903.4 164.585 
952476 0.0429498 -0.013932 -44824.3 164.751 
953442 0.0438534 0.0369133 -43480.3 164.919 
954408 0.0564309 0.046008 -45016 165.089 
955374 0.057334 -0.0368519 -45175.5 165.255 
956340 0.0357729 -0.00696076 -45298.7 165.424 
957306 0.0384724 -0.0223036 -45317.4 165.591 
958272 0.0507621 -0.00215268 -44999.2 165.76 
959238 0.0383348 0.016624 -44177.8 165.926 
960204 0.0200366 0.00960622 -45225.6 166.096 
961170 0.0260964 0.0151103 -45395.2 166.264 
962136 0.0426653 -0.0289302 -45538.7 166.432 
963102 0.021075 0.00315226 -46408 166.598 
964068 0.089604 0.0446261 -46959 166.766 
965034 0.0348013 0.0288021 -46339.1 166.935 
966000 0.0621132 0.0277365 -45954.9 167.102 
